I,II,III,aVR,aVL,aVF,V1,V2,V3,V4,V5,V6
-0.21722,13.332,16.363,-3.6543,-8.6226,14.575,34.647,53.011,35.095,10.796,-4.7107,-10.773
-3.0599,11.39,17.27,-1.7198,-11.301,14.818,35.639,52.1,29.197,6.47,-4.2108,-10.31
-6.3377,8.2736,17.439,1.0728,-13.64,14.021,36.1,51.499,24.241,2.7434,-4.004,-9.7422
-10.084,3.2289,16.148,5.1574,-15.189,11.374,35.693,51.337,20.874,-0.012381,-4.3183,-9.008
-13.939,-3.5394,13.243,10.254,-15.709,6.8509,34.224,51.399,19.217,-1.8421,-5.3418,-8.2253
-17.196,-10.84,9.2065,15.393,-15.191,1.2566,31.686,51.23,18.835,-3.1595,-7.1301,-7.6335
-19.01,-16.899,4.9704,19.243,-13.801,-4.0523,28.295,50.354,18.89,-4.514,-9.5222,-7.4433
-18.72,-20.114,1.4735,20.671,-11.774,-7.758,24.546,48.53,18.502,-6.2469,-12.095,-7.6749
-16.146,-19.818,-0.79723,19.274,-9.3117,-9.1913,21.161,45.887,17.201,-8.2218,-14.208,-8.1183
-11.735,-16.515,-1.897,15.548,-6.6101,-8.5134,18.839,42.844,15.138,-9.8456,-15.214,-8.487
-6.4779,-11.395,-2.0256,10.574,-4.0318,-6.3212,17.881,39.859,12.93,-10.412,-14.767,-8.6411
-3.2014,-6.3532,1.3242,7.8096,-2.8321,-2.1145,12.452,26.62,11.65,-4.0319,-7.3944,-7.9966
-2.3425,-5.9794,1.731,7.4849,-2.7801,-1.7523,12.01,25.309,10.606,-4.1005,-7.1184,-7.948
-1.959,-5.6602,2.2525,7.2547,-3.026,-1.3777,11.68,24.1,9.8452,-4.042,-6.7888,-7.8996
-2.0651,-5.4402,2.8073,7.1345,-3.5265,-1.0499,11.416,22.967,9.2642,-3.9179,-6.4466,-7.8483
-2.5658,-5.317,3.3124,7.0978,-4.1766,-0.80846,11.178,21.87,8.7195,-3.7924,-6.1277,-7.7848
-3.2919,-5.2591,3.6816,7.0965,-4.8331,-0.67604,10.948,20.776,8.0807,-3.712,-5.8556,-7.6932
-4.0564,-5.2389,3.8374,7.0917,-5.3448,-0.66374,10.739,19.679,7.2819,-3.6915,-5.6363,-7.5557
-4.7071,-5.2603,3.7284,7.0807,-5.5865,-0.7781,10.586,18.599,6.3416,-3.7159,-5.4603,-7.3599
-5.1517,-5.3549,3.3432,7.1025,-5.4925,-1.0224,10.522,17.573,5.3391,-3.7558,-5.3123,-7.1054
-5.359,-5.5554,2.7197,7.2079,-5.0772,-1.39,10.555,16.631,4.3657,-3.7884,-5.1829,-6.8056
-5.3396,-5.8701,1.95,7.4174,-4.4323,-1.8508,10.659,15.791,3.4819,-3.81,-5.0758,-6.482
-5.1202,-6.2634,1.173,7.6972,-3.6973,-2.3378,10.786,15.06,2.7012,-3.8372,-5.0029,-6.1548
-4.733,-6.649,0.54776,7.9674,-3.0148,-2.7503,10.874,14.428,1.9987,-3.8963,-4.9738,-5.8357
-4.2257,-6.9157,0.20847,8.1347,-2.4935,-2.9859,10.868,13.879,1.3344,-4.0078,-4.9861,-5.5229
-3.6714,-6.977,0.21808,8.1328,-2.2006,-2.9839,10.729,13.384,0.67925,-4.1722,-5.0243,-5.2026
-3.1659,-6.8132,0.54836,7.9526,-2.174,-2.7509,10.443,12.913,0.028654,-4.3686,-5.0667,-4.8566
-2.8147,-6.4839,1.1004,7.651,-2.4224,-2.3586,10.018,12.436,-0.60232,-4.5625,-5.0927,-4.475
-2.718,-6.1116,1.7445,7.3374,-2.9055,-1.9235,9.469,11.926,-1.1946,-4.7192,-5.0883,-4.0654
-2.9432,-5.8429,2.3482,7.1372,-3.5298,-1.5731,8.8102,11.363,-1.738,-4.8145,-5.0457,-3.6522
-3.4791,-5.7973,2.7871,7.1421,-4.1623,-1.41,8.0568,10.737,-2.2347,-4.8385,-4.9621,-3.2653
-4.2035,-6.0198,2.9609,7.3686,-4.6499,-1.4824,7.2299,10.05,-2.6942,-4.7936,-4.8357,-2.924
-4.8996,-6.4609,2.8184,7.745,-4.8528,-1.7744,6.3566,9.3203,-3.1262,-4.6895,-4.6629,-2.6263
-5.3244,-6.9996,2.371,8.1416,-4.6832,-2.2197,5.4657,8.5712,-3.5341,-4.5392,-4.4382,-2.3506
-5.3039,-7.5015,1.6809,8.4282,-4.1316,-2.732,4.5826,7.8239,-3.9116,-4.3549,-4.1567,-2.0675
-4.8097,-7.8812,0.83601,8.5333,-3.2729,-3.2405,3.7265,7.0919,-4.2417,-4.1452,-3.8202,-1.7551
-3.9744,-8.1382,-0.070202,8.4751,-2.2516,-3.715,2.9093,6.3822,-4.5019,-3.9123,-3.4413,-1.4075
-3.0497,-8.3456,-0.95045,8.3481,-1.2487,-4.1687,2.1379,5.6992,-4.6749,-3.6545,-3.0456,-1.0346
-2.3262,-8.5984,-1.7318,8.27,-0.43804,-4.6309,1.4158,5.0472,-4.7589,-3.3722,-2.6685,-0.65596
-2.0307,-8.9525,-2.3583,8.3196,0.055121,-5.1042,0.74288,4.4313,-4.7691,-3.0728,-2.3463,-0.29189
-2.2434,-9.3885,-2.7875,8.5008,0.18133,-5.5428,0.11487,3.8576,-4.7289,-2.7712,-2.1022,0.044524
-2.8734,-9.8189,-2.9934,8.7407,-0.026381,-5.8721,-0.47619,3.33,-4.6579,-2.4852,-1.9355,0.35075
-3.6928,-10.127,-2.9791,8.9215,-0.4662,-6.028,-1.0398,2.8446,-4.5681,-2.2295,-1.8218,0.63141
-4.4041,-10.213,-2.7838,8.9295,-0.9968,-5.9815,-1.585,2.3849,-4.4698,-2.0129,-1.7239,0.89056
-4.7301,-10.026,-2.4767,8.6976,-1.4725,-5.7444,-2.1186,1.9235,-4.3789,-1.839,-1.608,1.1247
-4.5067,-9.5768,-2.1436,8.2246,-1.7722,-5.3645,-2.6433,1.4303,-4.319,-1.708,-1.4557,1.3209
-3.7329,-8.936,-1.8704,7.5687,-1.821,-4.9165,-3.1575,0.88352,-4.3167,-1.6198,-1.2691,1.4595
-2.5517,-8.2104,-1.7253,6.8214,-1.6015,-4.4866,-3.6555,0.27751,-4.3916,-1.576,-1.0678,1.5203
-1.1731,-7.5131,-1.7462,6.0781,-1.15,-4.153,-4.1276,-0.37446,-4.5456,-1.5797,-0.87776,1.4892
0.20312,-6.9322,-1.9351,5.4166,-0.53631,-3.9663,-4.5604,-1.0427,-4.7579,-1.6329,-0.71894,1.3638
1.4217,-6.5106,-2.2596,4.8831,0.15744,-3.9386,-4.94,-1.6898,-4.9908,-1.7328,-0.59918,1.1542
2.3783,-6.2393,-2.6618,4.4861,0.84972,-4.0419,-5.2632,-2.2849,-5.2089,-1.8733,-0.5191,0.87487
3.0311,-6.066,-3.0734,4.1962,1.4683,-4.2198,-5.5506,-2.82,-5.3989,-2.0493,-0.48188,0.53374
3.4237,-5.9186,-3.4329,3.9582,1.9628,-4.4065,-5.8493,-3.3177,-5.578,-2.262,-0.49806,0.12637
3.6643,-5.7354,-3.6996,3.7134,2.3131,-4.5484,-6.2202,-3.8239,-5.7853,-2.5172,-0.58228,-0.36032
3.8524,-5.4919,-3.8573,3.4259,2.5228,-4.6183,-6.7152,-4.3884,-6.0618,-2.8196,-0.747,-0.93687
4.0296,-5.2074,-3.9115,3.0999,2.6046,-4.6185,-7.3592,-5.0436,-6.4307,-3.1666,-0.99869,-1.5999
4.1773,-4.9282,-3.881,2.7752,2.573,-4.5712,-8.1442,-5.7924,-6.8883,-3.5475,-1.3378,-2.3279
4.2404,-4.7024,-3.7892,2.5025,2.4421,-4.504,-9.0359,-6.6111,-7.407,-3.9458,-1.7597,-3.0872
4.1659,-4.5624,-3.6575,2.3196,2.2285,-4.4395,-9.9869,-7.4598,-7.946,-4.3436,-2.2546,-3.8428
3.9388,-4.5192,-3.5027,2.2394,1.9551,-4.3903,-10.947,-8.2962,-8.4628,-4.7243,-2.8073,-4.5684
3.5966,-4.5615,-3.3344,2.2503,1.6526,-4.3565,-11.87,-9.0876,-8.9244,-5.0739,-3.398,-5.2489
3.2173,-4.6586,-3.1558,2.3205,1.3558,-4.3253,-12.72,-9.8203,-9.3142,-5.3817,-4.0054,-5.8785
2.8954,-4.7652,-2.9657,2.4073,1.0987,-4.2752,-13.475,-10.506,-9.6337,-5.6404,-4.607,-6.4575
2.7141,-4.8339,-2.7674,2.4665,0.91063,-4.1852,-14.135,-11.177,-9.8978,-5.8442,-5.1778,-6.9884
2.7242,-4.8331,-2.5771,2.4634,0.81416,-4.0499,-14.714,-11.878,-10.123,-5.9838,-5.6879,-7.4723
2.9294,-4.7671,-2.4284,2.3878,0.8226,-3.8901,-15.229,-12.636,-10.319,-6.0429,-6.1024,-7.9042
3.2821,-4.6827,-2.3661,2.2658,0.93749,-3.7535,-15.692,-13.444,-10.482,-5.9981,-6.3845,-8.2703
3.6923,-4.6539,-2.4355,2.1554,1.1476,-3.7001,-16.103,-14.254,-10.594,-5.8262,-6.4994,-8.5476
4.0552,-4.7494,-2.6676,2.1219,1.4314,-3.7805,-16.454,-14.989,-10.637,-5.5125,-6.4186,-8.708
4.2885,-4.999,-3.065,2.204,1.7617,-4.0167,-16.73,-15.572,-10.594,-5.0566,-6.1225,-8.7237
4.359,-5.3769,-3.5958,2.3918,2.109,-4.3921,-16.91,-15.949,-10.459,-4.4709,-5.6005,-8.5752
4.2862,-5.8095,-4.1968,2.6306,2.4419,-4.8559,-16.971,-16.105,-10.228,-3.7727,-4.8503,-8.2578
4.1264,-6.2039,-4.7865,2.8462,2.7276,-5.3374,-16.885,-16.063,-9.9046,-2.9745,-3.8768,-7.7836
3.9491,-6.4807,-5.2816,2.9772,2.9368,-5.7632,-16.63,-15.859,-9.4855,-2.0776,-2.692,-7.1749
3.8112,-6.5942,-5.6128,2.9927,3.0501,-6.071,-16.195,-15.523,-8.9653,-1.0752,-1.3146,-6.4506
3.7432,-6.5285,-5.7349,2.888,3.059,-6.215,-15.585,-15.063,-8.3354,0.039468,0.22795,-5.614
3.7588,-6.2744,-5.631,2.6597,2.9643,-6.164,-14.819,-14.474,-7.5891,1.263,1.8941,-4.6511
3.8828,-5.8028,-5.3107,2.2812,2.7774,-5.8963,-13.931,-13.754,-6.7252,2.5778,3.6255,-3.5396
4.1675,-5.0589,-4.8063,1.6964,2.5225,-5.3964,-12.959,-12.915,-5.7463,3.9569,5.355,-2.2624
4.6838,-3.9778,-4.1662,0.83308,2.2366,-4.6492,-11.942,-11.98,-4.6511,5.3795,7.0291,-0.81424
5.4983,-2.5007,-3.4399,-0.38381,1.9635,-3.6295,-10.903,-10.969,-3.4261,6.8514,8.6317,0.80017
6.6595,-0.57429,-2.6555,-2.0319,1.7423,-2.2904,-9.8497,-9.8939,-2.0445,8.4124,10.186,2.5679
8.1907,1.8629,-1.802,-4.1929,1.5957,-0.57083,-8.7744,-8.7567,-0.47479,10.12,11.732,4.4677
10.07,4.8896,-0.82875,-6.9285,1.5265,1.5537,-7.6676,-7.5504,1.3099,12.022,13.296,6.4713
12.195,8.5858,0.32919,-10.209,1.5191,4.0112,-6.5258,-6.2622,3.3232,14.127,14.881,8.5491
14.385,12.955,1.7048,-13.834,1.5419,6.696,-5.3561,-4.8761,5.5572,16.391,16.484,10.675
16.456,17.786,3.2757,-17.467,1.5495,9.6216,-4.1707,-3.3806,7.9737,18.727,18.096,12.829
18.335,22.652,4.9839,-20.814,1.4927,12.841,-2.9788,-1.7763,10.507,21.038,19.711,15.002
20.067,27.161,6.7507,-23.769,1.334,16.235,-1.7797,-0.077105,13.081,23.264,21.326,17.189
21.727,31.186,8.4874,-26.382,1.0622,19.573,-0.5635,1.695,15.637,25.406,22.942,19.381
23.363,34.855,10.131,-28.731,0.7018,22.723,0.67938,3.5153,18.146,27.516,24.564,21.535
25.003,38.364,11.666,-30.846,0.31302,25.695,1.9435,5.3587,20.606,29.678,26.203,23.575
26.692,41.769,13.077,-32.708,-0.016583,28.531,3.1949,7.1989,23.027,31.962,27.882,25.424
28.491,44.902,14.284,-34.288,-0.18928,31.155,4.3678,9.0033,25.416,34.387,29.624,27.044
30.43,47.51,15.125,-35.577,-0.11952,33.324,5.3733,10.724,27.764,36.881,31.444,28.439
32.439,49.472,15.417,-36.572,0.24708,34.778,6.1209,12.286,30.039,39.3,33.327,29.638
34.367,50.824,15.041,-37.272,0.92535,35.429,6.5439,13.589,32.187,41.487,35.212,30.675
36.118,51.62,14.03,-37.681,1.8933,35.393,6.6198,14.52,34.136,43.353,37.007,31.581
37.72,51.855,12.593,-37.83,3.0989,34.828,6.3769,14.983,35.815,44.903,38.622,32.382
39.287,51.532,11.026,-37.804,4.4616,33.763,5.88,14.934,37.162,46.209,40.003,33.097
40.932,50.776,9.555,-37.724,5.8765,32.19,5.1999,14.387,38.132,47.361,41.155,33.737
42.693,49.819,8.2758,-37.701,7.2421,30.341,4.3837,13.398,38.692,48.464,42.156,34.297
44.486,48.861,7.1802,-37.792,8.5065,28.568,3.437,12.042,38.809,49.619,43.157,34.75
46.117,47.978,6.1926,-37.973,9.6908,27.008,2.3232,10.387,38.438,50.84,44.254,35.056
47.352,47.124,5.1991,-38.155,10.869,25.525,0.98217,8.4835,37.529,51.893,45.274,35.169
47.971,46.153,4.0958,-38.212,12.132,23.838,-0.63167,6.3645,36.066,52.362,45.843,35.051
47.826,44.856,2.8574,-38.031,13.568,21.678,-2.5193,4.0522,34.085,51.867,45.667,34.668
46.901,43.025,1.5524,-37.562,15.235,18.993,-4.6415,1.5564,31.654,50.184,44.604,33.982
45.355,40.592,0.27106,-36.842,17.057,16.059,-6.9469,-1.1361,28.843,47.268,42.619,32.944
43.517,37.702,-0.93987,-35.994,18.714,13.276,-9.3914,-4.071,25.709,43.244,39.763,31.491
41.807,34.647,-2.0754,-35.173,19.886,10.929,-11.94,-7.3272,22.301,38.376,36.187,29.577
40.665,31.737,-3.1395,-34.514,20.659,9.1105,-14.556,-11.004,18.661,33.059,32.144,27.224
40.472,29.157,-4.1235,-34.089,21.377,7.7041,-17.183,-15.19,14.826,27.834,27.963,24.588
41.421,26.848,-5.0415,-33.895,22.377,6.4278,-19.73,-19.897,10.833,23.278,24.023,21.924
43.411,24.567,-5.9937,-33.862,23.962,4.9916,-22.078,-24.992,6.7337,19.767,20.675,19.449
46.028,22.049,-7.1356,-33.866,26.375,3.295,-24.12,-30.165,2.6231,17.317,18.085,17.209
48.632,19.154,-8.549,-33.758,29.606,1.4794,-25.79,-35.014,-1.3199,15.575,16.132,15.101
50.65,16.041,-10.16,-33.414,33.169,-0.22347,-27.069,-39.211,-4.8475,13.909,14.473,12.99
51.842,13.132,-11.766,-32.769,36.278,-1.6935,-27.97,-42.619,-7.7694,11.733,12.732,10.841
52.146,10.739,-13.095,-31.826,38.331,-2.9414,-28.53,-45.278,-10.067,9.0821,10.712,8.7191
51.456,8.868,-13.917,-30.615,39.147,-3.991,-28.8,-47.326,-11.856,6.5339,8.5191,6.7029
49.657,7.3904,-14.196,-29.12,38.757,-4.8056,-28.832,-48.92,-13.279,4.4977,6.4773,4.8529
46.756,6.1811,-13.98,-27.262,37.151,-5.3057,-28.675,-50.203,-14.451,3.0514,4.8723,3.2327
42.965,5.1213,-13.255,-24.996,34.299,-5.4386,-28.375,-51.285,-15.455,2.1203,3.8017,1.9
38.757,4.0895,-12.049,-22.39,30.382,-5.2338,-27.977,-52.253,-16.368,1.5628,3.2144,0.8662
34.632,2.9996,-10.524,-19.574,25.935,-4.8066,-27.527,-53.171,-17.264,1.1911,2.9654,0.072506
30.779,1.8261,-8.9331,-16.618,21.585,-4.3223,-27.055,-54.086,-18.208,0.80723,2.8525,-0.59198
27.123,0.58098,-7.5315,-13.518,17.671,-3.9519,-26.569,-55.025,-19.241,0.2603,2.6752,-1.2437
23.6,-0.72531,-6.501,-10.312,14.284,-3.8302,-26.04,-55.987,-20.365,-0.50569,2.3009,-1.9635
20.263,-2.0967,-5.9243,-7.154,11.481,-4.0227,-25.423,-56.946,-21.538,-1.4455,1.6999,-2.7763
17.177,-3.5272,-5.7798,-4.2359,9.2903,-4.5102,-24.676,-57.852,-22.687,-2.4508,0.93608,-3.6511
14.252,-4.967,-5.9435,-1.6759,7.6592,-5.1928,-23.783,-58.658,-23.737,-3.4084,0.12847,-4.5202
11.306,-6.321,-6.2263,0.48846,6.4378,-5.9168,-22.756,-59.344,-24.642,-4.2426,-0.6019,-5.3097
8.3937,-7.4849,-6.4342,2.2588,5.3751,-6.5235,-21.624,-59.932,-25.405,-4.9305,-1.1823,-5.9707
5.8309,-8.395,-6.4226,3.6591,4.3278,-6.9025,-20.426,-60.478,-26.07,-5.4955,-1.6173,-6.4924
3.7932,-9.0569,-6.1402,4.7394,3.3031,-7.0271,-19.209,-61.055,-26.701,-5.986,-1.9772,-6.8957
2.2164,-9.5427,-5.6438,5.5766,2.3394,-6.954,-18.023,-61.726,-27.343,-6.4416,-2.348,-7.2107
0.98583,-9.9607,-5.0684,6.264,1.4899,-6.7905,-16.902,-62.519,-28.004,-6.866,-2.7714,-7.4572
0.034227,-10.412,-4.5664,6.8918,0.82397,-6.646,-15.852,-63.43,-28.655,-7.2225,-3.2142,-7.6405
-0.6699,-10.95,-4.2485,7.5234,0.39787,-6.5921,-14.855,-64.427,-29.245,-7.4555,-3.5886,-7.761
-1.151,-11.56,-4.1545,8.1766,0.21986,-6.6477,-13.894,-65.471,-29.73,-7.5195,-3.8019,-7.816
-1.4423,-12.179,-4.2544,8.8246,0.24076,-6.7929,-12.97,-66.53,-30.087,-7.3981,-3.7958,-7.798
-1.5904,-12.733,-4.472,9.4222,0.37642,-6.9885,-12.101,-67.579,-30.318,-7.1062,-3.5597,-7.7002
-1.6549,-13.18,-4.7258,9.9425,0.54761,-7.1929,-11.307,-68.59,-30.451,-6.6862,-3.1277,-7.528
-1.7002,-13.532,-4.9695,10.397,0.70761,-7.3838,-10.602,-69.526,-30.532,-6.2034,-2.5695,-7.3022
-1.7835,-13.853,-5.2075,10.829,0.84306,-7.5763,-9.9773,-70.334,-30.615,-5.7379,-1.9793,-7.0552
-1.9467,-14.227,-5.4795,11.292,0.96045,-7.8158,-9.4145,-70.964,-30.755,-5.3646,-1.4558,-6.8249
-2.22,-14.717,-5.8242,11.817,1.0683,-8.1482,-8.894,-71.388,-30.996,-5.1272,-1.0726,-6.6466
-2.6279,-15.336,-6.2437,12.409,1.1595,-8.587,-8.4133,-71.607,-31.368,-5.022,-0.84943,-6.543
-3.1869,-16.044,-6.6889,13.036,1.2035,-9.1007,-7.9932,-71.66,-31.884,-5.0088,-0.74629,-6.5191
-3.8993,-16.766,-7.0742,13.656,1.1508,-9.6225,-7.6696,-71.612,-32.541,-5.0438,-0.6975,-6.5663
-4.7516,-17.418,-7.3077,14.226,0.94898,-10.071,-7.4801,-71.539,-33.327,-5.1084,-0.6656,-6.6712
-5.712,-17.931,-7.3197,14.716,0.56497,-10.37,-7.4517,-71.502,-34.216,-5.2184,-0.67249,-6.8248
-6.7185,-18.258,-7.0825,15.112,0.0069545,-10.468,-7.5951,-71.538,-35.172,-5.4111,-0.78712,-7.0218
-7.6642,-18.38,-6.6178,15.4,-0.66458,-10.348,-7.9022,-71.651,-36.149,-5.7201,-1.0836,-7.2528
-8.402,-18.299,-5.9952,15.565,-1.3444,-10.03,-8.347,-71.826,-37.098,-6.1504,-1.5977,-7.495
-8.7792,-18.04,-5.3171,15.59,-1.9078,-9.5684,-8.8946,-72.047,-37.976,-6.6675,-2.3056,-7.7118
-8.69,-17.64,-4.6955,15.461,-2.2453,-9.0381,-9.5155,-72.305,-38.75,-7.204,-3.1293,-7.8607
-8.1219,-17.151,-4.223,15.184,-2.2946,-8.5172,-10.196,-72.606,-39.394,-7.6769,-3.9572,-7.9026
-7.1718,-16.631,-3.9522,14.784,-2.0615,-8.0746,-10.933,-72.946,-39.876,-8.0062,-4.6706,-7.808
-6.0237,-16.141,-3.8906,14.305,-1.6203,-7.7595,-11.72,-73.297,-40.149,-8.1322,-5.1695,-7.5634
-4.9012,-15.733,-4.0141,13.801,-1.0874,-7.596,-12.531,-73.605,-40.17,-8.0324,-5.4007,-7.181
-4.0122,-15.454,-4.2893,13.332,-0.56417,-7.5839,-13.32,-73.809,-39.933,-7.7405,-5.3844,-6.7114
-3.4906,-15.334,-4.6993,12.954,-0.07171,-7.7038,-14.031,-73.874,-39.508,-7.3633,-5.2284,-6.2563
-3.3422,-15.388,-5.2672,12.717,0.47889,-7.9317,-14.607,-73.811,-39.065,-7.0775,-5.1166,-5.9673
-3.4421,-15.6,-6.0425,12.659,1.1799,-8.2583,-14.987,-73.665,-38.836,-7.0726,-5.2634,-6.0013
-3.6128,-15.913,-6.9959,12.781,1.953,-8.7099,-15.094,-73.437,-39.019,-7.4207,-5.7692,-6.4232
-3.6447,-16.206,-7.9905,13.021,2.7659,-9.3312,-14.817,-72.981,-39.653,-7.8885,-6.0526,-7.1177
-3.2786,-16.277,-9.0444,13.233,3.7954,-10.059,-14.01,-71.903,-40.517,-7.1436,-1.2596,-7.2153
-2.3403,-15.98,-10.429,13.204,5.1735,-10.736,-12.531,-69.534,-41.4,-4.2335,3.8469,-4.39
-0.90619,-15.623,-12.478,12.907,6.9741,-11.444,-10.492,-65.334,-42.151,-2.2861,7.3315,-1.4383
0.72542,-15.7,-15.424,12.699,9.4123,-12.441,-10.231,-61.501,-40.513,0.59397,10.713,0.50718
2.5155,-16.408,-19.298,12.556,12.919,-14.016,-21.725,-72.631,-29.161,6.7937,13.06,1.4065
6.6178,-17.662,-23.853,10.985,17.946,-16.773,-23.622,-75.561,-29.262,6.5954,12.262,0.65255
8.7944,-22.315,-28.541,8.4745,22.768,-22.433,-22.694,-77.246,-36.637,1.3858,5.7605,-4.1295
7.6525,-32.966,-32.643,13.603,25.081,-31.697,-20.762,-79.46,-50.265,-13.016,-9.9505,-14.748
2.8142,-47.958,-35.564,22.217,24.869,-42.459,-16.828,-80.559,-68.939,-40.392,-38.057,-33.661
-6.295,-64.411,-37.166,34.827,21.17,-53.415,-9.2239,-77.249,-88.362,-69.665,-69.324,-59.489
-18.588,-77.301,-38.528,48.87,15.17,-61.658,4.3943,-64.257,-100.94,-89.01,-94.228,-80.479
-28.25,-81.922,-43.742,56.657,9.6035,-64.212,27.811,-34.475,-95.743,-90.959,-104.76,-90.366
-27.62,-74.558,-45.867,52.749,7.7807,-59.14,66.677,20.555,-59.519,-65.775,-92.008,-86.195
-12.853,-52.565,-39.533,35.082,12.097,-45.237,121.25,109.36,17.318,-5.543,-49.462,-64.422
18.123,-14.5,-31.145,1.7993,23.677,-21.583,186.01,237.67,137.13,93.92,26.241,-23.009
66.558,40.153,-22.374,-49.111,43.507,11.685,260.25,403.27,299.95,234.2,136.23,38.249
132.02,111.09,-13.34,-118.34,72.257,52.839,336.57,595.2,503.75,413.48,279.71,118.92
213.76,197.24,-4.3368,-204.12,109.55,100.53,406.39,796.03,741.63,626.23,452.96,218.76
309.06,297.35,5.0227,-303.95,153.65,155.38,458.06,985.88,1000.2,864.3,650.53,336.83
412.81,410.08,16.921,-413.82,200.35,217.97,478.74,1144.9,1263.3,1117.4,865.58,471.35
517.86,533.64,35.595,-528.84,243.22,289.24,465.09,1258.3,1515.3,1373.2,1089.2,619.71
615.98,664.73,66.573,-643.24,276.51,370.03,421.6,1319.1,1741.7,1617.1,1309.4,776.99
698.67,796.67,112.75,-749.74,294.51,458.45,356.39,1326.7,1928.2,1830,1509.4,934.07
757.47,917.81,172.06,-838.55,294.05,547.81,277.5,1281.4,2058.5,1987.4,1666.7,1076.3
783.93,1011.9,237.69,-897.61,274.39,626.79,190.59,1180.5,2112.7,2061.2,1755,1184.4
770.29,1061.2,300.09,-914.59,236.28,682.15,98.774,1019.3,2070.9,2025.2,1749.5,1238.2
711.74,1052,350.58,-880.61,181.52,703.03,3.7743,795.64,1919.4,1865.2,1635.6,1222.7
609.75,980.76,383.77,-794.57,113.52,685,-93.105,516.59,1659.4,1588.1,1417.9,1135
474.32,857,398.25,-665.9,38.05,631.74,-190.75,200.42,1311.3,1225.4,1122.9,986.83
323.15,700.55,395.32,-513.25,-36.578,553.45,-288.12,-126.31,911.4,825.64,793.44,801.51
177.32,535.36,377.04,-358.94,-100.8,462.72,-383.61,-435.27,502.52,439.77,475.48,606.99
55.394,382.26,345.22,-222.31,-146.19,370.55,-474.03,-702.18,123.34,107.66,205.12,427.57
-31.411,254.54,302.14,-115.47,-168.21,284.63,-553.82,-909.25,-197.83,-148.85,1.5485,278.97
-81.058,157.84,251.94,-42.345,-167.78,209.88,-615.43,-1045.7,-443.88,-325,-132.56,167.32
-99.324,92.391,200.99,-0.25473,-150.9,149.57,-651.51,-1107.9,-606.94,-427.41,-206.09,91.062
-96.249,54.917,156.73,17.171,-126.27,105.86,-657.96,-1100.1,-687.93,-468.42,-233.4,44.04
-82.29,39.933,125.03,19.052,-102.45,79.341,-635.93,-1034.4,-696.68,-462.51,-229.58,17.667
-65.813,41.162,108.78,11.878,-85.691,69.318,-591.39,-929.08,-650.12,-424.65,-207.57,6.1406
-52.301,52.784,108.75,0.38702,-79.095,74.818,-532.7,-804.64,-569.52,-369.07,-177.24,4.5719
-44.556,69.504,121.94,-10.816,-82.571,91.852,-467.81,-679.33,-476.74,-307.81,-145.98,7.2009
-43.328,86.012,141.75,-17.89,-92.913,113.29,-402.53,-566,-388.53,-250.38,-118.15,10.209
-47.803,97.234,161.16,-19.515,-104.75,131.51,-340.14,-471.22,-313.6,-202.9,-95.167,12.729
-53.91,100.13,173.14,-11.802,-113.02,140.47,-282.1,-395.67,-254.94,-166.14,-76.836,13.776
-57.721,92.512,172,0.23399,-114.52,137.05,-229.21,-334.83,-210.42,-137.73,-63.637,12.504
-57.315,75.23,156.05,2.327,-107.35,121.05,-181.97,-281,-175.18,-115.28,-54.006,8.677
-53.2,58.181,128.44,3.5746,-91.695,95.878,-139.58,-230.35,-145.19,-95.806,-45.782,3.5736
-44.415,40.934,95.899,4.4238,-70.903,68.397,-104.04,-184.14,-116.92,-77.526,-36.836,0.90468
-32.54,24.835,64.063,5.0009,-49.637,43.146,-78.44,-144.9,-90.333,-60.477,-28.79,-0.55833
-20.596,12.019,36.064,5.5287,-30.479,23.927,-60.746,-114.32,-68.261,-45.808,-20.677,-1.5045
-11.093,3.7422,19.874,6.1953,-16.478,13.259,-48.876,-92.598,-52.595,-34.439,-13.472,-2.3025
-5.2866,-0.42037,13.34,6.9957,-9.6274,8.4876,-41.47,-78.629,-43.427,-27.025,-8.853,-3.1543
-2.8172,-2.1694,11.024,7.8754,-7.1804,6.4782,-36.789,-70.53,-39.227,-23.359,-7.0598,-4.1183
-2.835,-2.9676,10.262,8.8327,-6.933,5.3349,-33.173,-65.849,-38.104,-22.061,-6.9806,-5.1383
-4.3396,-3.8157,9.9627,9.8516,-7.75,4.3793,-29.614,-62.112,-38.037,-21.742,-7.0004,-6.1162
-6.2307,-6.2876,9.671,10.855,-8.7961,3.6821,-26.236,-57.478,-36.596,-20.074,-6.4207,-6.9724
-7.1826,-9.1534,9.2549,11.746,-9.6281,2.7011,-26.356,-50.942,-30.359,-15.666,-5.4812,-7.657
-7.1562,-11.013,6.7373,12.455,-9.1856,-1.6604,-27.335,-45.151,-22.658,-10.116,-4.4646,-8.1468
-7.2387,-12.132,2.3604,12.953,-4.5298,-3.6499,-26.407,-39.983,-17.878,-6.8476,-3.4855,-8.4544
-7.2012,-12.742,1.3433,13.247,-3.6231,-4.1932,-25.079,-34.621,-15.042,-5.0573,-2.6275,-8.6311
-6.9082,-13.012,1.1909,13.378,-3.5566,-4.2858,-23.831,-29.606,-13.099,-3.7231,-1.9604,-8.7437
-6.4749,-13.104,1.2345,13.417,-3.517,-4.2316,-22.723,-25.32,-11.616,-2.6723,-1.5028,-8.8403
-6.0673,-13.171,1.2748,13.451,-3.4302,-4.1827,-21.713,-21.733,-10.396,-1.8473,-1.206,-8.9267
-5.8316,-13.339,1.2008,13.562,-3.3032,-4.246,-20.737,-18.647,-9.3082,-1.1518,-0.97192,-8.968
-5.8697,-13.681,0.9503,13.801,-3.1588,-4.4834,-19.761,-15.888,-8.2388,-0.47276,-0.69088,-8.9124
-6.2147,-14.203,0.51588,14.171,-3.014,-4.8995,-18.787,-13.376,-7.1119,0.27508,-0.28212,-8.7212
-6.8161,-14.857,-0.065095,14.633,-2.8695,-5.4525,-17.855,-11.102,-5.9091,1.1123,0.27648,-8.39
-7.5487,-15.565,-0.73964,15.117,-2.7065,-6.079,-17.012,-9.0896,-4.6784,1.9843,0.94184,-7.9536
-8.2423,-16.249,-1.4592,15.547,-2.4929,-6.7137,-16.283,-7.3567,-3.5166,2.7875,1.6265,-7.475
-8.7229,-16.844,-2.1812,15.86,-2.1968,-7.2972,-15.651,-5.8954,-2.5237,3.4236,2.2363,-7.024
-8.8547,-17.303,-2.8628,16.018,-1.8054,-7.7785,-15.045,-4.6688,-1.7498,3.8501,2.7058,-6.655
-8.5759,-17.594,-3.4569,16.014,-1.3374,-8.1152,-14.363,-3.6149,-1.1642,4.098,3.0225,-6.3906
-7.9211,-17.69,-3.9113,15.859,-0.84323,-8.273,-13.495,-2.6601,-0.66448,4.2536,3.2363,-6.2187
-7.0126,-17.578,-4.1775,15.571,-0.38978,-8.2326,-12.367,-1.7375,-0.11727,4.4188,3.4462,-6.1038
-6.0192,-17.268,-4.2296,15.183,-0.036519,-8.0035,-10.97,-0.80384,0.59135,4.6707,3.7594,-6.0075
-5.1025,-16.812,-4.0857,14.744,0.18708,-7.6316,-9.3789,0.15291,1.5157,5.037,4.2401,-5.9084
-4.3728,-16.293,-3.8142,14.313,0.29286,-7.1947,-7.7275,1.1155,2.6308,5.4927,4.8784,-5.8118
-3.8666,-15.811,-3.519,13.949,0.32891,-6.7847,-6.1503,2.0464,3.8376,5.9757,5.5982,-5.7479
-3.5526,-15.453,-3.3041,13.69,0.35975,-6.4837,-4.721,2.9,4.9934,6.4091,6.2901,-5.7581
-3.355,-15.266,-3.2368,13.545,0.43912,-6.3409,-3.4399,3.6377,5.9574,6.7234,6.8519,-5.8775
-3.1939,-15.244,-3.3279,13.493,0.58708,-6.3596,-2.2714,4.2421,6.638,6.8783,7.2265,-6.1189
-3.031,-15.336,-3.5351,13.492,0.7806,-6.5007,-1.1677,4.7257,7.0253,6.8797,7.426,-6.4658
-2.8882,-15.477,-3.7865,13.502,0.96275,-6.7013,-0.07063,5.1268,7.1934,6.7801,7.5242,-6.8777
-2.8268,-15.616,-4.0116,13.504,1.0685,-6.9003,1.0704,5.4925,7.2697,6.6563,7.6206,-7.3042
-2.9121,-15.736,-4.1672,13.507,1.0572,-7.0592,2.2692,5.8596,7.3845,6.5716,7.7899,-7.7046
-3.178,-15.852,-4.2523,13.531,0.93556,-7.175,3.4825,6.2413,7.6232,6.5425,8.0375,-8.062
-3.6007,-15.997,-4.3115,13.598,0.76013,-7.2808,4.6124,6.6305,8.0077,6.5323,8.2859,-8.39
-4.0928,-16.206,-4.4284,13.716,0.622,-7.4308,5.5389,7.0142,8.5116,6.476,8.4064,-8.725
-4.523,-16.495,-4.6963,13.877,0.62392,-7.6722,6.1652,7.3926,9.0971,6.318,8.2787,-9.1084
-4.7524,-16.852,-5.1695,14.056,0.85249,-8.0193,6.4662,7.7958,9.7288,6.037,7.8389,-9.5677
-4.6783,-17.23,-5.8255,14.216,1.3432,-8.442,6.4935,8.264,10.381,5.6474,7.0994,-10.105
-4.2658,-17.558,-6.5666,14.315,2.0548,-8.8723,6.342,8.8372,11.031,5.185,6.1334,-10.698
-3.5607,-17.758,-7.2513,14.322,2.8731,-9.2203,6.1046,9.5388,11.661,4.6934,5.043,-11.309
-2.6778,-17.767,-7.7369,14.225,3.6477,-9.3977,5.8343,10.368,12.265,4.2153,3.9243,-11.9
-1.7718,-17.565,-7.9187,14.039,4.2397,-9.3438,5.5229,11.303,12.848,3.784,2.8393,-12.437
-0.9983,-17.179,-7.7528,13.802,4.5537,-9.0438,5.1065,12.304,13.415,3.4106,1.8046,-12.9
-0.47502,-16.668,-7.2569,13.562,4.5476,-8.5327,4.5115,13.321,13.955,3.0772,0.80014,-13.285
-0.26188,-16.109,-6.498,13.358,4.2311,-7.8832,3.7178,14.296,14.44,2.7485,-0.20626,-13.608
-0.36383,-15.573,-5.5787,13.21,3.6585,-7.1869,2.7704,15.173,14.84,2.3953,-1.2259,-13.892
-0.74464,-15.113,-4.6222,13.123,2.9155,-6.5347,1.7368,15.919,15.142,2.0134,-2.2276,-14.153
-1.3454,-14.769,-3.7482,13.091,2.0998,-6.0015,0.67734,16.542,15.354,1.6204,-3.1493,-14.397
-2.1043,-14.561,-3.0447,13.108,1.3007,-5.6344,-0.35853,17.087,15.5,1.2346,-3.9351,-14.621
-2.9578,-14.482,-2.5541,13.171,0.58558,-5.4461,-1.3323,17.626,15.611,0.86298,-4.5559,-14.821
-3.8184,-14.501,-2.2771,13.272,0.0088225,-5.4115,-2.2201,18.229,15.719,0.50821,-5.0007,-15.005
-4.5586,-14.558,-2.182,13.383,-0.37085,-5.4714,-3.0119,18.952,15.854,0.18338,-5.2633,-15.193
-5.0247,-14.576,-2.2087,13.452,-0.50215,-5.5457,-3.707,19.821,16.042,-0.085784,-5.342,-15.409
-5.0815,-14.48,-2.2779,13.414,-0.37558,-5.5521,-4.3091,20.836,16.298,-0.27684,-5.253,-15.669
-4.6701,-14.208,-2.3055,13.213,-0.042152,-5.4216,-4.8208,21.977,16.621,-0.39151,-5.0432,-15.973
-3.8492,-13.724,-2.2148,12.823,0.39211,-5.1076,-5.2383,23.201,16.984,-0.46294,-4.7898,-16.3
-2.7942,-13.026,-1.9432,12.266,0.79183,-4.5901,-5.5466,24.453,17.339,-0.54359,-4.5839,-16.627
-1.7521,-12.157,-1.4521,11.603,1.0299,-3.8784,-5.7295,25.665,17.642,-0.68402,-4.5013,-16.928
-0.96713,-11.188,-0.73857,10.922,1.0226,-3.0092,-5.7806,26.798,17.871,-0.9153,-4.5787,-17.187
-0.60303,-10.211,0.15924,10.311,0.75232,-2.0378,-5.7061,27.852,18.037,-1.2395,-4.801,-17.391
-0.6925,-9.3055,1.1686,9.8209,0.27281,-1.0244,-5.5214,28.866,18.18,-1.6265,-5.1066,-17.527
-1.1287,-8.5235,2.1967,9.4579,-0.30449,-0.027144,-5.2448,29.9,18.347,-2.0187,-5.4067,-17.578
-1.6986,-7.8802,3.143,9.1834,-0.84274,0.89721,-4.8924,31.012,18.576,-2.3456,-5.613,-17.516
-2.1536,-7.3556,3.9075,8.9366,-1.2237,1.6954,-4.475,32.25,18.885,-2.5465,-5.6666,-17.303
-2.3012,-6.9026,4.4135,8.6593,-1.3851,2.3345,-3.9949,33.66,19.282,-2.5899,-5.5533,-16.904
-2.0755,-6.464,4.6523,8.3187,-1.339,2.8216,-3.4413,35.294,19.784,-2.4828,-5.3012,-16.293
-1.5519,-5.9983,4.7066,7.917,-1.1647,3.2044,-2.7895,37.208,20.414,-2.2645,-4.967,-15.469
-0.89691,-5.4987,4.7145,7.4839,-0.97603,3.547,-2.0059,39.456,21.2,-1.9875,-4.6166,-14.466
-0.28922,-4.9927,4.7914,7.0589,-0.86885,3.8918,-1.0614,42.06,22.151,-1.6975,-4.3039,-13.345
0.1444,-4.5268,4.9655,6.6778,-0.88151,4.2341,0.059151,45.005,23.267,-1.4134,-4.0488,-12.18
0.36274,-4.1495,5.1649,6.367,-0.98577,4.5249,1.358,48.231,24.546,-1.1172,-3.8287,-11.037
0.41409,-3.8962,5.2598,6.1395,-1.101,4.7036,2.834,51.64,25.982,-0.75732,-3.5878,-9.9585
0.41453,-3.7704,5.1346,5.9853,-1.1189,4.7413,4.4829,55.095,27.559,-0.26859,-3.2589,-8.9615
0.51145,-3.7292,4.7485,5.8646,-0.93549,4.6709,6.2846,58.448,29.237,0.39995,-2.7898,-8.0467
0.84289,-3.6869,4.1503,5.7124,-0.48595,4.5853,8.1918,61.575,30.953,1.2564,-2.1691,-7.2035
1.4895,-3.539,3.4577,5.4628,0.22579,4.6121,10.14,64.426,32.639,2.2499,-1.4373,-6.4168
2.4292,-3.1984,2.828,5.079,1.1135,4.8798,12.086,67.048,34.241,3.2823,-0.6728,-5.6749
3.5303,-2.6235,2.4342,4.5725,2.0256,5.4864,14.051,69.577,35.738,4.2493,0.040775,-4.9774
4.5977,-1.8245,2.4437,3.9948,2.7865,6.4778,16.133,72.191,37.149,5.0889,0.64915,-4.3359
5.44,-0.84016,2.9996,3.408,3.2423,7.8513,18.487,75.045,38.519,5.8053,1.1432,-3.7631
5.9223,0.29871,4.2093,2.8553,3.2934,9.5917,21.262,78.214,39.895,6.4551,1.5499,-3.2569
5.9894,1.5962,6.1358,2.3466,2.9078,11.709,24.519,81.645,41.303,7.1109,1.9098,-2.7918
5.6695,3.0963,8.7857,1.8634,2.1136,14.244,28.155,85.168,42.731,7.8242,2.2534,-2.3222
5.06,4.8691,12.099,1.3693,0.97974,17.232,31.895,88.546,44.125,8.6018,2.5898,-1.7966
4.2941,6.9867,15.953,0.81982,-0.40913,20.641,35.424,91.572,45.411,9.3992,2.907,-1.1731
3.498,9.4961,20.145,0.16992,-1.9712,24.303,38.543,94.136,46.513,10.13,3.1789,-0.43275
2.7533,12.394,24.342,-0.61921,-3.6196,27.931,41.22,96.23,47.375,10.691,3.3717,0.4148
2.0848,15.614,28.168,-1.5724,-5.2521,31.233,43.549,97.928,47.978,10.998,3.4547,1.3343
1.4822,19.045,31.414,-2.6906,-6.7807,34.053,45.672,99.346,48.347,11.027,3.4175,2.2755
0.94008,22.569,34.122,-3.9453,-8.1777,36.413,47.702,100.61,48.532,10.806,3.2777,3.1844
0.48251,26.104,36.507,-5.2938,-9.4889,38.464,49.674,101.8,48.587,10.396,3.0661,4.0124
0.15738,29.602,38.808,-6.7202,-10.807,40.404,51.545,102.96,48.543,9.8517,2.8032,4.7272
0.017566,33.017,41.162,-8.2653,-12.195,42.428,53.232,104.08,48.406,9.2084,2.4876,5.3259
0.10657,36.279,43.54,-10.007,-13.584,44.678,54.672,105.13,48.16,8.4815,2.1065,5.837
0.43964,39.301,45.836,-12.002,-14.794,47.204,55.843,106.09,47.788,7.676,1.6533,6.2996
0.98202,42.014,48.001,-14.222,-15.712,49.937,56.767,106.95,47.278,6.7931,1.1371,6.7297
1.6441,44.392,50.072,-16.538,-16.39,52.722,57.498,107.7,46.619,5.8335,0.57992,7.1017
2.3022,46.45,52.117,-18.761,-16.998,55.41,58.088,108.33,45.802,4.7972,0.0032334,7.3589
2.8352,48.252,54.208,-20.748,-17.727,57.933,58.562,108.82,44.803,3.6839,-0.58471,7.4446
3.1627,49.886,56.407,-22.465,-18.707,60.304,58.887,109.1,43.588,2.4933,-1.1907,7.335
3.2672,51.446,58.742,-23.967,-19.987,62.58,58.981,109.13,42.129,1.2293,-1.8251,7.0549
3.1897,53.008,61.194,-25.333,-21.537,64.811,58.76,108.85,40.415,-0.099185,-2.4852,6.6705
3.0028,54.628,63.698,-26.61,-23.27,67.023,58.201,108.26,38.466,-1.48,-3.1469,6.2684
2.7742,56.357,66.188,-27.807,-25.079,69.224,57.357,107.36,36.324,-2.9018,-3.7781,5.9312
2.5356,58.251,68.628,-28.9,-26.885,71.416,56.357,106.21,34.038,-4.3595,-4.3662,5.7153
2.2682,60.343,71.01,-29.841,-28.668,73.593,55.392,104.84,31.641,-5.8634,-4.9364,5.6326
1.9187,62.586,73.326,-30.574,-30.443,75.733,54.646,103.29,29.132,-7.4581,-5.5455,5.6427
1.4409,64.845,75.551,-31.069,-32.2,77.81,54.219,101.55,26.471,-9.2574,-6.2555,5.6702
0.83661,66.976,77.677,-31.345,-33.887,79.821,54.108,99.545,23.59,-11.499,-7.106,5.6451
0.17336,68.93,79.748,-31.467,-35.448,81.802,54.257,97.176,20.413,-14.548,-8.1029,5.5405
-0.43162,70.772,81.857,-31.535,-36.869,83.824,54.599,94.334,16.881,-18.615,-9.2246,5.3871
-0.85423,72.629,84.087,-31.647,-38.181,85.95,55.081,90.963,12.993,-23.307,-10.442,5.2585
-1.0193,74.597,86.46,-31.877,-39.425,88.184,55.667,87.076,8.8434,-27.969,-11.734,5.2351
-0.94315,76.682,88.913,-32.238,-40.635,90.462,56.334,82.724,4.6096,-32.318,-13.092,5.3612
-0.73642,78.785,91.34,-32.684,-41.842,92.674,57.055,77.958,0.46816,-36.387,-14.508,5.6186
-0.56289,80.751,93.637,-33.119,-43.077,94.712,57.8,72.815,-3.4786,-40.301,-15.979,5.9406
-0.57562,82.44,95.735,-33.448,-44.362,96.498,58.558,67.323,-7.2171,-44.176,-17.536,6.2566
-0.85929,83.792,97.613,-33.613,-45.696,97.999,59.333,61.528,-10.811,-48.048,-19.268,6.5325
-1.4009,84.85,99.304,-33.623,-47.049,99.247,60.14,55.492,-14.4,-51.859,-21.295,6.779
-2.0972,85.746,100.88,-33.551,-48.375,100.34,60.976,49.295,-18.191,-55.507,-23.701,7.0363
-2.7942,86.649,102.42,-33.501,-49.625,101.4,61.799,43.022,-22.381,-58.93,-26.43,7.3515
-3.3431,87.696,104,-33.559,-50.772,102.57,62.529,36.765,-27.033,-62.137,-29.238,7.7609
-3.6528,88.926,105.65,-33.764,-51.814,103.9,63.06,30.616,-31.997,-65.172,-31.789,8.2785
-3.7187,90.273,107.38,-34.095,-52.769,105.38,63.276,24.674,-37.043,-68.089,-33.849,8.898
-3.6096,91.596,109.12,-34.499,-53.65,106.89,63.076,19.039,-42.099,-71.009,-35.4,9.6078
-3.4223,92.736,110.74,-34.904,-54.442,108.28,62.394,13.809,-47.277,-74.188,-36.619,10.404
-3.2354,93.569,112.09,-35.24,-55.103,109.37,61.208,9.0556,-52.725,-77.895,-37.771,11.286
-3.0874,94.045,113.06,-35.457,-55.582,110.1,59.513,4.793,-58.474,-82.166,-39.092,12.242
-2.9786,94.2,113.62,-35.551,-55.843,110.49,57.287,0.95471,-64.384,-86.69,-40.658,13.246
-2.8827,94.138,113.83,-35.561,-55.876,110.66,54.474,-2.5888,-70.177,-90.981,-42.342,14.278
-2.7587,93.957,113.69,-35.549,-55.703,110.69,51.027,-5.9872,-75.537,-94.688,-43.91,15.346
-2.5658,93.67,113.15,-35.558,-55.36,110.5,46.971,-9.3675,-80.226,-97.696,-45.152,16.489
-2.2812,93.191,112.27,-35.591,-54.878,109.88,42.419,-12.812,-84.132,-100.02,-45.944,17.747
-1.9105,92.429,111.08,-35.626,-54.266,108.76,37.505,-16.354,-87.23,-101.65,-46.234,19.125
-1.4852,91.379,109.53,-35.628,-53.499,107.25,32.322,-19.98,-89.507,-102.42,-45.979,20.57
-1.0479,90.086,107.58,-35.56,-52.54,105.46,26.947,-23.631,-90.942,-102.13,-45.064,21.984
-0.63745,88.568,105.24,-35.381,-51.355,103.42,21.526,-27.197,-91.54,-100.89,-43.369,23.264
-0.27939,86.779,102.46,-35.056,-49.892,101.06,16.338,-30.549,-91.349,-99.21,-41.015,24.332
0.020468,84.619,99.099,-34.573,-48.042,98.259,11.693,-33.574,-90.411,-97.579,-38.361,25.145
0.27966,81.972,94.942,-33.948,-45.658,94.876,7.7412,-36.202,-88.701,-95.929,-35.612,25.707
0.53897,78.758,89.909,-33.227,-42.661,90.877,4.4243,-38.406,-86.175,-93.834,-32.572,26.055
0.85785,74.999,84.35,-32.476,-39.222,86.442,1.5808,-40.196,-82.819,-90.864,-28.914,26.247
1.3063,70.852,78.98,-31.753,-35.769,81.943,-0.94369,-41.596,-78.674,-86.749,-24.648,26.343
1.9523,66.585,74.241,-31.085,-32.661,77.681,-3.2578,-42.647,-73.849,-81.429,-20.233,26.39
2.8469,62.457,69.973,-30.459,-29.884,73.683,-5.4292,-43.398,-68.543,-75.144,-16.209,26.407
4.0243,58.611,65.758,-29.829,-27.141,69.78,-7.5,-43.899,-63.034,-68.432,-12.826,26.389
5.5184,55.093,61.229,-29.144,-24.13,65.743,-9.4935,-44.193,-57.606,-61.85,-10.022,26.298
7.3637,51.891,56.162,-28.376,-20.687,61.378,-11.411,-44.312,-52.483,-55.645,-7.6279,26.077
9.5442,48.903,50.526,-27.519,-16.808,56.587,-13.232,-44.274,-47.79,-49.7,-5.5272,25.662
11.916,45.979,44.492,-26.583,-12.625,51.477,-14.922,-44.102,-43.527,-43.877,-3.6696,24.998
14.209,43,38.392,-25.585,-8.4032,46.36,-16.461,-43.834,-39.549,-38.524,-2.036,24.049
16.197,39.879,32.638,-24.519,-4.5335,41.602,-17.847,-43.527,-35.673,-34.009,-0.61107,22.789
17.813,36.602,27.549,-23.321,-1.3643,37.425,-19.088,-43.245,-31.894,-30.003,0.65057,21.229
19.071,33.247,23.189,-21.887,0.9781,33.847,-20.18,-43.047,-28.45,-25.825,1.8397,19.442
19.935,29.92,19.427,-20.121,2.5303,30.78,-21.101,-42.97,-25.61,-21.108,3.0278,17.55
20.308,26.67,16.106,-18.008,3.4069,28.11,-21.822,-43.028,-23.463,-16.736,4.1836,15.645
20.214,23.448,13.185,-15.638,3.8136,25.713,-22.324,-43.216,-21.94,-13.84,5.1759,13.723
19.9,20.153,10.669,-13.169,3.9661,23.4,-22.602,-43.502,-20.921,-12.163,5.86,11.713
19.545,16.727,8.4025,-10.75,3.9841,20.854,-22.662,-43.835,-20.295,-11.132,6.166,9.5552
19.056,13.275,6.3433,-8.4573,3.9082,17.819,-22.516,-44.152,-19.96,-10.45,6.1235,7.2673
18.182,10.016,4.7106,-6.2929,3.7451,14.514,-22.191,-44.402,-19.829,-9.976,5.8267,4.947
16.691,7.0773,3.5526,-4.2151,3.4714,11.431,-21.74,-44.569,-19.84,-9.6274,5.3806,2.7179
14.509,4.4361,2.7403,-2.175,3.0416,8.8331,-21.232,-44.676,-19.956,-9.3531,4.8578,0.66727
11.782,2.0182,2.133,-0.14983,2.4474,6.714,-20.744,-44.775,-20.164,-9.1272,4.2813,-1.1807
8.8372,-0.23572,1.6203,1.8407,1.7682,4.9567,-20.336,-44.923,-20.467,-8.9508,3.6304,-2.8535
6.0237,-2.3634,1.1121,3.7465,1.1459,3.4123,-20.034,-45.155,-20.869,-8.8481,2.8646,-4.3996
3.5709,-4.395,0.53108,5.5189,0.7147,1.9394,-19.832,-45.47,-21.37,-8.8497,1.9509,-5.8607
1.5968,-6.3562,-0.17464,7.1363,0.54899,0.43638,-19.702,-45.84,-21.96,-8.9728,0.8834,-7.2612
0.17897,-8.2531,-1.0095,8.6085,0.64352,-1.1241,-19.609,-46.219,-22.62,-9.2095,-0.31106,-8.6162
-0.69717,-10.06,-1.9194,9.9679,0.92062,-2.6779,-19.515,-46.565,-23.325,-9.5295,-1.5819,-9.9446
-1.2502,-11.723,-2.805,11.248,1.2556,-4.0999,-19.384,-46.841,-24.041,-9.8918,-2.8702,-11.264
-1.7759,-13.184,-3.5538,12.448,1.5118,-5.274,-19.18,-47.016,-24.726,-10.26,-4.1263,-12.572
-2.42,-14.393,-4.0745,13.524,1.5762,-6.1457,-18.874,-47.072,-25.34,-10.609,-5.3192,-13.839
-3.2022,-15.337,-4.3183,14.432,1.3879,-6.7202,-18.454,-46.999,-25.85,-10.934,-6.4382,-15.026
-4.1177,-16.034,-4.2872,15.166,0.9493,-7.0376,-17.935,-46.797,-26.237,-11.236,-7.485,-16.11
-5.1354,-16.527,-4.0286,15.75,0.31692,-7.1547,-17.361,-46.471,-26.494,-11.518,-8.4621,-17.083
-6.1833,-16.866,-3.6212,16.221,-0.41682,-7.1361,-16.792,-46.015,-26.617,-11.781,-9.3621,-17.952
-7.1636,-17.096,-3.1558,16.607,-1.1457,-7.0452,-16.281,-45.42,-26.605,-12.019,-10.17,-18.725
-7.9765,-17.245,-2.7199,16.919,-1.7723,-6.9366,-15.866,-44.671,-26.451,-12.228,-10.874,-19.408
-8.5398,-17.337,-2.3836,17.156,-2.2259,-6.8508,-15.561,-43.763,-26.151,-12.398,-11.468,-20.009
-8.8075,-17.389,-2.1905,17.318,-2.4699,-6.8132,-15.356,-42.697,-25.705,-12.51,-11.951,-20.535
-8.7836,-17.418,-2.1568,17.405,-2.5026,-6.8358,-15.221,-41.483,-25.119,-12.544,-12.316,-20.98
-8.5283,-17.441,-2.2748,17.429,-2.354,-6.9187,-15.099,-40.125,-24.405,-12.478,-12.54,-21.319
-8.1457,-17.474,-2.5176,17.407,-2.0811,-7.0551,-14.924,-38.609,-23.573,-12.294,-12.59,-21.511
-7.7607,-17.533,-2.8428,17.363,-1.7588,-7.2336,-14.639,-36.911,-22.632,-11.976,-12.432,-21.505
-7.4893,-17.629,-3.1994,17.327,-1.4645,-7.4393,-14.214,-34.997,-21.594,-11.513,-12.042,-21.255
-7.4096,-17.759,-3.5372,17.323,-1.2576,-7.6526,-13.655,-32.845,-20.479,-10.896,-11.418,-20.741
-7.5344,-17.905,-3.8175,17.357,-1.1618,-7.8497,-13.005,-30.472,-19.313,-10.128,-10.575,-19.982
-7.7961,-18.029,-4.0225,17.411,-1.1571,-8.0076,-12.324,-27.935,-18.121,-9.222,-9.5429,-19.032
-8.0556,-18.095,-4.1641,17.447,-1.1826,-8.1135,-11.67,-25.323,-16.916,-8.2015,-8.3604,-17.972
-8.1441,-18.077,-4.2859,17.42,-1.1487,-8.1715,-11.085,-22.724,-15.695,-7.0969,-7.0744,-16.884
-7.9193,-17.975,-4.4488,17.298,-0.96419,-8.2013,-10.59,-20.207,-14.448,-5.9374,-5.7377,-15.822
-7.3182,-17.807,-4.703,17.071,-0.5717,-8.2282,-10.184,-17.805,-13.156,-4.7426,-4.3956,-14.805
-6.3915,-17.599,-5.0621,16.754,0.023284,-8.2714,-9.8477,-15.524,-11.789,-3.5107,-3.067,-13.817
-5.2987,-17.379,-5.4949,16.379,0.74558,-8.3371,-9.5488,-13.35,-10.306,-2.2141,-1.7362,-12.826
-4.2577,-17.164,-5.9355,15.988,1.4693,-8.417,-9.2573,-11.273,-8.6503,-0.81077,-0.37205,-11.812
-3.4783,-16.961,-6.3025,15.614,2.0552,-8.4914,-8.9587,-9.2923,-6.7668,0.72746,1.0366,-10.785
-3.1021,-16.765,-6.5218,15.28,2.3917,-8.5336,-8.6616,-7.4294,-4.6268,2.3899,2.4554,-9.7966
-3.1649,-16.556,-6.5456,14.984,2.4262,-8.5159,-8.3932,-5.7102,-2.2555,4.1235,3.8139,-8.913
-3.5859,-16.304,-6.3638,14.708,2.1765,-8.4143,-8.1836,-4.1507,0.26533,5.8521,5.0405,-8.1809
-4.1807,-15.974,-6.004,14.409,1.7245,-8.2132,-8.0497,-2.7454,2.8393,7.5128,6.0998,-7.6059
-4.7053,-15.528,-5.5223,14.032,1.1973,-7.9063,-7.9858,-1.4635,5.4114,9.0933,7.019,-7.1477
-4.9265,-14.934,-4.9864,13.525,0.7357,-7.4968,-7.9628,-0.25441,7.9892,10.649,7.8881,-6.7331
-4.6953,-14.177,-4.4576,12.857,0.45554,-6.9965,-7.9379,0.94054,10.612,12.28,8.8289,-6.2771
-3.9967,-13.266,-3.9775,12.042,0.41298,-6.4247,-7.8686,2.1698,13.301,14.071,9.9532,-5.709
-2.9548,-12.241,-3.5626,11.131,0.59185,-5.808,-7.7296,3.4636,16.024,16.042,11.33,-4.9924
-1.78,-11.169,-3.2073,10.202,0.91759,-5.1789,-7.5253,4.8225,18.708,18.133,12.978,-4.133
-0.69416,-10.132,-2.8925,9.3362,1.2847,-4.5738,-7.2812,6.2237,21.275,20.244,14.87,-3.1715
0.127,-9.2066,-2.5941,8.5946,1.5843,-4.0263,-7.0268,7.6336,23.673,22.294,16.919,-2.1672
0.58617,-8.4353,-2.2852,8.003,1.7308,-3.5549,-6.779,9.0228,25.888,24.241,18.97,-1.1776
0.67754,-7.813,-1.9386,7.5472,1.6799,-3.1524,-6.5358,10.377,27.943,26.088,20.899,-0.24301
0.48261,-7.2907,-1.5344,7.1821,1.4351,-2.7877,-6.2794,11.7,29.889,27.874,22.727,0.62521
0.14747,-6.7981,-1.0713,6.849,1.0437,-2.4193,-5.9854,13.009,31.786,29.664,24.585,1.4506
-0.16127,-6.2733,-0.57522,6.4966,0.58855,-2.0145,-5.6359,14.316,33.676,31.519,26.598,2.2826
-0.31129,-5.689,-0.098372,6.0974,0.1707,-1.5656,-5.234,15.617,35.563,33.448,28.814,3.1736
-0.2427,-5.0618,0.2919,5.6542,-0.11466,-1.0953,-4.8036,16.879,37.396,35.389,31.183,4.1485
0.030033,-4.4402,0.53283,5.1945,-0.20307,-0.64889,-4.3801,18.049,39.092,37.235,33.575,5.1845
0.4424,-3.8786,0.58867,4.755,-0.07831,-0.27446,-3.9919,19.071,40.569,38.887,35.821,6.2151
0.90914,-3.4099,0.46619,4.3626,0.2227,-0.0023741,-3.6476,19.911,41.78,40.288,37.767,7.1554
1.3498,-3.0325,0.21738,4.0238,0.6201,0.16757,-3.332,20.569,42.725,41.439,39.337,7.9344
1.7089,-2.7134,-0.069787,3.7231,1.0136,0.26882,-3.0145,21.071,43.443,42.38,40.55,8.523
1.9672,-2.3975,-0.28929,3.4299,1.3097,0.36548,-2.6637,21.462,43.988,43.172,41.495,8.949
2.1424,-2.0178,-0.34194,3.1051,1.4463,0.54269,-2.2623,21.781,44.392,43.863,42.293,9.2901
2.2797,-1.5152,-0.16462,2.7167,1.4056,0.88083,-1.8169,22.046,44.653,44.464,43.038,9.6385
2.4346,-0.86855,0.24576,2.2548,1.2186,1.4169,-1.3578,22.234,44.739,44.94,43.734,10.055
2.6535,-0.11843,0.82816,1.7433,0.95602,2.1183,-0.92976,22.289,44.605,45.237,44.29,10.542
2.9574,0.64713,1.4798,1.2319,0.70738,2.8924,-0.57555,22.142,44.212,45.305,44.625,11.042
3.334,1.334,2.0921,0.77232,0.54683,3.6248,-0.32201,21.741,43.544,45.117,44.721,11.47
3.7381,1.8777,2.578,0.39786,0.50459,4.2163,-0.17185,21.069,42.618,44.665,44.585,11.742
4.0954,2.2519,2.8878,0.1235,0.55687,4.605,-0.10308,20.159,41.487,43.953,44.215,11.81
4.3167,2.459,3.0222,-0.041595,0.63523,4.7761,-0.076381,19.081,40.224,42.996,43.619,11.681
4.3225,2.5232,3.0356,-0.096484,0.65126,4.7623,-0.04795,17.924,38.914,41.815,42.831,11.418
4.0724,2.4884,3.0173,-0.053176,0.5304,4.6362,0.017714,16.761,37.623,40.445,41.904,11.106
3.5805,2.4078,3.0524,0.062205,0.24148,4.4873,0.13274,15.632,36.387,38.928,40.874,10.811
2.9134,2.32,3.1797,0.22387,-0.19054,4.3805,0.28232,14.54,35.202,37.303,39.735,10.538
2.171,2.2186,3.3679,0.42643,-0.68908,4.3126,0.4309,13.455,34.029,35.603,38.453,10.227
1.4579,2.0461,3.5269,0.68995,-1.1427,4.2056,0.53771,12.345,32.817,33.846,36.995,9.7913
0.86207,1.7243,3.5475,1.0408,-1.434,3.9548,0.57377,11.199,31.525,32.051,35.361,9.1631
0.44598,1.206,3.3502,1.4835,-1.477,3.4995,0.53044,10.038,30.145,30.246,33.591,8.335
0.2407,0.50915,2.9188,1.9876,-1.2503,2.859,0.42429,8.9088,28.711,28.473,31.759,7.367
0.22748,-0.28362,2.309,2.4983,-0.81062,2.1183,0.28818,7.868,27.285,26.785,29.96,6.3636
0.31978,-1.0607,1.6345,2.9598,-0.28447,1.3903,0.15958,6.9604,25.936,25.234,28.291,5.431
0.37846,-1.7243,1.0389,3.3394,0.16282,0.77858,0.061324,6.1973,24.705,23.85,26.825,4.6332
0.25789,-2.2211,0.65748,3.6415,0.37485,0.35201,-0.0083974,5.5555,23.587,22.611,25.577,3.9717
-0.14377,-2.5503,0.57834,3.8948,0.25384,0.13307,-0.077154,4.9758,22.524,21.444,24.504,3.3963
-0.84088,-2.745,0.81284,4.1266,-0.21086,0.10024,-0.18602,4.3888,21.436,20.244,23.513,2.8381
-1.7418,-2.8407,1.2902,4.3383,-0.94266,0.20479,-0.36819,3.7447,20.255,18.924,22.501,2.2463
-2.6698,-2.8585,1.8833,4.5008,-1.7991,0.38685,-0.62914,3.0346,18.949,17.455,21.391,1.6118
-3.4197,-2.8065,2.4545,4.5724,-2.6109,0.59059,-0.93986,2.2937,17.534,15.893,20.173,0.96612
-3.8254,-2.6928,2.8977,4.5252,-3.2278,0.77252,-1.2477,1.584,16.069,14.357,18.912,0.361
-3.809,-2.5349,3.1579,4.3629,-3.552,0.90544,-1.5009,0.96829,14.626,12.967,17.702,-0.15913
-3.3924,-2.3568,3.2277,4.1184,-3.5518,0.97907,-1.6697,0.48242,13.261,11.781,16.608,-0.57826
-2.6767,-2.1801,3.1325,3.8426,-3.2575,0.99995,-1.7627,0.12355,11.971,10.762,15.633,-0.91652
-1.8046,-2.0208,2.9122,3.5864,-2.7406,0.98246,-1.8247,-0.15222,10.683,9.803,14.713,-1.2224
-0.92196,-1.8939,2.6004,3.3868,-2.0896,0.93276,-1.9147,-0.41223,9.2791,8.7779,13.756,-1.5517
-0.14561,-1.8264,2.2094,3.2627,-1.3884,0.83294,-2.0798,-0.7212,7.6559,7.6053,12.677,-1.9414
0.45723,-1.8532,1.7294,3.2146,-0.70297,0.63976,-2.3342,-1.114,5.7837,6.2862,11.439,-2.394
0.87013,-2.0009,1.1472,3.2285,-0.078558,0.30689,-2.6549,-1.5899,3.7344,4.8962,10.069,-2.8807
1.1073,-2.2728,0.47721,3.2827,0.44999,-0.18126,-2.9928,-2.1199,1.6572,3.5396,8.649,-3.3573
1.1834,-2.6502,-0.22325,3.3627,0.84744,-0.79205,-3.2904,-2.6629,-0.28687,2.2986,7.2735,-3.7833
1.0936,-3.1061,-0.86681,3.4737,1.0786,-1.456,-3.5055,-3.1809,-1.9891,1.2076,6.0136,-4.1357
0.82394,-3.6165,-1.3711,3.6401,1.121,-2.0939,-3.6233,-3.6507,-3.4173,0.25457,4.8949,-4.4129
0.38058,-4.1539,-1.6918,3.8825,0.98438,-2.6433,-3.6593,-4.0665,-4.5975,-0.59713,3.9019,-4.6296
-0.18458,-4.6785,-1.8372,4.1898,0.72247,-3.0729,-3.6451,-4.434,-5.5795,-1.3843,2.9955,-4.8062
-0.76562,-5.1433,-1.8669,4.5105,0.42752,-3.3854,-3.6144,-4.7678,-6.4149,-2.1259,2.1422,-4.9597
-1.2242,-5.5126,-1.8748,4.7782,0.20895,-3.6115,-3.591,-5.0789,-7.1416,-2.8204,1.3249,-5.0976
-1.4449,-5.7868,-1.9544,4.954,0.15873,-3.7973,-3.5825,-5.3729,-7.7841,-3.4534,0.54527,-5.2169
-1.393,-6.0111,-2.1619,5.0549,0.31566,-3.9907,-3.5826,-5.65,-8.3565,-4.004,-0.18205,-5.3051
-1.133,-6.2568,-2.4926,5.1478,0.64684,-4.2213,-3.5787,-5.9072,-8.8662,-4.4473,-0.83344,-5.3466
-0.79597,-6.5798,-2.885,5.3128,1.0576,-4.484,-3.5577,-6.14,-9.3166,-4.7586,-1.3796,-5.3319
-0.51399,-6.9817,-3.243,5.597,1.4281,-4.7351,-3.5074,-6.342,-9.7076,-4.922,-1.7947,-5.2678
-0.36247,-7.4025,-3.4684,5.9859,1.6567,-4.9092,-3.4149,-6.5048,-10.036,-4.9385,-2.077,-5.1808
-0.33977,-7.7551,-3.4923,6.412,1.6853,-4.9508,-3.272,-6.6182,-10.296,-4.8315,-2.2623,-5.111
-0.41204,-7.9714,-3.2968,6.7876,1.5022,-4.8423,-3.0799,-6.6766,-10.481,-4.643,-2.4163,-5.0984
-0.58656,-8.037,-2.9208,7.0499,1.1315,-4.6149,-2.8525,-6.6792,-10.58,-4.4209,-2.6131,-5.1671
-0.91998,-8.0021,-2.4476,7.1967,0.61927,-4.3434,-2.6132,-6.6295,-10.59,-4.2065,-2.9084,-5.316
-1.4793,-7.9642,-1.9764,7.2917,0.017652,-4.1223,-2.3869,-6.5352,-10.512,-4.0288,-3.3204,-5.5205
-2.3241,-8.023,-1.5896,7.4332,-0.62966,-4.0306,-2.1919,-6.4077,-10.364,-3.9061,-3.8261,-5.745
-3.4856,-8.2354,-1.3291,7.7026,-1.2929,-4.1034,-2.0368,-6.2626,-10.177,-3.8465,-4.3744,-5.959
-4.9243,-8.5917,-1.1915,8.1171,-1.9484,-4.3216,-1.9232,-6.1205,-9.9962,-3.8454,-4.9053,-6.1504
-6.4806,-9.0144,-1.1357,8.6121,-2.5621,-4.6146,-1.85,-6.0037,-9.8677,-3.8852,-5.3675,-6.3259
-7.8705,-9.3734,-1.0967,9.061,-3.0802,-4.8726,-1.8183,-5.9304,-9.8262,-3.943,-5.727,-6.4993
-8.7703,-9.5245,-1.0069,9.3233,-3.4377,-4.9766,-1.8315,-5.9067,-9.8852,-4.0016,-5.9696,-6.6748
-8.9336,-9.3649,-0.81967,9.2982,-3.5794,-4.8411,-1.892,-5.9205,-10.038,-4.0609,-6.1041,-6.8418
-8.2706,-8.8776,-0.53016,8.9617,-3.4772,-4.4507,-1.9966,-5.942,-10.262,-4.1377,-6.1648,-6.9834
-6.8796,-8.1382,-0.18149,8.368,-3.1392,-3.8686,-2.1318,-5.9289,-10.528,-4.2543,-6.2079,-7.0861
-5.035,-7.2823,0.14802,7.6243,-2.6102,-3.2152,-2.2707,-5.8378,-10.805,-4.4218,-6.2965,-7.1429
-3.1048,-6.4579,0.37349,6.8528,-1.9651,-2.6275,-2.376,-5.6384,-11.068,-4.6334,-6.4802,-7.1561
-1.4313,-5.7833,0.43314,6.1574,-1.2944,-2.2168,-2.4097,-5.3284,-11.304,-4.8733,-6.7762,-7.1438
-0.2437,-5.3234,0.30459,5.6024,-0.68154,-2.0437,-2.3492,-4.9403,-11.519,-5.1276,-7.1639,-7.1381
0.36654,-5.0872,0.004582,5.2076,-0.18205,-2.1116,-2.2013,-4.5366,-11.727,-5.3857,-7.5935,-7.1695
0.42166,-5.039,-0.42173,4.9594,0.17902,-2.3759,-2.0066,-4.1933,-11.942,-5.6341,-8.0009,-7.2501
0.040731,-5.1154,-0.91528,4.8277,0.40145,-2.7605,-1.828,-3.9787,-12.174,-5.8542,-8.3259,-7.3673
-0.56516,-5.2441,-1.4207,4.778,0.51907,-3.1808,-1.7281,-3.9346,-12.426,-6.0283,-8.5252,-7.4888
-1.1204,-5.3655,-1.9021,4.7741,0.61054,-3.5684,-1.7425,-4.0626,-12.697,-6.1491,-8.576,-7.5736
-1.3874,-5.4539,-2.3472,4.7849,0.77247,-3.8893,-1.8625,-4.3238,-12.979,-6.225,-8.4749,-7.5858
-1.2692,-5.5246,-2.7562,4.7962,1.067,-4.1429,-2.0363,-4.6486,-13.257,-6.2813,-8.2437,-7.5105
-0.7989,-5.615,-3.124,4.8116,1.4897,-4.343,-2.1904,-4.9562,-13.513,-6.3535,-7.9373,-7.3655
-0.094213,-5.7531,-3.4265,4.8446,1.9688,-4.495,-2.2601,-5.177,-13.73,-6.4759,-7.637,-7.1964
0.64897,-5.9447,-3.6181,4.92,2.382,-4.5894,-2.2159,-5.271,-13.895,-6.6698,-7.4286,-7.0563
1.1857,-6.187,-3.6459,5.0785,2.5919,-4.6135,-2.0724,-5.2354,-13.998,-6.9391,-7.3733,-6.9821
1.302,-6.4819,-3.4717,5.3651,2.4904,-4.5676,-1.8756,-5.0996,-14.034,-7.2725,-7.4891,-6.9812
0.89507,-6.8358,-3.0934,5.8068,2.0346,-4.4716,-1.6792,-4.9127,-14.002,-7.6478,-7.7473,-7.0349
0.002418,-7.25,-2.5557,6.3926,1.2583,-4.3601,-1.5242,-4.7295,-13.916,-8.037,-8.0818,-7.1115
-1.2292,-7.7123,-1.9451,7.0684,0.26406,-4.2729,-1.4294,-4.5992,-13.799,-8.4138,-8.4075,-7.1766
-2.6011,-8.1967,-1.3678,7.7527,-0.80214,-4.2437,-1.3939,-4.5593,-13.683,-8.7615,-8.6456,-7.1998
-3.912,-8.6767,-0.91631,8.3709,-1.7901,-4.2937,-1.4054,-4.6313,-13.601,-9.0773,-8.7477,-7.1609
-5.0194,-9.1409,-0.64398,8.8907,-2.5914,-4.4288,-1.4513,-4.8189,-13.573,-9.3699,-8.7086,-7.0552
-5.9073,-9.5994,-0.55655,9.335,-3.1649,-4.6422,-1.523,-5.1051,-13.606,-9.652,-8.5652,-6.8931
-6.662,-10.073,-0.62378,9.758,-3.5238,-4.917,-1.6158,-5.4512,-13.684,-9.9317,-8.3845,-6.6949
-7.3471,-10.57,-0.80066,10.201,-3.6962,-5.2297,-1.7235,-5.7987,-13.779,-10.207,-8.2453,-6.486
-7.9187,-11.075,-1.0475,10.659,-3.6964,-5.5516,-1.8315,-6.0792,-13.85,-10.467,-8.2155,-6.2908
-8.2561,-11.538,-1.3402,11.08,-3.5215,-5.8524,-1.9153,-6.2315,-13.865,-10.702,-8.3324,-6.1251
-8.2407,-11.895,-1.67,11.384,-3.1628,-6.1039,-1.944,-6.2206,-13.805,-10.905,-8.5918,-5.9919
-7.8055,-12.093,-2.0361,11.502,-2.6212,-6.2853,-1.8919,-6.0488,-13.673,-11.073,-8.9525,-5.8824
-6.953,-12.104,-2.4338,11.405,-1.921,-6.3858,-1.7528,-5.754,-13.494,-11.203,-9.3498,-5.7841
-5.7702,-11.938,-2.8436,11.118,-1.1202,-6.4046,-1.5476,-5.3958,-13.305,-11.294,-9.716,-5.6895
-4.4295,-11.637,-3.2303,10.709,-0.30415,-6.3507,-1.3192,-5.0377,-13.149,-11.345,-10.002,-5.6015
-3.1515,-11.265,-3.5523,10.269,0.43241,-6.2417,-1.117,-4.7317,-13.064,-11.359,-10.193,-5.5354
-2.1383,-10.896,-3.7756,9.8776,1.0064,-6.1003,-0.97852,-4.5101,-13.071,-11.337,-10.301,-5.5114
-1.5112,-10.582,-3.8785,9.5839,1.3609,-5.9472,-0.91632,-4.3835,-13.163,-11.276,-10.349,-5.5438
-1.2864,-10.343,-3.8523,9.388,1.4737,-5.7903,-0.91506,-4.3418,-13.318,-11.17,-10.352,-5.6344
-1.3917,-10.156,-3.6978,9.2502,1.3558,-5.6214,-0.93902,-4.3584,-13.494,-11.01,-10.31,-5.776
-1.7102,-9.9763,-3.422,9.1163,1.0435,-5.4222,-0.94799,-4.3981,-13.65,-10.795,-10.219,-5.9589
-2.1322,-9.762,-3.0379,8.9494,0.58509,-5.177,-0.91577,-4.4312,-13.754,-10.532,-10.084,-6.1723
-2.5891,-9.497,-2.5696,8.7498,0.033022,-4.8836,-0.84348,-4.4452,-13.797,-10.24,-9.9186,-6.408
-3.0486,-9.1949,-2.0566,8.5517,-0.55782,-4.5566,-0.75824,-4.4467,-13.791,-9.9516,-9.7532,-6.6655
-3.4885,-8.888,-1.5537,8.3971,-1.1251,-4.2243,-0.70094,-4.4521,-13.767,-9.6985,-9.6202,-6.95
-3.8681,-8.6071,-1.1236,8.3053,-1.5941,-3.9204,-0.69882,-4.4715,-13.755,-9.5026,-9.541,-7.2585
-4.1144,-8.3646,-0.82092,8.2577,-1.8866,-3.6719,-0.74895,-4.4967,-13.764,-9.3623,-9.5118,-7.5658
-4.1437,-8.1486,-0.67298,8.2071,-1.9472,-3.4883,-0.81905,-4.5022,-13.779,-9.2513,-9.5023,-7.8245
-3.908,-7.9312,-0.66801,8.1025,-1.7706,-3.3577,-0.86686,-4.459,-13.768,-9.1334,-9.4681,-7.9808
-3.4343,-7.6866,-0.75646,7.9151,-1.4144,-3.2515,-0.86504,-4.3537,-13.704,-8.9813,-9.3737,-7.9976
-2.8289,-7.4048,-0.86068,7.6522,-0.99271,-3.136,-0.81656,-4.1996,-13.581,-8.7936,-9.2121,-7.8719
-2.2449,-7.0925,-0.88876,7.3491,-0.65165,-2.9794,-0.75279,-4.034,-13.422,-8.5986,-9.0101,-7.6388
-1.8304,-6.7609,-0.75432,7.0492,-0.52568,-2.7543,-0.72082,-3.9039,-13.268,-8.4435,-8.8162,-7.36
-1.6783,-6.4181,-0.40525,6.7846,-0.68875,-2.4436,-0.75907,-3.8471,-13.153,-8.3685,-8.677,-7.1014
-1.7972,-6.0732,0.14532,6.5686,-1.1275,-2.0556,-0.87845,-3.8772,-13.086,-8.3831,-8.6138,-6.9089
-2.1091,-5.7403,0.8084,6.3955,-1.7459,-1.6331,-1.0525,-3.9763,-13.044,-8.4563,-8.6118,-6.7919
-2.4727,-5.4314,1.4449,6.2409,-2.3899,-1.2383,-1.2218,-4.0973,-12.976,-8.5286,-8.6269,-6.7221
-2.7273,-5.1398,1.9171,6.0633,-2.8864,-0.92242,-1.3123,-4.1736,-12.816,-8.5358,-8.6064,-6.6487
-2.7447,-4.8325,2.1324,5.8142,-3.0913,-0.69966,-1.2588,-4.1337,-12.506,-8.4296,-8.5115,-6.5234
-2.4741,-4.4542,2.0673,5.4555,-2.9311,-0.53556,-1.026,-3.9201,-12,-8.1891,-8.3336,-6.3232
-1.9559,-3.9312,1.7721,4.9715,-2.4232,-0.33962,-0.61664,-3.5036,-11.279,-7.8217,-8.0973,-6.06
-1.2935,-3.168,1.3605,4.3572,-1.6699,0.036501,-0.06265,-2.8868,-10.338,-7.3537,-7.8473,-5.7707
-0.59487,-2.0675,0.98479,3.5885,-0.82793,0.75903,0.59838,-2.0955,-9.1874,-6.8126,-7.6221,-5.4915
0.08069,-0.61951,0.80278,2.6111,-0.066328,1.8788,1.3479,-1.1634,-7.8406,-6.2103,-7.429,-5.2298
0.74145,1.0821,0.96165,1.3706,0.47331,3.2625,2.1968,-0.12184,-6.3175,-5.533,-7.2318,-4.9523
1.4468,3.0592,1.6147,-0.16437,0.70343,4.8516,3.181,1.0038,-4.643,-4.742,-6.9604,-4.5975
2.2797,5.5375,2.9117,-2.0277,0.59898,6.8411,4.3407,2.1954,-2.84,-3.7838,-6.5376,-4.1062
3.3241,8.7684,4.9554,-4.2812,0.19162,9.5022,5.7135,3.4474,-0.91716,-2.6105,-5.9076,-3.4479
4.6353,12.919,7.7877,-6.9905,-0.44374,13.033,7.3429,4.7768,1.1441,-1.1971,-5.0479,-2.6267
6.2092,18.018,11.377,-10.169,-1.2082,17.493,9.3013,6.2296,3.3914,0.46154,-3.9635,-1.6626
7.977,23.847,15.571,-13.728,-2.0014,22.705,11.708,7.8788,5.8873,2.3666,-2.6721,-0.56627
9.8398,29.851,20.02,-17.459,-2.7375,28.146,14.726,9.8096,8.6757,4.5313,-1.1917,0.67305
11.709,35.248,24.164,-21.063,-3.3522,33.01,18.496,12.099,11.743,6.9824,0.46908,2.0797
13.509,39.424,27.459,-24.24,-3.8061,36.613,22.996,14.793,15,9.7287,2.3062,3.6711
15.144,42.303,29.651,-26.829,-4.0924,38.792,27.901,17.894,18.309,12.691,4.2925,5.4315
16.51,44.314,30.805,-28.867,-4.2379,39.867,32.711,21.354,21.541,15.676,6.3509,7.2946
17.593,46.051,31.179,-30.51,-4.2906,40.341,37.124,25.101,24.632,18.497,8.3842,9.1607
18.5,47.91,31.116,-31.881,-4.2966,40.66,41.156,29.065,27.582,21.128,10.347,10.951
19.382,49.899,30.998,-33.014,-4.2805,41.132,44.923,33.194,30.422,23.683,12.29,12.647
20.328,51.767,31.142,-33.924,-4.2373,41.894,48.444,37.428,33.179,26.263,14.314,14.278
21.366,53.304,31.586,-34.669,-4.1359,42.801,51.655,41.661,35.847,28.877,16.488,15.878
22.507,54.443,31.942,-35.311,-3.9338,43.511,54.491,45.715,38.38,31.476,18.793,17.449
23.763,55.144,31.722,-35.864,-3.5932,43.787,56.936,49.361,40.703,33.98,21.13,18.958
25.136,55.385,30.778,-36.289,-3.0921,43.578,59.021,52.375,42.737,36.273,23.358,20.338
26.584,55.203,29.222,-36.543,-2.4236,42.917,60.767,54.601,44.429,38.242,25.326,21.509
28.035,54.676,27.173,-36.618,-1.5857,41.871,62.056,55.999,45.771,39.847,26.924,22.41
29.47,53.91,24.75,-36.559,-0.57199,40.527,62.484,56.651,46.809,41.142,28.122,23.037
30.961,53.01,22.099,-36.437,0.63078,38.959,61.456,56.723,47.61,42.245,29.006,23.45
32.626,52.032,19.376,-36.32,2.0461,37.193,58.636,56.357,48.214,43.264,29.737,23.744
34.55,50.966,16.7,-36.252,3.7074,35.238,54.275,55.575,48.589,44.24,30.44,24.006
36.723,49.759,14.121,-36.25,5.6397,33.124,48.982,54.243,48.63,45.109,31.092,24.27
39.015,48.353,11.633,-36.295,7.819,30.891,43.294,52.168,48.215,45.696,31.509,24.51
41.179,46.705,9.2263,-36.341,10.146,28.553,37.482,49.232,47.265,45.78,31.491,24.667
42.931,44.78,6.9151,-36.322,12.485,26.091,31.593,45.46,45.773,45.194,30.948,24.694
44.083,42.548,4.7281,-36.173,14.727,23.472,25.571,41.02,43.808,43.883,29.921,24.572
44.619,39.975,2.6836,-35.857,16.783,20.681,19.372,36.168,41.49,41.905,28.524,24.298
44.649,37.052,0.77015,-35.364,18.561,17.752,13.113,31.185,38.971,39.397,26.901,23.868
44.349,33.839,-1.0524,-34.722,20.058,14.765,7.2404,26.306,36.4,36.555,25.201,23.283
43.934,30.483,-2.8396,-33.979,21.456,11.818,2.4176,21.686,33.894,33.59,23.554,22.546
43.649,27.146,-4.654,-33.184,23.017,8.9782,-1.0225,17.397,31.526,30.709,22.056,21.665
43.736,23.914,-6.553,-32.381,24.883,6.2776,-3.3542,13.474,29.321,28.091,20.761,20.654
44.31,20.774,-8.5683,-31.591,26.978,3.7334,-5.081,9.9521,27.256,25.858,19.667,19.534
45.281,17.67,-10.685,-30.811,29.087,1.3778,-6.5692,6.8624,25.272,24.032,18.708,18.322
46.407,14.577,-12.838,-30.006,31.045,-0.73062,-7.9813,4.2094,23.293,22.522,17.767,17.016
47.434,11.54,-14.928,-29.105,32.828,-2.5207,-9.3286,1.9604,21.275,21.158,16.739,15.596
48.169,8.6715,-16.854,-28.013,34.506,-3.9439,-10.534,0.068172,19.241,19.781,15.582,14.057
48.501,6.1042,-18.525,-26.624,36.138,-5.0067,-11.491,-1.5062,17.283,18.346,14.341,12.425
48.37,3.923,-19.834,-24.853,37.656,-5.7738,-12.13,-2.7942,15.506,16.921,13.116,10.746
47.702,2.1185,-20.674,-22.669,38.789,-6.3358,-12.447,-3.8407,13.969,15.597,11.993,9.0605
46.336,0.61521,-20.997,-20.121,39.194,-6.7661,-12.513,-4.7216,12.634,14.406,10.994,7.3887
44.125,-0.66139,-20.833,-17.351,38.681,-7.0992,-12.437,-5.5402,11.379,13.307,10.076,5.7397
41.277,-1.7486,-20.264,-14.565,37.303,-7.3343,-12.327,-6.4012,10.059,12.235,9.158,4.1226
38.283,-2.6573,-19.379,-11.943,35.29,-7.456,-12.247,-7.3811,8.5661,11.142,8.1695,2.55
35.366,-3.4016,-18.242,-9.5616,32.899,-7.4539,-12.209,-8.5112,6.8745,10.017,7.0753,1.0316
32.375,-4.0157,-16.888,-7.3959,30.255,-7.3346,-12.192,-9.7797,5.0334,8.8691,5.8808,-0.42921
29.115,-4.5513,-15.351,-5.3808,27.343,-7.1241,-12.163,-11.146,3.1401,7.7092,4.6192,-1.8248
25.561,-5.0636,-13.687,-3.4663,24.109,-6.8625,-12.101,-12.556,1.3005,6.5422,3.3402,-3.1286
21.822,-5.5977,-11.977,-1.6397,20.528,-6.5955,-12.01,-13.963,-0.40383,5.374,2.1028,-4.3009
18.003,-6.1836,-10.317,0.083793,16.652,-6.3639,-11.911,-15.345,-1.9377,4.2106,0.96619,-5.3116
14.142,-6.8356,-8.7975,1.6886,12.689,-6.1957,-11.84,-16.714,-3.3164,3.0529,-0.025283,-6.1516
10.316,-7.5526,-7.4795,3.1755,9.0151,-6.1028,-11.828,-18.105,-4.5911,1.8936,-0.8557,-6.8222
6.7438,-8.317,-6.3891,4.5571,5.9686,-6.0816,-11.886,-19.561,-5.8176,0.72368,-1.5363,-7.3247
3.7083,-9.0972,-5.5291,5.8431,3.6904,-6.1179,-11.996,-21.095,-7.0212,-0.4512,-2.0876,-7.6599
1.4395,-9.8563,-4.8966,7.031,2.1494,-6.1953,-12.113,-22.681,-8.1818,-1.5951,-2.5182,-7.8333
0.0040987,-10.568,-4.4904,8.1059,1.1918,-6.3032,-12.185,-24.256,-9.2502,-2.6459,-2.82,-7.8621
-0.7922,-11.227,-4.3055,9.0539,0.62144,-6.4417,-12.184,-25.755,-10.184,-3.5418,-2.9838,-7.7818
-1.2651,-11.853,-4.3213,9.8839,0.30358,-6.6211,-12.131,-27.146,-10.971,-4.2528,-3.0211,-7.6457
-1.6464,-12.48,-4.5014,10.639,0.15476,-6.8589,-12.084,-28.44,-11.633,-4.7899,-2.9718,-7.5137
-2.0873,-13.152,-4.8079,11.379,0.098761,-7.1782,-12.113,-29.675,-12.209,-5.1922,-2.8918,-7.4328
-2.7084,-13.902,-5.2112,12.152,0.065164,-7.5979,-12.263,-30.888,-12.738,-5.502,-2.8323,-7.419
-3.5681,-14.744,-5.68,12.979,0.0057055,-8.1161,-12.535,-32.087,-13.24,-5.7457,-2.821,-7.4508
-4.6263,-15.656,-6.1689,13.839,-0.098817,-8.7005,-12.882,-33.243,-13.714,-5.9281,-2.8542,-7.4792
-5.7514,-16.57,-6.6191,14.668,-0.24441,-9.2884,-13.235,-34.307,-14.137,-6.0417,-2.9048,-7.4536
-6.7631,-17.378,-6.9702,15.373,-0.41737,-9.7946,-13.539,-35.24,-14.491,-6.0826,-2.9416,-7.3504
-7.4957,-17.964,-7.1668,15.86,-0.60778,-10.133,-13.777,-36.038,-14.77,-6.0618,-2.9507,-7.1871
-7.8579,-18.245,-7.1659,16.074,-0.81584,-10.243,-13.978,-36.734,-14.989,-6.0051,-2.9419,-7.0145
-7.8607,-18.206,-6.9537,16.018,-1.0464,-10.114,-14.195,-37.384,-15.175,-5.9436,-2.939,-6.891
-7.6021,-17.899,-6.5635,15.754,-1.2939,-9.7907,-14.471,-38.044,-15.355,-5.9002,-2.9591,-6.8547
-7.2177,-17.433,-6.0794,15.378,-1.5285,-9.3573,-14.829,-38.754,-15.543,-5.8778,-2.9946,-6.9062
-6.8216,-16.934,-5.6222,14.985,-1.6933,-8.9198,-15.258,-39.525,-15.739,-5.856,-3.0081,-7.0084
-6.4638,-16.509,-5.316,14.632,-1.7154,-8.5748,-15.73,-40.345,-15.926,-5.7981,-2.9437,-7.1007
-6.1185,-16.214,-5.251,14.335,-1.529,-8.3856,-16.201,-41.185,-16.081,-5.6674,-2.7475,-7.1235
-5.7028,-16.05,-5.4583,14.064,-1.0983,-8.3699,-16.638,-42.018,-16.184,-5.442,-2.3873,-7.0413
-5.1205,-15.969,-5.9052,13.767,-0.4332,-8.5014,-17.025,-42.829,-16.231,-5.1222,-1.8594,-6.8551
-4.3151,-15.898,-6.5099,13.392,0.41003,-8.7213,-17.37,-43.613,-16.226,-4.7258,-1.1799,-6.5972
-3.304,-15.77,-7.1694,12.914,1.3447,-8.9551,-17.692,-44.367,-16.18,-4.2758,-0.36741,-6.3106
-2.1794,-15.552,-7.7895,12.352,2.2836,-9.1341,-18.012,-45.089,-16.103,-3.7904,0.56659,-6.0267
-1.0782,-15.258,-8.3055,11.761,3.1673,-9.2164,-18.343,-45.776,-16.004,-3.2871,1.6006,-5.7547
-0.13955,-14.945,-8.6958,11.223,3.9686,-9.2016,-18.684,-46.435,-15.911,-2.8012,2.6578,-5.4947
0.53498,-14.691,-8.9909,10.82,4.6673,-9.1304,-19.016,-47.087,-15.879,-2.4086,3.5691,-5.2691
0.90314,-14.574,-9.268,10.621,5.2317,-9.0693,-19.286,-47.757,-16.007,-2.2309,4.1061,-5.1482
0.99387,-14.645,-9.6296,10.667,5.6427,-9.0926,-19.399,-48.451,-16.43,-2.3884,4.1032,-5.229
0.90779,-14.91,-10.18,10.958,5.9315,-9.2732,-19.213,-49.133,-17.315,-2.8891,3.6234,-5.5549
0.7839,-15.3,-11.002,11.422,6.1979,-9.6779,-18.543,-49.689,-18.868,-3.4237,3.8223,-6.0424
0.76041,-15.663,-12.135,11.896,6.5777,-10.334,-17.175,-49.899,-21.213,-2.2673,7.9908,-6.3106
0.9333,-15.843,-13.563,12.185,7.1534,-11.142,-15.029,-49.371,-23.866,0.49348,10.784,-4.8418
1.223,-15.951,-15.274,12.341,7.9026,-11.935,-13.33,-47.392,-25.793,2.6357,13.114,-1.992
1.405,-16.329,-17.323,12.66,8.7396,-12.703,-21.579,-43.411,-25.621,5.0254,15.383,0.17235
1.4781,-17.11,-19.752,12.971,9.6159,-13.672,-26.329,-57.107,-21.151,8.4822,16.91,0.93911
2.7675,-18.086,-22.328,12.045,10.71,-15.892,-25.655,-63.545,-20.456,7.6808,16.104,0.82535
4.6441,-22.696,-24.64,9.6798,12.926,-22.623,-24.213,-65.121,-25.676,1.4816,10.225,-2.7732
1.4262,-33.092,-27.104,14.961,16.59,-32.279,-21.035,-67.423,-38.093,-14.191,-5.4159,-12.413
-3.7482,-47.289,-31.428,24.3,13.196,-42.379,-14.8,-68.875,-58.22,-40.435,-33.42,-29.147
-12.05,-63.008,-37.329,36.991,10.514,-52.443,-4.2181,-65.986,-81.354,-68.65,-63.043,-53.255
-21.592,-75.634,-41.206,49.235,8.4455,-59.776,13.231,-53.165,-98.338,-90.576,-86.847,-75.364
-27.302,-80.316,-41.488,55.546,6.9311,-61.654,42.537,-23.111,-99.125,-97.768,-98.39,-87.275
-24.993,-73.133,-37.196,51.873,6.7108,-55.84,86.893,32.603,-73.133,-79.917,-89.387,-86.044
-12.285,-51.373,-28.016,35.833,8.6653,-40.489,143.08,123,-9.7105,-28.217,-53.108,-68.316
11.964,-13.564,-14.456,6.055,13.33,-14.512,211.75,253.58,99.142,63.119,14.651,-31.528
48.912,40.77,2.3955,-38.543,22.184,21.913,290.62,420.4,256.66,196.39,115.65,25.582
99.855,111.19,19.59,-98.849,38.475,67.3,371.56,614.45,460.84,370.85,249.81,103.12
166.82,196.59,34.81,-175.26,64.278,118.98,442.98,818.42,704.68,583.07,415.49,200.44
250.84,295.82,47.429,-267.76,99.022,174.88,491.75,1010.9,976.63,826.55,609.08,316.46
350.11,407.66,58.779,-374.63,142.22,235.39,507.65,1171.1,1261.4,1091.4,824.5,449.47
459.32,530.56,72.883,-492.34,190.06,302.58,488.17,1284.3,1541.8,1364.3,1052.7,596.61
570.1,661.56,94.651,-615.11,235.8,377.95,437.74,1344.1,1800.5,1628.3,1280.9,752.71
672.51,794.16,127.02,-734.36,271.07,459.73,363.7,1350.1,2019.7,1862.2,1491.7,908.77
756.04,916.44,168.36,-838.37,292.18,540.91,272.09,1302.5,2179.6,2039.3,1662,1050.8
809.9,1011.3,212.21,-912.94,297.4,609.71,165.75,1198.6,2257.3,2129.6,1765,1160.5
823.74,1060.2,249.99,-943.59,285.85,652.56,45.67,1033.3,2230.2,2104.7,1775.1,1218.4
789.99,1049.3,274.87,-919.83,257.09,659.18,-85.927,805,2083.2,1948.8,1676.1,1209.9
707.52,975.71,284.53,-840,211.62,627.02,-223.53,521.22,1817.7,1667.8,1470.5,1131.3
584.61,849.79,280.65,-713.84,152.57,562.07,-358.81,200.95,1455.4,1293.5,1182.7,992.94
438.73,691.81,266.11,-560.64,86.947,475.97,-483.2,-128.76,1034.4,875.91,854.03,816.72
292.49,525.49,242.78,-403.81,24.957,381.59,-590.34,-439.4,599.8,468.86,530.95,629.51
167.02,371.56,211.22,-264.23,-23.026,289.57,-676.21,-706.66,192.94,115.5,251.46,455.43
75.803,244.01,172.59,-155.42,-50.268,207.4,-737.32,-912.96,-154.5,-159.01,37.615,310.6
21.691,149.24,130.73,-81.739,-56.697,139.97,-769.76,-1047.7,-422.17,-347.1,-105.3,201.81
-1.8072,86.991,92.072,-39.609,-48.877,90.369,-770.41,-1107.5,-600.52,-454.02,-184.63,127.87
-6.2083,52.709,63.269,-20.748,-36.019,59.654,-739.48,-1096.7,-690.09,-492.77,-214.63,82.489
-3.3131,39.973,48.527,-15.922,-26.306,46.544,-681.98,-1027.8,-701.1,-480.25,-211.32,57.488
-1.7178,42.055,48.77,-17.147,-25.006,47.758,-606.93,-919.23,-652.7,-434.55,-189.15,45.213
-5.5569,52.936,62.385,-19.248,-33.616,59.17,-524.47,-792.22,-568.78,-372.56,-159.24,39.849
-15.134,67.714,84.919,-19.804,-49.95,76.65,-442.83,-665.41,-472.21,-308.08,-129.17,37.594
-28.159,82.148,109.88,-18.482,-69.191,95.379,-366.78,-551.49,-381.32,-250.23,-103.24,36.207
-40.486,92.405,130.77,-16.48,-85.525,110.71,-298.16,-455.91,-306.82,-202.53,-82.553,34.358
-47.57,95.642,143.09,-15.285,-94.826,118.95,-237.63,-378.16,-250,-165.89,-67.013,30.91
-39.562,79.861,144.26,-10.121,-95.866,117.47,-185.8,-314.58,-206.72,-137.96,-55.864,25.262
-35.622,61.865,132.44,-4.2779,-87.976,106.18,-142.63,-260.33,-171.73,-114.95,-46.208,19.384
-30.429,52.617,110.19,-1.6433,-72.524,88.323,-107.59,-211.57,-141.23,-94.767,-37.131,17.366
-22.451,42.277,83.05,-0.1385,-53.451,67.275,-80.166,-168.1,-113.24,-76.3,-28.949,13.93
-14.369,30.983,55.687,1.0732,-34.649,45.49,-59.916,-131.73,-87.694,-59.144,-21.153,10.581
-8.0647,20.67,32.523,2.243,-19.188,26.808,-46.411,-104.06,-66.523,-44.623,-14.029,7.698
-4.2663,12.57,18.024,3.3895,-10.017,14.438,-38.249,-85.353,-51.465,-33.949,-9.1856,5.1179
-2.7058,7.0273,11.509,4.4733,-6.5824,8.0772,-33.426,-74.214,-43.063,-27.611,-7.2555,2.6678
-2.91,3.8837,9.8476,5.4756,-6.2555,5.7978,-29.987,-68.055,-40.082,-25.062,-8.2143,0.30592
-4.1517,2.3703,10.106,6.4033,-7.0946,5.4506,-26.5,-64.105,-39.847,-25.052,-9.5619,-1.8716
-5.0338,1.0975,10.663,7.2643,-8.411,5.7521,-22.761,-60.151,-40.212,-26.043,-9.5816,-3.7202
-4.9061,-1.3168,11.011,8.0495,-9.6362,6.5654,-20.591,-54.762,-39.231,-25.073,-9.0168,-5.1595
-4.8486,-4.1883,10.69,8.7316,-10.028,5.6386,-17.299,-49.165,-34.822,-21.29,-8.3047,-6.1995
-4.888,-6.308,7.1083,9.2727,-5.9273,1.3101,-14.156,-45.141,-29.018,-15.746,-7.5093,-6.8946
-4.6375,-7.6782,3.5746,9.6401,-3.7549,-1.2041,-11.909,-41.199,-24.504,-12.242,-6.659,-7.3147
-4.1022,-8.537,1.9964,9.8284,-3.038,-2.3429,-10.429,-37.199,-21.521,-10.594,-5.8203,-7.5438
-3.4544,-9.0459,1.0201,9.8758,-2.3087,-2.9956,-9.4445,-33.484,-19.529,-9.4905,-5.0759,-7.6749
-2.8655,-9.3338,0.30289,9.8595,-1.5913,-3.4327,-8.7118,-30.182,-18.105,-8.6152,-4.4871,-7.791
-2.4485,-9.5148,-0.20646,9.864,-1.0001,-3.735,-8.0515,-27.204,-16.993,-7.9185,-4.0761,-7.9452
-2.2345,-9.6719,-0.52257,9.9398,-0.59924,-3.9379,-7.368,-24.414,-16.039,-7.3653,-3.8308,-8.1538
-2.1723,-9.8374,-0.67982,10.082,-0.39046,-4.0626,-6.6495,-21.758,-15.153,-6.902,-3.7116,-8.404
-2.1564,-9.9963,-0.7281,10.242,-0.32499,-4.1165,-5.9437,-19.28,-14.292,-6.4643,-3.6538,-8.6699
-2.0753,-10.114,-0.70904,10.362,-0.33339,-4.0994,-5.3144,-17.063,-13.446,-5.9917,-3.5817,-8.9287
-1.8672,-10.167,-0.64708,10.405,-0.35982,-4.0183,-4.8032,-15.158,-12.608,-5.4436,-3.4437,-9.1759
-1.5569,-10.164,-0.56023,10.383,-0.38082,-3.8986,-4.4119,-13.551,-11.777,-4.8159,-3.2446,-9.4307
-1.2517,-10.147,-0.47083,10.348,-0.4034,-3.7826,-4.1055,-12.173,-10.956,-4.1493,-3.0467,-9.7298
-1.0991,-10.179,-0.40499,10.382,-0.45206,-3.7185,-3.828,-10.928,-10.16,-3.5146,-2.945,-10.109
-1.2263,-10.321,-0.38581,10.559,-0.55082,-3.745,-3.5232,-9.7216,-9.4033,-2.9811,-3.0304,-10.591
-1.6838,-10.606,-0.42819,10.913,-0.70549,-3.8802,-3.1533,-8.4872,-8.6924,-2.5876,-3.3533,-11.182
-2.4184,-11.025,-0.53767,11.426,-0.89501,-4.117,-2.7093,-7.2005,-8.0138,-2.3285,-3.9017,-11.871
-3.2869,-11.538,-0.71019,12.033,-1.0777,-4.4277,-2.2098,-5.8728,-7.3312,-2.1547,-4.6019,-12.623
-4.1008,-12.079,-0.9292,12.645,-1.2091,-4.7679,-1.6898,-4.533,-6.5905,-1.9894,-5.3374,-13.384
-4.6893,-12.575,-1.1602,13.176,-1.2639,-5.0819,-1.1836,-3.21,-5.7333,-1.7528,-5.9821,-14.083
-4.9585,-12.958,-1.3493,13.569,-1.2508,-5.3099,-0.70981,-1.9219,-4.7144,-1.393,-6.439,-14.649
-4.9245,-13.187,-1.4342,13.814,-1.2167,-5.4022,-0.26151,-0.67273,-3.5197,-0.9079,-6.6708,-15.029
-4.7025,-13.267,-1.3669,13.948,-1.2301,-5.3381,0.19174,0.54749,-2.1802,-0.34935,-6.7082,-15.209
-4.4531,-13.24,-1.1364,14.033,-1.3524,-5.1373,0.69358,1.7615,-0.772,0.19906,-6.6334,-15.215
-4.3148,-13.176,-0.77889,14.129,-1.6087,-4.8549,1.2872,3.001,0.60481,0.65884,-6.5457,-15.104
-4.358,-13.135,-0.36878,14.265,-1.9748,-4.5637,2.0057,4.3,1.8674,0.9882,-6.5232,-14.944
-4.5786,-13.157,0.0036647,14.442,-2.3844,-4.3321,2.8684,5.685,2.9884,1.1946,-6.5942,-14.786
-4.9171,-13.255,0.25554,14.64,-2.7488,-4.209,3.878,7.1659,4.0058,1.3267,-6.732,-14.648
-5.284,-13.424,0.32743,14.838,-2.9807,-4.2193,5.0141,8.7277,4.9957,1.4511,-6.8725,-14.517
-5.5866,-13.653,0.191,15.017,-3.015,-4.3668,6.2232,10.329,6.0264,1.625,-6.9417,-14.366
-5.7539,-13.929,-0.15045,15.168,-2.8236,-4.6406,7.4181,11.905,7.1183,1.8715,-6.8822,-14.175
-5.7505,-14.24,-0.66581,15.287,-2.422,-5.0168,8.502,13.384,8.227,2.1652,-6.6777,-13.945
-5.5788,-14.57,-1.3008,15.377,-1.8645,-5.4587,9.4121,14.711,9.2597,2.436,-6.3663,-13.711
-5.2731,-14.892,-1.9837,15.434,-1.2316,-5.9186,10.153,15.866,10.12,2.5997,-6.0291,-13.529
-4.8875,-15.167,-2.6337,15.445,-0.61355,-6.3429,10.793,16.875,10.751,2.5997,-5.7576,-13.459
-4.4844,-15.356,-3.1742,15.396,-0.093702,-6.6792,11.427,17.797,11.159,2.4339,-5.6195,-13.541
-4.1258,-15.428,-3.5452,15.278,0.26498,-6.8858,12.136,18.704,11.408,2.1498,-5.6409,-13.784
-3.8661,-15.376,-3.7126,15.102,0.42924,-6.9389,12.967,19.654,11.588,1.8184,-5.8068,-14.165
-3.7393,-15.216,-3.6705,14.896,0.40012,-6.8357,13.918,20.669,11.781,1.503,-6.0724,-14.638
-3.7417,-14.973,-3.4376,14.696,0.21321,-6.5897,14.936,21.731,12.024,1.2381,-6.3801,-15.148
-3.8215,-14.663,-3.0537,14.515,-0.065512,-6.2252,15.92,22.79,12.29,1.0223,-6.6786,-15.644
-3.8856,-14.293,-2.5769,14.344,-0.35143,-5.7743,16.748,23.776,12.497,0.82306,-6.9387,-16.094
-3.8281,-13.867,-2.0763,14.154,-0.5621,-5.2774,17.321,24.627,12.549,0.5943,-7.1603,-16.486
-3.5755,-13.398,-1.618,13.917,-0.6418,-4.7802,17.617,25.321,12.377,0.30174,-7.3645,-16.83
-3.1262,-12.915,-1.2494,13.627,-0.5813,-4.3279,17.706,25.89,11.975,-0.056399,-7.5756,-17.142
-2.5643,-12.457,-0.98748,13.307,-0.42579,-3.9571,17.724,26.416,11.41,-0.44679,-7.8051,-17.429
-2.04,-12.074,-0.81325,13.009,-0.26452,-3.6876,17.818,27.006,10.805,-0.8166,-8.0471,-17.684
-1.7224,-11.804,-0.67888,12.792,-0.19911,-3.5161,18.108,27.751,10.303,-1.115,-8.283,-17.881
-1.7364,-11.666,-0.53147,12.705,-0.30085,-3.42,18.661,28.699,10.021,-1.3084,-8.4896,-17.993
-2.1094,-11.651,-0.34167,12.761,-0.58109,-3.3698,19.486,29.845,10.024,-1.3849,-8.6443,-17.993
-2.7528,-11.724,-0.11886,12.932,-0.98516,-3.3428,20.542,31.136,10.308,-1.3523,-8.7287,-17.861
-3.4837,-11.834,0.091611,13.157,-1.4047,-3.3286,21.764,32.498,10.815,-1.2325,-8.7307,-17.584
-4.0811,-11.934,0.2238,13.36,-1.7069,-3.3296,23.095,33.876,11.46,-1.0531,-8.644,-17.162
-4.3614,-11.996,0.21514,13.483,-1.7786,-3.3589,24.502,35.252,12.16,-0.83821,-8.4669,-16.604
-4.2483,-12.023,0.032155,13.505,-1.5696,-3.4339,25.967,36.649,12.852,-0.60354,-8.2021,-15.936
-3.8016,-12.038,-0.31115,13.441,-1.1169,-3.563,27.457,38.099,13.499,-0.35959,-7.8568,-15.197
-3.1916,-12.055,-0.74501,13.328,-0.5414,-3.7288,28.9,39.612,14.084,-0.11642,-7.4421,-14.433
-2.6296,-12.054,-1.1514,13.197,-0.012107,-3.8772,30.194,41.165,14.606,0.11681,-6.9706,-13.679
-2.2894,-11.978,-1.3951,13.046,0.31428,-3.9243,31.242,42.713,15.085,0.33676,-6.4531,-12.953
-2.2465,-11.75,-1.3696,12.846,0.35033,-3.783,31.99,44.208,15.552,0.5446,-5.8992,-12.261
-2.4541,-11.305,-1.0367,12.558,0.10166,-3.3952,32.455,45.625,16.039,0.735,-5.3244,-11.608
-2.7559,-10.626,-0.44269,12.151,-0.33828,-2.7527,32.715,46.972,16.566,0.88777,-4.7585,-11.015
-2.9329,-9.7463,0.29902,11.614,-0.81203,-1.8976,32.881,48.294,17.137,0.97302,-4.2481,-10.513
-2.7798,-8.7284,1.0543,10.956,-1.1427,-0.89947,33.067,49.658,17.749,0.9652,-3.8462,-10.134
-2.1779,-7.6359,1.7226,10.195,-1.1932,0.17739,33.365,51.135,18.395,0.85506,-3.5927,-9.8913
-1.1313,-6.5147,2.2679,9.361,-0.91559,1.2956,33.825,52.771,19.067,0.65409,-3.497,-9.7721
0.23888,-5.392,2.7163,8.4899,-0.3664,2.4426,34.453,54.569,19.767,0.39176,-3.5299,-9.7433
1.7314,-4.2842,3.1309,7.6249,0.31409,3.6153,35.226,56.5,20.507,0.10719,-3.6315,-9.7636
3.1216,-3.203,3.586,6.8111,0.94696,4.8077,36.135,58.524,21.304,-0.16038,-3.7281,-9.7947
4.2144,-2.1568,4.1522,6.0864,1.3659,6.0127,37.199,60.618,22.181,-0.3781,-3.7528,-9.8046
4.8807,-1.1485,4.8882,5.4736,1.4616,7.2317,38.43,62.796,23.152,-0.52176,-3.6625,-9.7649
5.0756,-0.17813,5.8356,4.98,1.2049,8.4842,39.791,65.086,24.221,-0.5766,-3.4473,-9.6464
4.8412,0.75575,7.0192,4.6021,0.64314,9.8113,41.214,67.511,25.371,-0.54073,-3.1295,-9.4194
4.2948,1.6591,8.4634,4.3282,-0.11741,11.272,42.655,70.063,26.563,-0.42929,-2.7494,-9.0561
3.598,2.5523,10.209,4.1364,-0.93924,12.931,44.121,72.715,27.754,-0.26938,-2.3412,-8.5359
2.9037,3.4745,12.271,3.9935,-1.6961,14.826,45.668,75.436,28.917,-0.081101,-1.9155,-7.8495
2.3089,4.4732,14.521,3.8622,-2.3156,16.899,47.37,78.208,30.068,0.14233,-1.4565,-7.0032
1.8467,5.5858,16.698,3.7118,-2.7938,18.999,49.268,81.025,31.256,0.43878,-0.92775,-6.018
1.5095,6.833,18.636,3.5239,-3.1791,20.999,51.342,83.881,32.543,0.86212,-0.28509,-4.9224
1.2705,8.2398,20.389,3.286,-3.5531,22.898,53.521,86.751,33.963,1.4552,0.50167,-3.7435
1.0958,9.8754,22.133,2.9762,-4.0154,24.797,55.728,89.599,35.508,2.225,1.4228,-2.5004
0.9492,11.887,24.06,2.5517,-4.665,26.831,57.92,92.391,37.123,3.1337,2.4173,-1.2014
0.80194,14.493,26.312,1.95,-5.5764,29.108,60.103,95.108,38.736,4.1118,3.3915,0.15654
0.64379,17.892,28.958,1.0984,-6.7762,31.675,62.335,97.746,40.282,5.0824,4.2587,1.5819
0.49061,22.088,31.957,-0.07472,-8.236,34.499,64.69,100.3,41.72,5.9797,4.9716,3.0711
0.38287,26.711,35.152,-1.6175,-9.8861,37.475,67.225,102.76,43.037,6.7542,5.5261,4.5802
0.37241,31.155,38.312,-3.5107,-11.64,40.447,69.934,105.08,44.237,7.3745,5.9477,6.014
0.50276,34.992,41.236,-5.6348,-13.4,43.292,72.719,107.21,45.325,7.8363,6.2808,7.2587
0.79888,38.173,43.869,-7.8248,-15.048,46.011,75.426,109.11,46.298,8.1681,6.5837,8.2392
1.2689,40.908,46.337,-9.9969,-16.475,48.743,77.902,110.74,47.135,8.4129,6.9069,8.9576
1.8974,43.481,48.888,-12.211,-17.69,51.687,80.06,112.09,47.808,8.5945,7.2636,9.4932
2.63,46.131,51.804,-14.601,-18.864,55.009,81.919,113.18,48.29,8.6945,7.6193,9.9634
3.3721,49.01,55.267,-17.244,-20.245,58.731,83.591,114.05,48.572,8.6608,7.9161,10.476
4.0028,52.176,59.229,-20.069,-22.011,62.702,85.249,114.76,48.663,8.4396,8.11,11.109
4.397,55.6,63.39,-22.854,-24.185,66.666,87.067,115.41,48.59,8.0047,8.1904,11.912
4.4552,59.148,67.411,-25.323,-26.672,70.38,89.147,116.03,48.385,7.3647,8.1653,12.901
4.1323,62.611,71.103,-27.286,-29.342,73.706,91.476,116.64,48.069,6.5523,8.0333,14.042
3.4554,65.816,74.427,-28.71,-32.048,76.643,93.928,117.19,47.636,5.6153,7.7857,15.263
2.5221,68.746,77.439,-29.687,-34.62,79.306,96.327,117.62,47.054,4.6134,7.4375,16.503
1.4807,71.529,80.286,-30.374,-36.942,81.883,98.517,117.85,46.272,3.6066,7.0399,17.754
0.49697,74.336,83.182,-30.923,-39.031,84.572,100.42,117.84,45.246,2.6299,6.6478,19.046
-0.29657,77.267,86.325,-31.444,-41.01,87.51,102.06,117.56,43.953,1.6726,6.2785,20.399
-0.84773,80.271,89.786,-31.991,-43.003,90.69,103.5,117.04,42.397,0.68231,5.8962,21.792
-1.1997,83.162,93.437,-32.562,-45.054,93.949,104.82,116.3,40.589,-0.41057,5.4252,23.163
-1.4651,85.715,97.021,-33.106,-47.123,97.039,106.06,115.39,38.536,-1.6635,4.7794,24.425
-1.7717,87.76,100.28,-33.54,-49.111,99.733,107.25,114.35,36.249,-3.0965,3.8973,25.508
-2.199,89.245,103.02,-33.788,-50.867,101.9,108.36,113.19,33.751,-4.6796,2.7719,26.381
-2.7356,90.243,105.14,-33.827,-52.207,103.53,109.38,111.91,31.083,-6.3471,1.4611,27.077
-3.2735,90.932,106.65,-33.714,-53.023,104.74,110.28,110.5,28.295,-8.0466,0.073891,27.679
-3.6421,91.533,107.61,-33.568,-53.366,105.72,111.09,108.92,25.429,-9.8034,-1.2633,28.274
-3.6814,92.212,108.21,-33.5,-53.394,106.68,111.82,107.1,22.495,-11.753,-2.4499,28.91
-3.3389,93.023,108.64,-33.564,-53.221,107.73,112.47,104.96,19.454,-14.098,-3.4485,29.566
-2.7343,93.921,109.17,-33.752,-52.955,108.89,113.04,102.39,16.21,-17.002,-4.2936,30.179
-2.1205,94.816,110.02,-34.018,-52.846,110.12,113.46,99.265,12.637,-20.536,-5.0658,30.686
-1.775,95.621,111.32,-34.288,-53.217,111.35,113.66,95.483,8.6683,-24.647,-5.849,31.057
-1.9209,96.271,113.09,-34.475,-54.316,112.51,113.55,91.011,4.4057,-29.144,-6.6955,31.288
-2.6714,96.74,115.24,-34.51,-56.212,113.61,113.09,85.93,0.14826,-33.759,-7.6114,31.391
-3.9893,97.047,117.63,-34.379,-58.776,114.63,112.28,80.405,-3.7732,-38.244,-8.5631,31.398
-5.6838,97.257,120.11,-34.13,-61.729,115.6,111.17,74.605,-7.1997,-42.385,-9.493,31.362
-7.4516,97.456,122.49,-33.853,-64.706,116.52,109.78,68.628,-10.175,-46.064,-10.34,31.346
-8.9553,97.711,124.56,-33.641,-67.319,117.38,108.14,62.5,-12.846,-49.304,-11.057,31.407
-9.9099,98.042,126.13,-33.56,-69.218,118.17,106.22,56.22,-15.365,-52.232,-11.626,31.571
-10.138,98.407,127.07,-33.624,-70.137,118.83,103.93,49.802,-17.853,-55.024,-12.069,31.827
-9.6127,98.723,127.36,-33.807,-69.967,119.32,101.19,43.3,-20.391,-57.822,-12.427,32.135
-8.4963,98.893,127.09,-34.048,-68.836,119.58,97.946,36.805,-23.021,-60.681,-12.742,32.454
-7.0992,98.835,126.39,-34.273,-67.181,119.53,94.272,30.435,-25.733,-63.536,-13.027,32.754
-5.7476,98.506,125.39,-34.418,-65.667,119.07,90.316,24.319,-28.461,-66.241,-13.26,33.028
-4.6742,97.907,124.07,-34.456,-64.678,118.12,86.192,18.592,-31.083,-68.648,-13.393,33.284
-3.9747,97.073,122.25,-34.406,-63.809,116.69,81.916,13.378,-33.46,-70.672,-13.374,33.544
-3.6049,96.055,119.88,-34.319,-62.483,114.9,77.456,8.7689,-35.47,-72.277,-13.173,33.827
-3.4152,94.904,117.08,-34.237,-60.666,112.86,72.799,4.7889,-37.045,-73.434,-12.795,34.14
-3.2444,93.637,113.98,-34.167,-58.522,110.62,67.952,1.377,-38.164,-74.094,-12.268,34.475
-2.9983,92.215,110.63,-34.075,-56.113,108.17,62.912,-1.5939,-38.847,-74.194,-11.627,34.815
-2.6143,90.566,106.99,-33.92,-53.489,105.42,57.666,-4.2722,-39.121,-73.692,-10.892,35.136
-2.0359,88.622,102.98,-33.682,-50.656,102.32,52.228,-6.7847,-39.001,-72.565,-10.061,35.415
-1.2259,86.373,98.482,-33.38,-47.548,98.88,46.661,-9.2085,-38.481,-70.761,-9.1043,35.634
-0.15575,83.856,93.546,-33.057,-44.128,95.141,41.044,-11.566,-37.557,-68.178,-7.9819,35.779
1.2024,81.114,88.363,-32.762,-40.43,91.215,35.396,-13.843,-36.244,-64.707,-6.6535,35.846
2.8581,78.151,83.206,-32.523,-36.551,87.221,29.653,-16.023,-34.587,-60.298,-5.1002,35.834
4.7781,74.908,78.288,-32.337,-32.657,83.25,23.726,-18.11,-32.665,-55.044,-3.3403,35.738
6.8779,71.301,73.649,-32.164,-28.923,79.323,17.704,-20.129,-30.577,-49.235,-1.4341,35.552
9.0348,67.312,69.135,-31.936,-25.431,75.384,12.064,-22.112,-28.432,-43.304,0.52434,35.26
11.12,63.093,64.493,-31.566,-22.114,71.32,7.3872,-24.073,-26.321,-37.649,2.4259,34.839
13.037,58.946,59.516,-30.97,-18.82,67.019,3.7923,-25.995,-24.309,-32.476,4.1707,34.267
14.743,55.132,54.129,-30.1,-15.423,62.419,0.96806,-27.831,-22.422,-27.798,5.6976,33.525
16.242,51.707,48.425,-28.969,-11.883,57.55,-1.4265,-29.517,-20.661,-23.494,7.007,32.589
17.552,48.543,42.642,-27.656,-8.2726,52.556,-3.5875,-31,-19.025,-19.374,8.1572,31.43
18.681,45.461,37.071,-26.248,-4.9208,47.681,-5.585,-32.261,-17.524,-15.343,9.2259,30.017
19.618,42.317,31.96,-24.782,-2.3646,43.15,-7.4249,-33.318,-16.173,-11.635,10.258,28.329
20.349,39.024,27.382,-23.232,-0.66359,39.033,-9.1071,-34.224,-14.983,-8.6341,11.238,26.368
20.867,35.553,23.239,-21.533,0.56033,35.271,-10.662,-35.043,-13.95,-6.3505,12.114,24.159
21.176,31.927,19.399,-19.628,1.5527,31.809,-12.149,-35.845,-13.073,-4.5203,12.824,21.743
21.294,28.222,15.813,-17.498,2.3681,28.658,-13.615,-36.683,-12.356,-2.9705,13.311,19.16
21.243,24.518,12.524,-15.171,2.9873,25.812,-15.066,-37.587,-11.807,-1.6677,13.535,16.455
21.041,20.877,9.6107,-12.715,3.3863,23.165,-16.458,-38.555,-11.433,-0.62376,13.476,13.688
20.675,17.358,7.1384,-10.223,3.5761,20.514,-17.732,-39.559,-11.231,0.1715,13.149,10.925
20.096,14.042,5.1527,-7.8029,3.6189,17.702,-18.843,-40.567,-11.193,0.76328,12.6,8.2293
19.277,11.015,3.6535,-5.5826,3.6075,14.776,-19.783,-41.564,-11.304,1.2095,11.886,5.6493
18.299,8.3321,2.5638,-3.663,3.6218,11.963,-20.571,-42.548,-11.545,1.5474,11.061,3.2208
17.295,6.0102,1.7656,-2.061,3.6972,9.4591,-21.245,-43.516,-11.892,1.7735,10.162,0.97047
16.306,4.0325,1.1611,-0.72291,3.822,7.3404,-21.839,-44.453,-12.323,1.8488,9.2024,-1.0912
15.256,2.3569,0.69644,0.41877,3.9452,5.6029,-22.373,-45.328,-12.815,1.7231,8.1652,-2.976
14.046,0.92536,0.3479,1.4249,3.9909,4.2075,-22.852,-46.107,-13.357,1.3613,7.0116,-4.7129
12.609,-0.33319,0.095709,2.3577,3.8849,3.0856,-23.259,-46.762,-13.943,0.75976,5.707,-6.333
10.933,-1.5038,-0.093665,3.2849,3.5911,2.1436,-23.562,-47.277,-14.57,-0.049102,4.2468,-7.8569
9.044,-2.6802,-0.27401,4.2684,3.1384,1.276,-23.73,-47.653,-15.236,-1.0043,2.6691,-9.2873
7.0249,-3.9433,-0.51463,5.3452,2.6218,0.38563,-23.742,-47.908,-15.925,-2.0315,1.0473,-10.611
5.0387,-5.3273,-0.88254,6.5075,2.1744,-0.58801,-23.602,-48.074,-16.61,-3.061,-0.5305,-11.808
3.2943,-6.7922,-1.4148,7.6973,1.926,-1.6396,-23.339,-48.189,-17.252,-4.0422,-1.9845,-12.864
1.9755,-8.2304,-2.0958,8.8219,1.9547,-2.6962,-23.003,-48.28,-17.811,-4.9504,-3.2606,-13.776
1.2019,-9.5138,-2.8584,9.7872,2.2529,-3.6573,-22.64,-48.356,-18.255,-5.7832,-4.3346,-14.56
0.98255,-10.553,-3.6085,10.538,2.7282,-4.4486,-22.274,-48.396,-18.57,-6.5493,-5.2043,-15.231
1.1498,-11.34,-4.2563,11.09,3.2334,-5.051,-21.889,-48.357,-18.762,-7.2543,-5.8817,-15.796
1.3892,-11.94,-4.7382,11.524,3.6049,-5.4949,-21.433,-48.184,-18.845,-7.892,-6.3925,-16.25
1.3881,-12.466,-5.0271,11.951,3.7058,-5.8353,-20.838,-47.828,-18.834,-8.4449,-6.7762,-16.585
0.94474,-13.014,-5.1292,12.459,3.4644,-6.1236,-20.049,-47.258,-18.733,-8.8936,-7.0751,-16.801
-0.00047032,-13.634,-5.0721,13.081,2.8903,-6.3875,-19.054,-46.469,-18.536,-9.2262,-7.3175,-16.916
-1.3536,-14.302,-4.8953,13.782,2.068,-6.6284,-17.9,-45.486,-18.245,-9.4419,-7.5136,-16.969
-2.8769,-14.943,-4.6448,14.477,1.1418,-6.8294,-16.679,-44.358,-17.869,-9.5476,-7.6621,-17.01
-4.2482,-15.465,-4.3718,15.067,0.28548,-6.9696,-15.498,-43.143,-17.433,-9.5544,-7.7555,-17.078
-5.1694,-15.8,-4.1263,15.468,-0.34372,-7.0359,-14.437,-41.888,-16.964,-9.4758,-7.7857,-17.184
-5.4799,-15.927,-3.9503,15.647,-0.64989,-7.031,-13.526,-40.613,-16.491,-9.3286,-7.7584,-17.318
-5.2103,-15.879,-3.8714,15.633,-0.61732,-6.976,-12.747,-39.299,-16.029,-9.1314,-7.7086,-17.458
-4.5535,-15.727,-3.8977,15.5,-0.30584,-6.9069,-12.046,-37.896,-15.575,-8.9019,-7.6985,-17.592
-3.7888,-15.56,-4.0131,15.343,0.16181,-6.8635,-11.358,-36.331,-15.108,-8.6545,-7.7939,-17.725
-3.1963,-15.455,-4.1733,15.248,0.62551,-6.8734,-10.629,-34.532,-14.595,-8.4005,-8.0427,-17.881
-2.9855,-15.455,-4.3109,15.269,0.93078,-6.937,-9.8321,-32.449,-14.001,-8.1475,-8.4623,-18.091
-3.2507,-15.548,-4.3489,15.416,0.97143,-7.0229,-8.977,-30.075,-13.3,-7.8976,-9.0335,-18.377
-3.9552,-15.673,-4.2176,15.647,0.71201,-7.0738,-8.1036,-27.461,-12.48,-7.6462,-9.7002,-18.728
-4.9421,-15.735,-3.8735,15.886,0.1873,-7.0239,-7.266,-24.71,-11.543,-7.3785,-10.375,-19.092
-5.9757,-15.644,-3.3146,16.039,-0.51364,-6.8215,-6.5107,-21.956,-10.503,-7.0688,-10.958,-19.388
-6.8197,-15.349,-2.5873,16.031,-1.2739,-6.45,-5.8584,-19.323,-9.381,-6.683,-11.358,-19.533
-7.3213,-14.86,-1.7779,15.831,-1.9813,-5.938,-5.3006,-16.887,-8.1969,-6.1831,-11.51,-19.465
-7.4466,-14.254,-0.98885,15.476,-2.5585,-5.3557,-4.8051,-14.668,-6.9562,-5.5345,-11.39,-19.169
-7.2676,-13.644,-0.31012,15.048,-2.9738,-4.7932,-4.3313,-12.642,-5.6447,-4.7154,-11.006,-18.675
-6.9135,-13.134,0.19749,14.641,-3.2298,-4.3315,-3.8497,-10.771,-4.2347,-3.7257,-10.403,-18.045
-6.5048,-12.782,0.4986,14.316,-3.3372,-4.021,-3.3533,-9.0259,-2.701,-2.5878,-9.6465,-17.351
-6.1062,-12.586,0.57786,14.081,-3.294,-3.8743,-2.8572,-7.3861,-1.0304,-1.3364,-8.808,-16.644
-5.7187,-12.494,0.44258,13.898,-3.0829,-3.8722,-2.3826,-5.8286,0.78149,-0.0014779,-7.9438,-15.943
-5.3047,-12.435,0.11201,13.708,-2.6836,-3.9831,-1.9452,-4.3259,2.7332,1.4014,-7.0908,-15.235
-4.8208,-12.356,-0.40703,13.456,-2.0879,-4.1873,-1.5541,-2.8516,4.8092,2.8666,-6.269,-14.493
-4.2472,-12.235,-1.1187,13.113,-1.3139,-4.4816,-1.2152,-1.3981,6.9652,4.3876,-5.4763,-13.693
-3.6143,-12.092,-2.0006,12.696,-0.41729,-4.858,-0.93248,0.029643,9.1303,5.9524,-4.6833,-12.838
-3.0067,-11.966,-2.9734,12.267,0.5056,-5.2853,-0.70403,1.4204,11.227,7.5525,-3.8537,-11.956
-2.5312,-11.876,-3.893,11.9,1.3294,-5.697,-0.52131,2.7662,13.196,9.187,-2.9681,-11.1
-2.262,-11.781,-4.5619,11.623,1.9254,-5.9832,-0.37341,4.065,15.006,10.85,-2.0334,-10.315
-2.2023,-11.572,-4.7728,11.392,2.1904,-5.9992,-0.25271,5.3173,16.65,12.516,-1.0781,-9.6219
-2.2831,-11.107,-4.3812,11.107,2.0691,-5.6084,-0.15543,6.524,18.143,14.153,-0.13418,-9.0122
-2.3958,-10.283,-3.3632,10.665,1.5656,-4.7427,-0.081036,7.6864,19.519,15.743,0.78433,-8.4494
-2.4412,-9.0866,-1.8259,10.013,0.74252,-3.4449,-0.027729,8.8092,20.821,17.29,1.6914,-7.8828
-2.3747,-7.6129,0.028414,9.1714,-0.29297,-1.8649,0.0087092,9.8911,22.091,18.804,2.6199,-7.261
-2.232,-6.025,1.9654,8.2287,-1.4188,-0.20377,0.034647,10.923,23.343,20.282,3.6031,-6.545
-2.1141,-4.4979,3.791,7.3111,-2.5267,1.3631,0.055473,11.886,24.562,21.696,4.6554,-5.7177
-2.1264,-3.1643,5.3881,6.5335,-3.524,2.7361,0.073724,12.753,25.707,23.002,5.7675,-4.7871
-2.3094,-2.0872,6.7158,5.9614,-4.3219,3.8923,0.08867,13.499,26.73,24.149,6.9128,-3.783
-2.6055,-1.2593,7.7865,5.5945,-4.8389,4.8567,0.099095,14.107,27.59,25.093,8.0573,-2.7442
-2.8738,-0.61738,8.6138,5.3712,-5.0238,5.6697,0.10639,14.579,28.275,25.812,9.1687,-1.703
-2.9476,-0.061868,9.1687,5.191,-4.8721,6.3685,0.11388,14.937,28.804,26.316,10.226,-0.67823
-2.711,0.5157,9.4103,4.9498,-4.4254,6.9865,0.12582,15.215,29.222,26.64,11.225,0.32481
-2.163,1.194,9.3647,4.5875,-3.7674,7.5547,0.14206,15.444,29.579,26.837,12.175,1.3099
-1.4366,1.9742,9.1623,4.1183,-3.0311,8.0954,0.15685,15.639,29.915,26.959,13.09,2.2798
-0.75951,2.7568,8.993,3.6239,-2.4096,8.6,0.15934,15.791,30.239,27.041,13.976,3.2287
-0.36908,3.3888,9.0116,3.2081,-2.1122,9.0176,0.13672,15.872,30.53,27.091,14.823,4.1323
-0.41359,3.7736,9.2704,2.946,-2.2657,9.3023,0.079579,15.843,30.743,27.087,15.606,4.9464
-0.89168,3.9104,9.7159,2.8609,-2.8508,9.444,-0.012933,15.67,30.831,26.99,16.288,5.6142
-1.6506,3.8474,10.213,2.9235,-3.7128,9.4311,-0.13095,15.334,30.755,26.753,16.836,6.0834
-2.4355,3.6459,10.583,3.0663,-4.6173,9.2293,-0.25704,14.842,30.499,26.344,17.24,6.3248
-2.9768,3.3758,10.671,3.2049,-5.3285,8.82,-0.37328,14.218,30.073,25.761,17.513,6.3469
-3.0915,3.0997,10.41,3.27,-5.6855,8.2427,-0.46905,13.501,29.5,25.043,17.694,6.1993
-2.7548,2.8526,9.8418,3.2301,-5.6417,7.5867,-0.54307,12.727,28.811,24.255,17.83,5.9597
-2.1029,2.6325,9.0822,3.1011,-5.253,6.9428,-0.60302,11.925,28.035,23.464,17.958,5.7049
-1.3686,2.4085,8.2444,2.9398,-4.6381,6.3579,-0.66594,11.108,27.185,22.707,18.081,5.4852
-0.78704,2.1304,7.3821,2.8201,-3.9248,5.8131,-0.74991,10.277,26.268,21.979,18.169,5.3178
-0.5098,1.7399,6.4755,2.804,-3.2045,5.2257,-0.86399,9.4297,25.286,21.245,18.176,5.1957
-0.559,1.193,5.4645,2.9154,-2.5161,4.4803,-1.0007,8.5804,24.251,20.471,18.07,5.1052
-0.82745,0.49408,4.2979,3.1264,-1.8524,3.4962,-1.137,7.7558,23.187,19.649,17.848,5.0312
-1.1141,-0.28077,2.9707,3.3578,-1.1826,2.3006,-1.2463,6.987,22.13,18.799,17.541,4.9628
-1.1859,-0.9968,1.5528,3.5028,-0.48013,1.0404,-1.3068,6.2884,21.11,17.966,17.202,4.8978
-0.8621,-1.5161,0.19306,3.4664,0.26226,-0.090674,-1.3109,5.664,20.153,17.207,16.878,4.8442
-0.093355,-1.7617,-0.94218,3.2097,1.0211,-0.94788,-1.2722,5.0926,19.262,16.565,16.594,4.8152
1.0141,-1.7522,-1.7435,2.7678,1.7347,-1.4813,-1.2184,4.5425,18.418,16.039,16.337,4.8173
2.2502,-1.5834,-2.1801,2.2368,2.3178,-1.7231,-1.1805,3.9839,17.576,15.574,16.055,4.8421
3.3859,-1.3751,-2.2818,1.7328,2.6932,-1.7493,-1.1781,3.4011,16.684,15.087,15.68,4.8633
4.2398,-1.2176,-2.1157,1.3463,2.8199,-1.644,-1.2113,2.7973,15.702,14.503,15.163,4.8477
4.7123,-1.1475,-1.7692,1.1187,2.7054,-1.4803,-1.2625,2.1918,14.621,13.787,14.502,4.765
4.7969,-1.1566,-1.3397,1.0416,2.404,-1.3169,-1.3082,1.6101,13.468,12.954,13.741,4.5935
4.5744,-1.2167,-0.92655,1.0742,2.0045,-1.2009,-1.3332,1.0672,12.284,12.049,12.95,4.3197
4.1804,-1.2997,-0.61933,1.1621,1.6114,-1.1658,-1.3402,0.5687,11.11,11.128,12.187,3.9433
3.7508,-1.3913,-0.48406,1.2613,1.3198,-1.2298,-1.3453,0.10558,9.9713,10.235,11.482,3.4857
3.3711,-1.5024,-0.55753,1.356,1.194,-1.4011,-1.3724,-0.33911,8.8649,9.3881,10.829,2.9898
3.0572,-1.6778,-0.84738,1.4734,1.2562,-1.6859,-1.4441,-0.781,7.7703,8.5702,10.19,2.4994
2.7762,-1.9813,-1.3293,1.6768,1.4835,-2.089,-1.5728,-1.2283,6.6591,7.7435,9.5179,2.0323
2.4818,-2.462,-1.9424,2.0229,1.8089,-2.6036,-1.7514,-1.6704,5.5187,6.8719,8.7816,1.5753
2.1358,-3.1168,-2.592,2.5158,2.1314,-3.1946,-1.9546,-2.0845,4.3611,5.9429,7.9804,1.1042
1.7086,-3.8776,-3.1658,3.1019,2.3402,-3.7928,-2.1499,-2.4487,3.2137,4.9717,7.1402,0.60747
1.1812,-4.6369,-3.5615,3.7044,2.349,-4.3122,-2.3157,-2.7572,2.0974,3.9871,6.2896,0.082816
0.55774,-5.294,-3.7163,4.2576,2.1235,-4.6825,-2.4522,-3.0249,1.0148,3.0186,5.4417,-0.46831
-0.12289,-5.7915,-3.6273,4.7218,1.692,-4.8748,-2.5761,-3.2775,-0.041048,2.0905,4.5953,-1.0368
-0.78804,-6.129,-3.3531,5.0837,1.1396,-4.91,-2.7081,-3.5328,-1.0705,1.2218,3.7497,-1.5902
-1.3477,-6.3527,-2.9966,5.3511,0.58614,-4.8463,-2.8605,-3.8022,-2.063,0.42505,2.9184,-2.0682
-1.7199,-6.5284,-2.6707,5.5448,0.15218,-4.756,-3.0316,-4.0834,-3.0049,-0.29764,2.1255,-2.4039
-1.8536,-6.7105,-2.4646,5.6891,-0.076345,-4.6992,-3.214,-4.3726,-3.8867,-0.95568,1.3947,-2.5567
-1.7432,-6.9202,-2.4224,5.8028,-0.069614,-4.7072,-3.4001,-4.6686,-4.7023,-1.5649,0.73704,-2.5344
-1.4298,-7.1441,-2.5417,5.8937,0.14429,-4.7816,-3.5821,-4.97,-5.4452,-2.1398,0.14501,-2.392
-0.99385,-7.3499,-2.7835,5.9617,0.49576,-4.9043,-3.7473,-5.268,-6.109,-2.689,-0.40556,-2.2138
-0.53904,-7.5081,-3.0901,6.0062,0.90112,-5.0508,-3.8753,-5.5449,-6.6911,-3.2139,-0.94358,-2.0854
-0.16846,-7.6116,-3.4105,6.0345,1.2898,-5.2061,-3.9419,-5.7791,-7.1921,-3.7088,-1.4878,-2.0663
0.041598,-7.6854,-3.7273,6.0653,1.6223,-5.3781,-3.9293,-5.9499,-7.6101,-4.162,-2.0333,-2.1674
0.059601,-7.7811,-4.0591,6.1255,1.894,-5.5952,-3.8347,-6.0526,-7.9435,-4.5575,-2.5477,-2.346
-0.099009,-7.9552,-4.4316,6.2405,2.1206,-5.8858,-3.6794,-6.1009,-8.1945,-4.8823,-2.9831,-2.5255
-0.38569,-8.2396,-4.8413,6.4223,2.3097,-6.2533,-3.5055,-6.1277,-8.3794,-5.1344,-3.2987,-2.6365
-0.74157,-8.6202,-5.239,6.6622,2.442,-6.6592,-3.3633,-6.1784,-8.5316,-5.329,-3.4823,-2.656
-1.1199,-9.0319,-5.5395,6.9311,2.4721,-7.0217,-3.2941,-6.2944,-8.693,-5.4957,-3.5593,-2.6217
-1.496,-9.3752,-5.6475,7.1864,2.3436,-7.2385,-3.3128,-6.4957,-8.8965,-5.6681,-3.5837,-2.6115
-1.8605,-9.5523,-5.4863,7.3825,2.0098,-7.2254,-3.4012,-6.7694,-9.1506,-5.8685,-3.6169,-2.7011
-2.2057,-9.5022,-5.025,7.482,1.4575,-6.9485,-3.516,-7.0728,-9.4355,-6.0981,-3.7049,-2.9258
-2.5191,-9.2211,-4.2971,7.4674,0.72262,-6.4363,-3.606,-7.3467,-9.7117,-6.3361,-3.863,-3.2669
-2.7874,-8.7603,-3.3992,7.3466,-0.11089,-5.7717,-3.6319,-7.537,-9.935,-6.5507,-4.0738,-3.6655
-3.0062,-8.2067,-2.4687,7.1493,-0.93052,-5.0683,-3.5808,-7.6134,-10.073,-6.7152,-4.2997,-4.05
-3.1827,-7.6552,-1.6452,6.9162,-1.6256,-4.4401,-3.4708,-7.582,-10.116,-6.822,-4.5013,-4.3626
-3.3306,-7.1823,-1.0334,6.6839,-2.1165,-3.9733,-3.3414,-7.4814,-10.084,-6.8845,-4.6548,-4.5766
-3.4574,-6.8282,-0.67786,6.4717,-2.3735,-3.7083,-3.2342,-7.3653,-10.018,-6.9287,-4.7579,-4.6994
-3.5533,-6.588,-0.55908,6.2753,-2.4181,-3.6323,-3.174,-7.2778,-9.9675,-6.9771,-4.8233,-4.7635
-3.5882,-6.4148,-0.60742,6.0708,-2.3066,-3.6835,-3.1604,-7.2384,-9.9717,-7.0374,-4.8665,-4.812
-3.5189,-6.2413,-0.73231,5.8308,-2.1032,-3.7725,-3.176,-7.2441,-10.053,-7.1015,-4.898,-4.8869
-3.3043,-6.015,-0.85647,5.544,-1.8554,-3.8167,-3.202,-7.2829,-10.217,-7.1544,-4.9234,-5.0206
-2.9215,-5.7292,-0.94116,5.2265,-1.5846,-3.7756,-3.2307,-7.3445,-10.451,-7.1847,-4.9452,-5.2252
-2.3752,-5.426,-0.9956,4.9146,-1.2886,-3.6657,-3.2638,-7.4201,-10.73,-7.188,-4.9623,-5.4827
-1.6981,-5.1693,-1.0683,4.6423,-0.95041,-3.5457,-3.3038,-7.496,-11.02,-7.1689,-4.9712,-5.7449
-0.94714,-5.0069,-1.2196,4.4238,-0.5496,-3.4816,-3.3461,-7.5522,-11.284,-7.1411,-4.9749,-5.9562
-0.19881,-4.9504,-1.4878,4.2537,-0.078983,-3.5138,-3.381,-7.5686,-11.499,-7.1269,-4.9907,-6.0845
0.45908,-4.9843,-1.8702,4.1226,0.43651,-3.6509,-3.3952,-7.5331,-11.651,-7.1502,-5.0494,-6.139
0.93938,-5.0892,-2.3282,4.0315,0.93469,-3.8808,-3.3739,-7.4441,-11.746,-7.2285,-5.1828,-6.1637
1.1681,-5.2584,-2.7991,3.9978,1.3306,-4.1816,-3.3036,-7.3062,-11.794,-7.3648,-5.4087,-6.2135
1.0978,-5.4993,-3.2096,4.0493,1.5408,-4.5226,-3.1787,-7.1271,-11.816,-7.5464,-5.7222,-6.3278
0.72202,-5.8188,-3.4873,4.2093,1.5061,-4.8615,-3.005,-6.9165,-11.832,-7.7482,-6.0945,-6.5128
0.087611,-6.2029,-3.5739,4.4795,1.2084,-5.1432,-2.7949,-6.6853,-11.855,-7.9393,-6.4789,-6.7366
-0.70495,-6.6069,-3.4393,4.8296,0.67793,-5.3094,-2.5621,-6.4457,-11.891,-8.0911,-6.8209,-6.9407
-1.5181,-6.9694,-3.0969,5.2036,-0.0083801,-5.3225,-2.3191,-6.2132,-11.934,-8.1852,-7.0717,-7.0614
-2.2067,-7.2425,-2.6123,5.5385,-0.73589,-5.1883,-2.0793,-6.0073,-11.98,-8.2165,-7.202,-7.0538
-2.6533,-7.4119,-2.0925,5.7874,-1.3711,-4.9583,-1.8567,-5.8467,-12.025,-8.1923,-7.209,-6.9062
-2.7988,-7.4972,-1.6611,5.9344,-1.7897,-4.7124,-1.661,-5.7406,-12.075,-8.1261,-7.1147,-6.6418
-2.6603,-7.5429,-1.4296,5.9987,-1.9066,-4.5358,-1.4923,-5.6829,-12.136,-8.0335,-6.9569,-6.3089
-2.3269,-7.609,-1.4711,6.0281,-1.6987,-4.5,-1.3413,-5.6547,-12.218,-7.9298,-6.7765,-5.9651
-1.9321,-7.7565,-1.7991,6.0825,-1.2107,-4.6474,-1.1934,-5.6308,-12.328,-7.8274,-6.6061,-5.6595
-1.6094,-8.0261,-2.3609,6.2098,-0.54642,-4.978,-1.0329,-5.5838,-12.459,-7.7316,-6.4597,-5.416
-1.4508,-8.4144,-3.0463,6.4243,0.15315,-5.4412,-0.84528,-5.4861,-12.594,-7.6361,-6.3302,-5.226
-1.4842,-8.8632,-3.7097,6.699,0.74273,-5.9394,-0.62098,-5.3135,-12.699,-7.5252,-6.1933,-5.0553
-1.6742,-9.2737,-4.2034,6.9788,1.1078,-6.3487,-0.36014,-5.0552,-12.744,-7.3815,-6.0227,-4.8651
-1.9396,-9.5458,-4.4149,7.2051,1.1898,-6.5591,-0.076492,-4.7233,-12.709,-7.1965,-5.8088,-4.6344
-2.1806,-9.6232,-4.2978,7.3426,0.99507,-6.5127,0.2051,-4.355,-12.599,-6.977,-5.5717,-4.3719
-2.3152,-9.518,-3.8867,7.3921,0.58939,-6.2242,0.45652,-4.0019,-12.438,-6.7451,-5.3572,-4.1127
-2.3091,-9.3061,-3.2868,7.3882,0.076658,-5.7759,0.6553,-3.7117,-12.263,-6.529,-5.2177,-3.9025
-2.1869,-9.0956,-2.6412,7.3827,-0.43168,-5.2891,0.79069,-3.5127,-12.108,-6.3505,-5.1879,-3.7746
-2.0194,-8.9868,-2.0885,7.4243,-0.84743,-4.8854,0.86528,-3.4067,-11.997,-6.2154,-5.2695,-3.7342
-1.9001,-9.0415,-1.726,7.5439,-1.1271,-4.652,0.89209,-3.3729,-11.935,-6.111,-5.4316,-3.7605
-1.921,-9.2731,-1.5912,7.7525,-1.2773,-4.6247,0.88864,-3.3776,-11.904,-6.0105,-5.6201,-3.8185
-2.1521,-9.6593,-1.6676,8.0492,-1.3402,-4.7916,0.8716,-3.3836,-11.876,-5.8821,-5.7738,-3.874
-2.6174,-10.162,-1.9059,8.4304,-1.3628,-5.1098,0.85382,-3.3573,-11.816,-5.6979,-5.8405,-3.9018
-3.2745,-10.743,-2.2503,8.887,-1.3695,-5.523,0.84379,-3.2722,-11.696,-5.4418,-5.7904,-3.8886
-4.0083,-11.357,-2.6567,9.3915,-1.3509,-5.9752,0.84586,-3.1127,-11.498,-5.1138,-5.625,-3.8326
-4.6556,-11.959,-3.0991,9.8908,-1.2711,-6.4221,0.85992,-2.8789,-11.224,-4.7329,-5.3794,-3.7437
-5.0546,-12.504,-3.5715,10.321,-1.0851,-6.8399,0.88071,-2.5903,-10.893,-4.3361,-5.1148,-3.646
-5.1034,-12.962,-4.0829,10.634,-0.76054,-7.2263,0.89844,-2.2818,-10.542,-3.9696,-4.901,-3.5766
-4.7986,-13.326,-4.6387,10.822,-0.29906,-7.5879,0.90216,-1.9933,-10.212,-3.6749,-4.7941,-3.5751
-4.2392,-13.605,-5.2133,10.914,0.25198,-7.9228,0.88485,-1.7543,-9.9346,-3.4723,-4.8173,-3.6657
-3.5935,-13.81,-5.7414,10.961,0.80276,-8.2132,0.84707,-1.5755,-9.7206,-3.3514,-4.9519,-3.8406
-3.0427,-13.95,-6.1324,11.012,1.2407,-8.4264,0.796,-1.4485,-9.5558,-3.2748,-5.1402,-4.0607
-2.7234,-14.015,-6.299,11.096,1.4614,-8.5208,0.73987,-1.3553,-9.4133,-3.1964,-5.3073,-4.2755
-2.6895,-13.983,-6.1818,11.208,1.3983,-8.4542,0.68167,-1.2785,-9.2698,-3.0855,-5.3968,-4.4516
-2.9053,-13.825,-5.7615,11.317,1.041,-8.1964,0.61879,-1.2087,-9.1188,-2.9451,-5.401,-4.5892
-3.2669,-13.514,-5.061,11.366,0.4344,-7.7431,0.54463,-1.1419,-8.9717,-2.8124,-5.3659,-4.7203
-3.6442,-13.041,-4.1437,11.3,-0.33508,-7.1226,0.45804,-1.074,-8.8473,-2.7389,-5.3668,-4.8893
-3.933,-12.423,-3.1059,11.088,-1.1627,-6.3943,0.36849,-0.99497,-8.7595,-2.7637,-5.4718,-5.1303
-4.0973,-11.709,-2.0598,10.742,-1.9509,-5.6378,0.29462,-0.89031,-8.7117,-2.8973,-5.713,-5.4538
-4.1767,-10.98,-1.1167,10.319,-2.6261,-4.9401,0.25715,-0.74727,-8.6999,-3.121,-6.0763,-5.8446
-4.2521,-10.329,-0.37299,9.9088,-3.1392,-4.3812,0.27039,-0.56277,-8.7168,-3.3968,-6.5064,-6.2686
-4.3816,-9.8412,0.1038,9.5937,-3.4578,-4.018,0.33559,-0.34881,-8.7548,-3.6791,-6.9235,-6.6816
-4.553,-9.5535,0.28795,9.4108,-3.5609,-3.8679,0.43676,-0.13451,-8.8079,-3.9291,-7.2459,-7.0418
-4.679,-9.4355,0.20134,9.3313,-3.4404,-3.8995,0.54065,0.036023,-8.8773,-4.128,-7.4149,-7.3225
-4.6304,-9.3949,-0.093867,9.2715,-3.1044,-4.0402,0.60304,0.11228,-8.9746,-4.2843,-7.4144,-7.5225
-4.2891,-9.3204,-0.51413,9.1349,-2.5798,-4.2014,0.58133,0.052849,-9.1198,-4.4314,-7.2754,-7.6663
-3.6023,-9.1375,-0.97646,8.8628,-1.9133,-4.3116,0.4494,-0.15695,-9.3303,-4.6117,-7.0624,-7.7943
-2.6173,-8.8425,-1.4149,8.4628,-1.1691,-4.3405,0.20836,-0.49398,-9.6078,-4.8568,-6.8493,-7.9452
-1.4738,-8.4942,-1.7877,7.9977,-0.42373,-4.301,-0.11228,-0.89936,-9.9313,-5.1733,-6.6968,-8.1399
-0.35832,-8.1705,-2.0735,7.5472,0.24316,-4.2285,-0.46097,-1.294,-10.261,-5.5412,-6.6379,-8.374
0.55771,-7.9232,-2.2619,7.1712,0.76148,-4.1524,-0.7797,-1.6018,-10.553,-5.9255,-6.6736,-8.6219
1.1637,-7.7616,-2.347,6.8941,1.0829,-4.0837,-1.0233,-1.7736,-10.77,-6.2911,-6.7781,-8.8524
1.4284,-7.6623,-2.332,6.7081,1.1906,-4.0203,-1.1771,-1.804,-10.896,-6.6156,-6.912,-9.0435
1.3927,-7.5919,-2.2353,6.5882,1.1027,-3.9593,-1.2646,-1.7336,-10.939,-6.8949,-7.0387,-9.1897
1.1475,-7.5268,-2.0919,6.5079,0.86951,-3.9037,-1.3351,-1.6349,-10.933,-7.1412,-7.138,-9.298
0.80554,-7.4667,-1.945,6.4546,0.56207,-3.8646,-1.4423,-1.5854,-10.919,-7.3749,-7.2098,-9.3778
0.4705,-7.4335,-1.833,6.4353,0.25569,-3.8566,-1.6199,-1.6419,-10.935,-7.6121,-7.2655,-9.4332
0.20881,-7.4551,-1.7782,6.4671,0.010643,-3.8889,-1.8731,-1.8248,-10.997,-7.8567,-7.3141,-9.4601
0.04184,-7.5418,-1.7802,6.5568,-0.14096,-3.954,-2.182,-2.1165,-11.096,-8.0985,-7.3531,-9.4506
-0.032055,-7.6705,-1.8176,6.6842,-0.1968,-4.0241,-2.5109,-2.4695,-11.203,-8.3152,-7.3693,-9.3966
-0.013154,-7.7839,-1.8557,6.7987,-0.17736,-4.0596,-2.8175,-2.8182,-11.273,-8.4789,-7.348,-9.29
0.096673,-7.8045,-1.8575,6.8319,-0.11653,-4.0224,-3.0589,-3.0905,-11.255,-8.5619,-7.2813,-9.1197
0.27488,-7.6544,-1.7947,6.7208,-0.051426,-3.8846,-3.1962,-3.2191,-11.093,-8.5423,-7.1725,-8.8719
0.46964,-7.2733,-1.6543,6.4333,-0.011843,-3.6277,-3.1987,-3.1518,-10.74,-8.4071,-7.0322,-8.5331
0.6144,-6.6243,-1.4353,5.9794,-0.012067,-3.2283,-3.0484,-2.8595,-10.161,-8.1513,-6.87,-8.0936
0.66616,-5.6842,-1.1334,5.3943,-0.047402,-2.6358,-2.7393,-2.3394,-9.3328,-7.7749,-6.6847,-7.5451
0.6476,-4.4443,-0.72301,4.6998,-0.097321,-1.7735,-2.271,-1.6104,-8.2473,-7.2805,-6.4577,-6.8745
0.66319,-2.9499,-0.15993,3.8763,-0.13599,-0.60783,-1.6406,-0.70377,-6.9112,-6.6697,-6.1529,-6.0623
0.87945,-1.2864,0.59693,2.8604,-0.14758,0.78429,-0.83818,0.3481,-5.346,-5.935,-5.7214,-5.0898
1.481,0.59107,1.582,1.5519,-0.13854,2.3498,0.15462,1.5212,-3.5809,-5.0507,-5.1061,-3.9475
2.6113,2.9315,2.8528,-0.16745,-0.14084,4.2284,1.3672,2.8071,-1.6356,-3.9721,-4.2454,-2.6289
4.3137,6.0196,4.5029,-2.3974,-0.20408,6.6601,2.8487,4.2174,0.49855,-2.6451,-3.0807,-1.1175
6.5029,10.016,6.6319,-5.1742,-0.37699,9.8157,4.6802,5.7862,2.8629,-1.0175,-1.5651,0.61846
8.9884,14.908,9.2976,-8.4402,-0.68453,13.738,6.9872,7.5659,5.5123,0.95678,0.33014,2.6128
11.538,20.492,12.463,-12.041,-1.112,18.318,9.9347,9.619,8.4764,3.3184,2.6065,4.875
13.951,26.327,15.925,-15.744,-1.6039,23.222,13.666,12.003,11.717,6.0897,5.2155,7.3615
16.087,31.748,19.283,-19.283,-2.0776,27.856,18.159,14.751,15.117,9.2248,8.0297,9.9662
17.863,36.125,22.059,-22.428,-2.4492,31.576,23.101,17.86,18.524,12.545,10.851,12.556
19.258,39.228,23.946,-25.072,-2.6632,34.035,28.037,21.293,21.818,15.768,13.483,15.034
20.348,41.361,24.931,-27.292,-2.7144,35.348,32.688,24.997,24.953,18.688,15.841,17.373
21.309,43.153,25.233,-29.244,-2.6462,35.952,37.06,28.929,27.959,21.322,18.004,19.591
22.333,45.14,25.183,-30.965,-2.5247,36.361,41.272,33.061,30.9,23.851,20.167,21.709
23.555,47.403,25.12,-32.382,-2.4057,36.967,45.37,37.357,33.827,26.445,22.504,23.728
25.047,49.645,25.281,-33.493,-2.3084,37.914,49.262,41.732,36.735,29.137,25.043,25.611
26.806,51.58,25.651,-34.4,-2.2027,39.077,52.785,46.028,39.559,31.837,27.65,27.294
28.731,53.077,25.911,-35.202,-2.0122,40.176,55.8,50.036,42.2,34.414,30.147,28.715
30.704,54.085,25.651,-35.929,-1.6308,40.959,58.252,53.552,44.57,36.745,32.405,29.848
32.666,54.597,24.701,-36.563,-0.95869,41.295,60.166,56.422,46.616,38.742,34.349,30.711
34.598,54.666,23.114,-37.084,0.064974,41.14,61.596,58.575,48.331,40.377,35.946,31.36
36.534,54.397,21.011,-37.494,1.4657,40.508,62.504,60.014,49.742,41.688,37.218,31.865
38.574,53.916,18.569,-37.82,3.2472,39.439,62.637,60.781,50.892,42.756,38.246,32.291
40.827,53.297,16.007,-38.089,5.3715,37.971,61.546,60.918,51.807,43.664,39.154,32.674
43.304,52.539,13.504,-38.318,7.7327,36.142,58.92,60.419,52.472,44.469,40.084,33.009
45.872,51.614,11.151,-38.5,10.166,34.066,54.908,59.218,52.825,45.157,41.092,33.251
48.298,50.528,8.9551,-38.609,12.5,31.945,49.977,57.215,52.769,45.588,42.005,33.319
50.319,49.307,6.8683,-38.607,14.622,29.915,44.559,54.357,52.211,45.518,42.502,33.136
51.682,47.931,4.8376,-38.45,16.511,27.933,38.892,50.678,51.099,44.727,42.344,32.654
52.172,46.325,2.8782,-38.102,18.223,25.834,33.043,46.311,49.431,43.113,41.441,31.86
51.665,44.396,1.0887,-37.549,19.794,23.462,27.009,41.453,47.25,40.706,39.8,30.757
50.198,42.073,-0.42851,-36.815,21.093,20.771,20.856,36.326,44.63,37.654,37.509,29.349
48.038,39.352,-1.6506,-35.968,21.849,17.888,14.807,31.135,41.673,34.175,34.719,27.653
45.643,36.319,-2.6344,-35.104,22.017,15.026,9.2001,26.032,38.504,30.499,31.627,25.709
43.535,33.139,-3.4715,-34.328,21.925,12.342,4.3356,21.11,35.258,26.852,28.45,23.589
42.147,29.979,-4.2465,-33.717,21.978,9.8853,0.37418,16.434,32.067,23.459,25.423,21.398
41.704,26.935,-5.0326,-33.298,22.427,7.6489,-2.7015,12.079,29.021,20.493,22.745,19.249
42.162,23.995,-5.9182,-33.04,23.356,5.609,-5.0836,8.1457,26.14,17.985,20.495,17.213
43.258,21.091,-7.0108,-32.871,24.735,3.7341,-7.0388,4.7243,23.374,15.79,18.602,15.29
44.643,18.187,-8.3959,-32.697,26.462,1.9927,-8.7494,1.8385,20.649,13.673,16.894,13.431
46.015,15.349,-10.088,-32.431,28.409,0.37082,-10.254,-0.5638,17.924,11.482,15.204,11.611
47.186,12.732,-12.012,-32.014,30.491,-1.1193,-11.508,-2.5696,15.236,9.2743,13.456,9.8697
48.093,10.468,-14.007,-31.426,32.682,-2.4467,-12.467,-4.2606,12.678,7.234,11.672,8.274
48.801,8.6006,-15.854,-30.68,34.986,-3.5717,-13.138,-5.702,10.34,5.5097,9.9424,6.8608
49.487,7.1054,-17.315,-29.773,37.312,-4.4553,-13.568,-6.9505,8.2648,4.1437,8.3721,5.6309
50.301,5.9254,-18.198,-28.656,39.234,-5.0714,-13.824,-8.0625,6.4424,3.111,7.0301,4.5792
50.979,4.9772,-18.417,-27.221,40.069,-5.4225,-13.97,-9.0941,4.8306,2.3623,5.9262,3.7073
50.795,4.1453,-18.016,-25.366,39.586,-5.5456,-14.042,-10.095,3.3774,1.8335,5.0222,3.0087
49.78,3.3097,-17.132,-23.077,38.091,-5.5028,-14.05,-11.103,2.0351,1.4417,4.2479,2.4498
48.318,2.3975,-15.929,-20.442,35.818,-5.3598,-13.984,-12.131,0.77236,1.0962,3.5219,1.97
46.149,1.4063,-14.549,-17.585,32.815,-5.1681,-13.829,-13.17,-0.4166,0.72342,2.778,1.5056
42.885,0.37754,-13.034,-14.596,29.164,-4.9596,-13.577,-14.191,-1.515,0.28823,1.9846,1.0151
38.396,-0.64406,-11.354,-11.563,25.007,-4.7514,-13.244,-15.164,-2.501,-0.20458,1.1453,0.48723
32.749,-1.6344,-9.5207,-8.5998,20.442,-4.5548,-12.872,-16.08,-3.3682,-0.72654,0.28636,-0.069969
26.181,-2.594,-7.6372,-5.8012,15.554,-4.381,-12.524,-16.959,-4.1341,-1.2426,-0.55694,-0.64084
19.174,-3.5387,-5.8684,-3.2044,10.581,-4.2479,-12.258,-17.847,-4.8337,-1.7196,-1.3466,-1.205
12.486,-4.4822,-4.3885,-0.82308,6.0331,-4.1809,-12.112,-18.792,-5.5058,-2.1299,-2.044,-1.737
6.8939,-5.4219,-3.3207,1.3106,2.5241,-4.2043,-12.095,-19.827,-6.1805,-2.4569,-2.6151,-2.211
2.8869,-6.3373,-2.7026,3.1496,0.41972,-4.3289,-12.202,-20.968,-6.8719,-2.7006,-3.0403,-2.6113
0.63525,-7.201,-2.4841,4.6665,-0.37697,-4.5426,-12.429,-22.208,-7.5798,-2.8812,-3.3258,-2.9428
-0.013819,-7.9892,-2.5456,5.8789,-0.32474,-4.8094,-12.788,-23.536,-8.2987,-3.035,-3.5042,-3.2317
0.32325,-8.6844,-2.7271,6.8497,0.056462,-5.0751,-13.297,-24.94,-9.0244,-3.2018,-3.6229,-3.5155
0.70023,-9.2729,-2.8623,7.6626,0.40662,-5.2794,-13.961,-26.401,-9.7491,-3.4035,-3.7232,-3.8259
0.55166,-9.7457,-2.8126,8.387,0.52175,-5.3717,-14.755,-27.886,-10.455,-3.6286,-3.8239,-4.1752
-0.050644,-10.105,-2.4976,9.0567,0.2899,-5.3278,-15.631,-29.352,-11.114,-3.836,-3.9208,-4.554
-0.95053,-10.368,-1.916,9.6745,-0.31452,-5.1594,-16.532,-30.763,-11.702,-3.9778,-3.997,-4.9383
-2.0532,-10.565,-1.1462,10.228,-1.2245,-4.9083,-17.413,-32.103,-12.206,-4.0242,-4.0371,-5.3007
-3.2215,-10.723,-0.31529,10.701,-2.2943,-4.6288,-18.25,-33.379,-12.631,-3.9757,-4.0352,-5.619
-4.2727,-10.858,0.44593,11.073,-3.3417,-4.3698,-19.041,-34.603,-13.001,-3.8621,-3.9989,-5.8806
-5.0413,-10.972,1.031,11.327,-4.1999,-4.1678,-19.795,-35.78,-13.35,-3.7303,-3.9475,-6.0835
-5.4377,-11.061,1.3627,11.45,-4.7514,-4.0486,-20.526,-36.906,-13.713,-3.627,-3.9051,-6.2347
-5.4665,-11.13,1.3967,11.448,-4.9386,-4.03,-21.247,-37.971,-14.113,-3.5803,-3.8878,-6.3453
-5.2023,-11.201,1.1236,11.345,-4.7644,-4.1264,-21.958,-38.967,-14.555,-3.588,-3.8924,-6.425
-4.746,-11.308,0.56273,11.175,-4.2786,-4.3516,-22.65,-39.896,-15.022,-3.6198,-3.8925,-6.4795
-4.1874,-11.488,-0.24519,10.975,-3.5484,-4.7126,-23.304,-40.767,-15.489,-3.633,-3.847,-6.5123
-3.5716,-11.755,-1.2375,10.775,-2.6277,-5.1974,-23.898,-41.596,-15.927,-3.5938,-3.7201,-6.5278
-2.8801,-12.089,-2.3334,10.589,-1.5517,-5.7656,-24.419,-42.405,-16.326,-3.4936,-3.5006,-6.5316
-2.0693,-12.433,-3.448,10.408,-0.36606,-6.3523,-24.865,-43.212,-16.692,-3.3515,-3.21,-6.5294
-1.127,-12.713,-4.5125,10.203,0.84306,-6.8837,-25.243,-44.024,-17.041,-3.2025,-2.8907,-6.5242
-0.044309,-12.857,-5.4792,9.9319,1.9712,-7.2971,-25.564,-44.828,-17.391,-3.0767,-2.5799,-6.5152
1.2177,-12.823,-6.3132,9.5588,2.9635,-7.5563,-25.833,-45.596,-17.739,-2.98,-2.2839,-6.4975
2.6589,-12.612,-6.984,9.0719,3.8391,-7.6573,-26.051,-46.289,-18.058,-2.8877,-1.9682,-6.4633
4.1714,-12.263,-7.4683,8.4947,4.6216,-7.6263,-26.217,-46.878,-18.301,-2.7574,-1.5733,-6.4106
5.5666,-11.849,-7.7584,7.8869,5.2809,-7.5108,-26.334,-47.355,-18.433,-2.5562,-1.0519,-6.355
6.632,-11.467,-7.8656,7.339,5.7565,-7.3695,-26.405,-47.738,-18.453,-2.2891,-0.41137,-6.3374
7.1771,-11.231,-7.8165,6.9627,5.9993,-7.2605,-26.425,-48.069,-18.423,-2.0224,0.25503,-6.4185
7.0823,-11.242,-7.6493,6.8708,5.9851,-7.229,-26.365,-48.394,-18.468,-1.8908,0.76366,-6.6671
6.3397,-11.558,-7.4138,7.1434,5.6978,-7.3002,-26.161,-48.744,-18.769,-2.0646,0.88427,-7.1453
5.092,-12.149,-7.181,7.7874,5.1283,-7.4865,-25.709,-49.11,-19.529,-2.6513,0.46095,-7.8847
3.6183,-12.89,-7.0486,8.7098,4.3329,-7.8052,-24.847,-49.399,-20.957,-3.543,-0.30256,-8.8471
2.1858,-13.58,-7.1199,9.7147,3.4967,-8.2635,-23.362,-49.385,-23.149,-4.0375,0.91057,-9.51
1.042,-14.034,-7.4834,10.539,2.8973,-8.7738,-21.133,-48.64,-25.668,-2.4724,5.677,-7.0801
0.48873,-14.309,-8.2246,11.045,2.7342,-9.1828,-19.732,-46.357,-27.452,-0.67774,8.5112,-3.1324
0.57415,-14.677,-9.3935,11.366,3.0313,-9.494,-28.283,-41.853,-27.164,1.0516,11.467,-0.65923
1.0729,-15.232,-10.939,11.5,3.6951,-10.06,-31.287,-56.532,-22.951,7.3378,14.146,0.8631
2.346,-15.796,-12.892,10.782,4.5795,-11.9,-30.388,-63.129,-22.442,7.4956,14.237,0.46856
7.2605,-19.913,-16.048,8.5002,5.6314,-19.33,-28.298,-64.509,-27.383,2.4351,9.9819,-3.579
4.3525,-29.96,-22.492,13.135,8.0238,-29.548,-23.963,-66.585,-39.091,-10.466,-1.4628,-13.659
-0.58828,-44.068,-31.417,21.778,12.321,-39.601,-16.107,-67.778,-58.189,-34.244,-24.159,-30.525
-7.6255,-60.386,-36.952,34.025,10.378,-49.388,-3.7814,-64.553,-80.789,-63.956,-54.379,-53.992
-17.186,-73.59,-37.813,46.84,7.4124,-56.089,15.06,-51.317,-97.933,-86.65,-79.406,-77.093
-25.579,-78.356,-34.928,54.14,4.0212,-56.925,44.679,-20.846,-98.907,-94.564,-93.262,-91.855
-26.093,-71.002,-27.902,51.244,0.94585,-49.604,88.577,35.379,-72.921,-78.391,-88.199,-93.491
-15.637,-49.097,-16.466,35.945,-0.056634,-32.468,145.52,127.18,-9.672,-29.477,-57.107,-78.035
6.646,-11.335,-1.3663,6.8791,2.765,-4.8951,216.44,260.79,98.829,58.058,4.8661,-43.214
42.309,42.691,16.328,-37.297,9.9972,32.374,298.8,431.88,255.86,187.29,100.38,12.187
93.016,112.58,35.148,-97.633,24.762,77.362,382.41,631.23,458.88,358.46,230.18,88.948
160.25,197.3,51.838,-174.34,51.63,127.5,452.76,839.54,700.56,568.36,393.01,187.02
245.62,295.87,64.113,-267.35,88.492,181.74,496.73,1032.6,969.84,809.99,585.18,304.99
347.16,407.12,73.03,-374.73,134.05,240.97,506.61,1189.5,1251.9,1072.8,799.95,440.39
459.15,529.62,83.003,-492.75,185.6,307.34,481.65,1297,1529.4,1342.9,1027.3,589.5
573.02,660.47,99.833,-615.65,235.51,382.01,425.99,1349.3,1784.1,1602.9,1253.5,746.39
678.4,793.09,127.28,-734.9,275.7,462.92,345.12,1344.9,1997.2,1831.4,1460.7,901.61
764.06,915.32,163.95,-838.85,300.47,543.05,243.06,1282.2,2147.8,2001.5,1626.7,1041.4
818.73,1009.8,203.08,-913.35,307.6,610.4,122,1157.8,2212.4,2083.5,1725.8,1148.6
832.31,1057.5,235.69,-943.98,297.06,651.19,-15.337,968.83,2169.5,2050.9,1734.4,1205.4
797.97,1044.7,255.11,-920.27,269.39,655.24,-163.07,718.35,2007.1,1890.1,1638.4,1198.2
715.35,968.7,259.87,-840.48,225.57,620.43,-311.72,419.23,1730.2,1609.5,1441.3,1123.5
593.18,840.28,252.75,-714.25,168.63,553.41,-450.66,93.461,1363.2,1242,1166.9,990.69
449.07,680.65,237.3,-560.97,105.21,466.2,-571.36,-231.9,945.2,836.73,854.48,820.74
305.15,514.26,215.16,-404.2,44.968,371.66,-668.79,-529.66,519.91,444.96,547,639.36
181.38,361.86,186.68,-264.85,-2.7195,280.42,-740.55,-777.44,126.62,106.73,279.66,469.72
90.107,236.78,153.14,-156.28,-32.342,199.96,-784.89,-960.26,-205.12,-155.18,73.135,327.32
34.012,144.87,118.32,-82.816,-43.794,135.03,-799.85,-1070.5,-456.45,-333.94,-67.045,218.85
7.6753,85.637,87.694,-41.026,-41.782,88.357,-784.35,-1107.4,-618.53,-434.28,-146.92,143.6
1.1433,54.14,66.149,-22.822,-33.702,60.63,-740.22,-1078.2,-692.73,-468.25,-179.26,96.061
3.7655,43.56,56.327,-18.897,-26.694,50.049,-673.26,-997.48,-691.05,-452.09,-179.06,68.633
7.0593,46.848,58.298,-21.201,-25.613,52.813,-592.35,-885.1,-634.72,-403.76,-160.29,54.187
5.9498,57.854,70.426,-24.194,-31.98,64.798,-507.12,-761.27,-549.01,-340.55,-133.9,47.233
-1.0916,71.791,89.428,-25.057,-44.477,81.855,-425.63,-641.76,-455.53,-277.07,-107.28,43.873
-13.173,84.791,110.82,-23.24,-60.419,99.62,-352.19,-535.08,-369.15,-221.93,-84.676,41.561
-27.324,93.618,129.93,-19.946,-76.837,113.5,-287.45,-443.67,-298.12,-177.68,-67.736,38.614
-38.723,94.76,141.57,-16.602,-89.159,119.02,-230.66,-367.31,-243.94,-145.27,-56.429,34.062
-38.134,72.117,141.18,-11.91,-92.855,112.37,-181.23,-303.78,-202.05,-122.32,-48.07,28.161
-35.552,54.345,128.14,-5.935,-87.607,97.458,-139.14,-249.28,-166.95,-101.75,-39.683,21.812
-34.127,42.006,105.76,-2.1304,-74.815,77.64,-104.6,-201.05,-136.35,-82.765,-30.746,18.756
-28.752,29.852,78.962,0.32818,-57.439,56.044,-77.769,-158.89,-108.86,-65.375,-22.811,16.36
-20.914,18.984,52.338,2.2178,-39.118,35.61,-58.58,-124.22,-84.342,-49.633,-15.621,13.062
-13.28,10.731,30.685,3.8054,-23.373,20.405,-46.179,-98.431,-64.358,-37.032,-10.231,9.7973
-7.6618,5.4461,18.067,5.1489,-13.41,11.59,-38.835,-81.668,-50.49,-28.885,-7.4759,6.7334
-4.6965,2.5223,12.534,6.2981,-8.9472,7.4082,-34.497,-72.257,-43.329,-24.986,-7.783,3.7966
-3.8491,0.84486,10.734,7.3266,-7.7002,5.7813,-31.194,-67.186,-41.396,-24.184,-9.1759,0.9472
-4.2747,-0.94999,10.308,8.2853,-7.7404,5.1542,-27.65,-63.543,-41.929,-25.16,-9.339,-1.7573
-5.0283,-3.7983,10.046,9.1674,-8.1943,4.9453,-24.405,-59.522,-43.474,-24.731,-8.977,-4.218
-4.8294,-6.7587,9.6694,9.9139,-8.6223,4.5461,-23.297,-54.482,-43.839,-21.796,-8.5634,-6.3769
-3.8393,-8.8549,8.3525,10.451,-8.031,0.88684,-20.77,-50.234,-41.067,-16.776,-8.124,-8.2357
-3.1048,-10.115,3.5946,10.74,-3.1726,-2.5941,-18.003,-47.034,-36.792,-13.093,-7.6071,-9.814
-2.4405,-10.75,0.53492,10.805,-0.8114,-3.8828,-15.745,-43.809,-32.735,-11.509,-6.9932,-11.125
-1.7637,-10.972,-0.28762,10.738,-0.39733,-4.206,-14.05,-40.553,-29.512,-10.559,-6.3167,-12.188
-1.2455,-11.002,-0.44011,10.665,-0.2314,-4.1899,-12.783,-37.499,-27.102,-9.7873,-5.6481,-13.04
-1.0409,-11.042,-0.38313,10.705,-0.21927,-4.1044,-11.771,-34.725,-25.277,-9.1264,-5.0587,-13.737
-1.213,-11.223,-0.27906,10.93,-0.3647,-4.0799,-10.859,-32.132,-23.798,-8.5568,-4.592,-14.338
-1.7298,-11.58,-0.19001,11.345,-0.65071,-4.1542,-9.9378,-29.563,-22.476,-8.0453,-4.2514,-14.88
-2.4749,-12.056,-0.12297,11.889,-1.0367,-4.2993,-8.959,-26.912,-21.192,-7.5487,-4.0018,-15.348
-3.2773,-12.547,-0.062688,12.455,-1.4645,-4.4593,-7.9283,-24.179,-19.899,-7.0232,-3.7791,-15.684
-3.9632,-12.954,0.00011532,12.934,-1.8681,-4.5859,-6.88,-21.447,-18.596,-6.4318,-3.5073,-15.81
-4.4127,-13.221,0.053729,13.255,-2.1853,-4.66,-5.847,-18.825,-17.294,-5.7526,-3.1276,-15.661
-4.5976,-13.362,0.064949,13.405,-2.3711,-4.7025,-4.8438,-16.4,-16.001,-4.9912,-2.6296,-15.221
-4.5859,-13.442,-0.00875,13.434,-2.4095,-4.7664,-3.8685,-14.215,-14.722,-4.1906,-2.0654,-14.536
-4.5116,-13.544,-0.19931,13.427,-2.3167,-4.9089,-2.9139,-12.277,-13.467,-3.4281,-1.5344,-13.712
-4.5118,-13.728,-0.50851,13.464,-2.1337,-5.1588,-1.9756,-10.57,-12.255,-2.7893,-1.1405,-12.885
-4.6604,-14,-0.89805,13.589,-1.9115,-5.4973,-1.0509,-9.0603,-11.106,-2.3306,-0.94678,-12.17
-4.9328,-14.314,-1.2953,13.79,-1.6946,-5.8615,-0.13351,-7.7038,-10.025,-2.0477,-0.94637,-11.63
-5.2133,-14.577,-1.6121,14.006,-1.5096,-6.1622,0.78919,-6.4489,-8.9811,-1.8713,-1.0607,-11.261
-5.3367,-14.681,-1.7675,14.144,-1.3608,-6.3062,1.7334,-5.2476,-7.908,-1.6983,-1.1706,-11.012
-5.1498,-14.533,-1.7096,14.115,-1.2363,-6.2216,2.7139,-4.0662,-6.7254,-1.4444,-1.1767,-10.822
-4.5774,-14.1,-1.43,13.866,-1.1193,-5.8839,3.7383,-2.8918,-5.3704,-1.0893,-1.0555,-10.647
-3.6683,-13.427,-0.96796,13.414,-1.0016,-5.3302,4.8051,-1.7316,-3.8214,-0.6852,-0.87828,-10.485
-2.5963,-12.627,-0.39798,12.844,-0.89414,-4.6526,5.905,-0.60137,-2.1069,-0.32872,-0.77943,-10.372
-1.6064,-11.85,0.19068,12.289,-0.82594,-3.9721,7.0295,0.48835,-0.29403,-0.11566,-0.89446,-10.368
-0.93522,-11.245,0.71234,11.884,-0.83005,-3.4075,8.185,1.5418,1.5438,-0.10097,-1.2994,-10.535
-0.73726,-10.922,1.0951,11.728,-0.92468,-3.0508,9.402,2.5798,3.362,-0.27454,-1.9808,-10.905
-1.0407,-10.931,1.2881,11.859,-1.1008,-2.9524,10.729,3.6336,5.1585,-0.56104,-2.8405,-11.464
-1.743,-11.244,1.2704,12.238,-1.3225,-3.1111,12.211,4.7331,6.956,-0.84539,-3.7296,-12.149
-2.6448,-11.767,1.0586,12.764,-1.5385,-3.4723,13.857,5.8935,8.7633,-1.0157,-4.5009,-12.872
-3.5173,-12.364,0.70475,13.305,-1.7009,-3.9407,15.616,7.1068,10.541,-1.0079,-5.0643,-13.547
-4.1818,-12.916,0.27929,13.74,-1.7814,-4.4133,17.375,8.3401,12.194,-0.83358,-5.4196,-14.122
-4.5632,-13.352,-0.15332,14.006,-1.7747,-4.8161,18.993,9.5473,13.608,-0.57591,-5.6453,-14.596
-4.6948,-13.67,-0.55668,14.117,-1.6885,-5.1284,20.382,10.691,14.705,-0.34688,-5.8477,-14.998
-4.6699,-13.925,-0.9371,14.149,-1.5298,-5.3799,21.563,11.767,15.481,-0.22884,-6.1025,-15.369
-4.5743,-14.193,-1.3386,14.204,-1.2966,-5.6255,22.683,12.807,16.019,-0.2376,-6.4249,-15.74
-4.4438,-14.537,-1.8109,14.353,-0.97818,-5.9097,23.96,13.871,16.458,-0.32711,-6.7763,-16.122
-4.2534,-14.962,-2.3701,14.597,-0.5632,-6.241,25.608,15.016,16.941,-0.41938,-7.0891,-16.508
-3.9356,-15.406,-2.983,14.867,-0.051576,-6.5846,27.76,16.273,17.564,-0.43404,-7.2937,-16.885
-3.4255,-15.767,-3.5799,15.061,0.53302,-6.8795,30.405,17.633,18.338,-0.30975,-7.3397,-17.235
-2.709,-15.956,-4.0824,15.095,1.1375,-7.0668,33.37,19.051,19.198,-0.023688,-7.2075,-17.542
-1.8462,-15.938,-4.4265,14.944,1.6861,-7.1133,36.381,20.47,20.033,0.39253,-6.9179,-17.796
-0.97325,-15.74,-4.5787,14.648,2.0972,-7.0231,39.189,21.84,20.734,0.85635,-6.531,-17.996
-0.27754,-15.448,-4.5472,14.307,2.3067,-6.8385,41.675,23.125,21.229,1.2654,-6.1319,-18.157
0.056498,-15.179,-4.3836,14.04,2.2869,-6.6332,43.861,24.306,21.486,1.5363,-5.8073,-18.311
-0.08214,-15.044,-4.1734,13.948,2.0599,-6.4931,45.854,25.368,21.514,1.6269,-5.6228,-18.496
-0.68286,-15.107,-4.0113,14.071,1.6979,-6.4869,47.77,26.304,21.351,1.5391,-5.6061,-18.738
-1.6078,-15.364,-3.9675,14.383,1.3085,-6.6393,49.675,27.119,21.053,1.3171,-5.7422,-19.04
-2.6247,-15.743,-4.0591,14.794,1.0028,-6.9193,51.56,27.825,20.684,1.0359,-5.9809,-19.375
-3.4716,-16.122,-4.2405,15.188,0.85644,-7.247,53.35,28.442,20.305,0.77227,-6.2554,-19.704
-3.94,-16.363,-4.4157,15.453,0.88166,-7.5115,54.945,28.999,19.959,0.56997,-6.5088,-19.987
-3.9481,-16.353,-4.4651,15.516,1.0268,-7.5943,56.274,29.534,19.673,0.41991,-6.7119,-20.205
-3.5613,-16.033,-4.2747,15.369,1.1957,-7.3984,57.327,30.096,19.455,0.26945,-6.8686,-20.356
-2.9494,-15.411,-3.7575,15.059,1.275,-6.872,58.148,30.734,19.304,0.051467,-7.0087,-20.456
-2.3192,-14.547,-2.8614,14.662,1.1615,-6.0161,58.806,31.483,19.198,-0.28633,-7.1719,-20.528
-1.8592,-13.53,-1.5725,14.249,0.78628,-4.8769,59.36,32.345,19.102,-0.76334,-7.388,-20.597
-1.7032,-12.465,0.074287,13.881,0.1258,-3.5393,59.845,33.297,18.975,-1.3598,-7.6599,-20.673
-1.9118,-11.458,1.978,13.594,-0.79662,-2.1236,60.262,34.301,18.784,-2.0193,-7.9569,-20.742
-2.4672,-10.586,3.9747,13.402,-1.9098,-0.76384,60.581,35.325,18.525,-2.6611,-8.2197,-20.766
-3.2797,-9.8675,5.8994,13.285,-3.1095,0.45092,60.746,36.354,18.221,-3.2022,-8.3798,-20.686
-4.2149,-9.2505,7.6757,13.192,-4.3014,1.53,60.709,37.395,17.913,-3.5829,-8.3819,-20.441
-5.1329,-8.6424,9.3485,13.064,-5.4295,2.5741,60.465,38.459,17.645,-3.7869,-8.2039,-19.993
-5.918,-7.9596,11.029,12.855,-6.4628,3.7126,60.071,39.556,17.444,-3.8432,-7.8644,-19.347
-6.4855,-7.1713,12.792,12.559,-7.3738,5.0239,59.63,40.696,17.325,-3.8081,-7.4165,-18.542
-6.78,-6.3163,14.584,12.204,-8.1295,6.4758,59.264,41.915,17.307,-3.7331,-6.9283,-17.64
-6.7789,-5.4867,16.211,11.845,-8.6824,7.9164,59.091,43.287,17.429,-3.6391,-6.4589,-16.703
-6.4986,-4.7848,17.433,11.529,-8.9659,9.1406,59.203,44.923,17.741,-3.5113,-6.0407,-15.765
-5.9969,-4.2706,18.11,11.281,-8.9322,10.008,59.646,46.932,18.284,-3.3137,-5.6731,-14.837
-5.3648,-3.9256,18.301,11.091,-8.6224,10.535,60.424,49.378,19.07,-3.0049,-5.329,-13.906
-4.7099,-3.655,18.259,10.918,-8.1945,10.901,61.498,52.245,20.068,-2.55,-4.9673,-12.954
-4.1342,-3.328,18.312,10.713,-7.8638,11.358,62.8,55.426,21.201,-1.9307,-4.5494,-11.967
-3.714,-2.8303,18.719,10.433,-7.8031,12.13,64.237,58.749,22.373,-1.1588,-4.0527,-10.948
-3.4864,-2.1043,19.594,10.065,-8.0684,13.341,65.72,62.026,23.497,-0.28069,-3.4746,-9.9134
-3.446,-1.1631,20.878,9.6267,-8.5804,14.973,67.2,65.12,24.518,0.63225,-2.8301,-8.8846
-3.5489,-0.074368,22.332,9.154,-9.1537,16.853,68.692,67.978,25.424,1.5082,-2.1469,-7.8845
-3.7215,1.0814,23.621,8.6753,-9.5705,18.715,70.26,70.634,26.242,2.2997,-1.4625,-6.9365
-3.8763,2.269,24.515,8.1853,-9.6781,20.358,71.977,73.174,27.027,2.9953,-0.82008,-6.0618
-3.9295,3.5476,25.054,7.6378,-9.4748,21.783,73.894,75.701,27.841,3.6157,-0.25937,-5.2735
-3.8148,5.0807,25.512,6.9588,-9.1327,23.194,76.016,78.302,28.739,4.2,0.19617,-4.5703
-3.491,7.0946,26.229,6.0746,-8.8918,24.86,78.294,81.022,29.748,4.7902,0.54907,-3.9303
-2.9442,9.7981,27.441,4.938,-8.9071,26.957,80.644,83.85,30.86,5.4159,0.82741,-3.3114
-2.1815,13.284,29.22,3.543,-9.2088,29.471,82.979,86.723,32.032,6.0829,1.0717,-2.662
-1.2187,17.44,31.458,1.9222,-9.7373,32.229,85.238,89.555,33.201,6.7675,1.3153,-1.9414
-0.079306,21.931,33.885,0.14058,-10.375,34.989,87.418,92.272,34.311,7.4242,1.5724,-1.1346
1.1881,26.324,36.207,-1.7085,-10.995,37.549,89.567,94.836,35.332,8.0041,1.8391,-0.24996
2.4896,30.277,38.282,-3.509,-11.55,39.808,91.759,97.244,36.261,8.4729,2.1019,0.69613
3.6908,33.668,40.18,-5.1479,-12.12,41.804,94.045,99.499,37.114,8.8199,2.3467,1.6941
4.6524,36.586,42.093,-6.5669,-12.859,43.71,96.417,101.59,37.91,9.0551,2.5668,2.7476
5.2748,39.245,44.233,-7.8108,-13.886,45.803,98.805,103.49,38.666,9.2017,2.7715,3.8744
5.5205,41.853,46.774,-9.0299,-15.269,48.346,101.11,105.17,39.388,9.2855,2.9903,5.1016
5.4049,44.484,49.835,-10.415,-17.09,51.431,103.27,106.64,40.08,9.3229,3.2637,6.4512
4.97,47.036,53.392,-12.085,-19.387,54.887,105.27,107.92,40.739,9.3128,3.6258,7.9232
4.2626,49.349,57.227,-14.005,-22.056,58.396,107.15,109.05,41.355,9.2381,4.0851,9.4882
3.3281,51.361,61.02,-16.012,-24.89,61.688,108.97,110.07,41.914,9.073,4.6132,11.094
2.2067,53.121,64.523,-17.91,-27.687,64.625,110.81,111.03,42.392,8.7917,5.1468,12.675
0.93568,54.715,67.637,-19.536,-30.324,67.188,112.72,111.94,42.758,8.3753,5.6043,14.169
-0.43396,56.235,70.4,-20.816,-32.765,69.462,114.69,112.78,42.977,7.8185,5.9109,15.529
-1.8112,57.801,72.952,-21.787,-35.038,71.611,116.66,113.53,43.017,7.1305,6.0238,16.747
-3.0468,59.573,75.493,-22.566,-37.187,73.831,118.52,114.18,42.85,6.3301,5.9446,17.856
-3.954,61.713,78.215,-23.296,-39.229,76.281,120.19,114.69,42.451,5.4328,5.711,18.918
-4.3796,64.303,81.236,-24.105,-41.15,79.015,121.61,115.05,41.797,4.4372,5.3682,19.989
-4.2681,67.273,84.512,-25.066,-42.892,81.96,122.81,115.26,40.873,3.3213,4.9384,21.088
-3.6784,70.389,87.79,-26.179,-44.373,84.95,123.85,115.32,39.673,2.0548,4.4087,22.187
-2.7701,73.373,90.703,-27.366,-45.534,87.791,124.8,115.26,38.204,0.61867,3.7431,23.222
-1.7668,76.063,93.007,-28.519,-46.396,90.335,125.72,115.09,36.482,-0.98273,2.9046,24.135
-0.89597,78.463,94.755,-29.555,-47.07,92.545,126.65,114.82,34.521,-2.723,1.8743,24.899
-0.32349,80.696,96.276,-30.469,-47.715,94.548,127.57,114.45,32.335,-4.5662,0.66691,25.519
-0.11013,82.936,97.991,-31.321,-48.481,96.593,128.44,113.94,29.941,-6.482,-0.66113,26.024
-0.20245,85.334,100.22,-32.19,-49.46,98.928,129.17,113.28,27.368,-8.4596,-2.0177,26.459
-0.45994,87.935,103.06,-33.105,-50.694,101.67,129.72,112.41,24.654,-10.518,-3.2964,26.876
-0.71733,90.631,106.41,-34.026,-52.185,104.72,130.09,111.33,21.828,-12.691,-4.4056,27.325
-0.86319,93.213,110.05,-34.875,-53.916,107.84,130.28,110.01,18.89,-14.985,-5.2927,27.837
-0.89681,95.471,113.7,-35.584,-55.852,110.74,130.34,108.4,15.797,-17.384,-5.958,28.418
-0.93101,97.277,117.09,-36.101,-57.935,113.24,130.34,106.48,12.479,-19.931,-6.4519,29.049
-1.1377,98.591,120.04,-36.382,-60.062,115.24,130.32,104.16,8.9064,-22.807,-6.8546,29.698
-1.6699,99.443,122.47,-36.396,-62.133,116.77,130.31,101.4,5.1558,-26.262,-7.2434,30.332
-2.6137,99.925,124.47,-36.143,-64.124,117.93,130.3,98.139,1.425,-30.387,-7.6618,30.927
-3.9771,100.18,126.29,-35.665,-66.112,118.92,130.24,94.377,-2.0562,-34.859,-8.1082,31.472
-5.6859,100.35,128.2,-35.041,-68.189,119.95,130.07,90.16,-5.1532,-39.098,-8.5431,31.966
-7.5838,100.54,130.33,-34.37,-70.37,121.07,129.72,85.576,-7.8794,-42.769,-8.9104,32.419
-9.4549,100.77,132.58,-33.757,-72.538,122.23,129.15,80.701,-10.353,-45.892,-9.1635,32.836
-11.069,101.03,134.74,-33.291,-74.501,123.27,128.32,75.554,-12.717,-48.626,-9.2898,33.219
-12.229,101.29,136.58,-33.035,-76.118,124.07,127.16,70.082,-15.089,-51.142,-9.3242,33.556
-12.802,101.52,137.93,-32.995,-77.346,124.59,125.58,64.205,-17.554,-53.587,-9.3421,33.817
-12.762,101.65,138.71,-33.113,-78.168,124.81,123.51,57.884,-20.18,-56.061,-9.4313,33.969
-12.238,101.62,138.89,-33.27,-78.515,124.74,120.91,51.164,-23.019,-58.577,-9.6533,33.997
-11.485,101.36,138.48,-33.347,-78.324,124.39,117.75,44.191,-26.083,-61.056,-10.017,33.916
-10.77,100.89,137.48,-33.289,-77.714,123.79,114.01,37.19,-29.321,-63.366,-10.477,33.772
-10.24,100.24,135.89,-33.139,-76.885,122.94,109.74,30.415,-32.608,-65.409,-10.949,33.638
-9.8513,99.513,133.71,-32.999,-75.808,121.78,105.06,24.089,-35.78,-67.176,-11.342,33.587
-9.3899,98.755,130.96,-32.968,-74.237,120.25,100.14,18.349,-38.69,-68.742,-11.588,33.664
-8.6014,98,127.73,-33.103,-71.961,118.4,95.095,13.246,-41.233,-70.21,-11.667,33.866
-7.2912,97.238,124.1,-33.407,-68.89,116.3,89.879,8.7711,-43.342,-71.622,-11.614,34.143
-5.3764,96.41,120.09,-33.83,-65.003,114.01,84.291,4.8802,-44.979,-72.877,-11.491,34.42
-2.936,95.406,115.69,-34.286,-60.367,111.46,78.131,1.5031,-46.125,-73.728,-11.351,34.622
-0.22159,94.079,110.86,-34.673,-55.274,108.57,71.4,-1.4564,-46.767,-73.923,-11.203,34.708
2.4533,92.286,105.63,-34.901,-50.265,105.19,64.393,-4.1053,-46.881,-73.361,-11.009,34.68
4.8864,89.947,100.05,-34.928,-45.724,101.25,57.526,-6.5427,-46.435,-72.056,-10.697,34.583
7.0512,87.078,94.174,-34.769,-41.561,96.794,51.053,-8.8539,-45.423,-69.996,-10.186,34.477
9.037,83.792,88.24,-34.485,-37.473,92.027,44.959,-11.118,-43.892,-67.12,-9.4113,34.406
10.967,80.23,82.568,-34.144,-33.386,87.278,39.06,-13.416,-41.935,-63.372,-8.3447,34.38
12.936,76.499,77.312,-33.782,-29.472,82.77,33.119,-15.812,-39.663,-58.758,-6.9965,34.379
14.971,72.628,72.339,-33.39,-25.836,78.494,26.942,-18.316,-37.184,-53.387,-5.3962,34.37
17.035,68.601,67.341,-32.928,-22.376,74.274,20.501,-20.839,-34.577,-47.519,-3.564,34.329
19.031,64.428,62.013,-32.356,-18.877,69.898,14.165,-23.204,-31.896,-41.541,-1.4976,34.242
20.817,60.194,56.2,-31.658,-15.173,65.219,8.6652,-25.217,-29.183,-35.854,0.80402,34.092
22.286,56.035,49.972,-30.859,-11.256,60.191,4.518,-26.767,-26.483,-30.72,3.2823,33.854
23.436,52.097,43.601,-30.016,-7.3057,54.888,1.6177,-27.876,-23.849,-26.164,5.7794,33.504
24.34,48.503,37.43,-29.18,-3.7786,49.523,-0.47636,-28.68,-21.342,-21.967,8.0869,33.017
25.106,45.264,31.778,-28.351,-1.2037,44.39,-2.1659,-29.372,-19.047,-17.784,10.069,32.363
25.816,42.217,26.826,-27.454,0.46896,39.746,-3.7035,-30.135,-17.044,-13.493,11.745,31.494
26.496,39.103,22.516,-26.354,1.7041,35.674,-5.22,-31.096,-15.364,-9.5174,13.232,30.354
27.137,35.711,18.628,-24.89,2.8358,32.087,-6.7658,-32.295,-13.986,-6.3537,14.618,28.923
27.71,31.994,14.99,-22.939,4.0032,28.839,-8.339,-33.691,-12.865,-3.9418,15.882,27.241
28.182,28.071,11.57,-20.509,5.2458,25.802,-9.9059,-35.198,-11.967,-2.0063,16.925,25.362
28.555,24.143,8.4417,-17.798,6.5458,22.865,-11.421,-36.721,-11.275,-0.41361,17.64,23.295
28.851,20.388,5.719,-15.102,7.8405,19.934,-12.845,-38.18,-10.776,0.86305,17.955,20.999
29.05,16.928,3.5004,-12.633,9.0374,16.975,-14.15,-39.523,-10.445,1.8391,17.848,18.438
29.063,13.806,1.7874,-10.439,10.031,14.039,-15.316,-40.719,-10.249,2.5531,17.352,15.644
28.771,10.973,0.47035,-8.4415,10.716,11.208,-16.327,-41.754,-10.149,3.0572,16.55,12.733
28.091,8.3245,-0.60163,-6.5313,11.006,8.5316,-17.166,-42.634,-10.114,3.3968,15.546,9.8667
27.025,5.7867,-1.5533,-4.64,10.873,6.037,-17.821,-43.376,-10.135,3.5984,14.435,7.1799
25.645,3.3583,-2.4542,-2.7698,10.407,3.7644,-18.291,-44.013,-10.221,3.6649,13.265,4.7428
24.063,1.096,-3.3157,-0.97502,9.8184,1.7711,-18.599,-44.589,-10.402,3.5736,12.036,2.5459
22.431,-0.9326,-4.1035,0.67899,9.3021,0.10043,-18.796,-45.152,-10.715,3.2826,10.707,0.52073
20.864,-2.6904,-4.7583,2.1556,8.9038,-1.2403,-18.948,-45.739,-11.187,2.7529,9.2112,-1.4098
19.301,-4.1934,-5.2193,3.4661,8.5505,-2.2767,-19.11,-46.36,-11.818,1.9818,7.5148,-3.2785
17.556,-5.5048,-5.4461,4.6594,8.1463,-3.0549,-19.298,-46.986,-12.565,1.0252,5.667,-5.0667
15.497,-6.7019,-5.4298,5.7929,7.6154,-3.6302,-19.478,-47.562,-13.359,-0.014346,3.8016,-6.7503
13.093,-7.8345,-5.1947,6.9107,6.9108,-4.0539,-19.593,-48.021,-14.124,-1.0304,2.0676,-8.3291
10.401,-8.9074,-4.7954,8.033,6.0183,-4.3611,-19.589,-48.321,-14.81,-1.9543,0.56206,-9.8066
7.6414,-9.8964,-4.3097,9.1457,4.9648,-4.579,-19.448,-48.45,-15.396,-2.7715,-0.69926,-11.182
5.0979,-10.778,-3.8285,10.203,3.8252,-4.7451,-19.19,-48.427,-15.888,-3.509,-1.7677,-12.467
2.8928,-11.548,-3.4444,11.153,2.7185,-4.9067,-18.856,-48.285,-16.309,-4.2088,-2.7175,-13.697
1.0342,-12.22,-3.2387,11.957,1.7883,-5.1062,-18.481,-48.052,-16.674,-4.9009,-3.6044,-14.905
-0.43557,-12.815,-3.2645,12.605,1.1651,-5.3689,-18.07,-47.735,-16.987,-5.5884,-4.4473,-16.104
-1.4417,-13.346,-3.5279,13.101,0.92344,-5.6942,-17.602,-47.32,-17.235,-6.2495,-5.2342,-17.268
-1.9389,-13.805,-3.9776,13.458,1.0548,-6.0514,-17.046,-46.782,-17.393,-6.8517,-5.9412,-18.349
-1.9548,-14.161,-4.5134,13.679,1.4708,-6.3828,-16.385,-46.094,-17.443,-7.367,-6.553,-19.294
-1.5926,-14.37,-5.013,13.767,2.0318,-6.6184,-15.635,-45.231,-17.377,-7.7808,-7.0723,-20.068
-1.0027,-14.395,-5.3648,13.721,2.5869,-6.7003,-14.838,-44.174,-17.198,-8.0919,-7.5174,-20.66
-0.34682,-14.23,-5.4975,13.558,3.0114,-6.6047,-14.037,-42.899,-16.915,-8.306,-7.9087,-21.074
0.22354,-13.916,-5.399,13.318,3.2298,-6.3551,-13.251,-41.38,-16.537,-8.4294,-8.2572,-21.315
0.58665,-13.536,-5.1177,13.066,3.2234,-6.0174,-12.475,-39.601,-16.073,-8.4659,-8.5607,-21.389
0.67588,-13.191,-4.7423,12.875,3.0263,-5.6794,-11.683,-37.573,-15.535,-8.4171,-8.8069,-21.302
0.49263,-12.974,-4.3689,12.802,2.7082,-5.4226,-10.847,-35.336,-14.935,-8.2815,-8.9757,-21.061
0.097884,-12.928,-4.0705,12.865,2.3505,-5.2958,-9.9505,-32.944,-14.281,-8.0512,-9.0403,-20.671
-0.41657,-13.044,-3.8791,13.046,2.0184,-5.3036,-8.9897,-30.438,-13.576,-7.7108,-8.9716,-20.139
-0.96269,-13.263,-3.7848,13.295,1.7427,-5.4124,-7.9795,-27.848,-12.811,-7.2433,-8.7454,-19.472
-1.4814,-13.509,-3.7491,13.555,1.5185,-5.5673,-6.9487,-25.206,-11.98,-6.6381,-8.3518,-18.693
-1.9523,-13.716,-3.7268,13.782,1.3209,-5.7146,-5.9338,-22.552,-11.078,-5.898,-7.7998,-17.84
-2.386,-13.848,-3.6856,13.956,1.1242,-5.8223,-4.964,-19.939,-10.102,-5.0394,-7.1159,-16.954
-2.8114,-13.915,-3.6193,14.081,0.91487,-5.8899,-4.0538,-17.41,-9.0464,-4.0884,-6.3376,-16.074
-3.2582,-13.951,-3.546,14.18,0.69394,-5.9431,-3.2026,-14.997,-7.9034,-3.0749,-5.5044,-15.223
-3.7392,-14.002,-3.4936,14.282,0.47274,-6.0138,-2.4015,-12.715,-6.6624,-2.0308,-4.6516,-14.405
-4.2359,-14.095,-3.4801,14.404,0.26709,-6.1168,-1.6425,-10.574,-5.3188,-0.9827,-3.8076,-13.618
-4.6932,-14.212,-3.4972,14.533,0.092115,-6.2333,-0.92445,-8.5821,-3.8806,0.052683,-2.9974,-12.863
-5.0262,-14.284,-3.5085,14.619,-0.041288,-6.3096,-0.25336,-6.7436,-2.3705,1.0748,-2.2429,-12.151
-5.1404,-14.21,-3.4605,14.591,-0.12766,-6.2743,0.35915,-5.0569,-0.82025,2.0972,-1.5523,-11.499
-4.9652,-13.901,-3.303,14.383,-0.1665,-6.0659,0.89701,-3.5188,0.73929,3.1415,-0.91282,-10.917
-4.488,-13.316,-3.0073,13.969,-0.16246,-5.6531,1.3439,-2.1246,2.2857,4.2252,-0.29557,-10.395
-3.773,-12.48,-2.5742,13.378,-0.1275,-5.0467,1.688,-0.86981,3.8084,5.3508,0.33191,-9.91
-2.9525,-11.486,-2.0299,12.682,-0.083965,-4.2981,1.9318,0.25507,5.3022,6.5026,0.98363,-9.4319
-2.1887,-10.459,-1.4181,11.976,-0.065722,-3.4881,2.0968,1.2709,6.7624,7.6572,1.643,-8.9354
-1.6287,-9.5193,-0.7895,11.342,-0.11492,-2.7071,2.2206,2.2126,8.1846,8.8005,2.2743,-8.4076
-1.3701,-8.7405,-0.18245,10.827,-0.27583,-2.0248,2.3443,3.1241,9.568,9.9386,2.848,-7.8492
-1.4452,-8.1211,0.40391,10.431,-0.58593,-1.4553,2.4988,4.0472,10.916,11.09,3.3564,-7.2737
-1.8174,-7.5873,1.0174,10.112,-1.0622,-0.9411,2.6939,5.0013,12.233,12.271,3.8113,-6.7018
-2.3876,-7.024,1.7217,9.7976,-1.6848,-0.3793,2.916,5.9755,13.526,13.49,4.2426,-6.1479
-3.0142,-6.3272,2.5487,9.416,-2.3885,0.327,3.1361,6.9414,14.805,14.751,4.6958,-5.6057
-3.5449,-5.4504,3.4693,8.9211,-3.07,1.2193,3.323,7.8648,16.085,16.058,5.235,-5.0404
-3.8542,-4.4242,4.3916,8.3116,-3.6101,2.2576,3.4597,8.7185,17.377,17.401,5.9266,-4.3982
-3.8705,-3.3358,5.1838,7.6251,-3.9057,3.3315,3.5482,9.4898,18.675,18.749,6.8118,-3.6277
-3.5858,-2.2803,5.7257,6.9107,-3.9041,4.3125,3.6089,10.18,19.956,20.055,7.8838,-2.7069
-3.0439,-1.3093,5.9719,6.2015,-3.6235,5.1266,3.6707,10.802,21.186,21.268,9.0924,-1.6617
-2.3144,-0.40807,5.9828,5.502,-3.1474,5.7921,3.7586,11.369,22.333,22.36,10.365,-0.56408
-1.4681,0.49287,5.8951,4.7907,-2.5938,6.398,3.8837,11.897,23.383,23.327,11.632,0.49219
-0.55917,1.4795,5.8593,4.032,-2.0762,7.0488,4.0395,12.39,24.338,24.181,12.847,1.4271
0.37692,2.6092,5.9829,3.1951,-1.6725,7.8096,4.2026,12.833,25.211,24.947,13.992,2.2024
1.3182,3.873,6.294,2.272,-1.4094,8.6719,4.3408,13.202,26.021,25.649,15.077,2.8309
2.249,5.1859,6.7326,1.2885,-1.2672,9.5529,4.4245,13.463,26.774,26.295,16.129,3.3626
3.1511,6.4171,7.1812,0.29853,-1.1989,10.328,4.4347,13.586,27.464,26.876,17.18,3.8581
3.9945,7.4476,7.5258,-0.63553,-1.1564,10.893,4.3664,13.551,28.065,27.355,18.219,4.3514
4.7322,8.2168,7.7111,-1.4608,-1.1105,11.208,4.2246,13.35,28.539,27.682,19.175,4.8284
5.3082,8.7338,7.7548,-2.145,-1.0579,11.318,4.02,12.992,28.848,27.806,19.945,5.2321
5.6786,9.066,7.721,-2.6848,-1.0112,11.322,3.7677,12.503,28.974,27.704,20.453,5.4948
5.8323,9.3234,7.6806,-3.1151,-0.98402,11.335,3.486,11.924,28.927,27.388,20.69,5.5752
5.8007,9.6227,7.6764,-3.5026,-0.97902,11.44,3.1938,11.301,28.739,26.91,20.708,5.4834
5.6483,10.039,7.7062,-3.9132,-0.98297,11.653,2.9049,10.675,28.458,26.345,20.589,5.2753
5.4455,10.556,7.7249,-4.3723,-0.9737,11.91,2.6227,10.075,28.118,25.759,20.402,5.0232
5.2389,11.053,7.6718,-4.8354,-0.93429,12.092,2.3377,9.5029,27.735,25.191,20.183,4.7794
5.0366,11.354,7.5088,-5.195,-0.86613,12.088,2.0317,8.936,27.296,24.635,19.927,4.5554
4.8195,11.341,7.2471,-5.3369,-0.79336,11.855,1.6862,8.3402,26.77,24.051,19.603,4.3247
4.5677,11.025,6.9474,-5.2186,-0.75574,11.446,1.292,7.689,26.129,23.391,19.185,4.0482
4.2842,10.527,6.6928,-4.9054,-0.79214,10.97,0.85128,6.9745,25.357,22.608,18.666,3.6936
4.001,9.9996,6.5483,-4.5328,-0.92265,10.536,0.37666,6.2087,24.452,21.676,18.061,3.2487
3.7589,9.5532,6.5281,-4.2298,-1.1377,10.198,-0.11304,5.4192,23.428,20.598,17.402,2.7285
3.5842,9.2151,6.5856,-4.0573,-1.399,9.9356,-0.5958,4.6353,22.311,19.423,16.73,2.177
3.4737,8.9329,6.6302,-3.9884,-1.6497,9.6695,-1.0504,3.9021,21.143,18.243,16.089,1.6555
3.3997,8.6098,6.562,-3.931,-1.8287,9.2985,-1.4623,3.2526,19.971,17.156,15.51,1.215
3.3309,8.1633,6.3105,-3.7843,-1.8856,8.7515,-1.8279,2.7051,18.841,16.216,14.996,0.87099
3.2556,7.5767,5.8593,-3.5046,-1.7921,8.0267,-2.1551,2.2587,17.776,15.412,14.519,0.59678
3.1899,6.9029,5.2427,-3.1287,-1.5478,7.1887,-2.4578,1.8927,16.767,14.682,14.033,0.33734
3.166,6.2195,4.5196,-2.7362,-1.179,6.3215,-2.7495,1.572,15.776,13.95,13.494,0.031975
3.2116,5.581,3.747,-2.3949,-0.73148,5.4809,-3.0369,1.2579,14.747,13.155,12.871,-0.36186
3.3308,5.0003,2.968,-2.1316,-0.25986,4.6762,-3.3189,0.92103,13.632,12.279,12.165,-0.85058
3.4943,4.4479,2.2098,-1.9276,0.18279,3.8791,-3.5865,0.55019,12.414,11.345,11.41,-1.3978
3.6448,3.8594,1.4857,-1.7266,0.55437,3.043,-3.8275,0.14635,11.109,10.406,10.662,-1.9375
3.715,3.1567,0.79796,-1.4536,0.82989,2.1277,-4.0336,-0.27522,9.7659,9.5179,9.9614,-2.4016
3.6532,2.2877,0.147,-1.0514,1.0046,1.1282,-4.2049,-0.69793,8.4417,8.7099,9.323,-2.7448
3.4473,1.2666,-0.46179,-0.51122,1.0944,0.091306,-4.3518,-1.1086,7.1831,7.9739,8.7312,-2.9547
3.1386,0.17885,-1.0205,0.11297,1.1352,-0.90023,-4.4868,-1.5026,6.0128,7.2735,8.1525,-3.0498
2.8132,-0.86052,-1.5301,0.73066,1.1776,-1.7724,-4.6208,-1.877,4.9257,6.5647,7.5542,-3.0679
2.5683,-1.7639,-2.0055,1.2609,1.2736,-2.4971,-4.7545,-2.233,3.8991,5.8181,6.919,-3.0519
2.4661,-2.5096,-2.4674,1.67,1.4566,-3.093,-4.8785,-2.5753,2.8982,5.0303,6.251,-3.0388
2.4972,-3.1362,-2.9263,1.9831,1.7257,-3.5984,-4.9772,-2.9115,1.8889,4.2221,5.5767,-3.0483
2.58,-3.7113,-3.3733,2.2681,2.0409,-4.045,-5.0361,-3.2466,0.85764,3.4338,4.9445,-3.0784
2.5988,-4.2925,-3.7812,2.5989,2.3349,-4.4457,-5.0482,-3.5798,-0.17686,2.7154,4.4165,-3.108
2.4585,-4.8964,-4.1151,3.0187,2.5415,-4.7959,-5.0185,-3.901,-1.171,2.1125,4.048,-3.107
2.1258,-5.4909,-4.3446,3.5193,2.6233,-5.0813,-4.9629,-4.2083,-2.0803,1.6465,3.8598,-3.0508
1.6395,-6.0167,-4.4545,4.049,2.5811,-5.2891,-4.9032,-4.5024,-2.881,1.3004,3.8217,-2.9352
1.0839,-6.4235,-4.4465,4.5403,2.4374,-5.4179,-4.8639,-4.7946,-3.588,1.0208,3.857,-2.784
0.53891,-6.6978,-4.3343,4.9425,2.2133,-5.4803,-4.8658,-5.1045,-4.2397,0.73908,3.8681,-2.6419
0.03874,-6.8652,-4.1358,5.2413,1.9158,-5.4962,-4.9217,-5.4494,-4.878,0.39935,3.7722,-2.5548
-0.43898,-6.9681,-3.8645,5.4561,1.5362,-5.4804,-5.0282,-5.8288,-5.5235,-0.020693,3.5297,-2.5476
-0.96082,-7.0378,-3.5201,5.6199,1.0539,-5.432,-5.1643,-6.2168,-6.1644,-0.50539,3.1552,-2.616
-1.6061,-7.0791,-3.0875,5.7591,0.44514,-5.3356,-5.299,-6.5725,-6.7672,-1.0124,2.7049,-2.7341
-2.4126,-7.0765,-2.5542,5.8842,-0.29476,-5.1731,-5.4104,-6.8619,-7.3013,-1.4925,2.2515,-2.8666
-3.3277,-7.0114,-1.9342,5.9919,-1.1232,-4.938,-5.4993,-7.0727,-7.7559,-1.9076,1.8507,-2.9802
-4.2031,-6.8744,-1.2828,6.0655,-1.9382,-4.6439,-5.5886,-7.2244,-8.1469,-2.2415,1.5128,-3.0496
-4.836,-6.6665,-0.69342,6.0737,-2.5952,-4.3244,-5.7089,-7.3515,-8.5048,-2.5031,1.1994,-3.0618
-5.0279,-6.3982,-0.27714,5.9755,-2.9466,-4.0263,-5.879,-7.4849,-8.8583,-2.7223,0.84851,-3.0188
-4.6503,-6.0916,-0.13087,5.7384,-2.888,-3.8002,-6.0958,-7.6383,-9.218,-2.9389,0.40964,-2.9339
-3.6993,-5.7819,-0.3049,5.3613,-2.3944,-3.6885,-6.327,-7.8014,-9.5726,-3.1864,-0.13354,-2.8272
-2.3169,-5.5107,-0.78302,4.8861,-1.5341,-3.713,-6.521,-7.9434,-9.8962,-3.4773,-0.75855,-2.72
-0.76024,-5.3147,-1.485,4.3912,-0.45092,-3.8684,-6.6273,-8.0231,-10.16,-3.7978,-1.4117,-2.6307
0.67055,-5.219,-2.2909,3.9712,0.67546,-4.1243,-6.6165,-8.0046,-10.343,-4.1153,-2.0237,-2.5708
1.7141,-5.2341,-3.0767,3.7105,1.6715,-4.4368,-6.4925,-7.8732,-10.438,-4.3937,-2.5303,-2.5423
2.2253,-5.3516,-3.7481,3.6519,2.4101,-4.7613,-6.2884,-7.6445,-10.455,-4.6067,-2.8895,-2.5367
2.2372,-5.5417,-4.262,3.773,2.8584,-5.0625,-6.0501,-7.3583,-10.413,-4.7409,-3.087,-2.5361
1.9424,-5.7586,-4.6216,3.9907,3.0815,-5.3183,-5.8183,-7.0623,-10.338,-4.7929,-3.1302,-2.5174
1.5841,-5.9559,-4.845,4.2008,3.1599,-5.5155,-5.6179,-6.7956,-10.25,-4.7671,-3.0375,-2.4635
1.3241,-6.1054,-4.9352,4.3328,3.123,-5.6449,-5.4535,-6.5801,-10.161,-4.6749,-2.8305,-2.3765
1.1697,-6.2105,-4.8773,4.3865,2.959,-5.7002,-5.3138,-6.42,-10.076,-4.5351,-2.5321,-2.2824
0.99954,-6.3084,-4.6549,4.4325,2.6356,-5.6797,-5.1755,-6.3042,-9.9898,-4.374,-2.1727,-2.2227
0.62019,-6.4552,-4.2529,4.5742,2.0996,-5.5855,-5.014,-6.2131,-9.9029,-4.224,-1.7959,-2.2371
-0.14483,-6.6973,-3.6572,4.8961,1.2922,-5.4229,-4.8145,-6.1275,-9.8231,-4.1195,-1.4561,-2.3497
-1.3509,-7.0451,-2.8812,5.4246,0.20424,-5.2043,-4.5799,-6.035,-9.7634,-4.0865,-1.2047,-2.5634
-2.8861,-7.4646,-1.994,6.1126,-1.0721,-4.9545,-4.3281,-5.9305,-9.7314,-4.1317,-1.07,-2.8591
-4.4816,-7.8939,-1.1188,6.8519,-2.3465,-4.7125,-4.0824,-5.8139,-9.723,-4.2384,-1.0434,-3.1989
-5.7993,-8.2736,-0.406,7.5119,-3.3881,-4.526,-3.8628,-5.6892,-9.7246,-4.3748,-1.0868,-3.5354
-6.5612,-8.5758,0.0064815,7.9918,-3.9965,-4.443,-3.6809,-5.5626,-9.7244,-4.5104,-1.1563,-3.8254
-6.6538,-8.8217,0.031193,8.2644,-4.0611,-4.5047,-3.5389,-5.4404,-9.7224,-4.6314,-1.2272,-4.0406
-6.1672,-9.0794,-0.34686,8.3886,-3.5952,-4.7402,-3.4318,-5.325,-9.7334,-4.7464,-1.3047,-4.1719
-5.3569,-9.438,-1.0698,8.4844,-2.729,-5.1578,-3.3515,-5.2148,-9.7809,-4.8825,-1.4197,-4.2281
-4.54,-9.9656,-2.0241,8.6788,-1.6621,-5.7356,-3.2906,-5.1089,-9.886,-5.0715,-1.6136,-4.2279
-3.9681,-10.67,-3.0656,9.0486,-0.60053,-6.4164,-3.2468,-5.0137,-10.059,-5.335,-1.9186,-4.191
-3.7441,-11.486,-4.0508,9.5854,0.29409,-7.1162,-3.2257,-4.9487,-10.3,-5.6755,-2.3412,-4.1328
-3.8215,-12.296,-4.8683,10.197,0.93593,-7.745,-3.2412,-4.9443,-10.599,-6.0743,-2.8544,-4.0666
-4.0606,-12.977,-5.4657,10.748,1.3205,-8.2335,-3.3113,-5.0318,-10.944,-6.4961,-3.4024,-4.0034
-4.2836,-13.456,-5.8511,11.128,1.4984,-8.5524,-3.45,-5.2306,-11.319,-6.8987,-3.9156,-3.9444
-4.351,-13.732,-6.0629,11.303,1.5363,-8.715,-3.66,-5.5381,-11.706,-7.2465,-4.3309,-3.8737
-4.2667,-13.873,-6.1348,11.328,1.4777,-8.7641,-3.93,-5.929,-12.089,-7.5243,-4.6152,-3.7651
-4.1692,-13.974,-6.091,11.314,1.3244,-8.751,-4.2353,-6.3591,-12.459,-7.743,-4.779,-3.6034
-4.2346,-14.108,-5.9518,11.362,1.0508,-8.7146,-4.5426,-6.7741,-12.811,-7.9333,-4.8751,-3.4065
-4.5943,-14.299,-5.7296,11.517,0.62377,-8.672,-4.8188,-7.1206,-13.14,-8.1315,-4.9792,-3.2298
-5.2743,-14.514,-5.4274,11.756,0.030801,-8.6196,-5.0394,-7.3581,-13.44,-8.3653,-5.1635,-3.1467
-6.1808,-14.694,-5.0523,12.01,-0.69044,-8.5426,-5.1959,-7.4678,-13.699,-8.6453,-5.4722,-3.2188
-7.1358,-14.778,-4.6315,12.203,-1.4453,-8.426,-5.2966,-7.4567,-13.904,-8.9639,-5.9094,-3.4715
-7.9309,-14.731,-4.2149,12.283,-2.1033,-8.2638,-5.361,-7.3535,-14.04,-9.2978,-6.441,-3.8862
-8.3728,-14.553,-3.8664,12.235,-2.5317,-8.065,-5.4106,-7.2001,-14.1,-9.6148,-7.0104,-4.4091
-8.3231,-14.28,-3.6466,12.084,-2.632,-7.8529,-5.4601,-7.0422,-14.087,-9.8816,-7.56,-4.9739
-7.741,-13.971,-3.5923,11.876,-2.3697,-7.6569,-5.5153,-6.9226,-14.015,-10.075,-8.0518,-5.5285
-6.7158,-13.683,-3.7009,11.657,-1.7881,-7.5014,-5.575,-6.8761,-13.91,-10.192,-8.4797,-6.0508
-5.4524,-13.453,-3.9267,11.462,-1.0045,-7.3948,-5.6317,-6.9203,-13.799,-10.246,-8.865,-6.547
-4.2049,-13.284,-4.1888,11.306,-0.18828,-7.3245,-5.6717,-7.0479,-13.7,-10.264,-9.2391,-7.0338
-3.2075,-13.151,-4.3893,11.189,0.47664,-7.2615,-5.6752,-7.2256,-13.619,-10.269,-9.6235,-7.5206
-2.6342,-13.023,-4.4391,11.104,0.83983,-7.1738,-5.6211,-7.4021,-13.543,-10.279,-10.02,-8.0036
-2.5738,-12.881,-4.289,11.051,0.82462,-7.0429,-5.492,-7.5219,-13.452,-10.297,-10.411,-8.471
-3.0158,-12.737,-3.9524,11.039,0.44448,-6.8764,-5.2773,-7.5377,-13.32,-10.322,-10.775,-8.9033
-3.8592,-12.629,-3.508,11.083,-0.20257,-6.7109,-4.9727,-7.4222,-13.124,-10.346,-11.091,-9.2682
-4.9377,-12.607,-3.0732,11.198,-0.95736,-6.5973,-4.5806,-7.1768,-12.852,-10.366,-11.35,-9.5271
-6.0435,-12.699,-2.757,11.382,-1.6428,-6.5754,-4.1119,-6.8335,-12.51,-10.379,-11.564,-9.6596
-6.9554,-12.89,-2.6169,11.612,-2.1146,-6.6512,-3.5875,-6.4461,-12.121,-10.39,-11.756,-9.6799
-7.4851,-13.115,-2.6415,11.839,-2.2982,-6.7887,-3.0346,-6.0724,-11.726,-10.41,-11.961,-9.6318
-7.5311,-13.281,-2.7595,12.003,-2.2035,-6.92,-2.4827,-5.7592,-11.369,-10.453,-12.198,-9.5679
-7.117,-13.303,-2.8673,12.055,-1.916,-6.9675,-1.9592,-5.5338,-11.086,-10.528,-12.468,-9.5246
-6.3901,-13.14,-2.8623,11.982,-1.5694,-6.8724,-1.4861,-5.4024,-10.896,-10.634,-12.748,-9.5073
-5.5705,-12.803,-2.6743,11.808,-1.3052,-6.6151,-1.0755,-5.3501,-10.787,-10.755,-13.002,-9.4886
-4.8759,-12.354,-2.2854,11.584,-1.2322,-6.222,-0.72602,-5.3449,-10.728,-10.863,-13.192,-9.4217
-4.4663,-11.877,-1.736,11.368,-1.3993,-5.7581,-0.42336,-5.3448,-10.672,-10.928,-13.293,-9.263
-4.4206,-11.463,-1.1124,11.212,-1.7895,-5.3088,-0.14681,-5.3109,-10.583,-10.931,-13.302,-8.9931
-4.7296,-11.189,-0.51871,11.157,-2.3306,-4.9564,0.12312,-5.2176,-10.44,-10.872,-13.242,-8.6275
-5.3041,-11.102,-0.044392,11.23,-2.9174,-4.7582,0.40014,-5.0568,-10.245,-10.77,-13.161,-8.2093
-6.0029,-11.205,0.26072,11.432,-3.4408,-4.7313,0.68989,-4.8356,-10.013,-10.659,-13.112,-7.7907
-6.6718,-11.45,0.39249,11.729,-3.8136,-4.8495,0.98841,-4.5733,-9.7721,-10.569,-13.141,-7.4138
-7.1696,-11.756,0.3806,12.057,-3.9836,-5.0569,1.2829,-4.298,-9.5506,-10.523,-13.263,-7.0999
-7.3971,-12.042,0.26703,12.345,-3.937,-5.2905,1.5566,-4.0394,-9.3703,-10.523,-13.47,-6.8476
-7.3325,-12.269,0.085651,12.555,-3.6977,-5.5067,1.7965,-3.8186,-9.2348,-10.547,-13.726,-6.635
-7.0412,-12.455,-0.14923,12.695,-3.3218,-5.6984,1.9976,-3.6421,-9.1272,-10.561,-13.978,-6.4283
-6.6543,-12.662,-0.44247,12.821,-2.8863,-5.8936,2.1628,-3.5035,-9.0198,-10.532,-14.176,-6.1965
-6.3272,-12.958,-0.80566,13.004,-2.4713,-6.1342,2.2977,-3.3916,-8.8899,-10.441,-14.287,-5.9283
-6.1909,-13.383,-1.2381,13.294,-2.1427,-6.4468,2.4077,-3.2954,-8.732,-10.295,-14.31,-5.6413
-6.3141,-13.926,-1.7131,13.694,-1.9385,-6.8251,2.4972,-3.2047,-8.5588,-10.125,-14.274,-5.3778
-6.688,-14.534,-2.1814,14.161,-1.8648,-7.2342,2.5724,-3.1076,-8.3918,-9.9737,-14.228,-5.1871
-7.2346,-15.128,-2.5864,14.621,-1.9021,-7.6226,2.6433,-2.9885,-8.2485,-9.8703,-14.212,-5.1028
-7.8337,-15.634,-2.8782,15.008,-2.0188,-7.9367,2.7232,-2.8314,-8.1331,-9.8179,-14.241,-5.1287
-8.3644,-15.995,-3.0218,15.273,-2.186,-8.131,2.8239,-2.6249,-8.0327,-9.7871,-14.285,-5.2374
-8.7425,-16.185,-3.0017,15.404,-2.3837,-8.1774,2.9514,-2.3682,-7.9196,-9.726,-14.282,-5.3812
-8.9322,-16.203,-2.8245,15.417,-2.5972,-8.0718,3.1042,-2.0725,-7.7595,-9.5775,-14.161,-5.5061
-8.9348,-16.071,-2.5211,15.34,-2.8099,-7.8357,3.2753,-1.7591,-7.5245,-9.2978,-13.866,-5.5662
-8.7727,-15.827,-2.1472,15.204,-2.9979,-7.5129,3.4532,-1.4561,-7.2081,-8.873,-13.371,-5.5375
-8.4789,-15.512,-1.7756,15.023,-3.1304,-7.16,3.6225,-1.1951,-6.8346,-8.3253,-12.692,-5.4251
-8.0953,-15.16,-1.4778,14.797,-3.1739,-6.8333,3.7665,-1.0039,-6.4529,-7.7056,-11.882,-5.2603
-7.6694,-14.795,-1.3033,14.511,-3.106,-6.5744,3.8719,-0.89646,-6.1181,-7.0742,-11.01,-5.0874
-7.2515,-14.426,-1.2622,14.15,-2.9367,-6.3993,3.9366,-0.86516,-5.867,-6.4757,-10.144,-4.947
-6.8965,-14.049,-1.3209,13.716,-2.7177,-6.2942,3.9726,-0.88116,-5.7021,-5.9251,-9.3321,-4.8644
-6.6565,-13.657,-1.4114,13.233,-2.5204,-6.2183,3.9996,-0.90571,-5.5923,-5.4086,-8.6076,-4.8441
-6.5463,-13.236,-1.4549,12.741,-2.3999,-6.1158,4.0318,-0.90684,-5.4898,-4.8969,-7.9835,-4.8727
-6.5036,-12.769,-1.3884,12.269,-2.3698,-5.9304,4.0681,-0.87108,-5.3502,-4.3615,-7.4501,-4.9259
-6.3907,-12.218,-1.1841,11.804,-2.395,-5.6212,4.0943,-0.80255,-5.1462,-3.785,-6.9773,-4.9754
-6.0404,-11.538,-0.85701,11.288,-2.4019,-5.1721,4.094,-0.71131,-4.8698,-3.1667,-6.5307,-4.9979
-5.3189,-10.688,-0.45764,10.647,-2.303,-4.5948,4.0618,-0.59977,-4.5268,-2.5224,-6.0913,-4.9827
-4.1838,-9.6559,-0.051851,9.8333,-2.0309,-3.9221,4.0113,-0.45526,-4.1273,-1.8775,-5.6636,-4.9371
-2.715,-8.4639,0.3081,8.8518,-1.5689,-3.1913,3.9754,-0.25063,-3.6752,-1.2538,-5.2679,-4.8824
-1.1085,-7.1558,0.61194,7.7592,-0.96873,-2.4186,3.9987,0.048429,-3.1586,-0.65641,-4.9219,-4.8422
0.37126,-5.7746,0.90691,6.6457,-0.34224,-1.5746,4.128,0.47206,-2.5452,-0.067339,-4.6194,-4.8274
1.4681,-4.3429,1.2891,5.6014,0.16898,-0.58428,4.4012,1.0341,-1.7888,0.55058,-4.3214,-4.8261
2.0202,-2.8676,1.8646,4.6808,0.43661,0.61941,4.8373,1.7244,-0.84689,1.2421,-3.9635,-4.8034
2.0183,-1.3655,2.6999,3.8781,0.38379,2.0203,5.4282,2.5091,0.2942,2.0438,-3.478,-4.7091
1.6192,0.16005,3.8092,3.1215,0.0051885,3.5542,6.1378,3.3434,1.6029,2.9727,-2.8118,-4.4889
1.112,1.7846,5.1741,2.2851,-0.63661,5.2219,6.915,4.1926,3.0129,4.0261,-1.9316,-4.0927
0.83278,3.6394,6.7483,1.2179,-1.4342,7.0725,7.7249,5.0563,4.4644,5.1995,-0.8145,-3.4762
1.0435,5.8184,8.4579,-0.21574,-2.2693,9.12,8.5875,5.9829,5.9524,6.5086,0.56581,-2.6009
1.8502,8.3498,10.215,-2.0995,-3.0431,11.335,9.5984,7.0658,7.544,7.9988,2.245,-1.4363
3.2521,11.23,11.932,-4.4464,-3.6843,13.661,10.919,8.4214,9.3484,9.7355,4.2562,0.029715
5.2498,14.445,13.521,-7.1961,-4.1393,16.029,12.748,10.16,11.454,11.771,6.5964,1.773
7.7791,17.978,14.899,-10.225,-4.362,18.378,15.284,12.362,13.875,14.103,9.1892,3.7199
10.501,21.783,16.001,-13.381,-4.3117,20.674,18.658,15.073,16.552,16.661,11.891,5.7656
12.957,25.731,16.772,-16.517,-3.9597,22.889,22.817,18.303,19.389,19.327,14.56,7.826
14.994,29.548,17.172,-19.508,-3.3024,24.908,27.43,22.029,22.305,22.003,17.141,9.8844
16.811,32.921,17.19,-22.262,-2.3734,26.544,31.999,26.192,25.252,24.66,19.686,11.988
18.746,35.782,16.88,-24.768,-1.245,27.711,36.172,30.693,28.206,27.326,22.293,14.198
21.068,38.364,16.354,-27.075,-0.018102,28.555,39.899,35.386,31.145,30.032,25.028,16.524
23.841,40.919,15.734,-29.193,1.198,29.328,43.301,40.105,34.034,32.752,27.875,18.879
26.914,43.471,15.114,-31.071,2.3195,30.188,46.484,44.683,36.831,35.393,30.74,21.104
30.032,45.846,14.552,-32.683,3.3367,31.165,49.471,48.977,39.488,37.847,33.488,23.051
32.919,47.856,14.085,-34.064,4.3587,32.226,52.241,52.879,41.962,40.048,35.999,24.658
35.348,49.419,13.726,-35.25,5.5545,33.327,54.757,56.318,44.222,41.985,38.205,25.954
37.247,50.572,13.421,-36.264,6.853,34.397,56.949,59.265,46.251,43.685,40.105,27.026
38.653,51.437,13.03,-37.127,7.9362,35.295,58.696,61.73,48.045,45.188,41.735,27.965
39.706,52.143,12.418,-37.871,8.9506,35.818,59.848,63.738,49.609,46.527,43.143,28.826
40.697,52.74,11.541,-38.526,10.363,35.821,60.232,65.296,50.935,47.715,44.365,29.611
42.035,53.169,10.401,-39.109,12.362,35.276,59.636,66.369,51.991,48.754,45.44,30.279
44.098,53.296,8.9759,-39.616,14.94,34.219,57.78,66.853,52.715,49.637,46.409,30.778
46.968,53.004,7.2375,-40.036,18.2,32.676,54.468,66.586,53.019,50.353,47.303,31.07
50.309,52.246,5.2117,-40.343,22.179,30.669,49.873,65.392,52.818,50.868,48.113,31.142
53.654,51.044,3.0178,-40.504,26.467,28.277,44.518,63.164,52.051,51.113,48.785,31.01
56.63,49.452,0.8421,-40.48,30.321,25.671,38.88,59.928,50.707,50.99,49.233,30.705
58.834,47.535,-1.1412,-40.24,33.096,23.052,33.154,55.81,48.819,50.378,49.361,30.257
59.75,45.35,-2.8328,-39.775,34.505,20.514,27.318,50.977,46.464,49.17,49.067,29.672
58.948,42.956,-4.1884,-39.108,34.51,18.003,21.288,45.595,43.745,47.299,48.256,28.922
56.4,40.408,-5.1863,-38.291,33.164,15.408,15.1,39.831,40.786,44.778,46.87,27.956
52.636,37.739,-5.9012,-37.397,30.811,12.653,9.1184,33.879,37.71,41.709,44.913,26.717
48.537,34.932,-6.5375,-36.505,28.259,9.7521,3.9482,27.965,34.623,38.274,42.466,25.167
45.074,31.929,-7.3243,-35.686,26.521,6.8419,-0.077918,22.335,31.601,34.707,39.679,23.318
43.09,28.684,-8.4348,-34.991,26.4,4.1402,-3.1286,17.205,28.692,31.26,36.755,21.249
42.976,25.227,-9.954,-34.448,28.163,1.8135,-5.5344,12.72,25.912,28.142,33.912,19.096
44.484,21.704,-11.849,-34.051,31.349,-0.10107,-7.5204,8.9342,23.255,25.476,31.341,17.001
46.974,18.35,-13.977,-33.752,35.003,-1.6451,-9.2074,5.8187,20.695,23.285,29.159,15.046
49.815,15.387,-16.123,-33.477,38.258,-2.8642,-10.681,3.2865,18.211,21.501,27.38,13.239
52.487,12.913,-18.051,-33.137,40.646,-3.7871,-12.016,1.2188,15.799,19.988,25.921,11.54
54.453,10.883,-19.561,-32.65,42.106,-4.4429,-13.262,-0.50948,13.479,18.574,24.636,9.9088
55.331,9.1656,-20.539,-31.953,42.806,-4.8793,-14.427,-2.0103,11.281,17.11,23.374,8.3339
55.186,7.6243,-20.97,-31.006,42.866,-5.1614,-15.475,-3.3718,9.221,15.539,22.041,6.8272
54.274,6.1694,-20.899,-29.792,42.299,-5.3531,-16.355,-4.6574,7.2861,13.909,20.621,5.4098
52.72,4.7735,-20.396,-28.3,41.088,-5.4999,-17.028,-5.909,5.4398,12.318,19.155,4.1003
50.488,3.4521,-19.553,-26.52,39.255,-5.6245,-17.492,-7.1547,3.6456,10.85,17.701,2.914
47.545,2.2354,-18.474,-24.445,36.958,-5.7303,-17.78,-8.4134,1.8885,9.5545,16.299,1.8606
44.133,1.1494,-17.25,-22.095,34.491,-5.8057,-17.947,-9.6966,0.18073,8.4403,14.962,0.93979
40.731,0.20817,-15.926,-19.533,32.113,-5.8299,-18.041,-11.007,-1.4518,7.4678,13.674,0.13526
37.63,-0.5944,-14.51,-16.853,29.871,-5.7843,-18.09,-12.338,-2.9936,6.5554,12.393,-0.58817
34.796,-1.2872,-13.016,-14.134,27.659,-5.6637,-18.101,-13.678,-4.4525,5.607,11.066,-1.2805
32.038,-1.9118,-11.506,-11.422,25.337,-5.4814,-18.067,-15.013,-5.8533,4.5469,9.6429,-1.9914
29.17,-2.5052,-10.063,-8.774,22.792,-5.2666,-17.978,-16.326,-7.2175,3.347,8.1042,-2.7505
26.222,-3.0909,-8.7614,-6.2929,19.987,-5.0558,-17.825,-17.602,-8.5495,2.0348,6.4755,-3.5578
23.538,-3.6807,-7.6424,-4.0923,17.03,-4.881,-17.609,-18.832,-9.8365,0.67698,4.8175,-4.3892
21.389,-4.2718,-6.7247,-2.2348,14.179,-4.7602,-17.347,-20.021,-11.058,-0.65021,3.2025,-5.2119
19.694,-4.8359,-6.0105,-0.72134,11.695,-4.6926,-17.073,-21.189,-12.195,-1.8839,1.6919,-5.9982
18.275,-5.3235,-5.4899,0.47285,9.7179,-4.6626,-16.824,-22.371,-13.229,-2.9831,0.32598,-6.7307
17.012,-5.6868,-5.1468,1.3744,8.3242,-4.6523,-16.635,-23.607,-14.149,-3.929,-0.87674,-7.3984
15.83,-5.9077,-4.9626,2.0148,7.5136,-4.6538,-16.519,-24.925,-14.947,-4.7228,-1.913,-7.9935
14.695,-6.0077,-4.9139,2.4411,7.1537,-4.6721,-16.468,-26.331,-15.623,-5.3816,-2.7885,-8.5121
13.638,-6.0385,-4.965,2.7193,7.0518,-4.7187,-16.453,-27.805,-16.191,-5.93,-3.5131,-8.9575
12.7,-6.0614,-5.0646,2.9259,7.0429,-4.7996,-16.434,-29.295,-16.666,-6.3889,-4.0981,-9.3393
11.853,-6.1273,-5.1504,3.1329,6.9996,-4.9061,-16.371,-30.724,-17.063,-6.7669,-4.5553,-9.6684
10.999,-6.2604,-5.1597,3.3908,6.8257,-5.0115,-16.237,-32.014,-17.387,-7.0624,-4.8975,-9.95
10.05,-6.4496,-5.0417,3.7142,6.469,-5.0756,-16.031,-33.105,-17.63,-7.2739,-5.1391,-10.183
8.9913,-6.6514,-4.7685,4.0792,5.9336,-5.0572,-15.78,-33.974,-17.78,-7.4065,-5.296,-10.364
7.9116,-6.8091,-4.3446,4.435,5.2776,-4.9303,-15.527,-34.647,-17.835,-7.4712,-5.3844,-10.482
6.9543,-6.881,-3.8105,4.7285,4.5924,-4.6979,-15.318,-35.184,-17.805,-7.4802,-5.4187,-10.529
6.2233,-6.8639,-3.2346,4.9333,3.9711,-4.3959,-15.182,-35.661,-17.717,-7.444,-5.4097,-10.496
5.7247,-6.7994,-2.6987,5.0647,3.4775,-4.0854,-15.125,-36.155,-17.601,-7.3713,-5.3622,-10.387
5.3815,-6.7608,-2.2768,5.1741,3.1316,-3.8369,-15.139,-36.72,-17.487,-7.2693,-5.2741,-10.221
5.0817,-6.8251,-2.0182,5.3237,2.9121,-3.712,-15.209,-37.382,-17.4,-7.1452,-5.14,-10.03
4.7118,-7.0425,-1.9369,5.5598,2.7644,-3.7463,-15.32,-38.132,-17.358,-7.0067,-4.9574,-9.8498
4.1803,-7.4179,-2.0104,5.8948,2.6154,-3.9397,-15.47,-38.933,-17.367,-6.8631,-4.7322,-9.7051
3.4391,-7.9113,-2.1908,6.3049,2.4041,-4.2584,-15.663,-39.741,-17.423,-6.7225,-4.4758,-9.6023
2.5017,-8.4569,-2.4248,6.7407,2.1134,-4.6487,-15.909,-40.513,-17.51,-6.5884,-4.1975,-9.5249
1.4644,-8.987,-2.6721,7.1456,1.7798,-5.0531,-16.213,-41.223,-17.608,-6.4554,-3.8969,-9.4393
0.50742,-9.4464,-2.9181,7.4695,1.4812,-5.4254,-16.573,-41.858,-17.693,-6.3083,-3.5637,-9.3085
-0.15161,-9.7961,-3.1739,7.6719,1.313,-5.7363,-16.98,-42.414,-17.745,-6.1261,-3.1855,-9.1075
-0.3242,-10.014,-3.4651,7.7226,1.3676,-5.9732,-17.422,-42.899,-17.755,-5.8912,-2.7612,-8.8374
0.09942,-10.093,-3.8136,7.6071,1.7153,-6.1334,-17.892,-43.325,-17.731,-5.6027,-2.3135,-8.532
1.1196,-10.05,-4.2221,7.3388,2.3833,-6.2215,-18.372,-43.709,-17.706,-5.2927,-1.8983,-8.2546
2.6085,-9.9268,-4.6716,6.9696,3.3414,-6.2491,-18.824,-44.07,-17.737,-5.0375,-1.6081,-8.0845
4.316,-9.7908,-5.1284,6.5916,4.4984,-6.2346,-19.18,-44.424,-17.909,-4.9533,-1.562,-8.1001
5.9135,-9.7257,-5.5569,6.3198,5.7012,-6.2013,-19.336,-44.772,-18.332,-5.1584,-1.8683,-8.3644
7.0781,-9.8067,-5.931,6.2582,6.7369,-6.1775,-19.158,-45.082,-19.132,-5.6992,-2.549,-8.9101
7.6242,-10.072,-6.2406,6.4606,7.3768,-6.2012,-18.49,-45.251,-20.44,-6.4606,-3.3785,-9.7096
7.5834,-10.5,-6.4918,6.9083,7.4964,-6.3135,-17.18,-45.048,-22.303,-6.9893,-2.9744,-10.376
7.1434,-11.007,-6.71,7.4932,7.1994,-6.5217,-15.213,-44.001,-24.388,-6.5199,1.4633,-9.07
6.5897,-11.497,-6.9421,8.0495,6.7592,-6.7652,-13.619,-41.174,-25.797,-6.6014,5.0195,-5.6242
5.9676,-11.947,-7.2463,8.493,6.3788,-7.0012,-19.77,-35.54,-25.246,-5.995,7.1814,-3.3676
5.1456,-12.352,-7.6898,8.7497,6.1065,-7.3522,-26.768,-44.536,-21.705,4.9298,10.27,-3.3773
4.8498,-12.55,-8.4276,8.4384,5.9618,-8.0689,-26.68,-60.761,-22.33,5.8839,11.508,-2.7935
9.2044,-13.804,-9.9752,7.1942,6.083,-11.427,-25.662,-61.936,-27.539,-0.22037,5.6195,-4.6821
6.8358,-21.893,-13.387,11.34,7.5821,-21.712,-22.88,-63.682,-38.466,-13.559,-8.0665,-14.933
0.1468,-33.566,-17.735,19.391,13.307,-29.342,-17.01,-64.488,-54.591,-35.379,-29.831,-31.243
-9.6632,-48.956,-18.804,30.681,10.013,-37.012,-6.3783,-61.729,-73.551,-60.026,-54.331,-52.537
-20.313,-63.593,-15.484,42.831,5.6121,-42.456,11.346,-51.333,-89.128,-77.593,-74.04,-72.088
-29.238,-70.839,-10.775,50.887,1.3791,-42.783,39.619,-27.232,-90.89,-81.538,-83.432,-83.472
-32.856,-66.088,-6.5582,49.562,-2.5267,-36.683,81.066,19.22,-68.386,-63.681,-75.009,-83.194
-27.146,-47.105,-2.2474,35.9,-5.4297,-23.688,135.23,99.91,-12.162,-16.029,-42.267,-66.926
-8.9351,-12.702,6.742,8.365,-5.4345,-1.9433,203.03,224.28,86.244,66.563,19.026,-31.636
24.642,38.222,24.018,-34.746,0.12536,31.872,281.93,386.86,232.1,186.17,110.72,22.703
77.218,106.5,41.888,-95.221,15.344,76.501,361.02,577.6,420.99,342.35,232.49,95.211
150.39,190.6,52.43,-172.25,48.117,124.32,428.9,777.77,642.92,531.82,382.53,185.56
244.62,288.7,54.333,-265.89,96.566,174.16,475.28,967.19,888.89,748.61,557.58,291.31
356.81,398.58,50.318,-374.17,155.57,226.34,491.32,1126.4,1145.7,984.17,752.53,411.87
480.24,518.59,45.898,-493.12,220.24,283.19,474.02,1241.1,1398.8,1227.3,959.78,546.44
605.33,646.42,47.752,-616.83,282.1,347.38,426.23,1304.4,1633.5,1463.7,1168.3,691.24
720.92,776.11,60.594,-736.85,333.07,418.5,353.61,1315.1,1834,1674.9,1362.6,838.4
815.25,895.72,84.589,-841.58,367.52,490.42,260.96,1272.3,1981.5,1836.9,1521.8,974.84
876.67,987.91,114.43,-916.7,382.66,551.54,150.81,1172.2,2052.9,1921.3,1620.8,1082.7
894.63,1033.9,141.64,-947.63,377.51,588.32,25.144,1009.1,2025.3,1901.4,1635,1142.4
861.79,1020.2,159.61,-923.86,351.78,590.64,-111.7,781.35,1883.2,1761.4,1548.3,1138.8
777.24,943.88,167.04,-843.73,305.88,556.27,-251.98,497.32,1627.9,1506.1,1361.8,1067.2
649.41,815.84,166.43,-716.96,242.65,491.83,-386.34,176.86,1280.9,1164,1097.5,936.75
496.2,657.21,160.73,-562.97,169.07,409.7,-506.89,-152.13,880.43,781.13,793.65,768.59
341.08,492.88,151.73,-405.43,95.973,323.22,-608.89,-459.97,471.03,407.16,493.3,589.02
206.28,344.27,139.06,-265.51,34.888,242.76,-689.68,-721.57,92.889,81.912,231.95,421.66
106.29,224.65,121.52,-156.79,-6.2947,174.43,-746.61,-920.15,-224.36,-171.35,30.41,282.24
44.683,138.35,99.67,-83.435,-26.067,120.75,-776.15,-1047,-463.26,-345.48,-105.85,177.32
15.34,82.955,76.64,-41.659,-29.018,82.14,-775.2,-1100.2,-617.67,-444.96,-182.95,105.77
6.722,53.006,57.355,-23.02,-23.181,58.238,-743.58,-1085.1,-690.74,-481.16,-213.47,61.566
6.6521,42.488,46.844,-18.177,-17.451,48.647,-685.81,-1014.1,-693.18,-468.89,-211.81,36.272
5.7474,45.448,48.484,-19.453,-18.371,51.414,-610.49,-905.87,-641.01,-424.08,-191.28,23.112
0.60928,56.412,62.272,-21.815,-27.846,63.146,-527.43,-780.64,-556.63,-362.02,-162.39,17.648
-8.732,70.568,84.805,-22.698,-44.313,80.408,-444.83,-656.17,-461.95,-295.37,-131.75,16.606
-20.7,83.768,110.45,-21.576,-63.953,98.741,-367.93,-544.24,-373.55,-234.98,-104.18,18.09
-32.462,92.942,132.04,-19.418,-81.726,113.26,-299.08,-449.74,-301.63,-187.99,-82.669,19.856
-41.989,94.938,143.83,-17.374,-92.349,119.96,-238.88,-371.9,-246.99,-153.55,-66.875,19.908
-40.572,77.677,143.53,-13.672,-93.407,116.71,-187.35,-307.39,-204.61,-127.72,-55.272,17.488
-32.758,64.288,131.03,-8.0064,-85.864,105.26,-144.3,-252.32,-169.75,-106.13,-44.942,13.885
-27.116,54.877,109.33,-4.4834,-71.272,88.355,-109.41,-203.83,-139.23,-87.065,-35.438,9.1475
-20.14,43.522,82.741,-2.182,-53.027,67.956,-82.271,-161.47,-111.26,-69.598,-27.114,5.2604
-13.215,31.204,55.718,-0.23372,-34.667,46.506,-62.329,-126.4,-86.09,-53.717,-19.525,2.6652
-7.8999,20.034,33.006,1.6568,-19.489,27.841,-49.096,-99.942,-65.381,-40.348,-12.808,0.77323
-4.8337,11.379,18.68,3.4861,-10.49,15.367,-41.204,-82.382,-50.635,-30.798,-8.3352,-0.79653
-3.7421,5.5643,12.051,5.1628,-7.0307,8.8063,-36.578,-72.341,-42.516,-25.998,-6.7143,-2.2298
-4.1012,2.2841,10.091,6.611,-6.619,6.1521,-33.246,-66.92,-39.862,-24.972,-7.9578,-3.5869
-5.0907,0.74749,10.008,7.8006,-7.3259,5.434,-29.818,-63.07,-39.823,-26.272,-9.105,-4.8513
-5.4572,-0.35339,10.344,8.7432,-8.4948,5.5804,-26.189,-58.712,-40.015,-25.816,-8.8688,-5.9741
-5.0876,-2.4584,10.686,9.4808,-9.5651,6.5592,-25.315,-52.826,-37.979,-22.148,-8.35,-6.9098
-4.8761,-5.0636,10.713,10.072,-9.6922,6.6736,-23.683,-47.624,-32.409,-16.958,-7.826,-7.6302
-4.831,-6.9638,8.3824,10.579,-5.6409,2.8822,-21.081,-43.533,-26.511,-13.702,-7.3243,-8.1251
-4.8333,-8.2004,5.4655,11.053,-4.1533,0.15933,-18.684,-39.372,-22.21,-12.246,-6.8583,-8.4051
-4.9185,-9.0884,4.1628,11.521,-3.9207,-1.0568,-16.702,-35.271,-19.329,-11.388,-6.4457,-8.5055
-5.1057,-9.8055,3.3913,11.984,-3.7342,-1.7582,-15.061,-31.518,-17.32,-10.729,-6.0946,-8.4847
-5.3488,-10.411,2.7622,12.409,-3.4935,-2.2834,-13.636,-28.157,-15.802,-10.158,-5.7963,-8.4125
-5.5669,-10.89,2.2147,12.744,-3.2237,-2.696,-12.33,-25.075,-14.542,-9.6198,-5.5273,-8.3507
-5.6787,-11.199,1.7705,12.94,-2.9563,-2.9792,-11.094,-22.148,-13.389,-9.0664,-5.2566,-8.3344
-5.6249,-11.31,1.4514,12.974,-2.7066,-3.1143,-9.9173,-19.327,-12.242,-8.4539,-4.9554,-8.3636
-5.3841,-11.238,1.2474,12.864,-2.469,-3.1146,-8.815,-16.644,-11.044,-7.7504,-4.6082,-8.4112
-4.9734,-11.04,1.1128,12.66,-2.222,-3.0269,-7.8131,-14.171,-9.7714,-6.9418,-4.2196,-8.4383
-4.4361,-10.789,0.98517,12.418,-1.9399,-2.9122,-6.9318,-11.967,-8.4253,-6.0325,-3.812,-8.4116
-3.8241,-10.542,0.81743,12.173,-1.6067,-2.8184,-6.174,-10.051,-7.0223,-5.0429,-3.416,-8.3179
-3.1895,-10.329,0.6004,11.939,-1.2292,-2.7668,-5.5241,-8.4,-5.5936,-4.0054,-3.0622,-8.1735
-2.5839,-10.155,0.36272,11.721,-0.84098,-2.7535,-4.9564,-6.9678,-4.1846,-2.9644,-2.7781,-8.0234
-2.0572,-10.017,0.15363,11.533,-0.49282,-2.7573,-4.4457,-5.7094,-2.8523,-1.9773,-2.5881,-7.9264
-1.6475,-9.9095,0.020239,11.396,-0.23286,-2.75,-3.9741,-4.5906,-1.6545,-1.1047,-2.5065,-7.9305
-1.3638,-9.8312,-0.013092,11.328,-0.087582,-2.7105,-3.5301,-3.5864,-0.6252,-0.38299,-2.5259,-8.0501
-1.1793,-9.7861,0.043082,11.333,-0.052048,-2.6363,-3.1034,-2.6705,0.25097,0.20616,-2.61,-8.2563
-1.0424,-9.7868,0.1439,11.404,-0.09348,-2.5484,-2.6803,-1.8057,1.0447,0.73808,-2.705,-8.4867
-0.91026,-9.8526,0.22442,11.522,-0.16674,-2.4871,-2.2445,-0.94489,1.8575,1.3027,-2.7665,-8.6709
-0.79372,-10.005,0.22315,11.682,-0.23488,-2.5004,-1.7821,-0.044269,2.78,1.9453,-2.7848,-8.7619
-0.77467,-10.268,0.10463,11.901,-0.28614,-2.6285,-1.2869,0.92012,3.8552,2.6388,-2.7927,-8.7582
-0.97029,-10.665,-0.13126,12.213,-0.33928,-2.8933,-0.76386,1.9425,5.0625,3.3041,-2.8528,-8.7078
-1.4837,-11.216,-0.45596,12.649,-0.43318,-3.2959,-0.22809,2.9901,6.326,3.8519,-3.028,-8.6862
-2.3664,-11.922,-0.82566,13.225,-0.60448,-3.8173,0.29813,4.0173,7.5431,4.2168,-3.3501,-8.7598
-3.582,-12.75,-1.1925,13.919,-0.86504,-4.4167,0.79219,4.9852,8.6232,4.3788,-3.8017,-8.9549
-4.99,-13.625,-1.5116,14.669,-1.1912,-5.0303,1.2397,5.8771,9.5177,4.3737,-4.317,-9.2479
-6.3619,-14.44,-1.7474,15.376,-1.5276,-5.5785,1.6396,6.7024,10.229,4.2847,-4.8005,-9.5777
-7.4336,-15.076,-1.8794,15.933,-1.8022,-5.9846,2.0023,7.4864,10.799,4.2083,-5.1585,-9.8728
-7.9808,-15.445,-1.9072,16.254,-1.947,-6.1964,2.3411,8.2543,11.283,4.2073,-5.3348,-10.081
-7.8922,-15.511,-1.8487,16.303,-1.9195,-6.201,2.6636,9.0198,11.726,4.2784,-5.3341,-10.195
-7.2127,-15.299,-1.7333,16.105,-1.7195,-6.0255,2.969,9.7837,12.146,4.3532,-5.2231,-10.255
-6.1351,-14.887,-1.5919,15.738,-1.3925,-5.7287,3.2517,10.541,12.535,4.3323,-5.1067,-10.34
-4.9387,-14.382,-1.4502,15.311,-1.0182,-5.3841,3.5085,11.29,12.869,4.1334,-5.0852,-10.533
-3.8984,-13.896,-1.3252,14.927,-0.68426,-5.0614,3.7429,12.036,13.138,3.7317,-5.212,-10.884
-3.2021,-13.513,-1.2264,14.66,-0.45748,-4.8112,3.965,12.791,13.357,3.1737,-5.4712,-11.392
-2.9079,-13.271,-1.1569,14.532,-0.36573,-4.6569,4.1855,13.567,13.567,2.5588,-5.7855,-12.003
-2.9483,-13.155,-1.1136,14.512,-0.39538,-4.59,4.4069,14.362,13.812,1.9983,-6.0484,-12.643
-3.1641,-13.099,-1.0846,14.531,-0.50254,-4.5736,4.6149,15.151,14.106,1.5732,-6.1666,-13.245
-3.3678,-13.021,-1.0519,14.51,-0.63345,-4.5571,4.7774,15.886,14.419,1.3093,-6.097,-13.775
-3.4375,-12.866,-0.99788,14.403,-0.7466,-4.4989,4.8556,16.503,14.682,1.1708,-5.8633,-14.234
-3.3629,-12.635,-0.91233,14.219,-0.82681,-4.3849,4.8246,16.956,14.824,1.075,-5.5413,-14.644
-3.2241,-12.381,-0.79322,14.02,-0.88619,-4.2305,4.6909,17.232,14.8,0.93159,-5.2215,-15.036
-3.1396,-12.166,-0.6428,13.879,-0.95397,-4.066,4.4967,17.368,14.609,0.69028,-4.9701,-15.425
-3.2038,-12.03,-0.46388,13.836,-1.0608,-3.9176,4.3071,17.434,14.291,0.36646,-4.8095,-15.803
-3.4464,-11.972,-0.26052,13.889,-1.2252,-3.7979,4.1872,17.516,13.917,0.024455,-4.7211,-16.138
-3.8305,-11.972,-0.040182,14.003,-1.447,-3.708,4.1783,17.683,13.56,-0.26405,-4.6623,-16.392
-4.2738,-11.992,0.18922,14.13,-1.7091,-3.6373,4.283,17.97,13.276,-0.45087,-4.5857,-16.537
-4.6765,-11.985,0.4284,14.219,-1.9851,-3.5582,4.4661,18.375,13.092,-0.51834,-4.4521,-16.554
-4.9492,-11.903,0.68961,14.227,-2.2471,-3.4315,4.67,18.875,13.007,-0.4719,-4.2397,-16.435
-5.0375,-11.715,0.98349,14.13,-2.4708,-3.2268,4.837,19.437,13.001,-0.33075,-3.9488,-16.178
-4.9358,-11.426,1.3008,13.935,-2.6356,-2.9427,4.93,20.029,13.043,-0.12261,-3.5999,-15.79
-4.6815,-11.071,1.6063,13.678,-2.7224,-2.6111,4.9415,20.623,13.094,0.11866,-3.2266,-15.298
-4.3337,-10.711,1.8467,13.408,-2.7111,-2.2865,4.8908,21.191,13.122,0.35591,-2.8661,-14.74
-3.947,-10.407,1.9633,13.169,-2.583,-2.0284,4.8117,21.714,13.104,0.55441,-2.5503,-14.167
-3.5553,-10.201,1.908,12.984,-2.3263,-1.8834,4.7414,22.187,13.04,0.68937,-2.2987,-13.622
-3.1708,-10.105,1.6614,12.845,-1.9454,-1.8701,4.7138,22.634,12.946,0.75266,-2.1112,-13.133
-2.7967,-10.094,1.2504,12.73,-1.4719,-1.9708,4.7568,23.1,12.86,0.75525,-1.9633,-12.701
-2.4435,-10.12,0.75321,12.608,-0.969,-2.1342,4.8917,23.643,12.828,0.72337,-1.8062,-12.303
-2.1406,-10.127,0.28523,12.464,-0.52266,-2.2865,5.1343,24.316,12.894,0.68905,-1.5822,-11.904
-1.9319,-10.068,-0.033731,12.293,-0.21711,-2.3482,5.4963,25.159,13.084,0.67909,-1.2503,-11.472
-1.853,-9.9074,-0.11553,12.106,-0.1062,-2.2538,5.9861,26.185,13.4,0.7069,-0.81022,-10.996
-1.9048,-9.6344,0.070286,11.912,-0.19358,-1.9701,6.6042,27.385,13.821,0.76955,-0.30864,-10.494
-2.0436,-9.263,0.48994,11.719,-0.42891,-1.5078,7.3361,28.727,14.313,0.85142,0.17809,-10.008
-2.1905,-8.8331,1.0623,11.54,-0.72213,-0.91626,8.1481,30.172,14.855,0.93358,0.57725,-9.5857
-2.2555,-8.3928,1.6949,11.382,-0.97382,-0.26127,8.9955,31.688,15.451,1.006,0.8507,-9.2571
-2.1679,-7.9722,2.3203,11.238,-1.1126,0.40421,9.8418,33.265,16.126,1.0779,1.0105,-9.0208
-1.9067,-7.5639,2.9124,11.085,-1.124,1.0628,10.678,34.912,16.911,1.181,1.115,-8.842
-1.5209,-7.1241,3.4857,10.89,-1.0566,1.7442,11.529,36.649,17.821,1.3634,1.2478,-8.6665
-1.1226,-6.5934,4.0935,10.627,-1.0073,2.5219,12.433,38.487,18.847,1.6726,1.481,-8.4413
-0.85446,-5.9213,4.8197,10.291,-1.0938,3.4867,13.424,40.413,19.958,2.1348,1.8403,-8.1353
-0.84795,-5.0837,5.7482,9.8975,-1.416,4.7033,14.519,42.401,21.108,2.7401,2.2874,-7.7495
-1.1746,-4.0819,6.9231,9.473,-2.0136,6.1783,15.726,44.43,22.262,3.442,2.7339,-7.3138
-1.8014,-2.9318,8.3317,9.0335,-2.8424,7.867,17.062,46.502,23.403,4.1736,3.0821,-6.8709
-2.5747,-1.6453,9.9206,8.5687,-3.7814,9.7145,18.569,48.649,24.541,4.874,3.2718,-6.4563
-3.2483,-0.21056,11.634,8.0411,-4.6638,11.696,20.308,50.919,25.698,5.5111,3.3076,-6.083
-3.5565,1.4153,13.44,7.3974,-5.3205,13.828,22.329,53.354,26.897,6.0915,3.2545,-5.7374
-3.3003,3.2963,15.329,6.5894,-5.6251,16.148,24.641,55.971,28.155,6.6545,3.2062,-5.3853
-2.3993,5.4968,17.27,5.5958,-5.5316,18.671,27.183,58.747,29.471,7.255,3.2446,-4.9828
-0.90551,8.0707,19.193,4.4314,-5.0958,21.377,29.841,61.626,30.831,7.9392,3.4069,-4.4852
0.99557,11.072,21.049,3.1395,-4.4774,24.214,32.479,64.532,32.213,8.7225,3.6708,-3.8548
3.0144,14.57,22.892,1.772,-3.9171,27.114,34.982,67.385,33.581,9.5781,3.9679,-3.0689
4.8312,18.613,24.903,0.37265,-3.6896,30,37.28,70.114,34.895,10.442,4.2194,-2.1291
6.1774,23.091,27.28,-1.0295,-4.0322,32.832,39.366,72.672,36.114,11.233,4.3748,-1.0632
6.893,27.631,30.059,-2.4218,-5.0502,35.623,41.298,75.044,37.204,11.885,4.4322,0.083449
6.9526,31.764,33.08,-3.8121,-6.6805,38.393,43.179,77.255,38.147,12.367,4.433,1.2667
6.4582,35.26,36.198,-5.2388,-8.7898,41.131,45.111,79.357,38.945,12.689,4.4386,2.4629
5.6081,38.227,39.386,-6.7855,-11.273,43.844,47.144,81.403,39.613,12.889,4.5063,3.6813
4.6394,40.926,42.67,-8.5774,-14.043,46.587,49.245,83.424,40.171,13.016,4.6688,4.961
3.736,43.547,46.055,-10.703,-16.978,49.423,51.337,85.406,40.637,13.1,4.9198,6.3517
2.957,46.125,49.532,-13.08,-19.902,52.393,53.346,87.301,41.016,13.135,5.211,7.8821
2.2758,48.603,53.096,-15.455,-22.664,55.5,55.235,89.037,41.299,13.077,5.4642,9.5331
1.6786,50.962,56.759,-17.597,-25.206,58.727,56.993,90.546,41.462,12.857,5.5947,11.23
1.2001,53.267,60.514,-19.452,-27.531,62.051,58.622,91.782,41.466,12.414,5.5396,12.862
0.8865,55.636,64.261,-21.098,-29.629,65.409,60.128,92.729,41.271,11.721,5.278,14.318
0.7482,58.176,67.781,-22.632,-31.439,68.686,61.521,93.399,40.842,10.808,4.8364,15.526
0.75726,60.914,70.854,-24.093,-32.885,71.747,62.812,93.822,40.16,9.7477,4.2738,16.475
0.86445,63.773,73.427,-25.463,-33.976,74.527,64.007,94.021,39.227,8.6261,3.6538,17.219
1.0126,66.651,75.656,-26.718,-34.85,77.091,65.097,94.004,38.052,7.5024,3.0166,17.851
1.1512,69.518,77.811,-27.875,-35.724,79.595,66.057,93.754,36.651,6.3891,2.3645,18.469
1.2531,72.425,80.142,-28.973,-36.779,82.207,66.859,93.234,35.032,5.2552,1.668,19.139
1.3191,75.405,82.767,-30.032,-38.073,85.006,67.489,92.411,33.2,4.047,0.88363,19.878
1.364,78.4,85.622,-31.041,-39.539,87.927,67.97,91.273,31.163,2.7154,-0.020957,20.665
1.3949,81.258,88.509,-31.964,-41.04,90.801,68.366,89.85,28.947,1.2415,-1.0436,21.462
1.395,83.828,91.228,-32.77,-42.464,93.459,68.77,88.207,26.591,-0.35244,-2.1374,22.24
1.3245,86.033,93.674,-33.436,-43.772,95.823,69.266,86.408,24.14,-2.0119,-3.2221,22.992
1.1368,87.887,95.85,-33.949,-44.986,97.905,69.88,84.475,21.62,-3.6741,-4.2094,23.735
0.8018,89.459,97.825,-34.312,-46.156,99.78,70.558,82.36,19.03,-5.295,-5.0271,24.497
0.32268,90.843,99.696,-34.548,-47.329,101.56,71.186,79.96,16.334,-6.8733,-5.6346,25.29
-0.26079,92.122,101.58,-34.694,-48.535,103.34,71.638,77.159,13.474,-8.4719,-6.032,26.103
-0.87948,93.35,103.57,-34.79,-49.785,105.23,71.836,73.88,10.4,-10.228,-6.2601,26.895
-1.446,94.545,105.73,-34.882,-51.076,107.22,71.778,70.117,7.0977,-12.331,-6.3901,27.622
-1.8712,95.698,108.06,-35.01,-52.384,109.26,71.537,65.956,3.6377,-14.96,-6.5012,28.252
-2.0938,96.791,110.43,-35.203,-53.663,111.21,71.237,61.547,0.18084,-18.22,-6.6583,28.781
-2.1147,97.8,112.7,-35.467,-54.861,112.98,70.997,57.053,-3.0811,-22.07,-6.8978,29.23
-2.0108,98.698,114.78,-35.771,-55.971,114.51,70.889,52.587,-6.0239,-26.297,-7.2285,29.629
-1.912,99.456,116.65,-36.063,-57.037,115.81,70.909,48.172,-8.643,-30.579,-7.6394,29.991
-1.9492,100.06,118.33,-36.28,-58.124,116.9,70.984,43.76,-11.032,-34.668,-8.1108,30.3
-2.197,100.5,119.84,-36.378,-59.266,117.83,71,39.274,-13.334,-38.494,-8.6244,30.517
-2.6398,100.81,121.21,-36.347,-60.446,118.64,70.843,34.673,-15.698,-42.115,-9.1691,30.602
-3.1769,101.03,122.4,-36.217,-61.595,119.37,70.443,29.988,-18.259,-45.607,-9.7422,30.543
-3.6641,101.2,123.42,-36.041,-62.619,120.02,69.803,25.319,-21.105,-49,-10.343,30.368
-3.9785,101.32,124.27,-35.87,-63.431,120.57,68.987,20.806,-24.246,-52.283,-10.965,30.145
-4.0798,101.4,124.95,-35.739,-63.993,121.01,68.043,16.581,-27.606,-55.44,-11.589,29.954
-4.0256,101.42,125.48,-35.662,-64.318,121.29,66.931,12.724,-31.066,-58.478,-12.19,29.848
-3.9413,101.38,125.85,-35.626,-64.481,121.4,65.53,9.2617,-34.516,-61.417,-12.744,29.828
-3.981,101.27,126.06,-35.589,-64.623,121.32,63.717,6.1727,-37.869,-64.239,-13.235,29.855
-4.2758,101.05,126.07,-35.489,-64.931,121.05,61.409,3.4083,-41.04,-66.85,-13.648,29.897
-4.8691,100.7,125.85,-35.277,-65.526,120.57,58.549,0.90602,-43.929,-69.133,-13.967,29.947
-5.6756,100.15,125.32,-34.943,-66.307,119.84,55.093,-1.4009,-46.434,-71.017,-14.165,30.028
-6.492,99.374,124.39,-34.526,-66.928,118.79,51.018,-3.5767,-48.473,-72.492,-14.213,30.178
-7.0505,98.378,122.88,-34.102,-66.93,117.36,46.358,-5.6786,-49.999,-73.56,-14.087,30.435
-7.1022,97.181,120.67,-33.755,-65.95,115.5,41.215,-7.7541,-50.992,-74.193,-13.77,30.822
-6.5023,95.81,117.74,-33.545,-63.873,113.24,35.741,-9.8405,-51.452,-74.332,-13.259,31.327
-5.267,94.287,114.17,-33.487,-60.831,110.66,30.1,-11.965,-51.384,-73.91,-12.571,31.899
-3.5726,92.615,110.07,-33.549,-57.068,107.81,24.419,-14.143,-50.796,-72.872,-11.731,32.46
-1.6835,90.779,105.47,-33.665,-52.871,104.71,18.791,-16.366,-49.699,-71.151,-10.772,32.93
0.16624,88.736,100.41,-33.746,-48.589,101.3,13.318,-18.596,-48.109,-68.654,-9.721,33.261
1.875,86.424,95.027,-33.71,-44.494,97.511,8.1748,-20.764,-46.059,-65.302,-8.5954,33.443
3.4892,83.778,89.501,-33.516,-40.706,93.321,3.5635,-22.782,-43.601,-61.111,-7.4036,33.498
5.096,80.751,84.054,-33.183,-37.284,88.819,-0.4376,-24.58,-40.823,-56.223,-6.1474,33.465
6.732,77.333,78.807,-32.782,-34.146,84.203,-3.9508,-26.123,-37.831,-50.862,-4.8239,33.366
8.4785,73.576,73.667,-32.393,-31.036,79.657,-7.1775,-27.425,-34.732,-45.283,-3.4282,33.198
10.499,69.601,68.393,-32.063,-27.681,75.222,-10.244,-28.533,-31.626,-39.749,-1.9585,32.933
12.876,65.565,62.78,-31.791,-23.883,70.812,-13.172,-29.516,-28.622,-34.47,-0.42343,32.533
15.541,61.6,56.812,-31.534,-19.56,66.317,-15.928,-30.439,-25.832,-29.549,1.1496,31.956
18.304,57.792,50.635,-31.217,-14.884,61.665,-18.473,-31.347,-23.341,-24.995,2.7146,31.162
20.902,54.18,44.432,-30.742,-10.23,56.819,-20.775,-32.246,-21.177,-20.794,4.2184,30.113
23.138,50.758,38.357,-30.015,-5.9394,51.78,-22.81,-33.115,-19.321,-16.971,5.6196,28.792
24.939,47.464,32.561,-28.98,-2.2132,46.598,-24.568,-33.92,-17.728,-13.617,6.9041,27.226
26.312,44.18,27.175,-27.639,0.82794,41.419,-26.055,-34.636,-16.352,-10.846,8.0845,25.477
27.294,40.771,22.272,-26.033,3.1423,36.495,-27.292,-35.272,-15.156,-8.6762,9.1801,23.613
27.914,37.145,17.824,-24.205,4.8302,32.089,-28.312,-35.867,-14.114,-6.9788,10.193,21.665
28.2,33.286,13.763,-22.155,6.0582,28.273,-29.149,-36.478,-13.209,-5.5882,11.1,19.621
28.161,29.265,10.092,-19.842,6.9167,24.887,-29.83,-37.147,-12.435,-4.4048,11.858,17.455
27.756,25.2,6.8819,-17.23,7.419,21.7,-30.375,-37.888,-11.792,-3.3992,12.422,15.165
26.94,21.188,4.2125,-14.361,7.5787,18.539,-30.799,-38.678,-11.288,-2.5738,12.757,12.783
25.815,17.278,2.1011,-11.389,7.4868,15.306,-31.12,-39.47,-10.933,-1.9302,12.853,10.369
24.623,13.485,0.45786,-8.5021,7.3316,11.992,-31.364,-40.214,-10.732,-1.4555,12.725,8.0023
23.538,9.8477,-0.86352,-5.8218,7.29,8.7054,-31.555,-40.872,-10.677,-1.1218,12.42,5.7681
22.546,6.4385,-1.9865,-3.3822,7.4113,5.6535,-31.716,-41.422,-10.738,-0.89541,12,3.7355
21.49,3.3348,-2.9761,-1.1777,7.6254,3.0119,-31.857,-41.853,-10.871,-0.74816,11.528,1.9325
20.162,0.5655,-3.8416,0.81357,7.8051,0.83093,-31.977,-42.166,-11.031,-0.66572,11.039,0.34083
18.363,-1.8906,-4.5578,2.6283,7.8134,-0.93294,-32.066,-42.381,-11.194,-0.65104,10.523,-1.0874
15.993,-4.0683,-5.0902,4.3068,7.5424,-2.3416,-32.114,-42.527,-11.362,-0.72034,9.9315,-2.404
13.161,-5.9874,-5.4174,5.8746,6.953,-3.4429,-32.106,-42.639,-11.562,-0.89103,9.2018,-3.6398
10.181,-7.6554,-5.55,7.3329,6.1001,-4.2778,-32.033,-42.743,-11.822,-1.1668,8.3016,-4.7945
7.3802,-9.0855,-5.5421,8.6659,5.1228,-4.8965,-31.896,-42.855,-12.154,-1.53,7.2551,-5.8443
4.9625,-10.309,-5.4845,9.8557,4.2019,-5.3625,-31.7,-42.98,-12.551,-1.9458,6.1365,-6.7641
3.0223,-11.369,-5.4759,10.893,3.4996,-5.7411,-31.458,-43.125,-12.988,-2.3724,5.034,-7.5479
1.6031,-12.301,-5.585,11.779,3.1072,-6.0827,-31.177,-43.292,-13.433,-2.7714,4.0106,-8.2184
0.70479,-13.118,-5.8258,12.523,3.0217,-6.4105,-30.851,-43.471,-13.853,-3.1192,3.0826,-8.8251
0.24063,-13.813,-6.1563,13.142,3.1519,-6.7217,-30.465,-43.632,-14.229,-3.4176,2.2207,-9.4312
0.028231,-14.369,-6.4951,13.653,3.348,-6.9972,-30.009,-43.714,-14.548,-3.6943,1.3678,-10.094
-0.1351,-14.774,-6.7519,14.078,3.4635,-7.2158,-29.48,-43.64,-14.81,-3.9914,0.46658,-10.843
-0.39002,-15.041,-6.8644,14.44,3.4213,-7.3664,-28.884,-43.323,-15.017,-4.3465,-0.5172,-11.676
-0.79369,-15.201,-6.8226,14.766,3.2253,-7.4533,-28.226,-42.695,-15.166,-4.7747,-1.5776,-12.559
-1.3266,-15.304,-6.6591,15.079,2.9235,-7.492,-27.501,-41.718,-15.24,-5.2596,-2.6688,-13.444
-1.9082,-15.395,-6.4124,15.39,2.5697,-7.4993,-26.697,-40.406,-15.213,-5.7569,-3.7185,-14.278
-2.4351,-15.49,-6.098,15.681,2.1953,-7.4768,-25.798,-38.822,-15.06,-6.2069,-4.6551,-15.015
-2.8436,-15.558,-5.708,15.918,1.7978,-7.3986,-24.801,-37.075,-14.768,-6.5548,-5.4359,-15.623
-3.1541,-15.541,-5.2147,16.062,1.3443,-7.2178,-23.71,-35.28,-14.352,-6.7693,-6.0583,-16.091
-3.4545,-15.39,-4.5701,16.104,0.77899,-6.8952,-22.538,-33.527,-13.85,-6.8536,-6.5494,-16.431
-3.8593,-15.094,-3.7347,16.066,0.03536,-6.4258,-21.294,-31.848,-13.314,-6.8402,-6.9392,-16.663
-4.4752,-14.696,-2.7229,15.999,-0.92496,-5.8498,-19.972,-30.207,-12.785,-6.7709,-7.2366,-16.804
-5.3536,-14.281,-1.6218,15.965,-2.0627,-5.2476,-18.547,-28.524,-12.277,-6.6758,-7.4235,-16.852
-6.4461,-13.944,-0.57521,16.005,-3.2499,-4.7202,-16.994,-26.715,-11.77,-6.5604,-7.4671,-16.79
-7.599,-13.749,0.25887,16.125,-4.3055,-4.3578,-15.3,-24.723,-11.222,-6.407,-7.3411,-16.595
-8.5934,-13.707,0.75895,16.284,-5.046,-4.2093,-13.475,-22.549,-10.579,-6.1848,-7.0441,-16.252
-9.2125,-13.77,0.87872,16.414,-5.3363,-4.2658,-11.554,-20.24,-9.7966,-5.8646,-6.6073,-15.764
-9.306,-13.85,0.65852,16.441,-5.132,-4.4674,-9.5843,-17.87,-8.8525,-5.43,-6.0886,-15.157
-8.8366,-13.857,0.20531,16.317,-4.4981,-4.7277,-7.6234,-15.526,-7.7479,-4.8852,-5.5582,-14.477
-7.9,-13.735,-0.34654,16.034,-3.5929,-4.9626,-5.7214,-13.285,-6.5031,-4.255,-5.0823,-13.776
-6.7037,-13.481,-0.871,15.635,-2.622,-5.1131,-3.9079,-11.198,-5.1452,-3.5775,-4.7104,-13.101
-5.5013,-13.135,-1.2708,15.186,-1.7789,-5.1546,-2.187,-9.2934,-3.6964,-2.8931,-4.468,-12.483
-4.5145,-12.753,-1.487,14.756,-1.1979,-5.0906,-0.54768,-7.5869,-2.1734,-2.2321,-4.3576,-11.941
-3.8817,-12.374,-1.5015,14.386,-0.93718,-4.9371,1.0183,-6.0876,-0.59717,-1.604,-4.3639,-11.484
-3.6422,-12.006,-1.3286,14.087,-0.98688,-4.7073,2.5008,-4.7924,1.001,-0.99424,-4.4604,-11.107
-3.742,-11.638,-0.99531,13.839,-1.2857,-4.4079,3.8708,-3.6849,2.5783,-0.37135,-4.6118,-10.789
-4.0611,-11.25,-0.53402,13.611,-1.7466,-4.0486,5.0906,-2.7259,4.0989,0.30124,-4.778,-10.497
-4.4752,-10.838,0.0095759,13.375,-2.2906,-3.6546,6.1292,-1.8565,5.5532,1.0525,-4.9182,-10.194
-4.9052,-10.42,0.57389,13.124,-2.8566,-3.2676,6.9766,-1.0117,6.9653,1.8945,-4.9935,-9.8565
-5.3031,-10.035,1.0951,12.876,-3.3888,-2.9326,7.6482,-0.14328,8.3826,2.8218,-4.9732,-9.4778
-5.6259,-9.7158,1.5245,12.653,-3.8323,-2.6794,8.1789,0.76977,9.8551,3.8217,-4.8411,-9.0738
-5.8265,-9.4627,1.8354,12.454,-4.1368,-2.5106,8.6086,1.7198,11.412,4.8854,-4.6004,-8.6762
-5.8583,-9.2422,2.0161,12.249,-4.2635,-2.4076,8.9661,2.6796,13.049,6.0047,-4.2681,-8.317
-5.6939,-9.0085,2.0606,11.996,-4.1921,-2.3474,9.2595,3.6148,14.723,7.166,-3.8577,-8.0124
-5.3436,-8.7327,1.9669,11.672,-3.9234,-2.3155,9.4791,4.4958,16.374,8.3505,-3.3611,-7.7506
-4.8558,-8.4187,1.7373,11.292,-3.4785,-2.3101,9.6112,5.3016,17.949,9.5454,-2.743,-7.4932
-4.2982,-8.0967,1.3808,10.896,-2.8961,-2.3357,9.6522,6.028,19.413,10.753,-1.9523,-7.1895
-3.7314,-7.8023,0.91767,10.528,-2.2277,-2.3936,9.6127,6.6784,20.752,11.985,-0.94171,-6.7981
-3.1901,-7.5558,0.38779,10.211,-1.5302,-2.4725,9.5118,7.2621,21.974,13.245,0.31027,-6.3054
-2.678,-7.3464,-0.13988,9.9331,-0.86177,-2.5409,9.3695,7.7887,23.097,14.512,1.7833,-5.733
-2.1793,-7.1234,-0.56173,9.647,-0.28377,-2.5417,9.2027,8.261,24.137,15.744,3.4123,-5.1303
-1.6802,-6.8011,-0.75247,9.2915,0.13353,-2.394,9.0289,8.6725,25.11,16.893,5.0986,-4.5563
-1.1941,-6.2835,-0.59629,8.8161,0.3138,-2.0046,8.872,9.0125,26.022,17.927,6.7336,-4.0554
-0.7733,-5.5036,-0.017589,8.2061,0.19306,-1.2939,8.763,9.2774,26.874,18.839,8.2276,-3.641
-0.49841,-4.4525,1.0029,7.4901,-0.25313,-0.22214,8.7306,9.476,27.658,19.643,9.53,-3.294
-0.44707,-3.1805,2.4253,6.7254,-0.99189,1.1958,8.789,9.6206,28.355,20.357,10.632,-2.9763
-0.65623,-1.7742,4.1571,5.9753,-1.9349,2.8911,8.9275,9.7194,28.933,20.986,11.557,-2.6553
-1.0952,-0.32606,6.0552,5.2832,-2.9548,4.7427,9.1079,9.7621,29.348,21.51,12.344,-2.3158
-1.6606,1.0868,7.9219,4.6542,-3.9079,6.5855,9.2706,9.7217,29.55,21.894,13.016,-1.9677
-2.1956,2.4206,9.5306,4.0524,-4.6622,8.2514,9.3486,9.5701,29.503,22.099,13.555,-1.6397
-2.5321,3.6708,10.715,3.4188,-5.1302,9.6342,9.2868,9.2977,29.199,22.111,13.92,-1.3707
-2.5436,4.8483,11.451,2.7087,-5.2934,10.72,9.0569,8.9232,28.668,21.949,14.093,-1.1898
-2.1871,5.9338,11.853,1.9301,-5.1976,11.557,8.6619,8.4876,27.962,21.663,14.093,-1.1007
-1.5064,6.8598,12.084,1.1528,-4.9243,12.204,8.1303,8.0393,27.147,21.309,13.967,-1.0751
-0.5977,7.5647,12.268,0.47149,-4.5597,12.71,7.5029,7.6204,26.288,20.942,13.775,-1.0604
0.42501,8.0554,12.436,-0.063454,-4.1689,13.097,6.82,7.2575,25.447,20.601,13.58,-0.99396
1.4457,8.3751,12.516,-0.46583,-3.7815,13.325,6.1013,6.9634,24.675,20.306,13.437,-0.81756
2.3554,8.5275,12.372,-0.77272,-3.3982,13.296,5.3418,6.7245,24.003,20.052,13.386,-0.49241
3.057,8.4676,11.89,-0.9983,-3.0143,12.919,4.5138,6.5048,23.426,19.806,13.438,-0.017647
3.4697,8.1639,11.041,-1.129,-2.6372,12.19,3.5816,6.2531,22.907,19.508,13.57,0.56166
3.5422,7.6426,9.8994,-1.1442,-2.2893,11.191,2.5219,5.9229,22.388,19.087,13.728,1.16
3.2717,6.979,8.5976,-1.0332,-1.9994,10.042,1.3362,5.4976,21.816,18.495,13.856,1.6857
2.7161,6.2576,7.2725,-0.79952,-1.7858,8.8556,0.056404,5.0011,21.165,17.742,13.931,2.0839
1.982,5.5311,6.0229,-0.45632,-1.643,7.6986,-1.2722,4.4799,20.443,16.895,13.976,2.3573
1.1989,4.7948,4.8988,-0.022644,-1.5415,6.5833,-2.5972,3.9858,19.677,16.05,14.04,2.5553
0.50176,3.9991,3.9089,0.47298,-1.4368,5.4809,-3.8688,3.5556,18.896,15.284,14.159,2.7452
0.017913,3.1097,3.0387,0.98501,-1.2862,4.3636,-5.0527,3.1986,18.132,14.637,14.342,2.9839
-0.16214,2.1678,2.2812,1.4483,-1.0674,3.2646,-6.1387,2.9093,17.412,14.114,14.572,3.303
-0.023585,1.2795,1.6595,1.8031,-0.79378,2.2869,-7.1341,2.6763,16.756,13.7,14.819,3.7027
0.35481,0.54756,1.2157,2.0256,-0.51445,1.5337,-8.0426,2.4857,16.174,13.359,15.044,4.1583
0.82468,0.012295,0.97795,2.139,-0.29785,1.0418,-8.8462,2.3195,15.651,13.032,15.202,4.6232
1.2256,-0.34965,0.94037,2.1967,-0.20233,0.77863,-9.5024,2.1529,15.151,12.648,15.244,5.0353
1.4465,-0.59107,1.0616,2.2523,-0.25028,0.67404,-9.9625,1.9597,14.624,12.146,15.139,5.3272
1.46,-0.76229,1.2716,2.3345,-0.41787,0.64692,-10.181,1.718,14.032,11.505,14.891,5.4506
1.3219,-0.89675,1.4852,2.4369,-0.64332,0.62283,-10.134,1.4233,13.353,10.753,14.552,5.3998
1.1397,-1.0086,1.6245,2.5267,-0.8489,0.55038,-9.8256,1.08,12.583,9.9527,14.192,5.2108
1.021,-1.0993,1.6411,2.5703,-0.96828,0.41128,-9.3035,0.69069,11.72,9.1538,13.858,4.9324
1.0196,-1.1722,1.524,2.5574,-0.96812,0.21332,-8.6424,0.24821,10.752,8.3666,13.538,4.5939
1.1121,-1.2528,1.2897,2.5152,-0.85362,-0.0309,-7.925,-0.25267,9.6684,7.5641,13.175,4.1935
1.2204,-1.3893,0.96517,2.4993,-0.65777,-0.32143,-7.2079,-0.80496,8.4708,6.714,12.702,3.7198
1.2598,-1.6345,0.57554,2.5669,-0.42273,-0.67198,-6.5043,-1.3807,7.1874,5.8077,12.091,3.171
1.1786,-2.0212,0.1413,2.7523,-0.18302,-1.0968,-5.7946,-1.9365,5.8617,4.8623,11.362,2.5601
0.97232,-2.5493,-0.32108,3.0595,0.044374,-1.5946,-5.0554,-2.4321,4.5306,3.9065,10.556,1.9014
0.6842,-3.1898,-0.79887,3.4651,0.26221,-2.1462,-4.2938,-2.8494,3.207,2.9704,9.713,1.2053
0.39276,-3.8991,-1.2824,3.9261,0.48563,-2.7213,-3.5441,-3.1979,1.8824,2.0783,8.8582,0.48514
0.18472,-4.629,-1.7589,4.3894,0.72561,-3.284,-2.8592,-3.5163,0.54408,1.2417,8.0007,-0.24169
0.11252,-5.3296,-2.2029,4.8038,0.97159,-3.7933,-2.2944,-3.859,-0.80393,0.45211,7.127,-0.96126
0.15792,-5.9535,-2.5743,5.1331,1.1847,-4.2074,-1.8926,-4.2702,-2.1327,-0.31598,6.2057,-1.6717
0.2289,-6.4653,-2.8282,5.367,1.3057,-4.497,-1.6695,-4.7712,-3.3884,-1.0944,5.1972,-2.382
0.19271,-6.8525,-2.9347,5.5241,1.2755,-4.6584,-1.6066,-5.3512,-4.515,-1.9055,4.067,-3.1031
-0.072829,-7.131,-2.8959,5.6455,1.0606,-4.7182,-1.656,-5.9705,-5.4783,-2.7503,2.7955,-3.8365
-0.6273,-7.3438,-2.7515,5.779,0.67446,-4.7267,-1.7559,-6.5733,-6.2796,-3.6094,1.3875,-4.57
-1.4323,-7.5492,-2.5697,5.9619,0.18145,-4.7429,-1.85,-7.1076,-6.9525,-4.4579,-0.11958,-5.2853
-2.3491,-7.7971,-2.4226,6.2053,-0.31679,-4.8126,-1.9024,-7.5449,-7.549,-5.2754,-1.6557,-5.9707
-3.1715,-8.0974,-2.3599,6.4828,-0.71025,-4.9476,-1.9124,-7.8896,-8.1206,-6.0399,-3.135,-6.6233
-3.6857,-8.401,-2.3915,6.7319,-0.91325,-5.1151,-1.9102,-8.1797,-8.7018,-6.7215,-4.4749,-7.2369
-3.738,-8.6205,-2.4901,6.8743,-0.88923,-5.2521,-1.9416,-8.4618,-9.2995,-7.2874,-5.607,-7.7942
-3.2893,-8.6803,-2.611,6.8522,-0.65847,-5.2983,-2.0435,-8.767,-9.8946,-7.7197,-6.4878,-8.2733
-2.4314,-8.5606,-2.7158,6.6572,-0.28582,-5.2272,-2.2225,-9.0974,-10.454,-8.0296,-7.1122,-8.6631
-1.3574,-8.3085,-2.7905,6.3367,0.14628,-5.0596,-2.4471,-9.4305,-10.943,-8.2574,-7.5204,-8.9752
-0.30403,-8.0213,-2.8535,5.9791,0.56727,-4.8605,-2.6558,-9.7302,-11.338,-8.4571,-7.7894,-9.2421
0.51269,-7.8188,-2.9542,5.6883,0.9379,-4.7213,-2.778,-9.959,-11.63,-8.6766,-8.0083,-9.5025
0.95281,-7.8095,-3.1611,5.5541,1.2541,-4.7314,-2.7644,-10.088,-11.818,-8.9429,-8.245,-9.7843
0.98679,-8.0552,-3.5342,5.6236,1.5375,-4.9471,-2.6108,-10.107,-11.919,-9.2586,-8.524,-10.094
0.7017,-8.5449,-4.0965,5.8841,1.8198,-5.3702,-2.3607,-10.028,-11.957,-9.6047,-8.823,-10.412
0.27292,-9.1962,-4.8184,6.2663,2.1299,-5.9471,-2.0822,-9.8756,-11.964,-9.9438,-9.0866,-10.698
-0.10046,-9.8863,-5.6257,6.6707,2.485,-6.5889,-1.8321,-9.6748,-11.961,-10.224,-9.244,-10.89
-0.2734,-10.498,-6.4225,7.0065,2.8796,-7.2,-1.6326,-9.433,-11.952,-10.394,-9.2312,-10.921
-0.20432,-10.963,-7.1181,7.2287,3.2807,-7.7041,-1.4694,-9.1428,-11.927,-10.419,-9.016,-10.74
0.046464,-11.275,-7.6478,7.3509,3.6356,-8.062,-1.3108,-8.7983,-11.876,-10.306,-8.6153,-10.336
0.35558,-11.48,-7.9828,7.4281,3.8881,-8.2744,-1.1302,-8.412,-11.8,-10.098,-8.0937,-9.7396
0.58549,-11.636,-8.1256,7.5197,3.993,-8.3697,-0.92055,-8.0185,-11.716,-9.8576,-7.5373,-9.0071
0.62784,-11.778,-8.0976,7.6612,3.9271,-8.3818,-0.69456,-7.6605,-11.643,-9.6352,-7.0186,-8.204
0.43334,-11.906,-7.9288,7.8499,3.6956,-8.3357,-0.47708,-7.3685,-11.59,-9.4441,-6.5726,-7.3934
0.021169,-11.989,-7.6522,8.0486,3.3306,-8.2444,-0.29602,-7.1482,-11.551,-9.2611,-6.1962,-6.6277
-0.53144,-11.985,-7.2993,8.2051,2.8835,-8.1112,-0.17501,-6.9812,-11.514,-9.0454,-5.8603,-5.935
-1.112,-11.864,-6.8951,8.2767,2.4139,-7.9323,-0.12919,-6.8388,-11.471,-8.7607,-5.5245,-5.313
-1.6027,-11.611,-6.4549,8.2448,1.9778,-7.6993,-0.1649,-6.7003,-11.428,-8.3929,-5.1559,-4.7412
-1.9119,-11.231,-5.986,8.1155,1.6157,-7.4024,-0.28163,-6.5633,-11.403,-7.9602,-4.7556,-4.2076
-1.9941,-10.748,-5.4895,7.9089,1.3453,-7.035,-0.47373,-6.44,-11.413,-7.5094,-4.3723,-3.7316
-1.8539,-10.188,-4.9617,7.6482,1.1584,-6.5966,-0.73122,-6.3445,-11.461,-7.0975,-4.0874,-3.3658
-1.538,-9.5758,-4.3942,7.3517,1.0207,-6.0935,-1.0418,-6.2829,-11.537,-6.77,-3.9799,-3.1763
-1.1263,-8.9297,-3.7752,7.0326,0.87989,-5.5375,-1.3938,-6.2509,-11.621,-6.5448,-4.0941,-3.2158
-0.72225,-8.2657,-3.0965,6.7061,0.68206,-4.9463,-1.7762,-6.236,-11.694,-6.4108,-4.4255,-3.5016
-0.43422,-7.6095,-2.365,6.3967,0.3916,-4.347,-2.1771,-6.219,-11.744,-6.3366,-4.9247,-4.0062
-0.34933,-7.0038,-1.6123,6.1403,0.0042673,-3.779,-2.5821,-6.178,-11.765,-6.285,-5.5126,-4.6632
-0.50594,-6.5023,-0.8949,5.9737,-0.45057,-3.2908,-2.9783,-6.0962,-11.764,-6.2293,-6.106,-5.388
-0.87817,-6.1496,-0.28101,5.9167,-0.91845,-2.9294,-3.3594,-5.9744,-11.754,-6.1642,-6.6431,-6.1035
-1.3838,-5.9637,0.16664,5.9607,-1.3365,-2.7256,-3.7297,-5.8377,-11.758,-6.1081,-7.0993,-6.7591
-1.9152,-5.93,0.40912,6.0719,-1.6534,-2.6837,-4.1027,-5.731,-11.798,-6.0925,-7.4827,-7.333
-2.3776,-6.0075,0.44756,6.2062,-1.8472,-2.7768,-4.495,-5.701,-11.886,-6.1435,-7.8148,-7.8234
-2.7194,-6.142,0.33079,6.3271,-1.9327,-2.9502,-4.9157,-5.7747,-12.016,-6.2657,-8.1074,-8.2398
-2.9441,-6.2819,0.1418,6.4174,-1.9516,-3.1367,-5.3589,-5.9434,-12.168,-6.4395,-8.3539,-8.5961
-3.0929,-6.3936,-0.035655,6.4818,-1.9474,-3.279,-5.8029,-6.1631,-12.311,-6.6317,-8.5369,-8.9003
-3.204,-6.4687,-0.14984,6.5359,-1.9425,-3.3509,-6.2201,-6.3721,-12.415,-6.8137,-8.6428,-9.1415
-3.2784,-6.5192,-0.19757,6.5906,-1.9272,-3.3615,-6.5889,-6.516,-12.464,-6.9726,-8.6727,-9.2919
-3.2705,-6.5594,-0.21927,6.6394,-1.8647,-3.3431,-6.9004,-6.565,-12.451,-7.1103,-8.6443,-9.3252
-3.1096,-6.5908,-0.27319,6.6586,-1.7073,-3.3277,-7.1544,-6.516,-12.378,-7.2355,-8.587,-9.2369
-2.7412,-6.5997,-0.40133,6.6193,-1.4221,-3.3309,-7.3524,-6.3828,-12.248,-7.3534,-8.5343,-9.0525
-2.1677,-6.5703,-0.60583,6.5057,-1.0179,-3.3484,-7.4931,-6.1851,-12.065,-7.4605,-8.5151,-8.8219
-1.4677,-6.5003,-0.84638,6.331,-0.55698,-3.3645,-7.5769,-5.9413,-11.839,-7.548,-8.5457,-8.6021
-0.78352,-6.408,-1.055,6.1392,-0.14516,-3.3619,-7.6116,-5.668,-11.591,-7.6076,-8.6251,-8.4369
-0.28065,-6.3237,-1.1579,5.989,0.098756,-3.3278,-7.6164,-5.381,-11.349,-7.6355,-8.7349,-8.3427
-0.090816,-6.2723,-1.0971,5.9271,0.082833,-3.2529,-7.6202,-5.0982,-11.14,-7.6305,-8.8439,-8.3077
-0.26541,-6.2608,-0.8495,5.9671,-0.22432,-3.1323,-7.6566,-4.8404,-10.987,-7.5906,-8.9186,-8.2999
-0.75777,-6.2804,-0.4415,6.0856,-0.77933,-2.9733,-7.7575,-4.6274,-10.897,-7.5094,-8.9346,-8.2815
-1.4382,-6.3185,0.046288,6.2341,-1.4734,-2.8034,-7.9456,-4.472,-10.861,-7.3768,-8.8873,-8.2228
-2.1345,-6.3692,0.49611,6.3604,-2.1604,-2.6689,-8.2299,-4.3746,-10.854,-7.1845,-8.7949,-8.1137
-2.6859,-6.4394,0.78672,6.4313,-2.6945,-2.621,-8.6028,-4.3219,-10.84,-6.9326,-8.6929,-7.9677
-2.9988,-6.5469,0.83271,6.4472,-2.9704,-2.6992,-9.039,-4.2885,-10.785,-6.6366,-8.6227,-7.8173
-3.073,-6.7118,0.61066,6.4392,-2.9499,-2.9175,-9.5025,-4.2425,-10.67,-6.3296,-8.6184,-7.7016
-2.9771,-6.945,0.16043,6.4498,-2.6624,-3.259,-9.961,-4.155,-10.497,-6.0587,-8.6965,-7.6508
-2.7866,-7.2392,-0.43575,6.5072,-2.179,-3.6791,-10.403,-4.0105,-10.29,-5.8695,-8.8505,-7.6729
-2.5356,-7.5642,-1.0826,6.6087,-1.5782,-4.1166,-10.849,-3.8125,-10.085,-5.784,-9.0502,-7.7491
-2.2084,-7.8685,-1.6967,6.7195,-0.92656,-4.5073,-11.338,-3.5813,-9.9184,-5.785,-9.2475,-7.8386
-1.7596,-8.0925,-2.2221,6.7855,-0.27543,-4.7983,-11.915,-3.3448,-9.8132,-5.8214,-9.3896,-7.8937
-1.1489,-8.1904,-2.6353,6.7584,0.34068,-4.9597,-12.614,-3.1275,-9.7715,-5.8347,-9.4372,-7.8774
-0.37839,-8.1517,-2.9389,6.6203,0.90525,-4.9909,-13.447,-2.9443,-9.7765,-5.7907,-9.3812,-7.7775
0.48912,-8.008,-3.1488,6.3938,1.4089,-4.9211,-14.406,-2.7971,-9.8008,-5.6954,-9.246,-7.6113
1.3405,-7.8208,-3.2828,6.1328,1.8325,-4.7989,-15.464,-2.6743,-9.8146,-5.5897,-9.0793,-7.4189
2.0424,-7.6598,-3.3543,5.9023,2.1394,-4.6769,-16.575,-2.5546,-9.7912,-5.5279,-8.9293,-7.2473
2.472,-7.5829,-3.3686,5.7609,2.2836,-4.5959,-17.688,-2.4153,-9.7135,-5.5508,-8.8224,-7.1331
2.5398,-7.6225,-3.3211,5.7483,2.2248,-4.5737,-18.763,-2.244,-9.581,-5.6667,-8.7519,-7.0909
2.2098,-7.7793,-3.1987,5.8793,1.9438,-4.6029,-19.783,-2.047,-9.4115,-5.8454,-8.6814,-7.1085
1.5196,-8.0257,-2.9898,6.1403,1.4553,-4.6569,-20.758,-1.8471,-9.2338,-6.0254,-8.5586,-7.1464
0.58606,-8.3143,-2.7,6.4899,0.81688,-4.7035,-21.713,-1.6727,-9.0733,-6.135,-8.3328,-7.1477
-0.41466,-8.595,-2.3622,6.8676,0.12629,-4.7207,-22.671,-1.5455,-8.9409,-6.1205,-7.9726,-7.0617
-1.2955,-8.8305,-2.0323,7.2115,-0.49995,-4.7072,-23.638,-1.4747,-8.8337,-5.972,-7.4806,-6.8715
-1.9149,-9.0037,-1.7713,7.4761,-0.96022,-4.6804,-24.595,-1.4559,-8.7432,-5.7306,-6.8979,-6.6064
-2.2199,-9.1122,-1.6209,7.6427,-1.199,-4.6628,-25.503,-1.4699,-8.6594,-5.4703,-6.2931,-6.3279
-2.2547,-9.1562,-1.5856,7.7179,-1.2232,-4.665,-26.307,-1.4802,-8.5688,-5.2621,-5.7385,-6.1003
-2.1328,-9.1231,-1.6287,7.7201,-1.0967,-4.6734,-26.945,-1.4342,-8.448,-5.1366,-5.2835,-5.9561
-1.9876,-8.9766,-1.6819,7.6611,-0.91285,-4.6454,-27.352,-1.2678,-8.2589,-5.0681,-4.9333,-5.8744
-1.9184,-8.6531,-1.6595,7.5318,-0.75989,-4.5087,-27.472,-0.92081,-7.9497,-4.989,-4.6434,-5.78
-1.9537,-8.0675,-1.4687,7.2982,-0.69652,-4.1599,-27.27,-0.35652,-7.4642,-4.8217,-4.3319,-5.5655
-2.0443,-7.1268,-1.015,6.9062,-0.74189,-3.4701,-26.743,0.42345,-6.7563,-4.5063,-3.9088,-5.1214
-2.0813,-5.7561,-0.2167,6.2921,-0.87965,-2.3231,-25.914,1.3834,-5.8032,-4.0131,-3.3096,-4.3608
-1.9299,-3.9304,0.96974,5.3901,-1.0746,-0.69387,-24.807,2.4751,-4.6111,-3.3431,-2.5097,-3.2347
-1.4729,-1.6698,2.5361,4.142,-1.2936,1.3302,-23.429,3.6623,-3.2131,-2.5155,-1.5037,-1.7362
-0.65532,1.0195,4.4384,2.5118,-1.5235,3.6741,-21.763,4.9363,-1.6588,-1.5441,-0.27068,0.1107
0.49499,4.1631,6.6093,0.50301,-1.7832,6.3541,-19.783,6.3159,0.001873,-0.41823,1.2437,2.2688
1.8959,7.7453,8.9517,-1.8408,-2.1206,9.3751,-17.476,7.8353,1.7365,0.90509,3.1173,4.6913
3.4887,11.679,11.349,-4.4723,-2.5818,12.646,-14.863,9.5302,3.544,2.4911,5.4106,7.3065
5.3125,15.895,13.704,-7.3992,-3.1686,16.037,-12,11.428,5.4593,4.4007,8.1029,10.014
7.4765,20.412,15.951,-10.701,-3.8136,19.466,-8.9351,13.55,7.5414,6.6607,11.059,12.72
9.9344,25.23,18.011,-14.418,-4.3927,22.885,-5.6781,15.916,9.8443,9.2479,14.076,15.387
12.329,30.082,19.75,-18.36,-4.7614,26.167,-2.2138,18.556,12.383,12.087,16.986,18.034
14.459,34.41,20.976,-22.084,-4.7926,29,1.4682,21.51,15.115,15.055,19.729,20.664
16.62,37.807,21.491,-25.234,-4.4094,31.02,5.3903,24.82,17.954,18.006,22.354,23.2
19.137,40.372,21.204,-27.772,-3.6069,32.113,9.6139,28.503,20.801,20.812,24.967,25.514
21.948,42.459,20.187,-29.824,-2.4574,32.499,14.175,32.525,23.576,23.432,27.645,27.514
24.804,44.315,18.685,-31.497,-1.0891,32.553,18.975,36.783,26.237,25.926,30.381,29.171
27.595,45.994,17.051,-32.886,0.36018,32.603,23.794,41.114,28.777,28.387,33.068,30.495
30.351,47.461,15.586,-34.09,1.7936,32.757,28.397,45.324,31.208,30.838,35.565,31.512
33.097,48.713,14.382,-35.19,3.1793,32.908,32.588,49.22,33.533,33.212,37.76,32.254
35.749,49.799,13.355,-36.217,4.5159,32.987,36.217,52.641,35.734,35.423,39.602,32.763
38.13,50.741,12.378,-37.144,5.7644,33.009,39.214,55.488,37.772,37.419,41.092,33.095
40.088,51.458,11.338,-37.9,6.8545,32.896,41.604,57.734,39.601,39.178,42.276,33.314
41.605,51.798,10.145,-38.405,7.7799,32.442,43.474,59.404,41.18,40.687,43.233,33.48
42.775,51.635,8.7665,-38.619,8.6276,31.458,44.901,60.537,42.485,41.947,44.054,33.64
43.753,50.942,7.2429,-38.565,9.5339,29.921,45.881,61.157,43.514,42.971,44.813,33.817
44.752,49.792,5.6546,-38.34,10.653,27.95,46.273,61.249,44.276,43.793,45.549,34.013
45.975,48.257,4.0981,-38.066,12.105,25.72,45.826,60.767,44.776,44.461,46.254,34.21
47.456,46.361,2.6779,-37.833,13.907,23.434,44.347,59.661,44.998,45.025,46.881,34.378
49.03,44.214,1.474,-37.664,15.951,21.305,41.852,57.899,44.903,45.515,47.358,34.489
50.422,42.039,0.50484,-37.518,18.024,19.444,38.538,55.48,44.429,45.889,47.606,34.52
51.301,39.932,-0.28506,-37.326,19.844,17.732,34.647,52.431,43.516,45.998,47.536,34.454
51.353,37.788,-1.0072,-37.02,21.141,15.882,30.398,48.793,42.126,45.615,47.049,34.278
50.394,35.391,-1.7876,-36.551,21.8,13.65,25.985,44.617,40.264,44.529,46.044,33.963
48.47,32.521,-2.7237,-35.9,21.938,10.992,21.585,39.974,37.988,42.64,44.452,33.46
45.914,29.147,-3.8682,-35.082,21.88,8.0945,17.385,34.972,35.412,39.997,42.268,32.699
43.202,25.532,-5.2413,-34.154,22.008,5.273,13.596,29.779,32.688,36.786,39.566,31.607
40.836,22.072,-6.837,-33.22,22.566,2.7676,10.409,24.602,29.965,33.268,36.497,30.144
39.345,19.033,-8.6142,-32.409,23.632,0.66785,7.907,19.659,27.348,29.698,33.265,28.328
39.18,16.456,-10.498,-31.833,25.207,-1.0294,6.0331,15.134,24.871,26.294,30.08,26.241
40.511,14.223,-12.405,-31.544,27.271,-2.364,4.6495,11.143,22.498,23.224,27.105,23.997
43.143,12.169,-14.278,-31.5,29.769,-3.3933,3.6177,7.7212,20.148,20.578,24.433,21.694
46.566,10.188,-16.096,-31.557,32.566,-4.1776,2.8393,4.8286,17.741,18.326,22.081,19.395
50.026,8.2773,-17.847,-31.484,35.432,-4.7701,2.2578,2.3792,15.243,16.307,20.001,17.143
52.804,6.5076,-19.478,-31.031,38.072,-5.2239,1.8454,0.26916,12.706,14.325,18.124,14.978
54.638,4.929,-20.873,-30.018,40.176,-5.6011,1.5885,-1.5983,10.253,12.298,16.388,12.941
55.489,3.522,-21.876,-28.385,41.443,-5.9601,1.4758,-3.2988,8.0141,10.315,14.751,11.059
55.146,2.2332,-22.352,-26.187,41.625,-6.3361,1.493,-4.8813,6.0523,8.5306,13.204,9.3459
53.454,1.0223,-22.263,-23.542,40.648,-6.7304,1.6213,-6.3697,4.346,7.0407,11.759,7.812
50.688,-0.12427,-21.661,-20.609,38.718,-7.1167,1.8383,-7.7692,2.8143,5.8545,10.433,6.4721
47.209,-1.2061,-20.628,-17.555,36.183,-7.4539,2.1194,-9.0758,1.3635,4.9373,9.2375,5.3386
42.972,-2.2341,-19.23,-14.494,33.236,-7.7031,2.441,-10.286,-0.070371,4.2369,8.162,4.4105
37.797,-3.2451,-17.538,-11.47,29.867,-7.8421,2.7845,-11.405,-1.5007,3.6881,7.1836,3.6673
31.883,-4.2863,-15.652,-8.4783,26.045,-7.8708,3.1395,-12.455,-2.8977,3.2119,6.2713,3.0725
25.617,-5.3833,-13.672,-5.5002,21.84,-7.807,3.5014,-13.469,-4.2169,2.7254,5.391,2.5802
19.148,-6.5279,-11.672,-2.5565,17.361,-7.6782,3.8671,-14.492,-5.4279,2.1623,4.5092,2.1426
12.634,-7.6938,-9.7129,0.26382,12.705,-7.5146,4.2294,-15.57,-6.5295,1.4877,3.5971,1.7162
6.6853,-8.8483,-7.871,2.8304,8.0867,-7.3456,4.5738,-16.742,-7.5484,0.70302,2.6365,1.2693
2.073,-9.9502,-6.2371,5.0548,3.9781,-7.197,4.8781,-18.035,-8.5249,-0.1627,1.624,0.78793
-0.76299,-10.951,-4.9001,6.9274,0.98921,-7.0897,5.1116,-19.463,-9.4966,-1.0697,0.57076,0.26962
-2.0976,-11.81,-3.9262,8.4626,-0.67659,-7.0396,5.2374,-21.034,-10.487,-1.9859,-0.50542,-0.29135
-2.7779,-12.512,-3.3426,9.6627,-1.4711,-7.057,5.2202,-22.749,-11.505,-2.8989,-1.5875,-0.91177
-3.2641,-13.073,-3.1314,10.544,-1.7792,-7.1475,5.0428,-24.597,-12.541,-3.8135,-2.6588,-1.6098
-3.4996,-13.534,-3.2339,11.164,-1.7385,-7.3114,4.7207,-26.535,-13.574,-4.7375,-3.6957,-2.3864
-3.4809,-13.946,-3.5614,11.611,-1.4652,-7.5449,4.2997,-28.48,-14.566,-5.6647,-4.6632,-3.2146
-3.4033,-14.355,-4.0117,11.978,-1.1037,-7.8405,3.8357,-30.332,-15.474,-6.5672,-5.5222,-4.048
-3.491,-14.792,-4.489,12.342,-0.78992,-8.1838,3.3709,-32.005,-16.259,-7.4007,-6.2439,-4.8398
-3.8592,-15.256,-4.9173,12.736,-0.61312,-8.5488,2.9216,-33.458,-16.902,-8.1228,-6.8198,-5.5599
-4.4739,-15.713,-5.2464,13.14,-0.5961,-8.8954,2.4805,-34.7,-17.414,-8.7115,-7.2621,-6.1992
-5.1778,-16.093,-5.4501,13.487,-0.69791,-9.1724,2.0284,-35.778,-17.83,-9.1729,-7.5957,-6.7618
-5.7491,-16.316,-5.5187,13.692,-0.83892,-9.3271,1.5513,-36.75,-18.189,-9.5308,-7.8464,-7.2514
-5.9793,-16.313,-5.453,13.683,-0.93856,-9.3166,1.0542,-37.662,-18.517,-9.809,-8.0305,-7.6602
-5.7592,-16.054,-5.2569,13.438,-0.952,-9.1191,0.56233,-38.528,-18.812,-10.017,-8.1498,-7.9671
-5.1316,-15.556,-4.9373,12.99,-0.88977,-8.7419,0.10787,-39.33,-19.06,-10.148,-8.1947,-8.1481
-4.2762,-14.884,-4.5059,12.418,-0.81078,-8.2219,-0.29048,-40.041,-19.245,-10.189,-8.152,-8.1936
-3.437,-14.133,-3.9832,11.824,-0.79424,-7.6205,-0.64126,-40.65,-19.371,-10.128,-8.0137,-8.1201
-2.828,-13.415,-3.4048,11.3,-0.90183,-7.013,-0.9787,-41.175,-19.465,-9.9687,-7.7819,-7.9697
-2.5661,-12.824,-2.8233,10.907,-1.1472,-6.4724,-1.3471,-41.662,-19.572,-9.7267,-7.4676,-7.7945
-2.6459,-12.414,-2.3027,10.663,-1.4895,-6.0539,-1.7814,-42.159,-19.738,-9.4282,-7.0878,-7.6377
-2.9551,-12.187,-1.9043,10.54,-1.847,-5.7835,-2.2938,-42.696,-19.988,-9.1004,-6.6599,-7.5189
-3.3138,-12.093,-1.6731,10.48,-2.1202,-5.6571,-2.8721,-43.269,-20.317,-8.7641,-6.1976,-7.4303
-3.5362,-12.062,-1.6294,10.416,-2.2188,-5.6486,-3.4862,-43.848,-20.684,-8.4295,-5.7043,-7.3396
-3.4972,-12.033,-1.769,10.294,-2.0882,-5.7244,-4.1005,-44.387,-21.017,-8.0954,-5.1683,-7.2014
-3.1766,-11.981,-2.0697,10.1,-1.7262,-5.8605,-4.6891,-44.853,-21.247,-7.7527,-4.5622,-6.9766
-2.6622,-11.927,-2.4982,9.8626,-1.185,-6.0506,-5.2503,-45.241,-21.331,-7.3942,-3.8545,-6.6536
-2.1121,-11.928,-3.0127,9.6432,-0.55744,-6.3017,-5.8087,-45.578,-21.287,-7.0302,-3.0344,-6.2633
-1.692,-12.041,-3.5643,9.5092,0.047443,-6.6194,-6.398,-45.914,-21.19,-6.7033,-2.1441,-5.8812
-1.5152,-12.3,-4.1,9.5097,0.53252,-6.9937,-7.0323,-46.3,-21.169,-6.4947,-1.306,-5.6252
-1.6099,-12.701,-4.5701,9.6664,0.83484,-7.391,-7.6824,-46.77,-21.38,-6.5087,-0.72156,-5.6386
-1.9191,-13.206,-4.9385,9.9776,0.9361,-7.7592,-8.2659,-47.317,-21.987,-6.8255,-0.60752,-6.0289
-2.3205,-13.75,-5.1958,10.421,0.86101,-8.0494,-8.6576,-47.888,-23.146,-7.4126,-1.0118,-6.7721
-2.6554,-14.261,-5.3754,10.951,0.66971,-8.2516,-8.7157,-48.373,-24.984,-7.7746,-0.91882,-7.5367
-2.7673,-14.657,-5.5593,11.485,0.44793,-8.4311,-8.3192,-48.586,-27.434,-5.4188,4.2587,-5.8249
-2.5579,-14.834,-5.8596,11.885,0.29096,-8.7245,-7.4088,-48.222,-29.97,-2.1182,7.9892,-2.0447
-2.0745,-14.734,-6.3687,12.035,0.28077,-9.1849,-6.0773,-46.713,-31.889,-0.22677,11.262,0.26488
-1.5329,-14.596,-7.1423,12.076,0.47085,-9.6801,-5.3057,-43.104,-32.185,1.065,14.258,1.8906
-1.0831,-14.8,-8.2581,12.241,0.90678,-10.168,-13.292,-43.398,-28.047,5.1962,15.92,2.6472
-0.32955,-15.401,-9.8489,12.048,1.7746,-10.84,-20.503,-62.833,-24.56,2.2605,14.747,1.6264
3.2453,-16.399,-12.005,9.1699,4.0684,-12.732,-20.398,-64.145,-30.177,-6.8991,8.7145,-2.7365
1.7278,-22.959,-14.628,11.38,6.7507,-19.164,-19.62,-65.65,-41.202,-23.887,-5.9871,-13.032
-1.6136,-34.864,-17.424,19.481,7.0191,-29.006,-17.237,-66.622,-57.336,-47.974,-32.533,-33.626
-7.9452,-51.07,-20.125,31.504,6.816,-40.115,-11.626,-64.776,-76.084,-73.942,-63.001,-62.095
-17.069,-67.819,-22.843,45.256,6.4489,-51.177,-0.64965,-56.13,-91.588,-95.214,-90.225,-85.768
-24.75,-78.806,-27.433,55.711,6.1071,-58.808,18.704,-34.811,-94.989,-103.28,-108.04,-100.69
-25.086,-79.322,-37.295,57.461,6.2162,-60.121,50.103,6.9513,-75.172,-89.577,-107.91,-102.96
-15.476,-66.466,-41.285,46.833,7.899,-52.947,94.107,78.44,-22.247,-46.631,-82.495,-88.957
5.1949,-37.868,-36.499,21.718,13.666,-35.975,148.38,187.68,69.952,31.603,-26.766,-56.739
41.079,8.1075,-29.335,-19.256,28.253,-8.8512,214.88,332.09,203.83,148.9,62.083,-5.3064
94.644,71.377,-20.367,-77.395,53.711,27.898,291.82,504.59,381.14,304.36,184.79,66.041
164.49,150.21,-9.3871,-152.34,85.324,73.238,371.81,698.88,598.59,494.9,339.76,156.8
250.34,243.62,1.8942,-243.17,124.39,126,439.84,899.24,843.6,715.77,523.33,265.74
349.17,350.4,12.273,-347.46,168.72,185.24,479.79,1080.1,1103.1,958.8,729.78,391.22
455.24,467.47,24.051,-461.01,214.05,250.13,485.56,1220.4,1362.2,1212.9,950.98,531.04
560.45,591.85,42.959,-578.26,256.91,321.17,457.32,1308.7,1605,1464.3,1176.2,681.71
655.44,719.91,75.107,-692.3,288.72,399.61,401.46,1342.2,1816.9,1696.4,1391.2,837.04
730.76,844.62,123.17,-794.02,302.58,484.25,327.21,1323.3,1983.2,1888,1577.2,986.38
777.38,953.87,184.64,-871.93,295.29,568.44,242.7,1253.8,2086.3,2013.4,1710.3,1113.8
787.11,1031.4,251.79,-913.91,266.71,640.16,152.88,1131.2,2105.9,2044.5,1764.3,1200.2
753.78,1060.9,314.28,-909.91,218.91,685.69,59.885,951.05,2023.2,1959,1717.9,1227.8
675.58,1031.3,362.91,-854.71,155.56,694.8,-35.574,712.22,1829.3,1750.1,1563.1,1186.4
557.87,942.66,392.21,-751.05,82.057,664.88,-132.99,423.45,1532.8,1434.7,1313,1078.2
414.37,807.48,400.63,-611.52,6.009,601.61,-231.5,105.12,1161.3,1052.6,1001.2,918.63
264.88,647.16,389.44,-456.39,-63.269,516.26,-329.53,-214.94,755.62,655.36,673.76,733.09
130.05,485.42,361.44,-307.64,-116.73,421.66,-424.28,-509.56,358.61,290.9,373.78,548.28
25.483,341.4,320.5,-182.65,-148.42,329.15,-510.91,-757.42,5.0254,-8.2267,130.77,384.85
-42.108,225.34,271.59,-90.561,-157.54,246.87,-582.47,-943.05,-283.03,-228.35,-43.509,253.9
-75.275,139.81,220.56,-31.859,-148.56,179.53,-631.17,-1057.2,-494.96,-370.88,-152.3,157.61
-83.034,83.773,173.62,-1.956,-129.32,129.09,-651.01,-1098.4,-628.2,-446.35,-208.04,91.996
-76.638,53.497,137.02,7.339,-108.27,95.863,-640.48,-1073.4,-686.64,-468.99,-225.78,50.31
-65.875,42.921,115.69,6.4913,-92.163,78.983,-603.36,-996.96,-680.94,-452.73,-218.66,25.333
-57.028,45.991,110.22,1.6384,-84.7,76.715,-547.41,-888.36,-628.05,-410.86,-197.21,12.164
-52.57,57.55,117.85,-4.4199,-86.108,86.404,-481.61,-766.8,-547.99,-355.58,-168.9,7.3226
-52.088,72.631,133.63,-10.076,-93.662,103.77,-413.63,-647.4,-459.02,-296.94,-138.72,7.574
-53.634,86.652,151.73,-13.91,-103.53,122.72,-348.43,-539.59,-374.34,-242.93,-110.83,10.146
-54.941,96.251,166.9,-15.397,-111.78,136.7,-288.32,-447.22,-302.95,-198.34,-88.235,12.976
-56.639,98.023,173.16,-4.8163,-115.21,140.75,-233.7,-370,-247.19,-162.53,-71.668,14.411
-57.112,82.522,166.88,-0.063524,-112.23,132.5,-184.32,-305.48,-204.38,-133.91,-58.609,13.792
-55.547,66.298,148.49,1.3626,-102.49,113.71,-140.22,-250.13,-169.62,-110.82,-47.231,9.6595
-51.567,53.349,121.73,2.2732,-87.345,89.281,-103.66,-201.43,-138.99,-90.891,-37.53,4.2934
-44.667,39.523,91.816,2.9822,-69.139,63.587,-77.047,-159.25,-110.71,-72.511,-28.326,1.3214
-35.762,26.373,63.09,3.5526,-50.457,40.302,-58.297,-124.79,-85.509,-56.081,-20.295,-0.42812
-25.955,15.803,38.803,4.026,-33.141,23.384,-45.987,-99.049,-65.013,-42.672,-13.36,-1.6708
-16.133,8.563,23.502,4.4446,-19.445,14.054,-38.492,-81.943,-50.442,-33.007,-8.6855,-2.7842
-7.8128,4.5297,16.43,4.8427,-11.369,9.7944,-33.794,-71.907,-42.284,-27.464,-6.5626,-3.9834
-2.8596,2.9557,13.406,5.2652,-7.9151,7.8632,-30.097,-66.258,-39.358,-25.466,-7.1931,-5.3677
-1.4991,2.8229,11.912,5.7768,-7.009,6.8171,-26.355,-62.26,-39.082,-26.061,-10.132,-6.9157
-2.3651,2.4967,11.212,6.4334,-7.301,6.5252,-23.145,-57.725,-39.046,-27.356,-11.288,-8.5019
-4.0804,-0.29452,11.198,7.2382,-8.2538,7.8813,-25.126,-50.852,-36.457,-25.547,-11.354,-9.9643
-5.3622,-3.8775,11.717,8.1289,-9.4936,8.3188,-25.431,-43.701,-29.741,-20.861,-11.218,-11.175
-5.7713,-6.4743,10.237,9.0075,-9.9084,3.7982,-24.196,-37.657,-23.463,-15.681,-10.983,-12.069
-6.2895,-8.2509,6.7544,9.7825,-6.7975,0.25418,-23.177,-31.758,-19.409,-12.581,-10.67,-12.646
-6.7926,-9.4938,4.3018,10.398,-4.9615,-1.5237,-22.622,-26.58,-16.825,-10.831,-10.322,-12.956
-6.8028,-10.39,2.84,10.844,-4.4237,-2.5404,-22.484,-22.48,-15.042,-9.6177,-9.9856,-13.077
-6.2378,-11.085,1.7016,11.153,-3.7446,-3.2777,-22.64,-19.319,-13.72,-8.6865,-9.6863,-13.092
-5.3069,-11.688,0.62337,11.379,-2.8094,-3.9246,-22.945,-16.785,-12.668,-7.9324,-9.4166,-13.055
-4.31,-12.256,-0.41703,11.57,-1.7876,-4.535,-23.259,-14.595,-11.752,-7.2702,-9.1433,-12.98
-3.528,-12.792,-1.3311,11.756,-0.9174,-5.0866,-23.47,-12.575,-10.865,-6.6292,-8.8242,-12.849
-3.1696,-13.26,-2.0056,11.94,-0.39082,-5.5243,-23.514,-10.655,-9.9347,-5.97,-8.4262,-12.64
-3.3185,-13.617,-2.3662,12.112,-0.28577,-5.7991,-23.373,-8.8418,-8.9275,-5.2981,-7.9397,-12.348
-3.9046,-13.83,-2.4104,12.254,-0.561,-5.8924,-23.053,-7.1774,-7.8536,-4.6652,-7.3851,-11.988
-4.7146,-13.891,-2.2095,12.341,-1.0733,-5.8221,-22.576,-5.7007,-6.7602,-4.1461,-6.8071,-11.597
-5.4467,-13.814,-1.8844,12.343,-1.6127,-5.6364,-21.959,-4.425,-5.7107,-3.7965,-6.2571,-11.213
-5.8047,-13.628,-1.5673,12.233,-1.9687,-5.3981,-21.211,-3.329,-4.7568,-3.6177,-5.7659,-10.864
-5.5919,-13.369,-1.3629,12,-1.9993,-5.1627,-20.318,-2.3605,-3.9155,-3.5501,-5.3221,-10.568
-4.7824,-13.074,-1.3195,11.663,-1.6682,-4.9618,-19.249,-1.4515,-3.1636,-3.4987,-4.8742,-10.337
-3.5445,-12.771,-1.4215,11.27,-1.0497,-4.8004,-17.957,-0.54253,-2.4525,-3.3748,-4.3565,-10.173
-2.1795,-12.479,-1.6044,10.885,-0.30015,-4.6668,-16.402,0.39527,-1.7345,-3.1311,-3.7217,-10.079
-1.0071,-12.217,-1.7879,10.571,0.39995,-4.5474,-14.578,1.3509,-0.9871,-2.7742,-2.9583,-10.057
-0.26605,-12.007,-1.9123,10.376,0.90445,-4.4422,-12.548,2.2839,-0.21992,-2.3492,-2.0909,-10.103
-0.065369,-11.886,-1.9581,10.33,1.134,-4.3727,-10.45,3.1489,0.53815,-1.9075,-1.1715,-10.207
-0.38844,-11.896,-1.9432,10.434,1.0789,-4.3745,-8.413,3.9191,1.2609,-1.4788,-0.26709,-10.347
-1.1246,-12.061,-1.9051,10.66,0.78099,-4.4782,-6.4318,4.5988,1.9384,-1.0644,0.55505,-10.5
-2.1034,-12.372,-1.8722,10.956,0.30842,-4.6844,-4.371,5.2208,2.5725,-0.65449,1.2408,-10.656
-3.1524,-12.771,-1.8307,11.271,-0.2722,-4.943,-2.2087,5.8296,3.1659,-0.24695,1.7562,-10.826
-4.1601,-13.17,-1.7197,11.562,-0.91739,-5.1613,-0.11818,6.4608,3.7176,0.15222,2.0932,-11.045
-5.0721,-13.475,-1.4731,11.808,-1.5992,-5.2437,1.7429,7.1248,4.2262,0.5436,2.2778,-11.352
-5.8325,-13.612,-1.0725,11.993,-2.2716,-5.137,3.3291,7.8024,4.6937,0.93904,2.3673,-11.777
-6.3433,-13.564,-0.57071,12.099,-2.8437,-4.8557,4.6715,8.4585,5.1265,1.3472,2.4225,-12.319
-6.4815,-13.366,-0.090903,12.108,-3.1877,-4.4818,5.8165,9.066,5.5397,1.7556,2.4751,-12.938
-6.1611,-13.105,0.20259,12.015,-3.1829,-4.1409,6.7825,9.6257,5.9591,2.13,2.5208,-13.557
-5.3907,-12.885,0.16572,11.835,-2.7657,-3.9588,7.5549,10.166,6.4155,2.4305,2.531,-14.091
-4.2927,-12.801,-0.25932,11.615,-1.9661,-4.013,8.1091,10.727,6.9316,2.6235,2.4652,-14.48
-3.0808,-12.902,-1.0124,11.418,-0.91228,-4.3033,8.4359,11.339,7.5064,2.6834,2.2823,-14.715
-2.0021,-13.18,-1.9422,11.312,0.20977,-4.7563,8.5571,12.009,8.1122,2.5951,1.9544,-14.84
-1.2581,-13.575,-2.8702,11.333,1.2139,-5.2602,8.5311,12.726,8.713,2.366,1.482,-14.928
-0.93304,-13.997,-3.6473,11.478,1.9617,-5.7073,8.4327,13.472,9.2971,2.0414,0.90519,-15.04
-0.96002,-14.363,-4.1939,11.696,2.4021,-6.0297,8.3072,14.238,9.8981,1.7042,0.30406,-15.187
-1.1532,-14.629,-4.5288,11.917,2.5853,-6.2201,8.1307,15.028,10.581,1.4506,-0.21806,-15.318
-1.2977,-14.81,-4.764,12.085,2.6418,-6.3316,7.8351,15.854,11.4,1.3506,-0.57237,-15.348
-1.2492,-14.965,-5.0498,12.185,2.7264,-6.4513,7.3956,16.715,12.354,1.4165,-0.72666,-15.201
-0.99406,-15.17,-5.4946,12.238,2.9496,-6.6599,6.86,17.6,13.38,1.5976,-0.72397,-14.848
-0.64849,-15.483,-6.1159,12.286,3.3278,-7.0018,6.2865,18.494,14.384,1.8045,-0.66176,-14.321
-0.41629,-15.923,-6.8484,12.379,3.7752,-7.4726,5.7198,19.387,15.281,1.9515,-0.64231,-13.699
-0.50618,-16.473,-7.5696,12.562,4.1327,-8.0215,5.229,20.284,16.04,1.9952,-0.72497,-13.083
-1.0293,-17.073,-8.1233,12.853,4.2384,-8.5616,4.9134,21.204,16.689,1.9482,-0.9065,-12.558
-1.9325,-17.617,-8.3673,13.221,4.0138,-8.98,4.8663,22.169,17.312,1.8671,-1.1319,-12.167
-2.9987,-17.963,-8.2259,13.57,3.5004,-9.1517,5.1376,23.21,18.017,1.8296,-1.32,-11.902
-3.9122,-17.968,-7.6991,13.759,2.8221,-8.9736,5.7145,24.35,18.893,1.9062,-1.3929,-11.712
-4.3649,-17.538,-6.8399,13.656,2.1207,-8.4063,6.531,25.6,19.96,2.1293,-1.306,-11.529
-4.1762,-16.676,-5.7415,13.202,1.5141,-7.492,7.4892,26.945,21.157,2.4717,-1.0732,-11.302
-3.3806,-15.484,-4.5267,12.44,1.068,-6.3465,8.4805,28.35,22.362,2.851,-0.76835,-11.019
-2.2165,-14.142,-3.3264,11.507,0.77883,-5.1328,9.4105,29.767,23.451,3.164,-0.49845,-10.712
-1.0204,-12.862,-2.2556,10.582,0.5823,-4.0253,10.231,31.159,24.342,3.3322,-0.35966,-10.439
-0.10304,-11.831,-1.4024,9.8248,0.39737,-3.169,10.959,32.505,25.022,3.3342,-0.39965,-10.257
0.33996,-11.159,-0.82388,9.3325,0.18131,-2.645,11.675,33.814,25.548,3.2136,-0.60163,-10.194
0.26869,-10.853,-0.53965,9.1131,-0.046486,-2.4556,12.478,35.123,26.023,3.0604,-0.89278,-10.228
-0.20404,-10.827,-0.52835,9.0977,-0.22444,-2.5341,13.451,36.478,26.555,2.9746,-1.1728,-10.302
-0.8436,-10.941,-0.73811,9.1757,-0.27847,-2.7731,14.61,37.916,27.214,3.0242,-1.3534,-10.346
-1.3608,-11.058,-1.1062,9.2377,-0.13898,-3.0576,15.9,39.45,28.012,3.219,-1.3913,-10.306
-1.5165,-11.085,-1.5724,9.2093,0.24336,-3.2955,17.221,41.075,28.914,3.5109,-1.297,-10.153
-1.2123,-10.992,-2.0796,9.0658,0.87187,-3.4355,18.491,42.79,29.878,3.8257,-1.1148,-9.8881
-0.51166,-10.79,-2.5658,8.8261,1.6768,-3.4639,19.695,44.615,30.884,4.1084,-0.89102,-9.5361
0.40474,-10.503,-2.9537,8.5309,2.5122,-3.3754,20.895,46.584,31.944,4.3535,-0.65069,-9.1376
1.3,-10.145,-3.1452,8.2208,3.1881,-3.1396,22.196,48.732,33.086,4.6033,-0.39059,-8.7407
1.9411,-9.7061,-3.037,7.9268,3.5233,-2.698,23.698,51.079,34.342,4.9247,-0.08728,-8.3866
2.1573,-9.1684,-2.5556,7.6648,3.3979,-1.999,25.454,53.623,35.733,5.3817,0.28848,-8.0972
1.8808,-8.5178,-1.6836,7.4297,2.784,-1.0277,27.446,56.323,37.254,6.0152,0.7621,-7.8718
1.1691,-7.7507,-0.46016,7.1954,1.7482,0.19695,29.575,59.106,38.871,6.8341,1.3534,-7.6896
0.20928,-6.8673,1.0339,6.9231,0.43728,1.6401,31.7,61.879,40.531,7.8154,2.0734,-7.5141
-0.72208,-5.868,2.6932,6.5728,-0.94552,3.2602,33.704,64.572,42.177,8.9155,2.9157,-7.3
-1.3505,-4.7539,4.4125,6.1137,-2.1806,5.0166,35.548,67.166,43.773,10.086,3.8478,-7.0061
-1.5008,-3.5292,6.1216,5.5328,-3.0834,6.8863,37.278,69.698,45.307,11.288,4.8136,-6.6129
-1.1368,-2.2011,7.8181,4.8399,-3.5473,8.8839,38.994,72.245,46.785,12.493,5.7487,-6.132
-0.3406,-0.78304,9.5606,4.0671,-3.5654,11.054,40.794,74.885,48.222,13.687,6.6028,-5.6006
0.72442,0.69845,11.396,3.2634,-3.2324,13.42,42.732,77.672,49.629,14.857,7.3578,-5.0645
1.8467,2.1978,13.256,2.4827,-2.7225,15.906,44.79,80.608,51.005,15.989,8.0294,-4.563
2.8076,3.6573,14.972,1.77,-2.2336,18.315,46.891,83.628,52.33,17.054,8.6516,-4.1181
3.4312,5.0332,16.408,1.1439,-1.9134,20.436,48.939,86.608,53.569,18.007,9.2523,-3.7263
3.6233,6.3334,17.565,0.58187,-1.844,22.205,50.873,89.415,54.686,18.8,9.8361,-3.3496
3.3832,7.641,18.578,0.014045,-2.0891,23.739,52.688,91.963,55.654,19.399,10.381,-2.9192
2.7987,9.0968,19.661,-0.66932,-2.6881,25.245,54.432,94.227,56.461,19.797,10.842,-2.3627
2.0408,10.85,20.987,-1.597,-3.5881,26.888,56.168,96.232,57.102,19.992,11.163,-1.644
1.3292,13,22.598,-2.8811,-4.6399,28.709,57.947,98.017,57.574,19.977,11.29,-0.78541
0.85733,15.562,24.396,-4.5587,-5.655,30.622,59.786,99.62,57.871,19.743,11.199,0.14513
0.75822,18.461,26.196,-6.5353,-6.4455,32.484,61.676,101.06,57.995,19.293,10.901,1.0679
1.1374,21.556,27.789,-8.6149,-6.8564,34.18,63.59,102.37,57.955,18.654,10.451,1.9238
2.0586,24.7,29.027,-10.63,-6.8095,35.665,65.508,103.53,57.773,17.88,9.9186,2.6975
3.4775,27.797,29.903,-12.538,-6.3399,36.977,67.428,104.59,57.477,17.031,9.3722,3.4317
5.2358,30.821,30.596,-14.4,-5.6045,38.234,69.378,105.54,57.093,16.144,8.8518,4.2175
7.1092,33.784,31.427,-16.312,-4.8526,39.628,71.39,106.39,56.635,15.215,8.3559,5.1485
8.8545,36.68,32.692,-18.346,-4.3615,41.375,73.477,107.12,56.096,14.194,7.8405,6.2601
10.247,39.465,34.481,-20.499,-4.3573,43.599,75.612,107.72,55.444,13.011,7.2344,7.4908
11.115,42.087,36.678,-22.672,-4.949,46.23,77.734,108.11,54.631,11.607,6.4724,8.6954
11.378,44.503,39.16,-24.707,-6.1222,49.032,79.781,108.26,53.615,9.9745,5.5355,9.7098
11.07,46.665,41.871,-26.453,-7.8141,51.751,81.729,108.15,52.371,8.1765,4.4673,10.433
10.343,48.527,44.755,-27.83,-9.9763,54.239,83.594,107.78,50.906,6.325,3.3532,10.879
9.4036,50.098,47.77,-28.833,-12.562,56.494,85.413,107.21,49.25,4.5255,2.2812,11.16
8.3904,51.467,50.916,-29.507,-15.494,58.652,87.204,106.48,47.435,2.8268,1.3113,11.433
7.2904,52.769,54.249,-29.923,-18.638,60.903,88.946,105.67,45.485,1.209,0.45734,11.823
6.0362,54.117,57.85,-30.143,-21.849,63.39,90.579,104.81,43.406,-0.39633,-0.31834,12.37
4.6399,55.559,61.735,-30.205,-25.074,66.119,92.014,103.88,41.175,-2.0775,-1.0939,13.012
3.2229,57.078,65.743,-30.116,-28.293,68.966,93.163,102.81,38.752,-3.9217,-1.9575,13.598
1.9584,58.626,69.556,-29.876,-31.307,71.763,93.971,101.48,36.093,-6.0146,-2.9679,13.955
0.94207,60.185,72.909,-29.519,-33.816,74.4,94.448,99.781,33.178,-8.4682,-4.1273,13.986
0.10698,61.821,75.781,-29.138,-35.783,76.871,94.655,97.636,30.016,-11.449,-5.3809,13.722
-0.70513,63.656,78.385,-28.862,-37.469,79.255,94.664,95.007,26.649,-15.099,-6.6405,13.312
-1.6211,65.765,81.003,-28.778,-39.223,81.653,94.517,91.911,23.125,-19.311,-7.8225,12.95
-2.7014,68.075,83.835,-28.863,-41.292,84.129,94.199,88.384,19.472,-23.707,-8.88,12.793
-3.9516,70.412,86.922,-29.023,-43.677,86.678,93.642,84.438,15.668,-28.012,-9.8147,12.916
-5.3143,72.635,90.175,-29.192,-46.222,89.239,92.746,80.055,11.652,-32.231,-10.667,13.303
-6.6617,74.679,93.439,-29.364,-48.76,91.729,91.414,75.21,7.3763,-36.487,-11.492,13.882
-7.8078,76.518,96.569,-29.57,-51.146,94.077,89.597,69.922,2.9041,-40.836,-12.337,14.563
-8.5473,78.164,99.461,-29.851,-53.238,96.247,87.339,64.269,-1.5495,-45.199,-13.231,15.277
-8.7171,79.686,102.06,-30.246,-54.91,98.249,84.768,58.372,-5.7359,-49.416,-14.18,16
-8.2586,81.19,104.35,-30.778,-56.09,100.13,82.055,52.352,-9.5743,-53.343,-15.182,16.753
-7.2516,82.759,106.28,-31.445,-56.763,101.91,79.333,46.298,-13.216,-56.921,-16.236,17.584
-5.8969,84.389,107.83,-32.201,-56.964,103.58,76.621,40.26,-16.915,-60.166,-17.358,18.529
-4.4621,85.965,108.91,-32.955,-56.77,105.05,73.838,34.262,-20.838,-63.141,-18.578,19.583
-3.209,87.311,109.45,-33.599,-56.293,106.2,70.884,28.339,-24.976,-65.925,-19.894,20.7
-2.3236,88.271,109.45,-34.052,-55.653,106.92,67.735,22.571,-29.238,-68.642,-21.215,21.821
-1.8741,88.784,109,-34.293,-54.961,107.17,64.454,17.095,-33.572,-71.502,-22.405,22.896
-1.8096,88.907,108.27,-34.36,-54.307,106.99,61.096,12.066,-37.973,-74.758,-23.396,23.905
-1.9912,88.765,107.39,-34.324,-53.749,106.52,57.614,7.5886,-42.412,-78.561,-24.235,24.847
-2.2512,88.487,106.44,-34.247,-53.311,105.88,53.899,3.6583,-46.796,-82.805,-25.011,25.725
-2.4639,88.149,105.48,-34.165,-52.98,105.15,49.875,0.16648,-50.996,-87.118,-25.743,26.537
-2.5775,87.743,104.5,-34.085,-52.694,104.31,45.521,-3.0537,-54.907,-91.04,-26.348,27.273
-2.6075,87.19,103.45,-34.002,-52.362,103.31,40.854,-6.1793,-58.456,-94.242,-26.712,27.918
-2.6061,86.38,102.22,-33.9,-51.873,102.07,35.922,-9.3665,-61.582,-96.585,-26.746,28.469
-2.6058,85.243,100.63,-33.771,-51.073,100.52,30.774,-12.726,-64.223,-98.043,-26.397,28.938
-2.5751,83.804,98.502,-33.622,-49.797,98.672,25.465,-16.3,-66.316,-98.602,-25.648,29.349
-2.4178,82.187,95.762,-33.487,-47.972,96.568,20.124,-20.035,-67.808,-98.253,-24.525,29.722
-1.9996,80.549,92.567,-33.412,-45.641,94.308,15.056,-23.789,-68.67,-97.071,-23.107,30.053
-1.1829,78.981,89.131,-33.428,-42.921,91.967,10.634,-27.373,-68.893,-95.31,-21.501,30.316
0.13023,77.436,85.549,-33.536,-39.935,89.535,7.0275,-30.617,-68.462,-93.296,-19.805,30.486
1.9569,75.741,81.799,-33.708,-36.759,86.923,4.109,-33.415,-67.351,-91.11,-18.071,30.547
4.2162,73.694,77.844,-33.906,-33.405,84.048,1.6214,-35.737,-65.564,-88.491,-16.322,30.5
6.7532,71.164,73.676,-34.088,-29.86,80.904,-0.66542,-37.619,-63.179,-85.098,-14.63,30.352
9.3962,68.172,69.312,-34.221,-26.161,77.553,-2.9093,-39.133,-60.331,-80.79,-13.072,30.103
12.002,64.904,64.786,-34.278,-22.433,74.061,-5.2021,-40.359,-57.149,-75.711,-11.602,29.761
14.454,61.626,60.141,-34.233,-18.819,70.457,-7.5879,-41.364,-53.723,-70.177,-10.1,29.352
16.641,58.536,55.413,-34.052,-15.392,66.735,-10.085,-42.201,-50.112,-64.448,-8.4857,28.912
18.469,55.675,50.61,-33.689,-12.142,62.88,-12.693,-42.906,-46.379,-58.616,-6.7524,28.444
19.875,52.96,45.717,-33.101,-9.0203,58.876,-15.378,-43.499,-42.616,-52.713,-4.9426,27.898
20.844,50.26,40.734,-32.252,-6.0279,54.702,-18.053,-43.985,-38.92,-46.806,-3.129,27.193
21.391,47.432,35.725,-31.115,-3.4112,50.346,-20.59,-44.362,-35.359,-41.006,-1.3895,26.263
21.533,44.32,30.877,-29.643,-1.6202,45.843,-22.876,-44.621,-31.954,-35.508,0.21055,25.075
21.265,40.788,26.469,-27.756,-0.67555,41.326,-24.852,-44.764,-28.713,-30.568,1.6281,23.625
20.577,36.78,22.661,-25.357,-0.17814,37.024,-26.516,-44.809,-25.696,-26.235,2.8497,21.934
19.508,32.384,19.316,-22.407,0.16652,33.132,-27.899,-44.784,-23.023,-22.189,3.8942,20.05
18.164,27.815,16.212,-19.018,0.47138,29.669,-29.049,-44.736,-20.797,-18.049,4.7996,18.051
16.656,23.304,13.308,-15.444,0.76322,26.523,-30.019,-44.719,-19.047,-14.188,5.5858,16.015
15.042,18.971,10.672,-11.93,1.0371,23.558,-30.851,-44.787,-17.739,-11.584,6.218,13.967
13.323,14.797,8.3382,-8.6074,1.2775,20.638,-31.567,-44.968,-16.817,-10.222,6.6166,11.869
11.496,10.725,6.2947,-5.5242,1.4676,17.623,-32.16,-45.25,-16.222,-9.5048,6.715,9.69
9.6008,6.7947,4.5285,-2.7226,1.5936,14.431,-32.601,-45.589,-15.888,-9.0881,6.5032,7.4655
7.7272,3.1717,3.0369,-0.24224,1.6492,11.121,-32.848,-45.922,-15.75,-8.8508,6.025,5.2958
5.9681,0.012112,1.8033,1.9088,1.6384,7.9049,-32.867,-46.203,-15.748,-8.7516,5.3476,3.2831
4.3685,-2.6502,0.78398,3.7661,1.5764,5.0223,-32.646,-46.417,-15.841,-8.7748,4.5335,1.476
2.9262,-4.8863,-0.074756,5.3937,1.4846,2.603,-32.203,-46.591,-16.021,-8.9144,3.6213,-0.14338
1.6314,-6.8005,-0.81065,6.8584,1.3794,0.64002,-31.585,-46.778,-16.306,-9.167,2.6225,-1.6419
0.4942,-8.4765,-1.4338,8.207,1.2613,-0.93774,-30.854,-47.031,-16.731,-9.5252,1.5332,-3.0954
-0.46593,-9.9541,-1.9318,9.4538,1.112,-2.1966,-30.068,-47.382,-17.328,-9.974,0.35593,-4.5383
-1.2533,-11.237,-2.2843,10.583,0.9006,-3.1776,-29.266,-47.823,-18.107,-10.493,-0.87984,-5.9388
-1.9204,-12.318,-2.4816,11.572,0.59611,-3.9143,-28.451,-48.308,-19.047,-11.064,-2.1119,-7.2357
-2.5598,-13.212,-2.5407,12.42,0.18173,-4.4544,-27.604,-48.773,-20.092,-11.671,-3.2615,-8.4071
-3.2663,-13.96,-2.5111,13.16,-0.33235,-4.8619,-26.689,-49.155,-21.166,-12.301,-4.268,-9.4923
-4.1037,-14.629,-2.4672,13.845,-0.90247,-5.2072,-25.679,-49.409,-22.189,-12.925,-5.1205,-10.548
-5.0841,-15.283,-2.4918,14.511,-1.4538,-5.5552,-24.573,-49.507,-23.102,-13.493,-5.8605,-11.603
-6.1582,-15.966,-2.6585,15.168,-1.8917,-5.9548,-23.399,-49.439,-23.875,-13.958,-6.5549,-12.655
-7.2228,-16.694,-3.017,15.801,-2.1205,-6.4341,-22.208,-49.203,-24.511,-14.309,-7.2639,-13.699
-8.1413,-17.448,-3.5855,16.385,-2.0654,-6.9977,-21.047,-48.801,-25.024,-14.574,-8.0186,-14.728
-8.7659,-18.186,-4.3433,16.885,-1.6928,-7.6235,-19.938,-48.232,-25.426,-14.791,-8.8123,-15.726
-8.9631,-18.841,-5.2271,17.263,-1.0243,-8.2613,-18.869,-47.494,-25.714,-14.973,-9.6008,-16.658
-8.65,-19.335,-6.1357,17.48,-0.1372,-8.8384,-17.812,-46.582,-25.863,-15.1,-10.313,-17.478
-7.8385,-19.596,-6.9478,17.5,0.8496,-9.2744,-16.749,-45.496,-25.842,-15.139,-10.872,-18.147
-6.6573,-19.585,-7.549,17.317,1.797,-9.5022,-15.703,-44.249,-25.631,-15.061,-11.214,-18.647
-5.3256,-19.315,-7.8576,16.972,2.5657,-9.4879,-14.729,-42.87,-25.233,-14.86,-11.308,-18.986
-4.0932,-18.85,-7.8411,16.542,3.0343,-9.2392,-13.894,-41.396,-24.675,-14.546,-11.161,-19.189
-3.1818,-18.283,-7.5136,16.123,3.1197,-8.7996,-13.25,-39.862,-23.996,-14.149,-10.808,-19.281
-2.7479,-17.705,-6.9156,15.792,2.791,-8.233,-12.814,-38.274,-23.231,-13.7,-10.307,-19.273
-2.8632,-17.184,-6.099,15.595,2.0755,-7.6101,-12.556,-36.613,-22.403,-13.228,-9.7257,-19.165
-3.5036,-16.759,-5.1316,15.539,1.0539,-6.9989,-12.413,-34.828,-21.518,-12.747,-9.1304,-18.957
-4.5542,-16.447,-4.1035,15.606,-0.15157,-6.4595,-12.309,-32.858,-20.575,-12.251,-8.5777,-18.661
-5.8458,-16.249,-3.1229,15.757,-1.3913,-6.0404,-12.18,-30.661,-19.577,-11.735,-8.1133,-18.308
-7.1938,-16.157,-2.3004,15.948,-2.507,-5.776,-12.002,-28.249,-18.541,-11.207,-7.7676,-17.941
-8.4208,-16.158,-1.7233,16.139,-3.3562,-5.6783,-11.789,-25.699,-17.497,-10.69,-7.5456,-17.603
-9.3727,-16.226,-1.4284,16.3,-3.8406,-5.7288,-11.584,-23.141,-16.476,-10.204,-7.4206,-17.329
-9.9285,-16.316,-1.391,16.402,-3.9305,-5.8775,-11.424,-20.702,-15.488,-9.7526,-7.3459,-17.125
-10.017,-16.373,-1.5371,16.415,-3.6707,-6.0551,-11.31,-18.461,-14.514,-9.3226,-7.2708,-16.966
-9.6557,-16.344,-1.7699,16.319,-3.1658,-6.1941,-11.199,-16.44,-13.521,-8.8945,-7.1568,-16.805
-8.9659,-16.2,-1.9987,16.111,-2.553,-6.2497,-11.024,-14.616,-12.46,-8.4475,-6.9873,-16.597
-8.1335,-15.944,-2.1577,15.809,-1.9688,-6.2073,-10.725,-12.945,-11.28,-7.9611,-6.7646,-16.32
-7.3437,-15.604,-2.2134,15.442,-1.5186,-6.0781,-10.268,-11.381,-9.9257,-7.4131,-6.4974,-15.976
-6.7332,-15.206,-2.1647,15.038,-1.2564,-5.886,-9.6566,-9.8839,-8.3461,-6.779,-6.1866,-15.592
-6.3622,-14.772,-2.0367,14.612,-1.1801,-5.6562,-8.9208,-8.4338,-6.5043,-6.0326,-5.8145,-15.192
-6.2054,-14.31,-1.8728,14.166,-1.2409,-5.4112,-8.0997,-7.0176,-4.3855,-5.1416,-5.3395,-14.785
-6.1701,-13.816,-1.7235,13.691,-1.358,-5.1673,-7.2256,-5.6232,-1.9953,-4.0611,-4.6971,-14.352
-6.1324,-13.28,-1.632,13.167,-1.4363,-4.9308,-6.3161,-4.2338,0.64581,-2.7327,-3.8101,-13.851
-5.9688,-12.685,-1.6205,12.57,-1.3926,-4.696,-5.3802,-2.83,3.4984,-1.0946,-2.6107,-13.235
-5.577,-12.012,-1.6819,11.881,-1.1823,-4.4471,-4.4269,-1.3968,6.491,0.8982,-1.067,-12.48
-4.8991,-11.245,-1.7811,11.091,-0.81188,-4.1595,-3.4761,0.066024,9.5207,3.2467,0.79424,-11.597
-3.9449,-10.368,-1.8604,10.205,-0.33571,-3.798,-2.5635,1.5513,12.478,5.8823,2.8842,-10.635
-2.7959,-9.3698,-1.8486,9.2423,0.15988,-3.3177,-1.7273,3.0448,15.289,8.6676,5.0804,-9.6504
-1.5867,-8.2463,-1.6747,8.2383,0.57955,-2.6717,-0.99066,4.538,17.929,11.444,7.2746,-8.6873
-0.47035,-7.0124,-1.2857,7.2402,0.84634,-1.8263,-0.35301,6.0333,20.418,14.099,9.4087,-7.7561
0.42577,-5.7089,-0.66134,6.3024,0.92522,-0.77551,0.20276,7.5375,22.794,16.601,11.478,-6.8403
1.0414,-4.4001,0.17985,5.4709,0.83108,0.44486,0.69542,9.0499,25.088,18.988,13.509,-5.9141
1.3994,-3.1591,1.1776,4.7664,0.61524,1.7485,1.1324,10.553,27.305,21.331,15.535,-4.9644
1.581,-2.0472,2.2299,4.1781,0.33824,3.0098,1.5041,12.013,29.413,23.667,17.568,-4.0014
1.6755,-1.0962,3.2098,3.6758,0.044097,4.1049,1.7854,13.382,31.353,25.94,19.572,-3.051
1.735,-0.30253,4.0153,3.2281,-0.25495,4.9661,1.9466,14.619,33.058,28.014,21.461,-2.1346
1.753,0.3719,4.6249,2.814,-0.58551,5.6162,1.9658,15.689,34.474,29.756,23.136,-1.2531
1.6726,0.98754,5.1083,2.4255,-1.0054,6.1543,1.8412,16.574,35.574,31.109,24.545,-0.38485
1.4171,1.6013,5.58,2.0678,-1.5682,6.7002,1.5977,17.279,36.368,32.094,25.71,0.50184
0.93743,2.2327,6.13,1.7583,-2.2741,7.3249,1.2809,17.828,36.889,32.774,26.686,1.4319
0.25735,2.8433,6.771,1.5256,-3.0459,8.009,0.94101,18.252,37.189,33.228,27.518,2.4081
-0.50784,3.3499,7.4241,1.3996,-3.7468,8.6521,0.61519,18.57,37.315,33.519,28.21,3.4012
-1.1748,3.6768,7.9545,1.3858,-4.222,9.1336,0.31919,18.777,37.293,33.683,28.733,4.351
-1.548,3.8176,8.2499,1.4402,-4.344,9.3918,0.049992,18.844,37.128,33.728,29.05,5.1893
-1.4808,3.8524,8.2807,1.4707,-4.0533,9.4638,-0.20388,18.731,36.814,33.645,29.134,5.8715
-0.93061,3.899,8.0881,1.3822,-3.3859,9.4481,-0.45061,18.412,36.351,33.428,28.996,6.3994
0.0050225,4.043,7.733,1.1291,-2.4769,9.4301,-0.68812,17.897,35.757,33.087,28.685,6.8167
1.1007,4.2976,7.2861,0.73518,-1.5375,9.4409,-0.9052,17.228,35.057,32.651,28.271,7.1788
2.0698,4.6104,6.8598,0.27603,-0.80825,9.4723,-1.089,16.464,34.274,32.149,27.804,7.5148
2.6572,4.9033,6.5968,-0.15932,-0.47879,9.5049,-1.2327,15.646,33.419,31.601,27.3,7.8074
2.7217,5.1163,6.5876,-0.50369,-0.61373,9.5143,-1.338,14.8,32.495,31.016,26.74,8.01
2.2797,5.2311,6.7992,-0.73744,-1.1433,9.4691,-1.4117,13.935,31.511,30.406,26.106,8.0871
1.5086,5.2652,7.0983,-0.88227,-1.8969,9.3455,-1.4603,13.063,30.486,29.791,25.4,8.0464
0.6974,5.2468,7.3398,-0.97754,-2.6469,9.139,-1.4946,12.2,29.448,29.195,24.648,7.936
0.14226,5.1989,7.4229,-1.0563,-3.1677,8.8574,-1.5291,11.358,28.419,28.638,23.889,7.8115
0.028402,5.133,7.2921,-1.1366,-3.2961,8.5096,-1.5793,10.546,27.41,28.119,23.161,7.6962
0.38006,5.0483,6.9221,-1.2197,-2.9716,8.1016,-1.6545,9.7684,26.423,27.619,22.486,7.5658
1.0947,4.924,6.3194,-1.2837,-2.2524,7.6338,-1.7514,9.0299,25.452,27.109,21.864,7.3594
1.9866,4.7127,5.5374,-1.2797,-1.3013,7.0997,-1.8581,8.3342,24.492,26.555,21.268,7.0156
2.818,4.3556,4.6829,-1.1522,-0.34226,6.4891,-1.9566,7.6769,23.542,25.928,20.656,6.5125
3.3556,3.8218,3.8921,-0.87231,0.40322,5.7988,-2.0329,7.0383,22.602,25.211,19.995,5.8854
3.4385,3.1317,3.2778,-0.45123,0.78212,5.0436,-2.0856,6.3981,21.678,24.4,19.275,5.2173
3.013,2.3496,2.8794,0.069712,0.74642,4.2543,-2.12,5.737,20.776,23.513,18.529,4.6134
2.1493,1.541,2.6485,0.63956,0.35064,3.457,-2.1409,5.0539,19.908,22.593,17.82,4.1675
1.0434,0.73719,2.4752,1.2094,-0.26856,2.6528,-2.1485,4.3703,19.077,21.685,17.21,3.9325
-0.034748,-0.068389,2.2401,1.7447,-0.92248,1.824,-2.1413,3.723,18.279,20.813,16.721,3.9052
-0.84507,-0.88883,1.8635,2.2266,-1.4205,0.96391,-2.1214,3.1478,17.498,19.965,16.311,4.0274
-1.2603,-1.7104,1.3251,2.6425,-1.6245,0.096954,-2.0977,2.6632,16.712,19.098,15.894,4.2051
-1.2679,-2.4879,0.64926,2.976,-1.4815,-0.73468,-2.0842,2.263,15.895,18.162,15.372,4.3438
-0.92339,-3.1746,-0.11431,3.2132,-1.0278,-1.4967,-2.0957,1.9227,15.035,17.137,14.696,4.3874
-0.32986,-3.7535,-0.90049,3.3623,-0.36426,-2.172,-2.1379,1.6123,14.143,16.043,13.888,4.3344
0.36637,-4.2437,-1.6396,3.4613,0.38426,-2.7541,-2.2072,1.3116,13.247,14.937,13.034,4.2232
1.0104,-4.6796,-2.273,3.567,1.103,-3.238,-2.2934,1.0112,12.378,13.883,12.231,4.0968
1.4901,-5.0829,-2.7676,3.7224,1.7054,-3.6172,-2.3864,0.70967,11.546,12.912,11.538,3.9706
1.7682,-5.4476,-3.1253,3.9317,2.1466,-3.8895,-2.4764,0.408,10.728,12.012,10.95,3.8219
1.8858,-5.7576,-3.3807,4.164,2.4399,-4.0673,-2.5559,0.11083,9.8795,11.136,10.409,3.604
1.9349,-6.0093,-3.5845,4.3793,2.6523,-4.1823,-2.6185,-0.17911,8.9506,10.233,9.8383,3.2745
2.0042,-6.2252,-3.7782,4.5571,2.8499,-4.2788,-2.659,-0.46478,7.9003,9.2647,9.1715,2.8132
2.123,-6.4464,-3.975,4.7092,3.0414,-4.3976,-2.6761,-0.75612,6.7128,8.2224,8.3703,2.2281
2.2265,-6.7155,-4.1557,4.8759,3.1764,-4.5605,-2.6718,-1.0656,5.4085,7.1299,7.4353,1.5514
2.1696,-7.064,-4.2766,5.1117,3.1721,-4.7645,-2.6531,-1.3997,4.0468,6.0422,6.4081,0.8307
1.7926,-7.5071,-4.2849,5.4648,2.94,-4.9867,-2.6274,-1.749,2.7129,5.027,5.3612,0.11438
0.99696,-8.0368,-4.1385,5.957,2.4155,-5.1961,-2.5944,-2.0936,1.4911,4.1385,4.371,-0.56559
-0.21889,-8.6239,-3.8286,6.5696,1.5923,-5.3647,-2.5488,-2.4018,0.43815,3.3939,3.4873,-1.1986
-1.7495,-9.2191,-3.394,7.2437,0.54553,-5.4779,-2.4866,-2.6439,-0.43859,2.7679,2.7093,-1.7844
-3.3934,-9.7653,-2.9186,7.8937,-0.5719,-5.5403,-2.4123,-2.8053,-1.1772,2.2073,1.9918,-2.3176
-4.8931,-10.216,-2.5134,8.433,-1.5613,-5.5771,-2.341,-2.8928,-1.8486,1.6534,1.2739,-2.7849
-6.0032,-10.547,-2.2906,8.8017,-2.2282,-5.6277,-2.2931,-2.934,-2.5326,1.0644,0.51629,-3.1801
-6.5534,-10.766,-2.3312,8.982,-2.4354,-5.7319,-2.2852,-2.9677,-3.2876,0.42747,-0.27619,-3.5162
-6.485,-10.896,-2.656,8.9964,-2.1433,-5.9126,-2.3212,-3.03,-4.1253,-0.23567,-1.0569,-3.8105
-5.8597,-10.961,-3.2126,8.8922,-1.4201,-6.1629,-2.3866,-3.1422,-5.0037,-0.87044,-1.7588,-4.0573
-4.8354,-10.968,-3.8883,8.718,-0.42105,-6.441,-2.4558,-3.3042,-5.847,-1.4039,-2.3105,-4.2185
-3.6047,-10.888,-4.5386,8.499,0.65571,-6.6763,-2.5012,-3.5029,-6.5824,-1.7703,-2.6479,-4.2409
-2.3468,-10.67,-5.025,8.2263,1.6174,-6.7884,-2.5056,-3.7197,-7.1686,-1.9386,-2.7342,-4.0917
-1.2088,-10.263,-5.2479,7.8711,2.3189,-6.7137,-2.4686,-3.938,-7.6028,-1.9269,-2.5781,-3.7862
-0.28574,-9.6589,-5.168,7.4143,2.6869,-6.4292,-2.4069,-4.1461,-7.9096,-1.7993,-2.2391,-3.3923
0.38884,-8.8972,-4.8089,6.8681,2.7162,-5.9614,-2.3496,-4.3385,-8.1275,-1.6438,-1.8157,-3.0111
0.81448,-8.0622,-4.2424,6.278,2.4505,-5.3782,-2.329,-4.5148,-8.2986,-1.5443,-1.4193,-2.7432
0.98305,-7.2583,-3.5625,5.7142,1.9641,-4.7685,-2.3682,-4.6758,-8.4577,-1.5552,-1.1421,-2.654
0.87522,-6.589,-2.8629,5.2582,1.345,-4.2208,-2.4677,-4.8175,-8.6209,-1.6823,-1.0312,-2.7509
0.49769,-6.1368,-2.2231,4.9849,0.68044,-3.8048,-2.5998,-4.9297,-8.7804,-1.8809,-1.0785,-2.9848
-0.088715,-5.9411,-1.7007,4.9377,0.048365,-3.559,-2.718,-5.0019,-8.9134,-2.0761,-1.2272,-3.275
-0.76981,-5.9796,-1.328,5.1045,-0.48127,-3.4831,-2.7761,-5.0323,-9.003,-2.1983,-1.396,-3.5464
-1.3919,-6.1698,-1.1155,5.4117,-0.83877,-3.5404,-2.7509,-5.035,-9.0568,-2.2222,-1.5204,-3.7629
-1.7905,-6.4035,-1.0603,5.7499,-0.96434,-3.6745,-2.653,-5.0399,-9.113,-2.1882,-1.5935,-3.9392
-1.8519,-6.6011,-1.1519,6.0223,-0.83689,-3.8351,-2.5198,-5.0843,-9.2261,-2.1901,-1.6778,-4.1257
-1.5861,-6.7531,-1.3737,6.1904,-0.49646,-4.0007,-2.396,-5.1998,-9.4388,-2.3307,-1.8705,-4.3765
-1.1427,-6.9216,-1.7024,6.2902,-0.041807,-4.1868,-2.3127,-5.3993,-9.759,-2.6683,-2.2478,-4.7205
-0.7598,-7.1988,-2.1076,6.4094,0.39776,-4.4329,-2.2753,-5.6702,-10.157,-3.1902,-2.8311,-5.1522
-0.67878,-7.652,-2.5523,6.64,0.70476,-4.7726,-2.263,-5.9735,-10.578,-3.8241,-3.5862,-5.6376
-1.043,-8.2905,-2.9984,7.0337,0.81078,-5.2094,-2.2406,-6.2537,-10.966,-4.4758,-4.4444,-6.1275
-1.8331,-9.061,-3.4135,7.5775,0.71589,-5.711,-2.1785,-6.458,-11.276,-5.0703,-5.3272,-6.5729
-2.8683,-9.8637,-3.7774,8.1951,0.48817,-6.2223,-2.0719,-6.5581,-11.499,-5.5739,-6.1678,-6.9405
-3.8602,-10.579,-4.0842,8.7735,0.24443,-6.6809,-1.9467,-6.5609,-11.656,-5.9952,-6.9233,-7.2192
-4.5016,-11.1,-4.3373,9.2032,0.11549,-7.0316,-1.8496,-6.5019,-11.795,-6.3749,-7.5773,-7.4157
-4.5725,-11.362,-4.5431,9.4142,0.201,-7.2376,-1.8297,-6.4267,-11.971,-6.7661,-8.1341,-7.5453
-4.0248,-11.36,-4.7044,9.3934,0.52847,-7.2871,-1.9195,-6.3699,-12.223,-7.2099,-8.6077,-7.622
-3.0033,-11.138,-4.8173,9.1819,1.0385,-7.1948,-2.1213,-6.3408,-12.559,-7.7148,-9.0085,-7.6542
-1.7871,-10.779,-4.8694,8.8587,1.6039,-6.9965,-2.4029,-6.3207,-12.948,-8.2515,-9.3364,-7.6462
-0.69263,-10.383,-4.8417,8.5208,2.0682,-6.7396,-2.7091,-6.2739,-13.335,-8.7681,-9.584,-7.6039
0.01216,-10.041,-4.7133,8.2618,2.2897,-6.4699,-2.9839,-6.1692,-13.661,-9.2153,-9.7465,-7.5395
0.16732,-9.8169,-4.4659,8.1472,2.1839,-6.2194,-3.1939,-5.9985,-13.883,-9.5656,-9.8284,-7.4716
-0.24677,-9.7229,-4.0892,8.1937,1.7444,-5.9976,-3.3366,-5.7809,-13.987,-9.8174,-9.8438,-7.4215
-1.1035,-9.7191,-3.5912,8.3613,1.0417,-5.7936,-3.433,-5.5501,-13.988,-9.9871,-9.8123,-7.4055
-2.1503,-9.7309,-3.0077,8.5687,0.20755,-5.5875,-3.511,-5.3372,-13.917,-10.099,-9.7546,-7.4293
-3.0831,-9.6867,-2.4029,8.7263,-0.59536,-5.3662,-3.5919,-5.1581,-13.81,-10.177,-9.6899,-7.4858
-3.6648,-9.5561,-1.8588,8.7757,-1.2186,-5.1351,-3.6824,-5.0106,-13.693,-10.237,-9.6312,-7.5581
-3.8112,-9.367,-1.4541,8.7157,-1.5699,-4.9219,-3.7709,-4.878,-13.578,-10.283,-9.5818,-7.6246
-3.594,-9.1906,-1.2436,8.5956,-1.6321,-4.7686,-3.829,-4.7377,-13.458,-10.306,-9.5321,-7.6644
-3.1806,-9.105,-1.2435,8.4858,-1.4592,-4.7149,-3.8176,-4.5701,-13.314,-10.288,-9.4627,-7.6635
-2.764,-9.1613,-1.4283,8.4479,-1.1532,-4.7814,-3.7002,-4.366,-13.128,-10.21,-9.353,-7.6194
-2.5093,-9.3673,-1.7393,8.5181,-0.82637,-4.9594,-3.4583,-4.1288,-12.886,-10.057,-9.1916,-7.5417
-2.5091,-9.6888,-2.1012,8.7008,-0.56553,-5.2137,-3.102,-3.8711,-12.593,-9.8313,-8.9822,-7.4462
-2.7551,-10.06,-2.4437,8.9647,-0.41114,-5.4938,-2.6665,-3.608,-12.266,-9.5467,-8.7437,-7.346
-3.1394,-10.401,-2.7219,9.2456,-0.35152,-5.7495,-2.1987,-3.3522,-11.933,-9.229,-8.5035,-7.2441
-3.489,-10.637,-2.9273,9.4618,-0.33031,-5.9444,-1.7418,-3.1138,-11.621,-8.9075,-8.2885,-7.1343
-3.6272,-10.719,-3.0793,9.542,-0.27156,-6.063,-1.3257,-2.9041,-11.355,-8.6092,-8.1187,-7.0088
-3.4476,-10.646,-3.2015,9.4572,-0.11896,-6.1089,-0.96691,-2.7383,-11.155,-8.3544,-8.0039,-6.8691
-2.9712,-10.454,-3.2965,9.237,0.12953,-6.0953,-0.67242,-2.6352,-11.031,-8.1555,-7.9434,-6.73
-2.3483,-10.204,-3.3358,8.9568,0.41117,-6.031,-0.44515,-2.6122,-10.988,-8.017,-7.9278,-6.6151
-1.7988,-9.9435,-3.2665,8.701,0.61599,-5.9094,-0.28573,-2.6758,-11.016,-7.9353,-7.943,-6.5463
-1.5205,-9.6856,-3.0299,8.5228,0.6236,-5.7093,-0.1925,-2.8135,-11.095,-7.8993,-7.9767,-6.5334
-1.6173,-9.4156,-2.5856,8.4288,0.3476,-5.4088,-0.16182,-2.9936,-11.201,-7.8956,-8.0266,-6.5717
-2.0752,-9.1154,-1.9331,8.3905,-0.22975,-5.0053,-0.19481,-3.1765,-11.309,-7.9164,-8.1057,-6.6488
-2.7799,-8.7889,-1.1274,8.3706,-1.048,-4.5291,-0.29807,-3.3292,-11.408,-7.9646,-8.2397,-6.7544
-3.5533,-8.4667,-0.26937,8.3436,-1.9838,-4.0378,-0.4822,-3.4361,-11.501,-8.054,-8.459,-6.8862
-4.2011,-8.1882,0.52229,8.3011,-2.8812,-3.5937,-0.75239,-3.5004,-11.602,-8.2007,-8.7859,-7.0509
-4.5648,-7.9803,1.1388,8.2453,-3.5877,-3.2423,-1.1038,-3.5386,-11.727,-8.413,-9.2205,-7.2591
-4.5617,-7.8486,1.4967,8.1792,-3.9846,-3.0092,-1.5211,-3.5722,-11.886,-8.6828,-9.7332,-7.5179
-4.1998,-7.7845,1.552,8.1041,-4.0052,-2.9055,-1.9827,-3.6191,-12.075,-8.9846,-10.266,-7.8211
-3.5652,-7.7779,1.3113,8.025,-3.6421,-2.9327,-2.4683,-3.6861,-12.273,-9.2802,-10.742,-8.1424
-2.7937,-7.831,0.81126,7.9578,-2.9449,-3.0947,-2.9634,-3.7695,-12.451,-9.5296,-11.09,-8.4386
-2.0358,-7.9611,0.088694,7.929,-2.0117,-3.4033,-3.465,-3.8631,-12.584,-9.7048,-11.265,-8.6656
-1.42,-8.1893,-0.8142,7.9639,-0.96915,-3.8625,-3.9801,-3.968,-12.666,-9.798,-11.266,-8.7994
-1.0238,-8.521,-1.826,8.0713,0.050911,-4.4507,-4.5164,-4.0942,-12.704,-9.8214,-11.133,-8.8475
-0.86181,-8.9305,-2.8347,8.2346,0.92896,-5.1123,-5.0726,-4.2513,-12.711,-9.7969,-10.929,-8.8438
-0.89355,-9.3563,-3.6917,8.4138,1.5628,-5.752,-5.6269,-4.4344,-12.691,-9.7435,-10.714,-8.8305
-1.0498,-9.71,-4.2396,8.5556,1.8708,-6.2421,-6.1348,-4.6168,-12.633,-9.6687,-10.527,-8.8397
-1.2612,-9.8929,-4.3631,8.6052,1.804,-6.4523,-6.5391,-4.754,-12.51,-9.5669,-10.375,-8.8824
-1.4748,-9.8171,-4.0207,8.5151,1.3644,-6.2938,-6.7844,-4.7944,-12.292,-9.4208,-10.243,-8.9463
-1.6533,-9.4292,-3.2446,8.253,0.61371,-5.7531,-6.831,-4.6908,-11.943,-9.2035,-10.101,-8.9999
-1.7629,-8.7272,-2.1414,7.8074,-0.32852,-4.8996,-6.6608,-4.4116,-11.437,-8.8826,-9.9055,-9.0015
-1.7634,-7.763,-0.89279,7.1906,-1.2911,-3.8634,-6.2807,-3.9487,-10.756,-8.4267,-9.6142,-8.9101
-1.6054,-6.6173,0.27732,6.4341,-2.076,-2.7872,-5.7209,-3.3191,-9.8969,-7.8127,-9.1963,-8.6958
-1.2346,-5.3567,1.1784,5.5733,-2.5004,-1.7654,-5.0228,-2.5588,-8.8714,-7.0308,-8.6426,-8.3453
-0.60382,-3.9998,1.7381,4.6263,-2.448,-0.79208,-4.2246,-1.7111,-7.702,-6.0848,-7.9619,-7.86
0.30518,-2.5136,2.0273,3.5826,-1.9086,0.23867,-3.344,-0.81331,-6.4189,-4.9874,-7.166,-7.2496
1.4637,-0.85452,2.1976,2.4079,-0.98663,1.4361,-2.3744,0.11446,-5.0493,-3.7549,-6.2583,-6.5231
2.7942,0.99882,2.3814,1.0644,0.11838,2.7841,-1.289,1.0781,-3.6012,-2.4008,-5.2324,-5.6804
4.1869,3.111,2.7091,-0.47195,1.1516,4.2696,-0.049987,2.1129,-2.0469,-0.92996,-4.0795,-4.7111
5.5269,5.6303,3.4358,-2.2071,1.8664,6.1185,1.3859,3.2798,-0.32028,0.66851,-2.7951,-3.5986
6.7215,8.6658,4.8785,-4.1423,2.0912,8.6113,3.0685,4.6547,1.6669,2.426,-1.3787,-2.3242
7.7175,12.22,7.2182,-6.2905,1.7587,11.827,5.0625,6.3159,3.9941,4.3928,0.17067,-0.86487
8.5069,16.266,10.432,-8.6767,0.8985,15.692,7.4632,8.3357,6.6959,6.6263,1.8562,0.80578
9.1334,20.737,14.317,-11.316,-0.37881,20.055,10.406,10.773,9.7298,9.162,3.6757,2.7005
9.7101,25.439,18.503,-14.181,-1.8966,24.635,14.049,13.659,12.968,11.962,5.6081,4.7912
10.424,30,22.487,-17.172,-3.448,28.989,18.505,16.987,16.234,14.881,7.6053,6.9965
11.457,33.991,25.762,-20.11,-4.8431,32.618,23.686,20.699,19.379,17.715,9.6016,9.2049
12.776,37.143,28.003,-22.788,-5.9348,35.165,29.197,24.705,22.325,20.322,11.539,11.321
14.091,39.495,29.137,-25.066,-6.6252,36.572,34.517,28.908,25.075,22.674,13.394,13.307
15.246,41.367,29.307,-26.935,-6.8684,37.116,39.36,33.225,27.678,24.823,15.182,15.193
16.443,43.124,28.82,-28.47,-6.6664,37.291,43.777,37.58,30.196,26.842,16.945,17.051
17.943,44.853,28.091,-29.748,-6.0479,37.488,47.924,41.884,32.669,28.8,18.727,18.947
19.819,46.291,27.257,-30.824,-5.0405,37.586,51.86,46.028,35.104,30.739,20.558,20.888
21.985,47.17,25.875,-31.743,-3.6663,37.163,55.53,49.902,37.468,32.664,22.447,22.807
24.307,47.46,23.679,-32.54,-1.9649,36.137,58.854,53.41,39.707,34.546,24.373,24.592
26.688,47.245,21.059,-33.219,-0.022913,34.744,61.798,56.492,41.766,36.324,26.294,26.144
29.075,46.595,18.347,-33.765,2.0412,33.155,64.374,59.118,43.603,37.934,28.149,27.419
31.419,45.567,15.575,-34.164,4.1226,31.406,66.602,61.282,45.202,39.336,29.881,28.434
33.663,44.237,12.76,-34.417,6.1411,29.492,68.468,62.977,46.564,40.533,31.448,29.248
35.767,42.701,10.007,-34.542,8.0291,27.421,69.906,64.171,47.688,41.547,32.83,29.936
37.739,41.044,7.4885,-34.552,9.7288,25.238,70.799,64.777,48.551,42.398,34.033,30.558
39.573,39.305,5.3587,-34.446,11.199,23.011,71.009,64.649,49.101,43.088,35.087,31.137
41.096,37.459,3.6657,-34.215,12.425,20.794,70.396,63.62,49.263,43.589,36.028,31.647
41.99,35.45,2.3437,-33.866,13.444,18.587,68.839,61.579,48.966,43.833,36.844,32.02
42.123,33.224,1.2803,-33.433,14.369,16.358,66.279,58.53,48.173,43.725,37.448,32.176
41.722,30.764,0.37399,-32.971,15.387,14.094,62.761,54.592,46.887,43.171,37.713,32.051
41.169,28.092,-0.4528,-32.537,16.654,11.827,58.446,49.957,45.147,42.114,37.541,31.615
40.784,25.266,-1.2698,-32.16,18.116,9.6141,53.579,44.847,43.018,40.552,36.884,30.874
40.713,22.379,-2.1478,-31.835,19.502,7.5144,48.419,39.485,40.585,38.539,35.742,29.85
40.915,19.565,-3.1466,-31.537,20.639,5.5774,43.145,34.062,37.948,36.161,34.15,28.559
41.243,16.957,-4.2937,-31.243,21.589,3.8267,37.785,28.726,35.206,33.516,32.176,27.004
41.55,14.632,-5.5864,-30.953,22.492,2.2479,32.221,23.591,32.45,30.719,29.931,25.195
41.775,12.587,-7.0297,-30.683,23.47,0.79601,26.33,18.749,29.743,27.909,27.571,23.173
41.972,10.779,-8.672,-30.452,24.624,-0.57694,20.276,14.284,27.11,25.229,25.263,21.017
42.259,9.1757,-10.585,-30.262,26.041,-1.8945,14.648,10.262,24.524,22.768,23.134,18.819
42.758,7.7697,-12.801,-30.111,27.787,-3.1453,10.049,6.7189,21.914,20.513,21.223,16.641
43.582,6.5628,-15.261,-29.99,29.907,-4.2903,6.6224,3.6525,19.192,18.348,19.483,14.493
44.834,5.5486,-17.795,-29.879,32.421,-5.2792,4.1481,1.0238,16.32,16.135,17.82,12.372
46.549,4.7098,-20.144,-29.742,35.273,-6.0648,2.3495,-1.2286,13.36,13.83,16.156,10.305
48.616,4.0216,-22.016,-29.515,38.182,-6.6145,1.0211,-3.1699,10.482,11.525,14.469,8.3603
50.758,3.4503,-23.16,-29.105,40.575,-6.9185,0.023671,-4.8604,7.871,9.3744,12.785,6.6074
52.569,2.947,-23.438,-28.358,41.855,-6.9944,-0.74902,-6.3588,5.6283,7.4806,11.145,5.0758
53.515,2.4449,-22.867,-27.055,41.836,-6.8865,-1.3886,-7.7302,3.7224,5.8555,9.5823,3.7506
53.251,1.878,-21.613,-24.977,40.732,-6.6561,-1.97,-9.0475,2.0306,4.4483,8.1109,2.5911
52.18,1.2092,-19.927,-22.158,38.811,-6.364,-2.5423,-10.38,0.41385,3.1857,6.7215,1.5526
50.611,0.43496,-18.003,-19.067,36.212,-6.0584,-3.1257,-11.78,-1.219,1.9988,5.3905,0.59993
48.041,-0.43962,-15.931,-16.156,32.987,-5.7761,-3.7194,-13.27,-2.8838,0.84186,4.0898,-0.29042
43.88,-1.4134,-13.768,-13.38,29.181,-5.5472,-4.3159,-14.851,-4.5338,-0.30257,2.7951,-1.1353
38.038,-2.4833,-11.6,-10.475,24.87,-5.3948,-4.9128,-16.502,-6.0983,-1.4268,1.493,-1.9486
30.873,-3.6465,-9.5462,-7.341,20.162,-5.3416,-5.5154,-18.197,-7.5205,-2.5074,0.18458,-2.7397
22.793,-4.9141,-7.7475,-4.0789,15.209,-5.4206,-6.1288,-19.907,-8.7761,-3.5182,-1.1155,-3.5104
14.275,-6.31,-6.3432,-0.85383,10.27,-5.6691,-6.7488,-21.608,-9.8715,-4.4409,-2.3837,-4.2536
6.3732,-7.8429,-5.4124,2.1995,5.766,-6.1034,-7.3595,-23.284,-10.833,-5.2714,-3.5934,-4.9574
-0.15659,-9.4743,-4.937,4.9627,2.2482,-6.6975,-7.9386,-24.931,-11.693,-6.0154,-4.7189,-5.6111
-5.2206,-11.107,-4.8166,7.3086,0.22215,-7.3813,-8.4657,-26.554,-12.484,-6.6814,-5.7358,-6.2113
-8.3429,-12.602,-4.9129,9.1479,-0.47029,-8.0522,-8.9291,-28.158,-13.229,-7.2712,-6.6194,-6.7598
-8.6682,-13.823,-5.0909,10.488,-0.72326,-8.6013,-9.3304,-29.736,-13.941,-7.7756,-7.3436,-7.2561
-7.1015,-14.664,-5.2488,11.398,-0.86979,-8.9439,-9.6864,-31.274,-14.624,-8.1768,-7.8846,-7.6898
-5.8604,-15.083,-5.3356,11.93,-0.78322,-9.0442,-10.026,-32.759,-15.278,-8.4568,-8.2271,-8.041
-4.8241,-15.107,-5.3525,12.113,-0.41667,-8.9238,-10.378,-34.187,-15.895,-8.6069,-8.3716,-8.2881
-3.4592,-14.828,-5.3392,11.99,0.17255,-8.6521,-10.768,-35.566,-16.47,-8.6331,-8.337,-8.4191
-1.7951,-14.375,-5.3482,11.639,0.88447,-8.3214,-11.207,-36.904,-16.994,-8.5575,-8.1578,-8.4379
-0.12021,-13.876,-5.4185,11.165,1.6082,-8.0193,-11.691,-38.196,-17.459,-8.413,-7.8758,-8.3622
1.2541,-13.432,-5.5619,10.672,2.2391,-7.8132,-12.196,-39.413,-17.851,-8.2337,-7.5288,-8.2137
2.1094,-13.112,-5.7619,10.239,2.6907,-7.7442,-12.675,-40.509,-18.158,-8.0467,-7.1428,-8.011
2.343,-12.944,-5.9805,9.9195,2.9079,-7.8208,-13.078,-41.445,-18.369,-7.869,-6.7299,-7.769
1.9721,-12.918,-6.1693,9.7354,2.8777,-8.0148,-13.365,-42.208,-18.486,-7.7054,-6.2909,-7.503
1.1583,-12.991,-6.283,9.6755,2.6371,-8.2636,-13.521,-42.812,-18.514,-7.5486,-5.82,-7.2282
0.19022,-13.092,-6.2891,9.6977,2.2658,-8.4817,-13.546,-43.292,-18.466,-7.3794,-5.3081,-6.9542
-0.6193,-13.14,-6.1687,9.7379,1.8631,-8.581,-13.451,-43.687,-18.351,-7.1718,-4.7476,-6.6795
-1.0603,-13.064,-5.9132,9.7302,1.5151,-8.4923,-13.252,-44.029,-18.178,-6.9039,-4.1365,-6.3948
-1.0757,-12.816,-5.5216,9.6294,1.2683,-8.1823,-12.989,-44.349,-17.963,-6.5695,-3.4834,-6.0936
-0.72328,-12.392,-5.0036,9.425,1.1208,-7.6625,-12.718,-44.675,-17.732,-6.1845,-2.8109,-5.7875
-0.13309,-11.837,-4.3861,9.1449,1.0321,-6.9911,-12.503,-45.03,-17.515,-5.7795,-2.1526,-5.5114
0.50574,-11.243,-3.7184,8.851,0.94213,-6.2639,-12.386,-45.429,-17.334,-5.3827,-1.5406,-5.3117
0.9762,-10.724,-3.0667,8.6243,0.79235,-5.5939,-12.383,-45.869,-17.195,-4.9993,-0.98909,-5.221
1.0985,-10.386,-2.4999,8.5385,0.54527,-5.0835,-12.482,-46.333,-17.079,-4.6049,-0.48534,-5.2348
0.78713,-10.288,-2.0736,8.6305,0.19796,-4.7992,-12.675,-46.794,-16.953,-4.1571,0.0036692,-5.3087
0.076476,-10.425,-1.8189,8.8837,-0.21565,-4.758,-12.981,-47.226,-16.783,-3.6187,0.51172,-5.3785
-0.88525,-10.735,-1.7402,9.2298,-0.63403,-4.9289,-13.456,-47.617,-16.544,-2.9806,1.0519,-5.3907
-1.8754,-11.127,-1.8198,9.5769,-0.98445,-5.2474,-14.172,-47.962,-16.244,-2.2787,1.5998,-5.329
-2.6722,-11.525,-2.028,9.8547,-1.2025,-5.6371,-15.177,-48.269,-15.927,-1.6078,2.0806,-5.2279
-3.1394,-11.906,-2.3333,10.057,-1.2494,-6.0323,-16.443,-48.552,-15.689,-1.1237,2.36,-5.1725
-3.2639,-12.301,-2.7126,10.25,-1.1177,-6.3928,-17.842,-48.828,-15.672,-1.0111,2.2646,-5.2914
-3.1223,-12.759,-3.16,10.529,-0.8279,-6.7107,-19.18,-49.098,-16.041,-1.3862,1.6618,-5.7158
-2.8073,-13.297,-3.6874,10.956,-0.41507,-7.0153,-20.244,-49.324,-16.961,-2.1484,0.63678,-6.4911
-2.3766,-13.863,-4.3092,11.504,0.08537,-7.3725,-20.812,-49.373,-18.584,-2.5817,0.71323,-7.4915
-1.8391,-14.332,-5.0342,12.01,0.6478,-7.845,-20.62,-48.957,-20.901,-0.4245,5.5239,-7.8498
-1.2076,-14.62,-5.8849,12.288,1.2573,-8.4031,-19.38,-47.515,-23.24,2.1675,8.2933,-5.1867
-0.63789,-14.9,-6.9091,12.465,1.8946,-8.9438,-17.568,-44.019,-24.33,4.3297,10.704,-2.088
-0.35037,-15.433,-8.1428,12.828,2.5185,-9.4597,-23.761,-42.033,-22.513,7.6776,13.001,0.18578
-0.20881,-16.213,-9.5443,13.028,3.0848,-10.237,-29.868,-62.522,-19.362,10.062,13.705,1.205
2.7211,-17.211,-11.015,11.226,3.6435,-12.331,-32.008,-63.772,-22.649,7.932,10.341,0.58231
4.4697,-23.58,-12.643,10.7,4.8869,-20.45,-33.141,-65.204,-31.782,-1.8462,-0.18502,-4.9211
2.0328,-34.967,-15.101,17.445,9.0305,-31.04,-31.421,-66.32,-47.524,-23.76,-21.558,-15.597
-3.8502,-50.344,-19.819,28.261,8.9539,-41.54,-25.108,-64.671,-67.889,-55.244,-50.589,-34.172
-14.314,-66.66,-27.377,42.231,7.2682,-51.287,-12.967,-56.103,-87.299,-83.02,-76.278,-60.917
-26.44,-77.844,-34.098,54.199,4.9774,-57.239,6.506,-34.736,-96.675,-100.28,-94.679,-82.059
-32.252,-78.644,-34.944,57.512,2.9957,-56.577,36.637,6.7568,-86.331,-99.155,-99.059,-89.867
-27.407,-66.079,-28.84,48.381,2.454,-47.529,82.644,76.806,-46.236,-68.83,-80.474,-82.014
-10.729,-38.102,-18.28,25.295,4.3081,-29.274,144.5,183.88,34.307,-0.50935,-31.453,-55.974
18.572,6.7139,-5.5778,-12.511,10.012,-1.4149,218.85,327.15,163.49,110.07,50.848,-10.372
62.648,68.764,9.1565,-66.096,22.877,36.159,301.43,502.16,341.6,264.19,167.16,56.329
123.18,147.21,24.397,-135.77,47.791,82.58,381.2,701.49,565.25,459.91,317.24,144.69
201.94,240.45,37.939,-221.18,82.412,134.95,444.71,905.42,825.43,691.51,498.86,253.14
298.12,346.43,49.538,-321.21,124.63,192.21,480.49,1089.3,1107.2,949.78,706.62,379.46
407.21,463.45,61.142,-433.03,173.55,256,481.99,1232.8,1393,1222.4,931.91,521.07
521.43,589.88,76.606,-552.06,222.61,327.91,449.65,1324.1,1665.2,1494.3,1163.2,673.83
630.83,721.7,100.79,-671.51,264.18,407.42,389.16,1359.7,1906.8,1747.1,1385.5,830.74
724.37,850.19,136.14,-781.74,292.08,490.91,307.61,1341.4,2100.3,1958.4,1579.8,980.97
790.99,961.31,180.08,-870.34,302.74,570.06,210.31,1269.6,2225.6,2100.2,1721.9,1109.3
820.51,1037.5,225.39,-923.44,294.5,632.38,99.927,1141.4,2260,2142.9,1785.5,1197
805.04,1062.2,263.44,-928.64,267.45,665.05,-21.808,952.56,2183.4,2062.2,1748.4,1226.2
741.39,1025.5,288.08,-879.33,223.03,659.88,-151.72,703.67,1986.3,1850.5,1601.2,1186.2
633.93,929.34,297.53,-778.44,164.51,616.72,-284.12,405.65,1678,1524.3,1355.4,1078.8
496.05,787.73,293.04,-639.39,98.203,543.34,-411.93,80.328,1287.1,1124.2,1043.4,919.64
348.19,622.8,276.48,-483.03,33.665,451.98,-528.49,-244.07,855.63,703.57,710.5,734.01
212.44,457.77,248.91,-331.9,-18.444,355,-628.61,-539.99,427.91,313.35,400.92,548.58
105.9,311.13,211.31,-204.13,-50.516,262.43,-707.86,-785.72,41.827,-10.389,146.62,384.47
36.065,194.07,166.5,-109.4,-61.231,181.54,-761.58,-966.73,-275.52,-250.24,-37.687,253.31
0.23911,110.51,120.26,-48.253,-55.605,117.29,-785.5,-1075.1,-508.08,-404.64,-152.74,157.52
-11.012,58.698,80.076,-14.862,-42.183,72.215,-778.05,-1110.2,-650.1,-482.53,-209.57,93.113
-9.8642,32.765,52.504,-1.6125,-29.488,46.32,-742.1,-1078.9,-705.94,-498.67,-223.91,53.111
-5.5489,25.271,40.92,-0.38909,-23.403,37.609,-683.56,-996.23,-689.95,-470.53,-211.91,30.435
-4.556,30.563,45.206,-4.9915,-26.31,42.645,-609.3,-881.95,-625.45,-415.94,-186.72,19.486
-8.8841,44.49,62.349,-11.442,-37.593,57.183,-527.26,-756.57,-536.08,-351.09,-157.14,16.26
-16.923,62.87,87.181,-17.154,-54.401,76.795,-445.19,-636,-443.74,-288.48,-128.91,17.797
-26.86,80.961,113.14,-20.273,-72.489,96.916,-368.51,-528.61,-362.37,-234.94,-104.79,20.973
-36.757,92.596,133.55,-19.537,-86.851,112.78,-299.89,-437.26,-295.32,-192.02,-85.043,23.106
-30.539,92.12,144.07,-11.541,-93.717,119.57,-240,-361.99,-241.51,-158.31,-68.908,22.884
-25.702,72.45,142.09,-2.8657,-92.692,114.21,-188.61,-299.49,-197.9,-130.51,-54.016,19.923
-25.718,59.086,126.7,0.45184,-83.889,99.209,-145.51,-245.33,-162.48,-107.04,-41.844,18.01
-23.73,47.428,102.76,2.2213,-68.603,79.557,-110.8,-197.04,-132.66,-86.974,-31.051,13.932
-19.86,34.51,75.777,3.5807,-50.759,57.861,-83.806,-154.85,-105.06,-68.735,-21.441,10.404
-15.731,22.183,49.269,4.8573,-33.604,36.648,-63.573,-120.44,-80.128,-51.989,-13.753,7.8637
-12.479,12.252,28.226,6.0722,-20.341,20.466,-50.033,-95.216,-60.266,-38.239,-8.4277,5.8203
-10.413,5.3758,16.49,7.1285,-13.42,10.935,-41.908,-79.061,-47.254,-29.123,-5.7443,3.9102
-9.2387,1.4285,11.929,7.9456,-10.893,6.7083,-37.143,-70.1,-40.946,-24.829,-5.4538,1.9568
-8.4689,-0.33752,10.964,8.528,-10.164,5.5473,-33.862,-65.221,-39.366,-23.991,-7.3142,-0.075777
-7.6333,-1.1203,10.99,8.951,-10.053,5.4661,-30.676,-61.344,-39.614,-24.799,-9.027,-2.1215
-6.3656,-2.4219,10.984,9.2963,-10.171,5.7967,-26.98,-56.22,-39.182,-24.816,-9.2212,-4.0537
-4.8469,-4.6996,10.818,9.603,-9.95,6.2575,-25.416,-49.447,-35.168,-21.372,-8.9828,-5.7378
-3.4636,-6.5933,9.5973,9.8593,-8.3176,3.1503,-24.19,-44.614,-28.661,-15.159,-8.5493,-7.0768
-2.2982,-7.7358,5.7245,10.028,-4.0763,-0.17538,-21.509,-40.254,-23.716,-11.764,-7.9701,-8.0349
-1.3918,-8.3447,3.311,10.081,-1.8548,-1.5005,-18.917,-36.003,-20.63,-10.181,-7.3378,-8.6387
-0.84118,-8.6024,2.3937,10.025,-1.0438,-2.0335,-16.739,-32.313,-18.637,-8.9778,-6.7508,-8.9642
-0.73763,-8.6607,2.0223,9.9102,-0.75585,-2.2767,-14.899,-29.251,-17.25,-7.9736,-6.2725,-9.1149
-1.1452,-8.6644,1.9474,9.8218,-0.98575,-2.4021,-13.224,-26.584,-16.207,-7.1546,-5.9201,-9.1932
-2.0839,-8.7326,2.1004,9.8561,-1.7115,-2.4828,-11.572,-24.032,-15.338,-6.4866,-5.6736,-9.2713
-3.4788,-8.922,2.4295,10.068,-2.794,-2.5443,-9.8893,-21.438,-14.524,-5.9136,-5.4934,-9.3757
-5.0974,-9.2083,2.8568,10.433,-4.0213,-2.5771,-8.2144,-18.81,-13.7,-5.377,-5.3306,-9.4941
-6.561,-9.5053,3.2794,10.848,-5.1308,-2.5596,-6.6315,-16.278,-12.844,-4.8293,-5.129,-9.5939
-7.4464,-9.7161,3.5806,11.179,-5.8488,-2.4887,-5.2121,-13.986,-11.961,-4.2398,-4.8435,-9.6416
-7.4332,-9.7821,3.6462,11.312,-5.9639,-2.3949,-3.9847,-12.019,-11.064,-3.6149,-4.4698,-9.6201
-6.4419,-9.7098,3.3914,11.207,-5.3915,-2.3363,-2.9335,-10.375,-10.183,-3.0154,-4.0564,-9.5413
-4.6846,-9.5704,2.7894,10.915,-4.209,-2.3789,-2.0099,-8.9907,-9.3441,-2.5331,-3.6869,-9.4467
-2.5967,-9.4758,1.8907,10.562,-2.6516,-2.5738,-1.148,-7.7713,-8.5612,-2.2397,-3.4415,-9.396
-0.70174,-9.5362,0.82313,10.308,-1.0544,-2.9358,-0.2848,-6.6189,-7.8163,-2.1515,-3.3632,-9.4471
0.54632,-9.8149,-0.23336,10.282,0.24981,-3.4313,0.62234,-5.4552,-7.0652,-2.2273,-3.4431,-9.6357
0.90154,-10.298,-1.0947,10.534,1.031,-3.9799,1.5899,-4.2342,-6.2468,-2.387,-3.6262,-9.9584
0.37579,-10.897,-1.6282,11.019,1.2148,-4.4764,2.612,-2.9449,-5.2984,-2.5364,-3.8299,-10.369
-0.78631,-11.482,-1.7941,11.616,0.87376,-4.8274,3.6663,-1.6027,-4.1758,-2.5935,-3.9683,-10.791
-2.1587,-11.938,-1.6512,12.179,0.19114,-4.9871,4.7168,-0.23885,-2.8756,-2.511,-3.9772,-11.142
-3.2871,-12.204,-1.323,12.589,-0.58493,-4.9718,5.7149,1.1092,-1.451,-2.2901,-3.8322,-11.357
-3.9065,-12.303,-0.94598,12.808,-1.2385,-4.8507,6.6026,2.4038,-0.007221,-1.9787,-3.5533,-11.414
-4.0047,-12.323,-0.63576,12.892,-1.658,-4.7194,7.3218,3.6141,1.3311,-1.6491,-3.1932,-11.338
-3.7796,-12.382,-0.47077,12.962,-1.827,-4.6677,7.8317,4.7256,2.4691,-1.3641,-2.8169,-11.193
-3.531,-12.573,-0.4731,13.133,-1.82,-4.7485,8.1276,5.7472,3.3803,-1.1481,-2.4818,-11.062
-3.511,-12.923,-0.59789,13.466,-1.7712,-4.9599,8.2459,6.7122,4.1149,-0.98065,-2.2273,-11.021
-3.8349,-13.385,-0.7619,13.936,-1.7966,-5.253,8.244,7.6675,4.7759,-0.81247,-2.0706,-11.117
-4.4669,-13.874,-0.89382,14.468,-1.934,-5.5601,8.169,8.6536,5.4766,-0.59309,-2.0062,-11.356
-5.2604,-14.309,-0.9671,14.971,-2.1445,-5.825,8.0375,9.6876,6.2966,-0.29577,-2.0088,-11.709
-6.0093,-14.64,-1.0088,15.371,-2.3373,-6.0234,7.837,10.755,7.2517,0.070884,-2.048,-12.125
-6.4914,-14.862,-1.0927,15.624,-2.3915,-6.1707,7.5443,11.816,8.2886,0.46398,-2.1115,-12.56
-6.5272,-15.003,-1.315,15.721,-2.1909,-6.3136,7.1449,12.823,9.3061,0.81749,-2.2212,-12.995
-6.051,-15.115,-1.7534,15.684,-1.6691,-6.5076,6.6467,13.744,10.193,1.0634,-2.4264,-13.447
-5.1475,-15.243,-2.4266,15.559,-0.84583,-6.7905,6.08,14.577,10.861,1.157,-2.7797,-13.96
-4.0247,-15.411,-3.2782,15.399,0.16739,-7.1633,5.4881,15.353,11.267,1.0933,-3.3123,-14.593
-2.9397,-15.617,-4.1938,15.248,1.1959,-7.5899,4.9153,16.118,11.421,0.90514,-4.0177,-15.392
-2.1216,-15.839,-5.034,15.141,2.054,-8.0085,4.3983,16.921,11.38,0.64626,-4.8494,-16.359
-1.7103,-16.044,-5.6704,15.098,2.5988,-8.3474,3.9643,17.79,11.239,0.36891,-5.7306,-17.436
-1.7205,-16.192,-6.0151,15.118,2.7673,-8.5392,3.6286,18.734,11.098,0.10664,-6.5736,-18.515
-2.0383,-16.24,-6.0394,15.168,2.5856,-8.5376,3.3922,19.743,11.03,-0.13153,-7.3017,-19.474
-2.4581,-16.15,-5.7763,15.19,2.1521,-8.3312,3.2459,20.793,11.063,-0.35373,-7.8673,-20.217
-2.7628,-15.909,-5.3045,15.126,1.6026,-7.9492,3.1836,21.866,11.184,-0.57079,-8.2583,-20.709
-2.8156,-15.535,-4.7235,14.95,1.0688,-7.4528,3.2164,22.956,11.356,-0.78528,-8.4944,-20.969
-2.6076,-15.071,-4.1281,14.677,0.64017,-6.9178,3.377,24.076,11.542,-0.98968,-8.6152,-21.052
-2.248,-14.576,-3.5903,14.353,0.34182,-6.4172,3.7111,25.252,11.716,-1.1704,-8.6633,-21.03
-1.9154,-14.112,-3.1494,14.037,0.14031,-6.0082,4.2626,26.507,11.872,-1.3098,-8.6668,-20.964
-1.788,-13.734,-2.8171,13.788,-0.023167,-5.7249,5.0609,27.858,12.028,-1.3853,-8.6289,-20.883
-1.9716,-13.478,-2.5898,13.648,-0.19315,-5.5737,6.1172,29.304,12.225,-1.3692,-8.5274,-20.778
-2.4532,-13.338,-2.4509,13.62,-0.37839,-5.5282,7.4262,30.835,12.51,-1.2362,-8.3267,-20.61
-3.0969,-13.254,-2.37,13.649,-0.55373,-5.5313,8.9615,32.428,12.907,-0.97579,-7.9938,-20.326
-3.6823,-13.125,-2.3074,13.637,-0.67478,-5.5066,10.664,34.055,13.403,-0.6035,-7.5168,-19.889
-3.9742,-12.844,-2.2237,13.473,-0.6959,-5.3799,12.44,35.691,13.944,-0.16302,-6.9165,-19.287
-3.8046,-12.342,-2.087,13.088,-0.58842,-5.1,14.184,37.322,14.466,0.28414,-6.2479,-18.556
-3.1393,-11.615,-1.8763,12.484,-0.35484,-4.6528,15.821,38.952,14.917,0.67801,-5.5853,-17.767
-2.0919,-10.722,-1.5831,11.735,-0.03175,-4.0625,17.334,40.593,15.278,0.97962,-4.9994,-17.009
-0.86953,-9.7581,-1.2126,10.949,0.32109,-3.3808,18.746,42.247,15.561,1.1834,-4.5372,-16.35
0.30771,-8.8207,-0.78216,10.233,0.64074,-2.6679,20.091,43.899,15.808,1.3188,-4.2077,-15.817
1.2684,-7.9748,-0.31507,9.6526,0.88112,-1.9719,21.394,45.522,16.082,1.438,-3.9775,-15.389
1.9205,-7.2381,0.16734,9.2205,1.025,-1.3143,22.668,47.094,16.45,1.5914,-3.7807,-15.004
2.2611,-6.5866,0.65344,8.9035,1.0825,-0.68764,23.927,48.623,16.963,1.8014,-3.5472,-14.588
2.3587,-5.9778,1.1451,8.6474,1.0761,-0.064725,25.189,50.15,17.639,2.0511,-3.239,-14.08
2.3008,-5.381,1.655,8.4089,1.0196,0.58599,26.474,51.734,18.456,2.2962,-2.8742,-13.467
2.1378,-4.7962,2.1998,8.1803,0.90529,1.2812,27.793,53.434,19.363,2.4897,-2.5217,-12.792
1.864,-4.252,2.7991,7.9953,0.70319,2.0107,29.147,55.284,20.298,2.6033,-2.2682,-12.141
1.4398,-3.7839,3.4817,7.9046,0.37144,2.7451,30.538,57.294,21.208,2.6364,-2.1746,-11.604
0.83459,-3.41,4.2847,7.9382,-0.12672,3.4597,31.978,59.456,22.074,2.6182,-2.2476,-11.227
0.06877,-3.1135,5.2402,8.0791,-0.80414,4.1559,33.491,61.758,22.913,2.6039,-2.436,-10.991
-0.77142,-2.8386,6.362,8.2631,-1.6355,4.8712,35.106,64.187,23.773,2.6623,-2.6455,-10.822
-1.5549,-2.5041,7.6486,8.4022,-2.555,5.6732,36.831,66.725,24.712,2.8531,-2.766,-10.622
-2.1525,-2.0361,9.0951,8.4202,-3.4697,6.6377,38.638,69.35,25.772,3.2001,-2.7094,-10.305
-2.4858,-1.4011,10.704,8.2857,-4.2846,7.8264,40.471,72.031,26.955,3.6776,-2.445,-9.8367
-2.553,-0.61315,12.481,8.0213,-4.9311,9.2761,42.271,74.74,28.226,4.2212,-2.014,-9.2458
-2.4202,0.28493,14.411,7.6862,-5.3899,10.992,44.022,77.458,29.532,4.7564,-1.5111,-8.6066
-2.1889,1.2448,16.391,7.3471,-5.7037,12.926,45.76,80.19,30.825,5.2247,-1.0423,-8.0007
-1.9597,2.2253,18.234,7.0538,-5.9735,14.951,47.554,82.953,32.087,5.5979,-0.68262,-7.4796
-1.8041,3.2012,19.798,6.8261,-6.3323,16.906,49.458,85.762,33.332,5.8829,-0.4557,-7.0463
-1.7488,4.1825,21.132,6.6467,-6.8957,18.708,51.478,88.614,34.597,6.1217,-0.33504,-6.6596
-1.7744,5.2376,22.429,6.4595,-7.7066,20.43,53.575,91.473,35.92,6.3826,-0.2566,-6.2525
-1.8336,6.4946,23.892,6.1832,-8.7198,22.253,55.691,94.277,37.31,6.7366,-0.13516,-5.7575
-1.8809,8.1087,25.643,5.742,-9.8517,24.346,57.769,96.953,38.739,7.2247,0.10803,-5.1272
-1.905,10.22,27.703,5.1034,-11.034,26.762,59.773,99.442,40.15,7.8293,0.50479,-4.3481
-1.9467,12.932,30.009,4.2939,-12.217,29.405,61.694,101.71,41.474,8.4724,1.0119,-3.4437
-2.085,16.271,32.443,3.3763,-13.372,32.088,63.555,103.77,42.659,9.0462,1.5243,-2.4653
-2.3821,20.093,34.872,2.4081,-14.511,34.627,65.407,105.64,43.681,9.4557,1.9276,-1.4678
-2.8222,24.045,37.188,1.4189,-15.678,36.896,67.311,107.35,44.55,9.6484,2.152,-0.48598
-3.2938,27.755,39.354,0.41141,-16.922,38.867,69.318,108.95,45.306,9.6194,2.1929,0.46791
-3.6225,31.063,41.417,-0.64099,-18.243,40.648,71.446,110.46,46.004,9.4029,2.0967,1.3857
-3.6257,34.062,43.457,-1.811,-19.545,42.493,73.681,111.88,46.683,9.0636,1.9353,2.2517
-3.1735,36.966,45.536,-3.2236,-20.672,44.724,75.978,113.19,47.353,8.6807,1.7875,3.0547
-2.249,39.94,47.757,-5.0377,-21.53,47.575,78.288,114.36,47.988,8.3182,1.7182,3.8032
-0.96987,43.013,50.319,-7.4087,-22.18,51.028,80.585,115.4,48.542,7.9949,1.7529,4.5243
0.44668,46.146,53.331,-10.424,-22.771,54.831,82.886,116.29,48.978,7.6808,1.8674,5.2518
1.7385,49.33,56.629,-13.973,-23.45,58.689,85.242,117.06,49.277,7.3205,2.0049,6.0172
2.6528,52.557,59.909,-17.633,-24.329,62.353,87.703,117.76,49.439,6.859,2.1015,6.8433
3.0111,55.724,62.988,-20.862,-25.499,65.652,90.271,118.41,49.469,6.2556,2.1034,7.7377
2.77,58.713,65.89,-23.398,-27.017,68.571,92.885,119.01,49.366,5.4897,1.9756,8.6843
2.0555,61.562,68.753,-25.347,-28.892,71.247,95.444,119.53,49.114,4.5681,1.7095,9.6477
1.1486,64.48,71.709,-26.992,-31.072,73.894,97.85,119.94,48.693,3.5313,1.3302,10.602
0.40029,67.703,74.808,-28.565,-33.427,76.707,100.04,120.2,48.079,2.4483,0.89925,11.572
0.08027,71.339,78.018,-30.133,-35.736,79.802,102.02,120.29,47.249,1.3903,0.50205,12.646
0.26169,75.264,81.269,-31.614,-37.738,83.184,103.82,120.19,46.189,0.3952,0.21068,13.941
0.84122,79.154,84.505,-32.905,-39.3,86.722,105.5,119.91,44.891,-0.55329,0.041181,15.524
1.6226,82.66,87.674,-33.939,-40.508,90.184,107.09,119.45,43.353,-1.5153,-0.061189,17.365
2.363,85.577,90.678,-34.682,-41.568,93.342,108.62,118.82,41.573,-2.5624,-0.19661,19.324
2.8047,87.89,93.364,-35.119,-42.647,96.081,110.1,118.06,39.559,-3.742,-0.46478,21.215
2.746,89.711,95.7,-35.275,-43.909,98.425,111.54,117.19,37.324,-5.0558,-0.92698,22.896
2.1058,91.201,97.978,-35.207,-45.637,100.53,112.92,116.23,34.895,-6.4668,-1.5913,24.32
0.91313,92.506,100.67,-34.99,-47.975,102.62,114.17,115.15,32.296,-7.9353,-2.416,25.545
-0.72186,93.733,103.95,-34.695,-50.737,104.87,115.23,113.9,29.542,-9.4721,-3.3216,26.68
-2.6116,94.919,107.63,-34.375,-53.739,107.28,116.02,112.4,26.638,-11.196,-4.2096,27.831
-4.5427,96.033,111.4,-34.075,-56.934,109.67,116.48,110.55,23.58,-13.357,-4.9989,29.049
-6.3458,97.008,115.05,-33.84,-60.241,111.87,116.6,108.22,20.342,-16.206,-5.6631,30.304
-7.8981,97.797,118.42,-33.718,-63.478,113.76,116.38,105.3,16.859,-19.739,-6.2432,31.501
-9.0627,98.397,121.39,-33.742,-66.383,115.33,115.86,101.72,13.03,-23.716,-6.8248,32.534
-9.6523,98.858,123.86,-33.91,-68.629,116.62,115.07,97.427,8.7967,-27.939,-7.5035,33.333
-9.5431,99.252,125.71,-34.186,-69.897,117.7,114.04,92.488,4.2728,-32.32,-8.346,33.874
-8.8343,99.631,126.86,-34.519,-70.039,118.59,112.82,87.039,-0.21743,-36.763,-9.3618,34.184
-7.7739,100.01,127.34,-34.859,-69.235,119.29,111.44,81.246,-4.3259,-41.083,-10.496,34.325
-6.6266,100.35,127.29,-35.167,-67.956,119.79,109.93,75.235,-7.9149,-45.077,-11.647,34.381
-5.6132,100.63,126.87,-35.405,-66.6,120.1,108.31,69.051,-11.071,-48.63,-12.693,34.434
-4.8663,100.82,126.18,-35.552,-65.266,120.24,106.59,62.686,-13.964,-51.762,-13.535,34.541
-4.4121,100.93,125.34,-35.612,-64.007,120.25,104.69,56.123,-16.743,-54.592,-14.129,34.72
-4.1872,100.97,124.52,-35.618,-63.039,120.21,102.54,49.381,-19.512,-57.282,-14.506,34.956
-4.0651,100.93,123.91,-35.615,-62.492,120.12,100,42.535,-22.343,-59.977,-14.743,35.207
-3.9064,100.81,123.56,-35.634,-62.235,119.96,96.992,35.707,-25.28,-62.732,-14.914,35.431
-3.6357,100.6,123.4,-35.684,-62.097,119.66,93.508,29.048,-28.315,-65.481,-15.046,35.601
-3.2849,100.28,123.31,-35.757,-62.039,119.15,89.619,22.719,-31.372,-68.068,-15.116,35.719
-2.9676,99.883,123.1,-35.827,-62.128,118.43,85.397,16.895,-34.322,-70.332,-15.057,35.819
-2.8316,99.424,122.6,-35.861,-62.376,117.49,80.891,11.738,-37.019,-72.156,-14.8,35.952
-3.0142,98.894,121.66,-35.811,-62.691,116.31,76.22,7.3509,-39.346,-73.48,-14.312,36.165
-3.5749,98.25,120.21,-35.629,-62.919,114.86,71.56,3.7084,-41.233,-74.29,-13.618,36.473
-4.42,97.437,118.28,-35.293,-62.834,113.1,66.947,0.66875,-42.658,-74.601,-12.781,36.853
-5.2763,96.411,115.72,-34.829,-62.094,111.01,62.201,-1.963,-43.634,-74.444,-11.875,37.241
-5.7573,95.146,112.37,-34.317,-60.372,108.55,57.133,-4.3677,-44.186,-73.842,-10.958,37.569
-5.4936,93.627,108.16,-33.863,-57.505,105.69,51.716,-6.6766,-44.325,-72.78,-10.059,37.778
-4.2607,91.841,103.16,-33.565,-53.554,102.41,46.066,-8.9622,-44.04,-71.2,-9.1697,37.842
-2.0141,89.777,97.616,-33.487,-48.728,98.695,40.312,-11.245,-43.308,-69.008,-8.2493,37.766
1.147,87.44,91.885,-33.64,-43.215,94.644,34.501,-13.51,-42.121,-66.112,-7.2387,37.575
4.9706,84.847,86.347,-33.973,-37.134,90.453,28.598,-15.734,-40.506,-62.444,-6.0792,37.306
9.0582,82.021,81.203,-34.383,-30.915,86.346,22.541,-17.901,-38.523,-57.97,-4.7354,36.988
12.965,78.959,76.408,-34.741,-25.413,82.425,16.373,-20.007,-36.264,-52.757,-3.2127,36.635
16.296,75.591,71.758,-34.925,-21.181,78.628,10.43,-22.058,-33.848,-47.05,-1.5589,36.247
18.77,71.809,66.992,-34.851,-18.105,74.777,5.3047,-24.047,-31.396,-41.263,0.14877,35.812
20.331,67.628,61.858,-34.494,-15.694,70.683,1.3367,-25.957,-29.013,-35.792,1.8195,35.308
21.199,63.317,56.235,-33.882,-13.44,66.25,-1.6802,-27.756,-26.758,-30.825,3.3686,34.712
21.753,59.224,50.257,-33.056,-10.921,61.531,-4.1526,-29.423,-24.653,-26.33,4.7468,33.997
22.295,55.492,44.212,-32.047,-7.8073,56.68,-6.3636,-30.952,-22.703,-22.148,5.9651,33.119
22.849,52.038,38.385,-30.869,-4.4563,51.843,-8.4438,-32.361,-20.917,-18.158,7.0835,32.019
23.243,48.699,33.057,-29.519,-2.4166,47.11,-10.444,-33.686,-19.316,-14.459,8.1629,30.631
23.379,45.323,28.455,-27.97,-1.4772,42.538,-12.385,-34.968,-17.914,-11.342,9.2144,28.941
23.333,41.8,24.539,-26.146,-0.71014,38.196,-14.271,-36.241,-16.715,-8.9369,10.187,27.003
23.228,38.065,21.014,-23.931,0.16138,34.157,-16.083,-37.521,-15.716,-7.0949,10.999,24.898
23.105,34.077,17.609,-21.222,1.1401,30.451,-17.774,-38.793,-14.915,-5.6248,11.577,22.679
22.91,29.812,14.225,-18.011,2.1639,27.02,-19.282,-40.018,-14.312,-4.4324,11.887,20.365
22.571,25.277,10.901,-14.463,3.1566,23.721,-20.551,-41.146,-13.899,-3.4931,11.932,17.974
22.038,20.602,7.768,-10.917,4.0428,20.404,-21.557,-42.142,-13.657,-2.7943,11.748,15.552
21.296,16.083,5.0099,-7.7139,4.7544,17.025,-22.31,-43.002,-13.564,-2.3072,11.385,13.167
20.339,12.025,2.7656,-5.0119,5.2435,13.682,-22.853,-43.757,-13.597,-1.987,10.903,10.89
19.172,8.5285,1.0351,-2.7803,5.4978,10.5,-23.246,-44.45,-13.74,-1.7877,10.346,8.7682
17.836,5.4983,-0.29359,-0.9029,5.5586,7.5311,-23.541,-45.124,-13.983,-1.6838,9.7424,6.8125
16.409,2.7965,-1.3576,0.73044,5.5197,4.7844,-23.772,-45.797,-14.326,-1.6844,9.0868,5.0024
14.96,0.35515,-2.2561,2.1835,5.4912,2.3188,-23.948,-46.465,-14.767,-1.8259,8.3536,3.3126
13.512,-1.8145,-3.0335,3.476,5.5415,0.24736,-24.056,-47.098,-15.297,-2.1445,7.5158,1.7439
12.054,-3.6791,-3.6966,4.6126,5.665,-1.358,-24.071,-47.652,-15.897,-2.6497,6.57,0.33023
10.573,-5.2378,-4.2329,5.612,5.7943,-2.532,-23.965,-48.087,-16.541,-3.3168,5.5467,-0.89093
9.0655,-6.5328,-4.6192,6.5127,5.8322,-3.371,-23.726,-48.375,-17.207,-4.0974,4.5001,-1.9158
7.5505,-7.623,-4.8315,7.3584,5.691,-3.9634,-23.364,-48.516,-17.879,-4.9337,3.4874,-2.779
6.0684,-8.5563,-4.8609,8.1755,5.3341,-4.3669,-22.912,-48.53,-18.546,-5.7685,2.553,-3.5327
4.6614,-9.3566,-4.7284,8.96,4.7948,-4.621,-22.415,-48.455,-19.196,-6.55,1.719,-4.2275
3.3743,-10.031,-4.4882,9.6841,4.159,-4.7647,-21.916,-48.327,-19.814,-7.2382,0.98102,-4.9077
2.2648,-10.587,-4.219,10.317,3.5345,-4.8447,-21.435,-48.164,-20.375,-7.8096,0.31267,-5.6093
1.3918,-11.042,-4.0089,10.846,3.0257,-4.9146,-20.96,-47.959,-20.853,-8.2589,-0.31863,-6.3552
0.78815,-11.434,-3.939,11.28,2.7113,-5.0292,-20.453,-47.677,-21.222,-8.597,-0.93619,-7.1481
0.43851,-11.815,-4.0646,11.653,2.6243,-5.2355,-19.867,-47.272,-21.467,-8.8464,-1.55,-7.9684
0.27211,-12.236,-4.3971,12.006,2.7433,-5.5613,-19.167,-46.703,-21.585,-9.0347,-2.1633,-8.7838
0.17794,-12.734,-4.8973,12.382,2.9988,-6.0045,-18.356,-45.952,-21.588,-9.1848,-2.7778,-9.5665
0.038562,-13.313,-5.4858,12.805,3.2934,-6.5282,-17.476,-45.022,-21.491,-9.3079,-3.3905,-10.309
-0.23051,-13.939,-6.0645,13.274,3.5286,-7.0674,-16.593,-43.934,-21.304,-9.3999,-3.9878,-11.025
-0.65312,-14.548,-6.5406,13.758,3.6329,-7.5465,-15.766,-42.709,-21.028,-9.4412,-4.5434,-11.725
-1.187,-15.068,-6.8478,14.208,3.5768,-7.9034,-15.023,-41.359,-20.655,-9.4034,-5.0243,-12.398
-1.7435,-15.445,-6.9639,14.578,3.3751,-8.108,-14.35,-39.878,-20.173,-9.2602,-5.4018,-12.992
-2.2207,-15.667,-6.9187,14.84,3.0831,-8.1714,-13.703,-38.247,-19.576,-9,-5.6626,-13.438
-2.5419,-15.758,-6.7844,14.996,2.7821,-8.1394,-13.021,-36.44,-18.866,-8.633,-5.8157,-13.677
-2.6873,-15.769,-6.6495,15.071,2.5489,-8.0757,-12.26,-34.441,-18.062,-8.1921,-5.8912,-13.689
-2.703,-15.755,-6.5837,15.106,2.4219,-8.0363,-11.412,-32.265,-17.192,-7.7234,-5.9321,-13.508
-2.6788,-15.754,-6.6067,15.135,2.3886,-8.0482,-10.504,-29.957,-16.284,-7.2693,-5.9787,-13.213
-2.7105,-15.77,-6.6758,15.173,2.3967,-8.0983,-9.577,-27.569,-15.349,-6.8504,-6.0517,-12.892
-2.8645,-15.767,-6.6965,15.206,2.3751,-8.1346,-8.6626,-25.14,-14.38,-6.4557,-6.1427,-12.619
-3.1597,-15.676,-6.5544,15.193,2.2499,-8.0778,-7.7701,-22.695,-13.355,-6.0462,-6.218,-12.423
-3.5673,-15.413,-6.1568,15.084,1.9593,-7.8432,-6.8926,-20.252,-12.247,-5.5696,-6.2318,-12.297
-4.0241,-14.913,-5.4623,14.832,1.4702,-7.3708,-6.0201,-17.84,-11.03,-4.9775,-6.1462,-12.206
-4.451,-14.158,-4.4866,14.419,0.7911,-6.6527,-5.1549,-15.508,-9.6958,-4.2452,-5.9481,-12.114
-4.774,-13.192,-3.2955,13.861,-0.027435,-5.741,-4.3177,-13.317,-8.2507,-3.3845,-5.6608,-12.005
-4.9397,-12.102,-1.9966,13.207,-0.90362,-4.7317,-3.5426,-11.321,-6.7218,-2.4422,-5.3401,-11.894
-4.9197,-10.988,-0.719,12.514,-1.739,-3.7315,-2.8607,-9.5467,-5.1423,-1.4818,-5.0522,-11.818
-4.7079,-9.9314,0.40924,11.831,-2.4318,-2.8293,-2.2818,-7.9892,-3.53,-0.55383,-4.8494,-11.823
-4.3143,-8.9818,1.2813,11.182,-2.8887,-2.084,-1.7888,-6.6045,-1.8699,0.32844,-4.7472,-11.938
-3.7629,-8.1585,1.83,10.58,-3.0386,-1.525,-1.3452,-5.3328,-0.1163,1.1932,-4.7178,-12.158
-3.0939,-7.4669,2.0338,10.029,-2.8489,-1.1608,-0.91186,-4.1193,1.7799,2.0947,-4.7018,-12.445
-2.3649,-6.9138,1.9099,9.5382,-2.3387,-0.98736,-0.46771,-2.9309,3.8345,3.0882,-4.6307,-12.737
-1.6478,-6.5104,1.5052,9.1197,-1.5832,-0.99162,-0.017994,-1.7588,6.0059,4.2087,-4.4522,-12.967
-1.0186,-6.2617,0.89496,8.7821,-0.70756,-1.1522,0.41158,-0.61116,8.2012,5.4594,-4.1467,-13.085
-0.54884,-6.1532,0.19209,8.527,0.13121,-1.4329,0.7896,0.49914,10.309,6.8096,-3.7279,-13.061
-0.2998,-6.1514,-0.45384,8.3511,0.7734,-1.7722,1.094,1.568,12.241,8.2038,-3.2276,-12.89
-0.3121,-6.2123,-0.89153,8.2487,1.0938,-2.0845,1.3213,2.597,13.96,9.5824,-2.671,-12.586
-0.58544,-6.2919,-1.0249,8.2074,1.0356,-2.2865,1.4889,3.6025,15.485,10.908,-2.0605,-12.173
-1.0599,-6.3493,-0.84964,8.2009,0.62588,-2.3308,1.628,4.607,16.872,12.183,-1.3741,-11.676
-1.616,-6.351,-0.44836,8.1895,-0.027359,-2.2235,1.7719,5.6276,18.189,13.439,-0.57558,-11.107
-2.103,-6.2835,0.039833,8.135,-0.7548,-2.0212,1.9387,6.6635,19.493,14.715,0.36913,-10.465
-2.3866,-6.1658,0.45531,8.0212,-1.3647,-1.8131,2.1232,7.6892,20.807,16.027,1.4788,-9.7349
-2.3939,-6.0458,0.65628,7.8651,-1.6931,-1.6915,2.3009,8.661,22.121,17.359,2.7477,-8.9001
-2.1319,-5.9783,0.5577,7.7087,-1.6491,-1.7202,2.4417,9.5355,23.403,18.674,4.1455,-7.9412
-1.6732,-5.9996,0.15825,7.5971,-1.2384,-1.9148,2.5291,10.295,24.624,19.934,5.626,-6.8424
-1.1238,-6.1088,-0.46007,7.5568,-0.55749,-2.2376,2.5713,10.948,25.762,21.119,7.1361,-5.5995
-0.59239,-6.2648,-1.1577,7.5857,0.24025,-2.6066,2.5951,11.524,26.808,22.218,8.6228,-4.2328
-0.16585,-6.3991,-1.7739,7.6545,0.98514,-2.9162,2.6302,12.055,27.754,23.223,10.039,-2.7958
0.10673,-6.4427,-2.1629,7.7202,1.5258,-3.0708,2.6915,12.558,28.598,24.125,11.362,-1.3692
0.21204,-6.3549,-2.226,7.7421,1.7552,-3.0186,2.7741,13.028,29.338,24.92,12.595,-0.031882
0.15042,-6.1342,-1.9353,7.6914,1.6246,-2.7642,2.8582,13.438,29.981,25.615,13.762,1.1765
-0.08126,-5.8038,-1.3358,7.5553,1.1419,-2.3508,2.9167,13.753,30.534,26.228,14.886,2.2728
-0.49143,-5.3876,-0.51753,7.3373,0.36097,-1.827,2.9258,13.941,31.003,26.777,15.967,3.314
-1.104,-4.8978,0.42505,7.0596,-0.63492,-1.2266,2.8689,13.982,31.389,27.268,16.98,4.3521
-1.9482,-4.3425,1.4103,6.7601,-1.7464,-0.56977,2.7392,13.87,31.675,27.684,17.875,5.3922
-2.9938,-3.7338,2.3659,6.4748,-2.8542,0.12925,2.5398,13.611,31.829,27.996,18.595,6.3756
-4.091,-3.0883,3.2276,6.2141,-3.8128,0.85505,2.2836,13.227,31.824,28.177,19.101,7.2042
-4.982,-2.4138,3.9421,5.9449,-4.4681,1.5858,1.9892,12.752,31.653,28.225,19.392,7.7893
-5.3737,-1.6888,4.4614,5.5925,-4.697,2.2963,1.6751,12.22,31.334,28.16,19.515,8.0971
-5.0361,-0.86257,4.7435,5.0601,-4.4466,2.9697,1.3524,11.655,30.912,28.012,19.544,8.1661
-3.8904,0.10751,4.7744,4.2741,-3.7595,3.5975,1.0209,11.066,30.427,27.806,19.55,8.0857
-2.06,1.2031,4.5956,3.23,-2.7834,4.1632,0.67343,10.457,29.907,27.554,19.571,7.9576
0.14973,2.3214,4.3116,2.0119,-1.748,4.6306,0.30167,9.8231,29.358,27.256,19.611,7.86
2.3422,3.313,4.0618,0.77308,-0.88931,4.9595,-0.097956,9.1628,28.767,26.904,19.646,7.8222
4.1507,4.0537,3.9558,-0.31681,-0.3615,5.1323,-0.52224,8.4746,28.111,26.486,19.632,7.8196
5.3291,4.5056,4.0095,-1.1383,-0.20013,5.1636,-0.96146,7.7514,27.356,25.984,19.521,7.7797
5.7948,4.7156,4.1348,-1.665,-0.33555,5.0789,-1.4038,6.9906,26.471,25.375,19.274,7.6099
5.6532,4.7629,4.1881,-1.9592,-0.61865,4.8877,-1.8335,6.1995,25.443,24.64,18.876,7.2395
5.1859,4.714,4.0319,-2.1304,-0.85428,4.5767,-2.2306,5.3958,24.285,23.784,18.355,6.6596
4.7542,4.6089,3.5756,-2.2856,-0.84145,4.1262,-2.5752,4.6176,23.046,22.842,17.784,5.9377
4.6284,4.4627,2.7973,-2.4844,-0.43823,3.5318,-2.857,3.8949,21.794,21.871,17.257,5.1913
4.8667,4.2655,1.75,-2.6972,0.36424,2.814,-3.0844,3.242,20.589,20.928,16.84,4.5283
5.3328,3.9758,0.55041,-2.7992,1.4248,2.0148,-3.2803,2.6524,19.461,20.04,16.539,3.989
5.7664,3.5269,-0.64278,-2.6385,2.5105,1.1878,-3.47,2.103,18.395,19.192,16.298,3.5288
5.9272,2.8636,-1.6565,-2.145,3.3729,0.38794,-3.6707,1.5638,17.348,18.333,16.032,3.0519
5.7113,2.0015,-2.3387,-1.3777,3.8103,-0.33578,-3.883,1.0089,16.264,17.409,15.659,2.4644
5.1181,1.0373,-2.6005,-0.47796,3.7188,-0.94129,-4.0949,0.42392,15.1,16.376,15.139,1.7185
4.1928,0.09278,-2.4431,0.41411,3.1094,-1.3979,-4.2907,-0.19488,13.832,15.222,14.483,0.82805
3.0079,-0.75308,-1.9506,1.2184,2.0892,-1.6984,-4.4608,-0.83172,12.47,13.969,13.753,-0.14115
1.679,-1.4855,-1.2538,1.9155,0.83168,-1.8645,-4.6069,-1.4603,11.041,12.672,13.034,-1.0965
0.35925,-2.1276,-0.49748,2.519,-0.45375,-1.9395,-4.744,-2.0522,9.585,11.403,12.397,-1.9516
-0.80127,-2.7058,0.17043,3.0443,-1.5621,-1.9778,-4.898,-2.5857,8.1296,10.217,11.869,-2.6537
-1.6772,-3.2298,0.61241,3.492,-2.3306,-2.034,-5.0993,-3.0565,6.6821,9.1307,11.422,-3.197
-2.1624,-3.6867,0.73549,3.8448,-2.6539,-2.1501,-5.3675,-3.4703,5.2377,8.1152,10.98,-3.6193
-2.1843,-4.0542,0.51458,4.0781,-2.4893,-2.3477,-5.7034,-3.8392,3.7908,7.1163,10.451,-3.9828
-1.7541,-4.3188,-0.021079,4.1793,-1.8685,-2.6323,-6.0821,-4.1688,2.3519,6.0839,9.7718,-4.35
-0.98134,-4.4923,-0.81234,4.1631,-0.89594,-3.001,-6.4558,-4.4495,0.95977,5.0023,8.9409,-4.7548
-0.037908,-4.6117,-1.7771,4.0689,0.27311,-3.4448,-6.7632,-4.6582,-0.32151,3.9014,8.0262,-5.188
0.8878,-4.7234,-2.8082,3.9457,1.4547,-3.9443,-6.9558,-4.7751,-1.4262,2.8431,7.1316,-5.6057
1.6313,-4.8632,-3.7796,3.8353,2.4711,-4.4609,-7.0222,-4.8011,-2.3198,1.8886,6.3471,-5.9542
2.0873,-5.0421,-4.5618,3.7623,3.1913,-4.9313,-6.9965,-4.7803,-3.02,1.0675,5.7082,-6.1996
2.2318,-5.2371,-5.0446,3.7307,3.548,-5.2736,-6.9408,-4.775,-3.6014,0.36573,5.1845,-6.3455
2.1264,-5.392,-5.1596,3.724,3.5346,-5.4085,-6.9133,-4.8422,-4.1615,-0.26301,4.6951,-6.4323
1.8919,-5.4352,-4.8958,3.7093,3.2002,-5.2894,-6.9447,-5.008,-4.782,-0.87009,4.1493,-6.5192
1.6535,-5.3179,-4.3062,3.6529,2.6409,-4.9256,-7.0258,-5.256,-5.496,-1.4856,3.4886,-6.6598
1.4869,-5.0489,-3.5037,3.543,1.978,-4.3869,-7.1066,-5.5332,-6.2766,-2.1051,2.712,-6.8796
1.4021,-4.6955,-2.6438,3.4012,1.3264,-3.7861,-7.1153,-5.7677,-7.0551,-2.6942,1.872,-7.1676
1.3511,-4.3521,-1.8857,3.2744,0.76758,-3.2456,-6.9869,-5.8966,-7.7562,-3.2092,1.0459,-7.4829
1.2451,-4.1032,-1.3452,3.2164,0.33737,-2.8645,-6.6952,-5.8913,-8.3293,-3.6227,0.29649,-7.7763
0.98002,-4.0025,-1.0645,3.273,0.029829,-2.6959,-6.2682,-5.78,-8.7652,-3.938,-0.35444,-8.0113
0.47625,-4.0626,-1.0116,3.4697,-0.18944,-2.7381,-5.7762,-5.633,-9.0904,-4.1847,-0.92707,-8.1724
-0.2791,-4.2492,-1.0985,3.7966,-0.36694,-2.9353,-5.2993,-5.5304,-9.3497,-4.4011,-1.4628,-8.2605
-1.2112,-4.4814,-1.2076,4.2021,-0.54714,-3.1892,-4.8937,-5.5275,-9.5857,-4.616,-1.997,-8.2825
-2.1729,-4.6549,-1.2238,4.6045,-0.76316,-3.3863,-4.5736,-5.6349,-9.8231,-4.8388,-2.5411,-8.2436
-2.9914,-4.6849,-1.0634,4.9215,-1.0304,-3.4349,-4.3176,-5.8225,-10.064,-5.0615,-3.082,-8.1463
-3.526,-4.5446,-0.69446,5.1005,-1.3452,-3.2939,-4.0849,-6.038,-10.292,-5.2674,-3.5951,-7.9924
-3.7158,-4.2724,-0.14318,5.1335,-1.691,-2.9804,-3.8389,-6.2323,-10.489,-5.4444,-4.062,-7.7874
-3.6001,-3.9446,0.52006,5.0531,-2.0522,-2.5545,-3.5661,-6.3796,-10.642,-5.5935,-4.483,-7.5455
-3.3037,-3.6395,1.2116,4.9187,-2.4238,-2.092,-3.281,-6.4838,-10.751,-5.7307,-4.8777,-7.2924
-2.9926,-3.4168,1.861,4.799,-2.8075,-1.6638,-3.0161,-6.5686,-10.826,-5.8787,-5.2735,-7.0614
-2.813,-3.314,2.415,4.7539,-3.1964,-1.3278,-2.804,-6.6571,-10.875,-6.0518,-5.6909,-6.8816
-2.8397,-3.3441,2.8259,4.816,-3.5595,-1.1254,-2.6608,-6.7545,-10.9,-6.2463,-6.1332,-6.7648
-3.0539,-3.4938,3.0483,4.9792,-3.8395,-1.0783,-2.5768,-6.8428,-10.893,-6.4395,-6.5865,-6.7026
-3.3599,-3.7315,3.0451,5.2051,-3.9663,-1.188,-2.516,-6.8878,-10.841,-6.6002,-7.0266,-6.6714
-3.6254,-4.0288,2.7916,5.4483,-3.8789,-1.4441,-2.4284,-6.8519,-10.732,-6.7015,-7.4267,-6.642
-3.7337,-4.3843,2.2787,5.6845,-3.5472,-1.8351,-2.2709,-6.7088,-10.557,-6.7324,-7.7651,-6.5908
-3.6355,-4.8284,1.5244,5.9256,-2.988,-2.3509,-2.0274,-6.4555,-10.319,-6.7021,-8.0306,-6.5078
-3.377,-5.3993,0.5942,6.2076,-2.2748,-2.9717,-1.7149,-6.1169,-10.035,-6.6367,-8.2253,-6.401
-3.082,-6.1075,-0.39227,6.5608,-1.534,-3.6531,-1.3727,-5.7392,-9.7295,-6.5683,-8.36,-6.2934
-2.8957,-6.9101,-1.2864,6.9806,-0.9192,-4.3221,-1.0414,-5.3712,-9.4277,-6.5202,-8.4443,-6.2092
-2.9299,-7.7168,-1.9598,7.4223,-0.56452,-4.8972,-0.74578,-5.0463,-9.1395,-6.4966,-8.4787,-6.1577
-3.2342,-8.4312,-2.3469,7.8234,-0.53665,-5.3187,-0.48762,-4.7722,-8.8564,-6.4843,-8.4539,-6.1235
-3.7919,-8.9959,-2.4596,8.1372,-0.81484,-5.5724,-0.25181,-4.5364,-8.5602,-6.4638,-8.3581,-6.0709
-4.5289,-9.4114,-2.3749,8.3523,-1.3025,-5.6912,-0.021904,-4.3237,-8.2422,-6.4243,-8.1885,-5.9606
-5.3231,-9.7206,-2.2053,8.4883,-1.8539,-5.7377,0.20404,-4.1332,-7.9189,-6.3732,-7.9596,-5.7688
-6.0149,-9.9759,-2.0657,8.5744,-2.3077,-5.7761,0.40826,-3.9836,-7.6347,-6.3358,-7.7016,-5.5008
-6.4296,-10.209,-2.047,8.6293,-2.5223,-5.8498,0.56265,-3.9037,-7.4445,-6.3453,-7.4511,-5.1901
-6.4202,-10.418,-2.1978,8.6501,-2.4084,-5.9694,0.64598,-3.9136,-7.3857,-6.4278,-7.2359,-4.8859
-5.9128,-10.571,-2.5155,8.6158,-1.9497,-6.1166,0.65745,-4.0082,-7.4554,-6.5911,-7.067,-4.6344
-4.9373,-10.629,-2.9529,8.5003,-1.2052,-6.2576,0.61826,-4.154,-7.6094,-6.8225,-6.9423,-4.463
-3.633,-10.569,-3.4401,8.2908,-0.29031,-6.3598,0.56121,-4.3001,-7.7853,-7.0959,-6.8589,-4.3747
-2.218,-10.399,-3.9112,8.0008,0.65458,-6.4077,0.51467,-4.4009,-7.9339,-7.3848,-6.825,-4.3534
-0.93054,-10.161,-4.3242,7.6715,1.4971,-6.412,0.48965,-4.4366,-8.0386,-7.6728,-6.8596,-4.3753
0.030806,-9.9251,-4.6644,7.3629,2.1359,-6.4077,0.4761,-4.4205,-8.1153,-7.9567,-6.9834,-4.4191
0.54328,-9.7669,-4.9319,7.1376,2.5079,-6.438,0.44954,-4.3893,-8.1969,-8.2413,-7.2061,-4.472
0.566,-9.7386,-5.1236,7.0407,2.5867,-6.5299,0.38438,-4.3844,-8.314,-8.5299,-7.5189,-4.5322
0.13233,-9.8415,-5.2202,7.0834,2.379,-6.6755,0.26795,-4.4335,-8.4793,-8.8164,-7.8954,-4.6072
-0.65737,-10.021,-5.1868,7.2381,1.9205,-6.8286,0.10791,-4.5414,-8.6831,-9.0846,-8.2967,-4.7081
-1.6509,-10.189,-4.9867,7.4496,1.2716,-6.9199,-0.072156,-4.6912,-8.8998,-9.3139,-8.6781,-4.841
-2.6709,-10.262,-4.6002,7.6566,0.50939,-6.8833,-0.24639,-4.8542,-9.1008,-9.4853,-8.9966,-4.9984
-3.5451,-10.187,-4.0391,7.8089,-0.27977,-6.6791,-0.40024,-5.0017,-9.2658,-9.5864,-9.2183,-5.1583
-4.1354,-9.9567,-3.3532,7.872,-1.0053,-6.3069,-0.53626,-5.1143,-9.3895,-9.6145,-9.3269,-5.2944
-4.3588,-9.5961,-2.6211,7.8283,-1.5816,-5.806,-0.67041,-5.1878,-9.4821,-9.5781,-9.33,-5.3895
-4.2019,-9.1549,-1.9299,7.6808,-1.9465,-5.2433,-0.82139,-5.2322,-9.5645,-9.4968,-9.2575,-5.4432
-3.7282,-8.6929,-1.3529,7.4577,-2.0808,-4.6964,-0.99781,-5.2626,-9.6587,-9.3974,-9.1524,-5.47
-3.0709,-8.2697,-0.9343,7.2066,-2.0135,-4.2349,-1.1903,-5.2857,-9.7771,-9.3046,-9.0557,-5.4916
-2.3992,-7.9347,-0.68729,6.9792,-1.811,-3.9082,-1.3731,-5.2901,-9.9159,-9.2337,-8.9951,-5.5282
-1.8703,-7.7216,-0.60017,6.816,-1.554,-3.7398,-1.5159,-5.2502,-10.056,-9.187,-8.9816,-5.5922
-1.588,-7.6467,-0.64713,6.7381,-1.3131,-3.7283,-1.6003,-5.1411,-10.174,-9.1576,-9.014,-5.6869
-1.5787,-7.7083,-0.79854,6.7474,-1.1307,-3.8506,-1.632,-4.9576,-10.251,-9.1366,-9.0838,-5.8067
-1.7906,-7.8879,-1.0289,6.8284,-1.0135,-4.0693,-1.641,-4.7225,-10.286,-9.1201,-9.181,-5.9379
-2.1117,-8.1535,-1.3213,6.9514,-0.93715,-4.3431,-1.6688,-4.4794,-10.297,-9.1116,-9.2968,-6.0596
-2.4047,-8.4669,-1.6674,7.0796,-0.8596,-4.6383,-1.7495,-4.2719,-10.31,-9.1184,-9.425,-6.1482
-2.5507,-8.7929,-2.0633,7.1811,-0.73554,-4.9355,-1.8947,-4.1241,-10.35,-9.1444,-9.5601,-6.184
-2.4885,-9.1065,-2.5043,7.2414,-0.52998,-5.2283,-2.0889,-4.0328,-10.422,-9.1852,-9.6977,-6.1607
-2.2307,-9.3955,-2.9816,7.2686,-0.22831,-5.5166,-2.2944,-3.974,-10.521,-9.2299,-9.8353,-6.0902
-1.8488,-9.6606,-3.4822,7.2875,0.15847,-5.8015,-2.4649,-3.9179,-10.634,-9.2666,-9.9706,-5.9987
-1.4392,-9.9105,-3.9838,7.3281,0.59537,-6.0802,-2.5625,-3.8436,-10.748,-9.2852,-10.096,-5.9141
-1.0911,-10.151,-4.4505,7.4131,1.0309,-6.3406,-2.5702,-3.7456,-10.855,-9.276,-10.194,-5.8501
-0.86692,-10.371,-4.8301,7.5484,1.4067,-6.5557,-2.4931,-3.6298,-10.945,-9.2258,-10.236,-5.7953
-0.79148,-10.54,-5.0591,7.7199,1.667,-6.6841,-2.3476,-3.5008,-11.002,-9.1151,-10.19,-5.7132
-0.85084,-10.619,-5.0719,7.9004,1.7673,-6.6803,-2.1482,-3.353,-11.001,-8.9229,-10.029,-5.5585
-1.0038,-10.577,-4.8148,8.062,1.676,-6.5101,-1.9032,-3.1741,-10.922,-8.6354,-9.7486,-5.3018
-1.2078,-10.406,-4.263,8.1874,1.3717,-6.1642,-1.6186,-2.9569,-10.762,-8.2561,-9.3679,-4.952
-1.449,-10.119,-3.4357,8.271,0.84286,-5.6615,-1.3053,-2.7105,-10.544,-7.8112,-8.9316,-4.5613
-1.7541,-9.7433,-2.393,8.3143,0.097037,-5.0406,-0.9794,-2.4593,-10.318,-7.3429,-8.4958,-4.2109
-2.1749,-9.3091,-1.212,8.3233,-0.83279,-4.3483,-0.65761,-2.2329,-10.134,-6.8947,-8.1116,-3.9776
-2.7626,-8.8513,0.028182,8.311,-1.8975,-3.6345,-0.34972,-2.0532,-10.024,-6.4923,-7.8091,-3.8982
-3.5508,-8.4089,1.2447,8.2994,-3.0411,-2.9524,-0.058111,-1.9286,-9.9883,-6.1366,-7.5881,-3.9509
-4.5359,-8.0236,2.3456,8.3135,-4.1918,-2.3581,0.21498,-1.8576,-9.9993,-5.8108,-7.4222,-4.0685
-5.6496,-7.7314,3.2352,8.3694,-5.25,-1.9049,0.45987,-1.8377,-10.026,-5.4977,-7.2762,-4.1767
-6.7467,-7.551,3.8335,8.4629,-6.0953,-1.6312,0.65626,-1.8703,-10.053,-5.1943,-7.131,-4.2311
-7.6297,-7.473,4.1026,8.5668,-6.6143,-1.5454,0.78338,-1.9573,-10.078,-4.9157,-6.9974,-4.2365
-8.1004,-7.4606,4.0612,8.6405,-6.7324,-1.6182,0.8318,-2.0945,-10.111,-4.6887,-6.9154,-4.2393
-8.0124,-7.4646,3.7709,8.6464,-6.4349,-1.7927,0.80978,-2.2674,-10.162,-4.5422,-6.9361,-4.3012
-7.3122,-7.443,3.3085,8.5621,-5.7705,-2.0059,0.74122,-2.4519,-10.233,-4.4954,-7.099,-4.4655
-6.065,-7.3693,2.7489,8.3811,-4.8402,-2.2062,0.657,-2.6196,-10.319,-4.5498,-7.4122,-4.7351
-4.4578,-7.2328,2.159,8.1094,-3.773,-2.3613,0.58323,-2.7456,-10.408,-4.6883,-7.8466,-5.0736
-2.7572,-7.041,1.5902,7.7667,-2.6958,-2.4629,0.53105,-2.8161,-10.487,-4.8808,-8.3427,-5.4248
-1.2305,-6.8301,1.0688,7.3929,-1.7132,-2.5332,0.49133,-2.8317,-10.544,-5.0915,-8.8265,-5.737
-0.080767,-6.6684,0.59289,7.0503,-0.90544,-2.6219,0.438,-2.8076,-10.57,-5.2871,-9.2283,-5.9786
0.57587,-6.6398,0.14671,6.8132,-0.33405,-2.7869,0.33582,-2.7696,-10.571,-5.4447,-9.5014,-6.1437
0.7047,-6.8083,-0.27289,6.7437,-0.038608,-3.0616,0.15397,-2.7469,-10.566,-5.5574,-9.6325,-6.2472
0.35114,-7.182,-0.64091,6.8645,-0.02556,-3.4309,-0.11881,-2.7598,-10.585,-5.6331,-9.6405,-6.3131
-0.35193,-7.7003,-0.91861,7.1433,-0.26364,-3.8355,-0.4655,-2.8083,-10.651,-5.6871,-9.5651,-6.3642
-1.1977,-8.2569,-1.0868,7.4998,-0.68051,-4.2026,-0.84473,-2.8683,-10.766,-5.7333,-9.4529,-6.4141
-1.959,-8.7465,-1.1651,7.8365,-1.1633,-4.4805,-1.2053,-2.901,-10.904,-5.78,-9.3455,-6.4675
-2.4603,-9.109,-1.2074,8.0771,-1.5784,-4.6578,-1.502,-2.8676,-11.02,-5.8306,-9.2726,-6.524
-2.6179,-9.3471,-1.2898,8.1909,-1.801,-4.7683,-1.705,-2.7426,-11.067,-5.8824,-9.2461,-6.5815
-2.4391,-9.5077,-1.4936,8.192,-1.7438,-4.8781,-1.7988,-2.5162,-11.003,-5.9226,-9.2581,-6.6362
-2.0015,-9.6447,-1.8798,8.1194,-1.3802,-5.0535,-1.7761,-2.1862,-10.799,-5.9269,-9.2797,-6.676
-1.4277,-9.7853,-2.4587,8.0166,-0.75457,-5.3258,-1.6298,-1.7489,-10.434,-5.8641,-9.2648,-6.6756
-0.85014,-9.9142,-3.1744,7.9115,0.02829,-5.6744,-1.348,-1.1946,-9.8955,-5.7055,-9.161,-6.5991
-0.36749,-9.9716,-3.916,7.8013,0.83336,-6.027,-0.91645,-0.5129,-9.1778,-5.4355,-8.9217,-6.4113
-0.010603,-9.8594,-4.5436,7.6432,1.5316,-6.2682,-0.3225,0.29895,-8.2843,-5.0579,-8.517,-6.0898
0.26581,-9.4584,-4.91,7.3595,2.0255,-6.2537,0.44343,1.2306,-7.2314,-4.5948,-7.9364,-5.6308
0.56335,-8.6597,-4.8752,6.8577,2.2571,-5.8425,1.3882,2.2599,-6.0476,-4.073,-7.179,-5.0443
0.99872,-7.4008,-4.3359,6.061,2.2034,-4.9418,2.5165,3.3605,-4.7639,-3.5051,-6.2328,-4.3404
1.6528,-5.6827,-3.2821,4.9326,1.8728,-3.5377,3.8329,4.5114,-3.3983,-2.8724,-5.0665,-3.5136
2.5372,-3.5529,-1.8057,3.4783,1.2998,-1.6847,5.3495,5.7066,-1.9441,-2.1219,-3.6439,-2.5304
3.6179,-1.0623,-0.027771,1.7204,0.53573,0.5363,7.0989,6.9628,-0.36693,-1.177,-1.9461,-1.3296
4.8945,1.7976,1.9538,-0.34487,-0.35892,3.0724,9.1431,8.3212,1.3864,0.04364,0.020832,0.16037
6.4461,5.1493,4.0771,-2.779,-1.3052,5.9414,11.572,9.842,3.3719,1.6114,2.229,1.9888
8.3283,9.2136,6.3134,-5.6849,-2.1915,9.2213,14.478,11.589,5.6228,3.5726,4.6261,4.1454
10.412,14.128,8.6411,-9.1059,-2.8776,12.952,17.905,13.613,8.1223,5.933,7.1275,6.5412
12.476,19.597,10.97,-12.885,-3.228,16.951,21.804,15.933,10.798,8.6359,9.6233,9.0329
14.48,24.872,13.07,-16.676,-3.158,20.725,26.028,18.552,13.549,11.547,12.013,11.481
16.57,29.334,14.673,-20.187,-2.6669,23.757,30.381,21.466,16.3,14.486,14.252,13.802
18.849,32.927,15.672,-23.338,-1.847,25.93,34.685,24.688,19.014,17.319,16.375,15.983
21.262,35.997,16.187,-26.146,-0.86411,27.511,38.806,28.228,21.694,20.023,18.467,18.071
23.667,38.891,16.469,-28.608,0.087798,28.87,42.645,32.072,24.347,22.671,20.597,20.132
25.96,41.753,16.781,-30.725,0.84196,30.322,46.13,36.149,26.965,25.35,22.754,22.195
28.135,44.541,17.271,-32.534,1.3053,32.03,49.212,40.331,29.522,28.078,24.852,24.214
30.277,47.113,17.896,-34.077,1.4812,33.934,51.862,44.455,31.977,30.78,26.793,26.082
32.49,49.31,18.454,-35.368,1.469,35.783,54.084,48.365,34.286,33.333,28.514,27.689
34.684,51.004,18.697,-36.398,1.4456,37.261,55.921,51.931,36.414,35.626,30,28.982
36.521,52.127,18.432,-37.152,1.6155,38.118,57.445,55.067,38.341,37.608,31.263,29.982
37.781,52.691,17.573,-37.636,2.1101,38.234,58.726,57.717,40.068,39.295,32.327,30.754
38.561,52.798,16.184,-37.896,2.9434,37.655,59.766,59.853,41.602,40.745,33.223,31.371
39.151,52.618,14.459,-38.011,4.1387,36.552,60.431,61.458,42.945,42.013,33.973,31.892
39.956,52.308,12.593,-38.078,5.7503,35.102,60.412,62.524,44.088,43.127,34.583,32.346
41.41,51.925,10.676,-38.181,7.7941,33.398,59.307,63.031,45.003,44.078,35.032,32.731
43.759,51.393,8.7313,-38.36,10.269,31.466,56.857,62.941,45.645,44.813,35.261,33.017
46.829,50.556,6.7863,-38.602,13.105,29.358,53.141,62.187,45.95,45.244,35.189,33.158
50.096,49.296,4.8618,-38.851,16.1,27.133,48.506,60.703,45.863,45.275,34.762,33.103
53.016,47.603,2.9646,-39.023,18.98,24.785,43.335,58.461,45.356,44.853,33.993,32.809
55.229,45.55,1.1542,-39.028,21.491,22.265,37.888,55.495,44.438,43.982,32.945,32.258
56.459,43.206,-0.43089,-38.792,23.461,19.551,32.297,51.889,43.146,42.699,31.694,31.456
56.422,40.581,-1.6737,-38.288,24.727,16.702,26.615,47.739,41.529,41.057,30.312,30.422
54.968,37.671,-2.5846,-37.528,25.061,13.862,20.889,43.13,39.638,39.106,28.858,29.163
52.201,34.535,-3.2866,-36.551,24.393,11.17,15.229,38.147,37.52,36.898,27.386,27.672
48.501,31.303,-3.9356,-35.425,23.128,8.6683,9.8819,32.908,35.229,34.503,25.952,25.946
44.556,28.106,-4.6602,-34.249,21.974,6.33,5.2042,27.576,32.824,32.022,24.614,24.018
41.192,25.022,-5.5451,-33.151,21.469,4.1266,1.4376,22.36,30.367,29.571,23.421,21.966
39.037,22.066,-6.6484,-32.257,21.795,2.0767,-1.4786,17.484,27.905,27.251,22.407,19.89
38.29,19.227,-8.0065,-31.649,22.896,0.23991,-3.8025,13.132,25.465,25.121,21.574,17.868
38.781,16.519,-9.6016,-31.338,24.616,-1.328,-5.7649,9.4066,23.059,23.178,20.895,15.938
40.178,14.027,-11.34,-31.263,26.764,-2.6106,-7.4805,6.3161,20.691,21.363,20.313,14.104
42.137,11.886,-13.068,-31.313,29.17,-3.6237,-8.9809,3.7896,18.373,19.588,19.768,12.361
44.384,10.175,-14.614,-31.367,31.723,-4.3855,-10.269,1.7171,16.13,17.775,19.212,10.708
46.739,8.8569,-15.812,-31.328,34.341,-4.8995,-11.352,-0.015807,14.002,15.906,18.633,9.1599
49.036,7.8254,-16.526,-31.133,36.877,-5.1599,-12.248,-1.5097,12.028,14.038,18.048,7.752
51.082,6.9759,-16.679,-30.728,38.996,-5.1706,-12.984,-2.8488,10.216,12.263,17.479,6.527
52.709,6.2592,-16.279,-29.996,40.176,-4.9637,-13.596,-4.1034,8.534,10.649,16.927,5.5083
53.555,5.6845,-15.429,-28.743,40.084,-4.6035,-14.119,-5.3291,6.9135,9.2052,16.36,4.6808
53.493,5.2568,-14.28,-26.903,38.836,-4.1764,-14.582,-6.5661,5.2801,7.8921,15.731,3.9895
52.83,4.8988,-12.972,-24.723,36.672,-3.7758,-14.999,-7.8387,3.5836,6.6522,14.998,3.355
51.241,4.4498,-11.604,-22.399,33.701,-3.4859,-15.371,-9.1576,1.8207,5.4396,14.137,2.7003
48.154,3.7378,-10.236,-19.802,30.01,-3.367,-15.686,-10.521,0.040042,4.2382,13.15,1.9773
43.326,2.6586,-8.9095,-16.744,25.778,-3.4447,-15.931,-11.917,-1.6793,3.0632,12.055,1.1799
36.83,1.2099,-7.6664,-13.207,21.178,-3.708,-16.101,-13.334,-3.2662,1.9464,10.871,0.33752
28.894,-0.53092,-6.5593,-9.3564,16.321,-4.1158,-16.205,-14.766,-4.688,0.91518,9.618,-0.50628
19.951,-2.455,-5.6439,-5.4285,11.385,-4.6142,-16.268,-16.222,-5.954,-0.021793,8.308,-1.3136
11.018,-4.4586,-4.966,-1.6489,6.7884,-5.1569,-16.317,-17.715,-7.1001,-0.8747,6.9567,-2.064
3.3593,-6.4504,-4.5523,1.7739,3.1187,-5.7191,-16.371,-19.247,-8.1679,-1.6627,5.5848,-2.757
-2.2731,-8.3376,-4.4107,4.6311,0.80831,-6.2925,-16.436,-20.812,-9.1902,-2.4017,4.2178,-3.406
-5.4225,-10.024,-4.518,6.7765,-0.19225,-6.8643,-16.517,-22.398,-10.183,-3.0956,2.8865,-4.0287
-5.8516,-11.434,-4.8099,8.2355,-0.33351,-7.4021,-16.616,-23.995,-11.141,-3.7315,1.631,-4.6357
-4.0873,-12.531,-5.1846,9.2052,-0.054647,-7.8588,-16.743,-25.59,-12.042,-4.2824,0.50251,-5.222
-2.0618,-13.32,-5.524,9.9064,0.38119,-8.1898,-16.907,-27.161,-12.851,-4.7172,-0.44684,-5.7662
-1.2484,-13.83,-5.721,10.46,0.79918,-8.3642,-17.117,-28.675,-13.543,-5.0156,-1.1847,-6.2359
-1.1106,-14.105,-5.7025,10.905,1.0523,-8.3701,-17.38,-30.099,-14.109,-5.1781,-1.7114,-6.598
-1.2115,-14.192,-5.4439,11.255,1.0422,-8.2161,-17.691,-31.411,-14.558,-5.2233,-2.051,-6.829
-1.4924,-14.135,-4.9719,11.516,0.7509,-7.9305,-18.028,-32.597,-14.913,-5.177,-2.2302,-6.9229
-1.9009,-13.977,-4.357,11.687,0.24074,-7.5582,-18.35,-33.65,-15.194,-5.0593,-2.2632,-6.8932
-2.3188,-13.758,-3.6971,11.762,-0.37284,-7.1557,-18.611,-34.571,-15.416,-4.8793,-2.1517,-6.7693
-2.6126,-13.519,-3.0956,11.743,-0.96066,-6.7826,-18.777,-35.374,-15.587,-4.6366,-1.896,-6.5872
-2.7103,-13.3,-2.64,11.651,-1.42,-6.4914,-18.841,-36.086,-15.711,-4.3312,-1.5081,-6.3825
-2.6371,-13.14,-2.3865,11.523,-1.6994,-6.318,-18.834,-36.748,-15.796,-3.9744,-1.0228,-6.1857
-2.4917,-13.067,-2.3538,11.405,-1.8001,-6.2775,-18.816,-37.412,-15.86,-3.5966,-0.49821,-6.0208
-2.3886,-13.096,-2.526,11.332,-1.7562,-6.3664,-18.856,-38.124,-15.928,-3.2427,-0.0024302,-5.8998
-2.3994,-13.22,-2.8642,11.314,-1.6047,-6.5698,-19.004,-38.907,-16.017,-2.956,0.40971,-5.8155
-2.521,-13.414,-3.3251,11.336,-1.3638,-6.8686,-19.272,-39.751,-16.131,-2.7603,0.71428,-5.7421
-2.6792,-13.643,-3.8743,11.362,-1.0323,-7.2393,-19.632,-40.624,-16.256,-2.6538,0.91823,-5.6476
-2.7547,-13.863,-4.4859,11.348,-0.60156,-7.6486,-20.039,-41.487,-16.373,-2.6163,1.0447,-5.5131
-2.6223,-14.025,-5.1258,11.25,-0.068845,-8.0508,-20.46,-42.312,-16.468,-2.6231,1.1161,-5.3482
-2.1966,-14.073,-5.7359,11.035,0.55018,-8.3879,-20.882,-43.088,-16.542,-2.6562,1.1451,-5.1886
-1.469,-13.96,-6.2365,10.69,1.209,-8.5955,-21.319,-43.816,-16.607,-2.7077,1.1366,-5.0791
-0.51851,-13.657,-6.5441,10.225,1.8285,-8.6154,-21.797,-44.502,-16.677,-2.7769,1.0949,-5.0516
0.51215,-13.165,-6.5951,9.6744,2.3139,-8.4124,-22.346,-45.159,-16.761,-2.863,1.0306,-5.112
1.4628,-12.52,-6.3625,9.086,2.583,-7.9898,-22.983,-45.801,-16.857,-2.9601,0.96164,-5.2404
2.204,-11.787,-5.8639,8.5104,2.593,-7.3936,-23.712,-46.443,-16.961,-3.0601,0.90688,-5.4052
2.6671,-11.051,-5.1632,7.9919,2.3552,-6.7078,-24.51,-47.099,-17.077,-3.1658,0.87235,-5.5818
2.8496,-10.413,-4.3645,7.5711,1.9335,-6.0389,-25.335,-47.773,-17.243,-3.3126,0.82761,-5.7735
2.7941,-9.9733,-3.5962,7.2949,1.4265,-5.4966,-26.128,-48.468,-17.545,-3.5825,0.68083,-6.0222
2.5597,-9.8199,-2.9982,7.2213,0.94275,-5.1749,-26.81,-49.177,-18.124,-4.0852,0.28252,-6.4025
2.2023,-9.9996,-2.7163,7.4059,0.5736,-5.1465,-27.285,-49.871,-19.17,-4.8778,-0.49124,-7.0021
1.7732,-10.489,-2.886,7.8719,0.37682,-5.4741,-27.425,-50.473,-20.925,-5.7821,-1.4349,-7.8871
1.3262,-11.164,-3.5666,8.5703,0.38503,-6.1977,-27.051,-50.817,-23.573,-5.1856,0.18988,-8.7869
0.95713,-11.778,-4.6719,9.3245,0.62115,-7.2039,-25.93,-50.592,-26.672,-1.8915,5.4975,-7.5991
0.82259,-12.155,-6.058,9.8932,1.0913,-8.162,-24.218,-49.237,-29.165,0.52599,8.377,-3.9261
0.91201,-12.559,-7.6981,10.329,1.7707,-8.9243,-27.515,-45.945,-30.298,2.2931,11.124,-1.6276
0.96873,-13.348,-9.6496,10.879,2.5977,-9.7014,-35.376,-50.887,-27.05,5.8774,13.226,-0.74148
1.1245,-14.451,-11.902,11.065,3.4829,-11.21,-36.326,-64.188,-23.141,4.3947,12.53,-1.4358
5.0896,-16.57,-14.716,8.9117,4.3916,-15.905,-35.609,-65.902,-28.317,-2.9546,7.0789,-3.9539
5.7814,-25.223,-19.969,11.607,5.7866,-25.721,-32.314,-68.218,-39.003,-18.083,-5.5014,-13.297
2.4651,-39.294,-29.441,19.966,10.064,-37.086,-25.314,-69.67,-55.667,-42.72,-28.496,-29.509
-4.2658,-56.487,-37.325,32.386,9.8652,-49.226,-13.564,-67.477,-76.438,-70.544,-57.894,-51.439
-15.13,-71.634,-40.077,46.53,7.9036,-58.261,4.5228,-57.018,-95.678,-94.269,-84.294,-72.621
-27.36,-79.837,-38.737,57,5.2929,-61.081,31.925,-31.603,-104.97,-107.33,-101.66,-86.978
-33.369,-77.398,-33.407,58.523,2.7925,-56.093,72.906,17.077,-92.434,-98.522,-101.59,-90.675
-28.201,-61.119,-23.936,47.745,1.567,-42.355,128.6,98.135,-44.197,-57.789,-76.114,-79.886
-10.815,-28.616,-10.336,22.397,2.7693,-19.161,196.8,219.09,49.434,21.354,-19.719,-51.396
19.929,21.25,6.6945,-18.946,7.4494,13.951,276.39,379.14,192.87,142.09,70.234,-2.2014
66.785,88.604,26.016,-76.986,17.659,56.935,359.34,571.92,385.55,304.16,194.24,68.929
131.15,172.86,45.482,-151.37,38.843,108.43,432.23,778.56,619.94,504.27,350.85,160.87
214.06,271.92,61.254,-241.54,73.869,165.79,482.43,974.63,884.42,736.73,536.42,272.43
313.81,382.46,71.777,-345.88,117.65,227.26,501.16,1140.3,1164.7,993,744.96,401.63
425.34,502.25,80.025,-460.74,168.59,293.23,485.8,1260.7,1444.5,1261.6,968.13,545.23
540.65,629.07,91.647,-580.73,220.26,364.85,439.47,1328.3,1707,1527.6,1194.8,698.69
649.78,758.05,111.78,-698.73,265.09,441.52,367.96,1341.5,1935.6,1771.7,1410.2,855.11
742.15,879.47,141.91,-805.44,296.87,518.4,276.18,1299.7,2111.3,1968.9,1594.1,1003.4
807.28,978.36,178.17,-888.81,312.43,585.69,166.65,1199.8,2211.3,2088.9,1721.9,1127.6
835.25,1037.1,212.63,-934.64,310.54,630.88,40.891,1037,2211.9,2101.6,1767.1,1208.2
818.01,1040.5,237.49,-930.07,290.81,643.13,-97.676,810.01,2094.9,1986,1709.2,1227.3
752.15,982.43,248.98,-869.29,253.26,618.01,-241.95,526.99,1857.1,1741.2,1543.2,1175.6
642.21,869.34,248.2,-757.84,199.42,559.58,-382.14,207.19,1516.1,1392.3,1286,1057.9
502.26,719,238.4,-612.25,134.44,478.62,-508.94,-122.51,1107.3,985.58,973.49,893.14
353.6,554.84,221.97,-455.3,67.671,387.99,-616.01,-433.7,675.34,575.29,650.63,707.73
218.65,398.95,199.51,-309.39,10.19,298.63,-699.82,-701.96,263.17,208.38,358.2,527.5
114.04,267.17,171.05,-190.7,-29.47,218.07,-757.85,-909.59,-95.351,-85.162,123.61,371.56
46.375,167.44,138.24,-106.48,-48.393,151.14,-787.25,-1046,-377.64,-293.55,-42.033,249.67
12.304,100.65,105.29,-55.567,-49.993,100.89,-785.59,-1107.7,-571.71,-419.16,-141.5,162.84
2.0981,62.872,78.007,-31.188,-41.675,68.828,-752.92,-1098.9,-675.72,-473.23,-186.51,106.23
4.1646,47.906,61.398,-24.21,-31.675,54.287,-693.57,-1031.6,-698.34,-471.73,-192.7,72.543
8.6009,48.931,57.65,-25.937,-26.366,54.104,-616.36,-924.21,-657.62,-432.57,-175.64,54.136
9.3043,59.352,65.873,-29.961,-28.82,64.354,-531.89,-797.58,-577.01,-373.15,-148.28,44.494
4.4987,73.516,82.962,-32.642,-38.946,80.72,-448.65,-670.4,-480.12,-307.48,-119.63,39.521
-4.41,87.018,104.39,-32.396,-54.257,98.173,-371.56,-555.68,-386.25,-246.01,-94.328,36.777
-15.114,96.171,124.22,-28.7,-70.802,111.95,-302.87,-459.46,-307.92,-196.2,-74.733,34.538
-26.205,97.925,137.31,-22.175,-83.953,118.66,-243.16,-381.62,-249.71,-160.21,-61.062,31.525
-25.169,86.311,140.67,-16.196,-90.049,115.13,-192.14,-318.14,-207.82,-135.34,-51.575,27.178
-21.413,63.464,132.08,-10.703,-88.906,101.99,-149.29,-263.76,-173.64,-114.37,-44.03,21.892
-23.805,47.271,112.14,-5.6578,-79.86,82.384,-114.52,-214.75,-142.93,-94.85,-35.309,19.343
-24.459,32.755,85.808,-1.8578,-64.584,60.312,-87.569,-170.89,-114.62,-76.504,-27.347,17.841
-21.509,20.041,58.98,1.1657,-47.1,39.377,-66.782,-133.93,-88.738,-59.44,-19.213,14.954
-16.528,10.362,36.158,3.6381,-30.857,23.06,-51.859,-105.57,-67.201,-44.908,-12.279,12.025
-11.462,4.1562,21.127,5.5696,-18.826,12.926,-42.441,-86.241,-51.85,-34.106,-7.8507,9.3236
-7.4966,0.90466,13.617,7.0247,-12.148,7.834,-36.769,-74.673,-43.154,-27.574,-6.2219,6.8096
-5.0979,-0.47072,10.93,8.1686,-9.3523,5.941,-32.919,-68.293,-39.85,-24.841,-6.5254,4.4338
-4.2165,-1.3142,10.565,9.1431,-8.7237,5.5461,-29.553,-64.255,-39.455,-24.73,-6.8302,2.2044
-4.5674,-3.2118,10.816,10,-9.0196,5.7244,-25.991,-60.299,-39.713,-25.657,-6.4454,0.17629
-5.5108,-6.0329,11.027,10.744,-9.6983,5.9031,-23.257,-54.947,-38.443,-24.631,-5.8411,-1.587
-6.3242,-8.1876,10.623,11.362,-10.254,3.2229,-21.704,-49.028,-33.387,-20.931,-5.2123,-3.0512
-6.8587,-9.5436,8.1447,11.825,-9.3685,-0.5811,-18.849,-44.594,-27.242,-15.601,-4.5536,-4.2312
-7.224,-10.348,4.8872,12.084,-6.0034,-2.3352,-16.031,-40.355,-22.892,-12.32,-3.8877,-5.1875
-7.2355,-10.693,3.3746,12.089,-4.5845,-2.9751,-13.854,-36.196,-20.233,-10.863,-3.3069,-6.0066
-6.6933,-10.619,2.7625,11.817,-3.9462,-3.0995,-12.314,-32.532,-18.601,-9.961,-2.9179,-6.7726
-5.6076,-10.179,2.5296,11.288,-3.2859,-2.8952,-11.234,-29.486,-17.568,-9.2991,-2.7775,-7.5411
-4.1686,-9.4661,2.5138,10.571,-2.5725,-2.4482,-10.423,-26.89,-16.881,-8.8121,-2.8698,-8.3256
-2.6402,-8.6028,2.6516,9.7721,-1.9132,-1.8425,-9.7355,-24.501,-16.366,-8.4485,-3.1233,-9.1005
-1.2814,-7.7295,2.907,9.0138,-1.4186,-1.1795,-9.0885,-22.146,-15.905,-8.1441,-3.4425,-9.8156
-0.29579,-6.9766,3.2462,8.4107,-1.1578,-0.56544,-8.4519,-19.773,-15.429,-7.8355,-3.7379,-10.418
0.21499,-6.4337,3.625,8.0361,-1.1388,-0.085984,-7.8309,-17.429,-14.913,-7.4785,-3.9494,-10.874
0.28617,-6.1273,3.9857,7.8987,-1.3096,0.21702,-7.2402,-15.206,-14.362,-7.0606,-4.0612,-11.181
0.077193,-6.0222,4.2695,7.944,-1.577,0.35298,-6.6856,-13.185,-13.801,-6.6055,-4.102,-11.368
-0.20736,-6.0497,4.4325,8.0836,-1.8403,0.36422,-6.1563,-11.406,-13.263,-6.1635,-4.129,-11.484
-0.41765,-6.1477,4.4529,8.24,-2.0239,0.29344,-5.6289,-9.8604,-12.775,-5.7865,-4.1971,-11.576
-0.51347,-6.2975,4.3252,8.3845,-2.0916,0.15917,-5.0747,-8.5049,-12.347,-5.4996,-4.3292,-11.675
-0.55984,-6.5413,4.0478,8.5523,-2.0463,-0.053712,-4.4694,-7.2809,-11.959,-5.2863,-4.5027,-11.785
-0.68609,-6.9636,3.6168,8.8243,-1.9199,-0.39247,-3.7991,-6.1307,-11.57,-5.0953,-4.6617,-11.882
-1.0206,-7.6392,3.0298,9.2808,-1.756,-0.91652,-3.0639,-5.0105,-11.123,-4.8619,-4.7439,-11.938
-1.6267,-8.5784,2.3004,9.9529,-1.5929,-1.6522,-2.2765,-3.8977,-10.57,-4.5348,-4.7113,-11.935
-2.4706,-9.7106,1.4706,10.798,-1.4531,-2.5564,-1.4578,-2.791,-9.8793,-4.0956,-4.5705,-11.878
-3.4264,-10.911,0.61033,11.711,-1.3407,-3.5286,-0.62746,-1.7038,-9.0455,-3.5658,-4.3733,-11.795
-4.3172,-12.043,-0.19827,12.566,-1.2471,-4.4532,0.20474,-0.65325,-8.0835,-2.9964,-4.1971,-11.717
-4.978,-12.996,-0.87746,13.262,-1.1646,-5.2285,1.0416,0.34879,-7.0212,-2.4477,-4.1139,-11.675
-5.3132,-13.701,-1.3665,13.751,-1.0968,-5.7795,1.8934,1.3009,-5.8907,-1.968,-4.1642,-11.688
-5.3208,-14.132,-1.6288,14.036,-1.0602,-6.0656,2.7722,2.2129,-4.7205,-1.5783,-4.3446,-11.762
-5.0766,-14.305,-1.6597,14.16,-1.0726,-6.0892,3.691,3.1066,-3.5227,-1.2642,-4.6111,-11.89
-4.6907,-14.27,-1.4954,14.178,-1.1357,-5.8997,4.6653,4.0163,-2.2829,-0.97842,-4.8929,-12.054
-4.2601,-14.105,-1.2177,14.143,-1.222,-5.5863,5.7125,4.982,-0.96221,-0.65842,-5.1151,-12.232
-3.8381,-13.899,-0.94138,14.096,-1.2758,-5.2567,6.8435,6.0368,0.48177,-0.25512,-5.2267,-12.406
-3.4358,-13.734,-0.78744,14.058,-1.2296,-5.01,8.0558,7.1939,2.0671,0.24164,-5.2214,-12.567
-3.0442,-13.664,-0.84544,14.039,-1.0314,-4.9151,9.3298,8.4436,3.7704,0.79782,-5.1397,-12.723
-2.658,-13.713,-1.1443,14.043,-0.67225,-4.9994,10.632,9.7574,5.5273,1.3518,-5.0518,-12.891
-2.2968,-13.875,-1.6433,14.076,-0.20167,-5.2477,11.92,11.095,7.2469,1.8376,-5.0318,-13.095
-2.0214,-14.121,-2.2443,14.145,0.27784,-5.607,13.147,12.41,8.8312,2.2027,-5.1322,-13.361
-1.9237,-14.416,-2.8184,14.266,0.64148,-5.9994,14.276,13.655,10.202,2.4195,-5.3673,-13.711
-2.0817,-14.72,-3.243,14.451,0.7881,-6.3435,15.285,14.798,11.328,2.4964,-5.7086,-14.159
-2.5109,-14.999,-3.4396,14.7,0.67824,-6.5789,16.181,15.828,12.228,2.4821,-6.0914,-14.697
-3.1361,-15.228,-3.3993,14.989,0.3485,-6.6833,16.98,16.753,12.964,2.4488,-6.4351,-15.3
-3.8045,-15.392,-3.1856,15.276,-0.096645,-6.6737,17.701,17.592,13.605,2.456,-6.6755,-15.933
-4.3354,-15.493,-2.9068,15.512,-0.51386,-6.594,18.357,18.365,14.206,2.5162,-6.7941,-16.559
-4.5888,-15.544,-2.6745,15.672,-0.76864,-6.4984,18.961,19.089,14.793,2.5893,-6.8262,-17.155
-4.5208,-15.58,-2.5692,15.764,-0.78316,-6.4364,19.528,19.783,15.367,2.607,-6.8444,-17.71
-4.1971,-15.639,-2.621,15.825,-0.56149,-6.4415,20.082,20.467,15.91,2.5077,-6.9308,-18.227
-3.7623,-15.752,-2.8057,15.902,-0.18477,-6.5211,20.65,21.163,16.398,2.2606,-7.1458,-18.715
-3.3843,-15.923,-3.055,16.025,0.21837,-6.6536,21.28,21.899,16.817,1.8766,-7.5051,-19.174
-3.2006,-16.13,-3.2807,16.203,0.51585,-6.7954,22.031,22.707,17.181,1.4063,-7.9708,-19.595
-3.2854,-16.331,-3.4048,16.417,0.61354,-6.8986,22.948,23.604,17.524,0.92563,-8.4635,-19.951
-3.6408,-16.494,-3.3846,16.641,0.47943,-6.9301,24.025,24.578,17.878,0.51105,-8.8879,-20.212
-4.2065,-16.598,-3.2257,16.844,0.1459,-6.8838,25.185,25.569,18.253,0.21182,-9.1635,-20.353
-4.88,-16.647,-2.9771,16.999,-0.30594,-6.7818,26.301,26.492,18.631,0.032302,-9.2485,-20.361
-5.5495,-16.653,-2.7106,17.09,-0.77182,-6.6613,27.255,27.272,18.974,-0.065984,-9.1497,-20.243
-6.1233,-16.635,-2.4924,17.115,-1.1528,-6.556,27.99,27.879,19.242,-0.14451,-8.9152,-20.026
-6.5381,-16.597,-2.3581,17.079,-1.3803,-6.4791,28.528,28.338,19.408,-0.26105,-8.6178,-19.753
-6.7513,-16.52,-2.3017,16.985,-1.4316,-6.4155,28.958,28.728,19.466,-0.44737,-8.3326,-19.477
-6.7311,-16.36,-2.2796,16.829,-1.328,-6.3241,29.401,29.157,19.447,-0.69858,-8.1156,-19.246
-6.4556,-16.061,-2.2259,16.593,-1.1177,-6.1477,29.977,29.732,19.419,-0.9776,-7.9904,-19.089
-5.9195,-15.569,-2.0719,16.251,-0.85458,-5.8287,30.762,30.528,19.464,-1.2316,-7.9463,-19.013
-5.1458,-14.854,-1.7647,15.783,-0.58464,-5.3253,31.753,31.564,19.653,-1.4107,-7.9465,-19
-4.1969,-13.927,-1.2795,15.188,-0.3437,-4.6262,32.879,32.805,20.006,-1.4803,-7.9388,-19.016
-3.1744,-12.843,-0.62471,14.489,-0.15828,-3.7575,34.027,34.187,20.492,-1.4302,-7.8699,-19.018
-2.201,-11.688,0.15877,13.735,-0.050116,-2.7803,35.098,35.641,21.04,-1.2786,-7.7056,-18.962
-1.3981,-10.558,1.0084,12.986,-0.04297,-1.7746,36.036,37.12,21.568,-1.069,-7.4462,-18.813
-0.86579,-9.5304,1.8675,12.299,-0.16494,-0.81086,36.847,38.615,22.017,-0.85325,-7.1243,-18.546
-0.66476,-8.6377,2.7191,11.716,-0.44091,0.081841,37.591,40.155,22.36,-0.66733,-6.7863,-18.153
-0.79682,-7.859,3.5961,11.24,-0.8775,0.93295,38.355,41.792,22.613,-0.51568,-6.4673,-17.631
-1.1924,-7.1307,4.5592,10.841,-1.4495,1.8194,39.22,43.583,22.819,-0.37292,-6.1759,-16.989
-1.7199,-6.376,5.6664,10.466,-2.0976,2.8338,40.231,45.561,23.03,-0.19703,-5.893,-16.24
-2.2229,-5.5372,6.9506,10.069,-2.7387,4.0472,41.396,47.73,23.301,0.056805,-5.5817,-15.4
-2.568,-4.5939,8.4014,9.6218,-3.2857,5.4762,42.694,50.067,23.672,0.42643,-5.2005,-14.485
-2.678,-3.5599,9.9506,9.125,-3.6683,7.0727,44.095,52.539,24.162,0.93527,-4.717,-13.502
-2.538,-2.4642,11.486,8.5914,-3.8531,8.7467,45.571,55.114,24.768,1.5851,-4.1224,-12.459
-2.1862,-1.3296,12.908,8.0328,-3.8571,10.416,47.099,57.763,25.46,2.35,-3.4394,-11.369
-1.6997,-0.15728,14.2,7.4539,-3.7489,12.058,48.669,60.468,26.19,3.1771,-2.7205,-10.257
-1.1761,1.0773,15.449,6.854,-3.6361,13.719,50.289,63.218,26.911,3.9972,-2.0308,-9.1636
-0.7075,2.4175,16.81,6.231,-3.6373,15.504,51.97,66.015,27.589,4.7458,-1.4236,-8.1298
-0.35406,3.9139,18.441,5.5827,-3.8486,17.526,53.718,68.872,28.223,5.3869,-0.92037,-7.1845
-0.12815,5.6135,20.435,4.9064,-4.3198,19.868,55.521,71.803,28.835,5.9276,-0.50541,-6.3341
0.0041287,7.5547,22.782,4.201,-5.0517,22.537,57.346,74.815,29.463,6.4108,-0.13696,-5.5626
0.10461,9.7718,25.363,3.4692,-6.0199,25.434,59.156,77.891,30.131,6.8835,0.22944,-4.8412
0.23432,12.304,27.991,2.7181,-7.2134,28.364,60.927,80.99,30.846,7.3603,0.61623,-4.1403
0.42214,15.196,30.521,1.9576,-8.6476,31.109,62.653,84.05,31.582,7.8077,1.0104,-3.4389
0.64543,18.467,32.945,1.1955,-10.28,33.552,64.344,87.011,32.302,8.1565,1.3694,-2.7265
0.8385,22.05,35.323,0.43115,-11.936,35.746,66.022,89.834,32.962,8.3352,1.6441,-1.9999
0.92453,25.757,37.667,-0.35068,-13.473,37.86,67.728,92.512,33.535,8.3052,1.8063,-1.2577
0.84676,29.35,39.987,-1.1803,-14.932,40.053,69.524,95.06,34.025,8.0801,1.8664,-0.4957
0.58202,32.675,42.376,-2.09,-16.465,42.391,71.477,97.502,34.465,7.7219,1.8702,0.29703
0.14111,35.699,44.94,-3.0889,-18.179,44.843,73.64,99.846,34.907,7.3156,1.88,1.1385
-0.43241,38.448,47.698,-4.1402,-20.083,47.33,76.019,102.08,35.395,6.9361,1.9483,2.0487
-1.064,40.937,50.588,-5.1633,-22.125,49.767,78.545,104.15,35.943,6.6197,2.0985,3.0393
-1.6558,43.172,53.551,-6.0732,-24.253,52.125,81.097,106.04,36.526,6.3524,2.3191,4.1043
-2.1019,45.173,56.564,-6.8357,-26.414,54.459,83.552,107.69,37.093,6.0809,2.5754,5.2208
-2.3113,46.978,59.632,-7.4993,-28.529,56.876,85.843,109.12,37.588,5.7404,2.8306,6.3629
-2.2372,48.627,62.734,-8.1823,-30.468,59.468,87.988,110.35,37.976,5.2898,3.0645,7.5184
-1.909,50.172,65.784,-9.0377,-32.075,62.27,90.074,111.43,38.252,4.7347,3.2814,8.6977
-1.4426,51.716,68.64,-10.228,-33.268,65.246,92.222,112.41,38.443,4.1263,3.5035,9.9296
-1.0128,53.47,71.2,-11.902,-34.134,68.299,94.533,113.33,38.591,3.5347,3.7564,11.245
-0.80374,55.714,73.504,-14.122,-34.92,71.297,97.044,114.23,38.724,3.0147,4.0531,12.656
-0.95595,58.569,75.752,-16.717,-35.923,74.131,99.708,115.08,38.841,2.5818,4.3852,14.135
-1.5139,61.782,78.183,-19.298,-37.325,76.796,102.42,115.84,38.906,2.2059,4.7229,15.622
-2.3961,64.953,80.911,-21.537,-39.099,79.389,105.04,116.47,38.867,1.8259,5.0231,17.05
-3.4061,67.921,83.863,-23.387,-41.072,82,107.49,116.93,38.672,1.3738,5.2416,18.381
-4.2848,70.759,86.887,-24.979,-43.058,84.66,109.74,117.21,38.286,0.80075,5.3449,19.626
-4.7921,73.587,89.886,-26.459,-44.941,87.366,111.8,117.29,37.691,0.089479,5.3156,20.822
-4.7872,76.47,92.843,-27.911,-46.653,90.118,113.75,117.21,36.884,-0.7511,5.1495,21.995
-4.272,79.405,95.767,-29.347,-48.151,92.923,115.66,116.99,35.857,-1.7025,4.8483,23.136
-3.3778,82.333,98.643,-30.726,-49.404,95.77,117.55,116.63,34.594,-2.755,4.4139,24.198
-2.3109,85.155,101.41,-31.981,-50.407,98.601,119.34,116.1,33.065,-3.9234,3.8472,25.127
-1.2904,87.766,103.96,-33.045,-51.177,101.31,120.92,115.38,31.244,-5.2625,3.1483,25.891
-0.4928,90.077,106.2,-33.88,-51.778,103.78,122.17,114.45,29.122,-6.8801,2.3179,26.491
-0.014071,92.045,108.13,-34.485,-52.299,105.95,123.04,113.27,26.719,-8.9147,1.3619,26.963
0.13059,93.67,109.8,-34.888,-52.783,107.86,123.56,111.86,24.071,-11.46,0.29392,27.364
-0.03414,94.998,111.26,-35.123,-53.244,109.55,123.82,110.23,21.214,-14.498,-0.86736,27.751
-0.48966,96.096,112.59,-35.21,-53.795,111.08,123.91,108.4,18.155,-17.931,-2.1059,28.154
-1.2359,97.027,113.96,-35.156,-54.648,112.47,123.9,106.35,14.878,-21.663,-3.4117,28.572
-2.2717,97.829,115.52,-34.966,-55.982,113.74,123.82,104.05,11.359,-25.621,-4.7736,28.981
-3.5669,98.508,117.37,-34.663,-57.86,114.93,123.65,101.4,7.6173,-29.724,-6.1673,29.356
-5.0474,99.034,119.51,-34.296,-60.204,116.05,123.32,98.298,3.7491,-33.859,-7.5476,29.688
-6.5838,99.383,121.82,-33.934,-62.807,117.09,122.75,94.658,-0.088138,-37.916,-8.8558,29.989
-7.9916,99.574,124.14,-33.646,-65.374,118.05,121.89,90.424,-3.7451,-41.818,-10.036,30.288
-9.0706,99.679,126.28,-33.477,-67.609,118.93,120.71,85.593,-7.1402,-45.518,-11.055,30.618
-9.6804,99.792,128.13,-33.446,-69.363,119.77,119.22,80.21,-10.26,-49.005,-11.906,31.005
-9.7986,99.988,129.71,-33.536,-70.678,120.61,117.45,74.359,-13.13,-52.303,-12.607,31.454
-9.5158,100.28,131.14,-33.713,-71.711,121.47,115.44,68.15,-15.807,-55.453,-13.199,31.95
-9.036,100.63,132.65,-33.921,-72.697,122.33,113.18,61.703,-18.377,-58.461,-13.733,32.458
-8.6763,100.93,134.35,-34.093,-73.863,123.14,110.65,55.119,-20.945,-61.26,-14.25,32.946
-8.7227,101.09,136.14,-34.158,-75.144,123.77,107.78,48.487,-23.596,-63.732,-14.754,33.397
-9.3009,101.07,137.54,-34.076,-76.202,124.07,104.5,41.895,-26.359,-65.787,-15.212,33.815
-10.416,100.89,138.01,-33.863,-77.13,123.94,100.79,35.438,-29.19,-67.421,-15.565,34.212
-11.9,100.58,137.46,-33.592,-78.113,123.38,96.706,29.212,-31.994,-68.72,-15.753,34.594
-13.286,100.2,136.15,-33.36,-78.802,122.45,92.312,23.307,-34.665,-69.819,-15.737,34.951
-13.98,99.749,134.18,-33.254,-78.589,121.2,87.605,17.803,-37.122,-70.848,-15.506,35.253
-13.55,99.201,131.44,-33.331,-76.911,119.62,82.485,12.767,-39.302,-71.89,-15.085,35.468
-11.819,98.501,127.77,-33.61,-73.421,117.66,76.837,8.247,-41.149,-72.933,-14.529,35.573
-8.875,97.605,123.08,-34.061,-68.113,115.29,70.676,4.2543,-42.604,-73.845,-13.901,35.566
-4.9677,96.474,117.47,-34.605,-61.401,112.5,64.244,0.75436,-43.606,-74.397,-13.243,35.462
-0.48681,95.063,111.29,-35.128,-54.175,109.3,57.889,-2.3332,-44.104,-74.377,-12.559,35.279
3.9549,93.32,105.02,-35.527,-47.527,105.75,51.824,-5.115,-44.053,-73.713,-11.815,35.04
7.6599,91.197,99.049,-35.744,-42.108,101.86,46.043,-7.7006,-43.442,-72.409,-10.943,34.767
10.204,88.669,93.515,-35.774,-37.93,97.627,40.396,-10.191,-42.3,-70.417,-9.8714,34.491
11.664,85.752,88.314,-35.652,-34.68,93.132,34.686,-12.676,-40.713,-67.652,-8.5595,34.241
12.561,82.498,83.227,-35.422,-31.908,88.527,28.724,-15.23,-38.801,-64.063,-7.0211,34.041
13.548,78.97,78.101,-35.111,-29.162,83.976,22.434,-17.892,-36.693,-59.697,-5.3077,33.9
15,75.214,72.909,-34.726,-26.182,79.548,16.064,-20.631,-34.496,-54.696,-3.4823,33.804
16.849,71.263,67.556,-34.261,-22.853,75.185,10.253,-23.34,-32.273,-49.271,-1.6047,33.708
18.816,67.167,61.869,-33.712,-19.039,70.768,5.5694,-25.861,-30.052,-43.648,0.26784,33.539
20.584,63.028,55.918,-33.08,-14.87,66.229,2.0323,-28.051,-27.835,-38.051,2.074,33.217
21.969,58.985,50.027,-32.374,-10.721,61.59,-0.69536,-29.832,-25.625,-32.731,3.7522,32.667
22.99,55.159,44.439,-31.617,-7.0465,56.92,-2.9384,-31.212,-23.446,-27.963,5.2552,31.838
23.735,51.62,39.182,-30.823,-4.1702,52.267,-4.8914,-32.265,-21.355,-23.841,6.5665,30.718
24.285,48.363,34.174,-29.97,-2.0027,47.642,-6.661,-33.108,-19.425,-20.044,7.7047,29.327
24.705,45.3,29.392,-28.978,-0.38563,43.077,-8.3275,-33.872,-17.721,-16.187,8.7088,27.697
25.033,42.246,24.953,-27.709,0.75236,38.712,-9.9725,-34.677,-16.277,-12.605,9.6055,25.843
25.24,38.957,21.017,-25.976,1.5272,34.785,-11.674,-35.615,-15.101,-10.007,10.381,23.759
25.233,35.246,17.588,-23.59,2.1192,31.395,-13.479,-36.725,-14.191,-8.3056,10.987,21.453
24.971,31.112,14.499,-20.537,2.6576,28.341,-15.377,-37.979,-13.532,-7.0438,11.371,18.981
24.555,26.781,11.65,-17.157,3.1924,25.341,-17.284,-39.297,-13.089,-5.9739,11.516,16.427
24.126,22.566,9.0965,-13.933,3.7355,22.294,-19.072,-40.573,-12.81,-5.0108,11.44,13.826
23.727,18.68,6.9105,-11.089,4.2882,19.274,-20.63,-41.72,-12.635,-4.1295,11.186,11.176
23.267,15.144,5.0835,-8.5723,4.8455,16.358,-21.905,-42.691,-12.516,-3.3329,10.806,8.5333
22.601,11.832,3.522,-6.2569,5.3934,13.526,-22.897,-43.474,-12.425,-2.6412,10.348,6.0359
21.612,8.5992,2.0978,-4.0371,5.9218,10.704,-23.642,-44.08,-12.353,-2.0811,9.8513,3.8117
20.293,5.3715,0.70119,-1.8578,6.4426,7.8409,-24.186,-44.539,-12.308,-1.6743,9.3389,1.8979
18.748,2.1856,-0.7353,0.26789,6.9945,4.9617,-24.575,-44.894,-12.309,-1.4288,8.8128,0.25329
17.16,-0.83792,-2.2368,2.2587,7.6312,2.1798,-24.844,-45.195,-12.381,-1.3349,8.2574,-1.1894
15.715,-3.551,-3.7906,4.0006,8.3932,-0.34732,-25.015,-45.489,-12.545,-1.3679,7.6476,-2.484
14.545,-5.8403,-5.3452,5.4074,9.269,-2.4986,-25.096,-45.81,-12.804,-1.4976,6.9607,-3.6572
13.673,-7.6661,-6.8132,6.4624,10.168,-4.2306,-25.085,-46.168,-13.142,-1.7008,6.1856,-4.7119
13,-9.0649,-8.0897,7.2205,10.942,-5.5585,-24.979,-46.554,-13.528,-1.97,5.3261,-5.6432
12.355,-10.118,-9.0802,7.7769,11.449,-6.5183,-24.779,-46.944,-13.927,-2.313,4.3963,-6.4557
11.604,-10.909,-9.7247,8.2267,11.62,-7.1441,-24.493,-47.302,-14.306,-2.7436,3.4123,-7.1731
10.759,-11.486,-10.005,8.6308,11.473,-7.4634,-24.128,-47.586,-14.642,-3.267,2.3829,-7.8348
9.9308,-11.86,-9.9372,9.0007,11.079,-7.5063,-23.68,-47.757,-14.927,-3.87,1.3082,-8.482
9.1915,-12.033,-9.5646,9.3121,10.509,-7.3191,-23.135,-47.782,-15.165,-4.5225,0.18595,-9.1462
8.5178,-12.031,-8.9549,9.5369,9.8069,-6.97,-22.465,-47.643,-15.368,-5.1875,-0.98077,-9.8459
7.8623,-11.904,-8.1918,9.6718,9.001,-6.5412,-21.643,-47.337,-15.544,-5.8298,-2.1791,-10.59
7.1993,-11.719,-7.3628,9.7454,8.1214,-6.1153,-20.65,-46.876,-15.693,-6.4174,-3.3863,-11.38
6.5014,-11.545,-6.5584,9.81,7.2078,-5.7641,-19.487,-46.275,-15.809,-6.919,-4.5698,-12.203
5.7244,-11.447,-5.8713,9.9232,6.3073,-5.5414,-18.181,-45.552,-15.877,-7.3063,-5.688,-13.032
4.8461,-11.468,-5.3782,10.124,5.4833,-5.4764,-16.779,-44.721,-15.881,-7.56,-6.6949,-13.828
3.9064,-11.614,-5.1122,10.411,4.8019,-5.5675,-15.34,-43.792,-15.809,-7.6777,-7.5525,-14.551
2.9814,-11.854,-5.0505,10.748,4.2935,-5.7817,-13.914,-42.763,-15.661,-7.6758,-8.2446,-15.179
2.1304,-12.127,-5.1241,11.076,3.9342,-6.0607,-12.535,-41.618,-15.447,-7.5826,-8.7816,-15.706
1.3699,-12.377,-5.2409,11.353,3.6601,-6.3358,-11.208,-40.323,-15.175,-7.4249,-9.1904,-16.14
0.68807,-12.568,-5.3124,11.568,3.3955,-6.5443,-9.9096,-38.825,-14.847,-7.2167,-9.4974,-16.487
0.069753,-12.687,-5.2736,11.738,3.0828,-6.6422,-8.6011,-37.067,-14.451,-6.9545,-9.7133,-16.757
-0.4797,-12.735,-5.094,11.884,2.7022,-6.6086,-7.2588,-35.018,-13.967,-6.6212,-9.829,-16.956
-0.92472,-12.712,-4.7815,12.01,2.278,-6.4446,-5.89,-32.681,-13.382,-6.1921,-9.8218,-17.087
-1.2073,-12.616,-4.3762,12.099,1.868,-6.1699,-4.5306,-30.112,-12.686,-5.6433,-9.6678,-17.141
-1.2683,-12.448,-3.9386,12.129,1.541,-5.8195,-3.2267,-27.407,-11.881,-4.9606,-9.3545,-17.104
-1.0868,-12.223,-3.5333,12.088,1.3504,-5.4412,-2.0174,-24.683,-10.974,-4.1482,-8.8888,-16.96
-0.71397,-11.983,-3.2149,12.001,1.3119,-5.09,-0.92824,-22.048,-9.9748,-3.2337,-8.301,-16.71
-0.27604,-11.784,-3.0182,11.924,1.3963,-4.8196,0.030132,-19.58,-8.897,-2.2652,-7.6416,-16.378
0.061516,-11.689,-2.9538,11.931,1.5384,-4.6735,0.86259,-17.308,-7.7503,-1.2982,-6.9714,-16.009
0.14788,-11.743,-3.0071,12.082,1.6582,-4.6775,1.5891,-15.22,-6.5347,-0.37575,-6.3445,-15.651
-0.10941,-11.964,-3.1422,12.401,1.6816,-4.8326,2.2401,-13.277,-5.2321,0.48669,-5.796,-15.337
-0.72826,-12.332,-3.3062,12.873,1.5544,-5.1128,2.8456,-11.435,-3.8057,1.3047,-5.3367,-15.078
-1.6632,-12.798,-3.4374,13.443,1.2477,-5.4669,3.4244,-9.6706,-2.2114,2.1184,-4.9586,-14.862
-2.8276,-13.292,-3.473,14.034,0.75618,-5.8272,3.9773,-7.9749,-0.41784,2.9776,-4.6434,-14.663
-4.1108,-13.738,-3.3587,14.571,0.095577,-6.1198,4.4884,-6.3496,1.5746,3.9227,-4.372,-14.444
-5.3949,-14.066,-3.0539,14.996,-0.70059,-6.2731,4.9336,-4.794,3.7252,4.9655,-4.1293,-14.164
-6.5905,-14.212,-2.5328,15.277,-1.5916,-6.226,5.2931,-3.2997,5.9621,6.0857,-3.9051,-13.788
-7.6588,-14.127,-1.7868,15.405,-2.5407,-5.9372,5.5629,-1.8527,8.2036,7.2469,-3.6894,-13.295
-8.577,-13.79,-0.83488,15.38,-3.5066,-5.3981,5.7584,-0.43881,10.38,8.4206,-3.4679,-12.687
-9.2853,-13.208,0.26277,15.204,-4.425,-4.6408,5.9083,0.95136,12.445,9.5989,-3.2215,-11.984
-9.693,-12.422,1.4033,14.879,-5.2051,-3.7366,6.0433,2.3203,14.373,10.794,-2.9295,-11.217
-9.7282,-11.497,2.4583,14.407,-5.7491,-2.783,6.185,3.6649,16.164,12.017,-2.573,-10.414
-9.369,-10.498,3.3145,13.798,-5.9845,-1.8765,6.3395,4.9797,17.837,13.281,-2.1318,-9.5966
-8.6344,-9.4787,3.9247,13.069,-5.8917,-1.0739,6.4959,6.2583,19.428,14.591,-1.5865,-8.7771
-7.572,-8.4598,4.3305,12.251,-5.5116,-0.36902,6.63,7.492,20.966,15.941,-0.92138,-7.9549
-6.2714,-7.4388,4.632,11.379,-4.9336,0.29735,6.712,8.6674,22.466,17.308,-0.12526,-7.1194
-4.8767,-6.4093,4.9359,10.499,-4.2753,0.9999,6.7128,9.76,23.915,18.65,0.80247,-6.2604
-3.5566,-5.3842,5.3172,9.6619,-3.6554,1.7863,6.6131,10.744,25.278,19.917,1.8546,-5.3788
-2.4505,-4.4091,5.7977,8.9155,-3.164,2.6435,6.4089,11.596,26.511,21.07,3.0172,-4.4952
-1.6383,-3.5557,6.3323,8.3016,-2.8455,3.4859,6.1103,12.305,27.581,22.091,4.267,-3.6448
-1.1489,-2.8969,6.8142,7.8473,-2.6906,4.1792,5.736,12.878,28.477,22.993,5.5679,-2.8657
-0.98855,-2.4747,7.1288,7.5594,-2.6462,4.6045,5.3074,13.342,29.215,23.807,6.8734,-2.1821
-1.1643,-2.277,7.248,7.4213,-2.6852,4.7348,4.8466,13.729,29.831,24.578,8.1415,-1.5901
-1.6827,-2.2366,7.2817,7.3968,-2.8958,4.6649,4.3772,14.079,30.373,25.343,9.3574,-1.0499
-2.5276,-2.2537,7.4162,7.4381,-3.44,4.5641,3.9202,14.407,30.882,26.122,10.548,-0.48953
-3.6434,-2.2314,7.7915,7.4985,-4.374,4.5867,3.4902,14.713,31.378,26.907,11.776,0.17621
-4.9414,-2.1111,8.4232,7.5436,-5.5823,4.8038,3.0879,14.97,31.853,27.665,13.096,1.0175
-6.2918,-1.8934,9.1923,7.5566,-6.834,5.1779,2.6997,15.133,32.268,28.351,14.517,2.0634
-7.5006,-1.6363,9.875,7.5305,-7.8503,5.5788,2.304,15.153,32.571,28.926,15.991,3.2909
-8.3325,-1.4199,10.212,7.4535,-8.3766,5.8382,1.8863,14.995,32.712,29.365,17.434,4.6398
-8.5842,-1.2963,10.012,7.2962,-8.2529,5.8297,1.4512,14.659,32.664,29.673,18.783,6.0413
-8.1533,-1.2472,9.2492,7.008,-7.4744,5.5342,1.0253,14.185,32.435,29.89,20.018,7.4489
-7.07,-1.1807,8.0992,6.5273,-6.2148,5.0561,0.64652,13.639,32.066,30.083,21.17,8.8507
-5.4757,-0.97019,6.8726,5.8037,-4.7699,4.5718,0.34604,13.082,31.612,30.309,22.299,10.258
-3.548,-0.5227,5.8609,4.8281,-3.4204,4.2408,0.13498,12.555,31.122,30.595,23.463,11.688
-1.427,0.16717,5.199,3.6458,-2.3223,4.1323,0.0015636,12.071,30.619,30.926,24.695,13.142
0.75548,1.0088,4.8295,2.3549,-1.4926,4.1971,-0.080498,11.627,30.108,31.257,25.982,14.596
2.7751,1.8592,4.5611,1.0763,-0.84072,4.2993,-0.1377,11.214,29.579,31.531,27.271,16.005
4.3964,2.5923,4.1807,-0.094279,-0.26979,4.2943,-0.18662,10.823,29.015,31.704,28.49,17.302
5.5934,3.1507,3.5505,-1.1237,0.26023,4.1115,-0.23155,10.452,28.403,31.747,29.571,18.418
6.569,3.5547,2.6541,-2.042,0.82243,3.7787,-0.26866,10.097,27.731,31.649,30.472,19.297
7.5511,3.8677,1.5793,-2.9073,1.5434,3.3765,-0.29377,9.7428,26.988,31.408,31.191,19.914
8.6123,4.1596,0.44869,-3.7669,2.4595,2.9801,-0.31133,9.3601,26.157,31.021,31.751,20.27
9.6639,4.4786,-0.61544,-4.6385,3.4492,2.6362,-0.34001,8.9013,25.219,30.472,32.186,20.371
10.555,4.8386,-1.4875,-5.4855,4.307,2.3745,-0.41625,8.3233,24.142,29.735,32.507,20.203
11.145,5.2091,-2.0494,-6.2047,4.8393,2.216,-0.58231,7.5921,22.896,28.784,32.7,19.727
11.328,5.5074,-2.2249,-6.6449,4.9304,2.1616,-0.87103,6.6955,21.46,27.603,32.72,18.909
11.048,5.6264,-2.0119,-6.69,4.5693,2.1806,-1.2904,5.6571,19.829,26.2,32.517,17.756
10.338,5.5127,-1.4881,-6.3577,3.8375,2.2279,-1.8163,4.537,18.039,24.619,32.054,16.335
9.3304,5.2124,-0.7832,-5.7903,2.8787,2.2743,-2.398,3.4184,16.167,22.934,31.326,14.755
8.2026,4.8229,-0.041639,-5.1543,1.8646,2.3068,-2.97,2.3846,14.324,21.234,30.359,13.126
7.0969,4.4196,0.60765,-4.5494,0.95093,2.3061,-3.4736,1.4938,12.621,19.592,29.209,11.527
6.0681,4.0256,1.0717,-3.982,0.2368,2.2453,-3.8813,0.75882,11.115,18.036,27.939,9.9984
5.0945,3.6233,1.3069,-3.394,-0.24471,2.1031,-4.2028,0.15192,9.7945,16.549,26.603,8.5421
4.1424,3.1761,1.3203,-2.7188,-0.49877,1.8726,-4.4757,-0.3795,8.589,15.086,25.226,7.1454
3.2324,2.6576,1.1556,-1.9421,-0.55005,1.5619,-4.7455,-0.89236,7.4161,13.601,23.818,5.7995
2.4307,2.0736,0.87618,-1.1166,-0.44508,1.1914,-5.0452,-1.4262,6.2116,12.071,22.38,4.5133
1.7864,1.4664,0.55117,-0.33664,-0.24542,0.79438,-5.383,-1.9959,4.9408,10.518,20.923,3.3095
1.3088,0.89077,0.24379,0.31867,-0.014854,0.40848,-5.7414,-2.5889,3.603,9.0023,19.466,2.2079
0.97582,0.3738,-0.0021204,0.82688,0.19112,0.056494,-6.086,-3.1801,2.2232,7.5945,18.037,1.2135
0.73729,-0.10807,-0.17537,1.2282,0.33411,-0.27159,-6.3794,-3.7441,0.84777,6.3453,16.664,0.31485
0.52639,-0.61538,-0.29652,1.6014,0.39857,-0.60914,-6.5943,-4.2625,-0.464,5.2731,15.365,-0.50738
0.28476,-1.199,-0.39623,2.0238,0.39257,-0.98012,-6.7158,-4.723,-1.6535,4.3719,14.147,-1.269
-0.010938,-1.8692,-0.49262,2.5344,0.33874,-1.3801,-6.7436,-5.1156,-2.6742,3.6232,13.005,-1.9739
-0.33876,-2.5898,-0.58869,3.119,0.25777,-1.7853,-6.6899,-5.4249,-3.4982,3.0043,11.928,-2.6156
-0.65434,-3.2933,-0.68006,3.7148,0.15555,-2.1671,-6.571,-5.6435,-4.116,2.4897,10.91,-3.181
-0.93889,-3.9087,-0.7575,4.2408,0.020004,-2.5025,-6.404,-5.7652,-4.5447,2.05,9.9541,-3.6616
-1.2204,-4.3934,-0.80751,4.6381,-0.17661,-2.782,-6.2045,-5.7971,-4.82,1.6511,9.0697,-4.0594
-1.5608,-4.753,-0.81676,4.9046,-0.47283,-3.0148,-5.9859,-5.765,-4.9978,1.2578,8.2614,-4.3887
-2.0567,-5.037,-0.7789,5.0971,-0.90271,-3.2245,-5.7609,-5.7119,-5.1486,0.84076,7.5207,-4.6748
-2.8083,-5.3136,-0.70096,5.2976,-1.4683,-3.4379,-5.5384,-5.688,-5.3442,0.38648,6.8231,-4.9451
-3.826,-5.6381,-0.60781,5.5668,-2.1169,-3.6737,-5.3227,-5.7336,-5.6358,-0.097808,6.1408,-5.2175
-4.9708,-6.0277,-0.54294,5.9136,-2.7374,-3.9347,-5.1118,-5.8634,-6.0353,-0.58858,5.4542,-5.4904
-5.9772,-6.4527,-0.56289,6.2886,-3.1784,-4.2103,-4.8981,-6.0579,-6.509,-1.0592,4.7584,-5.7419
-6.5288,-6.8499,-0.7238,6.6013,-3.2868,-4.4829,-4.6777,-6.2784,-6.9959,-1.4929,4.0626,-5.94
-6.3656,-7.1519,-1.0626,6.7568,-2.9587,-4.735,-4.4539,-6.4794,-7.4328,-1.8892,3.3841,-6.0583
-5.3898,-7.315,-1.5793,6.6956,-2.1814,-4.954,-4.2362,-6.6263,-7.7801,-2.2621,2.7364,-6.0901
-3.7325,-7.3341,-2.23,6.42,-1.0504,-5.1334,-4.0356,-6.7093,-8.0352,-2.6328,2.1175,-6.0516
-1.7341,-7.2444,-2.937,5.9967,0.24688,-5.2756,-3.8618,-6.745,-8.2302,-3.0204,1.5066,-5.9758
0.16239,-7.1149,-3.6139,5.539,1.4817,-5.3956,-3.7241,-6.7653,-8.415,-3.4323,0.87432,-5.8999
1.5563,-7.0322,-4.1944,5.1688,2.4497,-5.5229,-3.6296,-6.8006,-8.6355,-3.8591,0.19913,-5.8513
2.2066,-7.0748,-4.652,4.9781,3.0275,-5.6948,-3.5823,-6.8665,-8.9148,-4.278,-0.5193,-5.8379
2.0775,-7.2872,-4.9971,5.0024,3.1951,-5.9412,-3.5814,-6.9608,-9.2455,-4.6614,-1.2543,-5.8446
1.316,-7.6673,-5.2559,5.2149,3.0182,-6.2678,-3.6257,-7.0702,-9.5964,-4.9866,-1.9551,-5.8388
0.2031,-8.1673,-5.4491,5.54,2.6128,-6.6475,-3.7096,-7.1787,-9.9255,-5.2425,-2.5594,-5.7843
-0.92763,-8.7041,-5.5826,5.8824,2.1105,-7.0233,-3.8213,-7.2736,-10.196,-5.4326,-3.017,-5.6597
-1.8051,-9.1831,-5.65,6.1631,1.6266,-7.3248,-3.9437,-7.3491,-10.389,-5.5746,-3.3164,-5.4731
-2.3055,-9.5314,-5.6404,6.3472,1.2325,-7.495,-4.0598,-7.4062,-10.509,-5.6964,-3.4987,-5.2627
-2.4693,-9.7212,-5.5492,6.4459,0.94165,-7.5111,-4.1576,-7.4499,-10.585,-5.8266,-3.6455,-5.0829
-2.4172,-9.7691,-5.3903,6.4893,0.73158,-7.3924,-4.2293,-7.4819,-10.653,-5.9838,-3.8437,-4.9808
-2.2418,-9.7195,-5.207,6.5017,0.5963,-7.195,-4.2686,-7.4957,-10.743,-6.1702,-4.1466,-4.9768
-1.9961,-9.6275,-5.0694,6.4995,0.56579,-6.9958,-4.2714,-7.4802,-10.866,-6.3706,-4.5544,-5.0561
-1.7216,-9.5461,-5.0496,6.4947,0.67747,-6.8682,-4.2399,-7.4282,-11.012,-6.5586,-5.0179,-5.1742
-1.454,-9.515,-5.187,6.4951,0.94215,-6.8586,-4.1861,-7.3449,-11.158,-6.7065,-5.4597,-5.272
-1.2265,-9.5512,-5.4674,6.5063,1.3285,-6.9714,-4.1309,-7.2498,-11.285,-6.7965,-5.8036,-5.2971
-1.0639,-9.6442,-5.823,6.5326,1.7665,-7.1663,-4.0999,-7.1739,-11.389,-6.8308,-6.0072,-5.2261
-0.97216,-9.7529,-6.1516,6.5719,2.1661,-7.3677,-4.1157,-7.1505,-11.487,-6.8336,-6.082,-5.0752
-0.93582,-9.814,-6.3454,6.6083,2.4422,-7.4862,-4.1888,-7.202,-11.611,-6.8417,-6.0894,-4.8924
-0.92615,-9.7639,-6.3224,6.6149,2.5373,-7.4465,-4.3088,-7.3267,-11.784,-6.8907,-6.1137,-4.7354
-0.91462,-9.5709,-6.0514,6.5691,2.4341,-7.2155,-4.4447,-7.4943,-12.007,-7.0018,-6.2281,-4.6454
-0.8897,-9.2574,-5.5624,6.4713,2.1536,-6.8162,-4.5564,-7.6541,-12.26,-7.1758,-6.4703,-4.6313
-0.87101,-8.8946,-4.935,6.3532,1.7425,-6.3213,-4.6099,-7.7537,-12.507,-7.3944,-6.8331,-4.6672
-0.91051,-8.5706,-4.2716,6.2655,1.2566,-5.8271,-4.5899,-7.7581,-12.713,-7.6257,-7.2701,-4.7053
-1.0754,-8.3499,-3.6648,6.2536,0.74587,-5.4197,-4.5016,-7.6607,-12.851,-7.8333,-7.7138,-4.6975
-1.42,-8.2507,-3.1738,6.337,0.24524,-5.151,-4.3679,-7.4829,-12.913,-7.9886,-8.1002,-4.6176
-1.9608,-8.2476,-2.8158,6.5022,-0.22679,-5.0322,-4.2249,-7.2655,-12.916,-8.084,-8.3896,-4.4762
-2.6649,-8.2921,-2.5733,6.7135,-0.65965,-5.0408,-4.1149,-7.0553,-12.898,-8.138,-8.5769,-4.3169
-3.4533,-8.3347,-2.4088,6.9305,-1.0415,-5.1305,-4.0771,-6.8918,-12.908,-8.1876,-8.6844,-4.1949
-4.217,-8.3386,-2.2767,7.1219,-1.3571,-5.241,-4.1367,-6.7959,-12.982,-8.2687,-8.7394,-4.1486
-4.8397,-8.2836,-2.1296,7.2695,-1.5932,-5.3105,-4.2945,-6.7629,-13.126,-8.3955,-8.7536,-4.1828
-5.2213,-8.1621,-1.9251,7.3645,-1.7453,-5.2868,-4.522,-6.7613,-13.309,-8.5518,-8.7205,-4.2738
-5.2995,-7.9706,-1.6309,7.4023,-1.8214,-5.1332,-4.7656,-6.7406,-13.479,-8.7005,-8.6289,-4.3885
-5.0661,-7.7034,-1.2295,7.3789,-1.843,-4.8317,-4.9631,-6.6492,-13.577,-8.8041,-8.4802,-4.5032
-4.5753,-7.3561,-0.72291,7.2912,-1.8415,-4.3882,-5.0675,-6.4561,-13.569,-8.8432,-8.2953,-4.615
-3.9382,-6.9385,-0.13689,7.1415,-1.8522,-3.8379,-5.0654,-6.1653,-13.454,-8.8265,-8.1125,-4.7451
-3.2992,-6.4825,0.47885,6.9419,-1.9044,-3.2445,-4.9781,-5.8136,-13.264,-8.7874,-7.9769,-4.9283
-2.8056,-6.0398,1.0581,6.7174,-2.0151,-2.6885,-4.8457,-5.454,-13.047,-8.769,-7.9243,-5.1936
-2.5814,-5.6726,1.5366,6.5075,-2.1978,-2.2492,-4.7039,-5.1353,-12.844,-8.8027,-7.9653,-5.5431
-2.7097,-5.4416,1.8779,6.3637,-2.4788,-1.9836,-4.5708,-4.888,-12.677,-8.8923,-8.0793,-5.9449
-3.2183,-5.3886,2.0876,6.3368,-2.8852,-1.9098,-4.4472,-4.722,-12.548,-9.0153,-8.2209,-6.3475
-4.064,-5.5207,2.201,6.4558,-3.4091,-2.0031,-4.3244,-4.6327,-12.448,-9.1369,-8.3403,-6.7056
-5.1163,-5.8055,2.2526,6.712,-3.99,-2.2089,-4.1906,-4.6085,-12.369,-9.2283,-8.4044,-7.0009
-6.1586,-6.1848,2.253,7.058,-4.5239,-2.4658,-4.0359,-4.6372,-12.307,-9.278,-8.4112,-7.2474
-6.929,-6.6012,2.1806,7.4268,-4.8861,-2.7293,-3.8585,-4.7079,-12.261,-9.2952,-8.39,-7.4821
-7.1991,-7.0228,1.9898,7.7606,-4.9638,-2.9856,-3.6703,-4.8128,-12.235,-9.3045,-8.3901,-7.747
-6.8616,-7.455,1.6315,8.0352,-4.6913,-3.2534,-3.4949,-4.9455,-12.232,-9.3338,-8.4621,-8.0691
-5.9837,-7.9322,1.0774,8.269,-4.0753,-3.5718,-3.3589,-5.1005,-12.256,-9.4027,-8.6422,-8.4468
-4.7948,-8.4945,0.339,8.5107,-3.1983,-3.9771,-3.279,-5.2722,-12.311,-9.5157,-8.9412,-8.8482
-3.6054,-9.1644,-0.53406,8.8153,-2.1973,-4.4821,-3.2505,-5.4526,-12.394,-9.6618,-9.3409,-9.2207
-2.7018,-9.9371,-1.4768,9.2203,-1.2258,-5.0745,-3.2432,-5.6255,-12.497,-9.8192,-9.796,-9.5085
-2.2713,-10.788,-2.4327,9.7328,-0.41413,-5.7329,-3.2105,-5.766,-12.601,-9.9621,-10.243,-9.6718
-2.3841,-11.683,-3.3577,10.326,0.15777,-6.4372,-3.1118,-5.8493,-12.685,-10.07,-10.621,-9.7053
-3.0004,-12.579,-4.2089,10.946,0.46353,-7.1617,-2.9352,-5.8682,-12.739,-10.139,-10.889,-9.6448
-3.9782,-13.433,-4.9361,11.532,0.51855,-7.8673,-2.7041,-5.8407,-12.765,-10.181,-11.042,-9.5522
-5.1172,-14.203,-5.4806,12.04,0.36461,-8.4991,-2.4626,-5.8024,-12.774,-10.216,-11.102,-9.4845
-6.2393,-14.84,-5.7825,12.448,0.054253,-8.987,-2.2509,-5.7859,-12.771,-10.259,-11.097,-9.4639
-7.2183,-15.283,-5.7956,12.74,-0.36311,-9.2508,-2.086,-5.7998,-12.748,-10.304,-11.04,-9.4662
-7.9529,-15.456,-5.5018,12.888,-0.84678,-9.2184,-1.9558,-5.8206,-12.687,-10.33,-10.925,-9.4323
-8.3499,-15.292,-4.9144,12.849,-1.362,-8.8549,-1.8301,-5.8036,-12.575,-10.312,-10.733,-9.3003
-8.3377,-14.766,-4.0817,12.583,-1.871,-8.1841,-1.6811,-5.7065,-12.414,-10.24,-10.452,-9.0406
-7.9015,-13.919,-3.0955,12.09,-2.3241,-7.2917,-1.499,-5.5116,-12.224,-10.124,-10.088,-8.6746
-7.1047,-12.867,-2.0887,11.417,-2.6627,-6.3098,-1.2929,-5.2319,-12.032,-9.9879,-9.6683,-8.2668
-6.0668,-11.77,-1.213,10.651,-2.8319,-5.3883,-1.0802,-4.8978,-11.857,-9.8568,-9.2301,-7.8956
-4.925,-10.788,-0.60193,9.8917,-2.7953,-4.6592,-0.87199,-4.5383,-11.697,-9.7425,-8.8109,-7.6225
-3.8057,-10.034,-0.33516,9.2201,-2.5423,-4.2057,-0.66705,-4.1705,-11.533,-9.6406,-8.4393,-7.4715
-2.8074,-9.5485,-0.4219,8.6841,-2.0898,-4.0449,-0.45581,-3.8005,-11.341,-9.5371,-8.1338,-7.428
-1.9887,-9.3014,-0.80746,8.2913,-1.4771,-4.1335,-0.23027,-3.4339,-11.104,-9.4188,-7.9054,-7.4535
-1.3601,-9.2143,-1.3989,8.0153,-0.75854,-4.3915,0.0097891,-3.0832,-10.828,-9.2826,-7.7603,-7.5066
-0.88747,-9.2014,-2.0959,7.8125,0.0033617,-4.7324,0.25672,-2.7669,-10.535,-9.1375,-7.7004,-7.561
-0.51485,-9.2065,-2.8121,7.6444,0.74735,-5.0877,0.49632,-2.5054,-10.257,-9.0018,-7.7215,-7.613
-0.19895,-9.2178,-3.4805,7.4957,1.4184,-5.4195,0.70801,-2.3166,-10.028,-8.8969,-7.8139,-7.6816
0.06496,-9.254,-4.0476,7.3774,1.9641,-5.7153,0.86808,-2.2127,-9.8753,-8.8398,-7.9625,-7.797
0.24187,-9.3362,-4.4659,7.3151,2.3313,-5.9695,0.95974,-2.1937,-9.806,-8.8337,-8.1471,-7.9827
0.277,-9.4635,-4.6909,7.3276,2.4731,-6.1646,0.98386,-2.2417,-9.8028,-8.8624,-8.3429,-8.2377
0.12434,-9.6054,-4.6897,7.4121,2.3632,-6.2684,0.9607,-2.3215,-9.8283,-8.8951,-8.5272,-8.5315
-0.22922,-9.714,-4.4538,7.546,2.007,-6.249,0.9196,-2.3915,-9.8418,-8.8989,-8.6884,-8.8138
-0.7522,-9.7477,-4.0066,7.7001,1.4451,-6.0927,0.88328,-2.4203,-9.8171,-8.8547,-8.8331,-9.0321
-1.3701,-9.6887,-3.4022,7.8491,0.75036,-5.8115,0.857,-2.3989,-9.7522,-8.7647,-8.9855,-9.1493
-1.9795,-9.5433,-2.7164,7.9743,0.017988,-5.4394,0.82901,-2.342,-9.6661,-8.6514,-9.1772,-9.1562
-2.4703,-9.3329,-2.0362,8.0603,-0.64892,-5.0239,0.78174,-2.2779,-9.5837,-8.5448,-9.432,-9.072
-2.7486,-9.0824,-1.4445,8.0928,-1.1559,-4.6147,0.70589,-2.2325,-9.5172,-8.465,-9.7519,-8.933
-2.7555,-8.8116,-1.0052,8.0591,-1.4345,-4.2537,0.60821,-2.2171,-9.4542,-8.4099,-10.11,-8.7745
-2.4836,-8.5328,-0.75005,7.9529,-1.4587,-3.9682,0.50751,-2.2265,-9.3622,-8.3551,-10.454,-8.6174
-1.9899,-8.2546,-0.67381,7.7823,-1.2551,-3.7685,0.4219,-2.2472,-9.2051,-8.2658,-10.722,-8.4645
-1.3922,-7.99,-0.73928,7.5754,-0.89936,-3.651,0.35661,-2.2685,-8.9622,-8.111,-10.86,-8.3031
-0.83942,-7.7619,-0.89014,7.3775,-0.49738,-3.6043,0.30196,-2.2852,-8.6385,-7.8743,-10.836,-8.1107
-0.46549,-7.5975,-1.066,7.2336,-0.15737,-3.614,0.24168,-2.2928,-8.2606,-7.5562,-10.647,-7.8629
-0.34668,-7.5145,-1.2157,7.1675,0.038472,-3.664,0.16399,-2.28,-7.8631,-7.1711,-10.314,-7.5457
-0.47886,-7.5074,-1.3065,7.1673,0.051676,-3.7353,0.067075,-2.2284,-7.4751,-6.7416,-9.8713,-7.1686
-0.78161,-7.5399,-1.3261,7.1864,-0.1088,-3.8044,-0.042106,-2.1179,-7.1111,-6.2938,-9.3605,-6.7674
-1.1268,-7.5531,-1.2787,7.1629,-0.3945,-3.8421,-0.15173,-1.9348,-6.7703,-5.8535,-8.8226,-6.3963
-1.382,-7.4875,-1.1795,7.0492,-0.73139,-3.8214,-0.24947,-1.6791,-6.4406,-5.4442,-8.2931,-6.111
-1.4542,-7.3128,-1.0549,6.8385,-1.0331,-3.7294,-0.32787,-1.3709,-6.1097,-5.0848,-7.8012,-5.9514
-1.312,-7.0466,-0.94584,6.5702,-1.2111,-3.5785,-0.38953,-1.0505,-5.7785,-4.7887,-7.3697,-5.9295
-0.97173,-6.7489,-0.90358,6.3086,-1.1889,-3.4049,-0.44667,-0.76983,-5.4656,-4.5597,-7.0072,-6.0246
-0.46362,-6.4916,-0.97044,6.1077,-0.92297,-3.2559,-0.51289,-0.57437,-5.2001,-4.3906,-6.6981,-6.1858
0.17856,-6.3198,-1.1584,5.9832,-0.42323,-3.1693,-0.59413,-0.48692,-5.0073,-4.265,-6.4039,-6.3478
0.90524,-6.227,-1.4363,5.9092,0.23819,-3.15,-0.68593,-0.50262,-4.9002,-4.1684,-6.0847,-6.4579
1.6397,-6.1573,-1.7271,5.8346,0.93256,-3.1592,-0.77699,-0.59412,-4.8756,-4.098,-5.7284,-6.5019
2.2766,-6.0296,-1.921,5.7079,1.5004,-3.1244,-0.85089,-0.71852,-4.9113,-4.0627,-5.3641,-6.5084
2.6997,-5.7672,-1.9067,5.4958,1.7941,-2.9676,-0.88337,-0.821,-4.9617,-4.0717,-5.0492,-6.5269
2.8108,-5.3172,-1.607,5.1907,1.7199,-2.6269,-0.83899,-0.83849,-4.9594,-4.1183,-4.8358,-6.5945
2.5569,-4.6526,-1.0012,4.8093,1.2624,-2.0619,-0.67422,-0.70861,-4.8247,-4.1713,-4.7365,-6.711
1.9526,-3.7603,-0.12192,4.3769,0.48801,-1.2399,-0.34799,-0.38362,-4.4818,-4.1769,-4.709,-6.835
1.0916,-2.6266,0.96613,3.8942,-0.46918,-0.12815,0.16763,0.15746,-3.8716,-4.0707,-4.6634,-6.8984
0.14864,-1.2525,2.1877,3.3084,-1.4367,1.2743,0.88598,0.90502,-2.9617,-3.7916,-4.4869,-6.8284
-0.62888,0.31202,3.4625,2.5272,-2.2437,2.875,1.8141,1.8255,-1.7472,-3.2884,-4.0739,-6.563
-0.96063,2.024,4.7166,1.4698,-2.7631,4.5374,2.9644,2.8765,-0.24447,-2.5177,-3.3479,-6.0519
-0.61848,3.9703,5.9283,0.090165,-2.9422,6.2563,4.3598,4.0277,1.5232,-1.4372,-2.2608,-5.2536
0.49503,6.3475,7.1811,-1.6432,-2.8121,8.2074,6.039,5.2798,3.539,-0.0014403,-0.76627,-4.1383
2.3394,9.363,8.657,-3.7606,-2.4702,10.634,8.0646,6.6729,5.7957,1.8372,1.2028,-2.6957
4.7574,13.185,10.562,-6.2829,-2.0447,13.741,10.527,8.2796,8.2867,4.1216,3.7011,-0.9385
7.4966,17.887,13.012,-9.2032,-1.6551,17.599,13.53,10.188,10.995,6.8685,6.6718,1.0987
10.278,23.286,15.911,-12.454,-1.3843,22.003,17.139,12.484,13.89,10.027,9.899,3.3616
12.875,28.798,18.892,-15.869,-1.2644,26.409,21.311,15.227,16.926,13.436,13.112,5.7786
15.136,33.634,21.457,-19.187,-1.2846,30.16,25.839,18.44,20.053,16.843,16.139,8.27
16.977,37.295,23.258,-22.162,-1.4216,32.859,30.412,22.096,23.222,20.026,18.969,10.771
18.372,39.828,24.254,-24.702,-1.6706,34.489,34.767,26.123,26.393,22.933,21.703,13.258
19.342,41.688,24.647,-26.887,-2.0437,35.313,38.798,30.434,29.532,25.707,24.47,15.75
19.956,43.425,24.784,-28.8,-2.5368,35.774,42.516,34.945,32.612,28.534,27.333,18.275
20.41,45.356,25.051,-30.41,-3.1006,36.38,45.968,39.595,35.605,31.474,30.242,20.824
21.058,47.398,25.684,-31.689,-3.6354,37.429,49.164,44.316,38.476,34.417,33.06,23.312
22.26,49.264,26.507,-32.71,-4.0077,38.697,52.058,49.009,41.172,37.177,35.631,25.587
24.078,50.759,26.927,-33.584,-4.0722,39.652,54.572,53.522,43.635,39.604,37.841,27.507
26.268,51.81,26.4,-34.365,-3.6913,39.988,56.624,57.666,45.808,41.631,39.646,29.018
28.586,52.387,24.805,-35.044,-2.752,39.695,58.162,61.253,47.657,43.263,41.074,30.157
30.928,52.493,22.357,-35.593,-1.1838,38.853,59.162,64.146,49.173,44.559,42.2,31.013
33.282,52.205,19.384,-36.019,1.0117,37.56,59.576,66.293,50.365,45.602,43.122,31.68
35.685,51.686,16.223,-36.372,3.7447,35.959,59.265,67.717,51.245,46.475,43.932,32.23
38.186,51.129,13.171,-36.721,6.8525,34.225,58.02,68.47,51.823,47.244,44.69,32.702
40.799,50.647,10.452,-37.101,10.101,32.48,55.675,68.57,52.098,47.944,45.4,33.092
43.485,50.194,8.1624,-37.49,13.194,30.764,52.244,67.975,52.059,48.56,46.001,33.368
46.119,49.62,6.2556,-37.824,15.839,29.072,47.939,66.607,51.693,49.009,46.377,33.477
48.441,48.791,4.612,-38.043,17.836,27.381,43.062,64.408,50.992,49.141,46.4,33.375
50.146,47.672,3.1534,-38.112,19.106,25.626,37.865,61.395,49.961,48.796,45.971,33.045
51.077,46.304,1.8855,-38.022,19.754,23.698,32.481,57.659,48.624,47.869,45.042,32.512
51.246,44.736,0.86273,-37.786,20.103,21.517,26.955,53.332,47.025,46.36,43.645,31.826
50.71,42.978,0.073927,-37.421,20.498,19.156,21.355,48.555,45.205,44.367,41.878,31.044
49.549,41.001,-0.58769,-36.943,20.994,16.812,15.9,43.47,43.195,42.045,39.874,30.203
47.94,38.751,-1.2389,-36.357,21.431,14.622,10.957,38.214,41.012,39.548,37.756,29.326
46.177,36.186,-1.9512,-35.668,21.755,12.595,6.8265,32.916,38.67,37.002,35.635,28.428
44.553,33.319,-2.7548,-34.898,22.039,10.7,3.5538,27.694,36.195,34.512,33.625,27.515
43.263,30.243,-3.6588,-34.098,22.326,8.9203,0.97666,22.658,33.629,32.175,31.848,26.585
42.381,27.112,-4.6558,-33.342,22.624,7.2436,-1.1217,17.927,31.029,30.066,30.381,25.617
41.911,24.072,-5.716,-32.708,22.983,5.6402,-2.9213,13.619,28.455,28.198,29.203,24.571
41.841,21.206,-6.821,-32.241,23.518,4.0667,-4.5397,9.8361,25.951,26.507,28.2,23.404
42.179,18.511,-8.041,-31.921,24.389,2.4896,-6.034,6.619,23.551,24.884,27.232,22.102
42.954,15.928,-9.5285,-31.665,25.794,0.90516,-7.4165,3.9374,21.27,23.245,26.205,20.702
44.217,13.397,-11.395,-31.345,27.948,-0.65618,-8.6801,1.7096,19.107,21.56,25.087,19.277
46.018,10.92,-13.589,-30.817,30.976,-2.1436,-9.8192,-0.16427,17.034,19.839,23.875,17.9
48.272,8.5545,-15.874,-29.925,34.664,-3.5057,-10.839,-1.7797,15.003,18.112,22.578,16.603
50.54,6.3759,-17.914,-28.473,38.25,-4.6924,-11.752,-3.2214,12.964,16.401,21.22,15.364
52.041,4.4507,-19.371,-26.243,40.714,-5.6435,-12.575,-4.5635,10.881,14.727,19.837,14.123
52.343,2.8383,-20.007,-23.268,41.615,-6.2953,-13.325,-5.872,8.7423,13.097,18.468,12.812
52.207,1.5621,-19.751,-20.118,41.224,-6.6091,-14.018,-7.2035,6.5473,11.503,17.137,11.389
51.639,0.56807,-18.715,-17.357,39.809,-6.599,-14.669,-8.5997,4.3032,9.9291,15.841,9.8475
49.758,-0.27855,-17.125,-14.929,37.35,-6.3385,-15.276,-10.078,2.0309,8.3603,14.549,8.2132
45.962,-1.1454,-15.207,-12.466,33.733,-5.9452,-15.816,-11.626,-0.21489,6.7913,13.222,6.523
40.146,-2.1671,-13.127,-9.7158,29.009,-5.5513,-16.251,-13.203,-2.3382,5.2322,11.839,4.8241
32.563,-3.4028,-11.003,-6.6471,23.443,-5.2693,-16.546,-14.757,-4.2315,3.7121,10.416,3.1742
23.605,-4.8305,-8.9418,-3.4013,17.339,-5.1647,-16.69,-16.254,-5.8255,2.2785,8.9892,1.6278
14.034,-6.3645,-7.0573,-0.21571,11.063,-5.2452,-16.704,-17.685,-7.1135,0.97972,7.6123,0.21597
5.3325,-7.8821,-5.4696,2.6768,5.2756,-5.4687,-16.64,-19.067,-8.1361,-0.15824,6.3358,-1.06
-1.561,-9.2599,-4.2753,5.1216,0.67244,-5.7648,-16.558,-20.418,-8.9508,-1.1313,5.1989,-2.2092
-6.2793,-10.41,-3.5173,7.0438,-2.2526,-6.0618,-16.511,-21.734,-9.6131,-1.9419,4.2264,-3.2263
-8.4326,-11.304,-3.1758,8.4318,-3.1374,-6.3115,-16.528,-22.988,-10.171,-2.5895,3.4293,-4.0843
-7.7873,-11.966,-3.1844,9.3484,-2.3858,-6.5051,-16.614,-24.152,-10.666,-3.0757,2.8032,-4.7495
-5.0715,-12.458,-3.4569,9.9309,-1.4447,-6.6719,-16.76,-25.226,-11.134,-3.4119,2.3284,-5.2042
-2.7158,-12.853,-3.9117,10.336,-0.70738,-6.8585,-16.956,-26.24,-11.597,-3.6227,1.9769,-5.4621
-1.6043,-13.214,-4.4809,10.673,0.079334,-7.1,-17.197,-27.242,-12.063,-3.7399,1.7195,-5.5697
-0.93246,-13.575,-5.1039,10.981,0.91027,-7.4014,-17.473,-28.259,-12.518,-3.7942,1.531,-5.5952
-0.47047,-13.933,-5.7173,11.258,1.6579,-7.7368,-17.768,-29.283,-12.934,-3.8061,1.3944,-5.6066
-0.2454,-14.251,-6.2552,11.473,2.2274,-8.059,-18.045,-30.259,-13.271,-3.7841,1.3062,-5.6493
-0.22852,-14.478,-6.6591,11.587,2.5862,-8.3137,-18.265,-31.119,-13.494,-3.7266,1.2783,-5.7328
-0.30937,-14.567,-6.8869,11.569,2.7435,-8.4538,-18.395,-31.81,-13.581,-3.6271,1.3325,-5.8333
-0.36813,-14.491,-6.9203,11.412,2.7347,-8.4526,-18.42,-32.323,-13.538,-3.4774,1.4883,-5.9097
-0.34322,-14.257,-6.7691,11.143,2.61,-8.311,-18.357,-32.699,-13.4,-3.271,1.7512,-5.9247
-0.24598,-13.909,-6.4732,10.818,2.4207,-8.0597,-18.249,-33.016,-13.223,-3.0087,2.1036,-5.8625
-0.13554,-13.514,-6.0944,10.503,2.2068,-7.7507,-18.158,-33.367,-13.071,-2.7043,2.5044,-5.7349
-0.077554,-13.142,-5.6966,10.254,1.993,-7.4425,-18.149,-33.836,-13,-2.3844,2.8994,-5.5795
-0.11381,-12.844,-5.3251,10.097,1.7889,-7.1803,-18.268,-34.472,-13.044,-2.0792,3.2403,-5.4459
-0.2556,-12.635,-4.9945,10.022,1.5877,-6.9825,-18.52,-35.267,-13.2,-1.8079,3.5044,-5.3746
-0.49073,-12.493,-4.6907,10.001,1.3684,-6.8367,-18.869,-36.163,-13.433,-1.5702,3.701,-5.3761
-0.79145,-12.371,-4.3818,9.9911,1.106,-6.7093,-19.245,-37.068,-13.692,-1.3525,3.8579,-5.4246
-1.1177,-12.219,-4.0371,9.9593,0.78762,-6.5627,-19.578,-37.905,-13.937,-1.1423,3.9989,-5.4725
-1.4176,-12.005,-3.6467,9.8828,0.42731,-6.3734,-19.824,-38.642,-14.156,-0.94083,4.1242,-5.4764
-1.6314,-11.722,-3.2354,9.753,0.070696,-6.1444,-19.981,-39.292,-14.363,-0.76132,4.209,-5.4169
-1.7025,-11.398,-2.8616,9.5718,-0.21572,-5.9082,-20.083,-39.897,-14.586,-0.6158,4.2184,-5.3016
-1.5945,-11.079,-2.5998,9.3481,-0.3672,-5.7157,-20.18,-40.493,-14.844,-0.50199,4.1297,-5.1551
-1.3075,-10.812,-2.5099,9.0935,-0.34551,-5.6161,-20.322,-41.097,-15.133,-0.40337,3.9443,-5.0073
-0.88644,-10.632,-2.6138,8.823,-0.15422,-5.6369,-20.54,-41.7,-15.435,-0.30452,3.6828,-4.8849
-0.41761,-10.556,-2.8895,8.5607,0.1647,-5.7765,-20.835,-42.294,-15.726,-0.21397,3.3616,-4.8102
-0.0027035,-10.597,-3.2852,8.3485,0.55486,-6.009,-21.173,-42.879,-16.018,-0.18424,2.9625,-4.8102
0.27997,-10.77,-3.7464,8.2453,0.97365,-6.2956,-21.489,-43.476,-16.375,-0.31826,2.4125,-4.9288
0.39194,-11.082,-4.2403,8.3104,1.3997,-6.5982,-21.69,-44.11,-16.928,-0.74358,1.599,-5.2231
0.33783,-11.522,-4.7662,8.5745,1.8201,-6.8944,-21.655,-44.776,-17.856,-1.5388,0.43303,-5.7276
0.21753,-12.047,-5.3452,9.0171,2.2221,-7.1958,-21.23,-45.393,-19.366,-2.6347,-0.99576,-6.4094
0.21687,-12.586,-6.0112,9.5592,2.6054,-7.5496,-20.218,-45.748,-21.605,-3.6243,-1.5189,-7.1114
0.56758,-13.025,-6.8332,10.03,3.0471,-7.9883,-18.46,-45.429,-24.35,-3.1306,2.5606,-6.9025
1.5491,-13.288,-7.9129,10.205,3.7079,-8.458,-16.44,-43.655,-26.723,-1.9159,5.9048,-4.5002
2.8777,-13.528,-9.3005,10.19,4.6367,-8.8841,-20.004,-39.148,-27.398,-1.5588,8.1739,-2.0057
3.881,-13.955,-10.904,10.276,5.6935,-9.3577,-28.868,-40.658,-24.502,4.806,10.139,-1.0096
5.1967,-14.471,-12.539,9.9267,6.7028,-10.34,-28.998,-61.368,-23.037,6.7376,10.38,-1.4293
9.7435,-15.87,-14.233,7.4378,7.731,-13.946,-27.739,-62.633,-28.593,1.4276,5.1209,-1.8738
8.982,-24.212,-16.86,10.652,10.476,-25.061,-24.75,-64.362,-39.269,-11.191,-7.1109,-9.5452
4.1739,-37.33,-22.638,18.798,14.825,-35.443,-18.972,-65.368,-55.368,-33.448,-27.474,-22.956
-5.6625,-54.046,-30.961,31.22,12.175,-46.342,-8.9716,-63.234,-74.627,-61.192,-52.242,-43.667
-20.513,-69.506,-35.588,45.739,7.4001,-54.839,7.2936,-53.839,-90.998,-84.054,-75.154,-66.717
-34.557,-77.751,-35.148,56.477,1.5441,-57.569,33.356,-30.925,-95.55,-94.926,-90.273,-82.19
-39.927,-74.641,-30.603,57.867,-3.4126,-52.543,73.419,13.901,-78.076,-84.824,-89.417,-85.778
-33.165,-57.475,-22.472,46.548,-5.3307,-38.822,127.57,90.943,-28.032,-45.52,-65.592,-73.912
-12.283,-24.371,-10.857,20.163,-2.5486,-15.803,195.02,209.76,62.673,28.597,-14.806,-43.457
23.54,25.772,4.218,-22.392,6.9166,17.366,274.83,369.68,197.58,140.98,66.91,6.9973
74.744,93.424,21.754,-81.165,23.812,60.793,357.49,563.16,377.96,293.61,181.54,76.007
141.86,177.81,39.473,-155.31,50.049,111.18,429.27,768.51,600.24,484.76,328.77,162.26
225.41,276.46,54.178,-244.66,85.65,165.88,479.19,963.21,854.89,708.04,505.8,267.51
324.47,387.14,65.255,-348.28,129.82,224.96,498.65,1128.8,1126,954.08,706.71,390.51
435.33,508.15,75.049,-463.08,180.49,289.11,484.4,1250,1396.1,1210.7,922.63,527.76
551.4,636.63,86.981,-583.83,232.51,358.84,438.98,1318.7,1648.4,1462.8,1141.7,674.65
663.75,766.83,104.08,-703.14,279.81,432.73,367.91,1332.9,1866.3,1691.8,1348.3,823.94
761.73,888.14,126.97,-810.95,316.98,505.39,276.04,1292,2031.1,1874.4,1523,964.37
833.49,984.92,152.3,-894.46,339.91,567.05,165.91,1192.7,2121.2,1982.9,1641.8,1080.5
867.14,1039.4,174,-939.3,345.56,605.74,39.222,1030.1,2114.4,1989.9,1681,1154.6
853,1037.1,187.07,-933.17,331.54,611.62,-100.13,803.32,1994.4,1876.9,1622.6,1171.2
787.12,972.83,190.52,-870.95,296.64,581.32,-244.53,520.86,1759.6,1644,1463.6,1122.8
674.64,854.2,186.72,-758.45,242.41,519.84,-384.17,202.04,1427.3,1314.8,1220.2,1014
530.86,700.19,178.23,-612.11,174.96,438.36,-510.19,-126.55,1032,932.1,926.12,861.34
378.2,534.68,165.9,-454.63,104.91,349.47,-616.53,-436.54,615.98,545.62,622.95,688.43
239.84,379.52,148.61,-308.39,44.444,263.47,-699.65,-703.37,220.24,198.3,348.08,518.58
132.64,249.95,125.28,-189.63,2.6097,187.42,-756.89,-909.44,-123.03,-82.031,126.44,369.41
63.052,153.31,97.815,-105.51,-18.168,125.88,-785.48,-1044.3,-392.39,-283.59,-31.919,250.5
27.21,89.869,71.386,-54.535,-22.395,81.456,-783.09,-1104.6,-576.77,-407.19,-129.39,163.86
14.484,54.941,51.64,-29.448,-18.722,54.732,-749.86,-1094.4,-674.77,-461.82,-176.23,106.19
12.519,41.706,42.436,-21.276,-15.238,44.279,-690.3,-1026,-693.7,-461.48,-186.07,71.515
11.339,43.412,45.429,-21.999,-17.156,47.465,-613.36,-917.96,-649.99,-422.8,-172.44,53.082
6.1546,54.25,59.927,-25.47,-26.654,60.524,-529.16,-791.08,-567.57,-362.94,-146.78,44.733
-2.5864,69.315,82.698,-27.941,-42.498,78.659,-445.69,-664,-471.1,-297.86,-117.78,41.085
-12.765,84.079,108.25,-27.926,-61.183,97.336,-368.04,-549.52,-379.69,-238.82,-91.804,38.303
-23.173,94.284,130.03,-25.307,-78.282,112.35,-298.77,-453.39,-304.1,-190.18,-71.717,35.217
-32.886,96.985,142.77,-20.696,-89.321,119.64,-238.62,-375.05,-247,-153.56,-57.417,31.537
-36.79,82.342,143.05,-16.248,-92.018,116.13,-187.35,-310.41,-204.69,-127.96,-47.822,26.802
-26.994,64.155,131.13,-10.477,-86.325,103.78,-144.57,-255.26,-170.41,-108.43,-40.967,20.925
-23.564,53.139,110.71,-5.9845,-73.827,86.314,-109.94,-206.7,-139.59,-89.638,-33.411,16.875
-19.767,41.339,85.683,-2.9699,-57.779,66.108,-82.851,-164.15,-111.58,-71.874,-25.793,14.236
-15.298,29.151,59.364,-0.5646,-40.566,45.193,-62.552,-128.68,-86.435,-55.776,-18.375,10.566
-11.225,18.451,36.109,1.5904,-24.978,27.283,-48.794,-101.67,-65.487,-42.118,-12.03,7.2967
-8.208,10.47,20.891,3.5017,-15.038,15.527,-40.47,-83.566,-50.377,-32.012,-8.1271,4.5687
-6.3736,5.413,13.743,5.1094,-10.686,9.4251,-35.485,-73.114,-42.085,-26.382,-7.8177,2.1901
-5.5537,2.772,11.458,6.4198,-9.3278,7.0361,-31.876,-67.501,-39.51,-24.598,-9.15,0.013003
-5.4085,1.5842,11.144,7.5006,-9.1644,6.4622,-28.357,-63.706,-39.49,-25.659,-9.0389,-1.9909
-5.3692,0.4037,11.268,8.4286,-9.4545,6.7609,-24.787,-59.719,-39.527,-26.042,-8.5533,-3.7836
-5.092,-2.1871,11.553,9.2531,-9.855,7.8944,-23.206,-54.524,-37.244,-23.86,-8.193,-5.3447
-4.7759,-5.2176,11.394,9.9896,-9.557,7.0925,-21.267,-49.452,-31.766,-19.647,-7.9283,-6.6752
-4.5895,-7.4348,8.6324,10.634,-6.2434,2.5912,-18.356,-45.547,-25.892,-15.046,-7.6608,-7.7633
-4.4881,-8.9165,5.0331,11.177,-3.306,-0.61378,-15.595,-41.543,-21.619,-12.493,-7.333,-8.594
-4.4092,-9.9214,3.013,11.616,-2.6144,-2.1609,-13.304,-37.285,-18.841,-11.196,-6.9526,-9.1797
-4.3185,-10.62,1.9261,11.959,-2.2466,-2.9951,-11.496,-33.17,-16.988,-10.27,-6.576,-9.5673
-4.1964,-11.136,1.1663,12.218,-1.8691,-3.5541,-10.082,-29.491,-15.691,-9.4915,-6.2661,-9.8219
-4.0407,-11.565,0.49776,12.416,-1.454,-4.0156,-8.954,-26.289,-14.744,-8.8158,-6.0535,-10.006
-3.8766,-11.958,-0.14274,12.574,-1.0382,-4.4444,-8.0147,-23.451,-14.009,-8.2116,-5.9252,-10.165
-3.756,-12.321,-0.72043,12.703,-0.69359,-4.8366,-7.1948,-20.842,-13.378,-7.64,-5.8378,-10.322
-3.7389,-12.619,-1.1523,12.806,-0.50038,-5.1467,-6.4526,-18.38,-12.768,-7.0661,-5.7399,-10.472
-3.8592,-12.797,-1.3615,12.866,-0.50919,-5.3202,-5.77,-16.042,-12.123,-6.471,-5.5932,-10.588
-4.0951,-12.814,-1.3194,12.862,-0.71416,-5.3241,-5.1424,-13.849,-11.418,-5.8587,-5.3877,-10.637
-4.3626,-12.66,-1.0611,12.773,-1.0486,-5.1622,-4.5687,-11.835,-10.658,-5.2579,-5.15,-10.607
-4.5363,-12.362,-0.67562,12.59,-1.3996,-4.8745,-4.0427,-10.027,-9.874,-4.716,-4.9373,-10.515
-4.4883,-11.97,-0.28006,12.321,-1.6351,-4.5248,-3.5501,-8.434,-9.1176,-4.285,-4.8191,-10.412
-4.1288,-11.544,0.012719,11.988,-1.6414,-4.1847,-3.0688,-7.0372,-8.4333,-3.9969,-4.8482,-10.358
-3.4373,-11.137,0.12279,11.615,-1.3589,-3.9162,-2.5743,-5.7984,-7.8349,-3.8459,-5.035,-10.408
-2.4775,-10.788,0.022416,11.232,-0.80433,-3.7566,-2.0482,-4.67,-7.2942,-3.7884,-5.3409,-10.585
-1.3885,-10.514,-0.25915,10.87,-0.069433,-3.7113,-1.4859,-3.611,-6.7529,-3.7625,-5.6918,-10.885
-0.35279,-10.321,-0.64822,10.567,0.70522,-3.7575,-0.8964,-2.596,-6.1518,-3.7151,-6.0061,-11.28
0.4508,-10.209,-1.0519,10.364,1.3718,-3.856,-0.29528,-1.614,-5.4555,-3.6189,-6.2221,-11.731
0.89779,-10.178,-1.3863,10.29,1.8177,-3.9662,0.30479,-0.659,-4.6617,-3.4739,-6.3136,-12.204
0.95424,-10.226,-1.5974,10.357,1.992,-4.0585,0.9023,0.27949,-3.7919,-3.2951,-6.2915,-12.671
0.67944,-10.357,-1.6716,10.552,1.9064,-4.1229,1.5117,1.2209,-2.8715,-3.0974,-6.193,-13.121
0.19028,-10.575,-1.6306,10.852,1.615,-4.1683,2.1625,2.191,-1.9139,-2.8856,-6.0651,-13.554
-0.39486,-10.881,-1.5121,11.229,1.188,-4.2118,2.8922,3.2136,-0.91457,-2.6537,-5.9471,-13.985
-1.0008,-11.256,-1.3457,11.654,0.68904,-4.2621,3.7333,4.3026,0.14172,-2.3921,-5.8611,-14.434
-1.6077,-11.664,-1.1411,12.1,0.1584,-4.3126,4.7002,5.457,1.2675,-2.0956,-5.8099,-14.925
-2.239,-12.067,-0.89625,12.548,-0.39417,-4.3515,5.7795,6.6604,2.4603,-1.7679,-5.7827,-15.473
-2.9414,-12.444,-0.61428,12.998,-0.9801,-4.3755,6.9278,7.8846,3.6948,-1.4203,-5.7617,-16.073
-3.7585,-12.802,-0.31641,13.455,-1.6061,-4.3966,8.0788,9.0932,4.9225,-1.0672,-5.7256,-16.692
-4.6934,-13.159,-0.04416,13.926,-2.2477,-4.4376,9.162,10.246,6.0787,-0.72299,-5.6579,-17.282
-5.6774,-13.526,0.14904,14.392,-2.843,-4.521,10.125,11.307,7.0988,-0.40439,-5.5608,-17.798
-6.5743,-13.895,0.21262,14.816,-3.3064,-4.6598,10.943,12.244,7.937,-0.13679,-5.4674,-18.221
-7.2264,-14.239,0.11286,15.149,-3.5522,-4.8529,11.617,13.039,8.579,0.046788,-5.4391,-18.569
-7.5039,-14.528,-0.15857,15.35,-3.5144,-5.0858,12.157,13.688,9.0412,0.11472,-5.547,-18.881
-7.3245,-14.732,-0.58275,15.398,-3.1609,-5.3347,12.573,14.206,9.3605,0.045675,-5.8497,-19.208
-6.6587,-14.83,-1.1194,15.291,-2.4982,-5.5728,12.871,14.626,9.5823,-0.1666,-6.3735,-19.586
-5.5457,-14.816,-1.7201,15.047,-1.573,-5.7782,13.06,14.992,9.7531,-0.51051,-7.1034,-20.027
-4.1074,-14.7,-2.342,14.694,-0.4711,-5.9392,13.149,15.347,9.9146,-0.95649,-7.9857,-20.513
-2.5288,-14.506,-2.9557,14.272,0.69759,-6.0566,13.155,15.715,10.097,-1.4621,-8.9402,-21.007
-1.0106,-14.274,-3.5424,13.827,1.822,-6.1419,13.098,16.102,10.312,-1.9817,-9.8788,-21.456
0.27355,-14.047,-4.0835,13.413,2.8025,-6.2118,13.01,16.493,10.553,-2.4793,-10.726,-21.818
1.1967,-13.873,-4.5516,13.083,3.5536,-6.2805,12.928,16.862,10.796,-2.9387,-11.439,-22.067
1.6813,-13.788,-4.9084,12.883,4.0091,-6.353,12.886,17.184,10.997,-3.3652,-12.02,-22.207
1.7071,-13.801,-5.1146,12.831,4.1331,-6.4206,12.909,17.442,11.112,-3.7742,-12.5,-22.267
1.3242,-13.89,-5.1411,12.912,3.9308,-6.4622,13.008,17.639,11.108,-4.1734,-12.918,-22.285
0.64935,-14.008,-4.9777,13.081,3.451,-6.4508,13.195,17.8,10.986,-4.5499,-13.284,-22.284
-0.16592,-14.103,-4.6376,13.285,2.7758,-6.3648,13.478,17.968,10.787,-4.8692,-13.573,-22.263
-0.97548,-14.14,-4.1616,13.484,2.0088,-6.1984,13.874,18.191,10.583,-5.0849,-13.729,-22.196
-1.6595,-14.108,-3.6158,13.658,1.2652,-5.9663,14.397,18.511,10.459,-5.1546,-13.692,-22.045
-2.1294,-14.018,-3.0793,13.795,0.6549,-5.6997,15.055,18.953,10.481,-5.0529,-13.427,-21.768
-2.3431,-13.889,-2.6209,13.894,0.25513,-5.4355,15.84,19.525,10.669,-4.7821,-12.938,-21.333
-2.3284,-13.744,-2.2779,13.964,0.087209,-5.2044,16.719,20.21,10.988,-4.378,-12.275,-20.727
-2.1847,-13.606,-2.0467,14.025,0.10967,-5.0218,17.638,20.978,11.358,-3.9046,-11.509,-19.972
-2.048,-13.488,-1.8869,14.098,0.22653,-4.8844,18.555,21.808,11.692,-3.4335,-10.714,-19.114
-2.0459,-13.393,-1.734,14.194,0.31699,-4.77,19.463,22.698,11.939,-3.0142,-9.946,-18.211
-2.2627,-13.303,-1.5153,14.306,0.27631,-4.6401,20.407,23.671,12.098,-2.6577,-9.2377,-17.311
-2.7168,-13.185,-1.1652,14.415,0.044452,-4.4449,21.451,24.743,12.211,-2.3416,-8.5986,-16.44
-3.3512,-12.995,-0.63958,14.489,-0.38246,-4.1322,22.638,25.901,12.331,-2.0335,-8.0252,-15.619
-4.0452,-12.688,0.075488,14.49,-0.95385,-3.6577,23.944,27.09,12.48,-1.7134,-7.5102,-14.863
-4.6489,-12.235,0.96445,14.388,-1.58,-2.9947,25.277,28.223,12.635,-1.3833,-7.0491,-14.194
-5.0281,-11.627,1.9918,14.169,-2.1595,-2.1388,26.51,29.222,12.739,-1.0643,-6.6436,-13.63
-5.1044,-10.879,3.1147,13.837,-2.6098,-1.1074,27.542,30.05,12.733,-0.78726,-6.303,-13.182
-4.8761,-10.024,4.2928,13.412,-2.8911,0.064056,28.35,30.738,12.589,-0.57919,-6.0445,-12.848
-4.4177,-9.0971,5.4956,12.921,-3.0159,1.332,29.007,31.384,12.331,-0.45146,-5.8897,-12.615
-3.8568,-8.1335,6.7067,12.397,-3.0441,2.6563,29.656,32.122,12.035,-0.39343,-5.8554,-12.454
-3.3349,-7.1639,7.922,11.871,-3.0638,4.0056,30.457,33.085,11.809,-0.37539,-5.9438,-12.333
-2.9633,-6.2169,9.1383,11.373,-3.1609,5.3511,31.534,34.368,11.76,-0.35773,-6.1369,-12.217
-2.7877,-5.3161,10.343,10.918,-3.3889,6.6599,32.923,36.008,11.962,-0.3012,-6.3969,-12.076
-2.7795,-4.4703,11.517,10.497,-3.751,7.9013,34.569,37.98,12.439,-0.1748,-6.6733,-11.886
-2.8538,-3.6682,12.642,10.085,-4.201,9.0639,36.351,40.21,13.164,0.039805,-6.9126,-11.631
-2.9059,-2.8863,13.718,9.659,-4.6612,10.165,38.142,42.588,14.074,0.34802,-7.0666,-11.291
-2.8536,-2.1062,14.766,9.2089,-5.0543,11.244,39.871,45.01,15.103,0.74582,-7.0968,-10.84
-2.6682,-1.3254,15.829,8.7486,-5.3337,12.356,41.538,47.412,16.203,1.2253,-6.9734,-10.24
-2.3773,-0.55019,16.976,8.3015,-5.5014,13.575,43.201,49.784,17.353,1.7777,-6.6751,-9.4547
-2.0439,0.22239,18.278,7.8857,-5.6149,14.988,44.933,52.159,18.547,2.3907,-6.1902,-8.4636
-1.7388,1.0188,19.747,7.5075,-5.7805,16.668,46.774,54.594,19.785,3.0468,-5.5189,-7.278
-1.5212,1.8844,21.3,7.1652,-6.1264,18.593,48.707,57.139,21.07,3.7289,-4.6754,-5.9442
-1.4334,2.8645,22.844,6.8549,-6.7579,20.618,50.667,59.825,22.409,4.4311,-3.6829,-4.528
-1.4988,3.9982,24.418,6.569,-7.7336,22.61,52.578,62.668,23.81,5.165,-2.5657,-3.0869
-1.718,5.3396,26.189,6.2878,-9.0809,24.592,54.403,65.681,25.288,5.9546,-1.3451,-1.6434
-2.0653,6.992,28.352,5.972,-10.796,26.717,56.161,68.88,26.851,6.8216,-0.045564,-0.17438
-2.4912,9.1214,31.02,5.5642,-12.811,29.145,57.923,72.272,28.492,7.7649,1.294,1.3725
-2.9349,11.922,34.15,5.0034,-15.021,31.955,59.78,75.834,30.181,8.7432,2.6128,3.0441
-3.3414,15.515,37.568,4.2418,-17.318,35.083,61.805,79.489,31.859,9.6732,3.8371,4.842
-3.6781,19.809,41.073,3.2544,-19.591,38.337,64.022,83.108,33.46,10.451,4.9073,6.7053
-3.9419,24.475,44.517,2.0341,-21.723,41.505,66.392,86.54,34.923,10.992,5.8079,8.5307
-4.1478,29.084,47.816,0.57983,-23.643,44.486,68.828,89.652,36.211,11.274,6.5752,10.214
-4.3013,33.304,50.958,-1.1109,-25.341,47.328,71.231,92.37,37.312,11.34,7.2759,11.679
-4.374,36.985,53.997,-3.0428,-26.845,50.195,73.532,94.683,38.234,11.275,7.9687,12.897
-4.3006,40.174,57.014,-5.2256,-28.189,53.28,75.717,96.636,38.993,11.157,8.6737,13.887
-3.9958,43.073,60.061,-7.6772,-29.371,56.696,77.821,98.304,39.601,11.021,9.3656,14.711
-3.3868,45.948,63.12,-10.415,-30.349,60.395,79.899,99.772,40.065,10.854,9.987,15.452
-2.4488,49.014,66.09,-13.419,-31.063,64.184,82.006,101.11,40.378,10.611,10.476,16.186
-1.2324,52.327,68.833,-16.592,-31.496,67.816,84.176,102.38,40.536,10.25,10.793,16.963
0.13171,55.754,71.253,-19.735,-31.717,71.1,86.418,103.6,40.539,9.7521,10.935,17.792
1.4573,59.066,73.353,-22.603,-31.876,73.965,88.711,104.76,40.392,9.1196,10.93,18.653
2.5549,62.081,75.211,-25.014,-32.137,76.449,91.008,105.83,40.102,8.3737,10.827,19.507
3.2884,64.765,76.949,-26.927,-32.625,78.664,93.251,106.74,39.668,7.55,10.683,20.331
3.6087,67.254,78.719,-28.428,-33.41,80.769,95.381,107.44,39.081,6.6955,10.549,21.137
3.548,69.784,80.657,-29.65,-34.513,82.929,97.36,107.89,38.327,5.8514,10.445,21.963
3.1888,72.532,82.83,-30.687,-35.909,85.242,99.169,108.07,37.392,5.0247,10.347,22.845
2.6303,75.459,85.196,-31.556,-37.531,87.683,100.8,107.99,36.254,4.1752,10.182,23.787
1.9625,78.312,87.629,-32.223,-39.257,90.118,102.25,107.65,34.885,3.2341,9.8492,24.75
1.2507,80.809,89.973,-32.662,-40.932,92.384,103.51,107.08,33.257,2.141,9.2587,25.674
0.53579,82.815,92.12,-32.883,-42.422,94.376,104.59,106.29,31.354,0.87609,8.3746,26.504
-0.14344,84.364,94.026,-32.937,-43.688,96.088,105.52,105.29,29.186,-0.53088,7.2367,27.216
-0.72917,85.591,95.718,-32.901,-44.785,97.587,106.31,104.12,26.796,-2.0182,5.9457,27.824
-1.1625,86.654,97.286,-32.86,-45.822,98.991,107.02,102.76,24.249,-3.528,4.6168,28.372
-1.4284,87.691,98.887,-32.885,-46.911,100.43,107.66,101.19,21.601,-5.0364,3.3323,28.913
-1.578,88.792,100.71,-33.013,-48.143,102.01,108.22,99.368,18.871,-6.5589,2.1181,29.49
-1.7133,89.992,102.9,-33.244,-49.574,103.78,108.68,97.219,16.025,-8.1397,0.95058,30.116
-1.951,91.264,105.47,-33.543,-51.241,105.71,108.98,94.672,12.981,-9.8476,-0.21756,30.771
-2.3772,92.527,108.3,-33.85,-53.144,107.7,109.11,91.669,9.6576,-11.785,-1.4308,31.406
-3.0097,93.673,111.18,-34.101,-55.207,109.6,109.05,88.187,6.0394,-14.104,-2.7105,31.963
-3.7815,94.613,113.89,-34.254,-57.286,111.3,108.8,84.24,2.2371,-16.998,-4.0428,32.395
-4.5535,95.336,116.25,-34.314,-59.21,112.74,108.36,79.877,-1.5278,-20.635,-5.3771,32.681
-5.1529,95.914,118.23,-34.329,-60.83,113.97,107.73,75.163,-5.0393,-24.984,-6.6391,32.827
-5.4322,96.464,119.88,-34.372,-62.068,115.09,106.89,70.157,-8.2108,-29.684,-7.7506,32.864
-5.333,97.07,121.31,-34.49,-62.935,116.23,105.84,64.894,-11.103,-34.238,-8.649,32.834
-4.9243,97.736,122.6,-34.685,-63.516,117.39,104.53,59.38,-13.847,-38.351,-9.3045,32.773
-4.3826,98.409,123.77,-34.926,-63.926,118.49,102.94,53.618,-16.565,-42.009,-9.7339,32.699
-3.9215,99.021,124.77,-35.166,-64.26,119.43,101.04,47.631,-19.336,-45.349,-9.9977,32.614
-3.7221,99.511,125.56,-35.338,-64.563,120.12,98.818,41.495,-22.202,-48.518,-10.18,32.506
-3.8922,99.806,126.07,-35.376,-64.866,120.5,96.306,35.342,-25.19,-51.6,-10.361,32.367
-4.4451,99.843,126.23,-35.238,-65.254,120.54,93.545,29.343,-28.305,-54.601,-10.597,32.194
-5.2988,99.601,126.01,-34.941,-65.809,120.24,90.58,23.671,-31.5,-57.474,-10.912,31.999
-6.2803,99.129,125.4,-34.558,-66.411,119.62,87.444,18.459,-34.669,-60.172,-11.291,31.8
-7.1332,98.526,124.39,-34.198,-66.74,118.69,84.139,13.777,-37.674,-62.7,-11.693,31.62
-7.5665,97.899,122.98,-33.971,-66.487,117.53,80.636,9.6356,-40.385,-65.122,-12.058,31.477
-7.3462,97.326,121.25,-33.956,-65.509,116.19,76.884,6.0017,-42.705,-67.505,-12.319,31.384
-6.3702,96.828,119.26,-34.181,-63.82,114.75,72.824,2.8159,-44.571,-69.809,-12.419,31.345
-4.6948,96.354,117,-34.605,-61.503,113.23,68.415,0.000642,-45.946,-71.799,-12.324,31.361
-2.5213,95.787,114.43,-35.13,-58.655,111.55,63.642,-2.5306,-46.81,-73.092,-12.026,31.422
-0.133,94.979,111.47,-35.629,-55.383,109.59,58.542,-4.8628,-47.153,-73.378,-11.538,31.51
2.1955,93.802,108.04,-35.986,-51.804,107.21,53.202,-7.0689,-46.959,-72.609,-10.884,31.595
4.269,92.194,104.04,-36.128,-48.068,104.35,47.715,-9.2067,-46.219,-70.895,-10.078,31.65
5.9992,90.181,99.302,-36.048,-44.379,100.99,42.118,-11.319,-44.944,-68.321,-9.1168,31.649
7.3948,87.846,93.893,-35.785,-40.945,97.197,36.375,-13.44,-43.18,-64.926,-7.9775,31.58
8.5668,85.297,88.333,-35.401,-37.917,93.166,30.443,-15.586,-40.997,-60.748,-6.6352,31.441
9.7353,82.622,83.168,-34.957,-35.251,89.136,24.353,-17.755,-38.479,-55.847,-5.0755,31.237
11.113,79.853,78.505,-34.506,-32.686,85.24,18.278,-19.913,-35.727,-50.358,-3.2956,30.975
12.79,76.937,74.068,-34.098,-29.903,81.457,12.514,-22.001,-32.861,-44.552,-1.3134,30.657
14.787,73.75,69.479,-33.767,-26.657,77.669,7.3782,-23.954,-30.008,-38.803,0.81314,30.271
17.078,70.151,64.453,-33.513,-22.851,73.727,3.0603,-25.72,-27.271,-33.448,2.9851,29.787
19.514,66.085,58.908,-33.295,-18.581,69.504,-0.46225,-27.27,-24.703,-28.644,5.092,29.167
21.877,61.704,52.973,-33.033,-14.099,64.949,-3.3741,-28.607,-22.308,-24.329,7.0449,28.375
23.988,57.371,46.891,-32.635,-9.7445,60.12,-5.8994,-29.764,-20.085,-20.277,8.7966,27.384
25.744,53.427,40.944,-32.025,-5.8335,55.156,-8.2108,-30.799,-18.044,-16.316,10.344,26.182
27.106,49.946,35.374,-31.171,-2.5367,50.231,-10.407,-31.778,-16.212,-12.622,11.714,24.779
28.086,46.768,30.284,-30.089,0.1225,45.486,-12.53,-32.762,-14.6,-9.5825,12.935,23.198
28.732,43.661,25.613,-28.816,2.1653,40.967,-14.588,-33.79,-13.197,-7.2595,14.014,21.474
29.109,40.427,21.272,-27.366,3.6382,36.672,-16.561,-34.869,-11.98,-5.4035,14.931,19.649
29.273,36.928,17.254,-25.707,4.653,32.646,-18.405,-35.975,-10.931,-3.8076,15.649,17.762
29.241,33.125,13.541,-23.769,5.3593,28.975,-20.07,-37.064,-10.037,-2.4003,16.139,15.843
28.947,29.086,10.045,-21.49,5.8779,25.647,-21.513,-38.094,-9.2875,-1.1791,16.385,13.912
28.268,24.966,6.8572,-18.86,6.2544,22.515,-22.723,-39.034,-8.6705,-0.14814,16.391,11.994
27.194,20.933,4.2847,-15.944,6.4595,19.437,-23.716,-39.88,-8.1717,0.71213,16.186,10.123
25.914,17.109,2.4272,-12.882,6.4712,16.366,-24.535,-40.643,-7.7746,1.4487,15.82,8.3369
24.646,13.552,1.0951,-9.8643,6.3666,13.331,-25.23,-41.348,-7.4687,2.116,15.349,6.6603
23.487,10.274,0.052821,-7.0728,6.2824,10.394,-25.848,-42.023,-7.2602,2.7418,14.816,5.0886
22.43,7.2707,-0.85,-4.6104,6.311,7.6447,-26.424,-42.696,-7.1768,3.2999,14.235,3.589
21.412,4.5397,-1.6676,-2.4842,6.4609,5.1684,-26.974,-43.382,-7.2545,3.7126,13.584,2.1212
20.317,2.0861,-2.3844,-0.65087,6.6727,3.0161,-27.488,-44.07,-7.5093,3.8929,12.832,0.66922
19.007,-0.080094,-2.9486,0.93692,6.8351,1.2199,-27.935,-44.72,-7.9186,3.7991,11.962,-0.74361
17.381,-1.9461,-3.3113,2.3157,6.8043,-0.19006,-28.272,-45.28,-8.4297,3.4604,10.978,-2.0734
15.448,-3.5034,-3.4579,3.5125,6.4547,-1.2109,-28.464,-45.711,-8.986,2.9561,9.9044,-3.2923
13.34,-4.7659,-3.4188,4.5478,5.772,-1.8984,-28.503,-46.003,-9.5467,2.3728,8.7696,-4.4089
11.235,-5.7889,-3.2772,5.4418,4.9022,-2.3664,-28.408,-46.175,-10.092,1.7695,7.6012,-5.4623
9.3021,-6.6692,-3.1788,6.2225,4.0877,-2.76,-28.223,-46.263,-10.616,1.1672,6.4235,-6.5004
7.7008,-7.5164,-3.2979,6.9237,3.5923,-3.2121,-27.996,-46.3,-11.122,0.55803,5.2566,-7.5604
6.5535,-8.4092,-3.7564,7.5741,3.614,-3.7991,-27.756,-46.296,-11.608,-0.077917,4.1144,-8.6578
5.8977,-9.3615,-4.565,8.1843,4.2013,-4.5208,-27.498,-46.239,-12.072,-0.75907,3.0017,-9.785
5.6725,-10.319,-5.6262,8.7437,5.2254,-5.3101,-27.188,-46.099,-12.505,-1.4932,1.912,-10.921
5.743,-11.194,-6.7732,9.2314,6.4109,-6.0673,-26.782,-45.846,-12.901,-2.2711,0.83091,-12.042
5.9277,-11.907,-7.8135,9.6373,7.4216,-6.6991,-26.247,-45.462,-13.251,-3.0638,-0.25512,-13.134
6.0331,-12.433,-8.5817,9.9786,7.9943,-7.1497,-25.574,-44.943,-13.547,-3.825,-1.3479,-14.191
5.8989,-12.804,-8.997,10.297,8.0484,-7.4175,-24.788,-44.3,-13.782,-4.5034,-2.4307,-15.208
5.4503,-13.094,-9.0885,10.637,7.689,-7.5508,-23.931,-43.542,-13.948,-5.0577,-3.4694,-16.175
4.7248,-13.38,-8.9648,11.021,7.1168,-7.6225,-23.044,-42.668,-14.038,-5.4705,-4.4199,-17.067
3.8455,-13.712,-8.7488,11.44,6.5135,-7.6965,-22.151,-41.663,-14.048,-5.7505,-5.2391,-17.842
2.9511,-14.098,-8.525,11.865,5.99,-7.8012,-21.253,-40.502,-13.973,-5.9235,-5.8983,-18.453
2.127,-14.507,-8.3209,12.269,5.5819,-7.9255,-20.331,-39.159,-13.814,-6.0167,-6.3929,-18.867
1.3713,-14.886,-8.1069,12.636,5.2297,-8.0314,-19.369,-37.627,-13.581,-6.048,-6.7455,-19.073
0.62472,-15.179,-7.8161,12.959,4.7881,-8.0748,-18.366,-35.926,-13.291,-6.0244,-6.9996,-19.09
-0.15751,-15.349,-7.3958,13.241,4.1409,-8.0241,-17.339,-34.098,-12.97,-5.9494,-7.2042,-18.959
-0.95628,-15.392,-6.8574,13.487,3.3237,-7.8757,-16.313,-32.197,-12.641,-5.8241,-7.3963,-18.731
-1.6977,-15.347,-6.2811,13.709,2.5001,-7.6629,-15.307,-30.26,-12.31,-5.6427,-7.5888,-18.445
-2.287,-15.284,-5.78,13.921,1.8438,-7.4505,-14.315,-28.284,-11.961,-5.3896,-7.7672,-18.114
-2.6437,-15.272,-5.4507,14.135,1.4542,-7.3086,-13.305,-26.234,-11.557,-5.0437,-7.8975,-17.723
-2.7381,-15.343,-5.3354,14.342,1.3424,-7.2799,-12.235,-24.076,-11.044,-4.5857,-7.944,-17.247
-2.6167,-15.48,-5.4098,14.522,1.4455,-7.3612,-11.078,-21.813,-10.377,-4.0075,-7.8902,-16.661
-2.3955,-15.634,-5.5965,14.652,1.6456,-7.5109,-9.8333,-19.496,-9.5192,-3.3177,-7.7478,-15.964
-2.2283,-15.756,-5.7939,14.726,1.8029,-7.6722,-8.5346,-17.211,-8.4527,-2.5386,-7.5523,-15.185
-2.2614,-15.82,-5.9128,14.756,1.8043,-7.7987,-7.2344,-15.041,-7.1798,-1.6988,-7.3452,-14.37
-2.5835,-15.834,-5.9109,14.772,1.6062,-7.8746,-5.9851,-13.033,-5.7306,-0.82332,-7.1511,-13.574
-3.1834,-15.831,-5.8128,14.81,1.249,-7.9184,-4.8224,-11.193,-4.1619,0.075073,-6.9632,-12.836
-3.9375,-15.853,-5.6978,14.894,0.84098,-7.9655,-3.7584,-9.4922,-2.5397,1.0051,-6.7408,-12.176
-4.6359,-15.91,-5.6522,15.014,0.5235,-8.0419,-2.7897,-7.8911,-0.90689,1.9932,-6.4232,-11.593
-5.0449,-15.971,-5.7156,15.113,0.41794,-8.1428,-1.9057,-6.3586,0.73683,3.0734,-5.9518,-11.07
-4.9964,-15.956,-5.8555,15.107,0.56918,-8.2265,-1.0953,-4.8814,2.4291,4.2694,-5.2877,-10.585
-4.4702,-15.772,-5.9781,14.922,0.92175,-8.2243,-0.35526,-3.4571,4.2106,5.5738,-4.4264,-10.113
-3.6096,-15.344,-5.9633,14.522,1.3363,-8.0621,0.30978,-2.0917,6.0934,6.939,-3.4003,-9.6447
-2.6623,-14.645,-5.701,13.928,1.6306,-7.6835,0.89143,-0.79459,8.0447,8.2867,-2.2713,-9.1821
-1.9034,-13.701,-5.1181,13.206,1.639,-7.0689,1.3828,0.42547,10,9.5362,-1.1145,-8.7469
-1.5596,-12.594,-4.2033,12.45,1.2724,-6.2442,1.7804,1.562,11.895,10.631,0.00019633,-8.3696
-1.7366,-11.442,-3.0202,11.76,0.54611,-5.2795,2.0829,2.6106,13.691,11.564,1.0272,-8.0723
-2.3848,-10.368,-1.6978,11.204,-0.43033,-4.2735,2.2897,3.5662,15.384,12.386,1.9572,-7.8527
-3.3087,-9.4542,-0.39383,10.8,-1.4812,-3.3268,2.3998,4.4228,16.986,13.184,2.8248,-7.6804
-4.2158,-8.7171,0.75231,10.504,-2.4086,-2.5113,2.4098,5.1667,18.505,14.039,3.6976,-7.5062
-4.8016,-8.0979,1.66,10.23,-3.0484,-1.8469,2.3212,5.7893,19.93,14.99,4.6437,-7.2776
-4.8524,-7.4937,2.3227,9.8805,-3.3164,-1.2963,2.1486,6.2997,21.242,15.996,5.6978,-6.9489
-4.3287,-6.8053,2.7962,9.3913,-3.2279,-0.7839,1.9244,6.7348,22.428,16.969,6.8538,-6.4862
-3.3864,-5.9863,3.1682,8.7603,-2.8862,-0.22917,1.6911,7.1513,23.494,17.827,8.0875,-5.8668
-2.3108,-5.0706,3.5213,8.0489,-2.4478,0.41418,1.4882,7.608,24.463,18.544,9.3884,-5.0756
-1.4077,-4.1569,3.9024,7.3563,-2.0747,1.1325,1.3393,8.1411,25.371,19.153,10.769,-4.1071
-0.91535,-3.3586,4.309,6.7795,-1.8936,1.8555,1.2441,8.7463,26.247,19.707,12.242,-2.9704
-0.94981,-2.7529,4.7014,6.3796,-1.9719,2.4898,1.1801,9.3751,27.112,20.254,13.784,-1.6973
-1.4865,-2.3612,5.0361,6.1689,-2.3075,2.9616,1.1105,9.9486,27.969,20.808,15.335,-0.34949
-2.3691,-2.1541,5.2975,6.1107,-2.8302,3.2505,1.0011,10.38,28.805,21.357,16.845,0.99725
-3.3376,-2.0532,5.511,6.1299,-3.4235,3.4017,0.83472,10.608,29.591,21.875,18.303,2.281
-4.0935,-1.9446,5.7273,6.1294,-3.9625,3.5105,0.61696,10.615,30.286,22.335,19.715,3.4736
-4.3968,-1.7219,5.9883,6.0199,-4.3447,3.6738,0.37438,10.425,30.845,22.716,21.068,4.5729
-4.1459,-1.3439,6.2926,5.7551,-4.5017,3.9357,0.14318,10.095,31.233,23.002,22.324,5.57
-3.4057,-0.85765,6.5809,5.3494,-4.4047,4.2618,-0.043053,9.6987,31.431,23.188,23.435,6.4291
-2.3675,-0.37349,6.7547,4.8698,-4.0711,4.5561,-0.16212,9.306,31.439,23.275,24.357,7.0959
-1.2873,-0.0093958,6.7296,4.4108,-3.5741,4.7128,-0.20683,8.9661,31.274,23.276,25.067,7.528
-0.42801,0.16185,6.4941,4.0606,-3.043,4.6724,-0.18268,8.702,30.971,23.203,25.564,7.7202
0.0035944,0.138,6.1204,3.8677,-2.629,4.4505,-0.0986,8.5156,30.57,23.071,25.87,7.7087
-0.084574,-0.020049,5.7174,3.8292,-2.4407,4.1221,0.036687,8.3997,30.115,22.898,26.018,7.5548
-0.64518,-0.22131,5.3732,3.8988,-2.5024,3.779,0.22033,8.339,29.64,22.705,26.035,7.3213
-1.4997,-0.37913,5.123,4.009,-2.7534,3.4912,0.44873,8.3078,29.153,22.51,25.927,7.0579
-2.3766,-0.43925,4.9455,4.0945,-3.0707,3.2862,0.71061,8.2672,28.631,22.317,25.692,6.7938
-2.9869,-0.39162,4.7799,4.108,-3.3037,3.1485,0.98544,8.1669,28.034,22.115,25.36,6.5438
-3.1209,-0.27015,4.5558,4.0299,-3.3229,3.0337,1.2467,7.9565,27.313,21.884,25.004,6.306
-2.7228,-0.13805,4.229,3.8721,-3.0649,2.895,1.4746,7.5996,26.431,21.601,24.709,6.0647
-1.9013,-0.057664,3.8076,3.6703,-2.5567,2.711,1.6641,7.088,25.369,21.251,24.528,5.8013
-0.87301,-0.052905,3.3532,3.4658,-1.909,2.4994,1.8238,6.4438,24.141,20.842,24.465,5.5093
0.11261,-0.098506,2.9563,3.2868,-1.2829,2.3072,1.9737,5.7306,22.791,20.408,24.477,5.2021
0.8384,-0.14035,2.7007,3.1411,-0.83719,2.1835,2.1343,5.0206,21.39,19.996,24.506,4.9113
1.1675,-0.13025,2.6326,3.022,-0.67764,2.1538,2.314,4.378,20.017,19.633,24.516,4.6683
1.0653,-0.057371,2.7415,2.921,-0.82753,2.1992,2.4977,3.8417,18.721,19.299,24.49,4.4946
0.59934,0.037292,2.9562,2.8448,-1.227,2.2521,2.648,3.419,17.508,18.924,24.411,4.3947
-0.077926,0.072962,3.1662,2.8174,-1.7553,2.2163,2.7203,3.0908,16.339,18.415,24.236,4.3513
-0.76721,-0.028757,3.2654,2.8661,-2.2674,2.0149,2.6818,2.8233,15.16,17.701,23.905,4.3267
-1.2819,-0.29765,3.1959,2.9984,-2.633,1.6381,2.5224,2.5821,13.931,16.769,23.355,4.2712
-1.5033,-0.69787,2.9544,3.1872,-2.7628,1.1479,2.2582,2.3384,12.653,15.671,22.553,4.1405
-1.3981,-1.1585,2.5634,3.3821,-2.6178,0.63037,1.9201,2.0825,11.365,14.498,21.506,3.9099
-1.004,-1.6273,2.0456,3.541,-2.2088,0.13789,1.5418,1.8158,10.125,13.334,20.269,3.5781
-0.41511,-2.1048,1.418,3.6603,-1.5861,-0.33451,1.1468,1.5412,8.9693,12.214,18.917,3.16
0.22927,-2.6356,0.69126,3.7736,-0.82249,-0.83686,0.74476,1.2505,7.8942,11.118,17.515,2.673
0.77484,-3.2646,-0.13299,3.9254,0.00044665,-1.4306,0.33267,0.92794,6.8475,9.9824,16.091,2.1284
1.0947,-4.0014,-1.0573,4.1444,0.80172,-2.1511,-0.095251,0.55353,5.7567,8.7426,14.632,1.5282
1.1209,-4.8128,-2.068,4.4347,1.5131,-2.9869,-0.53739,0.11222,4.5603,7.3637,13.094,0.87287
0.8583,-5.6452,-3.1089,4.7828,2.0895,-3.8829,-0.98086,-0.3983,3.2344,5.8678,11.428,0.16179
0.38065,-6.4443,-4.0756,5.1649,2.5059,-4.7554,-1.4037,-0.96356,1.8065,4.3328,9.6208,-0.59675
-0.19037,-7.1553,-4.8376,5.545,2.7449,-5.5058,-1.7838,-1.552,0.35131,2.8656,7.7312,-1.3812
-0.71933,-7.7096,-5.2773,5.8705,2.7916,-6.03,-2.105,-2.1195,-1.0321,1.5591,5.8756,-2.1594
-1.0943,-8.0257,-5.3239,6.0789,2.6395,-6.2365,-2.3591,-2.6175,-2.2571,0.45984,4.171,-2.8984
-1.2589,-8.0375,-4.9649,6.1215,2.2955,-6.0747,-2.5508,-3.0196,-3.2831,-0.43925,2.6867,-3.5766
-1.2305,-7.7343,-4.2408,5.9901,1.7818,-5.5598,-2.6993,-3.3235,-4.1243,-1.1844,1.4295,-4.1905
-1.0931,-7.1782,-3.2445,5.7267,1.1355,-4.7765,-2.8322,-3.5552,-4.838,-1.8361,0.35607,-4.7536
-0.96353,-6.4874,-2.1136,5.408,0.40897,-3.8598,-2.9715,-3.7555,-5.4872,-2.445,-0.60368,-5.2909
-0.94895,-5.7967,-1.007,5.116,-0.33256,-2.9614,-3.1218,-3.9604,-6.1136,-3.0389,-1.5162,-5.8301
-1.1123,-5.2179,-0.067541,4.9105,-1.0186,-2.213,-3.2678,-4.1881,-6.7275,-3.6206,-2.419,-6.3905
-1.4574,-4.8141,0.60849,4.8143,-1.5852,-1.6992,-3.3858,-4.4383,-7.3184,-4.177,-3.3112,-6.9741
-1.9325,-4.5904,0.99008,4.815,-1.9877,-1.441,-3.4575,-4.6997,-7.8721,-4.6889,-4.1604,-7.562
-2.4484,-4.5002,1.1121,4.8754,-2.2095,-1.3936,-3.4831,-4.9556,-8.3824,-5.1403,-4.92,-8.1193
-2.903,-4.4663,1.057,4.9501,-2.2626,-1.4645,-3.4803,-5.1962,-8.8554,-5.5256,-5.5503,-8.6057
-3.2087,-4.4143,0.92281,5.0004,-2.1812,-1.5517,-3.4764,-5.4188,-9.3037,-5.8534,-6.035,-8.9879
-3.314,-4.3065,0.79138,5.0079,-2.0107,-1.5858,-3.4995,-5.6286,-9.7386,-6.1437,-6.3851,-9.2482
-3.2155,-4.1582,0.70964,4.9828,-1.7975,-1.5525,-3.5712,-5.8366,-10.164,-6.4223,-6.6325,-9.3897
-2.9575,-4.0331,0.68308,4.9616,-1.5816,-1.4909,-3.7016,-6.056,-10.573,-6.7134,-6.8168,-9.4335
-2.6215,-4.0162,0.68197,4.9947,-1.3943,-1.4716,-3.8877,-6.294,-10.951,-7.0324,-6.9702,-9.4105
-2.3061,-4.1717,0.66349,5.1266,-1.26,-1.5569,-4.1134,-6.5466,-11.28,-7.3802,-7.1086,-9.3473
-2.1039,-4.5092,0.60264,5.3795,-1.2016,-1.7637,-4.3554,-6.7973,-11.545,-7.7405,-7.23,-9.2574
-2.0851,-4.9849,0.50981,5.746,-1.2426,-2.0586,-4.5934,-7.0234,-11.74,-8.0844,-7.3203,-9.1402
-2.2893,-5.5283,0.42105,6.1928,-1.4035,-2.3863,-4.8185,-7.2066,-11.873,-8.3804,-7.3642,-8.9889
-2.7245,-6.0726,0.37164,6.6737,-1.6919,-2.7012,-5.0371,-7.3441,-11.97,-8.6071,-7.3558,-8.8013
-3.3687,-6.5742,0.37548,7.1448,-2.0935,-2.9818,-5.2658,-7.4512,-12.064,-8.7621,-7.3033,-8.5851
-4.1714,-7.0205,0.41769,7.5744,-2.5678,-3.2318,-5.5181,-7.5528,-12.182,-8.8602,-7.2258,-8.3553
-5.059,-7.4234,0.46002,7.9461,-3.0557,-3.4733,-5.79,-7.6681,-12.33,-8.9235,-7.1462,-8.1269
-5.9527,-7.8047,0.45623,8.257,-3.4952,-3.7341,-6.054,-7.7992,-12.485,-8.9702,-7.0848,-7.9113
-6.7887,-8.1812,0.37067,8.5142,-3.8361,-4.0321,-6.2684,-7.9304,-12.613,-9.0111,-7.0568,-7.7201
-7.5108,-8.556,0.19077,8.7248,-4.0436,-4.3641,-6.3958,-8.0368,-12.683,-9.0518,-7.0735,-7.5706
-8.0452,-8.9173,-0.072169,8.8864,-4.0948,-4.7051,-6.4198,-8.094,-12.685,-9.0959,-7.1411,-7.4856
-8.2972,-9.2364,-0.39055,8.9808,-3.9764,-5.0157,-6.3504,-8.0873,-12.63,-9.1429,-7.2571,-7.4828
-8.1746,-9.4699,-0.73127,8.9743,-3.6834,-5.2516,-6.2163,-8.0185,-12.54,-9.184,-7.4049,-7.563
-7.6191,-9.5696,-1.0662,8.8282,-3.2205,-5.3755,-6.0524,-7.9115,-12.439,-9.2007,-7.5538,-7.7029
-6.633,-9.5027,-1.3804,8.518,-2.6028,-5.3715,-5.8886,-7.8119,-12.347,-9.1679,-7.6636,-7.86
-5.2957,-9.2678,-1.6737,8.0482,-1.8578,-5.2552,-5.7453,-7.7753,-12.274,-9.0606,-7.693,-7.987
-3.7613,-8.895,-1.9565,7.4542,-1.03,-5.0706,-5.6327,-7.847,-12.227,-8.8631,-7.6105,-8.0499
-2.2248,-8.4335,-2.2539,6.7902,-0.17903,-4.8787,-5.551,-8.0393,-12.203,-8.576,-7.4024,-8.0401
-0.86789,-7.9412,-2.6093,6.1159,0.63738,-4.7444,-5.4913,-8.3179,-12.196,-8.219,-7.0799,-7.9746
0.18268,-7.4803,-3.0629,5.4906,1.3781,-4.7219,-5.437,-8.6067,-12.199,-7.8299,-6.6801,-7.8865
0.86546,-7.1109,-3.6138,4.9687,2.0105,-4.8389,-5.3679,-8.8108,-12.214,-7.4592,-6.2603,-7.8108
1.1781,-6.8743,-4.2029,4.5871,2.4946,-5.085,-5.2658,-8.8512,-12.245,-7.1574,-5.8871,-7.7714
1.173,-6.7678,-4.7255,4.3485,2.7861,-5.404,-5.1203,-8.6941,-12.299,-6.9581,-5.6207,-7.772
0.95005,-6.7295,-5.0634,4.2149,2.8498,-5.6934,-4.9356,-8.3655,-12.373,-6.8647,-5.5,-7.7941
0.63625,-6.6556,-5.1144,4.1226,2.6713,-5.8277,-4.7334,-7.9406,-12.45,-6.852,-5.5339,-7.8042
0.35184,-6.4483,-4.8152,4.0102,2.268,-5.7068,-4.5479,-7.5146,-12.508,-6.8842,-5.703,-7.7658
0.1753,-6.0635,-4.1676,3.8417,1.6936,-5.2983,-4.4146,-7.1707,-12.529,-6.936,-5.9727,-7.6548
0.13028,-5.5303,-3.253,3.6177,1.0299,-4.6514,-4.357,-6.9565,-12.508,-7.0083,-6.3116,-7.4703
0.20126,-4.9392,-2.2209,3.3709,0.37315,-3.883,-4.3766,-6.8758,-12.458,-7.1298,-6.7041,-7.2365
0.35172,-4.4081,-1.2554,3.152,-0.17933,-3.1432,-4.449,-6.8939,-12.407,-7.3434,-7.1504,-6.9931
0.52729,-4.0426,-0.52702,3.012,-0.54823,-2.5729,-4.5293,-6.9537,-12.381,-7.6804,-7.6551,-6.7793
0.65955,-3.9057,-0.14701,2.9905,-0.69288,-2.2663,-4.5656,-6.9916,-12.393,-8.1345,-8.2114,-6.6182
0.68411,-4.0063,-0.14213,3.1036,-0.62053,-2.2541,-4.5167,-6.9528,-12.425,-8.6553,-8.7938,-6.5093
0.5655,-4.3029,-0.4604,3.3371,-0.37882,-2.5069,-4.3645,-6.8015,-12.439,-9.165,-9.3637,-6.4323
0.31346,-4.7198,-0.9995,3.6478,-0.035727,-2.9504,-4.1182,-6.529,-12.391,-9.5894,-9.8838,-6.3606
-0.018139,-5.1723,-1.6393,3.9782,0.34338,-3.4845,-3.8073,-6.1544,-12.257,-9.8834,-10.331,-6.2746
-0.34907,-5.5935,-2.2674,4.2784,0.7114,-4.0083,-3.4687,-5.7188,-12.045,-10.041,-10.697,-6.1693
-0.59972,-5.9543,-2.8,4.5239,1.0411,-4.4468,-3.1352,-5.2741,-11.791,-10.091,-10.987,-6.0533
-0.71638,-6.2663,-3.1981,4.7188,1.3176,-4.7701,-2.829,-4.8729,-11.547,-10.077,-11.206,-5.942
-0.68483,-6.559,-3.4705,4.8809,1.534,-4.9875,-2.5623,-4.5602,-11.36,-10.034,-11.36,-5.8468
-0.52755,-6.8414,-3.6467,5.0221,1.6967,-5.1189,-2.338,-4.3636,-11.254,-9.9762,-11.448,-5.7679
-0.28978,-7.0868,-3.7477,5.1408,1.821,-5.1735,-2.1527,-4.284,-11.218,-9.8945,-11.471,-5.6969
-0.025165,-7.2624,-3.7865,5.2334,1.9168,-5.1619,-1.9976,-4.2948,-11.216,-9.7699,-11.428,-5.6264
0.21259,-7.3661,-3.779,5.3084,1.9808,-5.1114,-1.8611,-4.3525,-11.194,-9.5889,-11.322,-5.5571
0.37446,-7.4319,-3.74,5.3892,1.9996,-5.0576,-1.7303,-4.4118,-11.109,-9.3518,-11.169,-5.498
0.42222,-7.505,-3.6725,5.5057,1.955,-5.0233,-1.5916,-4.4367,-10.936,-9.0765,-11.003,-5.4618
0.33733,-7.6124,-3.5643,5.6786,1.8275,-5.0061,-1.4301,-4.4037,-10.675,-8.7958,-10.865,-5.4582
0.12728,-7.7489,-3.3936,5.91,1.6029,-4.9803,-1.2309,-4.3006,-10.345,-8.5465,-10.778,-5.4885
-0.17699,-7.8877,-3.1424,6.1849,1.2795,-4.913,-0.98343,-4.1261,-9.9765,-8.3535,-10.735,-5.5427
-0.5311,-8.0026,-2.8126,6.4792,0.87331,-4.7855,-0.68506,-3.8908,-9.5993,-8.218,-10.702,-5.6024
-0.88935,-8.0863,-2.4356,6.7682,0.41987,-4.6058,-0.3376,-3.6175,-9.239,-8.1153,-10.619,-5.6462
-1.2195,-8.1551,-2.0696,7.0328,-0.031388,-4.4111,0.061442,-3.3394,-8.9167,-8.0052,-10.43,-5.6565
-1.5187,-8.2448,-1.7822,7.2696,-0.43081,-4.2558,0.52359,-3.0945,-8.6516,-7.8507,-10.091,-5.6225
-1.8223,-8.3994,-1.6277,7.4979,-0.74443,-4.1936,1.0642,-2.9186,-8.4617,-7.6338,-9.5906,-5.5433
-2.1945,-8.6542,-1.6282,7.7551,-0.96241,-4.258,1.6917,-2.8372,-8.3594,-7.3617,-8.9569,-5.4289
-2.691,-9.0152,-1.7671,8.0733,-1.0959,-4.4494,2.4028,-2.8554,-8.3401,-7.0594,-8.253,-5.2987
-3.3109,-9.4411,-1.9941,8.45,-1.1647,-4.7301,3.1868,-2.9532,-8.3743,-6.7562,-7.5651,-5.1757
-3.9733,-9.8438,-2.2406,8.8342,-1.1838,-5.0308,4.0355,-3.0897,-8.4136,-6.473,-6.9807,-5.0783
-4.5344,-10.117,-2.4384,9.1441,-1.1556,-5.2691,4.9467,-3.215,-8.4113,-6.2207,-6.5662,-5.0156
-4.838,-10.177,-2.5349,9.3047,-1.0744,-5.3717,5.9167,-3.2879,-8.3432,-6.0055,-6.3517,-4.9863
-4.7744,-9.9986,-2.4978,9.2807,-0.93699,-5.2939,6.9305,-3.287,-8.216,-5.8328,-6.3235,-4.98
-4.326,-9.616,-2.3134,9.0858,-0.75644,-5.0285,7.9593,-3.2149,-8.0608,-5.7048,-6.4245,-4.9784
-3.585,-9.0981,-1.9824,8.7701,-0.57063,-4.6024,8.9727,-3.0912,-7.916,-5.6152,-6.5663,-4.9567
-2.7302,-8.5165,-1.5148,8.3987,-0.44261,-4.0623,9.9514,-2.9417,-7.8108,-5.5475,-6.657,-4.8876
-1.9708,-7.9269,-0.92455,8.0343,-0.44914,-3.4581,10.886,-2.7866,-7.7543,-5.4809,-6.6325,-4.7478
-1.4835,-7.3665,-0.22591,7.7238,-0.65784,-2.8351,11.766,-2.6362,-7.7358,-5.3984,-6.475,-4.5212
-1.367,-6.8589,0.55793,7.4896,-1.098,-2.233,12.56,-2.4923,-7.731,-5.2926,-6.2118,-4.1999
-1.6251,-6.4182,1.3789,7.3282,-1.7395,-1.6883,13.211,-2.3562,-7.7142,-5.1679,-5.8991,-3.7861
-2.1737,-6.0513,2.1564,7.2172,-2.4918,-1.2357,13.644,-2.2362,-7.6714,-5.0393,-5.5971,-3.2932
-2.8668,-5.7621,2.7872,7.1275,-3.2219,-0.90623,13.785,-2.1488,-7.6092,-4.9288,-5.3436,-2.749
-3.538,-5.5609,3.1696,7.0401,-3.7839,-0.72678,13.587,-2.1117,-7.5495,-4.8571,-5.1372,-2.1921
-4.0428,-5.4723,3.2299,6.9609,-4.0526,-0.72045,13.053,-2.1316,-7.5102,-4.8316,-4.9394,-1.6613
-4.2883,-5.5308,2.941,6.9198,-3.9546,-0.90446,12.234,-2.1975,-7.4851,-4.8356,-4.6943,-1.1811
-4.2408,-5.7606,2.3313,6.9495,-3.4874,-1.2799,11.201,-2.2831,-7.4408,-4.8302,-4.3525,-0.75464
-3.9136,-6.1482,1.4874,7.0581,-2.7206,-1.8145,10.026,-2.3572,-7.3336,-4.7684,-3.8883,-0.3738
-3.3491,-6.6279,0.54077,7.2155,-1.7783,-2.4323,8.7674,-2.3951,-7.1343,-4.6152,-3.3128,-0.038311
-2.613,-7.0957,-0.36186,7.3624,-0.80862,-3.0279,7.4659,-2.3853,-6.8452,-4.3652,-2.6781,0.23166
-1.7946,-7.451,-1.1002,7.4356,0.050713,-3.5048,6.1517,-2.33,-6.5004,-4.0456,-2.0691,0.39793
-0.99701,-7.6332,-1.6143,7.3908,0.70097,-3.8097,4.8473,-2.2389,-6.151,-3.7054,-1.5787,0.42056
-0.31663,-7.6248,-1.9084,7.2116,1.0947,-3.9349,3.577,-2.1196,-5.8384,-3.3897,-1.2741,0.2797
0.17187,-7.4281,-2.0227,6.9064,1.2317,-3.8955,2.3781,-1.9673,-5.5675,-3.1139,-1.1685,-0.0070358
0.41817,-7.0384,-1.9949,6.5,1.1474,-3.7005,1.3024,-1.758,-5.2935,-2.8538,-1.215,-0.38166
0.40062,-6.4286,-1.8396,6.0228,0.90013,-3.3308,0.40561,-1.4537,-4.9329,-2.554,-1.3241,-0.76049
0.15074,-5.5527,-1.5461,5.4929,0.55955,-2.726,-0.26937,-1.0168,-4.3919,-2.1493,-1.3979,-1.0594
-0.22149,-4.3831,-1.0791,4.8957,0.19365,-1.812,-0.70283,-0.42529,-3.5964,-1.5802,-1.3624,-1.2168
-0.54047,-2.9643,-0.39426,4.1817,-0.14443,-0.58823,-0.89789,0.32123,-2.5172,-0.80313,-1.1813,-1.2061
-0.60955,-1.3541,0.53119,3.2784,-0.42395,0.86005,-0.87255,1.204,-1.1855,0.20071,-0.84763,-1.036
-0.25172,0.5283,1.6945,2.1035,-0.63734,2.5242,-0.64715,2.1946,0.30826,1.4166,-0.36337,-0.73082
0.65815,2.8665,3.0981,0.57413,-0.79857,4.5282,-0.22845,3.2688,1.8508,2.8009,0.28401,-0.29825
2.1587,5.8045,4.7667,-1.3815,-0.93786,6.9926,0.40555,4.4227,3.3672,4.306,1.1376,0.28934
4.18,9.4184,6.7281,-3.8095,-1.0894,9.9646,1.315,5.6883,4.8691,5.9182,2.263,1.0852
6.5586,13.744,8.9778,-6.7075,-1.2756,13.429,2.5998,7.138,6.4519,7.677,3.7153,2.1478
9.0817,18.717,11.446,-9.9889,-1.4961,17.285,4.3939,8.8706,8.2433,9.661,5.5092,3.5216
11.516,24.009,13.981,-13.45,-1.7251,21.276,6.8496,10.981,10.333,11.941,7.6066,5.2176
13.632,28.986,16.364,-16.802,-1.9167,24.984,10.097,13.527,12.725,14.514,9.9171,7.1919
15.304,33.027,18.345,-19.805,-2.0185,27.956,14.148,16.512,15.344,17.267,12.315,9.3429
16.605,35.947,19.733,-22.419,-1.9886,29.94,18.785,19.881,18.082,20.023,14.685,11.546
17.756,38.096,20.484,-24.795,-1.8137,31.037,23.594,23.538,20.849,22.655,16.97,13.714
18.956,40.057,20.704,-27.052,-1.5208,31.628,28.199,27.383,23.601,25.144,19.188,15.834
20.251,42.221,20.598,-29.097,-1.1773,32.14,32.446,31.346,26.334,27.531,21.405,17.947
21.6,44.547,20.403,-30.775,-0.87096,32.87,36.352,35.404,29.061,29.857,23.674,20.077
23.032,46.747,20.324,-32.089,-0.66972,33.908,39.972,39.56,31.791,32.139,25.995,22.173
24.649,48.571,20.433,-33.14,-0.57894,35.115,43.311,43.796,34.506,34.372,28.315,24.121
26.464,49.892,20.576,-33.999,-0.51636,36.174,46.313,48.023,37.158,36.534,30.569,25.818
28.331,50.67,20.435,-34.676,-0.32079,36.766,48.878,52.073,39.67,38.575,32.7,27.23
30.112,50.942,19.755,-35.17,0.15175,36.702,50.911,55.714,41.959,40.432,34.657,28.373
31.787,50.806,18.438,-35.513,0.92914,35.942,52.349,58.709,43.954,42.048,36.395,29.297
33.494,50.39,16.569,-35.771,2.0595,34.593,53.168,60.877,45.612,43.408,37.883,30.061
35.519,49.757,14.367,-36.011,3.6901,32.85,53.312,62.151,46.923,44.541,39.137,30.728
38.122,48.844,12.02,-36.247,5.8794,30.861,52.57,62.589,47.904,45.512,40.221,31.352
41.305,47.511,9.607,-36.435,8.5082,28.678,50.584,62.33,48.574,46.39,41.232,31.97
44.73,45.722,7.1729,-36.508,11.375,26.337,47.184,61.502,48.923,47.223,42.254,32.586
47.842,43.577,4.797,-36.413,14.283,23.916,42.648,60.13,48.899,47.996,43.296,33.169
50.123,41.171,2.5798,-36.125,17.048,21.473,37.469,58.139,48.419,48.613,44.246,33.663
51.259,38.54,0.61717,-35.649,19.465,18.996,31.995,55.442,47.411,48.903,44.908,34.005
51.138,35.697,-1.0108,-35,21.314,16.435,26.348,52.024,45.855,48.681,45.104,34.144
49.846,32.648,-2.2655,-34.192,22.376,13.756,20.567,47.97,43.798,47.812,44.74,34.052
47.543,29.383,-3.1797,-33.23,22.502,10.978,14.778,43.428,41.344,46.231,43.809,33.722
44.474,25.915,-3.8588,-32.133,21.823,8.188,9.2814,38.585,38.63,43.967,42.365,33.162
41.153,22.31,-4.4535,-30.952,20.852,5.5107,4.4314,33.632,35.793,41.134,40.499,32.384
38.333,18.703,-5.1207,-29.784,20.237,3.0829,0.40377,28.73,32.944,37.916,38.32,31.397
36.673,15.263,-5.9817,-28.755,20.365,1.0084,-2.8716,24.004,30.154,34.532,35.957,30.21
36.395,12.149,-7.1036,-27.985,21.26,-0.68504,-5.5799,19.547,27.449,31.208,33.564,28.838
37.235,9.4767,-8.5062,-27.512,22.728,-2.0471,-7.9051,15.439,24.814,28.148,31.284,27.304
38.655,7.2961,-10.167,-27.229,24.527,-3.1643,-10.008,11.751,22.199,25.487,29.208,25.627
40.067,5.5868,-12.014,-26.926,26.488,-4.1176,-12.023,8.53,19.544,23.228,27.331,23.813
41.015,4.2593,-13.932,-26.424,28.548,-4.9616,-14.014,5.7723,16.812,21.221,25.572,21.851
41.536,3.179,-15.785,-25.674,30.692,-5.7175,-15.946,3.4215,14.02,19.23,23.822,19.726
42.121,2.2197,-17.443,-24.719,32.871,-6.3744,-17.715,1.3966,11.247,17.064,22.013,17.45
43.072,1.3189,-18.78,-23.594,35.03,-6.895,-19.229,-0.37719,8.5918,14.712,20.128,15.081
44.382,0.499,-19.675,-22.289,37.073,-7.2327,-20.453,-1.9579,6.1252,12.324,18.185,12.711
45.884,-0.16758,-20.032,-20.797,38.695,-7.3566,-21.411,-3.3947,3.8696,10.077,16.21,10.421
47.196,-0.63121,-19.827,-19.188,39.424,-7.2757,-22.154,-4.7393,1.8147,8.0764,14.236,8.2608
47.8,-0.92934,-19.133,-17.581,38.927,-7.0456,-22.742,-6.0499,-0.060118,6.3349,12.299,6.2466
47.427,-1.1954,-18.089,-15.981,37.226,-6.7579,-23.228,-7.3848,-1.7725,4.8044,10.429,4.3843
45.912,-1.6066,-16.849,-14.232,34.626,-6.5165,-23.645,-8.7895,-3.3378,3.409,8.6397,2.6731
43.026,-2.301,-15.545,-12.155,31.478,-6.4083,-24.017,-10.289,-4.7745,2.0743,6.9203,1.1015
38.662,-3.3162,-14.271,-9.6858,28.001,-6.478,-24.359,-11.892,-6.1082,0.74579,5.2401,-0.35424
32.943,-4.5855,-13.079,-6.9173,24.279,-6.7201,-24.69,-13.595,-7.3699,-0.60503,3.5635,-1.7226
26.22,-5.9858,-11.981,-4.0491,20.342,-7.0909,-25.021,-15.395,-8.5885,-1.979,1.8726,-3.0227
19.029,-7.3946,-10.966,-1.2732,16.261,-7.5263,-25.347,-17.28,-9.781,-3.347,0.18884,-4.2542
12.078,-8.7251,-10.016,1.306,12.226,-7.9568,-25.65,-19.231,-10.948,-4.6552,-1.4246,-5.3998
6.0531,-9.9279,-9.1248,3.6432,8.5205,-8.3178,-25.902,-21.221,-12.079,-5.8426,-2.8889,-6.4392
1.427,-10.974,-8.2804,5.6799,5.4296,-8.5594,-26.085,-23.225,-13.158,-6.862,-4.1427,-7.3627
-1.4376,-11.836,-7.4508,7.342,3.176,-8.6494,-26.194,-25.219,-14.171,-7.6942,-5.1564,-8.1778
-2.4884,-12.482,-6.5942,8.6152,1.7277,-8.5724,-26.237,-27.17,-15.101,-8.3489,-5.9288,-8.9065
-2.4119,-12.892,-5.6739,9.5738,0.71009,-8.3293,-26.228,-29.035,-15.933,-8.8557,-6.4809,-9.5781
-2.5441,-13.072,-4.6723,10.311,-0.22468,-7.9412,-26.188,-30.76,-16.663,-9.2517,-6.8561,-10.218
-3.3838,-13.072,-3.6037,10.889,-1.2056,-7.4498,-26.133,-32.291,-17.298,-9.5712,-7.1173,-10.842
-4.4808,-12.968,-2.5163,11.347,-2.2344,-6.9117,-26.078,-33.594,-17.851,-9.8409,-7.3342,-11.447
-5.5766,-12.83,-1.4828,11.716,-3.2448,-6.3842,-26.025,-34.66,-18.335,-10.077,-7.5657,-12.025
-6.5481,-12.697,-0.58434,12.001,-4.127,-5.914,-25.97,-35.506,-18.755,-10.284,-7.8461,-12.562
-7.2516,-12.571,0.10487,12.181,-4.7569,-5.5321,-25.906,-36.169,-19.113,-10.451,-8.1805,-13.051
-7.5425,-12.433,0.52917,12.222,-5.0328,-5.2566,-25.838,-36.698,-19.408,-10.558,-8.5464,-13.486
-7.3366,-12.266,0.66056,12.103,-4.9106,-5.0969,-25.774,-37.133,-19.643,-10.583,-8.8986,-13.858
-6.6594,-12.078,0.50449,11.839,-4.4238,-5.0592,-25.728,-37.505,-19.828,-10.516,-9.1801,-14.157
-5.6565,-11.9,0.098714,11.484,-3.6755,-5.1474,-25.715,-37.84,-19.983,-10.367,-9.3367,-14.364
-4.556,-11.788,-0.49689,11.125,-2.8028,-5.3622,-25.746,-38.163,-20.131,-10.166,-9.3343,-14.466
-3.5928,-11.799,-1.2148,10.851,-1.9348,-5.6953,-25.83,-38.493,-20.298,-9.9535,-9.1685,-14.455
-2.928,-11.968,-1.9931,10.723,-1.1632,-6.125,-25.971,-38.841,-20.497,-9.7608,-8.8659,-14.334
-2.6049,-12.283,-2.7824,10.743,-0.53192,-6.6135,-26.159,-39.202,-20.726,-9.5985,-8.4778,-14.112
-2.5528,-12.683,-3.5424,10.86,-0.038963,-7.1068,-26.375,-39.556,-20.965,-9.4551,-8.0693,-13.806
-2.6252,-13.073,-4.2281,10.984,0.3484,-7.5425,-26.603,-39.882,-21.184,-9.309,-7.7031,-13.44
-2.6645,-13.364,-4.7858,11.033,0.66449,-7.8635,-26.841,-40.169,-21.354,-9.1435,-7.4224,-13.035
-2.5737,-13.501,-5.1674,10.965,0.91883,-8.0342,-27.11,-40.432,-21.462,-8.9546,-7.2397,-12.606
-2.3531,-13.482,-5.3472,10.796,1.0931,-8.0486,-27.446,-40.701,-21.512,-8.7513,-7.1339,-12.157
-2.0864,-13.344,-5.3257,10.585,1.156,-7.9267,-27.88,-41.012,-21.521,-8.5534,-7.0576,-11.683
-1.8886,-13.137,-5.1262,10.392,1.0811,-7.7053,-28.42,-41.384,-21.503,-8.3829,-6.9519,-11.174
-1.8446,-12.9,-4.7917,10.251,0.86494,-7.4264,-29.047,-41.805,-21.462,-8.2533,-6.7652,-10.632
-1.9708,-12.65,-4.3801,10.159,0.5365,-7.1309,-29.727,-42.247,-21.395,-8.1625,-6.474,-10.071
-2.2167,-12.402,-3.956,10.094,0.15305,-6.8562,-30.427,-42.681,-21.317,-8.0999,-6.0969,-9.5257
-2.4964,-12.182,-3.5781,10.041,-0.21719,-6.6358,-31.126,-43.111,-21.282,-8.0665,-5.6975,-9.0511
-2.7293,-12.036,-3.2865,10.013,-0.51727,-6.4941,-31.813,-43.567,-21.396,-8.0954,-5.38,-8.7225
-2.8717,-12.015,-3.0928,10.057,-0.71977,-6.4351,-32.464,-44.085,-21.803,-8.2505,-5.2808,-8.6252
-2.9226,-12.149,-2.9831,10.23,-0.832,-6.4407,-33.04,-44.664,-22.675,-8.5774,-5.4911,-8.8283
-2.8992,-12.427,-2.944,10.564,-0.88364,-6.4972,-33.475,-45.229,-24.178,-8.968,-5.6743,-9.3437
-2.7989,-12.787,-2.9889,11.017,-0.90433,-6.6342,-33.677,-45.596,-26.331,-8.3301,-2.3892,-9.8455
-2.5901,-13.11,-3.154,11.434,-0.90664,-6.9146,-33.53,-45.418,-28.698,-5.2591,3.6722,-8.2111
-2.3148,-13.291,-3.4716,11.665,-0.8826,-7.3144,-32.903,-44.06,-30.568,-3.2407,7.1925,-4.0601
-2.1712,-13.446,-3.9556,11.844,-0.81115,-7.6611,-31.991,-40.345,-31.065,-2.5627,10.711,-1.3879
-2.2086,-13.774,-4.6269,12.086,-0.66842,-7.8934,-34.809,-35.869,-27.847,2.696,13.282,-0.10118
-1.6331,-14.221,-5.5394,11.738,-0.41301,-8.3881,-42.704,-59.234,-24.356,1.5065,12.501,-0.51434
2.574,-15.199,-6.7431,8.8514,0.22678,-10.28,-44.455,-61.194,-29.475,-5.719,6.451,-2.3102
1.2567,-22.595,-8.2493,11.98,3.4457,-18.292,-44.177,-62.052,-39.417,-18.904,-6.6395,-8.6974
-2.2732,-34.642,-10.076,20.023,6.2555,-28.194,-41.281,-63.22,-55.174,-40.253,-28.436,-21.448
-9.5488,-50.496,-12.228,31.631,6.3436,-38.551,-35.21,-63.003,-75.561,-66.19,-56.638,-42.36
-20.915,-66.67,-14.681,45.05,6.0039,-48.466,-25.249,-57.823,-93.408,-87.239,-84.398,-65.925
-30.93,-77.375,-18.339,55.273,5.4959,-54.976,-9.4228,-41.946,-98.086,-97.23,-102.82,-83.564
-31.997,-77.565,-26.527,56.443,5.2875,-55.386,15.461,-7.5424,-81.205,-87.994,-103.1,-90.576
-21.345,-64.005,-32.426,45.258,6.1141,-47.355,53.354,55.124,-34.408,-51.351,-79.043,-83.01
1.7014,-34.591,-25.887,20.068,9.2439,-29.334,107.16,156.31,49.424,18.836,-26.606,-58.619
37.665,11.638,-15.55,-20.288,17.446,-1.0882,173.54,295.85,175.09,125.67,56.175,-16.333
86.994,74.532,-2.7236,-76.586,36.395,36.483,248.76,467.69,343.87,268.75,169.55,44.991
150.16,152.72,12.183,-147.78,64.563,81.728,324.89,663.74,551.02,445.88,312.1,126.35
228.31,244.71,25.702,-232.95,99.125,132.34,389.8,864.12,786.54,653.04,481.8,227.85
320.63,348.53,34.419,-330.5,142.83,187.01,431.5,1045.7,1038.7,883.65,675.05,349.13
423.5,461.59,40.419,-438.08,191.17,246.03,442.25,1189.1,1293.7,1128.6,885.89,488.63
530.62,581.78,50.934,-552.34,238.33,311.76,420.94,1283.1,1537,1376.3,1105.2,642.4
633.86,706.84,72.673,-667.91,279.04,386.44,372.57,1324.8,1753.9,1611.2,1319.9,803.17
723.53,831.36,108.9,-776.24,306.19,468.43,304.74,1315.9,1929.1,1812.8,1511.2,959.18
788.72,943.53,157.63,-865.07,314.93,550.32,223.95,1257.3,2044.1,1954.6,1654.9,1093.8
818.24,1025.6,211.74,-919.89,302.92,619.72,133.99,1146.2,2077.5,2006.8,1724,1187.1
802.6,1059.3,262.25,-927.48,269.9,663.04,36.829,977.3,2009.4,1944.1,1695.2,1220.7
737.14,1033,302.07,-880.35,217.23,670.76,-65.662,748.79,1829.7,1756.5,1558.2,1183.8
625.54,947.31,328.07,-780.78,148.43,641.23,-170.8,468,1545.4,1458,1323.4,1078.5
481.35,815.71,340.35,-642.34,70.262,580.98,-275.49,153.39,1183.1,1086.3,1022.1,920.76
325.59,659.62,339.88,-486.51,-7.2654,501.57,-376.95,-168.7,782.38,692.88,698.82,736.06
180.97,500.31,326.75,-335.89,-72.895,414.85,-472.57,-470.14,385.27,326.71,397.16,551
65.277,354.93,300.54,-207.79,-117.58,329.7,-558.91,-726.63,26.804,22.076,148.49,386.57
-12.925,235.22,262.28,-111.3,-137.57,251.7,-630.79,-920.97,-268.79,-205.66,-32.998,254.67
-54.631,146.31,216.13,-47.658,-135.46,184.6,-681.55,-1044,-487.81,-356.68,-148.39,158.03
-67.656,87.737,169.08,-12.227,-118.6,131.47,-704.89,-1094.2,-625.95,-439.9,-208.21,92.731
-62.656,55.551,129.08,2.409,-96.227,94.74,-697.66,-1077.8,-687.29,-467.82,-226.85,51.759
-49.737,44.027,102.56,3.7395,-76.599,75.664,-661.86,-1007.5,-683.2,-454.6,-218.55,28.025
-36.556,47.127,92.893,-2.3657,-65.234,73.224,-604.11,-901.06,-630.75,-413.98,-194.63,15.916
-27.888,59.146,100.14,-11.199,-64.261,84.064,-533.31,-777.62,-549.54,-358.54,-164.17,11.543
-25.914,74.601,120.52,-19.067,-72.582,102.51,-458.14,-654.33,-457.99,-299.47,-133.83,12.178
-30.488,88.925,145,-23.375,-86.597,121.7,-385.1,-543.02,-372.44,-245.24,-107.53,15.089
-39.457,98.664,163.92,-22.582,-101.18,135.53,-318.02,-448.81,-301.92,-199.97,-86.969,17.724
-49.707,100.59,171.69,-14.962,-110.1,139.87,-258.34,-370.73,-246.91,-164.36,-72.028,18.414
-55.826,88.066,165.83,-4.8173,-110.31,132.35,-205.49,-305.33,-204.53,-136.85,-59.693,16.479
-55.449,68.747,146.89,-1.0261,-101.05,113.24,-159.05,-249.59,-169.8,-113.92,-49.135,12.657
-50.522,52.082,119.12,0.87707,-84.394,87.589,-120.78,-201.04,-139.27,-94.19,-40.23,7.7104
-40.602,36.016,88.276,2.0963,-64.903,61.59,-90.895,-159.03,-111.14,-75.942,-31.941,4.4632
-28.779,22.073,59.068,3.0926,-45.806,38.939,-68.277,-124.52,-85.873,-59.212,-24.203,2.5073
-18.492,11.861,35.739,4.0968,-28.753,22.583,-51.87,-98.646,-65.109,-45.106,-16.505,1.1889
-11.169,5.6612,22.041,5.1175,-17.308,13.615,-40.308,-81.526,-50.289,-34.554,-10.688,0.10511
-6.4189,2.602,15.85,6.0973,-11.73,9.6749,-31.575,-71.647,-42.029,-28.033,-7.9856,-0.98734
-3.8934,1.4859,13.364,7.0596,-9.5515,7.9338,-23.576,-66.163,-39.126,-25.009,-8.3409,-2.1827
-3.5885,1.5442,12.267,8.0692,-9.1291,6.9139,-15.012,-62.235,-38.748,-24.22,-8.8972,-3.4367
-4.8226,1.1746,11.696,9.1278,-9.4413,6.7323,-5.94,-57.84,-38.394,-24.439,-8.3003,-4.6313
-6.4987,-1.9246,11.777,10.159,-10.056,8.4752,0.88168,-51.36,-35.415,-22.889,-7.1544,-5.6612
-7.3971,-5.3136,12.411,11.057,-10.859,8.0275,-0.59245,-44.197,-28.556,-18.68,-5.9141,-6.4758
-7.4194,-7.5385,10.432,11.734,-10.409,3.2955,-0.51927,-38.139,-22.003,-13.096,-4.6881,-7.0759
-7.4158,-8.8875,7.2364,12.152,-7.0265,0.17323,1.7239,-32.226,-17.707,-9.1537,-3.5121,-7.4974
-7.2835,-9.6888,5.1729,12.333,-5.3915,-1.2894,3.9045,-26.856,-14.997,-7.0616,-2.4555,-7.797
-6.9195,-10.209,3.877,12.35,-4.6007,-2.1104,5.6984,-22.433,-13.142,-5.7158,-1.5975,-8.0349
-6.4135,-10.663,2.7703,12.301,-3.8152,-2.7836,7.1398,-18.892,-11.755,-4.7458,-0.97659,-8.2562
-5.9426,-11.18,1.6464,12.273,-2.9975,-3.4903,8.3158,-15.974,-10.628,-4.0241,-0.56957,-8.4791
-5.6819,-11.783,0.53394,12.316,-2.264,-4.23,9.3276,-13.453,-9.6202,-3.4404,-0.30625,-8.6932
-5.7043,-12.397,-0.43844,12.425,-1.7133,-4.9043,10.27,-11.195,-8.6312,-2.8939,-0.10058,-8.8681
-5.9172,-12.898,-1.1562,12.543,-1.3753,-5.3991,11.21,-9.1454,-7.5964,-2.3267,0.11845,-8.9676
-6.0889,-13.166,-1.5806,12.581,-1.1992,-5.6406,12.167,-7.2887,-6.4942,-1.7463,0.38706,-8.9665
-5.9464,-13.142,-1.7647,12.453,-1.067,-5.6227,13.106,-5.6181,-5.3502,-1.217,0.70317,-8.8623
-5.2831,-12.854,-1.8418,12.119,-0.83356,-5.4118,13.943,-4.125,-4.2275,-0.82298,1.0343,-8.6786
-4.0429,-12.413,-1.9727,11.61,-0.37367,-5.127,14.565,-2.7951,-3.2062,-0.62999,1.3309,-8.4608
-2.3587,-11.975,-2.2692,11.03,0.3638,-4.8978,14.88,-1.6076,-2.3565,-0.66034,1.5442,-8.2629
-0.53142,-11.685,-2.7486,10.515,1.3153,-4.816,14.874,-0.53185,-1.7114,-0.88296,1.6462,-8.1282
1.0691,-11.629,-3.3494,10.187,2.3183,-4.9098,14.624,0.47414,-1.2494,-1.2188,1.6448,-8.0727
2.132,-11.812,-3.973,10.104,3.1718,-5.1496,14.268,1.4584,-0.89967,-1.5648,1.5818,-8.0801
2.4889,-12.17,-4.517,10.25,3.7095,-5.4725,13.932,2.4604,-0.56902,-1.8313,1.5167,-8.1121
2.1371,-12.606,-4.9028,10.55,3.8596,-5.8084,13.676,3.4961,-0.17655,-1.9755,1.4998,-8.1293
1.221,-13.043,-5.1071,10.909,3.6647,-6.1087,13.485,4.5494,0.32119,-2.014,1.5451,-8.1131
-0.0033297,-13.445,-5.1845,11.238,3.2571,-6.3719,13.293,5.5755,0.92181,-2.0056,1.6154,-8.0784
-1.2298,-13.822,-5.2561,11.491,2.8135,-6.6426,13.02,6.5148,1.5849,-2.0151,1.6325,-8.0723
-2.184,-14.207,-5.4552,11.669,2.5239,-6.9774,12.616,7.3175,2.253,-2.0829,1.51,-8.1551
-2.7033,-14.619,-5.8584,11.804,2.5552,-7.4015,12.083,7.9686,2.8788,-2.212,1.1926,-8.3747
-2.7555,-15.037,-6.4508,11.919,2.993,-7.8867,11.483,8.4984,3.4477,-2.3724,0.67999,-8.7445
-2.3598,-15.398,-7.1411,12.001,3.7902,-8.357,10.911,8.9715,3.9819,-2.5121,0.025331,-9.2384
-1.5389,-15.603,-7.7984,12.003,4.7782,-8.711,10.456,9.4588,4.5234,-2.5709,-0.68809,-9.803
-0.3729,-15.555,-8.2901,11.861,5.7509,-8.853,10.164,10.008,5.1069,-2.4979,-1.3791,-10.381
1.0019,-15.201,-8.5155,11.529,6.5496,-8.725,10.018,10.629,5.7375,-2.2715,-1.9959,-10.932
2.4244,-14.561,-8.4336,11.016,7.0893,-8.328,9.9493,11.294,6.3851,-1.9141,-2.5279,-11.443
3.702,-13.735,-8.0761,10.395,7.3368,-7.7258,9.8671,11.956,6.9974,-1.4917,-2.9994,-11.922
4.6407,-12.878,-7.5333,9.789,7.2948,-7.0291,9.6823,12.571,7.5203,-1.094,-3.4531,-12.391
5.1105,-12.159,-6.9214,9.3291,7.0124,-6.3651,9.3452,13.112,7.9164,-0.80274,-3.931,-12.872
5.0919,-11.7,-6.3447,9.1056,6.583,-5.8399,8.8738,13.579,8.177,-0.66456,-4.4571,-13.382
4.6737,-11.538,-5.8671,9.1355,6.1029,-5.5096,8.3451,13.998,8.3266,-0.67969,-5.0278,-13.915
4.004,-11.622,-5.5012,9.3613,5.6281,-5.3721,7.8516,14.403,8.4149,-0.8067,-5.6112,-14.444
3.2303,-11.84,-5.2195,9.6833,5.1695,-5.3796,7.4549,14.825,8.5011,-0.97909,-6.1584,-14.922
2.4558,-12.08,-4.9783,10.009,4.7056,-5.4632,7.1617,15.279,8.6362,-1.1299,-6.6232,-15.299
1.7161,-12.277,-4.7372,10.298,4.1972,-5.5585,6.9283,15.765,8.8493,-1.2197,-6.9813,-15.546
0.97803,-12.428,-4.4704,10.57,3.6077,-5.6265,6.6843,16.274,9.1413,-1.2565,-7.2417,-15.658
0.18004,-12.578,-4.1717,10.884,2.9336,-5.6609,6.3657,16.804,9.4893,-1.2941,-7.443,-15.659
-0.71198,-12.78,-3.8567,11.297,2.2195,-5.6808,5.9408,17.368,9.8588,-1.4043,-7.6357,-15.586
-1.6751,-13.069,-3.5555,11.829,1.5404,-5.7136,5.4188,17.987,10.218,-1.6401,-7.8596,-15.477
-2.6313,-13.441,-3.295,12.454,0.96861,-5.7741,4.8391,18.679,10.545,-2.0115,-8.1264,-15.355
-3.4652,-13.848,-3.0827,13.105,0.54858,-5.8527,4.2524,19.442,10.825,-2.4845,-8.4174,-15.232
-4.0636,-14.216,-2.8994,13.686,0.28234,-5.9139,3.7024,20.252,11.053,-2.9972,-8.692,-15.108
-4.3713,-14.463,-2.7001,14.121,0.12683,-5.9064,3.2161,21.077,11.24,-3.4781,-8.9003,-14.976
-4.4286,-14.536,-2.4227,14.377,0.0030177,-5.7802,2.8026,21.899,11.419,-3.8622,-8.9965,-14.818
-4.3617,-14.428,-2.0083,14.478,-0.18183,-5.5067,2.4624,22.729,11.641,-4.1032,-8.9481,-14.604
-4.3351,-14.173,-1.4316,14.486,-0.50232,-5.0936,2.1987,23.61,11.967,-4.1822,-8.7435,-14.305
-4.4897,-13.836,-0.7195,14.472,-0.98675,-4.5865,2.0196,24.596,12.445,-4.1099,-8.3954,-13.902
-4.8919,-13.485,0.052342,14.483,-1.6043,-4.0558,1.9313,25.728,13.094,-3.9184,-7.9359,-13.406
-5.512,-13.178,0.78193,14.529,-2.2706,-3.573,1.936,27.016,13.895,-3.6483,-7.4049,-12.86
-6.2406,-12.937,1.37,14.579,-2.8722,-3.1871,2.032,28.436,14.797,-3.3362,-6.8333,-12.322
-6.9362,-12.746,1.749,14.583,-3.3066,-2.9122,2.2139,29.944,15.736,-3.0075,-6.2321,-11.841
-7.4789,-12.561,1.911,14.487,-3.5224,-2.7237,2.4713,31.496,16.656,-2.6728,-5.5962,-11.432
-7.7919,-12.319,1.9218,14.26,-3.5352,-2.5622,2.7909,33.062,17.529,-2.3276,-4.9194,-11.077
-7.8222,-11.963,1.8999,13.897,-3.406,-2.3463,3.1593,34.627,18.358,-1.9566,-4.2054,-10.739
-7.5255,-11.446,1.9665,13.408,-3.2028,-1.9999,3.5656,36.196,19.164,-1.5408,-3.4665,-10.38
-6.8716,-10.74,2.1977,12.797,-2.9676,-1.4805,4.0041,37.787,19.98,-1.0623,-2.7142,-9.9754
-5.856,-9.8463,2.5944,12.06,-2.7041,-0.79498,4.4787,39.434,20.841,-0.51143,-1.9543,-9.5196
-4.5165,-8.8052,3.0789,11.202,-2.3848,-0.0022044,5.0048,41.179,21.775,0.10432,-1.1942,-9.0265
-2.9448,-7.6937,3.5196,10.254,-1.9719,0.80169,5.6101,43.066,22.801,0.75913,-0.45763,-8.5253
-1.2837,-6.6094,3.7888,9.2776,-1.4442,1.5178,6.3318,45.13,23.931,1.4231,0.21181,-8.0518
0.28395,-5.643,3.8227,8.3518,-0.81979,2.085,7.2119,47.397,25.165,2.0819,0.76618,-7.6378
1.559,-4.8566,3.6409,7.5555,-0.15813,2.4986,8.29,49.877,26.502,2.747,1.1782,-7.3014
2.3809,-4.2748,3.3173,6.9457,0.4594,2.7948,9.5921,52.562,27.935,3.4565,1.4568,-7.0386
2.6982,-3.8847,2.9406,6.5401,0.95765,3.0201,11.116,55.417,29.452,4.268,1.6452,-6.8213
2.5995,-3.6376,2.5892,6.3084,1.2902,3.2106,12.812,58.367,31.026,5.2426,1.8069,-6.6041
2.2783,-3.4552,2.3263,6.1796,1.4491,3.3939,14.584,61.304,32.618,6.4175,2.0077,-6.3386
1.9574,-3.2493,2.2029,6.0652,1.4577,3.604,16.307,64.104,34.175,7.7712,2.2932,-5.9901
1.8084,-2.9504,2.2569,5.8903,1.3546,3.8877,17.881,66.67,35.648,9.2112,2.6705,-5.5496
1.899,-2.5287,2.5066,5.617,1.1765,4.2947,19.285,68.972,37.005,10.611,3.1092,-5.0337
2.1849,-1.9919,2.9543,5.2502,0.94837,4.8712,20.602,71.068,38.239,11.867,3.5632,-4.4742
2.5423,-1.3649,3.5938,4.8303,0.68038,5.6663,21.996,73.084,39.374,12.931,3.9959,-3.9059
2.8231,-0.67299,4.4177,4.4167,0.37475,6.7231,23.652,75.168,40.452,13.795,4.3835,-3.3616
2.9148,0.062879,5.4257,4.0665,0.041223,8.0529,25.706,77.437,41.513,14.475,4.701,-2.872
2.7806,0.82978,6.6332,3.811,-0.29058,9.6231,28.177,79.929,42.581,15.008,4.915,-2.4619
2.471,1.6394,8.0675,3.6351,-0.57649,11.374,30.956,82.596,43.652,15.455,4.9964,-2.1375
2.1091,2.5516,9.7355,3.4709,-0.77979,13.26,33.858,85.328,44.702,15.891,4.9458,-1.8686
1.8474,3.6769,11.585,3.2169,-0.89484,15.277,36.714,87.991,45.696,16.374,4.8085,-1.5847
1.8031,5.1394,13.526,2.7789,-0.95867,17.452,39.438,90.478,46.598,16.9,4.6497,-1.2
2.0015,7.0217,15.522,2.1118,-1.0435,19.819,42.017,92.725,47.388,17.389,4.504,-0.65782
2.3601,9.3346,17.635,1.2359,-1.2386,22.388,44.472,94.713,48.059,17.712,4.345,0.03677
2.7249,12.033,19.972,0.22011,-1.636,25.138,46.826,96.457,48.616,17.754,4.1063,0.81765
2.9407,15.07,22.616,-0.85618,-2.3148,28.012,49.096,97.996,49.066,17.465,3.7257,1.586
2.9137,18.433,25.581,-1.9436,-3.3163,30.924,51.298,99.38,49.428,16.881,3.1836,2.2525
2.641,22.117,28.79,-3.0471,-4.6356,33.778,53.448,100.66,49.728,16.101,2.5204,2.7811
2.2063,26.031,32.099,-4.2258,-6.2415,36.499,55.571,101.86,50,15.254,1.8259,3.2187
1.7476,29.944,35.353,-5.5702,-8.1027,39.064,57.703,103.01,50.275,14.459,1.2078,3.6879
1.4068,33.584,38.426,-7.1675,-10.167,41.539,59.898,104.11,50.573,13.792,0.75857,4.3379
1.2779,36.813,41.224,-9.0637,-12.277,44.066,62.217,105.15,50.891,13.257,0.53375,5.2786
1.3757,39.693,43.743,-11.23,-14.172,46.78,64.706,106.11,51.201,12.8,0.54146,6.5276
1.636,42.354,46.136,-13.542,-15.709,49.71,67.367,106.96,51.45,12.324,0.74236,7.993
1.9452,44.859,48.64,-15.811,-17.001,52.775,70.143,107.65,51.574,11.728,1.062,9.4975
2.1829,47.186,51.414,-17.877,-18.309,55.856,72.939,108.12,51.513,10.953,1.4149,10.849
2.2617,49.338,54.487,-19.709,-19.853,58.885,75.664,108.33,51.221,10.022,1.7337,11.933
2.1459,51.396,57.795,-21.405,-21.713,61.877,78.266,108.23,50.681,9.0323,1.9873,12.768
1.8478,53.509,61.243,-23.084,-23.842,64.881,80.729,107.84,49.896,8.0865,2.1774,13.494
1.4124,55.839,64.748,-24.772,-26.138,67.927,83.047,107.21,48.873,7.2205,2.3164,14.29
0.90484,58.483,68.224,-26.385,-28.513,70.979,85.2,106.4,47.601,6.3826,2.4028,15.274
0.39698,61.405,71.555,-27.804,-30.875,73.942,87.151,105.41,46.035,5.4633,2.4069,16.434
-0.046965,64.445,74.611,-28.966,-33.077,76.733,88.864,104.22,44.105,4.3462,2.2723,17.615
-0.37864,67.45,77.328,-29.893,-34.946,79.361,90.329,102.78,41.755,2.9526,1.9348,18.604
-0.56593,70.372,79.795,-30.666,-36.432,81.925,91.572,101.01,38.97,1.2591,1.3502,19.241
-0.6005,73.251,82.232,-31.37,-37.667,84.549,92.636,98.865,35.791,-0.72354,0.51674,19.486
-0.51479,76.128,84.872,-32.059,-38.873,87.304,93.553,96.31,32.294,-3.0061,-0.52243,19.417
-0.38535,78.981,87.838,-32.745,-40.234,90.176,94.326,93.32,28.556,-5.6799,-1.6989,19.173
-0.30835,81.731,91.07,-33.404,-41.813,93.086,94.93,89.86,24.634,-8.897,-2.9476,18.893
-0.36092,84.277,94.391,-34,-43.56,95.931,95.314,85.882,20.548,-12.701,-4.2281,18.649
-0.56964,86.547,97.603,-34.505,-45.354,98.613,95.424,81.346,16.278,-16.915,-5.5279,18.431
-0.902,88.519,100.54,-34.905,-47.045,101.05,95.23,76.248,11.783,-21.331,-6.8507,18.164
-1.2847,90.207,103.08,-35.203,-48.503,103.17,94.737,70.652,7.0677,-25.884,-8.2009,17.758
-1.6399,91.635,105.13,-35.405,-49.657,104.94,93.994,64.688,2.2488,-30.618,-9.5778,17.163
-1.9205,92.825,106.69,-35.518,-50.508,106.37,93.073,58.519,-2.4405,-35.561,-10.979,16.398
-2.1288,93.797,107.84,-35.542,-51.139,107.54,92.05,52.298,-6.8019,-40.575,-12.408,15.555
-2.3133,94.571,108.78,-35.48,-51.694,108.58,90.966,46.142,-10.842,-45.389,-13.884,14.763
-2.5452,95.167,109.76,-35.341,-52.344,109.63,89.8,40.117,-14.766,-49.811,-15.45,14.14
-2.8841,95.601,111.04,-35.15,-53.234,110.76,88.476,34.247,-18.816,-53.848,-17.166,13.751
-3.3439,95.885,112.69,-34.945,-54.433,111.93,86.899,28.538,-23.105,-57.579,-19.049,13.617
-3.8806,96.036,114.59,-34.765,-55.882,113,85.022,23.026,-27.579,-61.037,-21.001,13.742
-4.4089,96.071,116.41,-34.636,-57.396,113.86,82.888,17.784,-32.125,-64.242,-22.816,14.133
-4.841,96.008,117.86,-34.56,-58.742,114.42,80.627,12.912,-36.666,-67.318,-24.338,14.798
-5.1242,95.862,118.77,-34.521,-59.745,114.68,78.388,8.479,-41.159,-70.508,-25.583,15.702
-5.2638,95.633,119.1,-34.491,-60.334,114.66,76.25,4.4872,-45.54,-74.019,-26.7,16.758
-5.3199,95.307,118.86,-34.427,-60.527,114.34,74.185,0.86488,-49.705,-77.851,-27.816,17.854
-5.3789,94.848,118.12,-34.284,-60.393,113.75,72.076,-2.5122,-53.548,-81.772,-28.913,18.911
-5.5109,94.224,116.99,-34.028,-60.005,112.91,69.764,-5.7913,-56.99,-85.425,-29.829,19.914
-5.7339,93.44,115.55,-33.671,-59.466,111.85,67.099,-9.1157,-59.982,-88.457,-30.347,20.904
-6.0043,92.541,113.86,-33.273,-58.869,110.58,63.979,-12.593,-62.477,-90.592,-30.273,21.952
-6.2226,91.599,111.94,-32.929,-58.057,109.08,60.386,-16.258,-64.432,-91.655,-29.504,23.116
-6.2436,90.706,109.76,-32.725,-56.685,107.43,56.382,-20.049,-65.802,-91.564,-28.078,24.399
-5.9008,89.937,107.32,-32.71,-54.7,105.73,52.057,-23.818,-66.567,-90.399,-26.176,25.73
-5.0612,89.302,104.78,-32.889,-52.346,104.05,47.463,-27.383,-66.718,-88.514,-24.053,26.983
-3.685,88.718,102.22,-33.216,-49.82,102.37,42.615,-30.583,-66.244,-86.379,-21.925,28.044
-1.8419,88.013,99.538,-33.612,-47.158,100.61,37.542,-33.312,-65.113,-84.136,-19.876,28.859
0.31746,86.994,96.517,-33.99,-44.289,98.62,32.324,-35.534,-63.303,-81.519,-17.866,29.435
2.6011,85.508,92.959,-34.285,-41.118,96.249,27.082,-37.28,-60.844,-78.241,-15.857,29.825
4.8147,83.475,88.842,-34.467,-37.593,93.382,21.978,-38.625,-57.845,-74.273,-13.89,30.099
6.7974,80.867,84.362,-34.54,-33.76,90.029,17.2,-39.67,-54.464,-69.8,-11.983,30.316
8.4429,77.729,79.84,-34.511,-29.81,86.358,12.946,-40.516,-50.851,-65.046,-10.098,30.517
9.7004,74.235,75.548,-34.373,-26.069,82.605,9.3449,-41.238,-47.117,-60.103,-8.2072,30.707
10.569,70.67,71.602,-34.091,-22.844,78.941,6.4183,-41.877,-43.335,-54.926,-6.3197,30.867
11.102,67.248,67.922,-33.631,-20.218,75.416,4.0903,-42.433,-39.569,-49.476,-4.4658,30.952
11.416,64.005,64.276,-32.974,-18.029,71.957,2.244,-42.877,-35.886,-43.836,-2.6912,30.913
11.657,60.863,60.398,-32.127,-16.007,68.413,0.76639,-43.169,-32.352,-38.221,-1.0453,30.715
11.893,57.706,56.103,-31.097,-13.836,64.622,-0.43285,-43.274,-29.02,-32.937,0.43793,30.349
12.052,54.405,51.339,-29.862,-11.266,60.455,-1.4205,-43.177,-25.924,-28.267,1.7559,29.818
12.007,50.886,46.229,-28.359,-8.664,55.902,-2.2462,-42.889,-23.092,-24.196,2.9456,29.109
11.706,47.166,41.083,-26.489,-6.6687,51.137,-2.9509,-42.454,-20.56,-20.294,4.0776,28.162
11.193,43.294,36.274,-24.149,-5.191,46.445,-3.5741,-41.939,-18.368,-16.26,5.2238,26.897
10.59,39.313,31.989,-21.296,-3.8947,42.048,-4.1569,-41.432,-16.538,-12.678,6.4068,25.291
10.031,35.281,28.169,-18.041,-2.6452,37.997,-4.7379,-41.02,-15.055,-10.199,7.5663,23.414
9.6056,31.265,24.657,-14.64,-1.4585,34.243,-5.3437,-40.771,-13.881,-8.5599,8.5886,21.352
9.316,27.3,21.322,-11.345,-0.40702,30.761,-5.9831,-40.716,-12.98,-7.3477,9.3746,19.135
9.0715,23.335,18.133,-8.3029,0.426,27.577,-6.6503,-40.856,-12.325,-6.3998,9.8849,16.753
8.7274,19.244,15.162,-5.581,0.97441,24.647,-7.334,-41.172,-11.902,-5.673,10.138,14.212
8.1513,14.991,12.464,-3.2017,1.2104,21.743,-8.0254,-41.631,-11.695,-5.138,10.189,11.565
7.2745,10.806,10.023,-1.129,1.1577,18.604,-8.7184,-42.189,-11.677,-4.7569,10.101,8.8987
6.1127,7.0028,7.8553,0.72233,0.89195,15.227,-9.4039,-42.792,-11.808,-4.4954,9.928,6.3032
4.7618,3.7006,6.0089,2.4349,0.52948,11.864,-10.069,-43.386,-12.042,-4.3382,9.6937,3.8512
3.3718,0.85143,4.4696,4.0431,0.20247,8.7606,-10.706,-43.931,-12.353,-4.2963,9.3775,1.5813
2.1123,-1.6172,3.1549,5.5247,0.024644,6.0388,-11.32,-44.413,-12.737,-4.4003,8.9269,-0.50108
1.1273,-3.7556,1.9683,6.8313,0.059985,3.7158,-11.939,-44.84,-13.209,-4.6808,8.2862,-2.4092
0.47241,-5.6128,0.84134,7.9409,0.3072,1.738,-12.605,-45.234,-13.791,-5.1478,7.427,-4.1634
0.079375,-7.2583,-0.25258,8.8923,0.70308,0.016812,-13.366,-45.621,-14.494,-5.7778,6.364,-5.7956
-0.21594,-8.7715,-1.3005,9.7756,1.1438,-1.5248,-14.25,-46.014,-15.307,-6.5136,5.1519,-7.3526
-0.59556,-10.213,-2.264,10.687,1.5203,-2.9182,-15.25,-46.411,-16.193,-7.279,3.8698,-8.8758
-1.1718,-11.598,-3.0979,11.673,1.7546,-4.1468,-16.313,-46.785,-17.095,-7.9991,2.5995,-10.367
-1.9367,-12.89,-3.7681,12.703,1.822,-5.1729,-17.36,-47.091,-17.945,-8.6201,1.4017,-11.786
-2.7703,-14.015,-4.2632,13.679,1.7516,-5.9697,-18.316,-47.286,-18.691,-9.1212,0.30098,-13.079
-3.4973,-14.907,-4.5979,14.493,1.6117,-6.5383,-19.122,-47.34,-19.311,-9.516,-0.71349,-14.22
-3.9644,-15.538,-4.8076,15.077,1.481,-6.9076,-19.753,-47.243,-19.813,-9.8373,-1.6653,-15.218
-4.1086,-15.935,-4.9393,15.433,1.4184,-7.1279,-20.206,-46.998,-20.229,-10.115,-2.5673,-16.106
-3.991,-16.169,-5.0389,15.623,1.4408,-7.2627,-20.494,-46.623,-20.588,-10.362,-3.4128,-16.918
-3.7754,-16.337,-5.1398,15.745,1.5181,-7.3768,-20.633,-46.127,-20.902,-10.571,-4.1784,-17.669
-3.6638,-16.528,-5.2509,15.901,1.5882,-7.5191,-20.637,-45.504,-21.156,-10.72,-4.832,-18.351
-3.8202,-16.797,-5.3539,16.157,1.5806,-7.7077,-20.505,-44.732,-21.311,-10.783,-5.3421,-18.934
-4.315,-17.144,-5.4102,16.525,1.4416,-7.9241,-20.234,-43.777,-21.32,-10.738,-5.6929,-19.391
-5.1091,-17.517,-5.3753,16.956,1.1509,-8.1201,-19.819,-42.605,-21.155,-10.583,-5.9006,-19.714
-6.0741,-17.833,-5.2139,17.367,0.72596,-8.2364,-19.27,-41.195,-20.816,-10.333,-6.0169,-19.917
-7.0345,-18.011,-4.9135,17.668,0.21479,-8.2254,-18.611,-39.539,-20.331,-10.022,-6.1117,-20.026
-7.8261,-17.999,-4.4922,17.797,-0.31969,-8.0695,-17.86,-37.637,-19.739,-9.6822,-6.2502,-20.068
-8.356,-17.799,-3.9965,17.738,-0.81704,-7.7903,-17.031,-35.51,-19.072,-9.3393,-6.4723,-20.062
-8.6243,-17.467,-3.4893,17.536,-1.2341,-7.4424,-16.13,-33.189,-18.348,-9.0028,-6.786,-20.023
-8.6928,-17.091,-3.0321,17.273,-1.5508,-7.0937,-15.171,-30.721,-17.572,-8.6688,-7.1674,-19.958
-8.6284,-16.751,-2.6666,17.028,-1.7647,-6.7981,-14.176,-28.167,-16.741,-8.3175,-7.5652,-19.862
-8.4623,-16.473,-2.4057,16.831,-1.8809,-6.5749,-13.18,-25.584,-15.851,-7.9117,-7.9075,-19.718
-8.1858,-16.23,-2.2368,16.658,-1.9049,-6.4085,-12.218,-23.017,-14.893,-7.4006,-8.1165,-19.49
-7.7746,-15.964,-2.1348,16.449,-1.8401,-6.2657,-11.322,-20.497,-13.852,-6.733,-8.1282,-19.131
-7.2164,-15.625,-2.0781,16.149,-1.6896,-6.1157,-10.506,-18.048,-12.709,-5.8732,-7.9108,-18.598
-6.5267,-15.191,-2.0595,15.735,-1.4584,-5.9479,-9.7781,-15.678,-11.437,-4.8134,-7.4721,-17.87
-5.7587,-14.693,-2.0906,15.226,-1.1566,-5.7805,-9.1423,-13.396,-10.01,-3.5747,-6.8498,-16.955
-5.0045,-14.203,-2.1951,14.686,-0.80159,-5.6559,-8.6102,-11.199,-8.3958,-2.1962,-6.0947,-15.899
-4.3757,-13.813,-2.3938,14.202,-0.41785,-5.6206,-8.2001,-9.0807,-6.5718,-0.71995,-5.2494,-14.767
-3.9601,-13.585,-2.6866,13.843,-0.034621,-5.6985,-7.932,-7.0312,-4.5264,0.82046,-4.3392,-13.625
-3.7788,-13.515,-3.0429,13.624,0.31946,-5.8732,-7.8117,-5.0443,-2.2609,2.407,-3.3814,-12.513
-3.7729,-13.528,-3.4056,13.495,0.62185,-6.0884,-7.823,-3.118,0.21229,4.0478,-2.3864,-11.432
-3.8274,-13.513,-3.7062,13.358,0.85962,-6.266,-7.9313,-1.2575,2.8655,5.7834,-1.3379,-10.362
-3.8181,-13.361,-3.8861,13.118,1.0298,-6.3342,-8.099,0.52179,5.6419,7.6684,-0.1904,-9.2802
-3.66,-13.017,-3.9134,12.722,1.1369,-6.2504,-8.3047,2.1963,8.4499,9.7278,1.0947,-8.1828
-3.3355,-12.495,-3.7902,12.182,1.1897,-6.0135,-8.5446,3.7413,11.181,11.92,2.5066,-7.0986
-2.8939,-11.865,-3.5472,11.56,1.1975,-5.6594,-8.8273,5.1424,13.742,14.135,3.9708,-6.0807
-2.4233,-11.212,-3.2289,10.936,1.1673,-5.2415,-9.1684,6.3994,16.071,16.235,5.3747,-5.1872
-2.0084,-10.596,-2.8775,10.368,1.1041,-4.8085,-9.5767,7.5363,18.148,18.108,6.6155,-4.4595
-1.6948,-10.036,-2.5237,9.8701,1.0135,-4.3899,-10.047,8.5883,19.983,19.708,7.6472,-3.9062
-1.473,-9.5099,-2.1864,9.4196,0.90702,-3.9957,-10.557,9.596,21.614,21.06,8.4992,-3.4957
-1.2868,-8.9768,-1.8787,8.9655,0.80604,-3.6237,-11.067,10.595,23.098,22.247,9.2644,-3.1642
-1.0588,-8.3955,-1.6136,8.4546,0.73952,-3.2688,-11.53,11.606,24.491,23.362,10.064,-2.8397
-0.72464,-7.747,-1.4067,7.8565,0.73554,-2.9301,-11.903,12.625,25.835,24.461,11.004,-2.4707
-0.25961,-7.0428,-1.2725,7.1781,0.8121,-2.6134,-12.167,13.625,27.137,25.538,12.126,-2.0473
0.31733,-6.3155,-1.2171,6.455,0.97188,-2.327,-12.332,14.558,28.374,26.535,13.394,-1.6016
0.96375,-5.5946,-1.2326,5.7272,1.2013,-2.0702,-12.429,15.358,29.507,27.389,14.71,-1.1914
1.6409,-4.889,-1.297,5.02,1.4738,-1.8258,-12.5,15.97,30.496,28.062,15.959,-0.87381
2.3258,-4.1877,-1.3817,4.339,1.7615,-1.563,-12.576,16.354,31.313,28.547,17.066,-0.67712
3.0101,-3.475,-1.4603,3.6776,2.0501,-1.2512,-12.655,16.504,31.949,28.864,18.017,-0.58128
3.7055,-2.7457,-1.5134,3.0265,2.3453,-0.87586,-12.71,16.442,32.417,29.058,18.855,-0.52052
4.4421,-2.0074,-1.5261,2.3814,2.6603,-0.44338,-12.707,16.209,32.749,29.185,19.664,-0.40933
5.2367,-1.2765,-1.4829,1.747,2.9923,0.028737,-12.633,15.85,32.979,29.295,20.53,-0.17843
6.0537,-0.57444,-1.3634,1.1463,3.3074,0.5241,-12.495,15.404,33.135,29.413,21.502,0.19258
6.7992,0.069762,-1.1429,0.61822,3.5431,1.0326,-12.312,14.912,33.233,29.544,22.567,0.66842
7.3511,0.62672,-0.7969,0.20761,3.6278,1.5486,-12.09,14.419,33.277,29.679,23.661,1.1758
7.5999,1.0741,-0.31058,-0.051673,3.5063,2.0658,-11.819,13.971,33.263,29.808,24.704,1.6415
7.4785,1.3994,0.31047,-0.14968,3.1599,2.5702,-11.48,13.601,33.19,29.925,25.639,2.0253
6.9756,1.5976,1.0315,-0.10054,2.6111,3.036,-11.049,13.325,33.062,30.031,26.446,2.3364
6.1418,1.6696,1.786,0.068102,1.9136,3.4272,-10.519,13.133,32.887,30.126,27.137,2.6261
5.0865,1.6247,2.4847,0.32715,1.1343,3.7087,-9.9005,12.987,32.671,30.198,27.73,2.9634
3.9441,1.4845,3.0397,0.64724,0.33732,3.8588,-9.226,12.827,32.406,30.22,28.226,3.4011
2.8132,1.2794,3.3987,1.0039,-0.43048,3.877,-8.5476,12.582,32.062,30.148,28.604,3.9486
1.7055,1.0391,3.5668,1.3796,-1.151,3.7796,-7.9273,12.189,31.595,29.937,28.835,4.5628
0.56411,0.78035,3.5977,1.7594,-1.8286,3.5921,-7.4286,11.612,30.959,29.551,28.908,5.1664
-0.63929,0.50506,3.5599,2.1234,-2.4585,3.3431,-7.0957,10.854,30.122,28.972,28.833,5.6814
-1.7945,0.21186,3.4987,2.445,-2.9962,3.0595,-6.94,9.9649,29.079,28.2,28.619,6.0626
-2.6407,-0.0883,3.411,2.6877,-3.353,2.7574,-6.9344,9.028,27.855,27.245,28.268,6.3191
-2.9014,-0.36155,3.2447,2.7989,-3.4164,2.4353,-7.0222,8.1328,26.508,26.13,27.78,6.5036
-2.4152,-0.55291,2.9256,2.7191,-3.0847,2.0846,-7.1283,7.3516,25.114,24.899,27.163,6.6813
-1.1536,-0.61052,2.4008,2.4104,-2.308,1.7114,-7.1814,6.7181,23.76,23.616,26.43,6.899
0.78785,-0.50545,1.6721,1.8836,-1.1232,1.3449,-7.141,6.2322,22.521,22.344,25.584,7.169
3.1758,-0.24651,0.79832,1.2043,0.33679,1.024,-7.0028,5.8674,21.435,21.129,24.62,7.4694
5.6559,0.12644,-0.12553,0.47527,1.8719,0.783,-6.7941,5.5766,20.492,19.984,23.537,7.7537
7.8328,0.5606,-0.99215,-0.19946,3.273,0.6502,-6.5595,5.3085,19.63,18.888,22.352,7.9694
9.3899,1.0089,-1.6968,-0.74264,4.376,0.64776,-6.3444,5.0147,18.757,17.778,21.097,8.0731
10.176,1.4325,-2.1476,-1.1161,5.0756,0.78266,-6.185,4.6537,17.772,16.572,19.811,8.0457
10.212,1.7943,-2.2785,-1.3189,5.3159,1.0278,-6.1037,4.1962,16.592,15.188,18.52,7.8941
9.6474,2.0569,-2.0677,-1.3815,5.0895,1.3141,-6.1097,3.6306,15.166,13.588,17.224,7.6436
8.7081,2.198,-1.5536,-1.3551,4.4445,1.5566,-6.2006,2.9665,13.485,11.813,15.898,7.3205
7.6377,2.2279,-0.82093,-1.2881,3.482,1.704,-6.3672,2.2293,11.596,9.9918,14.509,6.9387
6.5949,2.1798,0.042354,-1.1899,2.3306,1.7673,-6.5887,1.459,9.6012,8.2834,13.048,6.4987
5.5573,2.0682,0.97033,-0.99967,1.1014,1.7977,-6.8347,0.69864,7.6423,6.7857,11.539,5.9973
4.4001,1.8607,1.898,-0.62265,-0.13533,1.8294,-7.0671,-0.011962,5.8563,5.5073,10.03,5.4402
3.0775,1.4938,2.729,-0.0069705,-1.3161,1.8431,-7.2504,-0.64597,4.3239,4.401,8.5696,4.8422
1.6896,0.92029,3.3419,0.8187,-2.324,1.777,-7.3636,-1.1919,3.0395,3.3995,7.1784,4.2165
0.40526,0.13304,3.6277,1.7755,-3.0028,1.5614,-7.4156,-1.6616,1.9237,2.4367,5.8443,3.5622
-0.65052,-0.84548,3.5188,2.7844,-3.2358,1.1445,-7.4441,-2.0882,0.86002,1.4624,4.529,2.8661
-1.4154,-1.9817,2.9966,3.7881,-2.9919,0.501,-7.4987,-2.5139,-0.25441,0.45846,3.1906,2.1103
-1.8731,-3.2347,2.0957,4.7465,-2.329,-0.36271,-7.6153,-2.9756,-1.4685,-0.55459,1.8093,1.29
-2.0707,-4.5489,0.9168,5.6283,-1.3892,-1.4001,-7.8067,-3.493,-2.7646,-1.5275,0.40317,0.42126
-2.1211,-5.8424,-0.37051,6.4093,-0.37854,-2.5208,-8.0629,-4.0638,-4.0789,-2.4077,-0.97389,-0.46325
-2.1725,-7.0225,-1.5575,7.0752,0.48004,-3.6043,-8.3587,-4.6757,-5.3384,-3.1658,-2.2545,-1.3298
-2.3662,-8.0071,-2.4548,7.6251,1.0049,-4.5294,-8.6725,-5.3141,-6.488,-3.8087,-3.3872,-2.1576
-2.7955,-8.7472,-2.9468,8.0711,1.0995,-5.2048,-8.9907,-5.9605,-7.5033,-4.3702,-4.3626,-2.9417
-3.4714,-9.2356,-3.0142,8.4309,0.76864,-5.5864,-9.2993,-6.5935,-8.3789,-4.8879,-5.2128,-3.6843
-4.3101,-9.496,-2.7193,8.7147,0.11027,-5.6778,-9.5699,-7.1866,-9.1203,-5.38,-5.986,-4.3837
-5.1476,-9.559,-2.1743,8.9127,-0.71263,-5.519,-9.7542,-7.7096,-9.7364,-5.8379,-6.7143,-5.0301
-5.7833,-9.4423,-1.5078,8.9924,-1.5176,-5.1709,-9.7947,-8.1365,-10.236,-6.2346,-7.397,-5.609
-6.0431,-9.151,-0.83869,8.9129,-2.1524,-4.7005,-9.6449,-8.4546,-10.629,-6.5379,-8.0028,-6.1072
-5.8415,-8.6951,-0.25415,8.6519,-2.5309,-4.1718,-9.2879,-8.6673,-10.922,-6.7212,-8.4834,-6.5157
-5.2178,-8.1085,0.20624,8.229,-2.6482,-3.6381,-8.7425,-8.7897,-11.126,-6.7718,-8.7926,-6.8321
-4.328,-7.4526,0.54929,7.712,-2.5727,-3.1392,-8.0638,-8.8495,-11.262,-6.7008,-8.9082,-7.0639
-3.3937,-6.8056,0.81012,7.1986,-2.4114,-2.7014,-7.3235,-8.8806,-11.361,-6.5477,-8.8475,-7.2306
-2.6258,-6.2395,1.0284,6.7812,-2.2617,-2.3386,-6.5876,-8.9184,-11.461,-6.3736,-8.67,-7.3605
-2.155,-5.7981,1.2271,6.5111,-2.1768,-2.056,-5.8967,-8.9931,-11.594,-6.2419,-8.4633,-7.4819
-1.9994,-5.489,1.3977,6.3825,-2.1587,-1.8575,-5.2561,-9.1222,-11.771,-6.1945,-8.3173,-7.6138
-2.0778,-5.2971,1.4982,6.346,-2.1649,-1.7528,-4.6396,-9.3024,-11.979,-6.238,-8.299,-7.7643
-2.2544,-5.205,1.47,6.3422,-2.1277,-1.7581,-4.0095,-9.5098,-12.185,-6.3485,-8.4373,-7.9363
-2.4021,-5.2052,1.2717,6.3343,-1.9869,-1.8869,-3.3422,-9.7091,-12.355,-6.4905,-8.7239,-8.1353
-2.4618,-5.2956,0.91245,6.321,-1.7297,-2.1345,-2.6453,-9.8674,-12.469,-6.6366,-9.1254,-8.3743
-2.4585,-5.4677,0.4568,6.3258,-1.4077,-2.4699,-1.9546,-9.9646,-12.529,-6.7767,-9.5961,-8.6732
-2.4723,-5.7005,0.0011678,6.373,-1.1162,-2.84,-1.3151,-9.9944,-12.559,-6.9177,-10.089,-9.0501
-2.5899,-5.9628,-0.35788,6.47,-0.95623,-3.1834,-0.76153,-9.9588,-12.588,-7.0752,-10.561,-9.5089
-2.8587,-6.2195,-0.55015,6.6023,-0.99632,-3.4471,-0.30691,-9.8623,-12.642,-7.262,-10.981,-10.029
-3.2617,-6.4387,-0.54949,6.7405,-1.2474,-3.5994,0.056918,-9.7089,-12.728,-7.4775,-11.326,-10.568
-3.7207,-6.5973,-0.37912,6.8536,-1.6594,-3.6346,0.35197,-9.5023,-12.834,-7.7066,-11.584,-11.071
-4.121,-6.6884,-0.10293,6.9213,-2.1354,-3.5732,0.60225,-9.2497,-12.943,-7.9278,-11.755,-11.489
-4.345,-6.7261,0.19266,6.9417,-2.556,-3.4567,0.82226,-8.9657,-13.041,-8.1246,-11.852,-11.791
-4.3062,-6.743,0.4194,6.9328,-2.8084,-3.3376,1.0117,-8.6731,-13.125,-8.2906,-11.89,-11.968
-3.9755,-6.7797,0.50605,6.9248,-2.8131,-3.2669,1.1593,-8.4,-13.2,-8.4285,-11.879,-12.032
-3.3928,-6.8726,0.41178,6.9481,-2.5442,-3.2819,1.2531,-8.1727,-13.273,-8.5441,-11.817,-12.004
-2.6583,-7.0442,0.13181,7.0226,-2.0353,-3.4014,1.2916,-8.0058,-13.342,-8.6393,-11.695,-11.904
-1.9052,-7.2992,-0.30657,7.1522,-1.3709,-3.6257,1.29,-7.8936,-13.392,-8.7087,-11.502,-11.741
-1.2682,-7.6267,-0.85348,7.3254,-0.66615,-3.9409,1.2769,-7.8087,-13.401,-8.743,-11.225,-11.51
-0.86322,-8.0099,-1.4475,7.5227,-0.04302,-4.3261,1.2834,-7.7109,-13.346,-8.7391,-10.863,-11.201
-0.77736,-8.4398,-2.025,7.7318,0.39183,-4.7599,1.3285,-7.5645,-13.221,-8.7092,-10.435,-10.816
-1.0618,-8.9203,-2.528,7.9613,0.56336,-5.2226,1.4095,-7.3554,-13.043,-8.6831,-9.9914,-10.379
-1.7259,-9.4594,-2.9095,8.2423,0.44064,-5.6931,1.502,-7.099,-12.847,-8.7006,-9.5989,-9.9361
-2.7298,-10.051,-3.1394,8.6075,0.044688,-6.1415,1.5716,-6.8329,-12.676,-8.7953,-9.3231,-9.5349
-3.968,-10.659,-3.2077,9.0596,-0.55036,-6.5269,1.5914,-6.5977,-12.557,-8.9781,-9.2009,-9.2079
-5.2509,-11.216,-3.128,9.5509,-1.2247,-6.8032,1.5536,-6.4201,-12.494,-9.2301,-9.2245,-8.9588
-6.3229,-11.637,-2.9374,9.9916,-1.8349,-6.9315,1.4681,-6.3071,-12.469,-9.5115,-9.3458,-8.7662
-6.932,-11.847,-2.6903,10.28,-2.2479,-6.8928,1.3511,-6.2521,-12.454,-9.7812,-9.4975,-8.5982
-6.9166,-11.804,-2.4458,10.338,-2.3757,-6.6951,1.2151,-6.2419,-12.429,-10.012,-9.6206,-8.4282
-6.2691,-11.52,-2.2525,10.144,-2.2,-6.3736,1.0673,-6.2592,-12.388,-10.199,-9.6856,-8.2433
-5.1435,-11.057,-2.1357,9.738,-1.7813,-5.9835,0.91485,-6.282,-12.336,-10.352,-9.6978,-8.0431
-3.8137,-10.516,-2.0914,9.2186,-1.2451,-5.5872,0.76992,-6.283,-12.279,-10.486,-9.6875,-7.8332
-2.5924,-10.003,-2.0902,8.7068,-0.74188,-5.2395,0.64897,-6.2348,-12.215,-10.612,-9.6894,-7.6192
-1.7326,-9.6022,-2.0917,8.3055,-0.3947,-4.9746,0.56929,-6.1183,-12.132,-10.727,-9.7221,-7.405
-1.3509,-9.3483,-2.0661,8.0634,-0.26211,-4.8028,0.53938,-5.9314,-12.01,-10.819,-9.7765,-7.1942
-1.4022,-9.2267,-2.01,7.9619,-0.32661,-4.7146,0.55713,-5.6925,-11.836,-10.87,-9.8167,-6.9924
-1.7042,-9.1867,-1.9519,7.9288,-0.50419,-4.6914,0.61045,-5.4358,-11.605,-10.86,-9.7946,-6.8069
-2.0021,-9.1698,-1.9437,7.8744,-0.67254,-4.7164,0.68151,-5.2015,-11.331,-10.777,-9.6695,-6.6432
-2.0686,-9.1408,-2.0423,7.7356,-0.71207,-4.7835,0.75331,-5.0233,-11.045,-10.619,-9.4239,-6.5036
-1.7967,-9.108,-2.2885,7.5115,-0.54497,-4.9004,0.81534,-4.9196,-10.786,-10.398,-9.0666,-6.3922
-1.2394,-9.1214,-2.6936,7.268,-0.15694,-5.0851,0.86587,-4.8908,-10.585,-10.134,-8.6275,-6.3257
-0.57123,-9.2468,-3.2387,7.1028,0.40316,-5.3549,0.91145,-4.9205,-10.453,-9.8515,-8.1502,-6.3369
0.01307,-9.5275,-3.8816,7.0925,1.0441,-5.7137,0.96494,-4.9782,-10.373,-9.5701,-7.6885,-6.4638
0.38756,-9.9562,-4.566,7.2556,1.6673,-6.1435,1.042,-5.0247,-10.303,-9.3044,-7.2999,-6.735
0.52115,-10.475,-5.2305,7.5491,2.1965,-6.6046,1.1549,-5.0235,-10.195,-9.0646,-7.0374,-7.1588
0.45753,-10.998,-5.816,7.8936,2.5874,-7.0455,1.3053,-4.9555,-10.014,-8.8596,-6.9385,-7.7213
0.27916,-11.448,-6.2746,8.2099,2.8237,-7.4174,1.4812,-4.8272,-9.7549,-8.6978,-7.0149,-8.3889
0.071883,-11.779,-6.5744,8.4492,2.9097,-7.6857,1.66,-4.666,-9.4395,-8.5847,-7.2458,-9.1144
-0.10533,-11.985,-6.7006,8.6039,2.8615,-7.8338,1.819,-4.5061,-9.1084,-8.5178,-7.5796,-9.8452
-0.24189,-12.084,-6.6522,8.6984,2.6986,-7.8604,1.9451,-4.3741,-8.804,-8.4853,-7.9431,-10.531
-0.37569,-12.102,-6.4376,8.7693,2.4349,-7.7731,2.0394,-4.2815,-8.5559,-8.469,-8.2583,-11.132
-0.56523,-12.058,-6.0711,8.8464,2.0781,-7.5839,2.115,-4.2259,-8.3737,-8.4511,-8.4621,-11.623
-0.84788,-11.961,-5.5754,8.9405,1.6378,-7.3086,2.192,-4.1938,-8.2482,-8.4206,-8.5216,-11.994
-1.2099,-11.812,-4.987,9.04,1.1429,-6.9689,2.2928,-4.1631,-8.1561,-8.3717,-8.4362,-12.244
-1.5858,-11.607,-4.3591,9.1139,0.64849,-6.5924,2.4395,-4.1055,-8.0646,-8.2973,-8.2276,-12.368
-1.8861,-11.343,-3.7529,9.1241,0.22084,-6.2083,2.6507,-3.9935,-7.9402,-8.1847,-7.9284,-12.354
-2.0395,-11.017,-3.2229,9.0421,-0.086928,-5.8423,2.9323,-3.81,-7.7595,-8.0183,-7.5744,-12.188
-2.0262,-10.633,-2.8016,8.8627,-0.25298,-5.5112,3.274,-3.5547,-7.5187,-7.7878,-7.1977,-11.868
-1.8866,-10.206,-2.4927,8.6083,-0.29185,-5.2204,3.6496,-3.2436,-7.2334,-7.4934,-6.8199,-11.415
-1.7009,-9.7582,-2.2733,8.3203,-0.24756,-4.9642,4.0216,-2.9033,-6.9303,-7.1458,-6.4505,-10.862
-1.5519,-9.3155,-2.1039,8.0422,-0.17833,-4.7301,4.3502,-2.5647,-6.636,-6.7604,-6.0873,-10.251
-1.4898,-8.9032,-1.9412,7.8047,-0.13943,-4.5042,4.6063,-2.2544,-6.3697,-6.3516,-5.7193,-9.6143
-1.5148,-8.536,-1.7482,7.6157,-0.16968,-4.2757,4.7827,-1.9867,-6.1387,-5.929,-5.3313,-8.97
-1.5789,-8.2048,-1.4994,7.4559,-0.28406,-4.0324,4.8969,-1.7588,-5.9387,-5.4956,-4.9114,-8.3224
-1.6031,-7.8672,-1.1795,7.2813,-0.47267,-3.7532,4.9829,-1.5514,-5.7559,-5.048,-4.4551,-7.666
-1.505,-7.4596,-0.78456,7.0348,-0.70519,-3.4106,5.0769,-1.3341,-5.5707,-4.5796,-3.9664,-6.9916
-1.2262,-6.9228,-0.32874,6.6648,-0.93912,-2.9854,5.2083,-1.0715,-5.3591,-4.0861,-3.4552,-6.2892
-0.75549,-6.2204,0.15298,6.1402,-1.1297,-2.4762,5.4003,-0.72581,-5.0904,-3.5685,-2.9315,-5.548
-0.13567,-5.3387,0.61419,5.4587,-1.2389,-1.8894,5.6795,-0.26066,-4.724,-3.033,-2.3988,-4.7557
0.55141,-4.2769,1.0158,4.6452,-1.2408,-1.2176,6.0824,0.35295,-4.2133,-2.4872,-1.8476,-3.9006
1.2243,-3.0353,1.3478,3.734,-1.1239,-0.41637,6.6539,1.128,-3.5191,-1.9358,-1.256,-2.9803
1.8429,-1.6173,1.645,2.744,-0.89122,0.59104,7.4364,2.0571,-2.6274,-1.3758,-0.59683,-2.0079
2.4157,-0.057754,1.9813,1.669,-0.56071,1.8495,8.4564,3.1155,-1.5608,-0.79249,0.15365,-1.005
2.978,1.5915,2.4462,0.48921,-0.16672,3.2974,9.7178,4.272,-0.37394,-0.15835,1.0146,0.016601
3.5897,3.379,3.1343,-0.82784,0.2372,4.8525,11.214,5.5041,0.8682,0.56047,2.0068,1.0697
4.3467,5.513,4.1609,-2.3532,0.57865,6.6084,12.956,6.8129,2.1188,1.3945,3.1553,2.189
5.3447,8.2601,5.6794,-4.2076,0.77245,8.8331,14.997,8.2322,3.3743,2.366,4.4832,3.4162
6.6071,11.834,7.8557,-6.5295,0.73434,11.79,17.434,9.8269,4.6844,3.4954,6.0023,4.7896
8.06,16.326,10.789,-9.415,0.40216,15.589,20.361,11.681,6.1383,4.8122,7.7083,6.3414
9.5916,21.618,14.423,-12.841,-0.2452,20.108,23.799,13.879,7.8286,6.359,9.5751,8.0957
11.152,27.272,18.518,-16.575,-1.1837,25,27.629,16.483,9.8085,8.1784,11.548,10.056
12.724,32.588,22.712,-20.179,-2.3489,29.748,31.619,19.518,12.064,10.28,13.543,12.189
14.117,36.938,26.595,-23.222,-3.6354,33.814,35.539,22.962,14.516,12.602,15.467,14.424
15.073,40.11,29.788,-25.561,-4.8992,36.828,39.289,26.745,17.054,15.005,17.268,16.673
15.675,42.371,32.049,-27.368,-5.9718,38.747,42.887,30.771,19.586,17.353,18.971,18.857
16.272,44.272,33.326,-28.934,-6.6897,39.839,46.367,34.948,22.064,19.603,20.658,20.921
17.18,46.308,33.728,-30.43,-6.9396,40.489,49.706,39.205,24.485,21.801,22.408,22.834
18.562,48.612,33.493,-31.856,-6.71,41.02,52.824,43.482,26.865,23.998,24.248,24.586
20.448,50.926,33.09,-33.167,-6.1048,41.642,55.618,47.707,29.21,26.199,26.148,26.18
22.766,52.892,33.114,-34.355,-5.2928,42.43,57.996,51.764,31.499,28.371,28.043,27.623
25.346,54.301,33.444,-35.419,-4.4175,43.166,59.902,55.51,33.684,30.467,29.862,28.922
27.958,55.102,33.133,-36.317,-3.5375,43.45,61.321,58.795,35.706,32.429,31.535,30.082
30.389,55.339,31.734,-36.992,-2.6216,43.094,62.278,61.512,37.518,34.197,33.007,31.115
32.529,55.107,29.509,-37.418,-1.5786,42.139,62.777,63.613,39.1,35.738,34.267,32.025
34.4,54.503,26.758,-37.626,-0.29107,40.689,62.727,65.11,40.458,37.063,35.358,32.81
36.154,53.608,23.637,-37.689,1.3579,38.842,61.913,66.034,41.604,38.21,36.349,33.45
38.067,52.479,20.262,-37.683,3.444,36.693,60.092,66.386,42.53,39.202,37.302,33.921
40.417,51.144,16.753,-37.65,5.95,34.344,57.15,66.107,43.198,40.032,38.243,34.203
43.219,49.627,13.232,-37.602,8.7662,31.893,53.179,65.099,43.539,40.668,39.133,34.28
46.137,47.945,9.8378,-37.542,11.759,29.416,48.425,63.281,43.478,41.04,39.841,34.133
48.675,46.105,6.7172,-37.465,14.808,26.938,43.171,60.637,42.955,41.046,40.192,33.754
50.471,44.092,3.9891,-37.355,17.788,24.433,37.627,57.231,41.948,40.589,40.06,33.15
51.351,41.87,1.6957,-37.181,20.509,21.827,31.896,53.189,40.487,39.637,39.398,32.354
51.217,39.39,-0.18742,-36.907,22.614,19.046,26.037,48.675,38.646,38.238,38.229,31.397
50.053,36.613,-1.6993,-36.512,23.596,16.076,20.17,43.864,36.522,36.509,36.63,30.291
47.981,33.561,-2.8915,-36.004,23.368,12.994,14.549,38.918,34.214,34.577,34.703,29.033
45.352,30.347,-3.8747,-35.423,22.611,9.953,9.522,33.961,31.8,32.539,32.547,27.623
42.762,27.151,-4.7881,-34.831,22.162,7.1416,5.3788,29.077,29.339,30.459,30.262,26.092
40.9,24.149,-5.7717,-34.296,22.488,4.708,2.2101,24.334,26.871,28.401,27.962,24.502
40.318,21.454,-6.9858,-33.872,23.749,2.6823,-0.12391,19.811,24.416,26.447,25.773,22.934
41.261,19.077,-8.5384,-33.582,26.002,0.98804,-1.8901,15.61,21.968,24.655,23.776,21.447
43.619,16.952,-10.392,-33.404,29.143,-0.47827,-3.3408,11.831,19.488,23.01,21.972,20.046
46.923,14.986,-12.366,-33.278,32.77,-1.7824,-4.6372,8.5328,16.934,21.416,20.293,18.672
50.401,13.119,-14.211,-33.118,36.268,-2.9288,-5.8504,5.713,14.288,19.746,18.66,17.246
53.27,11.344,-15.698,-32.819,39.092,-3.8723,-6.9931,3.3175,11.579,17.923,17.017,15.726
55.113,9.6937,-16.666,-32.274,40.932,-4.5519,-8.052,1.2652,8.8796,15.969,15.345,14.134
55.852,8.2106,-17.016,-31.381,41.664,-4.93,-9.0101,-0.53015,6.2826,13.988,13.648,12.551
55.463,6.9225,-16.725,-30.075,41.274,-5.0181,-9.8574,-2.1466,3.8808,12.107,11.945,11.075
53.871,5.8154,-15.873,-28.346,39.806,-4.884,-10.593,-3.6494,1.7441,10.413,10.273,9.7834
51.063,4.8217,-14.642,-26.233,37.329,-4.6388,-11.225,-5.0913,-0.10098,8.926,8.6707,8.7126
47.23,3.8327,-13.262,-23.776,34.005,-4.4093,-11.769,-6.5158,-1.6814,7.5992,7.1575,7.842
42.841,2.7369,-11.937,-20.986,30.257,-4.3043,-12.25,-7.9609,-3.0668,6.3498,5.7229,7.0962
38.514,1.4666,-10.797,-17.879,26.67,-4.3864,-12.699,-9.46,-4.3418,5.0918,4.329,6.3643
34.576,0.024858,-9.8924,-14.532,23.528,-4.6602,-13.14,-11.04,-5.572,3.7696,2.9288,5.5382
30.913,-1.5259,-9.226,-11.093,20.722,-5.08,-13.584,-12.713,-6.7805,2.3805,1.495,4.5608
27.297,-3.101,-8.7621,-7.7322,18.052,-5.5719,-14.017,-14.473,-7.9463,0.97712,0.043997,3.4566
23.634,-4.6299,-8.4434,-4.5857,15.364,-6.0598,-14.413,-16.285,-9.0261,-0.35452,-1.3616,2.322
19.999,-6.0733,-8.2076,-1.7476,12.576,-6.489,-14.752,-18.106,-9.9833,-1.5325,-2.6385,1.2723
16.599,-7.4197,-7.9968,0.72345,9.8928,-6.8384,-15.038,-19.897,-10.808,-2.5124,-3.722,0.38005
13.525,-8.6726,-7.7708,2.8069,7.7386,-7.1188,-15.304,-21.653,-11.522,-3.2996,-4.5934,-0.35746
10.565,-9.8361,-7.5164,4.5265,6.1145,-7.3548,-15.594,-23.401,-12.164,-3.9381,-5.2784,-1.0036
7.6272,-10.906,-7.2444,5.9423,4.7835,-7.5668,-15.937,-25.175,-12.776,-4.4822,-5.8225,-1.6382
4.9641,-11.866,-6.9756,7.1247,3.6265,-7.7618,-16.333,-26.986,-13.382,-4.9682,-6.2632,-2.3127
2.7873,-12.689,-6.7312,8.1232,2.6326,-7.9369,-16.748,-28.797,-13.977,-5.3988,-6.6127,-3.03
1.1174,-13.349,-6.5307,8.9556,1.846,-8.0854,-17.142,-30.533,-14.532,-5.7467,-6.8579,-3.754
-0.065351,-13.828,-6.3901,9.6179,1.3281,-8.2006,-17.485,-32.109,-15.006,-5.9754,-6.9759,-4.4359
-0.76194,-14.123,-6.3149,10.102,1.1184,-8.2756,-17.768,-33.461,-15.365,-6.0626,-6.9553,-5.0365
-0.98016,-14.247,-6.2884,10.407,1.2074,-8.303,-18.001,-34.568,-15.593,-6.0145,-6.8098,-5.5378
-0.78019,-14.226,-6.2671,10.551,1.5174,-8.2737,-18.202,-35.449,-15.703,-5.8673,-6.5793,-5.9449
-0.31256,-14.095,-6.1911,10.573,1.9028,-8.1783,-18.39,-36.156,-15.729,-5.6772,-6.3196,-6.284
0.19466,-13.893,-5.9987,10.527,2.1837,-8.0092,-18.583,-36.758,-15.715,-5.5036,-6.0836,-6.5937
0.50037,-13.659,-5.6356,10.476,2.2018,-7.7663,-18.801,-37.321,-15.699,-5.3896,-5.9023,-6.9092
0.422,-13.429,-5.0736,10.476,1.8662,-7.463,-19.063,-37.896,-15.705,-5.3477,-5.7721,-7.2443
-0.11586,-13.242,-4.3341,10.567,1.1764,-7.1295,-19.382,-38.504,-15.738,-5.3578,-5.654,-7.5818
-1.0613,-13.129,-3.4974,10.762,0.22165,-6.8108,-19.766,-39.14,-15.797,-5.3809,-5.488,-7.8788
-2.2448,-13.117,-2.6873,11.043,-0.83795,-6.56,-20.214,-39.789,-15.881,-5.377,-5.2149,-8.0835
-3.4228,-13.211,-2.0353,11.37,-1.81,-6.4238,-20.719,-40.437,-15.997,-5.325,-4.7998,-8.1569
-4.355,-13.396,-1.6388,11.689,-2.523,-6.4282,-21.269,-41.079,-16.157,-5.2319,-4.2461,-8.0906
-4.8899,-13.642,-1.5332,11.953,-2.8761,-6.5688,-21.848,-41.721,-16.372,-5.1313,-3.5987,-7.9154
-5.0092,-13.911,-1.6861,12.135,-2.8661,-6.8116,-22.431,-42.368,-16.645,-5.0695,-2.9331,-7.6944
-4.8095,-14.167,-2.0125,12.231,-2.5835,-7.1029,-22.991,-43.016,-16.967,-5.0827,-2.3308,-7.5028
-4.4491,-14.387,-2.4051,12.256,-2.1735,-7.3847,-23.507,-43.645,-17.316,-5.1776,-1.8503,-7.4014
-4.0983,-14.56,-2.766,12.239,-1.7729,-7.6125,-23.965,-44.225,-17.661,-5.3258,-1.5042,-7.4158
-3.8896,-14.697,-3.0335,12.22,-1.465,-7.7673,-24.368,-44.73,-17.967,-5.473,-1.2527,-7.5303
-3.8716,-14.82,-3.199,12.235,-1.2705,-7.8604,-24.725,-45.142,-18.199,-5.5584,-1.0134,-7.6974
-3.9918,-14.95,-3.311,12.295,-1.1504,-7.9253,-25.052,-45.464,-18.334,-5.5346,-0.68952,-7.8583
-4.1163,-15.093,-3.4488,12.38,-1.0203,-8.0018,-25.36,-45.715,-18.37,-5.3878,-0.21523,-7.9677
-4.0834,-15.243,-3.6837,12.446,-0.78439,-8.1196,-25.649,-45.935,-18.346,-5.1556,0.39803,-8.0192
-3.7727,-15.389,-4.0452,12.458,-0.38286,-8.2888,-25.906,-46.175,-18.351,-4.9385,1.0327,-8.0619
-3.1683,-15.533,-4.5154,12.418,0.17188,-8.5011,-26.093,-46.486,-18.524,-4.891,1.4704,-8.1983
-2.3818,-15.692,-5.0461,12.373,0.79487,-8.7367,-26.143,-46.888,-19.031,-5.1728,1.4544,-8.5589
-1.6155,-15.887,-5.584,12.406,1.3612,-8.9773,-25.947,-47.335,-20.045,-5.8391,0.83965,-9.2625
-1.0792,-16.116,-6.0927,12.578,1.7517,-9.2259,-25.352,-47.679,-21.728,-6.6488,0.12638,-10.29
-0.90307,-16.331,-6.5615,12.89,1.8945,-9.5195,-24.161,-47.639,-24.093,-6.0751,3.2001,-10.304
-1.0914,-16.462,-6.9974,13.265,1.7936,-9.8905,-22.225,-46.706,-26.56,-3.1007,7.0959,-6.0771
-1.549,-16.535,-7.4372,13.636,1.5358,-10.294,-20.332,-43.926,-28.1,-0.98467,9.7433,-2.49
-2.157,-16.758,-7.9937,14.052,1.2694,-10.667,-25.926,-38.672,-27.45,1.4651,12.66,-0.66627
-2.7472,-17.305,-8.8321,14.46,1.1632,-11.057,-31.812,-55.363,-22.957,6.6625,15.038,0.10203
-2.9157,-18.022,-10.043,14.237,1.3977,-11.918,-31.334,-62.062,-22.812,6.2135,14.719,-0.91265
0.91243,-19.881,-11.573,10.747,2.3879,-15.346,-29.712,-63.033,-27.944,0.25819,9.2923,-5.834
-0.30935,-29.186,-13.449,13.91,5.7873,-25.468,-26.115,-64.684,-40.2,-14.698,-4.5804,-16.9
-3.2638,-42.8,-16.23,22.587,7.2481,-36.034,-19.261,-65.488,-59.677,-40.333,-31.366,-35.208
-7.7936,-58.98,-21.398,34.166,7.2086,-47.606,-7.7802,-61.942,-82.004,-68.763,-62.521,-58.67
-12.736,-72.908,-30.172,45.609,6.7962,-57.119,10.302,-48.526,-98.441,-90.688,-86.787,-79.9
-16.201,-79.187,-37.421,52.322,6.3055,-60.691,38.351,-18.121,-98.676,-97.557,-98.431,-92.932
-16.097,-73.772,-37.113,50.078,6.0733,-56.319,79.605,37.782,-72.275,-79.33,-89.19,-92.636
-9.8267,-54.124,-29.667,36.054,6.8732,-42.939,133.68,129.38,-8.8706,-27.462,-52.368,-74.871
6.8725,-18.821,-18.29,8.3,10.241,-19.767,200.27,261.96,100.07,64.011,16.052,-37.333
40.798,32.863,-4.6086,-34.895,19.042,13.607,278.51,429.29,258.18,197.77,117.63,20.633
93.985,101.33,10.673,-95.279,38.789,56.906,361.55,623.05,463.55,372.98,252.21,98.766
164.28,186.22,26.253,-172.8,69.326,108.48,435.74,826.34,708.58,585.7,418.19,196.55
254.01,286.39,40.452,-267.34,107.61,166.1,485.28,1018,980.38,828.93,612.02,313.22
359.96,400.23,52.948,-376.77,154.39,229.01,501.18,1177.2,1262.9,1092.6,827.59,447.17
474.69,525.34,66.879,-496.54,204.82,297.92,483.19,1289.3,1539.6,1363.9,1055.9,595.33
588.02,657.57,87.7,-619.73,251.49,373.66,436.75,1347.7,1794,1626.5,1284.2,752.2
688.83,789.67,119.25,-737.35,286.02,454.62,368.56,1352.4,2009.2,1859.2,1494.9,908.58
766.34,909.94,160.37,-838.09,304.15,534.66,283.4,1303.9,2165.7,2035.6,1664.9,1050.5
811.01,1002.4,204.8,-908.67,304.3,602.89,183.31,1199.6,2240.7,2125,1766.9,1159.8
814.81,1049.6,244.22,-935.88,286.39,646.35,69.416,1034.5,2211.7,2099.2,1775.3,1217.5
772.64,1038.1,271.77,-910.22,251.14,654.56,-55.487,806.84,2064.2,1942.4,1674.4,1209
684.98,964.34,284.24,-830.03,200.33,623.9,-185.71,523.84,1799.5,1660.9,1467.1,1130.6
560.63,837.81,282.19,-704.45,138.19,559.59,-313.68,204.21,1439.2,1286.6,1178.3,992.45
416.81,679.22,268.45,-552.36,72.267,473.56,-432.24,-125.12,1021.2,869.52,849.54,816.39
275.16,513.29,245.46,-397.03,12.586,379.36,-536.1,-435.54,590.11,463.47,527.01,629.3
155.12,361.12,214.28,-259.11,-31.489,288.02,-621.51,-702.74,187.08,111.51,248.41,455.41
68.438,236.19,176.21,-151.6,-55.274,207.03,-684.94,-909.24,-156.82,-161.48,35.485,310.89
17.034,144.37,134.87,-78.547,-60.135,141.09,-722.45,-1044.5,-421.89,-348.28,-106.69,202.34
-5.364,85.102,96.36,-36.463,-52.113,92.889,-730.92,-1105,-598.74,-454.41,-185.51,128.43
-9.4993,53.421,67.422,-17.636,-39.775,63.3,-709.99,-1094.8,-687.59,-492.92,-215.21,82.838
-6.5501,42.514,52.963,-13.251,-31.132,51.136,-663.2,-1026.2,-698.95,-480.55,-211.78,57.371
-5.0984,45.459,54.3,-14.76,-31.031,52.921,-597.58,-917.5,-651.59,-435.09,-189.59,44.357
-9.4015,56.174,69.108,-16.747,-40.415,64.481,-521.84,-789.93,-568.28,-373.3,-159.73,37.977
-19.463,69.943,92.2,-17.01,-56.912,81.536,-444.12,-662.35,-472.11,-309.03,-129.76,34.535
-32.417,83.084,116.85,-15.507,-75.881,99.432,-370.18,-547.76,-381.81,-251.09,-103.63,31.977
-44.251,92.414,136.6,-13.545,-91.665,113.57,-302.88,-451.79,-307.67,-203.58,-82.627,29.265
-50.49,94.62,146.39,-12.617,-99.197,119.91,-243.12,-373.46,-250.83,-167.28,-66.879,26.073
-44.532,69.787,143.22,-7.0894,-97.173,114.74,-190.78,-308.55,-207.51,-139.34,-55.192,22.408
-38.524,53.093,126.23,-2.0231,-85.507,99.403,-146.27,-252.95,-172.45,-116.37,-44.627,18.951
-30.308,44.406,99.553,0.093067,-66.806,78.644,-109.84,-203.82,-141.71,-96.211,-35.044,17.607
-20.436,35.719,70.959,1.2208,-46.513,56.77,-80.754,-160.65,-113.41,-77.686,-26.377,14.157
-11.969,27.495,45.555,2.1022,-28.702,36.748,-58.35,-124.66,-87.637,-60.28,-18.391,10.894
-6.423,20.58,26.799,2.9834,-16.283,21.944,-41.444,-97.309,-66.269,-45.412,-11.573,8.2496
-3.7227,15.144,16.511,3.8859,-10.534,13.285,-28.383,-78.967,-50.992,-34.418,-7.1396,6.0494
-3.0655,11.238,12.588,4.7616,-8.77,9.2693,-17.962,-68.249,-42.357,-27.786,-5.448,4.1055
-3.896,8.6665,11.761,5.5751,-8.6225,8.0704,-9.3733,-62.183,-39.165,-24.912,-5.9865,2.3026
-5.211,6.5651,11.795,6.3158,-9.2613,8.2968,-2.0135,-57.582,-38.765,-24.527,-6.193,0.58457
-5.3045,3.8086,11.973,6.9857,-10.044,9.7956,3.7329,-52.005,-38.739,-25.369,-5.432,-1.0574
-4.1419,0.53069,12.481,7.5902,-10.519,11.606,0.47381,-42.54,-36.503,-24.684,-4.5745,-2.5874
-3.5149,-2.1871,12.596,8.137,-10.088,9.3922,-1.7458,-30.873,-29.814,-20.841,-3.7148,-3.9358
-3.1683,-4.0714,10.636,8.6353,-6.1578,5.4302,0.29151,-21.132,-23.149,-15.176,-2.8019,-5.028
-2.8925,-5.3426,8.2841,9.0962,-4.5285,3.031,2.1394,-14.04,-19.056,-11.912,-1.8583,-5.8201
-2.764,-6.2141,6.9388,9.5341,-4.1497,1.7917,3.5058,-9.2524,-16.604,-10.319,-0.96401,-6.322
-2.8299,-6.8496,6.2359,9.9679,-4.0493,1.1236,4.5036,-5.9396,-14.988,-9.151,-0.20022,-6.5984
-3.0544,-7.3888,5.7984,10.418,-4.0328,0.67968,5.2545,-3.4539,-13.837,-8.1593,0.38648,-6.7475
-3.3536,-7.9424,5.3644,10.898,-3.9903,0.23983,5.8782,-1.3992,-12.96,-7.3095,0.78869,-6.8692
-3.6369,-8.573,4.7813,11.408,-3.8296,-0.31381,6.4779,0.46112,-12.22,-6.5755,1.0297,-7.0307
-3.8402,-9.2852,4.0219,11.928,-3.5064,-0.99646,7.1212,2.2679,-11.504,-5.9152,1.1614,-7.2453
-3.947,-10.032,3.1699,12.429,-3.0561,-1.7438,7.8354,4.1013,-10.728,-5.2785,1.2581,-7.474
-3.992,-10.737,2.3669,12.873,-2.5826,-2.4541,8.6194,6.0012,-9.8345,-4.6228,1.3892,-7.6507
-4.0431,-11.324,1.7519,13.236,-2.2143,-3.0294,9.4575,7.9776,-8.8006,-3.9296,1.5765,-7.72
-4.171,-11.743,1.4155,13.509,-2.0563,-3.4064,10.33,10.015,-7.6395,-3.2207,1.7701,-7.6712
-4.4192,-11.984,1.3756,13.704,-2.1533,-3.5724,11.217,12.078,-6.4063,-2.5589,1.8639,-7.5518
-4.7847,-12.08,1.5734,13.847,-2.475,-3.5645,12.111,14.128,-5.1848,-2.0252,1.7458,-7.4537
-5.2143,-12.091,1.8934,13.965,-2.928,-3.4549,13.023,16.142,-4.0506,-1.6781,1.3518,-7.4777
-5.6182,-12.078,2.2021,14.077,-3.3857,-3.3234,13.996,18.133,-3.0263,-1.5228,0.69566,-7.6929
-5.8959,-12.082,2.394,14.182,-3.7282,-3.2308,15.094,20.149,-2.0626,-1.5046,-0.13684,-8.1095
-5.9681,-12.108,2.4228,14.261,-3.8792,-3.2013,16.374,22.262,-1.0558,-1.5318,-1.021,-8.6765
-5.803,-12.134,2.3064,14.29,-3.825,-3.2225,17.87,24.532,0.1084,-1.5111,-1.8383,-9.303
-5.4279,-12.121,2.108,14.248,-3.6079,-3.2594,19.577,26.98,1.5081,-1.3811,-2.5148,-9.8949
-4.9186,-12.035,1.9058,14.129,-3.303,-3.2711,21.454,29.584,3.1537,-1.1295,-3.039,-10.388
-4.3722,-11.863,1.7633,13.94,-2.9884,-3.2281,23.439,32.288,4.9814,-0.78978,-3.4512,-10.764
-3.8787,-11.617,1.7058,13.705,-2.7197,-3.126,25.473,35.033,6.8778,-0.41884,-3.8118,-11.049
-3.5044,-11.343,1.7123,13.459,-2.5194,-2.991,27.529,37.787,8.7277,-0.067674,-4.1657,-11.292
-3.2861,-11.105,1.7279,13.246,-2.3809,-2.8737,29.618,40.555,10.459,0.23995,-4.5211,-11.539
-3.2306,-10.97,1.6929,13.114,-2.2846,-2.8276,31.766,43.364,12.06,0.51106,-4.8505,-11.816
-3.3148,-10.982,1.577,13.096,-2.2121,-2.8838,33.977,46.235,13.562,0.77364,-5.1049,-12.119
-3.4853,-11.142,1.393,13.199,-2.1513,-3.0342,36.197,49.164,15.015,1.0632,-5.2342,-12.417
-3.663,-11.403,1.183,13.395,-2.0927,-3.2352,38.334,52.11,16.456,1.4095,-5.2066,-12.663
-3.7606,-11.692,0.99134,13.623,-2.0243,-3.4289,40.298,55.01,17.893,1.8217,-5.0268,-12.815
-3.7117,-11.933,0.84132,13.815,-1.9322,-3.5711,42.051,57.797,19.297,2.2743,-4.7449,-12.853
-3.5028,-12.078,0.72485,13.922,-1.8032,-3.6508,43.624,60.428,20.616,2.7056,-4.4504,-12.791
-3.1847,-12.126,0.60267,13.941,-1.6304,-3.6957,45.114,62.901,21.799,3.0373,-4.2462,-12.671
-2.8548,-12.123,0.41646,13.9,-1.4209,-3.7641,46.65,65.264,22.817,3.2063,-4.2137,-12.556
-2.6408,-12.147,0.1166,13.845,-1.201,-3.9182,48.343,67.599,23.677,3.19,-4.3853,-12.511
-2.6853,-12.274,-0.30574,13.842,-1.0137,-4.1909,50.255,69.988,24.408,3.0095,-4.7382,-12.578
-3.0835,-12.55,-0.80453,13.962,-0.90256,-4.5695,52.385,72.474,25.052,2.7147,-5.2092,-12.764
-3.8025,-12.955,-1.2894,14.226,-0.89126,-4.994,54.673,75.031,25.634,2.36,-5.7211,-13.044
-4.6596,-13.386,-1.6493,14.573,-0.97006,-5.3575,57.005,77.563,26.148,1.9824,-6.2101,-13.371
-5.3677,-13.661,-1.7795,14.858,-1.0975,-5.5225,59.232,79.94,26.562,1.5889,-6.6441,-13.698
-5.6288,-13.592,-1.6059,14.909,-1.216,-5.3626,61.206,82.049,26.834,1.1598,-7.0244,-13.995
-5.2511,-13.063,-1.1048,14.601,-1.2762,-4.8112,62.84,83.843,26.933,0.66531,-7.3733,-14.255
-4.2443,-12.078,-0.31011,13.919,-1.2586,-3.8889,64.154,85.344,26.856,0.087712,-7.7173,-14.5
-2.8317,-10.773,0.69322,12.971,-1.1888,-2.7026,65.268,86.621,26.625,-0.56344,-8.0747,-14.76
-1.3834,-9.3693,1.7888,11.954,-1.137,-1.4204,66.334,87.757,26.283,-1.2516,-8.4526,-15.067
-0.30004,-8.1175,2.8584,11.095,-1.2001,-0.22961,67.443,88.827,25.878,-1.9271,-8.8461,-15.434
0.12279,-7.2099,3.8138,10.567,-1.4647,0.71605,68.576,89.885,25.457,-2.5428,-9.2382,-15.856
-0.20938,-6.7198,4.6215,10.433,-1.9658,1.3464,69.662,90.962,25.057,-3.0615,-9.6019,-16.3
-1.1699,-6.5814,5.3046,10.624,-2.6657,1.7001,70.646,92.068,24.707,-3.4591,-9.9065,-16.715
-2.4493,-6.6196,5.9245,10.975,-3.4619,1.9085,71.521,93.195,24.421,-3.7261,-10.128,-17.05
-3.6389,-6.6184,6.5517,11.281,-4.2173,2.1441,72.303,94.32,24.202,-3.8684,-10.256,-17.272
-4.373,-6.4094,7.2374,11.377,-4.8029,2.5507,73.001,95.424,24.047,-3.9064,-10.303,-17.373
-4.4883,-5.9503,7.9918,11.21,-5.1385,3.1758,73.619,96.505,23.952,-3.8687,-10.29,-17.378
-4.0837,-5.3404,8.7769,10.863,-5.2126,3.9472,74.155,97.577,23.922,-3.7831,-10.242,-17.321
-3.4498,-4.7532,9.5147,10.498,-5.0717,4.7181,74.596,98.67,23.969,-3.6693,-10.176,-17.234
-2.9146,-4.3262,10.11,10.254,-4.8033,5.3595,74.921,99.805,24.113,-3.5342,-10.096,-17.135
-2.7176,-4.0893,10.512,10.189,-4.5386,5.8196,75.113,100.98,24.372,-3.3719,-9.997,-17.022
-2.9523,-3.9765,10.782,10.273,-4.4423,6.1302,75.187,102.18,24.759,-3.1676,-9.8646,-16.882
-3.5638,-3.872,11.083,10.41,-4.6407,6.3982,75.188,103.37,25.282,-2.9063,-9.6849,-16.694
-4.3787,-3.6397,11.597,10.479,-5.1382,6.7766,75.17,104.52,25.936,-2.5833,-9.4494,-16.434
-5.1412,-3.1547,12.424,10.362,-5.8113,7.4092,75.178,105.61,26.705,-2.2126,-9.1621,-16.089
-5.5744,-2.345,13.548,9.9811,-6.4705,8.3794,75.25,106.64,27.556,-1.8265,-8.8423,-15.659
-5.4743,-1.2214,14.878,9.3268,-6.9336,9.6896,75.444,107.65,28.449,-1.4644,-8.521,-15.167
-4.7839,0.12707,16.285,8.4596,-7.0795,11.274,75.832,108.67,29.349,-1.157,-8.2305,-14.651
-3.6142,1.5778,17.621,7.4871,-6.8757,13.031,76.48,109.73,30.247,-0.91151,-7.9939,-14.149
-2.1995,3.0299,18.732,6.5217,-6.3858,14.841,77.415,110.86,31.166,-0.70763,-7.8172,-13.685
-0.80701,4.4381,19.523,5.6428,-5.7498,16.588,78.597,112.08,32.154,-0.50455,-7.6874,-13.259
0.34048,5.8139,20.023,4.8786,-5.1357,18.183,79.922,113.37,33.254,-0.25936,-7.5793,-12.854
1.1099,7.2047,20.385,4.2081,-4.6864,19.609,81.254,114.72,34.486,0.052948,-7.4663,-12.446
1.4717,8.6663,20.811,3.5818,-4.4991,20.948,82.478,116.11,35.823,0.4277,-7.33,-12.019
1.4919,10.238,21.473,2.9464,-4.6236,22.342,83.538,117.51,37.209,0.83313,-7.1637,-11.565
1.3094,11.934,22.458,2.2623,-5.0498,23.919,84.457,118.94,38.578,1.2269,-6.9692,-11.084
1.0979,13.752,23.735,1.5097,-5.6932,25.713,85.316,120.4,39.878,1.5795,-6.7497,-10.578
1.0104,15.689,25.176,0.68723,-6.417,27.631,86.224,121.94,41.087,1.8918,-6.504,-10.056
1.1269,17.743,26.625,-0.18788,-7.0888,29.508,87.274,123.6,42.218,2.1966,-6.2247,-9.5333
1.4409,19.936,27.951,-1.0862,-7.6167,31.211,88.514,125.44,43.309,2.5449,-5.9007,-9.0226
1.8912,22.319,29.07,-1.9857,-7.9586,32.684,89.935,127.53,44.405,2.9836,-5.5203,-8.5286
2.403,24.961,29.971,-2.8961,-8.1357,33.913,91.48,129.94,45.542,3.5377,-5.0758,-8.0395
2.9095,27.888,30.768,-3.8713,-8.2491,34.927,93.071,132.69,46.736,4.2003,-4.5711,-7.5297
3.3622,31.02,31.714,-5.0051,-8.462,35.871,94.637,135.79,47.975,4.9334,-4.0285,-6.9685
3.7343,34.172,33.072,-6.4132,-8.9309,37.045,96.144,139.16,49.226,5.6776,-3.4898,-6.3321
4.0195,37.159,34.894,-8.1992,-9.718,38.786,97.607,142.69,50.45,6.3693,-3.0068,-5.6092
4.2259,39.907,37.035,-10.401,-10.778,41.208,99.088,146.27,51.617,6.9567,-2.6259,-4.8031
4.3665,42.458,39.412,-12.937,-12.053,44.106,100.68,149.82,52.711,7.4104,-2.3722,-3.9283
4.4506,44.905,42.075,-15.613,-13.547,47.187,102.45,153.3,53.731,7.7261,-2.2425,-3.0057
4.4841,47.336,45.073,-18.222,-15.29,50.29,104.42,156.66,54.68,7.9203,-2.2086,-2.0565
4.4741,49.808,48.396,-20.636,-17.275,53.387,106.55,159.85,55.558,8.0177,-2.2302,-1.0913
4.4294,52.349,51.985,-22.815,-19.452,56.497,108.73,162.79,56.354,8.0341,-2.2727,-0.10051
4.3552,54.973,55.759,-24.766,-21.749,59.641,110.84,165.42,57.056,7.9651,-2.3214,0.95277
4.2516,57.713,59.638,-26.512,-24.093,62.84,112.83,167.72,57.65,7.7915,-2.3844,2.1306
4.1228,60.646,63.555,-28.091,-26.434,66.12,114.68,169.69,58.133,7.4933,-2.4844,3.5053
3.9869,63.896,67.437,-29.54,-28.736,69.504,116.45,171.36,58.506,7.0618,-2.646,5.1311
3.8707,67.553,71.182,-30.88,-30.957,72.979,118.2,172.77,58.771,6.5017,-2.8819,7.0122
3.79,71.555,74.694,-32.097,-33.037,76.499,120.03,173.95,58.933,5.8269,-3.1838,9.0809
3.733,75.649,77.961,-33.155,-34.923,80.039,121.99,174.89,58.989,5.0538,-3.523,11.208
3.6609,79.53,81.092,-34.024,-36.608,83.607,124.07,175.62,58.93,4.1976,-3.859,13.251
3.5272,83.004,84.227,-34.699,-38.152,87.146,126.19,176.11,58.739,3.2738,-4.1493,15.116
3.3007,86.022,87.381,-35.202,-39.654,90.507,128.2,176.36,58.395,2.3008,-4.3571,16.783
2.9805,88.639,90.457,-35.579,-41.193,93.592,129.99,176.33,57.874,1.2933,-4.4598,18.289
2.5931,90.94,93.415,-35.888,-42.795,96.468,131.47,176.01,57.148,0.25154,-4.4616,19.683
2.1779,92.996,96.349,-36.191,-44.448,99.276,132.64,175.38,56.189,-0.84483,-4.4042,21
1.7643,94.86,99.401,-36.529,-46.155,102.09,133.58,174.45,54.967,-2.0308,-4.3643,22.249
1.3538,96.56,102.64,-36.914,-47.945,104.88,134.36,173.22,53.459,-3.3402,-4.4354,23.418
0.91756,98.104,106.04,-37.317,-49.859,107.56,135.07,171.68,51.645,-4.7929,-4.7011,24.478
0.41248,99.472,109.47,-37.684,-51.918,110.04,135.74,169.83,49.52,-6.4024,-5.2083,25.4
-0.19333,100.63,112.76,-37.953,-54.101,112.24,136.38,167.62,47.09,-8.2089,-5.9522,26.168
-0.90119,101.54,115.72,-38.083,-56.336,114.11,136.94,164.99,44.381,-10.314,-6.8782,26.783
-1.6775,102.24,118.25,-38.069,-58.519,115.66,137.38,161.9,41.433,-12.868,-7.9021,27.265
-2.463,102.78,120.39,-37.947,-60.547,116.98,137.68,158.31,38.306,-15.952,-8.9367,27.639
-3.1907,103.27,122.26,-37.781,-62.357,118.18,137.83,154.19,35.064,-19.467,-9.915,27.941
-3.8073,103.85,124.04,-37.646,-63.947,119.36,137.82,149.57,31.756,-23.178,-10.799,28.221
-4.2932,104.61,125.84,-37.594,-65.381,120.56,137.68,144.57,28.404,-26.912,-11.578,28.537
-4.672,105.55,127.71,-37.639,-66.754,121.76,137.45,139.44,24.986,-30.636,-12.26,28.934
-5.0026,106.58,129.56,-37.757,-68.124,122.9,137.18,134.51,21.441,-34.397,-12.866,29.406
-5.3536,107.53,131.23,-37.892,-69.464,123.88,136.89,130.04,17.694,-38.222,-13.423,29.894
-5.7682,108.21,132.63,-37.98,-70.696,124.65,136.59,126.15,13.709,-42.068,-13.947,30.353
-6.2406,108.52,133.74,-37.979,-71.757,125.19,136.26,122.75,9.5478,-45.823,-14.423,30.791
-6.7173,108.52,134.66,-37.895,-72.65,125.56,135.84,119.66,5.3809,-49.352,-14.808,31.259
-7.1226,108.35,135.51,-37.779,-73.43,125.86,135.26,116.64,1.4145,-52.542,-15.056,31.813
-7.3935,108.22,136.41,-37.708,-74.177,126.19,134.45,113.45,-2.2111,-55.342,-15.143,32.491
-7.5079,108.29,137.4,-37.735,-74.957,126.61,133.37,109.88,-5.4597,-57.776,-15.076,33.303
-7.4967,108.62,138.49,-37.87,-75.789,127.08,131.99,105.74,-8.3714,-59.927,-14.885,34.225
-7.4418,109.13,139.57,-38.071,-76.599,127.55,130.33,100.88,-11.018,-61.879,-14.624,35.201
-7.454,109.63,140.48,-38.266,-77.236,127.88,128.4,95.285,-13.476,-63.693,-14.362,36.159
-7.6239,109.93,140.95,-38.384,-77.591,127.97,126.17,89.042,-15.816,-65.398,-14.174,37.014
-7.9601,109.89,140.74,-38.387,-77.644,127.72,123.6,82.353,-18.1,-67.011,-14.121,37.691
-8.3461,109.52,139.71,-38.29,-77.325,127.11,120.62,75.427,-20.369,-68.55,-14.228,38.137
-8.5475,108.93,137.93,-38.157,-76.454,126.2,117.15,68.393,-22.624,-70.038,-14.469,38.337
-8.282,108.28,135.6,-38.08,-74.832,125.1,113.17,61.283,-24.819,-71.484,-14.774,38.322
-7.3331,107.69,132.93,-38.144,-72.346,123.91,108.69,54.09,-26.877,-72.853,-15.043,38.161
-5.64,107.25,130.04,-38.392,-69.035,122.68,103.8,46.836,-28.714,-74.066,-15.189,37.937
-3.3209,106.91,127,-38.81,-65.099,121.42,98.626,39.613,-30.278,-75.014,-15.169,37.717
-0.62931,106.55,123.79,-39.321,-60.839,120.09,93.21,32.599,-31.561,-75.611,-14.993,37.535
2.125,106.02,120.4,-39.815,-56.574,118.58,87.498,26.013,-32.582,-75.823,-14.692,37.386
4.6587,105.17,116.75,-40.184,-52.562,116.75,81.325,20.057,-33.35,-75.666,-14.297,37.235
6.7772,103.97,112.8,-40.361,-48.978,114.45,74.559,14.859,-33.842,-75.163,-13.813,37.051
8.4115,102.48,108.52,-40.341,-45.89,111.61,67.319,10.462,-33.995,-74.289,-13.219,36.821
9.6409,100.79,103.93,-40.174,-43.214,108.27,60.039,6.8349,-33.735,-72.949,-12.476,36.566
10.674,98.959,98.988,-39.927,-40.707,104.51,53.209,3.8868,-33.007,-70.987,-11.541,36.321
11.753,96.983,93.668,-39.652,-38.131,100.35,47.004,1.4895,-31.81,-68.248,-10.384,36.115
13.021,94.793,88.239,-39.351,-35.406,95.836,41.204,-0.5071,-30.217,-64.663,-9.004,35.947
14.457,92.269,83.055,-38.992,-32.515,91.139,35.439,-2.2553,-28.361,-60.29,-7.4415,35.784
15.903,89.27,78.186,-38.53,-29.373,86.444,29.435,-3.8847,-26.391,-55.305,-5.7783,35.563
17.165,85.709,73.415,-37.93,-25.934,81.865,23.174,-5.4799,-24.436,-49.943,-4.1088,35.215
18.155,81.648,68.488,-37.183,-22.329,77.404,16.946,-7.0699,-22.563,-44.439,-2.5,34.689
18.901,77.314,63.307,-36.314,-18.78,72.984,11.269,-8.637,-20.789,-39.01,-0.96911,33.968
19.489,72.97,57.94,-35.372,-15.428,68.517,6.6191,-10.144,-19.104,-33.864,0.50806,33.07
19.99,68.75,52.499,-34.413,-12.279,63.944,3.1596,-11.568,-17.497,-29.102,1.9664,32.029
20.425,64.633,47.065,-33.468,-9.275,59.241,0.70886,-12.926,-15.979,-24.615,3.4212,30.879
20.774,60.537,41.665,-32.531,-6.4387,54.416,-1.0797,-14.273,-14.574,-20.247,4.8559,29.64
21.002,56.415,36.307,-31.554,-3.9798,49.468,-2.5251,-15.678,-13.307,-16.173,6.2272,28.316
21.081,52.284,31.056,-30.456,-2.1761,44.373,-3.8305,-17.194,-12.202,-12.812,7.4736,26.892
20.982,48.178,26.13,-29.1,-1.0949,39.228,-5.079,-18.838,-11.271,-10.29,8.5288,25.344
20.656,44.08,21.894,-27.269,-0.53311,34.441,-6.2645,-20.592,-10.515,-8.3935,9.3454,23.635
20.053,39.926,18.546,-24.717,-0.21121,30.504,-7.3335,-22.412,-9.9261,-6.8921,9.9165,21.722
19.188,35.688,15.813,-21.411,0.07825,27.388,-8.2274,-24.256,-9.488,-5.6501,10.273,19.589
18.184,31.423,13.267,-17.762,0.44919,24.628,-8.9164,-26.093,-9.1875,-4.5984,10.46,17.289
17.178,27.245,10.776,-14.324,0.93884,21.863,-9.4145,-27.907,-9.0232,-3.6991,10.506,14.938
16.183,23.251,8.4231,-11.294,1.5228,19.007,-9.7741,-29.699,-9.0085,-2.935,10.406,12.662
15.08,19.449,6.2587,-8.5668,2.1295,16.097,-10.063,-31.467,-9.1642,-2.3108,10.136,10.531
13.722,15.782,4.2829,-6.0011,2.6588,13.165,-10.332,-33.189,-9.5012,-1.8482,9.6722,8.5556
12.018,12.229,2.5147,-3.5378,3.0078,10.265,-10.593,-34.809,-10.003,-1.5687,9.0097,6.7138
9.9848,8.8527,1.0107,-1.192,3.0988,7.5108,-10.814,-36.253,-10.628,-1.4778,8.1692,4.9772
7.7408,5.7613,-0.16342,0.98751,2.9028,5.0399,-10.944,-37.467,-11.326,-1.5613,7.1842,3.3185
5.4609,3.0306,-0.96593,2.954,2.4501,2.9425,-10.94,-38.437,-12.066,-1.7974,6.0888,1.7107
3.325,0.68019,-1.3982,4.673,1.8236,1.243,-10.798,-39.2,-12.84,-2.168,4.9095,0.13118
1.4977,-1.2989,-1.5083,6.1153,1.139,-0.074792,-10.556,-39.821,-13.656,-2.6604,3.6662,-1.4267
0.12591,-2.9157,-1.3826,7.26,0.51328,-1.0425,-10.275,-40.365,-14.525,-3.2579,2.3791,-2.9448
-0.69109,-4.1828,-1.1282,8.1132,0.034165,-1.7028,-10.016,-40.876,-15.447,-3.9318,1.0758,-4.3832
-0.97929,-5.1398,-0.85311,8.7231,-0.26135,-2.1218,-9.8188,-41.359,-16.402,-4.6414,-0.20749,-5.7
-0.92224,-5.8694,-0.64925,9.1725,-0.39111,-2.3987,-9.6959,-41.796,-17.359,-5.3459,-1.4326,-6.8745
-0.78051,-6.486,-0.58544,9.5595,-0.41252,-2.6477,-9.6367,-42.163,-18.289,-6.0186,-2.573,-7.9182
-0.79403,-7.1037,-0.70556,9.978,-0.38854,-2.9634,-9.6195,-42.437,-19.17,-6.6549,-3.6243,-8.8671
-1.1134,-7.803,-1.0241,10.497,-0.35245,-3.3969,-9.6225,-42.606,-19.996,-7.2672,-4.6035,-9.7669
-1.751,-8.6136,-1.5271,11.137,-0.29298,-3.9549,-9.6303,-42.659,-20.768,-7.8716,-5.5362,-10.659
-2.5718,-9.5141,-2.1897,11.859,-0.16282,-4.6136,-9.6381,-42.58,-21.487,-8.4731,-6.4391,-11.568
-3.3336,-10.447,-2.997,12.577,0.10125,-5.3354,-9.6489,-42.347,-22.144,-9.0576,-7.3093,-12.497
-3.7735,-11.344,-3.9422,13.189,0.55783,-6.0823,-9.6675,-41.936,-22.715,-9.5945,-8.125,-13.423
-3.7252,-12.154,-5.0026,13.624,1.2333,-6.8221,-9.6929,-41.331,-23.161,-10.048,-8.8572,-14.302
-3.2085,-12.858,-6.1209,13.877,2.0879,-7.529,-9.7171,-40.531,-23.446,-10.39,-9.4843,-15.087
-2.4239,-13.473,-7.21,14.011,3.0057,-8.1806,-9.7291,-39.555,-23.546,-10.612,-10.004,-15.742
-1.6687,-14.034,-8.1731,14.126,3.8231,-8.7542,-9.7178,-38.441,-23.464,-10.727,-10.437,-16.247
-1.2357,-14.572,-8.9215,14.312,4.3779,-9.2249,-9.6722,-37.23,-23.224,-10.769,-10.816,-16.611
-1.3204,-15.092,-9.3885,14.613,4.5599,-9.5708,-9.5801,-35.941,-22.863,-10.773,-11.165,-16.856
-1.9599,-15.573,-9.5464,15.011,4.3481,-9.7812,-9.4286,-34.571,-22.413,-10.756,-11.485,-17.013
-3.0233,-15.979,-9.4247,15.443,3.8182,-9.8622,-9.2083,-33.099,-21.894,-10.711,-11.751,-17.113
-4.2491,-16.272,-9.11,15.821,3.1213,-9.836,-8.9161,-31.503,-21.311,-10.611,-11.92,-17.169
-5.316,-16.423,-8.7212,16.059,2.4443,-9.7355,-8.5541,-29.774,-20.656,-10.414,-11.945,-17.176
-5.9423,-16.417,-8.3709,16.095,1.9589,-9.596,-8.1264,-27.918,-19.921,-10.078,-11.793,-17.11
-5.9833,-16.257,-8.1297,15.913,1.7683,-9.4471,-7.635,-25.948,-19.103,-9.5762,-11.454,-16.944
-5.4798,-15.964,-8.0122,15.546,1.876,-9.3076,-7.0802,-23.887,-18.207,-8.9008,-10.946,-16.665
-4.6301,-15.578,-7.9888,15.068,2.1956,-9.1833,-6.4632,-21.761,-17.242,-8.0707,-10.307,-16.28
-3.6962,-15.143,-8.0081,14.565,2.5985,-9.0686,-5.7907,-19.602,-16.218,-7.124,-9.5799,-15.812
-2.9034,-14.701,-8.0172,14.104,2.9694,-8.95,-5.076,-17.44,-15.141,-6.1062,-8.7951,-15.3
-2.3782,-14.275,-7.9733,13.715,3.2435,-8.8107,-4.3372,-15.308,-14.009,-5.0566,-7.961,-14.792
-2.1341,-13.865,-7.8537,13.39,3.4044,-8.6355,-3.5923,-13.237,-12.813,-3.9974,-7.0636,-14.327
-2.0877,-13.451,-7.6593,13.089,3.4625,-8.4153,-2.8582,-11.259,-11.535,-2.9285,-6.0798,-13.917
-2.0937,-13.004,-7.4105,12.763,3.4508,-8.1495,-2.1537,-9.405,-10.159,-1.8328,-4.9924,-13.543
-2.0008,-12.5,-7.1352,12.37,3.4195,-7.8467,-1.5031,-7.702,-8.67,-0.68761,-3.8001,-13.155
-1.7217,-11.934,-6.855,11.897,3.4109,-7.5224,-0.93381,-6.17,-7.0625,0.51935,-2.5193,-12.7
-1.2734,-11.319,-6.5759,11.366,3.4305,-7.1937,-0.46896,-4.8167,-5.3487,1.776,-1.1848,-12.141
-0.7648,-10.683,-6.2861,10.824,3.4413,-6.874,-0.12004,-3.6355,-3.5632,3.0388,0.15402,-11.475
-0.34737,-10.054,-5.9624,10.328,3.381,-6.5688,0.11647,-2.6045,-1.7596,4.2426,1.4406,-10.735
-0.15526,-9.4564,-5.5833,9.9213,3.1934,-6.2765,0.25743,-1.6879,0.0050976,5.324,2.6261,-9.9769
-0.2578,-8.9058,-5.1404,9.625,2.8572,-5.9915,0.32779,-0.84095,1.6914,6.2471,3.6834,-9.2588
-0.63695,-8.4076,-4.6424,9.4298,2.3941,-5.7073,0.35426,-0.017049,3.2943,7.0175,4.6154,-8.617
-1.1945,-7.9528,-4.1102,9.2993,1.855,-5.4168,0.35911,0.82428,4.8461,7.6806,5.4519,-8.0514
-1.7853,-7.518,-3.567,9.1821,1.2998,-5.1114,0.35402,1.7074,6.398,8.303,6.2374,-7.5299
-2.2665,-7.0718,-3.0296,9.0309,0.77984,-4.7801,0.33459,2.6305,7.9888,8.9439,7.0103,-7.0092
-2.5446,-6.5876,-2.5032,8.8201,0.32667,-4.4115,0.27885,3.56,9.6136,9.6283,7.7834,-6.4584
-2.6032,-6.0591,-1.9831,8.5548,-0.054032,-4.0005,0.1532,4.4348,11.211,10.333,8.5345,-5.8714
-2.498,-5.506,-1.4618,8.266,-0.37954,-3.5543,-0.073971,5.1835,12.678,10.993,9.2139,-5.268
-2.3267,-4.9675,-0.93784,7.9957,-0.68003,-3.0948,-0.41674,5.7501,13.908,11.532,9.7705,-4.691
-2.1894,-4.4882,-0.42275,7.7801,-0.98459,-2.6555,-0.86312,6.1135,14.824,11.893,10.181,-4.1927
-2.1591,-4.1052,0.059135,7.6397,-1.3087,-2.2745,-1.3783,6.2911,15.404,12.058,10.463,-3.8082
-2.2665,-3.841,0.47643,7.578,-1.648,-1.9856,-1.9166,6.328,15.677,12.053,10.668,-3.5303
-2.4997,-3.7008,0.7983,7.5842,-1.9797,-1.8101,-2.437,6.2773,15.716,11.929,10.86,-3.3123
-2.8135,-3.6733,0.9991,7.6366,-2.2696,-1.7544,-2.9168,6.1812,15.606,11.741,11.082,-3.0967
-3.145,-3.7346,1.0622,7.7083,-2.4813,-1.8101,-3.3574,6.0588,15.413,11.522,11.344,-2.8478
-3.4344,-3.8533,0.98469,7.7728,-2.5861,-1.9567,-3.7801,5.9066,15.169,11.28,11.623,-2.5669
-3.6457,-3.9999,0.77891,7.8131,-2.5697,-2.1682,-4.2106,5.7129,14.871,11.009,11.877,-2.2861
-3.7738,-4.1603,0.46603,7.8284,-2.4326,-2.4241,-4.6637,5.4737,14.508,10.708,12.082,-2.0487
-3.8335,-4.3447,0.065586,7.8366,-2.1843,-2.7186,-5.1341,5.2027,14.085,10.399,12.24,-1.8852
-3.8401,-4.5841,-0.40983,7.8662,-1.837,-3.0587,-5.599,4.9264,13.633,10.134,12.387,-1.7973
-3.7931,-4.9074,-0.94987,7.9391,-1.4053,-3.4505,-6.0315,4.6678,13.202,9.9788,12.57,-1.7598
-3.6716,-5.3111,-1.5365,8.0501,-0.90701,-3.8807,-6.4176,4.4287,12.831,10.001,12.829,-1.7382
-5.387,-5.569,-3.3412,10.155,-0.26626,-4.7218,-15.602,5.2895,12.614,11.716,12.122,-2.4941
-4.7934,-6.8977,-5.395,10.112,1.2452,-6.437,-13.98,5.0844,11.283,9.6601,12.402,-1.2872
-4.039,-7.5716,-6.9554,9.6638,2.6247,-7.7111,-11.85,5.6165,10.65,8.0329,13.378,0.9002
-2.7271,-7.0771,-7.9053,8.4451,3.9758,-8.1855,-10.151,6.1188,10.396,6.9343,14.577,3.2553
-0.68417,-5.1638,-8.1679,6.2836,5.2699,-7.6173,-9.4711,6.049,10.213,6.5361,15.637,4.9366
1.7954,-2.2931,-7.9104,3.5671,6.3568,-6.2246,-9.8577,5.335,10.01,7.1129,16.444,5.451
3.9676,0.30569,-7.6177,1.2941,7.0488,-4.7746,-10.901,4.3408,9.94,8.9343,17.115,4.8316
4.964,1.2344,-7.8199,0.61673,7.1691,-4.1789,-12.012,3.5953,10.255,12.112,17.863,3.5245
4.3543,-0.15051,-8.73,2.0661,6.653,-4.8808,-12.763,3.4313,11.077,16.475,18.842,2.0532
2.5853,-3.2007,-10.147,5.0283,5.7091,-6.5425,-13.107,3.7544,12.257,21.523,20.05,0.70073
