I,II,III,aVR,aVL,aVF,V1,V2,V3,V4,V5,V6
82.752,-28.014,-118.62,-23.614,108.03,-68.203,-49.044,132.92,96.766,58.469,35.478,-66.648
58.169,-22.204,-88.028,-13.647,80.864,-49.404,-35.835,145.41,105.74,70.557,22.267,-28.62
38.451,-18.496,-64.405,-5.1469,59.508,-35.159,-24.932,154.56,112.2,79.432,11.603,2.4125
26.557,-18.036,-51.855,0.91292,47.455,-28.139,-17.865,158.39,114.76,83.095,5.8239,21.653
22.575,-20.684,-50.327,4.3851,44.769,-28.318,-14.595,156.86,113.65,81.382,6.3793,28.162
24.017,-24.936,-55.828,5.7767,48.303,-33.014,-13.204,151.84,110.63,76.24,13.298,24.898
27.111,-28.498,-62.292,5.8993,53.205,-38.071,-10.914,146.14,108.17,71.063,25.007,17.095
28.619,-29.279,-64.39,5.433,55.182,-39.743,-6.0675,142.3,108.2,69.11,38.845,9.6595
27.293,-26.263,-59.858,4.5918,52.401,-36.304,0.53457,141.47,111.12,71.843,52.11,5.0818
23.996,-19.89,-49.999,3.1954,45.866,-28.513,6.1532,143.16,115.74,78.295,62.948,3.1804
20.618,-11.792,-38.335,1.0691,38.254,-18.859,8.0869,145.73,120.03,85.852,70.497,2.5364
15.003,-2.4643,-27.823,-2.4393,23.811,-10.433,0.47599,97.096,93.248,64.373,43.34,12.379
16.554,-0.98037,-25.936,-3.775,23.286,-8.6572,1.003,96.021,92.477,64.482,44.321,14.8
19.224,0.29899,-24.926,-5.2809,24.089,-7.3765,1.6931,94.676,91.369,64.331,45.259,17.051
23.076,1.3797,-24.77,-6.9244,26.17,-6.5539,2.6939,93.102,89.997,63.98,46.095,19.257
27.728,2.3064,-25.216,-8.6306,29.11,-6.0637,4.0426,91.342,88.44,63.506,46.771,21.446
32.334,3.1264,-25.808,-10.238,32.119,-5.7333,5.6209,89.411,86.742,62.97,47.23,23.548
35.792,3.8519,-26.063,-11.5,34.275,-5.3858,7.1632,87.298,84.887,62.383,47.425,25.415
37.078,4.4459,-25.588,-12.134,34.838,-4.8695,8.3284,84.973,82.807,61.705,47.328,26.867
35.577,4.8409,-24.134,-11.919,33.446,-4.0938,8.8185,82.415,80.416,60.866,46.942,27.756
31.324,4.9734,-21.677,-10.785,30.154,-3.0685,8.4803,79.618,77.638,59.803,46.283,28.003
25.02,4.8149,-18.453,-8.8634,25.405,-1.9148,7.3343,76.584,74.415,58.463,45.368,27.604
17.796,4.3887,-14.935,-6.4607,20.002,-0.82487,5.5476,73.306,70.716,56.808,44.198,26.591
10.907,3.7717,-11.694,-3.9811,14.957,0.020865,3.4075,69.763,66.547,54.811,42.775,25.032
5.4754,3.0852,-9.2062,-1.8314,11.183,0.53154,1.2812,65.939,61.971,52.47,41.11,23.053
2.2708,2.4784,-7.6962,-0.32816,9.1871,0.74549,-0.47066,61.854,57.114,49.825,39.225,20.86
1.4943,2.1024,-7.0856,0.37791,8.9211,0.81939,-1.5892,57.586,52.158,46.966,37.141,18.713
2.6464,2.0668,-7.0458,0.34449,9.8166,0.96717,-1.9585,53.265,47.286,44.003,34.874,16.869
4.6607,2.3866,-7.1166,-0.17676,11.033,1.3646,-1.6027,49.01,42.606,41.01,32.426,15.517
6.3535,2.9565,-6.8673,-0.82508,11.788,2.0642,-0.67928,44.851,38.1,37.963,29.778,14.704
6.9082,3.5882,-6.0642,-1.2592,11.586,2.9704,0.5363,40.676,33.627,34.728,26.888,14.3
6.0555,4.0968,-4.7619,-1.2777,10.322,3.8871,1.7094,36.278,29.001,31.111,23.695,14.037
4.0158,4.378,-3.2605,-0.88645,8.2964,4.6078,2.5566,31.448,24.081,26.948,20.145,13.616
1.4351,4.4369,-1.9549,-0.28498,6.1034,4.9984,2.9567,26.09,18.841,22.195,16.218,12.836
-0.78316,4.3756,-1.1566,0.22367,4.4092,5.043,2.9934,20.297,13.369,16.969,11.94,11.665
-1.8146,4.346,-0.9724,0.34849,3.6825,4.8373,2.9,14.326,7.83,11.519,7.3949,10.226
-1.2094,4.4752,-1.3101,-0.088001,4.0642,4.5359,2.9366,8.4973,2.388,6.1346,2.7411,8.7154
1.0456,4.7968,-1.9981,-1.0895,5.4534,4.2712,3.2609,3.0481,-2.8526,1.0394,-1.8042,7.3043
4.6074,5.2258,-2.9118,-2.4843,7.6443,4.0753,3.8486,-1.9588,-7.8826,-3.6745,-6.0258,6.0543
8.822,5.584,-4.0041,-3.9654,10.338,3.8607,4.498,-6.6239,-12.771,-8.0375,-9.7969,4.8918
12.809,5.6574,-5.258,-5.1546,13.106,3.4812,4.917,-11.114,-17.598,-12.13,-13.12,3.6502
15.705,5.2674,-6.6299,-5.6929,15.473,2.8293,4.8551,-15.546,-22.383,-15.998,-16.086,2.163
16.92,4.3316,-8.0011,-5.3378,17.043,1.9029,4.2167,-19.927,-27.055,-19.621,-18.794,0.35553
16.218,2.8954,-9.1685,-4.0339,17.561,0.80954,3.1015,-24.175,-31.483,-22.935,-21.309,-1.7145
13.693,1.1199,-9.9045,-1.928,16.913,-0.28022,1.7654,-28.18,-35.553,-25.887,-23.655,-3.8816
9.7361,-0.76708,-10.045,0.67813,15.159,-1.1953,0.53136,-31.863,-39.213,-28.473,-25.824,-5.9478
4.9608,-2.5392,-9.54,3.4211,12.554,-1.8102,-0.31678,-35.196,-42.484,-30.734,-27.78,-7.7703
0.074094,-4.0266,-8.4559,5.9762,9.4971,-2.0635,-0.62644,-38.191,-45.416,-32.725,-29.475,-9.3116
-4.3047,-5.1366,-6.9343,8.1309,6.4146,-1.9551,-0.4187,-40.868,-48.048,-34.473,-30.866,-10.632
-7.7897,-5.8502,-5.1547,9.8156,3.6538,-1.5347,0.13083,-43.22,-50.373,-35.955,-31.942,-11.838
-10.259,-6.2084,-3.3063,11.081,1.4151,-0.88778,0.75357,-45.206,-52.334,-37.114,-32.722,-13.019
-11.81,-6.2913,-1.5543,12.031,-0.28491,-0.11464,1.16,-46.774,-53.867,-37.893,-33.25,-14.208
-12.729,-6.1869,0.01069,12.764,-1.6212,0.69975,1.0867,-47.886,-54.937,-38.276,-33.581,-15.374
-13.445,-5.9573,1.4014,13.36,-2.8935,1.5139,0.3234,-48.55,-55.57,-38.296,-33.768,-16.458
-14.396,-5.6186,2.7159,13.883,-4.3926,2.3332,-1.2209,-48.83,-55.851,-38.024,-33.859,-17.416
-15.855,-5.1575,4.0981,14.357,-6.2863,3.1886,-3.4112,-48.828,-55.903,-37.555,-33.892,-18.255
-17.807,-4.5632,5.6993,14.75,-8.5846,4.1178,-5.8625,-48.668,-55.853,-36.983,-33.902,-19.016
-19.968,-3.8295,7.6107,14.965,-11.15,5.1604,-8.0749,-48.455,-55.794,-36.381,-33.912,-19.731
-21.874,-2.935,9.7914,14.888,-13.715,6.3421,-9.6332,-48.251,-55.757,-35.787,-33.923,-20.395
-23.007,-1.8523,12.062,14.422,-15.927,7.6466,-10.335,-48.073,-55.723,-35.212,-33.911,-21.008
-22.96,-0.59264,14.157,13.526,-17.429,8.9922,-10.232,-47.916,-55.658,-34.675,-33.851,-21.661
-21.588,0.75995,15.783,12.248,-17.956,10.236,-9.6191,-47.787,-55.555,-34.226,-33.737,-22.553
-19.077,2.0556,16.697,10.737,-17.426,11.215,-8.9498,-47.71,-55.444,-33.946,-33.595,-23.899
-15.933,3.1202,16.817,9.2312,-16.007,11.802,-8.6949,-47.704,-55.367,-33.904,-33.474,-25.784
-12.864,3.8109,16.296,8.0069,-14.116,11.966,-9.1493,-47.747,-55.33,-34.097,-33.422,-28.084
-10.56,4.0611,15.518,7.3064,-12.313,11.795,-10.257,-47.765,-55.279,-34.431,-33.463,-30.475
-9.5009,3.8978,14.979,7.2695,-11.125,11.465,-11.563,-47.649,-55.107,-34.752,-33.576,-32.532
-9.8426,3.4261,15.118,7.8897,-10.875,11.176,-12.339,-47.307,-54.711,-34.925,-33.693,-33.864
-11.379,2.795,16.169,9.0044,-11.563,11.069,-11.836,-46.713,-54.035,-34.896,-33.708,-34.237
-13.608,2.1649,18.073,10.324,-12.894,11.199,-9.5345,-45.915,-53.101,-34.707,-33.506,-33.614
-15.921,1.6854,20.536,11.51,-14.431,11.584,-5.3154,-45.001,-51.971,-34.447,-32.974,-32.132
-17.856,1.4796,23.249,12.297,-15.82,12.283,0.48601,-44.025,-50.701,-34.163,-32.01,-30.008
-19.282,1.6322,26.148,12.58,-16.98,13.45,7.1723,-42.956,-49.285,-33.805,-30.525,-27.48
-20.404,2.1888,29.528,12.429,-18.18,15.372,13.941,-41.668,-47.65,-33.228,-28.465,-24.768
-21.61,3.1855,33.901,12.007,-19.885,18.474,20.148,-39.994,-45.69,-32.248,-25.832,-22.056
-23.237,4.7222,39.668,11.449,-22.474,23.212,25.422,-37.798,-43.317,-30.728,-22.692,-19.433
-25.346,7.0407,46.796,10.766,-26.032,29.701,29.64,-35.035,-40.5,-28.626,-19.14,-16.874
-27.638,10.486,54.779,9.8124,-30.308,37.41,32.881,-31.778,-37.286,-26.009,-15.297,-14.311
-29.528,15.275,62.942,8.3774,-34.765,45.576,35.313,-28.201,-33.798,-23.033,-11.412,-11.76
-30.312,21.308,70.728,6.3053,-38.68,53.781,37.063,-24.533,-30.214,-19.921,-7.7807,-9.3656
-29.429,28.32,77.774,3.5477,-41.343,61.905,38.192,-20.993,-26.728,-16.9,-4.4337,-7.3522
-26.747,36.12,83.934,0.15924,-42.376,69.88,38.745,-17.718,-23.484,-14.094,-1.1167,-5.9467
-22.675,44.622,89.269,-3.6912,-41.938,77.625,38.81,-14.741,-20.517,-11.447,2.442,-5.256
-18.011,53.754,93.971,-7.7288,-40.64,85.061,38.523,-12.006,-17.745,-8.7647,6.3183,-5.1632
-13.691,63.347,98.279,-11.635,-39.288,92.068,38.025,-9.4217,-15.018,-5.8458,10.339,-5.3172
-10.55,73.045,102.42,-15.146,-38.609,98.465,37.44,-6.928,-12.203,-2.5997,14.18,-5.2214
-9.0633,82.286,106.5,-18.141,-38.997,104.11,36.849,-4.5314,-9.2599,0.90293,17.533,-4.384
-9.2032,90.452,110.35,-20.688,-40.418,109.02,36.292,-2.3111,-6.2572,4.4679,20.237,-2.4669
-10.498,97.166,113.65,-22.981,-42.54,113.25,35.764,-0.39492,-3.3403,7.8633,22.32,0.65107
-12.219,102.53,116.17,-25.224,-44.885,116.83,35.217,1.0848,-0.67385,10.902,23.96,4.9279
-13.586,107.11,117.87,-27.621,-46.877,119.86,34.581,2.0366,1.613,13.482,25.389,10.243
-13.959,111.59,118.87,-30.52,-47.968,122.56,33.778,2.4303,3.4568,15.58,26.792,16.42
-12.962,116.32,119.32,-34.422,-47.847,125.15,32.745,2.2808,4.8579,17.204,28.241,23.195
-10.555,121.1,119.37,-39.67,-46.519,127.71,31.442,1.6166,5.8605,18.363,29.676,30.174
-7.0482,125.46,119.13,-46.048,-44.251,130.12,29.863,0.46298,6.5339,19.062,30.95,36.853
-2.9874,129.06,118.7,-52.737,-41.496,132.2,28.025,-1.1514,6.9596,19.336,31.915,42.728
1.0206,131.84,118.2,-58.785,-38.786,133.81,25.963,-3.1857,7.2136,19.263,32.522,47.443
4.4639,133.91,117.73,-63.68,-36.534,134.89,23.7,-5.5906,7.3413,18.963,32.88,50.907
7.1028,135.53,117.34,-67.478,-34.853,135.45,21.241,-8.319,7.3393,18.561,33.209,53.303
9.061,137.09,116.94,-70.555,-33.542,135.56,18.588,-11.319,7.1661,18.165,33.72,54.939
10.743,138.95,116.33,-73.377,-32.247,135.42,15.768,-14.514,6.7763,17.844,34.508,56.08
12.657,141.34,115.39,-76.388,-30.645,135.25,12.834,-17.787,6.1523,17.617,35.515,56.848
15.223,144.16,114.06,-79.868,-28.545,135.17,9.8425,-21,5.3091,17.427,36.544,57.237
18.579,146.85,112.49,-83.676,-25.949,135.13,6.8294,-24.037,4.2695,17.146,37.322,57.17
22.407,148.68,110.89,-87.074,-23.161,134.9,3.8158,-26.842,3.0274,16.589,37.586,56.561
25.856,149.17,109.54,-89.083,-20.831,134.2,0.81633,-29.451,1.5231,15.567,37.151,55.362
27.748,148.17,108.58,-88.979,-19.715,132.7,-2.1641,-31.978,-0.34972,13.944,35.925,53.586
27.066,145.54,107.9,-86.285,-20.297,130.17,-5.127,-34.567,-2.7048,11.674,33.891,51.322
23.44,140.93,107.03,-80.67,-22.561,126.61,-8.0506,-37.332,-5.6076,8.8142,31.085,48.712
17.301,133.97,105.39,-72.162,-25.953,122.17,-10.852,-40.294,-9.0289,5.5147,27.58,45.9
9.7298,124.5,102.56,-61.432,-29.52,116.8,-13.377,-43.376,-12.838,1.9785,23.473,42.981
2.1198,112.7,98.399,-49.723,-32.227,110.26,-15.429,-46.44,-16.843,-1.6032,18.877,39.97
-4.2123,99.138,92.972,-38.323,-33.324,102.36,-16.825,-49.352,-20.862,-5.1178,13.949,36.812
-8.3389,84.627,86.449,-28.136,-32.51,93.21,-17.452,-52.038,-24.785,-8.5609,8.8826,33.426
-9.8618,69.993,79.09,-19.729,-29.838,83.166,-17.306,-54.495,-28.594,-12.014,3.8557,29.74
-8.9368,55.937,71.178,-13.453,-25.595,72.712,-16.504,-56.782,-32.348,-15.588,-1.0362,25.707
-6.2424,42.979,62.99,-9.3154,-20.31,62.276,-15.253,-58.984,-36.135,-19.367,-5.7996,21.318
-2.8492,31.485,54.807,-6.8537,-14.795,52.161,-13.786,-61.177,-40.021,-23.379,-10.479,16.645
0.035887,21.739,46.879,-5.2349,-10.012,42.594,-12.299,-63.388,-43.996,-27.574,-15.061,11.873
1.4097,14.103,39.357,-3.5682,-6.7751,33.723,-10.912,-65.581,-47.961,-31.838,-19.425,7.2838
0.72673,8.7951,32.314,-1.2922,-5.5322,25.598,-9.6766,-67.667,-51.751,-36.012,-23.387,3.1689
-2.0392,5.2218,25.921,1.6679,-6.3395,18.516,-8.6117,-69.554,-55.203,-39.939,-26.798,-0.26611
-6.4548,2.4384,20.599,5.0543,-8.8256,13.232,-7.7549,-71.195,-58.221,-43.508,-29.615,-2.9685
-11.758,-0.10737,16.832,8.5351,-12.194,9.9165,-7.2034,-72.611,-60.804,-46.687,-31.911,-5.0503
-17.069,-2.6669,14.621,11.888,-15.506,7.8069,-7.1131,-73.883,-63.032,-49.523,-33.824,-6.7488
-21.629,-5.4122,13.366,15.039,-18.097,6.1028,-7.6418,-75.114,-65.027,-52.105,-35.497,-8.3478
-24.948,-8.497,12.337,18.001,-19.683,4.3606,-8.8642,-76.391,-66.896,-54.526,-37.036,-10.079
-26.842,-12.013,11.07,20.79,-20.233,2.4201,-10.71,-77.75,-68.701,-56.847,-38.495,-12.046
-27.399,-15.913,9.4425,23.374,-19.896,0.3016,-12.964,-79.164,-70.453,-59.087,-39.875,-14.212
-26.95,-19.967,7.5929,25.668,-18.966,-1.8645,-15.319,-80.56,-72.122,-61.222,-41.141,-16.44
-26.014,-23.824,5.7974,27.598,-17.815,-3.9053,-17.466,-81.853,-73.666,-63.211,-42.238,-18.579
-25.194,-27.164,4.3048,29.168,-16.795,-5.6781,-19.195,-82.983,-75.051,-65.019,-43.121,-20.561
-25.048,-29.841,3.1939,30.485,-16.15,-7.1317,-20.492,-83.937,-76.264,-66.631,-43.783,-22.45
-25.932,-31.914,2.3501,31.714,-15.959,-8.3262,-21.557,-84.745,-77.314,-68.055,-44.279,-24.418
-27.852,-33.574,1.5845,32.997,-16.133,-9.3986,-22.726,-85.463,-78.223,-69.309,-44.711,-26.643
-30.436,-35.03,0.76116,34.365,-16.474,-10.501,-24.345,-86.145,-79.017,-70.42,-45.187,-29.186
-33.096,-36.419,-0.17384,35.718,-16.746,-11.741,-26.579,-86.825,-79.719,-71.426,-45.765,-31.937
-35.255,-37.774,-1.2219,36.857,-16.732,-13.149,-29.232,-87.5,-80.343,-72.366,-46.407,-34.64
-36.452,-39.024,-2.3552,37.558,-16.274,-14.662,-31.723,-88.132,-80.896,-73.262,-46.994,-36.977
-36.379,-40.002,-3.5335,37.616,-15.275,-16.138,-33.266,-88.666,-81.381,-74.104,-47.393,-38.683
-34.914,-40.496,-4.7233,36.904,-13.704,-17.399,-33.196,-89.056,-81.801,-74.863,-47.527,-39.634
-32.154,-40.393,-5.9147,35.442,-11.6,-18.311,-31.265,-89.292,-82.17,-75.523,-47.413,-39.888
-28.418,-39.777,-7.1362,33.427,-9.0714,-18.868,-27.771,-89.401,-82.503,-76.1,-47.142,-39.675
-24.161,-38.922,-8.4618,31.191,-6.2589,-19.23,-23.466,-89.436,-82.816,-76.64,-46.823,-39.308
-19.862,-38.184,-9.9979,29.102,-3.2922,-19.664,-19.277,-89.448,-83.103,-77.176,-46.526,-39.066
-15.928,-37.877,-11.844,27.463,-0.26432,-20.435,-15.985,-89.464,-83.329,-77.704,-46.259,-39.075
-12.63,-38.193,-14.041,26.423,2.7543,-21.727,-14.032,-89.467,-83.429,-78.175,-45.98,-39.257
-10.057,-39.164,-16.526,25.939,5.6788,-23.597,-13.542,-89.396,-83.315,-78.509,-45.626,-39.404
-8.1212,-40.619,-19.134,25.813,8.3786,-25.949,-14.447,-89.16,-82.884,-78.621,-45.149,-39.316
-6.6896,-42.205,-21.654,25.815,10.671,-28.511,-16.514,-88.677,-82.036,-78.435,-44.535,-38.9
-5.7338,-43.514,-23.897,25.807,12.359,-30.879,-19.35,-87.917,-80.682,-77.896,-43.811,-38.176
-5.3617,-44.29,-25.723,25.801,13.3,-32.674,-22.49,-86.934,-78.755,-76.969,-43.008,-37.226
-5.7312,-44.572,-27.037,25.928,13.475,-33.748,-25.456,-85.878,-76.225,-75.611,-42.126,-36.21
-6.9198,-44.631,-27.818,26.362,13.006,-34.237,-27.745,-84.962,-73.11,-73.742,-41.117,-35.404
-8.817,-44.773,-28.177,27.229,12.14,-34.435,-28.918,-84.414,-69.553,-71.249,-39.879,-35.159
-11.086,-45.173,-28.423,28.509,11.25,-34.659,-28.754,-84.416,-66.026,-68.127,-38.228,-35.779
-13.212,-45.881,-29.216,29.97,10.795,-35.506,-27.346,-85.066,-63.657,-65.074,-35.893,-37.425
-14.641,-47.44,-31.971,31.191,11.219,-39.439,-25.077,-86.362,-63.896,-65.38,-32.779,-40.135
-14.975,-53.167,-39.499,31.734,12.803,-50.948,-22.562,-88.071,-65.187,-75.168,-31.353,-44.262
-14.172,-66.729,-53.841,31.605,15.459,-63.442,-20.535,-88.528,-60.252,-81.151,-44.043,-52.095
-12.587,-77.428,-65.451,32.432,18.544,-70.165,-19.681,-80.04,-45.671,-73.452,-55.984,-66.572
-10.796,-79.418,-67.792,37.751,20.915,-71.254,-20.398,-67.111,-23.745,-58.714,-51.147,-73.248
-9.328,-73.253,-61.196,42.878,20.827,-64.531,-22.271,-64.527,7.1165,-37.705,-39.94,-65.69
-8.4765,-58.021,-44.363,39.069,15.728,-48.174,-23.402,-71.169,50.248,-9.8299,-22.664,-49.114
-8.2455,-33.848,-16.649,28.732,3.7156,-22.116,-25.057,-87.43,95.542,26.02,2.1188,-25.059
-8.3199,-2.1322,19.897,14.151,-14.29,11.857,-30.379,-113.37,144.27,71.622,36.274,5.7009
-8.0792,35.403,61.509,-4.1849,-35.368,51.09,-38.451,-149.74,192.47,129.12,81.412,42.418
-6.7919,77.86,104.62,-26.607,-56.882,93.344,-48.597,-199.79,237.07,199.98,137.7,84.728
-3.9743,125.41,146.69,-54.135,-76.565,137.23,-61.558,-270.53,275.94,283.09,203.36,132.64
0.39393,177.73,186.48,-87.119,-92.896,182.04,-78.812,-370.79,300.26,373.06,276.78,187.13
6.0467,232.79,223.84,-123.26,-105.84,227.45,-101.49,-505.51,298.17,459.96,356.52,249.69
13.575,288.69,259.74,-160.23,-116.22,273.14,-129.93,-676.55,258.03,533.44,438.35,318.81
32.934,343.85,295.12,-196.57,-125.08,318.58,-163.93,-888.4,172.83,587.05,516.72,389.99
54.537,395.37,329.52,-230.12,-133.41,362,-202.54,-1138.6,43.764,618.14,585.42,457.69
66.741,438.98,360.94,-257.92,-142.11,399.78,-243.03,-1414.7,-118.66,626.8,638.18,515.5
72.35,468.89,385.96,-276.03,-151.09,427.14,-280.59,-1697.9,-297.3,614,668.59,555.71
68.727,478.39,400.09,-279.61,-159.1,439.01,-310.83,-1966.5,-474.67,579.27,669.49,570.26
53.925,461.03,399.49,-263.84,-165.63,430.62,-332.6,-2200.7,-639.09,518.74,633.26,552.48
27.036,412.52,382.61,-225.32,-171.45,398.57,-347.55,-2386.8,-786.78,426.18,553.26,498.36
-12.545,332.37,350.34,-163.15,-178.13,342.67,-358.72,-2518.7,-921.39,295.93,426.61,407.77
-67.365,225.54,305.8,-79.96,-187.3,267.15,-369.47,-2597.7,-1050.9,126.61,257.12,285.78
-139.36,102.47,254.33,17.215,-198.92,180.25,-382.57,-2631,-1181.8,-75.951,56.599,143.26
-215.71,-22.926,202.5,117.64,-210.2,92.296,-399.57,-2627.9,-1314.3,-298.14,-156.67,-4.3977
-283.89,-136.39,155.76,209.16,-218.22,12.856,-420.59,-2596,-1440.6,-520.06,-361.02,-141.13
-335.53,-226.74,116.48,281.43,-221.09,-51.557,-444.57,-2538.6,-1545.5,-718.71,-535.49,-254.54
-367.07,-288.32,84.453,328.76,-218.49,-98.447,-469.09,-2454.6,-1611.5,-872.63,-663.65,-337.35
-378.66,-321.21,58.093,350.56,-210.3,-128.7,-491.02,-2341.7,-1625.6,-967.22,-736.97,-386.83
-370.97,-329.99,35.109,349.96,-195.36,-145.41,-507.54,-2200.6,-1585.1,-999.01,-756.41,-404.96
-346.02,-321.3,13.379,332.2,-173.03,-152.56,-516.31,-2036.6,-1497.9,-976.33,-731.35,-398.27
-307.2,-301.47,-8.1893,302.7,-144.27,-153.65,-514.79,-1857.2,-1378.7,-915.31,-676.39,-375.21
-258.83,-275.28,-29.042,266.11,-111.36,-150.85,-500.4,-1668.3,-1242.5,-833.34,-606.73,-342.97
-206.35,-245.91,-46.792,226.61,-77.489,-144.98,-472.03,-1473.5,-1100.1,-743.89,-533.78,-306.33
-154.99,-215.32,-56.547,187.42,-45.809,-136.16,-431.05,-1275.8,-957.37,-654.48,-463.61,-268.2
-108.76,-184.84,-54.083,150.99,-18.439,-124.52,-380.96,-1078.9,-817.11,-568.02,-398.54,-230.14
-72.066,-157.29,-49.201,120.2,2.9902,-111.55,-326.37,-888.46,-682.36,-485.92,-339.92,-194.41
-47.5,-136.33,-47.608,97.048,17.216,-101.48,-272.1,-711.66,-557.11,-411,-289.83,-166.59
-33.209,-121.1,-46.995,80.221,24.805,-94.529,-222.07,-555.39,-445.08,-345.85,-247.55,-145.84
-26.328,-108.68,-45.91,67.94,27.257,-88.771,-178.33,-424.43,-349.2,-288.59,-209.04,-128.39
-24.034,-97.287,-44.192,59.298,24.344,-83.144,-140.81,-320.15,-271.61,-237.21,-173.14,-112.62
-22.902,-86.209,-42.162,53.23,15.477,-77.212,-108.23,-240.43,-212.28,-193.57,-142.09,-98.379
-20.582,-75.596,-40.153,48.463,12.175,-70.854,-80.497,-180.82,-168.55,-159.59,-117.63,-85.813
-15.03,-65.88,-38.299,43.953,12.633,-64.151,-58.42,-136.18,-136.43,-134.44,-99.525,-74.767
-11.347,-57.275,-36.515,37.334,13.355,-57.29,-41.788,-101.92,-112.07,-115.97,-86.653,-64.693
-8.0922,-50.155,-34.639,30.538,14.133,-50.444,-29.613,-74.66,-92.714,-102.14,-77.619,-55.672
-4.7015,-44.814,-32.648,25.802,15.132,-43.756,-20.783,-52.237,-76.867,-91.285,-70.869,-48.797
-1.334,-40.783,-30.648,22.42,16.284,-37.399,-14.72,-33.449,-64.334,-82.251,-64.145,-43.858
1.7317,-37.393,-28.646,19.799,17.297,-31.6,-10.605,-19.756,-58.899,-74.885,-56.453,-39.596
4.1146,-34.245,-26.487,17.684,17.751,-26.565,-7.6237,-20.386,-59.113,-69.528,-50.656,-35.409
5.2997,-31.211,-23.99,16.049,17.192,-22.382,-7.0369,-21.261,-55.685,-65.309,-47.211,-31.31
4.6931,-28.361,-21.006,15.021,15.251,-18.998,-7.769,-14.598,-50.931,-61.816,-44.895,-27.503
1.8992,-25.86,-17.435,14.749,11.761,-16.248,-9.0057,-5.6899,-46.651,-59.022,-43.057,-24.17
-2.996,-23.834,-13.321,15.26,6.8633,-13.945,-9.9669,2.9603,-43.179,-56.841,-41.493,-21.389
-9.3341,-22.281,-8.9386,16.383,1.0587,-11.954,-9.8524,10.651,-40.405,-55.147,-40.197,-19.148
-16.034,-21.098,-4.7429,17.784,-4.8477,-10.239,-8.0304,17.316,-38.144,-53.826,-39.213,-17.412
-21.907,-20.162,-1.2458,19.073,-9.9503,-8.8436,-4.1938,23.055,-36.265,-52.793,-38.566,-16.169
-25.982,-19.4,1.1325,19.938,-13.493,-7.8462,1.5474,27.979,-34.696,-51.977,-38.214,-15.42
-27.729,-18.791,2.1751,20.218,-15.061,-7.2968,8.6723,32.195,-33.387,-51.29,-38.048,-15.143
-27.133,-18.335,1.9102,19.918,-14.657,-7.1823,16.357,35.822,-32.267,-50.627,-37.918,-15.261
-24.608,-18.02,0.5824,19.161,-12.635,-7.4267,23.667,38.986,-31.237,-49.877,-37.689,-15.637
-20.813,-17.822,-1.4253,18.138,-9.5405,-7.9201,29.796,41.791,-30.194,-48.958,-37.289,-16.091
-16.482,-17.708,-3.6957,17.032,-5.9611,-8.5548,34.259,44.284,-29.067,-47.844,-36.728,-16.432
-12.301,-17.626,-5.8912,15.97,-2.4054,-9.246,36.932,46.454,-27.834,-46.566,-36.077,-16.511
-8.7825,-17.493,-7.8299,14.985,0.75272,-9.9295,37.979,48.276,-26.511,-45.179,-35.397,-16.257
-6.1749,-17.194,-9.4759,14.029,3.2935,-10.548,37.749,49.752,-25.127,-43.727,-34.69,-15.697
-4.4406,-16.629,-10.853,13.009,5.1474,-11.046,36.665,50.937,-23.703,-42.224,-33.899,-14.951
-3.3425,-15.772,-11.973,11.866,6.3654,-11.39,35.107,51.92,-22.245,-40.663,-32.959,-14.192
-2.6276,-14.692,-12.852,10.616,7.1007,-11.58,33.314,52.8,-20.744,-39.035,-31.849,-13.591
-2.1053,-13.524,-13.54,9.325,7.5731,-11.65,31.416,53.672,-19.172,-37.34,-30.601,-13.238
-1.56,-12.393,-14.114,8.0395,8.0023,-11.643,29.536,54.634,-17.475,-35.584,-29.269,-13.094
-0.71181,-11.355,-14.647,6.7512,8.581,-11.588,27.839,55.771,-15.583,-33.765,-27.882,-12.995
0.72388,-10.395,-15.201,5.4045,9.4844,-11.483,26.489,57.131,-13.422,-31.867,-26.421,-12.724
2.9697,-9.4466,-15.83,3.9155,10.856,-11.313,25.582,58.694,-10.957,-29.871,-24.854,-12.115
6.1051,-8.4278,-16.56,2.2077,12.745,-11.064,25.099,60.368,-8.2086,-27.763,-23.183,-11.126
9.9634,-7.2855,-17.354,0.27742,15.028,-10.719,24.898,62.035,-5.2616,-25.553,-21.468,-9.8268
14.091,-6.0313,-18.098,-1.7513,17.392,-10.265,24.76,63.6,-2.2264,-23.257,-19.797,-8.3302
17.826,-4.7438,-18.629,-3.6406,19.407,-9.6962,24.466,65.029,0.80805,-20.886,-18.199,-6.727
20.48,-3.539,-18.795,-5.1182,20.667,-9.0242,23.838,66.352,3.8089,-18.424,-16.599,-5.0736
21.548,-2.528,-18.524,-5.9746,20.921,-8.2966,22.753,67.618,6.7955,-15.838,-14.832,-3.4169
20.86,-1.783,-17.856,-6.1324,20.148,-7.5923,21.141,68.853,9.8052,-13.102,-12.725,-1.8187
18.632,-1.3147,-16.925,-5.6694,18.552,-6.9938,18.986,70.04,12.859,-10.215,-10.179,-0.35683
15.412,-1.0659,-15.906,-4.7992,16.513,-6.547,16.338,71.138,15.953,-7.1899,-7.2238,0.90179
11.968,-0.92122,-14.952,-3.8189,14.473,-6.2346,13.31,72.127,19.081,-4.0327,-4.0243,1.9384
9.0835,-0.73967,-14.148,-3.0347,12.812,-5.9791,10.049,73.026,22.257,-0.72623,-0.84261,2.7927
7.3338,-0.40057,-13.511,-2.6853,11.761,-5.6803,6.7015,73.884,25.514,2.7492,2.0302,3.5219
6.9565,0.15715,-13.015,-2.8942,11.394,-5.2676,3.4118,74.752,28.87,6.3751,4.3743,4.1381
7.9148,0.92266,-12.636,-3.6662,11.678,-4.7335,0.33454,75.648,32.305,10.072,6.1654,4.5791
10.032,1.8284,-12.379,-4.9149,12.529,-4.1289,-2.3661,76.572,35.778,13.723,7.6377,4.7413
13.036,2.7765,-12.271,-6.4833,13.834,-3.5276,-4.5367,77.519,39.258,17.237,9.2105,4.5474
16.528,3.6622,-12.339,-8.1546,15.441,-2.9922,-6.0417,78.495,42.75,20.599,11.293,3.9997
19.992,4.3918,-12.579,-9.6814,17.154,-2.5641,-6.7513,79.508,46.286,23.856,14.061,3.193
22.904,4.8968,-12.95,-10.838,18.737,-2.2712,-6.54,80.555,49.882,27.068,17.335,2.3009
24.855,5.1406,-13.357,-11.467,19.933,-2.1311,-5.3203,81.607,53.5,30.246,20.67,1.554
25.575,5.1132,-13.65,-11.489,20.469,-2.1438,-3.1085,82.627,57.066,33.34,23.604,1.1997
24.873,4.823,-13.651,-10.892,20.079,-2.282,-0.078013,83.58,60.489,36.269,25.917,1.4343
22.64,4.2924,-13.21,-9.7184,18.595,-2.4939,3.4613,84.447,63.703,38.967,27.712,2.3324
18.968,3.5601,-12.272,-8.0754,16.054,-2.7224,7.1406,85.224,66.676,41.397,29.299,3.8165
14.231,2.6794,-10.923,-6.124,12.734,-2.9324,10.575,85.918,69.411,43.557,30.984,5.69
9.0236,1.7066,-9.3703,-4.048,9.0754,-3.1206,13.358,86.548,71.938,45.464,32.892,7.7174
3.9888,0.68417,-7.8686,-2.0162,5.5745,-3.3066,15.098,87.145,74.308,47.154,34.938,9.6914
-0.31546,-0.36728,-6.6648,-0.15973,2.7099,-3.5262,15.5,87.747,76.584,48.675,36.896,11.445
-3.4714,-1.4384,-5.9968,1.4307,0.88694,-3.8378,14.478,88.392,78.824,50.071,38.51,12.834
-5.211,-2.5119,-6.0832,2.6941,0.38663,-4.3188,12.263,89.095,81.044,51.367,39.616,13.745
-5.4489,-3.5485,-7.0451,3.5909,1.2961,-5.0277,9.4068,89.84,83.217,52.555,40.227,14.132
-4.3276,-4.4839,-8.808,4.1022,3.4265,-5.9536,6.6151,90.576,85.26,53.612,40.557,14.04
-2.2108,-5.2329,-11.081,4.2301,6.3098,-6.9959,4.4955,91.239,87.086,54.534,40.932,13.609
0.40867,-5.7011,-13.437,3.9919,9.3323,-7.9862,3.3796,91.774,88.648,55.362,41.645,13.072
3.0384,-5.8037,-15.433,3.4153,11.917,-8.7363,3.2755,92.146,89.946,56.169,42.801,12.685
5.2883,-5.496,-16.722,2.5448,13.65,-9.094,3.9115,92.346,91.019,57.038,44.293,12.635
6.932,-4.7969,-17.14,1.4507,14.35,-8.9934,4.8327,92.394,91.921,58.018,45.869,12.967
7.9424,-3.7941,-16.738,0.22157,14.098,-8.4784,5.5345,92.315,92.702,59.097,47.261,13.565
8.498,-2.6214,-15.752,-1.0591,13.217,-7.6854,5.5972,92.134,93.401,60.208,48.292,14.199
8.93,-1.4169,-14.532,-2.3359,12.178,-6.7954,4.7929,91.876,94.053,61.268,48.908,14.623
9.5971,-0.28095,-13.448,-3.5852,11.454,-5.9738,3.1377,91.558,94.68,62.214,49.176,14.677
10.725,0.74008,-12.791,-4.7908,11.374,-5.3209,0.87509,91.187,95.283,63.018,49.229,14.352
12.284,1.6355,-12.678,-5.904,12.022,-4.8539,-1.6066,90.765,95.846,63.686,49.212,13.779
13.98,2.3972,-13.04,-6.8289,13.204,-4.5227,-3.9141,90.296,96.342,64.243,49.216,13.163
15.375,3.0128,-13.651,-7.4586,14.53,-4.2448,-5.802,89.787,96.746,64.714,49.265,12.692
16.077,3.4894,-14.22,-7.7407,15.563,-3.9384,-7.2308,89.24,97.04,65.109,49.315,12.456
15.896,3.8745,-14.494,-7.7168,15.983,-3.5476,-8.2884,88.638,97.205,65.414,49.301,12.448
14.906,4.2481,-14.344,-7.5178,15.69,-3.0508,-9.0727,87.938,97.218,65.595,49.164,12.639
13.439,4.6958,-13.781,-7.3224,14.818,-2.4489,-9.6298,87.079,97.058,65.622,48.887,13.066
11.995,5.2844,-12.903,-7.3047,13.662,-1.7471,-9.9458,86.005,96.715,65.488,48.507,13.841
11.096,6.0484,-11.841,-7.5977,12.566,-0.95127,-9.9638,84.682,96.199,65.22,48.105,15.088
11.148,6.9855,-10.735,-8.2874,11.833,-0.082271,-9.6209,83.099,95.518,64.863,47.766,16.869
12.366,8.0604,-9.7283,-9.4135,11.676,0.81284,-8.8988,81.254,94.677,64.456,47.531,19.136
14.728,9.2104,-8.94,-10.938,12.177,1.6695,-7.8577,79.154,93.67,64.008,47.376,21.732
17.91,10.347,-8.4184,-12.703,13.237,2.4286,-6.6338,76.815,92.486,63.5,47.244,24.431
21.282,11.351,-8.1184,-14.426,14.577,3.0521,-5.4077,74.276,91.137,62.917,47.097,26.977
24.036,12.086,-7.925,-15.762,15.783,3.5223,-4.3651,71.592,89.657,62.259,46.947,29.121
25.414,12.422,-7.7077,-16.383,16.405,3.8298,-3.662,68.797,88.086,61.542,46.84,30.651
24.937,12.272,-7.3675,-16.06,16.082,3.97,-3.402,65.91,86.445,60.793,46.797,31.441
22.499,11.627,-6.8569,-14.726,14.663,3.953,-3.6201,62.92,84.73,60.046,46.782,31.506
18.299,10.571,-6.1725,-12.5,12.247,3.8147,-4.276,59.81,82.923,59.335,46.715,31.025
12.781,9.2631,-5.3406,-9.6633,9.1163,3.6134,-5.2721,56.576,81.016,58.693,46.528,30.297
6.617,7.9008,-4.4131,-6.5977,5.656,3.4131,-6.4923,53.242,79.016,58.147,46.218,29.654
0.649,6.6773,-3.468,-3.7073,2.3047,3.2683,-7.8406,49.849,76.942,57.715,45.847,29.349
-4.2942,5.7538,-2.6065,-1.3607,-0.498,3.2192,-9.2481,46.44,74.805,57.395,45.503,29.492
-7.6139,5.2552,-1.945,0.14675,-2.3742,3.2923,-10.64,43.04,72.591,57.16,45.233,30.027
-8.9757,5.2722,-1.6046,0.61573,-3.0553,3.4977,-11.888,39.638,70.244,56.951,45.008,30.767
-8.2011,5.8518,-1.6869,-0.053558,-2.4113,3.8276,-12.793,36.192,67.677,56.682,44.725,31.462
-5.267,6.975,-2.2341,-1.862,-0.48499,4.2581,-13.115,32.645,64.791,56.254,44.248,31.884
-0.40961,8.5336,-3.1925,-4.6974,2.4781,4.7561,-12.647,28.944,61.49,55.562,43.448,31.893
5.853,10.336,-4.4122,-8.304,6.0605,5.2843,-11.312,25.04,57.687,54.497,42.23,31.453
12.798,12.166,-5.6856,-12.271,9.7747,5.8048,-9.2172,20.896,53.316,52.962,40.543,30.599
19.581,13.869,-6.798,-16.085,13.168,6.281,-6.6483,16.503,48.367,50.896,38.391,29.388
25.371,15.383,-7.5682,-19.277,15.88,6.6782,-3.9861,11.922,42.939,48.323,35.859,27.878
29.542,16.652,-7.8849,-21.568,17.673,6.9594,-1.5931,7.2937,37.241,45.382,33.106,26.121
31.776,17.532,-7.7511,-22.856,18.46,7.077,0.2563,2.7995,31.516,42.285,30.308,24.155
32.031,17.795,-7.3153,-23.049,18.334,6.9668,1.3723,-1.4287,25.935,39.228,27.534,22.003
30.44,17.196,-6.8428,-22.013,17.538,6.5535,1.6099,-5.3602,20.548,36.3,24.681,19.67
27.213,15.561,-6.6042,-19.653,16.318,5.7737,0.86813,-9.053,15.323,33.464,21.511,17.16
22.501,12.895,-6.737,-16.003,14.721,4.6094,-0.85242,-12.603,10.203,30.599,17.783,14.484
16.335,9.4208,-7.1691,-11.272,12.598,3.1157,-3.375,-16.097,5.1497,27.575,13.411,11.655
8.8855,5.5008,-7.6433,-5.7967,9.7792,1.4302,-6.3066,-19.585,0.15163,24.323,8.5876,8.6802
0.54418,1.5157,-7.8183,0.02791,6.1785,-0.24173,-9.0774,-23.064,-4.779,20.878,3.7931,5.5501
-8.2417,-2.1771,-7.4027,5.7725,1.8608,-1.6658,-11.07,-26.483,-9.6097,17.391,-0.3621,2.2536
-16.862,-5.2394,-6.2738,10.992,-2.8717,-2.6356,-11.797,-29.76,-14.284,14.084,-3.3965,-1.1944
-24.437,-7.3952,-4.5382,15.261,-7.4773,-3.0316,-11.044,-32.814,-18.724,11.189,-5.1332,-4.7263
-29.98,-8.5177,-2.5025,18.217,-11.321,-2.8587,-8.9263,-35.588,-22.836,8.8702,-5.7449,-8.2221
-32.719,-8.6816,-0.55814,19.664,-13.881,-2.2395,-5.8482,-38.06,-26.528,7.1802,-5.7197,-11.542
-32.364,-8.1283,0.96582,19.684,-14.903,-1.3622,-2.4008,-40.228,-29.735,6.0471,-5.704,-14.574
-29.299,-7.1682,1.911,18.635,-14.496,-0.41048,0.77824,-42.107,-32.445,5.2978,-6.2469,-17.278
-24.607,-6.081,2.319,17.019,-13.133,0.48749,3.1442,-43.727,-34.704,4.7071,-7.6269,-19.696
-19.781,-5.0542,2.3951,15.332,-11.52,1.2783,4.3644,-45.126,-36.616,4.0581,-9.7078,-21.928
-16.211,-4.1608,2.4395,13.965,-10.366,1.9822,4.4042,-46.345,-38.306,3.2085,-11.929,-24.071
-14.734,-3.368,2.7628,13.145,-10.171,2.6745,3.5579,-47.403,-39.877,2.1456,-13.629,-26.148
-15.456,-2.5839,3.5772,12.891,-11.106,3.4429,2.3803,-48.289,-41.379,0.97797,-14.454,-28.069
-17.853,-1.7436,4.8915,12.996,-12.964,4.3311,1.5072,-48.972,-42.803,-0.15006,-14.551,-29.651
-20.922,-0.86915,6.4798,13.144,-15.197,5.3036,1.4231,-49.426,-44.097,-1.1573,-14.444,-30.679
-23.452,-0.039613,7.9785,13.107,-17.103,6.2605,2.2976,-49.639,-45.195,-2.0615,-14.73,-30.964
-24.545,0.68379,9.0547,12.812,-18.076,7.0912,3.9894,-49.615,-46.052,-2.9412,-15.774,-30.382
-23.937,1.2926,9.5278,12.258,-17.784,7.7304,6.1547,-49.377,-46.656,-3.8762,-17.581,-28.894
-21.852,1.8202,9.4305,11.481,-16.244,8.1898,8.3671,-48.959,-47.044,-4.9088,-19.831,-26.554
-18.861,2.3202,9.0262,10.569,-13.901,8.5569,10.237,-48.417,-47.28,-6.0328,-22.048,-23.504
-15.881,2.8527,8.7208,9.6606,-11.64,8.9649,11.525,-47.808,-47.43,-7.2025,-23.802,-19.937
-13.946,3.4741,8.9135,8.8991,-10.429,9.5562,12.196,-47.181,-47.54,-8.3547,-24.875,-16.05
-13.792,4.2258,9.9389,8.3789,-10.896,10.452,12.401,-46.559,-47.621,-9.4369,-25.335,-11.999
-15.59,5.1269,11.999,8.1028,-13.196,11.72,12.389,-45.937,-47.666,-10.434,-25.47,-7.8711
-18.926,6.1758,15.011,7.9754,-17.005,13.345,12.387,-45.287,-47.657,-11.379,-25.601,-3.7081
-22.938,7.3579,18.554,7.8272,-21.548,15.21,12.482,-44.57,-47.579,-12.323,-25.913,0.45038
-26.558,8.6483,22.002,7.4606,-25.788,17.127,12.574,-43.742,-47.412,-13.284,-26.402,4.5208
-28.835,10.006,24.746,6.7181,-28.774,18.886,12.418,-42.754,-47.127,-14.203,-26.953,8.3642
-29.234,11.371,26.39,5.5502,-29.973,20.32,11.754,-41.57,-46.692,-14.947,-27.421,11.812
-27.76,12.667,26.876,4.0381,-29.367,21.338,10.433,-40.184,-46.072,-15.351,-27.646,14.719
-24.851,13.818,26.505,2.3558,-27.336,21.955,8.5198,-38.618,-45.244,-15.259,-27.483,17.006
-21.138,14.773,25.856,0.69937,-24.468,22.29,6.3133,-36.908,-44.186,-14.552,-26.865,18.684
-17.229,15.527,25.592,-0.77693,-21.381,22.529,4.2648,-35.087,-42.888,-13.195,-25.839,19.818
-13.63,16.13,26.155,-2.0012,-18.563,22.874,2.8083,-33.181,-41.366,-11.269,-24.544,20.48
-10.706,16.676,27.474,-2.999,-16.32,23.481,2.1956,-31.212,-39.667,-8.9739,-23.154,20.713
-8.6486,17.276,28.988,-3.867,-14.773,24.437,2.419,-29.188,-37.861,-6.5657,-21.831,20.538
-7.5061,18.052,30.088,-4.6896,-13.904,25.786,3.2442,-27.078,-36.007,-4.2572,-20.662,19.997
-7.2528,19.165,30.508,-5.4473,-13.722,27.623,4.3202,-24.791,-34.107,-2.1396,-19.634,19.163
-7.8251,20.943,30.438,-6.022,-14.267,30.165,5.2864,-22.191,-32.109,-0.16643,-18.638,18.141
-9.1472,24.059,30.374,-6.3516,-15.452,33.68,5.8401,-19.149,-29.932,1.7927,-17.509,17.047
-11.091,29.373,30.828,-6.6168,-17.097,38.275,5.8191,-15.625,-27.528,3.8718,-16.088,16.012
-13.345,36.744,32.07,-7.2417,-18.991,43.71,5.3377,-11.724,-24.91,6.1482,-14.287,15.176
-15.293,44.612,34.056,-8.6631,-20.819,49.489,4.863,-7.6906,-22.151,8.6178,-12.124,14.67
-16.03,51.815,36.492,-11.038,-22.114,55.186,5.0596,-3.8365,-19.363,11.202,-9.7121,14.59
-14.694,58.34,38.944,-14.219,-22.317,60.6,6.4441,-0.43013,-16.66,13.772,-7.2014,14.956
-10.763,64.709,40.986,-18.362,-20.94,65.703,9.1001,2.3822,-14.119,16.194,-4.713,15.705
-4.251,71.516,42.403,-23.963,-17.844,70.569,12.682,4.6119,-11.746,18.366,-2.2995,16.701
4.1341,79.11,43.349,-31.235,-13.417,75.344,16.662,6.412,-9.4711,20.251,0.062237,17.78
13.193,87.359,44.334,-39.793,-8.4991,80.172,20.499,8.0179,-7.1813,21.88,2.4511,18.809
21.463,95.652,45.997,-48.766,-4.1075,85.062,23.634,9.6626,-4.776,23.332,4.9644,19.728
27.485,103.17,48.769,-57.066,-1.1287,89.82,25.567,11.5,-2.2091,24.699,7.673,20.544
30.293,109.18,52.591,-63.687,-0.069576,94.162,25.951,13.565,0.49244,26.046,10.586,21.293
29.771,113.36,56.962,-68.018,-0.9469,97.856,24.553,15.782,3.2417,27.389,13.641,21.995
26.595,115.89,61.328,-70.051,-3.3533,100.78,21.284,18.011,5.9274,28.694,16.73,22.656
21.9,117.44,65.442,-70.418,-6.6038,103.01,16.461,20.089,8.4523,29.892,19.74,23.316
16.945,118.92,69.379,-70.142,-9.9385,104.93,10.967,21.84,10.753,30.893,22.59,24.098
12.836,121.13,73.378,-70.104,-12.847,107.08,6.031,23.067,12.79,31.606,25.236,25.217
10.273,124.54,77.701,-70.817,-15.266,109.98,2.8162,23.547,14.528,31.954,27.67,26.915
9.4184,129.19,82.554,-72.542,-17.402,113.96,2.1099,23.074,15.92,31.906,29.904,29.365
9.9871,134.76,87.995,-75.295,-19.458,118.97,4.0952,21.547,16.931,31.506,31.971,32.577
11.494,140.72,93.849,-78.818,-21.49,124.62,8.2251,19.045,17.572,30.882,33.92,36.372
13.531,146.53,99.683,-82.695,-23.405,130.31,13.405,15.859,17.921,30.212,35.809,40.407
15.892,151.77,104.87,-86.507,-24.97,135.44,18.41,12.415,18.093,29.647,37.675,44.245
18.531,156.21,108.77,-89.997,-25.807,139.59,22.207,9.141,18.191,29.24,39.507,47.449
21.549,159.86,110.91,-93.121,-25.48,142.59,24.118,6.3374,18.257,28.914,41.239,49.67
25.029,162.76,111.1,-95.896,-23.743,144.48,23.98,4.1106,18.255,28.489,42.775,50.705
28.8,164.83,109.4,-98.254,-20.768,145.35,22.15,2.3767,18.084,27.758,44.024,50.523
32.442,165.79,105.98,-100.06,-17.087,145.07,19.305,0.90454,17.596,26.542,44.922,49.242
35.494,165.28,101.1,-101.19,-13.353,143.13,16.232,-0.62393,16.621,24.718,45.42,47.071
37.635,163.17,95.307,-101.64,-10.114,139.15,13.48,-2.5353,14.991,22.21,45.467,44.233
38.733,159.91,89.355,-101.46,-7.6563,133.96,11.042,-5.0729,12.594,18.99,44.999,40.896
38.817,156.19,83.648,-100.73,-5.9412,128.87,8.5722,-8.3258,9.4156,15.073,43.95,37.17
38.025,151.94,77.815,-99.366,-4.6694,123.87,5.8305,-12.22,5.5317,10.532,42.278,33.155
36.553,146.38,70.982,-97.037,-3.4333,117.99,2.8523,-16.567,1.0796,5.481,39.984,28.937
34.58,138.67,62.324,-93.268,-1.8798,110.3,-0.12748,-21.138,-3.7805,0.071767,37.113,24.552
32.229,128.26,51.59,-87.613,0.16437,100.24,-2.8373,-25.71,-8.8814,-5.5139,33.723,19.971
29.57,115.02,39.449,-79.799,2.6524,87.908,-5.0885,-30.096,-14.057,-11.077,29.871,15.16
26.644,99.321,27.24,-69.829,5.3841,74.041,-6.8016,-34.151,-19.158,-16.429,25.62,10.183
23.481,82.117,16.116,-58.074,8.1207,59.717,-7.9923,-37.786,-24.077,-21.43,21.057,5.2566
20.154,64.652,6.4185,-45.337,10.679,45.873,-8.7631,-40.971,-28.768,-26.023,16.281,0.70998
16.845,48.18,-2.1954,-32.739,12.978,33.097,-9.2932,-43.74,-33.242,-30.243,11.369,-3.1928
13.87,33.674,-10.168,-21.479,15.046,21.754,-9.8015,-46.178,-37.538,-34.19,6.3581,-6.4439
11.594,21.611,-17.376,-12.596,16.975,12.06,-10.493,-48.402,-41.692,-37.977,1.295,-9.3256
10.27,11.986,-23.09,-6.6141,18.851,4.0694,-11.507,-50.528,-45.703,-41.688,-3.7033,-12.256
9.9227,4.6687,-26.911,-3.2533,20.666,-2.1679,-12.878,-52.645,-49.518,-45.339,-8.4406,-15.561
10.373,-0.27629,-29.329,-1.7056,22.311,-6.6064,-14.477,-54.792,-53.046,-48.872,-12.725,-19.322
11.331,-3.1069,-31.075,-1.154,23.649,-9.6345,-16.016,-56.963,-56.193,-52.178,-16.472,-23.356
12.466,-4.823,-32.441,-0.98205,24.604,-11.945,-17.301,-59.122,-58.904,-55.146,-19.74,-27.312
13.438,-6.4126,-33.406,-0.77375,25.173,-13.937,-18.479,-61.217,-61.177,-57.713,-22.667,-30.817
13.966,-8.3331,-33.991,-0.30442,25.392,-15.708,-20.035,-63.191,-63.065,-59.896,-25.37,-33.598
13.895,-10.559,-34.329,0.48723,25.301,-17.275,-22.576,-64.994,-64.65,-61.774,-27.884,-35.588
13.145,-12.837,-34.578,1.5944,24.927,-18.684,-26.491,-66.59,-66.015,-63.442,-30.171,-36.995
11.57,-14.967,-34.821,3.0562,24.251,-19.985,-31.635,-67.953,-67.219,-64.964,-32.169,-38.262
8.963,-16.925,-35.035,4.9784,23.199,-21.183,-37.148,-69.064,-68.278,-66.348,-33.85,-39.906
5.2446,-18.807,-35.108,7.4416,21.69,-22.23,-41.632,-69.911,-69.183,-67.572,-35.243,-42.311
0.6243,-20.734,-34.934,10.397,19.728,-23.077,-43.643,-70.512,-69.93,-68.619,-36.429,-45.549
-4.3925,-22.795,-34.504,13.644,17.503,-23.722,-42.265,-70.921,-70.541,-69.509,-37.511,-49.178
-9.0995,-25.028,-33.948,16.879,15.403,-24.226,-37.494,-71.226,-71.071,-70.297,-38.562,-52.164
-12.725,-27.392,-33.483,19.755,13.906,-24.68,-30.265,-71.516,-71.583,-71.045,-39.606,-53.27
-14.604,-29.746,-33.276,21.938,13.377,-25.159,-22.105,-71.856,-72.128,-71.798,-40.61,-51.72
-14.409,-31.876,-33.344,23.208,13.875,-25.701,-14.639,-72.279,-72.737,-72.565,-41.494,-47.491
-12.458,-33.607,-33.548,23.597,15.056,-26.297,-9.1786,-72.784,-73.413,-73.322,-42.159,-41.145
-9.8083,-34.888,-33.658,23.437,16.256,-26.893,-6.3876,-73.348,-74.135,-74.009,-42.509,-33.595
-7.8892,-35.799,-33.446,23.246,16.759,-27.404,-6.1126,-73.929,-74.857,-74.542,-42.497,-25.925
-7.889,-36.479,-32.761,23.524,16.061,-27.74,-7.5603,-74.475,-75.52,-74.829,-42.15,-19.196
-10.322,-37.062,-31.601,24.569,14.022,-27.877,-9.8179,-74.941,-76.069,-74.812,-41.587,-14.209
-14.895,-37.635,-30.16,26.375,10.929,-27.885,-12.076,-75.296,-76.465,-74.494,-40.986,-11.263
-20.61,-38.213,-28.789,28.617,7.4549,-27.906,-13.583,-75.519,-76.681,-73.934,-40.513,-10.179
-26.074,-38.758,-27.88,30.758,4.4735,-28.085,-13.9,-75.581,-76.686,-73.212,-40.267,-10.589
-29.924,-39.226,-27.726,32.263,2.7541,-28.524,-13.083,-75.438,-76.418,-72.382,-40.236,-12.026
-31.265,-39.617,-28.424,32.801,2.7029,-29.247,-11.524,-75.032,-75.777,-71.447,-40.31,-13.939
-29.917,-39.939,-29.839,32.317,4.2801,-30.181,-9.7071,-74.314,-74.633,-70.346,-40.319,-15.978
-26.315,-40.144,-31.64,30.97,7.0719,-31.139,-8.0561,-73.273,-72.851,-68.969,-40.098,-18.159
-21.233,-40.11,-33.414,29.041,10.453,-31.847,-6.8594,-71.973,-70.338,-67.179,-39.544,-20.672
-15.573,-39.697,-34.827,26.865,13.787,-32.018,-6.2518,-70.592,-67.101,-64.841,-38.631,-23.535
-10.248,-38.789,-35.752,24.77,16.608,-31.449,-6.2474,-69.404,-63.32,-61.847,-37.364,-26.447
-6.0401,-37.305,-36.314,23.019,18.694,-30.106,-6.8167,-68.74,-59.441,-58.228,-35.712,-28.914
-3.4176,-35.276,-36.965,21.763,20.015,-28.446,-7.945,-68.901,-56.281,-54.546,-33.572,-30.449
-2.4397,-33.351,-38.839,20.97,20.676,-28.891,-9.6279,-70.105,-54.836,-53.34,-31.015,-30.698
-2.8519,-35.082,-44.317,20.412,20.906,-39.337,-11.815,-72.485,-54.837,-61.49,-29.714,-29.518
-4.3222,-49.061,-55.524,20.064,20.942,-56.24,-14.349,-76.062,-52.234,-74.297,-36.946,-27.108
-6.5863,-64.772,-64.848,21.236,20.666,-63.772,-16.969,-80.013,-41.901,-71.905,-52.835,-24.652
-9.3641,-68.572,-66.015,27.56,19.225,-64.981,-19.431,-76.857,-23.231,-59.862,-54.949,-26.055
-12.248,-64.175,-59.979,36.716,15.323,-59.059,-21.716,-63.774,3.9674,-41.629,-46.487,-30.921
-14.748,-51.53,-45.933,37.254,7.9764,-44.375,-23.69,-59.977,41.174,-16.636,-32.133,-27.409
-16.422,-29.923,-22.528,29.259,-3.4309,-20.083,-22.57,-66.291,79.497,16.327,-11.545,-18.208
-16.882,0.39849,10.531,15.614,-19.233,13.181,-21.02,-83.088,124.33,58.922,16.678,-4.9709
-15.764,37.849,50.586,-2.8163,-38.513,52.554,-24.441,-110.07,179.82,112.74,54.018,13.68
-12.815,79.161,92.948,-24.947,-58.567,93.932,-31.276,-147.48,225.98,177.88,100.39,38.808
-8.022,121.02,133.27,-49.304,-76.625,134.42,-41.218,-197.96,266.52,252.11,153.84,71.083
-1.6775,163.13,169.92,-75.501,-91.428,173.75,-55.069,-268.03,293.74,331.83,213.46,112.25
5.5796,207.43,203.39,-104.25,-102.99,212.46,-74.297,-366.9,296.35,412.19,279.63,164.02
13.035,253.96,234.81,-136.3,-112.3,251.09,-100.27,-500.9,262.75,486.86,351.71,224.41
23.617,301.84,266.08,-170.49,-120.97,290.8,-133.21,-671.78,184.94,549.51,427.14,289.53
51.639,350.95,299.22,-204.35,-130.67,332.34,-171.7,-883.58,62.58,595.27,501.34,356.49
66.99,400.05,334.93,-235.7,-142.27,375.13,-213.17,-1133.7,-95.733,621.45,568.87,421.14
71.534,445.58,371.25,-261.91,-155.35,416.6,-253.97,-1409.2,-273.92,627.48,623.59,477.03
68.074,481.65,403.51,-279.33,-168.81,451.86,-289.91,-1690.4,-453.69,613.13,658.43,516.51
55.759,500.91,426.06,-283.47,-181.74,474.33,-318.18,-1955.5,-622.71,576.89,665.7,531.79
34.576,496.36,434.51,-269.96,-193.4,477.67,-338.54,-2185.7,-777.54,515.05,638.05,516.24
5.0675,462.69,426.97,-235.46,-203.32,457.53,-352.52,-2368.3,-919.63,423.06,568.88,465.93
-34.302,397.93,403.91,-178.7,-211.65,412.63,-362.94,-2497.7,-1052.3,296.56,453.9,381.21
-88.533,304.3,367.67,-101.74,-219.16,345.55,-373.21,-2575.4,-1179.4,133.12,294.05,266.88
-156.18,188.93,321.99,-10.574,-226.76,262.45,-386.25,-2608,-1303.7,-64.558,98.307,131.26
-225.5,63.303,271.54,86,-234.72,172.08,-403.28,-2604.8,-1424.3,-285.45,-116.3,-13.986
-289.99,-58.687,221.11,178.08,-242.09,84.157,-423.66,-2573.3,-1534,-509.88,-327.33,-153.85
-343,-163.85,174.77,255.96,-246.58,7.4198,-445.74,-2517,-1620,-712.95,-511.76,-273.26
-378.07,-243.31,134.99,312.07,-245.49,-52.272,-467.41,-2435.1,-1668.1,-870.89,-650.63,-361.1
-391.02,-294.05,102.27,342.98,-237.29,-93.105,-486.41,-2325.6,-1668,-967.84,-733.39,-413.45
-381.8,-318.12,75.545,349.89,-222.24,-117.19,-500.69,-2188.4,-1617.8,-1000.5,-759.97,-434.17
-354.99,-320.65,52.541,337.46,-201.4,-128.59,-508.3,-2027.6,-1524.9,-978.04,-739.62,-431.01
-317.41,-307.59,30.758,311.74,-176.04,-131.15,-507.41,-1849.4,-1402,-917.11,-687.18,-411.18
-275.09,-284.45,8.9506,278.3,-147.7,-127.47,-496.28,-1660.2,-1262.9,-835.18,-618.23,-380.16
-232.14,-255.35,-11.087,241.36,-118.51,-119.07,-473.36,-1464.2,-1118.2,-745.58,-544.93,-341.72
-191.44,-223.11,-19.327,203.77,-90.604,-107.01,-438.5,-1265.4,-974.41,-655.69,-473.97,-298.81
-155.2,-189.43,-8.8394,167.72,-65.48,-86.394,-393.97,-1068.1,-834.93,-568.2,-407.33,-254.47
-124.9,-154.89,-4.9044,135.92,-44.054,-70.82,-343.81,-878.54,-701.99,-484.1,-346.08,-212.55
-100.36,-127.06,-6.8266,110.89,-26.878,-62.875,-292.6,-703.58,-577.58,-406.34,-293.26,-176.97
-79.657,-108.64,-8.268,91.679,-13.929,-56.479,-244.46,-549.39,-464.22,-338.74,-249.61,-148.18
-61.82,-94.582,-8.5979,76.418,-5.2396,-49.428,-201.86,-420.01,-365.05,-280.57,-210.75,-125.5
-47.84,-82.233,-7.926,64.511,-2.8457,-41.336,-165.13,-316.55,-283.17,-229.61,-174.01,-107.93
-39.145,-71.018,-6.402,55.767,-9.7014,-32.603,-132.98,-237.17,-219.87,-186.71,-141.18,-93.755
-36.18,-61.029,-4.2151,49.795,-16.888,-24.201,-103.64,-177.76,-173.22,-153.23,-115.3,-81.4
-38.846,-52.105,-1.6195,46.135,-20.395,-17.205,-76.943,-133.31,-139.22,-128.51,-97.124,-69.907
-45.004,-43.941,1.0531,43.443,-22.637,-11.978,-54.619,-99.204,-113.72,-110.53,-85.147,-58.857
-47.245,-36.673,3.4357,39.859,-24.23,-8.1653,-37.311,-72.056,-93.659,-97.07,-77.08,-47.248
-44.889,-30.226,5.2104,36.112,-25.038,-5.3194,-24.029,-49.714,-77.363,-86.27,-70.701,-36.917
-42.705,-24.329,6.1798,32.799,-24.85,-3.1631,-13.47,-31.052,-64.499,-76.724,-63.425,-30.261
-40.223,-19.063,6.2899,29.427,-23.56,-1.5452,-4.7152,-19.577,-58.669,-67.898,-54.915,-25.793
-36.583,-14.599,5.6048,25.741,-21.171,-0.36797,2.7954,-24.649,-58.475,-60.357,-48.782,-22.663
-31.571,-10.99,4.2735,21.853,-17.753,0.44827,9.0411,-24.278,-54.443,-54.166,-45.058,-20.63
-25.354,-8.1517,2.5203,18.031,-13.464,0.99058,12.911,-16.551,-48.894,-49.025,-42.518,-19.49
-18.333,-5.8678,0.64701,14.425,-8.6281,1.3816,16.015,-7.2028,-43.614,-44.695,-40.645,-18.961
-11.12,-3.8786,-0.98506,11.051,-3.774,1.786,19.931,1.7547,-38.94,-40.971,-39.175,-18.722
-4.4611,-2.0042,-2.0155,7.9302,0.45533,2.3682,24.104,9.8,-34.779,-37.67,-37.873,-18.511
0.95545,-0.20513,-2.175,5.1805,3.4371,3.2188,27.84,16.904,-30.964,-34.635,-36.552,-18.205
4.577,1.4223,-1.3737,3.0079,4.6583,4.3032,30.839,23.142,-27.396,-31.771,-35.13,-17.836
5.8307,2.6883,0.25638,1.6739,3.8104,5.4657,33.134,28.558,-24.077,-29.055,-33.647,-17.525
4.1388,3.3787,2.4074,1.45,0.94671,6.4914,34.905,33.16,-21.086,-26.527,-32.222,-17.393
-0.67277,3.3353,4.721,2.5358,-3.4616,7.1872,36.321,36.981,-18.501,-24.239,-30.983,-17.476
-8.051,2.5192,6.9118,4.9377,-8.7003,7.4463,37.47,40.125,-16.346,-22.218,-29.991,-17.716
-16.838,1.0378,8.8046,8.3718,-14.081,7.2731,38.353,42.766,-14.563,-20.436,-29.223,-18.009
-25.653,-0.87513,10.291,12.291,-19.045,6.7671,38.93,45.105,-13.033,-18.818,-28.589,-18.275
-33.266,-2.9164,11.285,16.048,-23.116,6.0747,39.148,47.31,-11.624,-17.277,-27.976,-18.513
-38.773,-4.784,11.72,19.089,-25.889,5.3279,38.951,49.468,-10.235,-15.749,-27.296,-18.797
-41.623,-6.2368,11.547,21.055,-27.086,4.6029,38.277,51.572,-8.8182,-14.206,-26.511,-19.223
-41.626,-7.1368,10.748,21.809,-26.586,3.9128,37.084,53.541,-7.3833,-12.656,-25.629,-19.837
-39.006,-7.4719,9.3528,21.422,-24.45,3.2304,35.377,55.275,-5.9699,-11.121,-24.685,-20.596
-34.461,-7.3479,7.4711,20.142,-20.975,2.523,33.234,56.699,-4.6215,-9.6198,-23.721,-21.374
-28.974,-6.9388,5.2786,18.314,-16.699,1.7872,30.804,57.804,-3.3507,-8.1393,-22.765,-22.005
-23.419,-6.402,2.9951,16.264,-12.272,1.0691,28.29,58.667,-2.1107,-6.6269,-21.82,-22.334
-18.39,-5.807,0.86736,14.217,-8.2605,0.45624,25.925,59.432,-0.79444,-5.0029,-20.857,-22.266
-14.269,-5.1262,-0.87955,12.262,-5.0024,0.045978,23.923,60.251,0.72293,-3.2005,-19.825,-21.802
-11.179,-4.2899,-2.1243,10.373,-2.5629,-0.095707,22.413,61.216,2.5198,-1.2094,-18.677,-21.051
-8.875,-3.2569,-2.8935,8.4634,-0.79001,0.036373,21.381,62.322,4.5846,0.9125,-17.391,-20.225
-6.8434,-2.0559,-3.3267,6.4725,0.58268,0.38436,20.661,63.486,6.8221,3.0687,-15.977,-19.595
-4.6331,-0.77844,-3.5922,4.4207,1.8297,0.85235,19.995,64.602,9.1036,5.1794,-14.467,-19.392
-2.1077,0.45912,-3.808,2.411,3.1344,1.3433,19.133,65.602,11.335,7.2276,-12.893,-19.697
0.56829,1.5489,-4.002,0.59737,4.5156,1.7903,17.928,66.484,13.505,9.2698,-11.257,-20.372
3.0462,2.4066,-4.1147,-0.84197,5.8066,2.1704,16.348,67.313,15.691,11.409,-9.5242,-21.081
4.8346,2.9763,-4.0328,-1.7288,6.678,2.4975,14.431,68.179,18.021,13.741,-7.6292,-21.41
5.3832,3.2281,-3.6404,-1.9158,6.722,2.7969,12.224,69.149,20.617,16.307,-5.5114,-21.016
4.2836,3.1544,-2.8756,-1.3233,5.6349,3.0738,9.7313,70.235,23.533,19.054,-3.1573,-19.729
1.4428,2.7621,-1.7681,0.027828,3.3979,3.2958,6.8861,71.378,26.718,21.846,-0.62572,-17.574
-2.8776,2.0693,-0.43948,2.0061,0.29002,3.4008,3.5848,72.477,30.022,24.519,1.9651,-14.741
-8.1336,1.1071,0.92653,4.3891,-3.2551,3.3229,-0.21244,73.431,33.234,26.937,4.4802,-11.515
-13.618,-0.074317,2.1265,6.9049,-6.7728,3.0201,-4.3812,74.173,36.159,29.047,6.818,-8.2119
-18.587,-1.393,2.9737,9.2711,-9.8135,2.4903,-8.5368,74.704,38.691,30.893,8.9521,-5.1037
-22.382,-2.7198,3.325,11.221,-11.968,1.7778,-12.018,75.104,40.872,32.605,10.952,-2.3565
-24.534,-3.8769,3.1052,12.524,-12.922,0.96997,-14.07,75.511,42.894,34.356,12.97,0.0096471
-24.813,-4.6791,2.322,13.026,-12.528,0.17591,-14.144,76.077,45.033,36.292,15.177,2.1006
-23.268,-5.0168,1.042,12.699,-10.842,-0.52214,-12.09,76.906,47.534,38.471,17.688,4.0579
-20.224,-4.9269,-0.66492,11.667,-8.0827,-1.1194,-8.21,78.004,50.511,40.842,20.502,5.9417
-16.171,-4.5709,-2.7589,10.148,-4.5558,-1.6892,-3.215,79.285,53.914,43.294,23.504,7.6646
-11.616,-4.1197,-5.2034,8.3566,-0.59702,-2.3219,1.9268,80.62,57.567,45.731,26.535,9.0335
-6.9724,-3.6443,-7.9018,6.4176,3.4603,-3.0492,6.2405,81.891,61.255,48.121,29.464,9.8736
-2.5071,-3.1068,-10.658,4.3558,7.3161,-3.8126,9.0209,83.029,64.805,50.482,32.225,10.136
1.69,-2.4344,-13.195,2.1627,10.749,-4.4846,10.047,84.01,68.111,52.83,34.814,9.9219
5.6915,-1.5471,-15.219,-0.16622,13.643,-4.9092,9.6387,84.851,71.142,55.138,37.257,9.4261
9.6558,-0.33418,-16.503,-2.6676,15.962,-4.944,8.5057,85.585,73.921,57.342,39.582,8.8615
13.69,1.285,-16.96,-5.3899,17.706,-4.5169,7.4795,86.258,76.5,59.364,41.789,8.378
17.721,3.2515,-16.663,-8.267,18.891,-3.6757,7.2148,86.905,78.925,61.139,43.839,8.014
21.444,5.3257,-15.82,-11.035,19.538,-2.5961,7.9119,87.543,81.231,62.639,45.657,7.7054
24.378,7.1458,-14.726,-13.289,19.694,-1.5422,9.2415,88.169,83.432,63.881,47.158,7.3582
26.002,8.3465,-13.699,-14.625,19.436,-0.78897,10.571,88.768,85.53,64.913,48.272,6.9392
25.955,8.6835,-13.003,-14.769,18.854,-0.53225,11.311,89.326,87.521,65.789,48.975,6.5186
24.167,8.1097,-12.775,-13.668,18.02,-0.82126,11.15,89.842,89.399,66.543,49.313,6.2312
20.885,6.7811,-12.972,-11.511,16.976,-1.545,10.116,90.336,91.162,67.184,49.402,6.1898
16.599,4.9956,-13.397,-8.6798,15.736,-2.4759,8.4816,90.828,92.804,67.7,49.396,6.4303
11.934,3.0998,-13.787,-5.6478,14.314,-3.354,6.6149,91.323,94.303,68.075,49.42,6.9475
7.5176,1.4043,-13.931,-2.8628,12.772,-3.9807,4.8435,91.79,95.615,68.294,49.514,7.7993
3.8714,0.12946,-13.761,-0.65692,11.244,-4.2822,3.3721,92.169,96.684,68.345,49.613,9.1599
1.3414,-0.61493,-13.354,0.79027,9.924,-4.3006,2.2335,92.391,97.47,68.22,49.603,11.253
0.063735,-0.82254,-12.861,1.439,9.0003,-4.1378,1.3083,92.403,97.957,67.925,49.398,14.251
-0.02833,-0.56989,-12.424,1.3579,8.5867,-3.8996,0.42288,92.188,98.157,67.484,48.993,18.208
0.84578,0.016419,-12.14,0.68187,8.6861,-3.6626,-0.5472,91.757,98.099,66.939,48.456,23.005
2.3849,0.80816,-12.047,-0.43252,9.1943,-3.456,-1.6394,91.152,97.83,66.351,47.897,28.333
4.2711,1.7178,-12.127,-1.8421,9.9361,-3.2582,-2.8367,90.432,97.413,65.779,47.434,33.728
6.2417,2.7053,-12.315,-3.432,10.729,-3.0135,-4.1162,89.668,96.932,65.278,47.164,38.669
8.1943,3.7507,-12.518,-5.1104,11.48,-2.6721,-5.4599,88.924,96.471,64.891,47.136,42.686
10.249,4.8164,-12.705,-6.7955,12.27,-2.2389,-6.8338,88.241,96.092,64.64,47.312,45.47
12.676,5.8299,-12.975,-8.4214,13.35,-1.7938,-8.167,87.619,95.805,64.518,47.566,46.946
15.742,6.7031,-13.539,-9.9604,15.017,-1.4603,-9.3575,87.018,95.57,64.485,47.729,47.286
19.554,7.3721,-14.601,-11.412,17.452,-1.3404,-10.304,86.378,95.313,64.475,47.666,46.851
23.944,7.8186,-16.213,-12.75,20.585,-1.4592,-10.946,85.633,94.956,64.423,47.35,46.089
28.408,8.0668,-18.173,-13.885,24.043,-1.7443,-11.284,84.726,94.44,64.287,46.889,45.39
32.171,8.1626,-20.043,-14.669,27.175,-2.0451,-11.406,83.621,93.742,64.064,46.468,44.985
34.37,8.1547,-21.277,-14.947,29.202,-2.1835,-11.51,82.293,92.868,63.787,46.252,44.9
34.329,8.0843,-21.396,-14.614,29.448,-2.0164,-11.87,80.723,91.832,63.501,46.287,45.007
31.816,7.9853,-20.143,-13.66,27.582,-1.4815,-12.755,78.883,90.636,63.231,46.493,45.11
27.126,7.8877,-17.569,-12.177,23.752,-0.60902,-14.297,76.737,89.262,62.967,46.716,45.029
20.986,7.8168,-14.015,-10.347,18.546,0.50004,-16.394,74.261,87.682,62.668,46.809,44.644
14.348,7.7901,-9.9919,-8.3997,12.795,1.712,-18.702,71.458,85.873,62.294,46.697,43.901
8.1429,7.8163,-6.0499,-6.5602,7.3306,2.8952,-20.736,68.369,83.833,61.818,46.398,42.797
3.0621,7.8963,-2.6674,-5.001,2.7988,3.9451,-22.026,65.054,81.574,61.234,45.998,41.375
-0.58793,8.0254,-0.17535,-3.8151,-0.43984,4.8003,-22.263,61.566,79.114,60.548,45.586,39.721
-2.8588,8.1954,1.3003,-3.0188,-2.3234,5.4495,-21.385,57.94,76.477,59.78,45.207,37.981
-4.0141,8.4021,1.8619,-2.5859,-3.0271,5.923,-19.579,54.188,73.684,58.946,44.837,36.347
-4.3666,8.655,1.7938,-2.4954,-2.8756,6.2717,-17.198,50.302,70.738,58.054,44.399,35.018
-4.1035,8.9797,1.4307,-2.7643,-2.2095,6.5464,-14.648,46.258,67.604,57.083,43.814,34.138
-3.1444,9.4126,0.99625,-3.4404,-1.1932,6.788,-12.304,42.031,64.212,55.99,43.04,33.752
-1.1692,9.9984,0.51819,-4.5923,0.2669,7.0254,-10.486,37.596,60.472,54.711,42.083,33.79
2.142,10.786,-0.11587,-6.3085,2.363,7.2755,-9.4297,32.94,56.31,53.175,40.959,34.067
6.7925,11.804,-1.0072,-8.6184,5.1563,7.5438,-9.2229,28.056,51.698,51.311,39.647,34.319
12.339,13.017,-2.1166,-11.374,8.4338,7.8314,-9.7271,22.96,46.679,49.058,38.085,34.263
17.987,14.312,-3.2406,-14.216,11.675,8.1457,-10.578,17.713,41.372,46.392,36.195,33.673
22.699,15.517,-4.0801,-16.656,14.164,8.4995,-11.293,12.432,35.936,43.331,33.928,32.456
25.389,16.445,-4.3516,-18.215,15.24,8.8972,-11.448,7.2607,30.51,39.928,31.284,30.669
25.29,16.962,-3.9026,-18.578,14.555,9.3196,-10.831,2.3321,25.172,36.252,28.322,28.484
22.296,17.022,-2.7782,-17.695,12.208,9.7234,-9.4813,-2.26,19.949,32.37,25.149,26.095
17.104,16.668,-1.2069,-15.782,8.7164,10.052,-7.6531,-6.4702,14.837,28.339,21.903,23.642
11.034,16.007,0.46376,-13.241,4.889,10.246,-5.7286,-10.307,9.8183,24.206,18.714,21.169
5.5625,15.173,1.8489,-10.594,1.6108,10.255,-4.114,-13.835,4.8699,20.001,15.646,18.631
1.8902,14.308,2.6168,-8.4192,-0.38192,10.044,-3.1207,-17.165,-0.039365,15.742,12.66,15.923
0.7569,13.544,2.5881,-7.1971,-0.65392,9.6191,-2.8605,-20.422,-4.9348,11.444,9.6444,12.927
2.3531,12.977,1.8126,-7.1033,0.82663,9.0424,-3.198,-23.687,-9.8123,7.1428,6.5153,9.579
6.0996,12.641,0.57905,-7.9469,3.5655,8.4265,-3.7972,-26.961,-14.622,2.9138,3.3222,5.9186
10.589,12.474,-0.6627,-9.2131,6.5485,7.8914,-4.2496,-30.173,-19.276,-1.1257,0.26083,2.0962
13.979,12.289,-1.448,-10.157,8.5854,7.5067,-4.2279,-33.225,-23.677,-4.8448,-2.4362,-1.6666
14.753,11.81,-1.4664,-10.047,8.8028,7.2551,-3.6055,-36.05,-27.754,-8.1417,-4.6662,-5.1456
12.311,10.787,-0.68078,-8.4304,6.9229,7.0342,-2.5037,-38.64,-31.481,-10.98,-6.5617,-8.1921
6.8584,9.0913,0.67932,-5.26,3.2349,6.6986,-1.233,-41.037,-34.871,-13.403,-8.4507,-10.788
-0.85853,6.7502,2.2404,-0.85477,-1.5912,6.1226,-0.14397,-43.294,-37.96,-15.526,-10.667,-13.049
-9.63,3.9386,3.6304,4.2166,-6.6931,5.2564,0.52062,-45.443,-40.782,-17.489,-13.314,-15.182
-17.985,0.95412,4.5787,9.2565,-11.244,4.1508,0.68929,-47.473,-43.357,-19.407,-16.172,-17.408
-24.697,-1.8375,4.972,13.58,-14.7,2.9437,0.43223,-49.347,-45.684,-21.319,-18.85,-19.881
-29.22,-4.1005,4.8711,16.725,-16.894,1.8142,-0.10983,-51.022,-47.758,-23.175,-21.047,-22.619
-31.646,-5.6418,4.4763,18.608,-17.962,0.92257,-0.79747,-52.473,-49.572,-24.87,-22.672,-25.461
-32.427,-6.4622,4.042,19.472,-18.215,0.36157,-1.5483,-53.69,-51.117,-26.296,-23.811,-28.084
-32.098,-6.7123,3.7714,19.684,-18.004,0.13548,-2.3537,-54.675,-52.385,-27.39,-24.628,-30.109
-31.103,-6.6015,3.7272,19.555,-17.598,0.17006,-3.244,-55.432,-53.362,-28.145,-25.279,-31.235
-29.718,-6.3117,3.794,19.237,-17.076,0.34337,-4.229,-55.966,-54.042,-28.598,-25.86,-31.332
-27.979,-5.9348,3.726,18.712,-16.273,0.52744,-5.2627,-56.281,-54.424,-28.8,-26.382,-30.463
-25.695,-5.4519,3.2715,17.855,-14.872,0.63172,-6.2493,-56.373,-54.522,-28.798,-26.783,-28.85
-22.682,-4.7692,2.3089,16.508,-12.642,0.63549,-7.074,-56.239,-54.364,-28.622,-26.965,-26.827
-18.965,-3.7908,0.91889,14.559,-9.6534,0.5929,-7.6354,-55.878,-53.989,-28.282,-26.843,-24.788
-14.804,-2.494,-0.62777,12.043,-6.2951,0.60727,-7.8695,-55.311,-53.447,-27.783,-26.399,-23.119
-10.631,-0.95493,-1.9509,9.2123,-3.128,0.79102,-7.7568,-54.585,-52.795,-27.146,-25.715,-22.114
-6.9579,0.6875,-2.6945,6.4326,-0.70234,1.2214,-7.3124,-53.765,-52.096,-26.43,-24.984,-21.884
-4.2344,2.2853,-2.6748,4.0233,0.61597,1.8994,-6.5664,-52.915,-51.406,-25.748,-24.453,-22.361
-2.6891,3.7116,-1.9638,2.1638,0.77827,2.7353,-5.545,-52.082,-50.772,-25.246,-24.321,-23.362
-2.2325,4.8721,-0.85733,0.87957,0.073609,3.5773,-4.2662,-51.274,-50.21,-25.051,-24.62,-24.65
-2.4898,5.7117,0.24494,0.073701,-0.98128,4.2644,-2.7528,-50.467,-49.695,-25.191,-25.185,-25.972
-2.9758,6.2126,0.98132,-0.39842,-1.8352,4.6802,-1.0598,-49.609,-49.165,-25.566,-25.719,-27.123
-3.3253,6.3828,1.1338,-0.63649,-2.0993,4.7823,0.69032,-48.637,-48.537,-25.967,-25.946,-28.032
-3.4307,6.249,0.66826,-0.65264,-1.6606,4.6061,2.2913,-47.498,-47.729,-26.156,-25.751,-28.808
-3.4074,5.8708,-0.27846,-0.42005,-0.67169,4.2518,3.4839,-46.152,-46.684,-25.95,-25.238,-29.709
-3.4625,5.3633,-1.439,0.04081,0.54401,3.8699,4.0369,-44.568,-45.374,-25.279,-24.657,-31.044
-3.7584,4.9018,-2.4783,0.61769,1.6218,3.6424,3.8497,-42.716,-43.793,-24.187,-24.238,-33.036
-4.3063,4.6995,-3.0843,1.1181,2.286,3.7571,3.0331,-40.563,-41.951,-22.787,-24.043,-35.593
-4.9337,4.9865,-3.0541,1.3106,2.4348,4.3836,1.9152,-38.083,-39.874,-21.212,-23.95,-38.045
-5.3462,6.0223,-2.3244,0.9718,2.1411,5.6692,0.95023,-35.27,-37.599,-19.578,-23.743,-39.223
-5.242,8.1394,-0.93352,-0.080825,1.5792,7.7505,0.56645,-32.141,-35.169,-17.963,-23.228,-38.101
-4.4132,11.706,1.0498,-1.9718,0.92747,10.755,1.0221,-28.735,-32.618,-16.407,-22.29,-34.305
-2.7883,16.887,3.5871,-4.7228,0.30215,14.768,2.324,-25.097,-29.965,-14.9,-20.898,-27.988
-0.42201,23.445,6.7003,-8.1936,-0.25444,19.797,4.2312,-21.284,-27.21,-13.384,-19.082,-19.645
2.5393,30.878,10.471,-12.123,-0.75413,25.747,6.3377,-17.366,-24.352,-11.767,-16.91,-10.1
5.8749,38.708,15.022,-16.242,-1.247,32.438,8.2096,-13.441,-21.401,-9.9608,-14.459,-0.37569
9.2851,46.61,20.481,-20.308,-1.8163,39.662,9.5458,-9.611,-18.39,-7.9199,-11.774,8.5399
12.413,54.473,26.891,-24.108,-2.5695,47.249,10.302,-5.959,-15.362,-5.6514,-8.8463,15.937
14.913,62.447,34.123,-27.48,-3.6335,55.093,10.704,-2.508,-12.349,-3.1825,-5.6033,21.55
16.464,70.863,41.859,-30.338,-5.1686,63.099,11.138,0.78855,-9.3427,-0.51397,-1.9516,25.531
16.714,79.829,49.704,-32.744,-7.3581,71.117,11.989,4.0209,-6.2921,2.3936,2.1504,28.256
15.327,88.704,57.314,-35.061,-10.323,78.876,13.479,7.2642,-3.1327,5.5823,6.6153,30.085
12.2,96.296,64.462,-37.976,-14.019,85.981,15.579,10.519,0.16915,9.0385,11.208,31.277
7.664,101.89,71.049,-41.868,-18.216,92.013,18.018,13.686,3.5862,12.665,15.622,32.071
2.4876,105.73,77.092,-45.952,-22.573,96.819,20.42,16.599,7.0337,16.304,19.616,32.709
-2.3444,108.61,82.669,-49.164,-26.702,100.67,22.477,19.08,10.396,19.782,23.102,33.347
-5.9193,111.44,87.824,-51.663,-30.209,104.09,24.051,20.986,13.55,22.945,26.138,34.029
-7.5684,114.89,92.502,-54.347,-32.715,107.55,25.184,22.224,16.385,25.676,28.846,34.737
-6.8963,119.29,96.565,-57.875,-33.886,111.31,26.024,22.738,18.819,27.907,31.32,35.422
-3.8218,124.6,99.875,-62.412,-33.52,115.4,26.726,22.515,20.82,29.64,33.595,36.036
1.3456,130.5,102.35,-67.751,-31.651,119.66,27.367,21.579,22.415,30.955,35.658,36.541
7.9138,136.54,104,-73.484,-28.609,123.88,27.912,19.997,23.679,31.994,37.482,36.934
14.941,142.27,104.85,-79.142,-24.969,127.81,28.212,17.87,24.692,32.926,39.047,37.24
21.419,147.34,104.97,-84.286,-21.374,131.22,28.046,15.303,25.491,33.873,40.348,37.495
26.496,151.54,104.41,-88.568,-18.317,133.93,27.195,12.386,26.038,34.857,41.393,37.713
29.709,154.76,103.21,-91.737,-16.006,135.8,25.525,9.1916,26.232,35.788,42.212,37.872
31.085,156.99,101.35,-93.668,-14.364,136.73,23.05,5.8109,25.97,36.515,42.848,37.931
31.094,158.24,98.741,-94.459,-13.125,136.62,19.933,2.3704,25.204,36.901,43.333,37.837
30.535,158.56,95.37,-94.482,-11.977,135.36,16.41,-0.98231,23.973,36.872,43.667,37.534
30.292,157.96,91.292,-94.261,-10.679,132.89,12.695,-4.126,22.364,36.409,43.807,36.967
30.971,156.5,86.613,-94.277,-9.0777,129.38,8.9375,-7.0159,20.463,35.507,43.676,36.071
32.791,154.28,81.419,-94.803,-7.0563,125.14,5.2389,-9.7112,18.291,34.127,43.173,34.775
35.802,151.51,75.717,-95.72,-4.5238,120.4,1.7,-12.365,15.791,32.188,42.2,32.999
39.735,148.12,69.428,-96.509,-1.4909,115.16,-1.5482,-15.171,12.85,29.585,40.657,30.665
43.684,143.69,62.474,-96.447,1.8137,109.2,-4.3402,-18.287,9.3622,26.242,38.46,27.728
46.456,137.69,54.897,-94.791,4.9221,102.17,-6.5006,-21.765,5.2919,22.171,35.56,24.208
47.023,129.64,46.938,-90.962,7.2812,93.87,-7.8962,-25.516,0.71007,17.516,31.993,20.207
44.698,119.33,38.978,-84.63,8.4528,84.438,-8.4867,-29.346,-4.2124,12.53,27.923,15.89
39.308,106.86,31.395,-75.672,8.2413,74.28,-8.3517,-33.021,-9.2466,7.5097,23.611,11.424
31.443,92.732,24.533,-64.267,6.763,63.897,-7.6902,-36.336,-14.163,2.7081,19.306,6.9291
22.301,77.646,18.721,-51.115,4.4447,53.718,-6.7976,-39.172,-18.788,-1.7291,15.153,2.4663
13.213,62.371,14.093,-37.463,1.9506,44.004,-6.0121,-41.511,-23.046,-5.7939,11.169,-1.9187
5.3594,47.672,10.367,-24.871,0.051243,34.83,-5.6392,-43.439,-26.968,-9.6065,7.2642,-6.1584
-0.24269,34.357,7.0005,-14.764,-0.55875,26.286,-5.8679,-45.108,-30.664,-13.357,3.3026,-10.154
-2.7832,23.216,3.5681,-7.9305,0.5164,18.702,-6.7033,-46.681,-34.25,-17.207,-0.80504,-13.785
-2.0601,14.816,0.018077,-4.2843,3.1446,12.498,-7.9475,-48.277,-37.787,-21.197,-5.0119,-16.927
1.0731,9.2568,-3.3321,-3.0156,6.5648,7.8474,-9.2519,-49.933,-41.25,-25.236,-9.124,-19.477
4.8348,6.0717,-5.9746,-2.9258,9.6088,4.6143,-10.229,-51.619,-44.566,-29.163,-12.895,-21.388
7.2413,4.3801,-7.4635,-2.8368,11.177,2.5029,-10.584,-53.284,-47.658,-32.84,-16.162,-22.694
6.9742,3.2358,-7.6468,-1.9284,10.657,1.1721,-10.207,-54.899,-50.491,-36.216,-18.91,-23.485
3.711,1.9451,-6.7605,0.15988,8.0865,0.27855,-9.2086,-56.48,-53.08,-39.32,-21.247,-23.869
-2.0531,0.16323,-5.3425,3.3533,4.0737,-0.50463,-7.8609,-58.072,-55.481,-42.232,-23.331,-23.914
-9.2144,-2.1667,-4.0343,7.2422,-0.39253,-1.4585,-6.5036,-59.718,-57.758,-45.028,-25.299,-23.604
-16.335,-4.9223,-3.3673,11.279,-4.2311,-2.7639,-5.4447,-61.411,-59.938,-47.733,-27.225,-22.841
-22.05,-7.8992,-3.6218,14.961,-6.6374,-4.4496,-4.9042,-63.082,-61.995,-50.302,-29.091,-21.508
-25.482,-10.875,-4.8036,17.93,-7.2944,-6.3891,-5.0074,-64.62,-63.857,-52.641,-30.808,-19.572
-26.396,-13.646,-6.7089,20.001,-6.2942,-8.3634,-5.8011,-65.927,-65.458,-54.653,-32.253,-17.165
-25.066,-16.056,-9.0087,21.168,-4.0065,-10.157,-7.2476,-66.965,-66.773,-56.294,-33.342,-14.615
-22.085,-18.042,-11.334,21.593,-1.0007,-11.643,-9.1959,-67.768,-67.836,-57.602,-34.081,-12.364
-18.294,-19.667,-13.394,21.554,2.0631,-12.822,-11.369,-68.431,-68.731,-58.685,-34.581,-10.816
-14.707,-21.089,-15.074,21.362,4.6185,-13.805,-13.411,-69.072,-69.562,-59.677,-35.016,-10.208
-12.232,-22.484,-16.406,21.279,6.3375,-14.754,-14.984,-69.791,-70.415,-60.688,-35.554,-10.575
-11.36,-23.956,-17.442,21.472,7.134,-15.812,-15.878,-70.634,-71.326,-61.758,-36.276,-11.808
-12.07,-25.512,-18.21,21.999,7.0964,-17.046,-16.056,-71.579,-72.272,-62.848,-37.151,-13.737
-13.925,-27.083,-18.761,22.795,6.4385,-18.416,-15.652,-72.546,-73.186,-63.859,-38.059,-16.198
-16.264,-28.579,-19.174,23.701,5.4678,-19.802,-14.939,-73.442,-73.991,-64.678,-38.867,-19.062
-18.402,-29.916,-19.538,24.521,4.5342,-21.069,-14.285,-74.203,-74.638,-65.232,-39.474,-22.245
-19.77,-31.041,-19.967,25.091,3.9739,-22.149,-14.075,-74.813,-75.126,-65.511,-39.847,-25.679
-20.023,-31.953,-20.606,25.313,4.053,-23.079,-14.595,-75.306,-75.493,-65.568,-40.013,-29.267
-19.1,-32.718,-21.59,25.188,4.8986,-23.981,-15.902,-75.728,-75.79,-65.491,-40.05,-32.862
-17.237,-33.457,-22.992,24.821,6.4463,-25.016,-17.735,-76.114,-76.047,-65.37,-40.069,-36.276
-14.91,-34.296,-24.794,24.392,8.4463,-26.314,-19.537,-76.461,-76.244,-65.268,-40.194,-39.31
-12.688,-35.301,-26.884,24.088,10.539,-27.919,-20.601,-76.718,-76.297,-65.2,-40.521,-41.807
-11.045,-36.44,-29.088,24.037,12.372,-29.75,-20.298,-76.803,-76.064,-65.129,-41.069,-43.685
-10.209,-37.598,-31.206,24.261,13.705,-31.618,-18.295,-76.629,-75.372,-64.969,-41.739,-44.953
-10.119,-38.61,-33.073,24.66,14.487,-33.281,-14.703,-76.15,-74.06,-64.605,-42.341,-45.702
-10.459,-39.303,-34.62,25.032,14.873,-34.542,-10.049,-75.396,-72.025,-63.915,-42.68,-46.066
-10.755,-39.523,-35.908,25.132,15.173,-35.319,-5.109,-74.509,-69.282,-62.779,-42.638,-46.156
-10.511,-39.144,-37.093,24.751,15.749,-35.635,-0.68146,-73.737,-66.009,-61.081,-42.193,-45.985
-9.3671,-38.066,-38.371,23.784,16.893,-35.566,2.6281,-73.406,-62.594,-58.716,-41.372,-45.434
-7.1856,-36.255,-39.949,22.232,18.784,-35.297,4.5328,-73.832,-59.672,-55.717,-40.178,-44.276
-4.0501,-34.044,-42.199,20.167,21.476,-35.697,5.0628,-75.237,-58.092,-52.758,-38.587,-42.273
-0.22495,-33.086,-46.124,17.689,24.839,-40.058,4.4749,-77.713,-58.167,-53.017,-36.903,-39.294
3.8792,-38.371,-53.615,14.94,28.445,-52.64,3.144,-81.1,-57.333,-64.163,-37.742,-35.509
7.7591,-54.234,-64.568,12.222,31.584,-64.155,1.4366,-83.716,-50.023,-75.648,-48.746,-32.134
10.914,-65.079,-71.607,10.401,33.516,-68.295,-0.45368,-76.37,-34.052,-70.362,-58.613,-31.692
12.943,-63.996,-71.155,11.483,33.784,-66.611,-2.6964,-63.753,-10.24,-56.67,-53.77,-30.384
13.605,-54.942,-63.665,15.591,31.965,-57.698,-5.6771,-60.996,23.464,-36.729,-41.527,-22.88
12.885,-38.222,-47.944,15.16,26.812,-40.259,-6.9946,-68.271,64.704,-9.8174,-23.027,-11.18
11.056,-13.862,-23.057,7.0439,16.829,-14.162,-7.1409,-86.26,105.58,25.378,2.3585,4.7319
8.7002,17.492,10.425,-5.6948,1.6312,19.463,-11.673,-114.76,158.27,70.805,35.681,26.159
6.559,54.771,50.211,-21.675,-18.049,58.464,-20.311,-153.97,205.7,128.57,77.905,54.185
5.275,96.741,92.994,-40.991,-40.686,100.26,-33.074,-206.83,248.34,199.52,129.54,89.84
5.2766,142.4,135.28,-64.612,-63.631,142.8,-50.882,-280.6,282.93,281.58,191.34,134.65
6.8818,190.8,174.78,-93.047,-83.603,185.31,-74.852,-384.5,299.56,368.99,263.82,188.84
10.147,240.79,211.36,-125.19,-99.101,227.89,-104.95,-523.32,286.46,452.83,344.09,249.88
15.251,291.56,246.41,-159.74,-111.01,270.76,-139.65,-698.84,233.52,524.06,426.32,314.88
31.075,342.07,281.12,-194.77,-120.81,313.69,-177.29,-915.09,136.11,576.6,505.06,380.26
49.025,390.25,315.47,-227.59,-129.66,355.53,-216.55,-1168.5,-2.4668,607.75,574.75,440.83
60.6,432.81,347.94,-255.06,-138.57,393.61,-255,-1445.9,-170.26,617.28,629.28,489.85
65.249,464.71,375.7,-273.39,-148.29,423.79,-289.43,-1728.3,-349.34,606.04,662.38,519.69
60.002,479.58,394.84,-277.91,-158.6,441.11,-317.32,-1994.6,-523.42,573.78,667.13,523.13
42.721,470.61,401.31,-263.66,-168.81,440.57,-337.89,-2226.2,-684.06,517.03,635.66,494.75
12.598,432.04,392.2,-226.64,-178.79,418.06,-352.07,-2410.4,-829.69,429.66,560.43,432.23
-29.973,361.6,366.85,-165.86,-189.01,371.98,-362.16,-2541.6,-963.35,305.31,437.56,337.43
-87.303,262.88,327.61,-84.837,-199.56,304.72,-371.3,-2620.9,-1091,141.24,270.03,216.61
-158.25,145.42,279.58,8.6673,-209.72,222.77,-382.56,-2654.8,-1218.3,-58.277,69.229,78.826
-226.11,22.536,228.8,104.41,-218.62,135.36,-397.8,-2652.1,-1345.8,-280.39,-146.13,-63.879
-285.16,-92.08,180.49,191.89,-225.29,52.205,-417.12,-2620.6,-1466.9,-504.89,-353.23,-196.47
-330.74,-187.3,138.04,262.39,-228.12,-18.861,-438.89,-2563.7,-1567.9,-707.68,-530.19,-304.87
-358.44,-256.31,102.58,310.1,-224.89,-73.334,-460.84,-2481,-1632.4,-866.13,-660.33,-380.43
-365.84,-297.38,73.173,333.31,-213.57,-110.61,-480.91,-2371.1,-1647.8,-964.82,-735.18,-421.68
-353.54,-313.7,47.919,334.63,-194.08,-133.14,-496.86,-2234.5,-1610.2,-999.98,-755.74,-433.26
-325.99,-311.74,24.863,319.81,-169,-144.81,-505.86,-2075.1,-1526,-979.83,-731.58,-423.21
-290.35,-298.28,2.6011,295.51,-141.76,-149.2,-504.69,-1899.2,-1408.2,-920.36,-677.57,-399.57
-253.67,-278.6,-18.856,267.12,-114.96,-148.69,-490.59,-1712.5,-1272,-839.04,-608.84,-368.55
-220.28,-255.36,-37.559,237.97,-90.287,-144.59,-462.33,-1519.1,-1129,-749.74,-536.64,-333.85
-190.57,-230.03,-49.37,209.31,-68.374,-137.66,-421.05,-1321.8,-985.8,-660.33,-466.91,-297.05
-162.47,-203.86,-47.682,181.33,-48.948,-128.05,-370.24,-1124.1,-845.78,-573.83,-402.02,-259.38
-134.8,-178.02,-39.321,154.46,-31.459,-116.4,-314.99,-931.25,-711.37,-491.44,-343.6,-223.5
-107.84,-154.68,-36.095,129.98,-15.506,-104.6,-260.68,-750.14,-585.35,-415.8,-293.83,-193.37
-82.001,-135.42,-36.525,108.27,-0.89842,-95.258,-211.58,-587.92,-470.81,-349.77,-251.44,-170.36
-57.251,-118.82,-38.001,88.502,11.265,-87.635,-169.44,-450.17,-370.82,-291.66,-212.18,-152.88
-34.941,-103.35,-39.16,70.837,16.692,-80.426,-133.48,-339.27,-288.4,-239.54,-175.27,-138.58
-18.364,-89,-39.045,56.708,15.894,-72.997,-102.29,-253.98,-224.74,-195.27,-143.36,-125.83
-9.9088,-76.667,-37.055,47.105,15.189,-65.119,-75.544,-190.22,-177.75,-160.75,-118.48,-114.27
-9.2433,-66.726,-33.115,41.761,14.016,-56.737,-53.134,-142.77,-143.37,-135.12,-100.46,-104.14
-13.872,-58.702,-27.582,39.457,10.849,-47.96,-34.669,-106.69,-117.49,-116.21,-87.928,-94.836
-19.365,-51.794,-21.104,38.27,5.7005,-39.159,-19.941,-78.26,-97.108,-101.93,-79.089,-84.721
-23.146,-45.295,-14.479,35.737,-0.53181,-30.968,-8.5598,-55.074,-80.502,-90.569,-72.048,-73.667
-27.733,-39.107,-8.4528,32.089,-6.7075,-24.011,0.5949,-35.733,-67.061,-80.751,-64.403,-64.353
-32.362,-33.786,-3.6277,29.791,-11.804,-18.566,8.3781,-20.612,-58.396,-71.401,-55.079,-58.473
-35.149,-29.44,-0.42251,28.357,-15.077,-14.552,14.327,-18.776,-57.055,-62.815,-48.104,-55.545
-35.432,-25.859,1.0014,26.946,-16.171,-11.761,17.681,-21.047,-54.436,-55.977,-44.004,-54.761
-33.279,-22.959,0.80832,25.333,-15.15,-9.9639,19.492,-14.81,-49.667,-50.587,-41.262,-55.412
-29.201,-20.683,-0.57031,23.542,-12.468,-8.93,20.274,-5.3018,-44.853,-46.23,-39.258,-56.658
-24.062,-18.932,-2.5864,21.7,-8.8533,-8.4456,20.24,4.3624,-40.631,-42.667,-37.758,-57.521
-18.894,-17.597,-4.7028,19.966,-5.0864,-8.3161,19.712,13.078,-37.098,-39.729,-36.578,-57.154
-14.592,-16.586,-6.4775,18.469,-1.8292,-8.3743,19.048,20.474,-34.233,-37.293,-35.571,-55.169
-11.701,-15.824,-7.6286,17.264,0.4579,-8.4843,18.559,26.483,-31.995,-35.27,-34.664,-51.758
-10.343,-15.25,-8.0758,16.328,1.5879,-8.5451,18.46,31.209,-30.321,-33.586,-33.845,-47.439
-10.221,-14.807,-7.9245,15.575,1.6822,-8.4993,18.833,34.865,-29.115,-32.169,-33.102,-42.714
-10.737,-14.439,-7.3937,14.9,1.1112,-8.3394,19.604,37.731,-28.243,-30.957,-32.412,-38.027
-11.228,-14.1,-6.7464,14.219,0.37554,-8.1055,20.553,40.096,-27.558,-29.908,-31.768,-33.88
-11.228,-13.761,-6.2485,13.509,-0.0482,-7.8697,21.397,42.227,-26.911,-28.983,-31.186,-30.781
-10.596,-13.421,-6.1221,12.813,0.13891,-7.7087,21.872,44.343,-26.164,-28.125,-30.682,-28.971
-9.489,-13.096,-6.4823,12.233,0.97807,-7.6763,21.788,46.582,-25.207,-27.255,-30.253,-28.194
-8.2968,-12.812,-7.2868,11.885,2.2363,-7.7844,21.063,48.977,-23.978,-26.289,-29.872,-27.783
-7.5268,-12.586,-8.3257,11.862,3.4641,-7.9939,19.768,51.456,-22.469,-25.173,-29.492,-26.975
-7.6049,-12.414,-9.2706,12.183,4.171,-8.2235,18.162,53.876,-20.728,-23.908,-29.064,-25.202
-8.6952,-12.271,-9.7819,12.767,4.023,-8.3731,16.655,56.085,-18.837,-22.552,-28.552,-22.193
-10.637,-12.121,-9.6317,13.44,2.9419,-8.3529,15.669,57.963,-16.893,-21.2,-27.934,-17.961
-12.978,-11.922,-8.7919,13.987,1.1245,-8.1096,15.49,59.446,-14.985,-19.951,-27.182,-12.777
-15.083,-11.621,-7.4461,14.213,-0.99587,-7.6516,16.168,60.531,-13.173,-18.873,-26.264,-7.0983
-16.313,-11.187,-5.9296,13.967,-2.8658,-7.061,17.492,61.256,-11.483,-17.983,-25.169,-1.4746
-16.225,-10.643,-4.6285,13.189,-3.9841,-6.4825,19.056,61.685,-9.9019,-17.245,-23.93,3.5562
-14.733,-10.082,-3.8646,11.942,-4.0589,-6.0807,20.398,61.902,-8.3765,-16.56,-22.608,7.5793
-12.132,-9.6321,-3.8008,10.428,-3.0886,-5.9771,21.178,62.026,-6.806,-15.77,-21.244,10.401
-8.9996,-9.387,-4.4076,8.9332,-1.3379,-6.1982,21.305,62.211,-5.0468,-14.67,-19.817,12.08
-6.0189,-9.3692,-5.5015,7.7555,0.77479,-6.6714,20.956,62.623,-2.9471,-13.052,-18.23,12.863
-3.7764,-9.5357,-6.8286,7.1198,2.8255,-7.2724,20.429,63.388,-0.39905,-10.77,-16.34,13.021
-2.6075,-9.8162,-8.1638,7.111,4.5138,-7.8864,19.913,64.548,2.621,-7.8001,-13.994,12.702
-2.5119,-10.143,-9.3977,7.645,5.7411,-8.447,19.376,66.042,6.0454,-4.2612,-11.076,11.893
-3.1711,-10.462,-10.565,8.4959,6.6069,-8.9437,18.609,67.733,9.7397,-0.38724,-7.5498,10.532
-4.08,-10.731,-11.769,9.3755,7.3216,-9.4027,17.32,69.444,13.539,3.5499,-3.5359,8.6402
-4.7486,-10.914,-13.055,10.028,8.0764,-9.8494,15.278,71.009,17.28,7.3195,0.65313,6.3475
-4.8709,-10.988,-14.334,10.295,8.9366,-10.277,12.577,72.309,20.819,10.787,4.5833,3.8369
-4.3784,-10.935,-15.398,10.132,9.8065,-10.637,9.8184,73.294,24.057,13.932,7.8745,1.2965
-3.3916,-10.745,-16.002,9.5877,10.48,-10.842,7.9026,73.989,26.967,16.821,10.356,-1.0811
-2.1287,-10.412,-15.952,8.7591,10.752,-10.793,7.5971,74.487,29.595,19.554,12.111,-3.0774
-0.81289,-9.9294,-15.199,7.7463,10.523,-10.421,9.2008,74.919,32.039,22.212,13.408,-4.4439
0.39001,-9.2769,-13.891,6.6255,9.8607,-9.7321,12.453,75.415,34.42,24.826,14.585,-4.9287
1.3875,-8.4282,-12.35,5.4531,8.978,-8.8243,16.614,76.068,36.856,27.386,15.929,-4.3207
2.1267,-7.4017,-10.951,4.3068,8.1442,-7.8657,20.671,76.923,39.465,29.884,17.587,-2.4893
2.5384,-6.307,-9.9913,3.3227,7.5693,-7.0352,23.644,77.982,42.36,32.338,19.531,0.59566
2.5325,-5.315,-9.6126,2.6619,7.3362,-6.4643,24.868,79.214,45.632,34.791,21.592,4.8595
2.0797,-4.5657,-9.7959,2.4108,7.4143,-6.202,24.117,80.569,49.319,37.282,23.549,10.111
1.3081,-4.0904,-10.417,2.5001,7.7299,-6.2137,21.584,81.981,53.359,39.799,25.218,16.031
0.53057,-3.8055,-11.312,2.7089,8.2407,-6.4033,17.833,83.374,57.562,42.255,26.512,22.203
0.1908,-3.564,-12.327,2.7431,8.9723,-6.648,13.718,84.666,61.634,44.498,27.478,28.207
0.75174,-3.205,-13.354,2.3263,10,-6.8304,10.117,85.788,65.277,46.371,28.276,33.699
2.5575,-2.5841,-14.338,1.2599,11.396,-6.8627,7.5356,86.696,68.293,47.771,29.131,38.446
5.7167,-1.6143,-15.268,-0.53392,13.176,-6.7092,5.9984,87.376,70.641,48.694,30.217,42.305
10.054,-0.30698,-16.145,-2.98,15.275,-6.3966,5.2586,87.848,72.437,49.248,31.572,45.188
15.141,1.2159,-16.965,-5.8477,17.553,-6.0028,4.9806,88.163,73.907,49.639,33.075,47.047
20.377,2.7473,-17.726,-8.7898,19.809,-5.635,4.8309,88.39,75.316,50.106,34.524,47.893
25.1,4.0527,-18.45,-11.415,21.827,-5.4077,4.4949,88.595,76.873,50.828,35.759,47.826
28.715,4.9406,-19.194,-13.376,23.422,-5.4179,3.6808,88.822,78.67,51.859,36.742,47.03
30.827,5.3154,-20.001,-14.451,24.488,-5.7111,2.1875,89.087,80.673,53.129,37.561,45.751
31.339,5.188,-20.871,-14.587,25.022,-6.2587,-0.023022,89.387,82.767,54.497,38.363,44.247
30.449,4.6426,-21.746,-13.881,25.106,-6.9626,-2.8474,89.71,84.817,55.832,39.276,42.738
28.552,3.7904,-22.538,-12.542,24.857,-7.6926,-6.1126,90.043,86.713,57.05,40.352,41.379
26.119,2.7409,-23.157,-10.83,24.399,-8.3342,-9.6038,90.368,88.396,58.121,41.548,40.239
23.613,1.5944,-23.548,-9.0202,23.861,-8.8221,-13.044,90.671,89.856,59.056,42.76,39.316
21.427,0.44167,-23.71,-7.3399,23.376,-9.1439,-16.083,90.938,91.124,59.876,43.864,38.566
19.804,-0.63609,-23.7,-5.9257,23.058,-9.319,-18.345,91.154,92.242,60.596,44.762,37.952
18.799,-1.5671,-23.585,-4.8221,22.946,-9.3673,-19.535,91.306,93.247,61.222,45.413,37.469
18.276,-2.2913,-23.374,-3.9895,22.953,-9.2865,-19.525,91.386,94.16,61.76,45.843,37.152
17.911,-2.7658,-22.975,-3.3218,22.858,-9.0521,-18.38,91.385,94.975,62.219,46.137,37.048
17.245,-2.9771,-22.216,-2.6846,22.332,-8.6352,-16.365,91.294,95.667,62.609,46.411,37.184
15.8,-2.9503,-20.911,-1.955,21.048,-8.0202,-13.938,91.097,96.203,62.945,46.776,37.533
13.249,-2.7404,-18.952,-1.0519,18.813,-7.208,-11.673,90.779,96.565,63.246,47.307,37.995
9.551,-2.3996,-16.349,0.032636,15.649,-6.2052,-10.067,90.335,96.758,63.539,48.025,38.412
5.0121,-1.9444,-13.238,1.2051,11.769,-5.0108,-9.3321,89.78,96.811,63.86,48.898,38.621
0.23961,-1.3467,-9.8534,2.2668,7.5551,-3.6186,-9.3213,89.157,96.775,64.243,49.862,38.505
-3.9546,-0.54858,-6.5051,2.9536,3.5748,-2.046,-9.6424,88.514,96.709,64.707,50.841,38.037
-6.6996,0.5131,-3.5721,3.0088,0.52154,-0.36214,-9.8592,87.879,96.655,65.231,51.761,37.275
-7.2855,1.8796,-1.4399,2.2474,-0.98702,1.3246,-9.6766,87.24,96.621,65.756,52.555,36.341
-5.4249,3.5511,-0.36374,0.60927,-0.62882,2.9129,-9.037,86.547,96.572,66.215,53.183,35.403
-1.4009,5.4807,-0.35169,-1.8056,1.4741,4.3433,-8.1108,85.734,96.449,66.552,53.629,34.647
4.0131,7.5805,-1.1416,-4.7515,4.7378,5.6046,-7.2009,84.74,96.183,66.736,53.914,34.238
9.7969,9.7337,-2.2747,-7.8956,8.3003,6.7281,-6.6006,83.512,95.712,66.756,54.084,34.279
14.924,11.811,-3.2278,-10.89,11.315,7.7775,-6.4593,82.015,94.991,66.608,54.208,34.788
18.582,13.685,-3.5731,-13.426,13.185,8.8222,-6.7234,80.222,93.991,66.286,54.348,35.704
20.427,15.255,-3.1141,-15.284,13.683,9.9038,-7.1823,78.109,92.689,65.775,54.52,36.901
20.707,16.48,-1.9344,-16.39,12.977,11.017,-7.5854,75.642,91.061,65.048,54.662,38.215
20.101,17.408,-0.34166,-16.871,11.539,12.111,-7.7693,72.787,89.078,64.082,54.642,39.476
19.39,18.137,1.254,-17.008,9.9832,13.096,-7.7346,69.522,86.713,62.86,54.303,40.535
19.142,18.723,2.479,-17.066,8.8555,13.864,-7.6423,65.86,83.946,61.379,53.527,41.286
19.496,19.127,3.1122,-17.144,8.4325,14.318,-7.7201,61.859,80.783,59.661,52.296,41.664
20.144,19.248,3.1407,-17.141,8.6456,14.408,-8.1194,57.633,77.272,57.753,50.703,41.645
20.525,18.987,2.7346,-16.829,9.1525,14.15,-8.8084,53.329,73.514,55.718,48.923,41.241
20.079,18.292,2.1573,-15.979,9.4939,13.616,-9.5716,49.075,69.622,53.61,47.132,40.504
18.432,17.192,1.6614,-14.493,9.2767,12.895,-10.111,44.909,65.656,51.432,45.428,39.522
15.522,15.79,1.3988,-12.453,8.332,12.067,-10.187,40.737,61.56,49.121,43.788,38.425
11.701,14.237,1.3704,-10.097,6.7883,11.187,-9.7262,36.356,57.178,46.569,42.094,37.36
7.6405,12.696,1.4485,-7.748,5.0012,10.303,-8.8805,31.55,52.347,43.687,40.21,36.448
4.0407,11.309,1.4718,-5.7214,3.3736,9.4546,-7.9831,26.209,47.014,40.48,38.066,35.734
1.3814,10.176,1.3477,-4.2294,2.1925,8.6732,-7.423,20.401,41.28,37.062,35.699,35.152
-0.16547,9.3306,1.0803,-3.3302,1.5666,7.9759,-7.493,14.347,35.353,33.603,33.238,34.542
-0.6742,8.7274,0.70831,-2.943,1.472,7.3576,-8.2788,8.3198,29.435,30.258,30.815,33.686
-0.32838,8.2594,0.22237,-2.9036,1.8638,6.7779,-9.6155,2.5323,23.648,27.09,28.448,32.369
0.68935,7.8012,-0.47574,-3.0285,2.7592,6.1592,-11.127,-2.9061,18.025,24.066,25.975,30.429
2.2193,7.2588,-1.5328,-3.1687,4.2119,5.4155,-12.348,-7.9724,12.551,21.087,23.127,27.795
4.0913,6.6067,-3.041,-3.2466,6.2069,4.5057,-12.894,-12.675,7.2194,18.059,19.74,24.495
6.0991,5.8963,-4.941,-3.2565,8.5828,3.4768,-12.597,-17.016,2.0576,14.949,15.926,20.635
8.0015,5.2318,-6.9943,-3.2317,11.039,2.4661,-11.554,-20.983,-2.883,11.799,12.024,16.376
9.5461,4.7248,-8.8392,-3.2035,13.201,1.659,-10.09,-24.581,-7.5636,8.6819,8.3805,11.977
10.523,4.4542,-10.097,-3.1858,14.704,1.2255,-8.6419,-27.857,-11.99,5.6428,5.1722,7.829
10.829,4.4544,-10.478,-3.1923,15.282,1.2674,-7.6346,-30.897,-16.218,2.6596,2.3703,4.3993
10.51,4.7288,-9.87,-3.256,14.835,1.791,-7.3571,-33.804,-20.327,-0.34283,-0.20095,2.1033
9.7325,5.2625,-8.3697,-3.4188,13.464,2.7104,-7.8535,-36.661,-24.385,-3.4438,-2.7571,1.1658
8.7219,6.0155,-6.2605,-3.6972,11.429,3.8752,-8.8594,-39.509,-28.414,-6.6733,-5.442,1.5385
7.6322,6.9043,-3.898,-4.0459,9.0316,5.1161,-9.8605,-42.334,-32.372,-9.9846,-8.2599,2.9096
6.3947,7.7973,-1.5522,-4.3318,6.4818,6.2913,-10.281,-45.069,-36.164,-13.262,-11.078,4.8148
4.7121,8.5357,0.67136,-4.3465,3.8339,7.3142,-9.7141,-47.614,-39.671,-16.362,-13.692,6.8033
2.2592,8.9683,2.764,-3.8721,1.0264,8.1499,-8.0759,-49.858,-42.786,-19.158,-15.93,8.5541
-1.0919,8.9813,4.7052,-2.7656,-1.9831,8.7881,-5.6245,-51.719,-45.458,-21.598,-17.73,9.8829
-5.154,8.5159,6.4198,-1.0127,-5.0763,9.2078,-2.8626,-53.175,-47.705,-23.713,-19.166,10.697
-9.416,7.5798,7.7741,1.2541,-7.9173,9.3602,-0.38516,-54.264,-49.609,-25.607,-20.397,10.98
-13.123,6.2553,8.5876,3.7558,-10.032,9.1901,1.2837,-55.064,-51.263,-27.386,-21.559,10.781
-15.467,4.7008,8.6831,6.1103,-10.974,8.6835,1.8031,-55.649,-52.724,-29.102,-22.678,10.17
-15.971,3.1276,7.9829,7.9664,-10.532,7.9008,1.0433,-56.056,-53.98,-30.711,-23.654,9.1978
-14.921,1.7355,6.6152,9.1933,-8.9388,6.9714,-0.91609,-56.282,-54.966,-32.094,-24.318,7.9025
-13.371,0.63146,4.955,9.9827,-6.9192,6.0641,-3.7487,-56.297,-55.603,-33.105,-24.521,6.3448
-12.635,-0.198,3.5471,10.747,-5.4229,5.3509,-6.8622,-56.078,-55.843,-33.632,-24.223,4.6236
-13.664,-0.82665,2.9255,11.849,-5.2448,4.9736,-9.4929,-55.633,-55.693,-33.649,-23.533,2.8434
-16.679,-1.2992,3.4044,13.366,-6.7433,5.0156,-10.9,-55.015,-55.229,-33.236,-22.669,1.071
-21.148,-1.5729,4.9482,15.012,-9.7142,5.4842,-10.563,-54.312,-54.573,-32.564,-21.852,-0.67529
-25.969,-1.531,7.1972,16.29,-13.44,6.3121,-8.3286,-53.609,-53.861,-31.834,-21.231,-2.4011
-29.773,-1.0556,9.6243,16.777,-16.908,7.3912,-4.4635,-52.961,-53.204,-31.206,-20.873,-4.1011
-31.259,-0.049449,11.723,16.206,-19.152,8.6293,0.39795,-52.373,-52.659,-30.757,-20.797,-5.7389
-29.723,1.5543,13.156,14.433,-19.631,9.9809,5.4239,-51.807,-52.225,-30.47,-20.995,-7.2542
-25.449,3.7081,13.837,11.559,-18.393,11.421,9.7962,-51.201,-51.853,-30.265,-21.416,-8.5897
-19.506,6.1906,13.931,8.0084,-15.974,12.898,12.922,-50.492,-51.455,-30.04,-21.938,-9.727
-13.313,8.6456,13.748,4.4287,-13.164,14.307,14.575,-49.634,-50.942,-29.715,-22.397,-10.715
-8.225,10.689,13.588,1.485,-10.727,15.499,14.866,-48.618,-50.253,-29.265,-22.67,-11.675
-5.1754,12.026,13.605,-0.35732,-9.1467,16.308,14.081,-47.49,-49.388,-28.738,-22.752,-12.763
-4.4562,12.54,13.716,-0.98487,-8.5063,16.604,12.516,-46.336,-48.402,-28.221,-22.761,-14.099
-5.6573,12.312,13.638,-0.65383,-8.5001,16.343,10.349,-45.24,-47.371,-27.792,-22.855,-15.676
-7.812,11.588,13.072,0.16834,-8.6161,15.611,7.5991,-44.225,-46.334,-27.46,-23.124,-17.348
-9.8057,10.698,11.931,1.0405,-8.4118,14.609,4.2177,-43.24,-45.272,-27.151,-23.514,-18.887
-10.882,9.954,10.406,1.6569,-7.6804,13.605,0.27368,-42.174,-44.116,-26.733,-23.826,-20.1
-10.785,9.5799,8.8598,1.8192,-6.4647,12.869,-3.9494,-40.894,-42.764,-26.047,-23.771,-20.911
-9.5833,9.6858,7.6826,1.4307,-4.9699,12.618,-7.9628,-39.27,-41.109,-24.945,-23.058,-21.374
-7.5389,10.297,7.1912,0.5101,-3.4413,13.018,-11.137,-37.194,-39.055,-23.309,-21.476,-21.616
-5.035,11.401,7.6086,-0.83425,-2.0899,14.234,-12.815,-34.589,-36.549,-21.079,-18.998,-21.754
-2.4705,13.011,9.1077,-2.4421,-1.0678,16.487,-12.468,-31.429,-33.603,-18.264,-15.817,-21.832
-0.19542,15.23,11.839,-4.14,-0.46596,20.072,-9.8746,-27.749,-30.295,-14.941,-12.273,-21.796
1.5381,18.301,15.848,-5.7891,-0.3544,25.193,-5.1973,-23.662,-26.732,-11.219,-8.7412,-21.508
2.582,22.588,21.004,-7.3174,-0.87254,31.667,1.0905,-19.339,-22.999,-7.2046,-5.564,-20.81
2.8177,28.444,27.16,-8.7046,-2.2785,38.976,8.3482,-14.951,-19.146,-3.0286,-2.7901,-19.592
2.0946,36.025,34.285,-9.947,-4.858,46.71,15.861,-10.597,-15.199,1.1949,0.05794,-17.841
0.29518,45.114,42.369,-11.069,-8.7513,54.755,22.933,-6.2723,-11.153,5.4785,3.6937,-15.641
-2.512,55.125,51.325,-12.187,-13.85,63.166,29.06,-1.9166,-6.9609,9.9474,8.5815,-13.131
-5.9762,65.386,60.907,-13.559,-19.792,71.979,34.038,2.5052,-2.5779,14.684,14.62,-10.421
-9.5118,75.412,70.687,-15.531,-26.022,81.011,37.848,6.9321,1.9739,19.621,21.122,-7.5071
-12.441,84.86,80.101,-18.425,-31.882,89.771,40.484,11.2,6.5878,24.555,27.135,-4.228
-14.157,93.459,88.566,-22.435,-36.697,97.66,41.938,15.094,11.108,29.249,31.937,-0.35565
-14.284,101.14,95.669,-27.603,-39.903,104.36,42.243,18.431,15.387,33.525,35.343,4.2872
-12.771,108.09,101.31,-33.81,-41.249,110,41.49,21.108,19.329,37.307,37.648,9.7759
-9.901,114.66,105.68,-40.756,-40.91,115,39.833,23.111,22.894,40.584,39.372,16.03
-6.1764,121.14,109.11,-47.958,-39.398,119.86,37.504,24.479,26.069,43.361,40.989,22.759
-2.16,127.65,111.82,-54.907,-37.365,124.93,34.767,25.274,28.838,45.617,42.764,29.502
1.6557,134.09,113.88,-61.27,-35.422,130.08,31.819,25.54,31.149,47.307,44.717,35.767
4.9589,140.16,115.31,-66.939,-33.947,134.79,28.695,25.279,32.91,48.392,46.671,41.159
7.698,145.47,116.2,-71.927,-32.912,138.48,25.244,24.444,34.017,48.861,48.328,45.447
10.059,149.67,116.52,-76.257,-31.918,140.92,21.24,22.974,34.411,48.738,49.367,48.589
12.338,152.61,116.11,-79.901,-30.454,142.15,16.549,20.866,34.135,48.097,49.619,50.774
14.766,154.34,114.79,-82.809,-28.214,142.34,11.293,18.225,33.355,47.075,49.209,52.406
17.394,155.1,112.53,-84.961,-25.235,141.68,5.8915,15.253,32.31,45.888,48.522,53.969
20.071,155.17,109.55,-86.43,-21.823,140.43,0.96283,12.177,31.226,44.786,47.992,55.819
22.532,154.85,106.23,-87.399,-18.391,138.87,-2.8815,9.1597,30.228,43.967,47.877,58.035
24.537,154.37,103.02,-88.14,-15.351,137.29,-5.2234,6.2535,29.282,43.464,48.179,60.421
25.958,153.85,100.28,-88.943,-13.034,135.78,-5.9497,3.3974,28.21,43.108,48.708,62.613
26.799,153.29,98.195,-90.005,-11.613,134.28,-5.2706,0.46316,26.759,42.582,49.186,64.232
27.153,152.54,96.667,-91.256,-11.052,132.54,-3.6548,-2.6824,24.697,41.54,49.306,64.989
27.152,151.37,95.34,-92.211,-11.144,130.35,-1.7019,-6.1159,21.913,39.717,48.769,64.743
26.896,149.48,93.701,-92.133,-11.598,127.58,0.023403,-9.8123,18.46,37.02,47.355,63.503
26.357,146.54,91.313,-90.428,-12.145,124.28,1.1454,-13.642,14.532,33.564,45.032,61.376
25.339,142.12,87.992,-86.708,-12.627,120.38,1.5545,-17.419,10.379,29.636,42.005,58.479
23.515,135.64,83.792,-80.675,-13.014,115.58,1.3741,-20.984,6.2085,25.579,38.63,54.857
20.561,126.64,78.874,-72.189,-13.365,109.5,0.85413,-24.264,2.1235,21.658,35.203,50.449
16.289,114.97,73.392,-61.413,-13.754,101.93,0.25359,-27.29,-1.8744,17.989,31.777,45.163
10.748,100.91,67.465,-48.975,-14.219,92.865,-0.25536,-30.163,-5.841,14.537,28.143,39.022
4.2571,85.137,61.18,-36.019,-14.734,82.631,-0.64094,-32.993,-9.8382,11.165,23.979,32.235
-2.6219,68.616,54.621,-23.905,-15.219,71.742,-0.99494,-35.845,-13.898,7.7053,19.065,25.136
-9.1977,52.511,47.894,-13.626,-15.57,60.795,-1.455,-38.723,-18.018,4.0242,13.419,18.064
-14.816,38.034,41.127,-5.5474,-15.686,50.354,-2.1203,-41.574,-22.17,0.071231,7.3136,11.28
-19.017,26.039,34.456,0.43937,-15.492,40.836,-3.0051,-44.332,-26.327,-4.1151,1.1871,4.9482
-21.639,16.709,28.013,4.7393,-14.948,32.413,-4.0392,-46.947,-30.464,-8.4327,-4.5329,-0.86468
-22.841,9.6742,21.972,7.875,-14.057,24.958,-5.1001,-49.394,-34.55,-12.751,-9.5836,-6.1534
-23.048,4.5237,16.571,10.245,-12.882,18.244,-6.0571,-51.668,-38.534,-16.943,-13.914,-10.918
-22.777,1.0973,12.008,12.098,-11.536,12.463,-6.8207,-53.781,-42.344,-20.909,-17.624,-15.128
-22.446,-1.1331,8.2914,13.711,-10.147,8.0749,-7.4255,-55.749,-45.894,-24.584,-20.861,-18.752
-22.241,-3.0686,5.2588,15.334,-8.7941,4.8751,-8.0861,-57.589,-49.105,-27.937,-23.74,-21.797
-22.09,-5.2052,2.6917,17,-7.4506,2.2973,-9.126,-59.31,-51.918,-30.95,-26.306,-24.327
-21.71,-7.5464,0.38225,18.543,-5.9701,0.025418,-10.833,-60.909,-54.313,-33.612,-28.544,-26.429
-20.753,-9.8722,-1.851,19.723,-4.1614,-2.0269,-13.309,-62.38,-56.321,-35.931,-30.409,-28.198
-19.008,-11.963,-4.1285,20.355,-1.9123,-3.875,-16.322,-63.725,-58.018,-37.942,-31.877,-29.716
-16.558,-13.719,-6.4645,20.42,0.70781,-5.5336,-19.275,-64.953,-59.499,-39.71,-32.98,-31.041
-13.797,-15.182,-8.7553,20.104,3.4257,-7.0237,-21.359,-66.077,-60.844,-41.315,-33.809,-32.194
-11.31,-16.494,-10.812,19.739,5.8405,-8.354,-21.85,-67.101,-62.083,-42.816,-34.488,-33.161
-9.677,-17.826,-12.43,19.678,7.5613,-9.516,-20.392,-68.022,-63.2,-44.241,-35.131,-33.919
-9.2979,-19.313,-13.49,20.167,8.3445,-10.513,-17.148,-68.841,-64.165,-45.585,-35.814,-34.462
-10.263,-21.01,-14.027,21.252,8.1814,-11.393,-12.773,-69.581,-64.979,-46.845,-36.583,-34.838
-12.313,-22.873,-14.218,22.775,7.3016,-12.243,-8.2267,-70.282,-65.683,-48.03,-37.451,-35.139
-14.92,-24.782,-14.281,24.444,6.0809,-13.123,-4.4636,-70.978,-66.331,-49.146,-38.382,-35.472
-17.476,-26.553,-14.344,25.953,4.8834,-14.005,-2.1247,-71.666,-66.951,-50.167,-39.275,-35.907
-19.504,-27.981,-14.4,27.091,3.9188,-14.756,-1.3674,-72.298,-67.513,-51.022,-39.978,-36.464
-20.815,-28.893,-14.331,27.794,3.1986,-15.181,-1.926,-72.805,-67.946,-51.609,-40.352,-37.132
-21.501,-29.216,-14.012,28.144,2.6035,-15.138,-3.3429,-73.136,-68.177,-51.85,-40.347,-37.913
-21.84,-28.999,-13.416,28.311,1.9933,-14.638,-5.2013,-73.281,-68.166,-51.73,-40.046,-38.833
-22.168,-28.387,-12.641,28.472,1.2856,-13.857,-7.2463,-73.276,-67.932,-51.323,-39.639,-39.926
-22.762,-27.547,-11.852,28.725,0.49019,-13.031,-9.3687,-73.184,-67.541,-50.771,-39.355,-41.186
-23.727,-26.612,-11.209,29.045,-0.29152,-12.353,-11.467,-73.075,-67.077,-50.239,-39.364,-42.54
-24.923,-25.669,-10.803,29.29,-0.92177,-11.952,-13.319,-72.985,-66.596,-49.874,-39.72,-43.846
-26.008,-24.849,-10.597,29.259,-1.3234,-11.885,-14.585,-72.89,-66.073,-49.745,-40.332,-44.92
-26.614,-24.363,-10.453,28.811,-1.5368,-12.089,-14.938,-72.693,-65.373,-49.799,-40.993,-45.582
-26.505,-24.335,-10.198,27.986,-1.689,-12.402,-14.182,-72.256,-64.256,-49.836,-41.453,-45.696
-25.535,-24.678,-9.675,26.921,-1.8645,-12.61,-12.327,-71.478,-62.45,-49.576,-41.529,-45.213
-23.556,-25.135,-8.8407,25.673,-1.9422,-12.503,-9.6633,-70.372,-59.744,-48.753,-41.168,-44.193
-20.401,-25.379,-7.889,24.253,-1.577,-11.969,-6.7793,-69.112,-56.09,-47.189,-40.441,-42.802
-16.062,-25.165,-7.231,22.737,-0.36683,-11.083,-4.417,-68.022,-51.668,-44.804,-39.472,-41.267
-10.923,-24.434,-7.3321,21.316,1.9559,-10.075,-3.2025,-67.492,-46.981,-41.59,-38.316,-39.814
-5.8449,-23.249,-8.542,20.29,5.3748,-9.2587,-3.3673,-67.87,-43.055,-37.757,-36.888,-38.59
-2.0974,-21.785,-11.067,20.006,9.4209,-9.1735,-4.63,-69.382,-41.628,-34.785,-35.168,-37.611
-1.1839,-21.055,-15.375,20.719,13.008,-11.929,-6.3453,-72.138,-43.834,-40.082,-34.784,-36.78
-4.1897,-26.368,-23.422,22.566,14.486,-26.209,-7.8279,-76.122,-45.093,-61.992,-43.847,-35.985
-11.099,-47.955,-35.95,26.278,12.27,-47.507,-8.6737,-80.067,-37.249,-67.591,-57.466,-35.462
-20.707,-65.856,-44.129,35.54,5.8687,-55.274,-8.9749,-73.984,-20.359,-56.619,-54.937,-37.044
-31.068,-70.398,-41.347,50.638,-3.8359,-53.975,-9.2219,-63.443,3.3021,-38.448,-44.14,-44.464
-40.184,-66.208,-28.134,58.07,-15.515,-44.925,-8.5431,-63.215,35.275,-12.872,-27.264,-48.765
-46.383,-51.192,-5.897,55.301,-28.747,-26.83,-4.8198,-73.394,74.964,21.358,-3.5129,-42.377
-48.533,-24.374,24.94,44.083,-43.899,1.6077,-4.8931,-94.111,116.48,65.601,28.308,-29.552
-46.389,11.847,61.717,25.566,-59.224,38.059,-11.247,-125.13,163.45,120.62,68.993,-10.75
-40.16,54.113,99.98,1.1553,-71.972,78.713,-22.31,-167.43,210.21,186.14,118.38,14.421
-30.047,99.564,137.05,-27.32,-81.403,120.72,-37.361,-225.41,254.78,261.37,176.18,46.415
-16.654,147.24,172.2,-58.759,-88.161,163.12,-56.897,-308.12,292.89,344.51,243.24,87.042
-1.3915,197.37,205.9,-93.344,-93.409,205.9,-82.278,-426.06,314.86,430.12,319.51,139.59
14.663,250.02,239.26,-130.77,-98.48,249.49,-114.42,-582.08,308.68,509.51,400.7,202.76
35.685,304.8,273.11,-169.37,-104.66,294.15,-152.27,-775.14,263.48,574.61,480.83,270.68
62.769,359.82,307.29,-206.69,-112.26,338.87,-193.34,-1008.1,173.75,620.51,554.6,339.44
79.159,411.44,340.05,-239.77,-120.43,380.87,-234.97,-1273.9,42.251,645.15,616.47,405.29
87.405,454.56,368.09,-266.2,-128.43,415.86,-272.85,-1557,-119.58,648.24,660.18,462.46
89.673,482.36,387.64,-282.96,-135.73,438.8,-303.71,-1837,-294.93,629.42,678.45,503.85
85.218,487.75,395.34,-285.16,-142.04,444.73,-327.24,-2094.1,-468.09,586.79,663.34,521.81
71.063,464.57,388.63,-267.46,-147.65,429.46,-344.72,-2311.9,-629.38,515.9,607.72,509.62
42.987,409.48,366.23,-226.01,-153.43,390.88,-359.1,-2479.7,-775.71,411.18,507.26,462.36
-2.2126,323.55,329.04,-160.18,-160.63,330.18,-374.11,-2593.9,-910.3,268.51,362.62,378.08
-63.979,213.02,280.84,-73.815,-170.14,252.17,-392.63,-2657,-1040.7,88.468,180.97,260.02
-138.37,88.829,227.69,24.865,-181.88,164.83,-415.03,-2676.6,-1173.4,-121.21,-23.9,118.28
-216.36,-35.297,176.38,124.83,-194.76,77.896,-439.62,-2661.7,-1307.9,-345.26,-233.2,-30.957
-286.69,-145.79,132.04,214.67,-205.8,0.49014,-464.43,-2619.3,-1435.5,-562.84,-425.99,-169.6
-340.35,-232.47,96.084,284.86,-210.74,-61.184,-487.47,-2552.4,-1539.9,-751.4,-582.82,-282.08
-370.37,-290.59,66.829,329.74,-206.88,-105.19,-506.24,-2460.8,-1603.6,-891.44,-690.2,-359.26
-375.92,-320.74,41.774,348.91,-194.39,-133.13,-518.54,-2343.7,-1614.2,-971.33,-743.49,-399.85
-360.69,-327.6,18.779,346.14,-174.45,-148.35,-523.01,-2202.6,-1570.1,-990.33,-747.32,-409.26
-329.75,-317.56,-3.4218,326.85,-148.47,-154.53,-518.5,-2041.5,-1480,-958.59,-713.07,-396.39
-288.85,-296.73,-24.477,296.41,-118.83,-154.73,-503.61,-1865.1,-1359,-892.89,-654.99,-369.9
-242.69,-269.73,-42.631,259.36,-88.055,-150.8,-477.36,-1678.2,-1221.8,-810.09,-586.06,-336.34
-193.96,-239.46,-55.433,219.24,-58.208,-143.68,-440.05,-1484.4,-1078.8,-721.98,-515.8,-299.88
-145.7,-207.6,-59.486,178.72,-31.461,-133.73,-393.62,-1286.8,-935.5,-634.58,-449.2,-262.87
-102.87,-175.93,-55.646,141.22,-9.3089,-121.05,-341.79,-1089.3,-794.79,-550.1,-387.33,-226.27
-69.184,-148.6,-52.526,111.25,8.8551,-107.86,-289.34,-897.55,-660.27,-469.66,-330.04,-192.64
-43.339,-128.68,-52.415,89.165,23.793,-98.15,-240.44,-718.59,-536.56,-395.67,-279.29,-167.62
-24.431,-113.7,-52.421,72.472,33.801,-90.906,-197.48,-559.62,-427.26,-330.65,-235.82,-149.82
-13.968,-100.85,-50.405,60.324,34.383,-84.079,-160.91,-426.04,-334.79,-273.7,-197.08,-135.18
-12.33,-89.06,-45.789,52.759,24.37,-76.671,-129.64,-319.83,-260.7,-223.95,-162.27,-121.9
-19.053,-78.32,-38.788,49.133,15.182,-68.393,-101.96,-239.06,-204.44,-183.11,-132.93,-109.82
-31.623,-68.743,-30.086,48.186,7.5261,-59.312,-77.327,-179.1,-163.04,-151.81,-110.28,-99.076
-38.992,-60.001,-20.765,47.724,-0.50009,-49.687,-56.338,-134.46,-132.48,-128.6,-94.143,-89.325
-40.402,-51.655,-12.064,44.539,-7.7899,-39.99,-39.315,-100.3,-109.14,-111.37,-83.174,-79.971
-41.555,-43.726,-5.0985,38.985,-12.869,-30.882,-25.708,-73.148,-90.529,-98.197,-75.561,-70.824
-40.131,-36.542,-0.63037,33.537,-14.892,-23.037,-14.548,-50.872,-75.353,-87.534,-69.242,-62.337
-35.556,-30.27,1.0921,28.505,-13.733,-16.89,-5.1932,-32.278,-63.392,-78.089,-61.948,-55.225
-28.39,-24.958,0.42136,23.74,-9.9044,-12.522,2.5194,-18.64,-57.405,-68.902,-54.594,-49.875
-19.728,-20.559,-1.7746,19.27,-4.4833,-9.7067,8.216,-19.207,-56.743,-60.607,-49.477,-46.264
-11.106,-16.972,-4.4244,15.33,1.1091,-8.0138,11.989,-20.614,-53.698,-54.195,-46.138,-44.126
-4.0959,-14.075,-6.6182,12.233,5.6198,-6.9766,15.584,-14.416,-49.476,-49.359,-43.782,-43.124
0.2195,-11.772,-7.8225,10.178,8.3578,-6.2364,19.494,-5.9109,-45.553,-45.626,-42.06,-42.934
1.4947,-9.9948,-7.9381,9.1222,9.1772,-5.5923,23.336,2.4061,-42.24,-42.696,-40.802,-43.295
0.19131,-8.7039,-7.2316,8.8176,8.3436,-4.9901,26.673,9.8062,-39.517,-40.39,-39.86,-44.036
-2.6419,-7.8623,-6.1375,8.9899,6.3728,-4.4784,29.177,16.134,-37.311,-38.597,-39.096,-45.069
-5.9541,-7.4086,-5.0584,9.4382,3.9759,-4.1404,30.709,21.429,-35.548,-37.224,-38.401,-46.331
-9.0834,-7.2399,-4.2761,10,1.8756,-4.0252,31.331,25.818,-34.137,-36.158,-37.708,-47.713
-11.59,-7.2213,-3.9118,10.502,0.45589,-4.1114,31.259,29.487,-32.968,-35.262,-36.988,-49.018
-13.168,-7.2174,-3.9382,10.792,-0.23213,-4.3169,30.775,32.638,-31.929,-34.397,-36.244,-49.985
-13.778,-7.1283,-4.2521,10.797,-0.28719,-4.5409,30.142,35.425,-30.937,-33.466,-35.497,-50.376
-13.609,-6.9065,-4.734,10.519,0.13224,-4.7107,29.545,37.923,-29.959,-32.439,-34.773,-50.073
-12.879,-6.5486,-5.2771,9.9765,0.85582,-4.8062,29.055,40.14,-29.002,-31.346,-34.099,-49.127
-11.707,-6.0747,-5.8265,9.1665,1.7551,-4.8546,28.623,42.059,-28.084,-30.247,-33.484,-47.73
-10.062,-5.5118,-6.4097,8.0579,2.8107,-4.9077,28.112,43.69,-27.199,-29.185,-32.922,-46.158
-7.7613,-4.8836,-7.1208,6.6303,4.1467,-5.0158,27.355,45.097,-26.3,-28.154,-32.382,-44.721
-4.5735,-4.2027,-8.0686,4.8941,5.9745,-5.2072,26.239,46.395,-25.31,-27.111,-31.818,-43.723
-0.38362,-3.466,-9.3313,2.8642,8.4676,-5.4798,24.775,47.715,-24.145,-26,-31.173,-43.405
4.6985,-2.6676,-10.934,0.56623,11.649,-5.8092,23.098,49.157,-22.751,-24.788,-30.393,-43.887
10.31,-1.8264,-12.831,-1.8862,15.321,-6.1712,21.384,50.737,-21.129,-23.484,-29.456,-45.103
15.852,-1.0122,-14.884,-4.2378,19.03,-6.5609,19.724,52.369,-19.343,-22.139,-28.384,-46.754
20.49,-0.34494,-16.867,-6.1311,22.128,-6.9945,18.061,53.898,-17.498,-20.826,-27.237,-48.339
23.29,0.045657,-18.529,-7.2282,24.013,-7.4926,16.244,55.167,-15.712,-19.608,-26.086,-49.303
23.554,0.076359,-19.676,-7.3513,24.375,-8.0589,14.118,56.072,-14.068,-18.506,-24.97,-49.227
21.21,-0.24996,-20.232,-6.5612,23.277,-8.6635,11.623,56.599,-12.583,-17.475,-23.862,-47.91
16.99,-0.83709,-20.24,-5.1422,21.09,-9.2378,8.8639,56.828,-11.198,-16.413,-22.664,-45.338
12.187,-1.5155,-19.841,-3.5245,18.436,-9.6943,6.1097,56.903,-9.8007,-15.198,-21.257,-41.63
8.2133,-2.0886,-19.29,-2.184,16.098,-9.9736,3.7241,56.97,-8.2806,-13.759,-19.602,-37.02
6.1871,-2.4008,-18.932,-1.5248,14.85,-10.091,2.042,57.125,-6.5783,-12.114,-17.822,-31.852
6.6834,-2.3936,-19.088,-1.7603,15.205,-10.136,1.2507,57.394,-4.6987,-10.37,-16.19,-26.528
9.6526,-2.1171,-19.91,-2.8507,17.208,-10.217,1.3254,57.764,-2.6792,-8.6711,-14.988,-21.367
14.44,-1.6955,-21.305,-4.5285,20.405,-10.393,2.0345,58.224,-0.54249,-7.1242,-14.326,-16.477
19.92,-1.2747,-22.958,-6.3821,24.005,-10.642,3.0011,58.791,1.7287,-5.7535,-14.052,-11.746
24.783,-0.97459,-24.455,-7.9681,27.13,-10.877,3.8022,59.494,4.18,-4.4954,-13.826,-6.9826
27.882,-0.85653,-25.412,-8.9304,29.056,-10.988,4.0724,60.35,6.8514,-3.2357,-13.287,-2.0852
28.576,-0.9101,-25.589,-9.0977,29.395,-10.891,3.5791,61.348,9.7458,-1.8586,-12.199,2.8781
26.939,-1.0637,-24.943,-8.5251,28.173,-10.553,2.2679,62.462,12.816,-0.28252,-10.494,7.6835
23.674,-1.2205,-23.612,-7.4523,25.788,-9.9973,0.29577,63.652,15.972,1.525,-8.2553,12.086
19.742,-1.3074,-21.856,-6.1933,22.856,-9.3062,-1.9755,64.866,19.101,3.5501,-5.6818,15.991
15.99,-1.3033,-19.981,-5.0187,19.993,-8.5938,-4.0703,66.052,22.11,5.7511,-3.0243,19.487
12.953,-1.23,-18.25,-4.091,17.648,-7.9648,-5.5583,67.191,24.984,8.0887,-0.50124,22.744
10.835,-1.1227,-16.801,-3.4538,16.013,-7.4694,-6.1847,68.317,27.818,10.556,1.8008,25.891
9.5351,-1.012,-15.635,-3.0515,15.013,-7.0858,-5.9112,69.516,30.813,13.191,3.9763,28.957
8.7328,-0.91776,-14.663,-2.7717,14.373,-6.7408,-4.8943,70.88,34.197,16.059,6.2482,31.855
8.0413,-0.84568,-13.768,-2.5,13.781,-6.3587,-3.445,72.453,38.128,19.203,8.83,34.415
7.1978,-0.78615,-12.872,-2.1736,13.049,-5.913,-1.9765,74.197,42.598,22.592,11.78,36.445
6.182,-0.72395,-12.01,-1.8122,12.185,-5.4513,-0.9209,75.999,47.397,26.095,14.944,37.802
5.1958,-0.65232,-11.326,-1.5024,11.376,-5.0758,-0.59879,77.718,52.164,29.513,18.027,38.443
4.5356,-0.5758,-11.001,-1.3462,10.875,-4.8917,-1.0579,79.251,56.545,32.655,20.78,38.445
4.4416,-0.49836,-11.144,-1.4141,10.862,-4.9542,-1.9966,80.556,60.338,35.419,23.148,37.986
5.0056,-0.41129,-11.734,-1.7275,11.365,-5.2412,-2.8794,81.659,63.559,37.827,25.303,37.293
6.1669,-0.29375,-12.631,-2.2627,12.271,-5.6607,-3.1778,82.621,66.394,40,27.505,36.579
7.7677,-0.12483,-13.638,-2.9641,13.404,-6.0872,-2.5774,83.503,69.08,42.096,29.91,35.995
9.626,0.10321,-14.578,-3.7611,14.613,-6.4084,-1.0954,84.348,71.803,44.246,32.442,35.614
11.592,0.37913,-15.369,-4.5836,15.827,-6.5668,0.9044,85.173,74.626,46.509,34.85,35.445
13.569,0.67659,-16.047,-5.3746,17.049,-6.5775,2.8198,85.972,77.484,48.853,36.869,35.457
15.496,0.96595,-16.723,-6.0963,18.319,-6.5134,4.0163,86.722,80.228,51.164,38.352,35.603
17.314,1.2284,-17.501,-6.728,19.64,-6.4602,4.0016,87.393,82.703,53.291,39.301,35.822
18.914,1.4655,-18.383,-7.2555,20.934,-6.4673,2.5105,87.965,84.818,55.109,39.827,36.049
20.105,1.7013,-19.235,-7.6602,22.018,-6.5136,-0.39504,88.441,86.588,56.573,40.117,36.226
20.651,1.9752,-19.827,-7.9216,22.639,-6.5082,-4.2084,88.856,88.116,57.728,40.384,36.32
20.398,2.33,-19.919,-8.0366,22.582,-6.3273,-8.025,89.259,89.537,58.686,40.807,36.337
19.394,2.798,-19.374,-8.0408,21.774,-5.8758,-10.832,89.687,90.954,59.571,41.478,36.319
17.913,3.3919,-18.229,-8.0145,20.35,-5.1407,-11.886,90.144,92.389,60.474,42.382,36.33
16.378,4.1027,-16.709,-8.0675,18.641,-4.2045,-10.966,90.598,93.786,61.426,43.416,36.43
15.255,4.9016,-15.156,-8.3095,17.092,-3.2122,-8.4013,90.995,95.046,62.391,44.448,36.651
14.927,5.7449,-13.893,-8.8134,16.104,-2.3113,-4.9115,91.285,96.075,63.298,45.375,36.99
15.575,6.5808,-13.108,-9.5866,15.892,-1.5985,-1.3664,91.441,96.829,64.082,46.165,37.414
17.135,7.3583,-12.809,-10.567,16.434,-1.0947,1.4542,91.464,97.32,64.709,46.859,37.872
19.35,8.0341,-12.862,-11.64,17.52,-0.75319,3.027,91.377,97.608,65.192,47.54,38.311
21.836,8.5755,-13.071,-12.663,18.845,-0.49462,3.1493,91.21,97.773,65.578,48.298,38.689
24.141,8.9589,-13.259,-13.49,20.094,-0.24871,1.9159,90.985,97.892,65.932,49.186,38.981
25.823,9.1672,-13.315,-13.994,21.001,0.015735,-0.31597,90.707,98.011,66.316,50.201,39.191
26.566,9.188,-13.21,-14.082,21.384,0.28449,-2.9821,90.359,98.138,66.77,51.275,39.346
26.239,9.0159,-12.976,-13.718,21.167,0.51042,-5.4588,89.903,98.242,67.295,52.283,39.481
24.858,8.6587,-12.663,-12.915,20.365,0.63658,-7.2563,89.285,98.261,67.851,53.088,39.615
22.487,8.1445,-12.29,-11.735,19.033,0.62665,-8.1431,88.445,98.123,68.369,53.588,39.725
19.242,7.5256,-11.821,-10.278,17.244,0.49727,-8.1353,87.34,97.774,68.781,53.772,39.745
15.374,6.8757,-11.172,-8.6753,15.082,0.33615,-7.4216,85.968,97.204,69.061,53.735,39.568
11.306,6.2809,-10.241,-7.0819,12.645,0.28568,-6.2861,84.383,96.458,69.226,53.642,39.071
7.5092,5.8265,-8.9632,-5.6608,10.083,0.48436,-5.0347,82.682,95.616,69.328,53.669,38.141
4.4248,5.5812,-7.4147,-4.577,7.6955,0.98895,-3.9742,80.97,94.756,69.409,53.931,36.702
2.5407,5.5826,-5.888,-3.9862,5.9711,1.7324,-3.4586,79.303,93.906,69.481,54.426,34.743
2.3663,5.8294,-4.8054,-4.0023,5.4336,2.5602,-3.8754,77.665,93.027,69.512,55.011,32.35
4.1353,6.285,-4.4888,-4.6424,6.3889,3.3219,-5.4869,75.984,92.025,69.44,55.436,29.702
7.5019,6.8915,-4.9365,-5.7859,8.687,3.9482,-8.1934,74.162,90.789,69.186,55.463,27.049
11.551,7.5879,-5.7655,-7.1845,11.608,4.469,-11.433,72.117,89.229,68.68,54.987,24.647
15.086,8.3282,-6.3917,-8.5208,14.049,4.9876,-14.341,69.805,87.303,67.878,54.097,22.692
17.005,9.0912,-6.2586,-9.493,14.944,5.6529,-16.052,67.219,85.02,66.778,53.035,21.279
16.612,9.8717,-4.9563,-9.8929,13.651,6.611,-15.985,64.367,82.41,65.408,52.086,20.423
13.786,10.656,-2.3616,-9.6517,10.138,7.9208,-14.005,61.228,79.483,63.788,51.446,20.151
8.9831,11.4,1.2476,-8.8456,4.9567,9.4993,-10.467,57.736,76.188,61.893,51.125,20.594
3.1261,12.037,5.2439,-7.6632,-0.93457,11.138,-6.1186,53.787,72.428,59.638,50.938,21.944
-2.6183,12.491,8.848,-6.3514,-6.4079,12.57,-1.8714,49.304,68.106,56.893,50.581,24.307
-7.1631,12.7,11.378,-5.1519,-10.468,13.541,1.4954,44.304,63.2,53.545,49.749,27.604
-9.8221,12.628,12.45,-4.2436,-12.525,13.884,3.5695,38.945,57.812,49.558,48.253,31.584
-10.42,12.272,12.047,-3.7105,-12.501,13.571,4.3657,33.504,52.147,45.01,46.104,35.87
-9.1813,11.668,10.446,-3.5466,-10.727,12.717,4.2045,28.297,46.45,40.076,43.519,40.003
-6.5383,10.89,8.0628,-3.6829,-7.6878,11.525,3.5234,23.542,40.904,34.952,40.83,43.501
-3.0097,10.036,5.3323,-4.0164,-3.8832,10.191,2.7051,19.265,35.566,29.791,38.32,45.952
0.80915,9.2006,2.6203,-4.432,0.17223,8.8532,1.9099,15.289,30.363,24.682,36.067,47.11
4.3234,8.4501,0.13461,-4.822,3.9877,7.5973,0.98442,11.307,25.153,19.662,33.903,46.965
7.0686,7.8076,-2.0927,-5.0956,7.1606,6.4786,-0.40338,7.0229,19.808,14.75,31.519,45.75
8.748,7.2671,-3.9977,-5.1862,9.3731,5.5464,-2.4667,2.2516,14.274,9.9658,28.628,43.86
9.2337,6.8178,-5.31,-5.0694,10.383,4.8561,-5.117,-3.0266,8.5738,5.3307,25.065,41.696
8.5908,6.469,-5.7572,-4.78,10.113,4.4518,-7.9758,-8.6831,2.7799,0.86676,20.833,39.515
7.0917,6.252,-5.3061,-4.4022,8.7318,4.3363,-10.472,-14.492,-3.0169,-3.3996,16.089,37.355
5.1652,6.1893,-4.1736,-4.0304,6.6315,4.4612,-12.006,-20.201,-8.7279,-7.4382,11.078,35.07
3.2643,6.2485,-2.7236,-3.7201,4.3263,4.7258,-12.156,-25.59,-14.273,-11.227,6.0643,32.442
1.6954,6.3156,-1.3509,-3.4397,2.2864,4.986,-10.843,-30.513,-19.578,-14.758,1.2684,29.297
0.49293,6.2124,-0.38104,-3.0458,0.80122,5.0836,-8.3446,-34.894,-24.558,-18.028,-3.1978,25.566
-0.5643,5.7518,-0.012172,-2.3213,-0.056705,4.8828,-5.2031,-38.715,-29.127,-21.027,-7.3452,21.3
-1.7975,4.8011,-0.30696,-1.0762,-0.38085,4.2974,-2.0823,-42,-33.216,-23.729,-11.216,16.665
-3.4403,3.3329,-1.2054,0.75141,-0.34587,3.3093,0.38548,-44.808,-36.801,-26.105,-14.795,11.907
-5.5138,1.4441,-2.5379,3.0522,-0.12774,1.9837,1.7329,-47.219,-39.92,-28.141,-18.025,7.294
-7.7934,-0.6626,-4.0608,5.5654,0.1554,0.47068,1.7589,-49.326,-42.66,-29.844,-20.874,3.0534
-9.86,-2.7174,-5.531,7.9371,0.47803,-1.0159,0.57959,-51.222,-45.122,-31.256,-23.372,-0.65996
-11.214,-4.4252,-6.7834,9.7925,0.90445,-2.2449,-1.3961,-52.984,-47.388,-32.442,-25.569,-3.7589
-11.438,-5.5212,-7.7421,10.823,1.5308,-3.028,-3.5833,-54.664,-49.494,-33.47,-27.494,-6.221
-10.393,-5.8529,-8.3617,10.891,2.386,-3.269,-5.4007,-56.275,-51.424,-34.385,-29.12,-8.0968
-8.3607,-5.4538,-8.5917,10.113,3.3478,-2.9864,-6.4384,-57.792,-53.128,-35.201,-30.377,-9.5223
-6.0108,-4.5479,-8.3968,8.8433,4.1316,-2.3026,-6.5525,-59.161,-54.553,-35.903,-31.209,-10.711
-4.1671,-3.4601,-7.7695,7.5519,4.3818,-1.3943,-5.8566,-60.317,-55.658,-36.457,-31.623,-11.907
-3.4794,-2.4741,-6.7214,6.6388,3.8242,-0.41821,-4.6351,-61.197,-56.418,-36.821,-31.69,-13.3
-4.2148,-1.7201,-5.2773,6.2999,2.3718,0.54426,-3.2244,-61.745,-56.816,-36.942,-31.515,-14.952
-6.2169,-1.1582,-3.4779,6.4896,0.14599,1.5044,-1.9127,-61.915,-56.837,-36.761,-31.183,-16.773
-8.9595,-0.64721,-1.3903,6.9943,-2.5469,2.5441,-0.8868,-61.686,-56.471,-36.217,-30.724,-18.573
-11.684,-0.032353,0.88338,7.5375,-5.2709,3.7612,-0.22211,-61.07,-55.729,-35.276,-30.115,-20.16
-13.608,0.78866,3.2266,7.8494,-7.5571,5.2047,0.1022,-60.119,-54.65,-33.943,-29.314,-21.432
-14.166,1.8322,5.5633,7.7433,-9.0202,6.8355,0.17853,-58.919,-53.308,-32.279,-28.319,-22.404
-13.184,3.0286,7.894,7.1931,-9.5319,8.5392,0.13797,-57.566,-51.797,-30.393,-27.196,-23.18
-11.048,4.2423,10.256,6.3732,-9.5032,10.179,0.11114,-56.145,-50.213,-28.418,-26.039,-23.886
-8.8228,5.3042,12.636,5.6449,-9.8651,11.651,0.19548,-54.706,-48.625,-26.465,-24.923,-24.601
-7.9911,6.0595,14.986,5.4525,-11.458,12.92,0.44933,-53.252,-47.062,-24.589,-23.872,-25.322
-9.7855,6.4257,17.346,6.1339,-14.581,14.017,0.90857,-51.757,-45.511,-22.785,-22.873,-25.974
-14.622,6.4362,19.873,7.7406,-19.11,15.021,1.5889,-50.193,-43.945,-21.023,-21.883,-26.451
-21.904,6.2411,22.685,9.9657,-24.644,16.019,2.4574,-48.551,-42.347,-19.29,-20.86,-26.671
-30.154,6.0608,25.681,12.226,-30.462,17.069,3.4005,-46.849,-40.722,-17.611,-19.767,-26.608
-37.458,6.1187,28.502,13.87,-35.536,18.181,4.2264,-45.112,-39.09,-16.042,-18.589,-26.29
-42.068,6.5941,30.666,14.399,-38.782,19.333,4.7129,-43.341,-37.468,-14.637,-17.327,-25.772
-42.939,7.6157,31.807,13.598,-39.483,20.521,4.6794,-41.489,-35.84,-13.412,-15.982,-25.109
-40.072,9.2889,31.887,11.519,-37.56,21.824,4.045,-39.444,-34.146,-12.315,-14.529,-24.361
-34.323,11.745,31.264,8.382,-33.499,23.465,2.8427,-37.048,-32.285,-11.236,-12.911,-23.603
-26.798,15.181,30.561,4.4491,-28.071,25.849,1.1909,-34.161,-30.162,-10.058,-11.064,-22.914
-18.464,19.828,30.405,-0.020691,-22.078,29.47,-0.75038,-30.732,-27.743,-8.7147,-8.9765,-22.299
-10.183,25.761,31.152,-4.749,-16.241,34.558,-2.8056,-26.845,-25.086,-7.2382,-6.7364,-21.543
-2.8237,32.703,32.791,-9.4247,-11.153,40.715,-4.7731,-22.723,-22.339,-5.7468,-4.5101,-20.167
2.9261,40.086,35.089,-13.743,-7.1443,47.218,-6.3891,-18.672,-19.696,-4.3994,-2.4645,-17.697
6.9566,47.398,37.822,-17.49,-4.4175,53.613,-7.308,-14.988,-17.335,-3.3291,-0.67174,-13.985
9.7513,54.43,40.903,-20.609,-3.4234,59.795,-7.1364,-11.858,-15.359,-2.5838,0.94287,-9.1114
11.758,61.312,44.414,-23.158,-4.402,65.793,-5.5173,-9.3242,-13.764,-2.1003,2.5724,-3.1934
12.775,68.357,48.503,-25.245,-6.9939,71.653,-2.2436,-7.2982,-12.436,-1.7258,4.433,3.5385
12.233,75.76,53.249,-27.073,-10.672,77.409,2.6287,-5.6099,-11.197,-1.2731,6.6547,10.657
9.884,83.296,58.64,-28.963,-15.035,83.056,8.7362,-4.0601,-9.8598,-0.58077,9.2172,17.566
6.1409,90.347,64.611,-31.109,-19.739,88.532,15.465,-2.4674,-8.2857,0.44935,11.962,23.626
1.8569,96.327,70.985,-33.31,-24.367,93.67,22.084,-0.70654,-6.415,1.846,14.666,28.331
-2.0636,101.07,77.33,-35.241,-28.419,98.235,27.89,1.2724,-4.2669,3.5875,17.134,31.476
-4.8189,104.83,82.968,-36.999,-31.385,102.01,32.316,3.4471,-1.9105,5.6315,19.272,33.192
-5.7798,107.99,87.264,-39.185,-32.799,104.94,35.008,5.7427,0.57502,7.9396,21.118,33.858
-4.6804,110.9,89.97,-42.508,-32.384,107.18,35.907,8.0558,3.1343,10.49,22.827,33.945
-1.8008,113.79,91.359,-47.247,-30.325,109.06,35.269,10.268,5.7445,13.273,24.598,33.893
2.1076,116.82,92.1,-52.913,-27.382,111.03,33.574,12.235,8.3921,16.261,26.577,34.041
6.1293,120.1,92.991,-58.532,-24.627,113.45,31.364,13.771,11.027,19.383,28.792,34.588
9.4465,123.68,94.649,-63.375,-23.002,116.5,29.084,14.659,13.536,22.516,31.159,35.593
11.498,127.53,97.294,-67.283,-22.986,120.11,26.995,14.715,15.766,25.53,33.552,37.02
12.196,131.59,100.69,-70.469,-24.434,124.06,25.15,13.877,17.599,28.349,35.877,38.772
12.059,135.78,104.25,-73.282,-26.6,128.03,23.42,12.238,19.004,30.975,38.099,40.703
12.039,140.12,107.25,-76.118,-28.434,131.76,21.56,10.007,20.037,33.453,40.199,42.62
13.159,144.68,109.08,-79.371,-29.036,135.07,19.336,7.4183,20.786,35.807,42.139,44.313
16.123,149.47,109.4,-83.309,-27.971,137.85,16.666,4.6642,21.325,38.003,43.841,45.602
20.997,154.21,108.14,-87.904,-25.277,139.95,13.648,1.8868,21.682,39.956,45.203,46.354
27.325,158.27,105.39,-92.766,-21.282,141.05,10.435,-0.80188,21.846,41.551,46.124,46.467
34.487,160.86,101.32,-97.304,-16.465,140.63,7.0979,-3.3134,21.772,42.675,46.528,45.844
41.649,161.42,96.204,-100.92,-11.437,138.25,3.6522,-5.6046,21.391,43.235,46.394,44.406
47.682,160.01,90.463,-103.13,-6.8557,134.13,0.15668,-7.7038,20.615,43.176,45.768,42.133
51.526,157.12,84.621,-103.68,-3.2477,129.13,-3.3762,-9.7126,19.357,42.479,44.736,39.094
52.604,153.07,79.009,-102.45,-0.87138,123.89,-7.1557,-11.777,17.557,41.159,43.357,35.445
50.913,147.68,73.569,-99.32,0.27378,118.29,-11.468,-14.042,15.187,39.241,41.598,31.381
46.837,140.53,67.947,-94.154,0.37017,111.9,-16.421,-16.614,12.256,36.749,39.334,27.087
40.967,131.28,61.743,-86.818,-0.21961,104.39,-22,-19.546,8.7944,33.699,36.386,22.69
34.024,119.8,54.702,-77.329,-1.0579,95.638,-28.058,-22.831,4.8483,30.096,32.611,18.253
26.787,106.3,46.873,-65.969,-1.8273,85.772,-34.008,-26.403,0.47503,25.956,27.982,13.808
19.957,91.26,38.732,-53.421,-2.4031,75.132,-38.696,-30.145,-4.2432,21.331,22.655,9.3904
13.997,75.45,31.049,-40.787,-2.8236,64.259,-40.763,-33.903,-9.1922,16.338,16.979,5.0742
9.0156,59.882,24.48,-29.26,-3.2309,53.746,-39.243,-37.52,-14.236,11.139,11.383,0.96169
4.7746,45.561,19.283,-19.657,-3.795,44.022,-33.98,-40.879,-19.244,5.898,6.1686,-2.8738
0.86484,33.17,15.357,-12.223,-4.6372,35.253,-25.722,-43.91,-24.106,0.73448,1.3662,-6.4517
-3.0344,22.959,12.426,-6.6838,-5.7841,27.438,-15.933,-46.578,-28.728,-4.2724,-3.1982,-9.8635
-6.9895,14.909,10.194,-2.3586,-7.1569,20.613,-6.3938,-48.861,-33.014,-9.0477,-7.6765,-13.18
-10.836,8.8631,8.4016,1.5582,-8.5837,14.969,1.3335,-50.742,-36.863,-13.491,-12.021,-16.375
-14.322,4.2906,6.8206,5.5215,-9.838,10.59,6.3515,-52.243,-40.201,-17.492,-16.005,-19.316
-17.236,0.40621,5.253,9.517,-10.713,7.1736,8.4853,-53.456,-43.027,-20.982,-19.389,-21.828
-19.496,-3.3072,3.563,13.347,-11.112,4.2739,8.0597,-54.546,-45.43,-23.978,-22.053,-23.764
-21.196,-7.0403,1.7249,16.858,-11.098,1.5992,5.7013,-55.711,-47.568,-26.586,-24.033,-25.06
-22.586,-10.818,-0.16061,19.992,-10.87,-0.95424,2.2667,-57.123,-49.615,-28.947,-25.485,-25.757
-23.988,-14.583,-1.9119,22.753,-10.676,-3.3761,-1.2493,-58.859,-51.696,-31.183,-26.627,-25.987
-25.661,-18.221,-3.3627,25.171,-10.703,-5.6111,-4.0587,-60.874,-53.851,-33.352,-27.664,-25.951
-27.671,-21.585,-4.4507,27.272,-11.012,-7.6013,-5.9449,-63.028,-56.033,-35.446,-28.726,-25.882
-29.841,-24.548,-5.2447,29.066,-11.505,-9.3191,-7.2268,-65.149,-58.141,-37.426,-29.851,-26.018
-31.792,-27.061,-5.9267,30.533,-11.924,-10.808,-8.4212,-67.098,-60.078,-39.273,-31.003,-26.555
-33.078,-29.168,-6.758,31.632,-11.906,-12.204,-9.9768,-68.805,-61.791,-41.012,-32.114,-27.586
-33.33,-30.966,-8.0076,32.318,-11.112,-13.683,-12.19,-70.264,-63.272,-42.689,-33.107,-29.042
-32.361,-32.543,-9.8437,32.562,-9.3672,-15.376,-15.203,-71.5,-64.542,-44.335,-33.926,-30.718
-30.219,-33.918,-12.25,32.361,-6.7303,-17.292,-19.081,-72.547,-65.629,-45.933,-34.556,-32.364
-27.178,-35.027,-15.029,31.744,-3.4784,-19.299,-23.807,-73.429,-66.551,-47.418,-35.036,-33.783
-23.668,-35.743,-17.875,30.775,-0.013963,-21.163,-29.081,-74.158,-67.312,-48.706,-35.445,-34.875
-20.155,-35.95,-20.479,29.555,3.2445,-22.63,-34.228,-74.741,-67.92,-49.729,-35.874,-35.63
-17.02,-35.648,-22.618,28.216,5.9677,-23.542,-38.357,-75.199,-68.399,-50.471,-36.379,-36.09
-14.485,-34.988,-24.21,26.901,8.0085,-23.911,-40.639,-75.572,-68.794,-50.986,-36.968,-36.337
-12.59,-34.234,-25.321,25.735,9.4429,-23.902,-40.535,-75.918,-69.163,-51.377,-37.602,-36.498
-11.171,-33.656,-26.109,24.814,10.511,-23.736,-37.957,-76.284,-69.546,-51.744,-38.208,-36.753
-9.8778,-33.43,-26.758,24.165,11.503,-23.58,-33.328,-76.684,-69.938,-52.138,-38.714,-37.299
-8.3011,-33.531,-27.416,23.688,12.675,-23.484,-27.477,-77.083,-70.276,-52.535,-39.073,-38.279
-6.2752,-33.735,-28.07,23.206,14.12,-23.396,-21.367,-77.403,-70.457,-52.844,-39.277,-39.681
-4.1213,-33.756,-28.475,22.609,15.542,-23.22,-15.814,-77.551,-70.368,-52.952,-39.36,-41.253
-2.5959,-33.441,-28.301,21.968,16.28,-22.905,-11.285,-77.46,-69.92,-52.78,-39.385,-42.549
-2.6442,-32.856,-27.364,21.525,15.713,-22.502,-7.8304,-77.103,-69.064,-52.319,-39.43,-43.182
-4.9149,-32.238,-25.761,21.586,13.624,-22.173,-5.3007,-76.499,-67.773,-51.624,-39.552,-43.036
-9.4153,-31.856,-23.837,22.35,10.188,-22.094,-3.5566,-75.692,-66.004,-50.766,-39.752,-42.243
-15.519,-31.857,-21.92,23.76,5.8358,-22.3,-2.4361,-74.74,-63.67,-49.758,-39.931,-40.963
-22.07,-32.168,-20.107,25.486,1.231,-22.587,-1.8009,-73.705,-60.633,-48.49,-39.889,-39.259
-27.589,-32.471,-18.406,27.062,-2.7602,-22.578,-1.6087,-72.666,-56.769,-46.71,-39.387,-37.273
-30.793,-32.293,-16.936,28.024,-5.3202,-21.94,-1.8988,-71.748,-52.15,-44.079,-38.222,-35.411
-30.943,-31.175,-16.046,27.97,-5.8142,-20.625,-2.7367,-71.152,-47.448,-40.346,-36.262,-34.254
-27.572,-28.891,-16.704,26.638,-3.6961,-19.294,-4.1629,-71.175,-44.629,-35.925,-33.479,-34.297
-20.646,-25.872,-21.158,24.044,1.5925,-20.693,-6.1624,-72.181,-46.793,-34.596,-30.292,-35.748
-11.261,-24.385,-33.99,20.534,10.617,-32.982,-8.6576,-74.534,-51.634,-50.021,-29.727,-38.554
-1.6556,-31.829,-53.386,16.754,23.06,-51.962,-11.533,-78.386,-47.175,-67.93,-41.642,-43.027
5.6545,-53.393,-65.941,13.648,35.442,-60.956,-14.706,-81.453,-31.954,-61.942,-55.568,-51.71
8.8114,-63.328,-68.28,13.103,41.986,-62.632,-18.164,-71.077,-11.505,-46.814,-52.826,-66.545
7.2579,-60.059,-59.58,18.596,38.688,-56.395,-21.475,-63.043,13.737,-24.678,-41.952,-71.655
1.734,-47.971,-39.321,24.379,24.661,-40.68,-22.53,-66.055,46.39,5.4767,-24.512,-62.657
-6.1684,-27.115,-8.4173,21.568,2.0645,-14.796,-23.41,-79.893,86.572,44.798,0.25217,-44.934
-14.376,1.9243,30.445,13.256,-24.695,19.651,-27.983,-104.1,129.82,94.314,33.59,-20.099
-20.682,37.407,73.51,1.1063,-52.401,59.428,-35.749,-138.58,175.53,153.89,76.599,11.005
-23.459,77.083,116.7,-14.583,-77.952,101.18,-46.548,-185.33,222.39,221.39,128.7,47.678
-22.274,119.53,157.5,-34.466,-97.694,142.79,-60.776,-250.3,268.72,294.62,188.29,89.777
-17.678,164.93,195.03,-60.352,-111.36,183.81,-79.386,-343.77,309.14,372.37,255.89,138.99
-10.634,213.77,229.61,-93.148,-119.95,224.83,-103.53,-475.35,333.3,451.75,332.22,197.81
-1.7423,265.75,262.81,-130.4,-125.64,266.96,-133.88,-644.44,328.77,526.4,413.4,264.94
13.262,320,296.09,-169.26,-130.55,310.6,-170.03,-851.3,284.96,588.3,493.2,335.72
41.423,374.26,329.38,-207.6,-136.08,354.6,-210.02,-1097.5,197.18,631.9,566,404.98
62.454,424.4,360.87,-242.24,-143.25,395.99,-250.28,-1372.7,69.061,654.91,626.24,467.13
77.027,464.89,386.77,-269.34,-150.99,430.06,-286.45,-1659.1,-87.525,657.06,667.63,514.8
83.44,489.06,402.22,-285.06,-157.41,451.04,-315.32,-1935.5,-256.51,637.82,682.59,539.88
79.356,490.35,403.72,-284.93,-162.39,453.51,-336.14,-2181.7,-423.55,594.75,662.73,535.59
62.22,462.98,390.08,-264.03,-166.81,433.55,-350.14,-2382.5,-579.31,522.63,600.5,497.39
30.306,404.02,362.27,-219.12,-171.6,390.01,-360.27,-2529.7,-720.89,414.93,491.87,423.44
-16.106,314.97,323.01,-150.66,-177.49,325.18,-370.1,-2622.4,-853.31,267.17,338.52,315.8
-75.583,202.43,276.08,-63.264,-185.12,244.7,-382.36,-2666.2,-985.61,80.536,149.08,182.19
-147.58,77.615,226.07,34.948,-194.61,156.82,-398.45,-2670,-1123,-135.91,-60.911,35.871
-220.58,-45.615,177.97,133.4,-204.75,71.009,-418.48,-2642.4,-1262.4,-364.82,-270.67,-107.48
-286.48,-153.89,135.71,221.01,-213.15,-4.3012,-441.69,-2588.6,-1391.8,-582.88,-458.19,-233.06
-337.73,-237.68,100.55,288.56,-217.62,-63.748,-466.39,-2509.2,-1493.3,-765.47,-604.68,-330.11
-368.05,-293.11,71.597,331.02,-216.7,-105.97,-490.03,-2402.8,-1549.6,-892.91,-698.72,-394.27
-376.71,-321.46,47.06,348.63,-209.86,-132.66,-509.91,-2269.7,-1550.8,-956.09,-738.27,-426.11
-366.58,-327.52,24.931,345.32,-196.81,-146.98,-523.46,-2113.5,-1497.9,-958.77,-730.55,-429.03
-341.52,-317.33,3.7315,326.33,-177.31,-152.48,-527.52,-1940.2,-1402.1,-914.9,-688.76,-409.81
-305.47,-296.7,-16.64,296.93,-151.94,-152.14,-518.56,-1755.4,-1278.6,-842.59,-627.29,-377.64
-262.37,-270.09,-34.655,261.84,-122.39,-147.89,-494.46,-1562.8,-1140.9,-757.39,-557.66,-340.22
-216.57,-240.6,-46.001,225.01,-91.143,-140.69,-456.07,-1365.3,-997.3,-668.9,-487.61,-302.76
-172.29,-210.54,-42.702,189.51,-61.008,-130.71,-406.67,-1166.2,-852.17,-580.98,-420.89,-269.02
-132.27,-181.82,-34.745,157.53,-34.26,-117.68,-350.67,-970.77,-708.77,-493.61,-357.59,-239.96
-97.593,-156.55,-33.356,130.07,-12.06,-104.04,-292.84,-785.78,-573.47,-406.65,-297.29,-214.28
-69.277,-136.41,-34.591,107.31,4.961,-93.939,-237.6,-618.66,-454.87,-328.06,-245.11,-192.05
-48.264,-120.32,-35.494,88.439,16.048,-86.137,-187.77,-475.44,-356.87,-265.52,-202.93,-171.68
-34.69,-106.36,-35.117,73.192,20.626,-78.806,-144.03,-359.16,-278.83,-216.36,-167.76,-151.96
-27.366,-93.594,-33.376,62.008,18.109,-71.233,-106.32,-269.12,-218.84,-177.55,-138.21,-132.94
-24.467,-81.772,-30.589,54.438,10.664,-63.285,-76.279,-201.59,-174.07,-147.68,-114.36,-114.18
-23.865,-70.96,-27.255,49.109,5.3306,-55.046,-53.048,-151.4,-140.89,-125.34,-96.378,-96.205
-23.211,-61.185,-23.894,44.819,3.3186,-46.749,-33.946,-113.45,-115.65,-108.76,-83.742,-80.751
-18.956,-52.263,-20.901,39.937,2.7591,-38.792,-17.787,-83.709,-95.61,-96.079,-74.92,-68.672
-15.872,-44.236,-18.487,32.599,2.8574,-31.652,-4.6629,-59.513,-79.175,-85.635,-67.56,-59.426
-13.708,-37.714,-16.694,26.627,3.3624,-25.702,5.5414,-39.319,-65.866,-76.084,-59.176,-51.843
-11.719,-32.582,-15.437,22.8,4.0296,-21.087,13.795,-22.821,-57.913,-67.102,-51.671,-44.911
-10.178,-28.31,-14.546,20.163,4.5712,-17.723,20.319,-17.336,-56.793,-59.716,-46.762,-38.42
-9.2883,-24.706,-13.837,18.286,4.7824,-15.37,23.506,-20.442,-53.274,-54.116,-43.541,-32.757
-9.0232,-21.759,-13.191,16.908,4.6218,-13.762,25.211,-15.82,-48.213,-49.971,-41.186,-27.853
-9.1469,-19.464,-12.574,15.819,4.199,-12.674,26.972,-7.4421,-43.648,-46.965,-39.284,-23.381
-9.3216,-17.76,-11.991,14.881,3.6999,-11.918,28.879,1.1159,-39.966,-44.767,-37.649,-19.27
-9.2262,-16.546,-11.432,14.034,3.3147,-11.324,30.77,8.8326,-36.999,-43.047,-36.225,-15.64
-8.622,-15.723,-10.895,13.27,3.2101,-10.761,32.48,15.635,-34.468,-41.522,-35.022,-12.589
-7.3566,-15.219,-10.445,12.613,3.5422,-10.171,33.852,21.682,-32.154,-40.006,-34.066,-10.084
-5.3811,-14.996,-10.229,12.108,4.4543,-9.5934,34.721,27.093,-29.955,-38.417,-33.357,-7.971
-2.8655,-15.04,-10.378,11.835,5.9844,-9.1159,34.949,31.897,-27.864,-36.758,-32.843,-6.034
-0.33043,-15.34,-10.838,11.908,7.8463,-8.8046,34.481,36.084,-25.921,-35.068,-32.432,-4.0741
1.4196,-15.861,-11.296,12.461,9.2408,-8.6523,33.395,39.661,-24.162,-33.39,-32.026,-1.9901
1.4796,-16.536,-11.337,13.602,9.0932,-8.5828,31.906,42.669,-22.6,-31.763,-31.562,0.18787
-0.93837,-17.266,-10.628,15.368,6.7481,-8.4808,30.311,45.173,-21.228,-30.225,-31.029,2.3302
-6.1321,-17.938,-8.9431,17.695,2.3322,-8.2233,28.907,47.256,-20.015,-28.804,-30.441,4.2757
-13.681,-18.456,-6.2036,20.402,-3.6061,-7.7181,27.922,49.01,-18.899,-27.494,-29.814,5.8995
-22.553,-18.761,-2.5927,23.208,-10.401,-6.9412,27.468,50.537,-17.8,-26.247,-29.152,7.1468
-31.382,-18.841,1.4247,25.769,-17.234,-5.9517,27.527,51.93,-16.641,-24.979,-28.438,8.0152
-38.79,-18.717,5.215,27.754,-23.182,-4.8791,27.976,53.266,-15.37,-23.594,-27.649,8.5008
-43.669,-18.425,8.1541,28.917,-27.421,-3.8885,28.629,54.596,-13.965,-22.009,-26.764,8.5537
-45.359,-18.002,9.7855,29.133,-29.399,-3.138,29.302,55.943,-12.428,-20.169,-25.782,8.0832
-43.707,-17.47,9.9079,28.398,-28.919,-2.7381,29.844,57.302,-10.77,-18.057,-24.733,7.0168
-39.122,-16.845,8.5957,26.814,-26.15,-2.7266,30.168,58.648,-9.0097,-15.688,-23.658,5.366
-32.592,-16.145,6.1847,24.597,-21.634,-3.0668,30.244,59.933,-7.1748,-13.117,-22.581,3.2523
-25.454,-15.41,3.231,22.067,-16.235,-3.6668,30.077,61.09,-5.3121,-10.434,-21.479,0.87351
-18.94,-14.699,0.39675,19.592,-10.945,-4.4081,29.684,62.044,-3.4894,-7.75,-20.282,-1.5663
-13.874,-14.058,-1.8046,17.471,-6.5807,-5.1766,29.074,62.736,-1.7767,-5.1594,-18.933,-3.9281
-10.676,-13.483,-3.3003,15.823,-3.5092,-5.8865,28.241,63.158,-0.21288,-2.7118,-17.44,-6.1703
-9.2761,-12.908,-4.4123,14.54,-1.5953,-6.4867,27.149,63.373,1.2203,-0.40575,-15.887,-8.3276
-8.9829,-12.236,-5.4568,13.393,-0.46222,-6.9593,25.731,63.502,2.6038,1.8019,-14.379,-10.459
-8.8117,-11.405,-6.5742,12.198,0.38401,-7.3262,23.895,63.695,4.0636,3.9808,-12.97,-12.6
-8.0618,-10.435,-7.8929,10.889,1.5176,-7.6487,21.569,64.081,5.7419,6.2091,-11.626,-14.738
-6.4719,-9.4145,-9.5707,9.4691,3.3291,-7.9978,18.747,64.744,7.7688,8.5572,-10.211,-16.799
-4.0367,-8.4288,-11.672,7.948,5.8832,-8.4061,15.502,65.704,10.236,11.072,-8.5212,-18.649
-0.88876,-7.4897,-14.09,6.3114,8.9825,-8.8381,11.957,66.899,13.161,13.76,-6.3435,-20.106
2.7259,-6.5278,-16.568,4.5218,12.277,-9.1991,8.2657,68.195,16.454,16.567,-3.5565,-20.983
6.5158,-5.4583,-18.769,2.5404,15.364,-9.3774,4.5945,69.416,19.906,19.378,-0.21604,-21.137
10.246,-4.2381,-20.359,0.35121,17.886,-9.2855,1.1173,70.4,23.237,22.042,3.4183,-20.518
13.803,-2.8309,-21.116,-2.041,19.631,-8.8649,-1.9962,71.052,26.18,24.408,6.9487,-19.194
17.189,-1.1689,-20.992,-4.6263,20.589,-8.0902,-4.5813,71.362,28.578,26.368,9.9742,-17.331
20.466,0.78158,-20.128,-7.3744,20.924,-7.0017,-6.4817,71.407,30.421,27.873,12.238,-15.124
23.643,2.933,-18.802,-10.181,20.883,-5.7223,-7.574,71.323,31.845,28.95,13.733,-12.738
26.563,5.0555,-17.353,-12.811,20.679,-4.4403,-7.8087,71.272,33.08,29.691,14.717,-10.296
28.861,6.8285,-16.106,-14.913,20.451,-3.3718,-7.2495,71.396,34.394,30.246,15.626,-7.91
30.08,7.9378,-15.313,-16.112,20.263,-2.71,-6.0974,71.79,36.039,30.796,16.901,-5.7048
29.898,8.1794,-15.103,-16.156,20.12,-2.5734,-4.6769,72.486,38.203,31.517,18.788,-3.8054
28.282,7.523,-15.473,-15.019,19.983,-2.9786,-3.3649,73.445,40.972,32.541,21.224,-2.3114
25.501,6.1127,-16.3,-12.921,19.805,-3.8449,-2.4797,74.569,44.294,33.908,23.879,-1.2609
22.033,4.2195,-17.399,-10.272,19.563,-5.0145,-2.1888,75.728,47.964,35.55,26.323,-0.58042
18.448,2.1828,-18.583,-7.5586,19.271,-6.2902,-2.4819,76.796,51.669,37.31,28.226,-0.056484
15.269,0.34754,-19.717,-5.215,18.964,-7.4854,-3.2187,77.688,55.077,38.988,29.505,0.6256
12.873,-1.0071,-20.727,-3.5248,18.679,-8.4689,-4.2193,78.373,57.945,40.391,30.33,1.7867
11.441,-1.7415,-21.592,-2.5924,18.437,-9.1811,-5.3491,78.867,60.181,41.393,31.025,3.6477
10.983,-1.8853,-22.324,-2.3796,18.257,-9.6262,-6.5582,79.216,61.85,41.968,31.917,6.2561
11.388,-1.6017,-22.949,-2.7642,18.176,-9.8541,-7.8655,79.48,63.135,42.219,33.201,9.4631
12.497,-1.1061,-23.519,-3.6067,18.305,-9.9434,-9.2998,79.726,64.293,42.362,34.864,12.954
14.283,-0.56717,-24.128,-4.7982,18.854,-9.9734,-10.826,80.02,65.595,42.677,36.708,16.338
16.942,-0.036038,-24.905,-6.2708,20.098,-9.9859,-12.296,80.432,67.278,43.423,38.461,19.285
20.767,0.55209,-25.957,-8.0081,22.264,-9.9595,-13.447,81.021,69.471,44.745,39.925,21.633
25.925,1.3175,-27.293,-10.043,25.402,-9.8218,-13.973,81.812,72.139,46.612,41.067,23.425
32.239,2.3535,-28.767,-12.384,29.251,-9.4914,-13.624,82.77,75.086,48.833,42.016,24.845
39.046,3.656,-30.076,-14.912,33.219,-8.916,-12.314,83.81,78.031,51.135,42.99,26.137
45.23,5.1073,-30.821,-17.33,36.503,-8.0775,-10.175,84.83,80.725,53.284,44.178,27.517
49.473,6.5191,-30.602,-19.217,38.273,-6.9764,-7.5244,85.753,83.041,55.167,45.659,29.098
50.648,7.695,-29.119,-20.149,37.868,-5.6304,-4.7896,86.549,84.984,56.799,47.367,30.849
48.194,8.4835,-26.283,-19.839,34.995,-4.0946,-2.413,87.216,86.627,58.26,49.129,32.604
42.317,8.8134,-22.279,-18.233,29.872,-2.4717,-0.76481,87.757,88.044,59.615,50.73,34.112
33.912,8.7085,-17.531,-15.543,23.231,-0.89134,-0.061239,88.169,89.261,60.869,51.975,35.13
24.305,8.2764,-12.602,-12.197,16.084,0.53427,-0.30112,88.448,90.256,61.976,52.748,35.514
14.916,7.6771,-8.0356,-8.7197,9.4013,1.7464,-1.2604,88.597,90.992,62.875,53.06,35.287
6.9081,7.0816,-4.2181,-5.5822,3.8626,2.7537,-2.5775,88.625,91.451,63.533,53.051,34.647
0.89613,6.633,-1.3131,-3.0946,-0.26303,3.6211,-3.9064,88.544,91.655,63.972,52.938,33.897
-3.1124,6.4208,0.74056,-1.388,-3.093,4.4398,-5.0525,88.359,91.669,64.27,52.906,33.352
-5.5307,6.4741,2.1683,-0.45402,-4.9272,5.2884,-6.0094,88.07,91.574,64.533,53.03,33.243
-6.8652,6.7711,3.2465,-0.18433,-6.0474,6.1995,-6.9017,87.667,91.444,64.854,53.259,33.657
-7.3902,7.2579,4.1638,-0.42104,-6.6425,7.1454,-7.8947,87.149,91.328,65.276,53.471,34.533
-7.1271,7.8719,4.9305,-1.0282,-6.7753,8.0474,-9.1267,86.518,91.243,65.775,53.547,35.709
-6.06,8.5601,5.3987,-1.9333,-6.3681,8.8051,-10.668,85.786,91.177,66.285,53.421,36.978
-4.2217,9.2855,5.3867,-3.1056,-5.2973,9.3382,-12.492,84.967,91.093,66.73,53.105,38.136
-1.7068,10.023,4.8278,-4.5022,-3.5501,9.6241,-14.445,84.073,90.943,67.066,52.691,39.023
1.2895,10.757,3.8463,-6.0334,-1.3025,9.7176,-16.233,83.117,90.686,67.294,52.313,39.551
4.4723,11.479,2.7191,-7.5733,1.129,9.7404,-17.442,82.107,90.308,67.461,52.097,39.734
7.5065,12.198,1.7683,-8.9992,3.3936,9.8401,-17.642,81.045,89.827,67.637,52.093,39.651
10.089,12.923,1.2535,-10.219,5.1865,10.134,-16.527,79.918,89.275,67.87,52.257,39.368
11.999,13.647,1.3049,-11.172,6.2934,10.667,-14.041,78.694,88.662,68.166,52.482,38.861
13.12,14.343,1.908,-11.811,6.6139,11.401,-10.428,77.328,87.968,68.476,52.662,38.014
13.409,14.962,2.9302,-12.099,6.1487,12.238,-6.1731,75.776,87.143,68.736,52.751,36.687
12.832,15.452,4.1713,-12.009,4.953,13.048,-1.8474,74.007,86.132,68.895,52.786,34.851
11.32,15.77,5.44,-11.534,3.0965,13.709,2.0369,71.997,84.874,68.929,52.854,32.719
8.8297,15.899,6.6488,-10.698,0.65679,14.164,5.1003,69.714,83.304,68.832,53.024,30.764
5.4539,15.855,7.8496,-9.5764,-2.2525,14.457,7.1032,67.115,81.355,68.594,53.282,29.527
1.4947,15.686,9.138,-8.2881,-5.4265,14.691,7.9189,64.156,78.97,68.179,53.508,29.37
-2.5675,15.446,10.491,-6.986,-8.5292,14.933,7.5342,60.837,76.131,67.528,53.51,30.344
-6.1703,15.17,11.705,-5.8297,-11.131,15.148,6.0845,57.226,72.885,66.572,53.097,32.195
-8.7777,14.861,12.483,-4.9575,-12.824,15.22,3.861,53.459,69.344,65.254,52.157,34.433
-9.9674,14.488,12.573,-4.4608,-13.315,15.01,1.2503,49.699,65.644,63.553,50.707,36.457
-9.5004,14.01,11.826,-4.3666,-12.445,14.415,-1.357,46.065,61.887,61.49,48.895,37.737
-7.389,13.396,10.186,-4.6317,-10.177,13.395,-3.6273,42.585,58.089,59.124,46.953,37.939
-3.9353,12.65,7.6864,-5.1526,-6.6324,11.986,-5.3021,39.192,54.173,56.523,45.086,36.921
0.30408,11.82,4.5017,-5.7927,-2.1651,10.301,-6.2043,35.753,49.998,53.739,43.37,34.705
4.6353,10.992,0.98948,-6.4193,2.6163,8.5263,-6.2476,32.108,45.419,50.773,41.698,31.552
8.3835,10.263,-2.3585,-6.9342,6.9758,6.8826,-5.4366,28.103,40.337,47.559,39.814,28.003
11.043,9.7036,-5.0473,-7.2904,10.261,5.5611,-3.8433,23.614,34.748,43.971,37.404,24.774
12.394,9.3553,-6.6934,-7.505,12.052,4.6912,-1.5731,18.582,28.754,39.874,34.229,22.531
12.53,9.2587,-7.0964,-7.6625,12.213,4.3518,1.2403,13.044,22.532,35.203,30.238,21.674
11.757,9.4646,-6.2967,-7.8666,10.903,4.5585,4.4013,7.1448,16.28,30.022,25.637,22.239
10.451,9.9744,-4.5858,-8.1506,8.553,5.2032,7.6364,1.0989,10.152,24.525,20.843,23.895
8.923,10.653,-2.4197,-8.4251,5.7463,6.0398,10.638,-4.8671,4.2364,18.97,16.292,26.007
7.3266,11.205,-0.28735,-8.4806,3.0271,6.7547,13.108,-10.57,-1.4322,13.581,12.213,27.835
5.6124,11.249,1.3778,-8.0196,0.76935,7.0606,14.763,-15.892,-6.8442,8.493,8.5356,28.786
3.5638,10.454,2.2531,-6.7301,-0.86748,6.7636,15.37,-20.778,-11.985,3.7494,5.0177,28.592
0.91073,8.6461,2.1913,-4.3969,-1.9302,5.797,14.83,-25.211,-16.818,-0.64484,1.4639,27.313
-2.5323,5.8571,1.2681,-1.0037,-2.6212,4.2284,13.211,-29.208,-21.293,-4.6773,-2.1343,25.232
-6.7566,2.3276,-0.23544,3.2229,-3.1989,2.2405,10.724,-32.817,-25.365,-8.3162,-5.615,22.693
-11.519,-1.5385,-1.9358,7.8454,-3.8661,0.089909,7.6634,-36.119,-29.028,-11.539,-8.7813,19.942
-16.383,-5.2657,-3.491,12.318,-4.6961,-1.959,4.3637,-39.218,-32.325,-14.373,-11.537,17.057
-20.833,-8.43,-4.7093,16.131,-5.6255,-3.7071,1.1566,-42.215,-35.344,-16.906,-13.928,13.995
-24.398,-10.763,-5.5601,18.938,-6.5105,-5.0583,-1.6609,-45.175,-38.182,-19.256,-16.075,10.7
-26.762,-12.184,-6.0915,20.629,-7.2104,-5.9921,-3.8456,-48.089,-40.898,-21.513,-18.06,7.1731
-27.831,-12.769,-6.3419,21.311,-7.648,-6.5093,-5.2297,-50.868,-43.48,-23.686,-19.868,3.4754
-27.706,-12.692,-6.3281,21.218,-7.8096,-6.6175,-5.7596,-53.367,-45.831,-25.698,-21.417,-0.28585
-26.578,-12.156,-6.0934,20.583,-7.6853,-6.3506,-5.5251,-55.434,-47.812,-27.427,-22.641,-3.9482
-24.615,-11.318,-5.7531,19.551,-7.2089,-5.7786,-4.7404,-56.947,-49.278,-28.757,-23.531,-7.3113
-21.935,-10.228,-5.4845,18.159,-6.2674,-4.9909,-3.6863,-57.841,-50.131,-29.62,-24.143,-10.191
-18.681,-8.8496,-5.4417,16.384,-4.7922,-4.0554,-2.6699,-58.123,-50.35,-30.017,-24.573,-12.473
-15.1,-7.1062,-5.6403,14.201,-2.8773,-2.976,-2.019,-57.876,-50.006,-30.021,-24.915,-14.128
-11.53,-4.963,-5.9081,11.654,-0.83404,-1.7133,-2.0486,-57.252,-49.252,-29.752,-25.232,-15.197
-8.3359,-2.5269,-5.9493,8.9003,0.87348,-0.27405,-2.9422,-56.425,-48.286,-29.354,-25.557,-15.764
-5.847,-0.028911,-5.4421,6.1859,1.7783,1.2936,-4.5847,-55.541,-47.3,-28.946,-25.872,-15.926
-4.2737,2.3651,-4.124,3.7288,1.5692,3.0111,-6.4949,-54.669,-46.428,-28.589,-26.112,-15.765
-3.6192,4.6585,-1.9056,1.6078,0.20684,4.9562,-7.9638,-53.796,-45.713,-28.264,-26.195,-15.341
-3.6568,6.9116,1.0435,-0.23768,-2.041,7.1402,-8.3306,-52.866,-45.12,-27.92,-26.093,-14.705
-4.0167,9.1039,4.3153,-1.8918,-4.6718,9.4318,-7.2388,-51.834,-44.581,-27.532,-25.865,-13.917
-4.3441,11.098,7.3833,-3.3537,-7.1147,11.578,-4.7496,-50.704,-44.045,-27.131,-25.645,-13.066
-4.4478,12.687,9.766,-4.5094,-8.9215,13.292,-1.3052,-49.525,-43.49,-26.789,-25.575,-12.266
-4.3781,13.671,11.174,-5.1694,-9.9038,14.35,2.4007,-48.366,-42.923,-26.574,-25.749,-11.638
-4.4065,13.922,11.591,-5.1369,-10.175,14.666,5.6098,-47.28,-42.351,-26.505,-26.169,-11.262
-4.9119,13.421,11.277,-4.2806,-10.093,14.314,7.695,-46.276,-41.763,-26.522,-26.744,-11.135
-6.2241,12.264,10.671,-2.5938,-10.117,13.506,8.2973,-45.31,-41.123,-26.508,-27.319,-11.167
-8.4861,10.658,10.248,-0.23293,-10.634,12.523,7.3771,-44.319,-40.39,-26.336,-27.729,-11.238
-11.592,8.8947,10.345,2.4796,-11.813,11.637,5.2158,-43.249,-39.54,-25.93,-27.865,-11.286
-15.234,7.2855,11.022,5.12,-13.575,11.031,2.3809,-42.081,-38.572,-25.301,-27.714,-11.363
-19.023,6.0765,12.048,7.3036,-15.648,10.774,-0.40216,-40.817,-37.5,-24.522,-27.343,-11.617
-22.592,5.3876,13.074,8.8211,-17.682,10.858,-2.4856,-39.455,-36.329,-23.673,-26.831,-12.199
-25.634,5.2303,13.887,9.6717,-19.405,11.291,-3.5163,-37.939,-35.018,-22.773,-26.176,-13.158
-27.908,5.6031,14.543,10.005,-20.708,12.157,-3.4798,-36.143,-33.475,-21.745,-25.276,-14.375
-29.265,6.6774,15.286,10.008,-21.602,13.619,-2.5815,-33.895,-31.579,-20.426,-23.98,-15.579
-29.574,8.9715,16.376,9.601,-22.118,15.916,-1.1148,-31.045,-29.232,-18.637,-22.163,-16.45
-28.57,13.151,17.963,8.1506,-22.211,19.308,0.58499,-27.558,-26.409,-16.254,-19.766,-16.737
-25.912,19.397,20.052,4.965,-21.706,23.906,2.1457,-23.559,-23.179,-13.274,-16.809,-16.357
-21.403,27.227,22.521,0.044174,-20.349,29.552,3.2671,-19.312,-19.698,-9.8535,-13.482,-15.443
-15.105,36.112,25.182,-6.2218,-17.966,35.948,3.9372,-15.139,-16.174,-6.2855,-10.108,-14.289
-7.4314,45.809,27.916,-13.552,-14.662,42.858,4.5342,-11.309,-12.823,-2.9,-6.8156,-13.255
0.91337,56.108,30.785,-21.655,-10.88,50.142,5.6599,-7.9625,-9.781,0.077297,-3.4297,-12.624
9.0641,66.655,34.034,-30.028,-7.2739,57.672,7.8464,-5.0774,-7.0498,2.6128,0.2837,-12.493
16.062,76.991,37.964,-38.031,-4.5255,65.293,11.341,-2.5003,-4.5031,4.8477,4.3894,-12.742
21.05,86.657,42.74,-45.114,-3.164,72.821,16.011,-0.016244,-1.9591,7.0075,8.7313,-13.073
23.552,95.247,48.26,-50.999,-3.4281,80.064,21.357,2.5635,0.73478,9.2953,13.012,-13.147
23.585,102.44,54.174,-55.736,-5.1991,86.771,26.641,5.3217,3.6409,11.806,16.925,-12.74
21.584,108.12,60.033,-59.596,-8.04,92.619,31.083,8.1853,6.7063,14.485,20.282,-11.867
18.247,112.6,65.47,-62.828,-11.335,97.363,34.076,10.927,9.7781,17.147,23.065,-10.756
14.408,116.52,70.303,-65.421,-14.5,101.1,35.346,13.228,12.651,19.549,25.415,-9.5777
10.907,120.44,74.551,-67.298,-17.17,104.32,34.997,14.789,15.134,21.483,27.558,-8.0334
8.3967,124.53,78.384,-68.727,-19.255,107.62,33.439,15.452,17.121,22.86,29.703,-5.3349
7.1761,128.69,82.006,-70.205,-20.816,111.36,31.246,15.251,18.625,23.733,31.956,-0.7926
7.207,132.73,85.496,-72.038,-21.923,115.48,28.956,14.372,19.748,24.261,34.238,5.8093
8.3021,136.49,88.695,-74.24,-22.556,119.53,26.845,13.033,20.604,24.611,36.275,14.378
10.297,139.87,91.237,-76.683,-22.597,123.06,24.846,11.385,21.249,24.885,37.707,24.57
13.075,142.77,92.715,-79.233,-21.851,125.73,22.678,9.4931,21.675,25.098,38.317,35.66
16.522,145.15,92.85,-81.807,-20.138,127.43,20.056,7.3767,21.853,25.214,38.215,46.582
20.551,147.1,91.574,-84.4,-17.426,128.21,16.863,5.0732,21.788,25.207,37.832,56.211
25.125,148.83,89.044,-87.068,-13.888,128.31,13.234,2.6548,21.533,25.089,37.701,63.693
30.203,150.54,85.562,-89.866,-9.8199,128.04,9.5278,0.20215,21.157,24.886,38.161,68.634
35.628,152.28,81.461,-92.777,-5.5551,127.61,6.1763,-2.2324,20.694,24.588,39.186,71.151
41.109,153.9,77.033,-95.687,-1.4444,126.9,3.5373,-4.6356,20.107,24.123,40.418,71.814
46.266,154.99,72.487,-98.398,2.1474,125.5,1.8045,-7.0204,19.304,23.365,41.364,71.426
50.66,155.11,67.935,-100.66,4.8914,123.09,0.97307,-9.4124,18.163,22.186,41.598,70.669
53.838,154.07,63.412,-102.2,6.5651,119.93,0.84999,-11.848,16.567,20.497,40.881,69.85
55.382,152.01,58.878,-102.75,7.1152,116.43,1.1099,-14.369,14.436,18.266,39.21,68.9
54.952,148.83,54.164,-101.95,6.6824,112.43,1.3827,-17.015,11.744,15.515,36.779,67.52
52.365,143.99,49.032,-99.342,5.5685,107.44,1.3434,-19.796,8.5274,12.295,33.863,65.358
47.691,136.89,43.42,-94.445,4.1394,101.09,0.78594,-22.678,4.8851,8.6944,30.655,62.19
41.27,127.15,37.615,-86.941,2.6989,93.215,-0.31636,-25.58,0.96562,4.849,27.169,58.019
33.666,114.79,32.061,-76.791,1.4042,83.952,-1.783,-28.398,-3.062,0.92981,23.281,53.012
25.569,100.29,27.058,-64.386,0.25891,73.779,-3.2795,-31.044,-7.0571,-2.906,18.869,47.379
17.638,84.475,22.726,-50.657,-0.83371,63.443,-4.4542,-33.494,-10.958,-6.5736,13.915,41.315
10.347,68.35,19.067,-36.971,-1.9934,53.584,-5.0896,-35.805,-14.798,-10.084,8.5133,35.006
3.9161,52.96,15.993,-24.758,-3.2982,44.504,-5.1851,-38.092,-18.676,-13.514,2.8344,28.651
-1.6227,39.256,13.41,-15.033,-4.7541,36.273,-4.9389,-40.468,-22.687,-16.94,-2.8732,22.446
-6.2933,27.876,11.254,-8.0624,-6.2908,28.879,-4.6618,-42.993,-26.861,-20.378,-8.2969,16.551
-10.074,18.951,9.4467,-3.3625,-7.7772,22.281,-4.6744,-45.649,-31.138,-23.763,-13.155,11.036
-12.955,12.232,7.8437,0.011213,-9.057,16.532,-5.2224,-48.353,-35.384,-26.959,-17.308,5.8598
-15.099,7.3857,6.2775,2.9381,-9.9992,11.795,-6.4274,-50.986,-39.426,-29.795,-20.779,0.91125
-16.86,3.8572,4.6429,5.8111,-10.545,8.0432,-8.2668,-53.428,-43.094,-32.101,-23.67,-3.8754
-18.61,0.87268,2.9197,8.6937,-10.716,4.9697,-10.579,-55.598,-46.266,-33.767,-26.082,-8.4213
-20.566,-2.0108,1.1166,11.561,-10.571,2.2794,-13.087,-57.481,-48.91,-34.78,-28.098,-12.566
-22.696,-4.8314,-0.78694,14.315,-10.124,-0.18488,-15.455,-59.139,-51.097,-35.256,-29.796,-16.236
-24.717,-7.4709,-2.8467,16.773,-9.3169,-2.5121,-17.359,-60.691,-52.987,-35.424,-31.275,-19.508
-26.18,-9.8285,-5.1271,18.71,-8.0383,-4.7798,-18.567,-62.269,-54.779,-35.577,-32.638,-22.541
-26.627,-11.876,-7.6788,19.918,-6.2066,-7.0563,-18.995,-63.966,-56.637,-35.981,-33.96,-25.464
-25.76,-13.64,-10.508,20.289,-3.8476,-9.3814,-18.728,-65.796,-58.634,-36.776,-35.263,-28.321
-23.528,-15.162,-13.524,19.857,-1.1143,-11.733,-17.978,-67.689,-60.732,-37.926,-36.506,-31.049
-20.096,-16.448,-16.521,18.748,1.7955,-13.993,-17.018,-69.509,-62.794,-39.251,-37.613,-33.496
-15.749,-17.45,-19.282,17.125,4.7574,-15.957,-16.104,-71.121,-64.662,-40.526,-38.518,-35.47
-10.815,-18.1,-21.737,15.165,7.7762,-17.45,-15.432,-72.442,-66.22,-41.583,-39.2,-36.801
-5.66,-18.395,-24.035,13.074,10.944,-18.479,-15.155,-73.472,-67.44,-42.374,-39.702,-37.392
-0.66654,-18.475,-26.448,11.087,14.334,-19.271,-15.398,-74.28,-68.382,-42.965,-40.114,-37.251
3.8215,-18.573,-29.175,9.4415,17.906,-20.131,-16.268,-74.964,-69.151,-43.489,-40.527,-36.496
7.512,-18.879,-32.159,8.3298,21.437,-21.249,-17.809,-75.605,-69.846,-44.073,-40.999,-35.333
10.099,-19.436,-35.075,7.8428,24.493,-22.61,-19.939,-76.23,-70.532,-44.796,-41.525,-34.008
11.257,-20.1,-37.464,7.9437,26.53,-24.007,-22.428,-76.813,-71.222,-45.669,-42.037,-32.735
10.762,-20.578,-38.913,8.4754,27.109,-25.096,-24.933,-77.296,-71.893,-46.651,-42.415,-31.647
8.6759,-20.556,-39.178,9.2046,26.119,-25.524,-27.084,-77.626,-72.501,-47.676,-42.535,-30.777
5.4407,-19.871,-38.278,9.8884,23.832,-25.126,-28.581,-77.792,-73.007,-48.691,-42.349,-30.089
1.8106,-18.631,-36.515,10.337,20.823,-24.044,-29.282,-77.832,-73.387,-49.679,-41.939,-29.522
-1.3812,-17.164,-34.417,10.448,17.83,-22.675,-29.235,-77.82,-73.641,-50.667,-41.5,-29.028
-3.4745,-15.841,-32.588,10.196,15.565,-21.482,-28.652,-77.822,-73.766,-51.693,-41.251,-28.584
-4.0994,-14.942,-31.507,9.6143,14.533,-20.816,-27.829,-77.847,-73.729,-52.755,-41.338,-28.184
-3.1296,-14.637,-31.371,8.7643,14.917,-20.838,-27.027,-77.832,-73.442,-53.782,-41.773,-27.819
-0.5995,-14.98,-32.055,7.6966,16.568,-21.511,-26.371,-77.657,-72.77,-54.636,-42.423,-27.468
3.2658,-15.856,-33.194,6.4338,19.079,-22.632,-25.811,-77.198,-71.551,-55.146,-43.065,-27.096
7.9494,-16.986,-34.335,5.0047,21.901,-23.862,-25.165,-76.376,-69.624,-55.135,-43.462,-26.671
12.663,-18.008,-35.093,3.5076,24.513,-24.759,-24.212,-75.202,-66.864,-54.441,-43.431,-26.189
16.556,-18.599,-35.318,2.1599,26.554,-24.919,-22.795,-73.802,-63.23,-52.935,-42.881,-25.691
18.967,-18.62,-35.162,1.2951,27.842,-24.244,-20.9,-72.405,-58.927,-50.538,-41.81,-25.259
19.495,-18.137,-34.984,1.2877,28.323,-22.97,-18.686,-71.318,-54.806,-47.322,-40.272,-24.985
17.911,-17.293,-35.272,2.4093,28.026,-21.572,-16.455,-70.87,-53.138,-44.035,-38.385,-24.899
14.157,-16.469,-36.882,4.6791,27.041,-21.452,-14.555,-71.379,-57.054,-44.604,-36.758,-24.935
8.5103,-17.95,-41.564,7.7974,25.485,-28.925,-13.296,-73.142,-61.767,-59.82,-38.586,-25.055
1.6643,-31.874,-51.913,11.387,23.476,-49.155,-12.904,-76.399,-53.95,-73.09,-50.506,-25.964
-5.4327,-57.52,-63.357,16.179,21.024,-61.592,-13.517,-80.742,-36.531,-66.126,-58.765,-32.957
-11.833,-68.564,-66.408,26.055,17.726,-66.048,-15.198,-78.197,-16.246,-50.743,-53.174,-53.057
-16.751,-69.725,-61.512,40.675,12.614,-62.707,-17.931,-64.445,7.1212,-28.427,-40.297,-57.314
-19.649,-62.006,-48.448,47.336,4.7662,-50.333,-20.938,-62.372,36.848,1.4737,-20.923,-50.005
-20.308,-43.688,-26.498,42.035,-6.0905,-28.973,-21.263,-72.28,75.16,39.901,5.4088,-35.751
-18.833,-14.679,3.8086,27.46,-19.55,0.57962,-23.316,-93.402,119.36,87.959,39.524,-13.726
-15.582,23.348,40.446,6.1182,-34.43,37.052,-29.338,-124.39,165.96,145.92,81.949,16.524
-11.032,67.828,80.913,-19.106,-49.194,78.896,-38.075,-165.47,214.23,212.2,132.09,54.569
-5.5321,115.37,122.6,-45.579,-62.782,123.68,-49.905,-221.18,262.87,284.36,188.85,99.783
0.82901,163.39,162.9,-73.26,-74.855,168.38,-66.014,-301.97,307.1,360.72,252.7,151.99
7.9087,211.69,200.31,-103.65,-85.413,211.53,-87.879,-421.95,337.65,439.21,324.92,211.13
15.39,261.1,234.96,-137.08,-94.579,253.55,-116.33,-585.48,342.75,514.31,402.85,276.57
26.9,311.54,267.65,-172.18,-102.86,294.78,-150.85,-784.1,311.55,578.28,481.54,345.75
50.774,361.26,298.89,-206.73,-111.04,334.63,-189.81,-1021,237.99,625.12,555.43,413.35
66.901,407.52,328.12,-238.23,-119.53,371.6,-230.7,-1291,123.23,651.72,617.93,472.87
77.78,446.45,353.49,-263.92,-127.85,402.84,-269.89,-1578.1,-23.542,657.51,662.33,518.18
83.586,472.17,372.05,-280.11,-135.1,424.25,-303.47,-1861.4,-187.67,642.77,682.04,543.77
81.63,477.72,380.76,-281.99,-141.21,431.1,-329.11,-2119.6,-354.5,606.29,670.25,543.58
68.375,456.83,377.43,-264.82,-147.15,419.02,-347.01,-2335.1,-513.16,543.66,619.48,511.8
40.234,406.17,361.2,-225.25,-154.13,385.6,-359.16,-2497.4,-658.25,448.03,523.73,445.31
-4.8014,326.48,332.76,-162.52,-163.18,331.56,-368.43,-2603.5,-792.68,313.27,382.44,346.52
-65.736,222.97,294.33,-79.585,-175.19,260.81,-377.99,-2657.7,-925.67,138.34,202.32,223.69
-140.01,104.71,249.59,16.575,-190.01,179.81,-390.59,-2668.7,-1064.5,-69.949,-2.6033,88.665
-218.37,-16.526,203.26,116,-205.42,96.632,-407.39,-2645.9,-1207.8,-296.52,-212.58,-46.349
-289.08,-128.25,159.72,207.31,-218.73,19.37,-427.3,-2595.5,-1344.4,-519.56,-405.84,-170.35
-342.83,-219.3,121.37,279.89,-226.89,-45.24,-447.9,-2519.6,-1456.1,-714.28,-563.19,-273.8
-373.84,-282.43,88.515,327.2,-227.2,-93.149,-466.76,-2417.1,-1524.5,-858.93,-671.04,-348.91
-382.15,-316.28,60.226,348.52,-218.68,-123.95,-482.27,-2288.2,-1538.5,-940.87,-723.54,-392.12
-370.7,-325.26,35.252,347.55,-201.86,-140.56,-493.07,-2136,-1497.5,-960.07,-724.82,-406.11
-343.37,-316.66,12.557,329.72,-177.8,-147.47,-497.3,-1966.1,-1411,-927.99,-687.97,-397.84
-303.84,-297.27,-8.4155,300.23,-147.69,-148.7,-492.8,-1784.1,-1293.9,-862.39,-629.32,-375.17
-255.84,-271.93,-27.526,263.64,-113.66,-146.65,-477.68,-1593.7,-1160.1,-780.17,-562.28,-344.43
-204.28,-243.47,-43.776,223.95,-79.279,-141.98,-450.6,-1397.7,-1019.1,-693.04,-494.53,-309.56
-154.54,-213.43,-55.156,184.28,-48.091,-134.47,-411.81,-1199.3,-875.26,-606.18,-428.29,-272.67
-110.97,-182.5,-58.606,147.3,-21.778,-124.02,-364.17,-1003.4,-731.2,-520.17,-362.32,-235.37
-76.513,-152.96,-54.807,116.42,-0.57877,-111.28,-312.45,-816.6,-592.52,-433.98,-295.64,-199.26
-51.638,-130.06,-50.508,93.319,15.099,-99.646,-261.65,-646.4,-469.55,-352.5,-239.1,-168.46
-35.394,-113.51,-48.161,76.326,24.741,-91.206,-215.39,-499.21,-368.19,-285.82,-196.27,-145
-26.538,-100.19,-46.501,64.067,28.577,-84.465,-175.01,-378.6,-287.73,-233.25,-161.37,-126.39
-22.752,-88.383,-44.764,55.741,25.981,-78.196,-139.74,-284.46,-225.91,-191.39,-132.65,-110.62
-21.252,-77.653,-43.107,49.994,16.981,-71.962,-108.17,-213.46,-179.78,-159,-110.46,-96.671
-19.823,-68.045,-41.933,45.531,14.049,-65.765,-79.913,-160.61,-145.65,-134.82,-94.581,-83.782
-14.359,-59.426,-41.381,41.093,15.488,-59.768,-55.957,-120.74,-119.78,-117.04,-83.782,-71.506
-8.4581,-51.64,-41.239,34.079,17.705,-54.058,-36.75,-89.605,-99.296,-103.77,-76.26,-59.482
-4.709,-45.506,-41.114,27.72,19.983,-48.589,-21.69,-64.321,-82.426,-93.374,-69.858,-48.735
-1.7638,-41.421,-40.548,24.15,21.818,-43.282,-9.8194,-43.205,-68.536,-84.655,-61.353,-41.749
0.069342,-38.48,-39.071,22.168,22.526,-38.121,-0.23222,-25.674,-59.521,-77.292,-51.453,-37.339
0.29423,-36.047,-36.32,21.172,21.487,-33.222,7.6622,-17.699,-58.598,-71.318,-44.701,-33.775
-1.3411,-33.884,-32.183,20.86,18.435,-28.716,13.948,-20.816,-55.585,-66.135,-40.327,-30.351
-4.7283,-31.85,-26.845,20.994,13.61,-24.645,17.293,-16.676,-50.192,-61.582,-37.08,-26.778
-9.4351,-29.87,-20.745,21.374,7.6543,-20.987,18.347,-7.7631,-44.936,-57.711,-34.537,-23.019
-14.824,-27.949,-14.478,21.87,1.3421,-17.735,20.011,1.8435,-40.431,-54.475,-32.538,-19.242
-20.222,-26.183,-8.657,22.43,-4.6432,-14.919,22.909,10.727,-36.656,-51.766,-30.949,-15.733
-25.065,-24.692,-3.8113,23.05,-9.7837,-12.594,26.442,18.544,-33.427,-49.442,-29.635,-12.777
-28.978,-23.541,-0.31134,23.714,-13.725,-10.799,29.984,25.333,-30.556,-47.355,-28.473,-10.545
-31.74,-22.68,1.6967,24.346,-16.264,-9.5182,33.108,31.249,-27.912,-45.372,-27.381,-9.0421
-33.22,-21.949,2.3157,24.8,-17.347,-8.6895,35.511,36.438,-25.453,-43.415,-26.332,-8.1267
-33.357,-21.156,1.8342,24.898,-17.061,-8.2245,36.974,40.992,-23.208,-41.487,-25.343,-7.602
-32.219,-20.164,0.60616,24.494,-15.603,-8.032,37.412,44.935,-21.244,-39.664,-24.459,-7.3244
-30.009,-18.963,-1.0477,23.537,-13.238,-8.043,36.94,48.252,-19.611,-38.051,-23.725,-7.2711
-27.014,-17.662,-2.8898,22.088,-10.278,-8.225,35.874,50.913,-18.32,-36.734,-23.159,-7.5269
-23.535,-16.432,-4.7819,20.288,-7.055,-8.5723,34.65,52.9,-17.341,-35.74,-22.746,-8.1981
-19.821,-15.402,-6.6745,18.297,-3.8536,-9.0772,33.694,54.241,-16.604,-35.023,-22.437,-9.3141
-16.013,-14.604,-8.571,16.22,-0.82345,-9.7041,33.31,55.018,-16.014,-34.48,-22.171,-10.795
-12.139,-13.945,-10.483,14.076,2.0478,-10.378,33.596,55.371,-15.462,-33.981,-21.889,-12.5
-8.1329,-13.238,-12.399,11.789,4.8646,-10.992,34.431,55.47,-14.84,-33.397,-21.544,-14.296
-3.8976,-12.292,-14.284,9.2753,7.7219,-11.43,35.504,55.49,-14.06,-32.634,-21.102,-16.106
0.57313,-11.014,-16.107,6.5542,10.638,-11.616,36.408,55.57,-13.073,-31.641,-20.557,-17.907
5.0801,-9.4777,-17.849,3.7995,13.525,-11.563,36.768,55.782,-11.883,-30.428,-19.943,-19.699
9.2283,-7.8938,-19.504,1.2793,16.206,-11.382,36.371,56.122,-10.539,-29.054,-19.327,-21.474
12.568,-6.4903,-21.056,-0.76171,18.466,-11.221,35.249,56.53,-9.1139,-27.616,-18.768,-23.203
14.777,-5.4022,-22.463,-2.204,20.125,-11.197,33.631,56.928,-7.6781,-26.221,-18.284,-24.837
15.793,-4.632,-23.65,-3.092,21.1,-11.344,31.836,57.252,-6.2776,-24.954,-17.85,-26.314
15.858,-4.0748,-24.526,-3.6032,21.428,-11.598,30.142,57.486,-4.9179,-23.844,-17.414,-27.572
15.458,-3.5654,-24.991,-3.9778,21.257,-11.8,28.699,57.671,-3.5573,-22.846,-16.898,-28.546
15.174,-2.9356,-24.949,-4.4458,20.803,-11.74,27.507,57.894,-2.1175,-21.856,-16.217,-29.169
15.508,-2.0791,-24.36,-5.1791,20.34,-11.246,26.428,58.256,-0.51378,-20.752,-15.297,-29.384
16.782,-0.99779,-23.353,-6.2607,20.194,-10.3,25.231,58.828,1.3033,-19.451,-14.122,-29.141
19.107,0.19363,-22.28,-7.6467,20.694,-9.09,23.662,59.617,3.3223,-17.938,-12.747,-28.388
22.263,1.3054,-21.564,-9.1426,21.986,-7.931,21.545,60.569,5.484,-16.262,-11.266,-27.03
25.614,2.142,-21.416,-10.439,23.836,-7.0975,18.865,61.617,7.7304,-14.507,-9.7488,-24.919
28.235,2.5771,-21.696,-11.203,25.651,-6.7001,15.796,62.719,10.051,-12.75,-8.1992,-21.929
29.216,2.6013,-22.055,-11.189,26.727,-6.6739,12.633,63.858,12.491,-11.032,-6.5673,-18.061
27.944,2.318,-22.077,-10.333,26.519,-6.8356,9.6764,65.024,15.113,-9.347,-4.8004,-13.504
24.327,1.889,-21.396,-8.7666,24.761,-6.9535,7.1378,66.192,17.949,-7.6463,-2.8772,-8.5886
18.891,1.4664,-19.847,-6.778,21.506,-6.8284,5.0904,67.329,20.965,-5.8505,-0.80098,-3.6769
12.664,1.1534,-17.537,-4.7311,17.147,-6.3721,3.4898,68.412,24.065,-3.8875,1.4276,0.92913
6.8638,1.0012,-14.826,-2.9961,12.458,-5.6455,2.226,69.438,27.118,-1.7282,3.8337,5.0267
2.6051,1.0188,-12.26,-1.8937,8.4709,-4.8339,1.1703,70.424,30.02,0.60199,6.4799,8.4832
0.75982,1.1775,-10.425,-1.6366,6.1729,-4.1731,0.2078,71.401,32.739,3.0489,9.4535,11.186
1.8202,1.4066,-9.755,-2.2569,6.1627,-3.8591,-0.73317,72.407,35.353,5.5765,12.812,13.022
5.6197,1.5987,-10.378,-3.558,8.4393,-3.9764,-1.659,73.485,38.034,8.2094,16.515,13.909
11.158,1.6346,-12.062,-5.1356,12.362,-4.4725,-2.5172,74.673,41.012,11.046,20.403,13.871
16.858,1.4181,-14.286,-6.4769,16.828,-5.1863,-3.2334,75.996,44.496,14.225,24.273,13.087
21.077,0.89874,-16.396,-7.1052,20.602,-5.9196,-3.7672,77.445,48.578,17.844,27.952,11.861
22.618,0.078663,-17.81,-6.7198,22.648,-6.5142,-4.1689,78.959,53.139,21.878,31.325,10.53
21.119,-0.98745,-18.223,-5.2901,22.429,-6.8964,-4.6019,80.433,57.845,26.14,34.324,9.3779
17.097,-2.1929,-17.647,-3.0634,20.093,-7.068,-5.2899,81.76,62.278,30.329,36.932,8.604
11.539,-3.3855,-16.275,-0.46614,16.314,-7.0565,-6.4009,82.879,66.144,34.155,39.195,8.3259
5.5136,-4.3956,-14.349,2.0557,11.917,-6.8705,-7.9373,83.807,69.398,37.464,41.215,8.5833
-0.043598,-5.0892,-12.117,4.167,7.6134,-6.498,-9.6921,84.613,72.215,40.275,43.088,9.3255
-4.4992,-5.4203,-9.8095,5.7075,3.8928,-5.9419,-11.297,85.379,74.846,42.742,44.838,10.428
-7.6231,-5.4431,-7.6318,6.6937,1.0221,-5.2515,-12.342,86.156,77.478,45.061,46.387,11.785
-9.535,-5.2736,-5.7899,7.2593,-0.93023,-4.5174,-12.515,86.951,80.163,47.385,47.61,13.413
-10.545,-5.0273,-4.4376,7.5654,-2.0767,-3.8348,-11.718,87.735,82.817,49.762,48.419,15.442
-10.963,-4.7663,-3.6017,7.7247,-2.6388,-3.2645,-10.106,88.466,85.288,52.123,48.821,18
-11.008,-4.477,-3.1714,7.7637,-2.8497,-2.8106,-8.0469,89.111,87.438,54.328,48.922,21.153
-10.814,-4.0823,-2.9515,7.6255,-2.8861,-2.4146,-6.0033,89.651,89.197,56.245,48.894,24.858
-10.442,-3.4833,-2.7402,7.2109,-2.8483,-1.9742,-4.3859,90.088,90.581,57.806,48.913,28.918
-9.8791,-2.6167,-2.4041,6.4428,-2.7774,-1.3933,-3.438,90.436,91.671,59.03,49.106,32.973
-9.06,-1.4998,-1.9184,5.3209,-2.664,-0.63402,-3.195,90.716,92.581,60.008,49.497,36.567
-7.8956,-0.22895,-1.3638,3.9302,-2.4352,0.26012,-3.5178,90.945,93.426,60.864,49.991,39.271
-6.2963,1.0631,-0.8994,2.3933,-1.9481,1.1775,-4.1923,91.132,94.287,61.711,50.426,40.805
-4.186,2.259,-0.72498,0.81132,-1.0158,1.981,-5.0872,91.272,95.19,62.615,50.667,41.122
-1.5299,3.2919,-1.0163,-0.76065,0.51982,2.563,-6.2796,91.348,96.098,63.578,50.677,40.413
1.6133,4.1562,-1.8416,-2.3001,2.6918,2.8894,-8.0178,91.336,96.933,64.55,50.542,39.018
5.043,4.8988,-3.0963,-3.7891,5.3295,3.0146,-10.537,91.218,97.609,65.458,50.42,37.304
8.4049,5.5931,-4.5002,-5.1872,8.0329,3.0583,-13.852,90.976,98.063,66.24,50.477,35.56
11.22,6.3064,-5.6723,-6.4191,10.239,3.1598,-17.601,90.59,98.259,66.852,50.815,33.938
12.974,7.0742,-6.2417,-7.3881,11.399,3.4388,-21.041,90.027,98.185,67.265,51.429,32.45
13.277,7.8946,-5.946,-8.0157,11.192,3.9778,-23.256,89.259,97.841,67.473,52.209,31.015
12.044,8.7402,-4.7242,-8.2844,9.6275,4.808,-23.499,88.277,97.255,67.501,52.97,29.567
9.6013,9.5758,-2.7627,-8.2587,7.0437,5.8911,-21.481,87.119,96.498,67.417,53.528,28.164
6.6397,10.374,-0.42882,-8.074,4.0291,7.1173,-17.487,85.866,95.691,67.324,53.765,27.037
4.016,11.122,1.8362,-7.9069,1.2927,8.3347,-12.304,84.621,94.966,67.325,53.665,26.521
2.5125,11.826,3.5861,-7.9366,-0.49854,9.3964,-7.0038,83.468,94.415,67.479,53.303,26.93
2.6512,12.506,4.453,-8.2998,-0.8586,10.204,-2.639,82.436,94.051,67.772,52.805,28.418
4.5455,13.191,4.2882,-9.0473,0.38867,10.74,0.047145,81.494,93.814,68.133,52.3,30.909
7.8111,13.908,3.2943,-10.123,2.9569,11.075,0.79984,80.57,93.619,68.481,51.893,34.11
11.635,14.684,2.0281,-11.371,6.0624,11.373,-0.1229,79.589,93.4,68.768,51.652,37.58
15.016,15.543,1.2368,-12.582,8.6654,11.86,-2.0762,78.504,93.126,68.992,51.612,40.862
17.057,16.504,1.6312,-13.545,9.8371,12.77,-4.2463,77.284,92.783,69.17,51.772,43.586
17.226,17.555,3.6519,-14.11,9.0414,14.249,-5.8787,75.901,92.34,69.307,52.098,45.547
15.479,18.645,7.293,-14.229,6.2601,16.282,-6.4933,74.3,91.723,69.372,52.53,46.695
12.21,19.678,12.089,-13.95,1.9422,18.668,-6.0117,72.402,90.812,69.303,52.993,47.095
8.0634,20.548,17.284,-13.378,-3.1648,21.056,-4.7009,70.125,89.47,69.028,53.416,46.855
3.7313,21.162,22.104,-12.629,-8.2487,23.055,-2.9854,67.414,87.585,68.498,53.745,46.089
-0.25027,21.484,25.977,-11.784,-12.716,24.389,-1.2607,64.271,85.123,67.722,53.936,44.925
-3.6492,21.529,28.65,-10.874,-16.346,25.024,0.2122,60.772,82.171,66.792,53.942,43.509
-6.5259,21.342,30.228,-9.8849,-19.22,25.152,1.3186,57.067,78.941,65.86,53.706,42.01
-9.0997,20.969,31.095,-8.7857,-21.533,25.03,2.044,53.333,75.7,65.083,53.177,40.601
-11.567,20.45,31.72,-7.5658,-23.427,24.828,2.4176,49.711,72.657,64.541,52.332,39.424
-13.94,19.824,32.446,-6.2652,-24.911,24.6,2.4705,46.249,69.857,64.19,51.188,38.543
-16.001,19.133,33.325,-4.9804,-25.88,24.335,2.2095,42.877,67.155,63.876,49.774,37.909
-17.413,18.406,33.983,-3.8465,-26.137,23.951,1.6172,39.425,64.261,63.395,48.099,37.363
-17.865,17.642,33.718,-3.0006,-25.437,23.254,0.68423,35.683,60.838,62.564,46.143,36.661
-17.181,16.81,32.009,-2.5424,-23.635,22.047,-0.54242,31.471,56.616,61.258,43.866,35.543
-15.356,15.88,28.925,-2.5177,-20.84,20.346,-1.9429,26.707,51.475,59.417,41.226,33.793
-12.522,14.903,25.062,-2.9469,-17.38,18.399,-3.3613,21.433,45.499,57.05,38.188,31.301
-8.8836,14.047,21.179,-3.8419,-13.647,16.539,-4.6724,15.796,38.944,54.222,34.734,28.089
-4.7163,13.512,17.815,-5.1269,-10.009,15.038,-5.8357,9.9873,32.119,51.033,30.869,24.301
-0.42104,13.387,15.143,-6.584,-6.7879,13.991,-6.9029,4.1794,25.281,47.576,26.651,20.145
3.454,13.55,13.054,-7.9172,-4.2684,13.289,-7.9739,-1.5001,18.58,43.919,22.217,15.821
6.2598,13.64,11.355,-8.7688,-2.7023,12.701,-9.1319,-6.9684,12.091,40.114,17.757,11.445
7.2036,13.188,9.91,-8.6707,-2.2821,11.978,-10.396,-12.171,5.8541,36.228,13.441,7.0415
5.4673,11.834,8.6486,-7.1471,-3.0533,10.918,-11.71,-17.064,-0.080066,32.359,9.3596,2.5846
0.74145,9.4481,7.5182,-3.963,-4.8844,9.4098,-12.944,-21.599,-5.643,28.627,5.5691,-1.934
-6.5194,6.1682,6.4789,0.68285,-7.509,7.4725,-13.918,-25.724,-10.763,25.144,2.1523,-6.4644
-15.205,2.3623,5.5094,6.1552,-10.54,5.2611,-14.439,-29.404,-15.4,21.977,-0.78394,-10.893
-23.782,-1.4621,4.5946,11.567,-13.471,3.019,-14.371,-32.645,-19.582,19.116,-3.196,-15.053
-30.711,-4.7925,3.7072,16.059,-15.749,1.0007,-13.69,-35.505,-23.399,16.467,-5.1896,-18.728
-34.884,-7.234,2.8023,19.042,-16.899,-0.59644,-12.492,-38.085,-26.973,13.876,-7.0153,-21.66
-35.769,-8.5818,1.8268,20.271,-16.631,-1.6747,-10.964,-40.496,-30.411,11.178,-8.9522,-23.598
-33.372,-8.8434,0.73991,19.815,-14.897,-2.2446,-9.3565,-42.828,-33.767,8.264,-11.147,-24.392
-28.173,-8.2274,-0.45808,18.02,-11.907,-2.4024,-7.9873,-45.125,-37.031,5.1395,-13.519,-24.054
-21.156,-7.0961,-1.6992,15.445,-8.1373,-2.2865,-7.2203,-47.37,-40.133,1.9399,-15.806,-22.777
-13.78,-5.8581,-2.8456,12.723,-4.2712,-2.0323,-7.3873,-49.487,-42.96,-1.1075,-17.714,-20.897
-7.6215,-4.8117,-3.7271,10.376,-1.0434,-1.734,-8.6309,-51.374,-45.404,-3.7708,-19.077,-18.822
-3.8249,-4.0266,-4.2005,8.6977,0.97811,-1.4297,-10.715,-52.943,-47.398,-5.9049,-19.945,-16.917
-2.7997,-3.3625,-4.2016,7.7469,1.555,-1.1168,-12.95,-54.158,-48.943,-7.5012,-20.546,-15.379
-4.1588,-2.6159,-3.7688,7.3186,0.80509,-0.78141,-14.37,-55.041,-50.103,-8.6733,-21.183,-14.177
-6.9422,-1.7115,-3.0387,7.0594,-0.85816,-0.42108,-14.078,-55.648,-50.965,-9.587,-22.088,-13.115
-10.159,-0.76228,-2.2058,6.763,-2.8475,-0.044849,-11.609,-56.03,-51.596,-10.373,-23.33,-11.941
-13.014,0.086556,-1.4444,6.3924,-4.6099,0.3392,-7.0808,-56.201,-52.016,-11.067,-24.79,-10.447
-14.765,0.80383,-0.85986,5.894,-5.7831,0.72818,-1.1163,-56.148,-52.212,-11.624,-26.227,-8.5532
-14.836,1.4588,-0.54619,5.139,-6.1142,1.1118,5.3345,-55.857,-52.169,-11.969,-27.387,-6.3628
-12.92,2.1429,-0.6645,3.9491,-5.2949,1.4594,11.228,-55.341,-51.915,-12.073,-28.104,-4.1535
-8.9121,2.9121,-1.3992,2.2079,-3.0189,1.7247,15.69,-54.655,-51.515,-11.987,-28.373,-2.2926
-3.0844,3.7584,-2.8129,-0.015103,0.77118,1.8656,18.177,-53.887,-51.057,-11.835,-28.349,-1.1024
3.6805,4.6062,-4.7221,-2.4401,5.6308,1.8676,18.556,-53.131,-50.613,-11.779,-28.267,-0.72537
10.073,5.3327,-6.6878,-4.6397,10.55,1.7645,17.212,-52.458,-50.219,-11.954,-28.332,-1.0531
14.824,5.8062,-8.138,-6.1447,14.221,1.6526,15.029,-51.874,-49.853,-12.402,-28.615,-1.7578
16.846,5.9274,-8.5242,-6.5552,15.46,1.6776,13.097,-51.313,-49.436,-13.033,-29.027,-2.429
15.272,5.6635,-7.4585,-5.6312,13.581,1.9855,12.26,-50.651,-48.855,-13.641,-29.353,-2.7645
9.7401,5.0643,-4.8664,-3.3583,8.616,2.6545,12.803,-49.753,-47.999,-13.986,-29.338,-2.7205
0.8129,4.2403,-1.0705,0.015209,1.362,3.6467,14.53,-48.528,-46.806,-13.883,-28.79,-2.535
-9.9509,3.3095,3.2861,4.0036,-6.8161,4.8093,16.969,-46.966,-45.291,-13.279,-27.67,-2.6128
-20.538,2.3671,7.4481,7.9986,-14.488,5.9349,19.501,-45.134,-43.54,-12.256,-26.109,-3.3341
-29.358,1.5083,10.791,11.429,-20.647,6.8622,21.462,-43.128,-41.651,-10.969,-24.337,-4.8706
-35.551,0.86324,13.004,13.887,-24.792,7.5626,22.339,-41.001,-39.676,-9.5409,-22.566,-7.0892
-38.785,0.60447,14.163,15.17,-26.877,8.1756,22.042,-38.709,-37.576,-8.0067,-20.895,-9.5915
-39.215,0.93208,14.706,15.241,-27.244,8.9843,20.976,-36.11,-35.238,-6.3102,-19.296,-11.867
-37.246,2.058,15.323,14.151,-26.43,10.348,19.876,-33.036,-32.531,-4.3722,-17.672,-13.49
-33.311,4.2037,16.75,11.991,-24.898,12.623,19.509,-29.382,-29.389,-2.1706,-15.926,-14.267
-27.959,7.5965,19.452,8.8803,-22.9,16.087,20.366,-25.18,-25.863,0.21573,-14.004,-14.28
-21.847,12.404,23.295,4.9891,-20.633,20.797,22.492,-20.619,-22.123,2.6313,-11.896,-13.813
-15.627,18.577,27.61,0.53401,-18.387,26.471,25.53,-15.988,-18.396,4.914,-9.6266,-13.222
-9.9629,25.741,31.739,-4.2081,-16.434,32.622,28.903,-11.588,-14.898,6.9606,-7.2656,-12.78
-5.3516,33.342,35.434,-8.8996,-15.041,38.831,32.008,-7.6369,-11.773,8.7483,-4.9275,-12.436
-1.9638,40.915,38.811,-13.207,-14.478,44.854,34.405,-4.2184,-9.0637,10.322,-2.7289,-11.676
0.22895,48.231,42.122,-16.909,-14.859,50.596,35.96,-1.2859,-6.7008,11.773,-0.70892,-9.8078
1.3491,55.309,45.586,-19.959,-16.079,56.12,36.83,1.2968,-4.5229,13.221,1.2302,-6.3979
1.625,62.379,49.308,-22.488,-17.838,61.634,37.318,3.6946,-2.3324,14.781,3.3115,-1.3657
1.3915,69.764,53.247,-24.805,-19.708,67.406,37.728,6.0408,0.028435,16.528,5.7927,5.0635
1.0346,77.615,57.213,-27.432,-21.238,73.531,38.252,8.3945,2.6245,18.471,8.834,12.354
0.91136,85.6,60.915,-31.062,-22.076,79.669,38.919,10.734,5.426,20.56,12.392,19.758
1.2733,92.906,64.067,-36.159,-22.042,85.107,39.624,12.989,8.3472,22.717,16.211,26.503
2.2242,98.77,66.504,-42.335,-21.139,89.338,40.207,15.081,11.291,24.855,19.935,31.976
3.7444,103.05,68.236,-48.449,-19.524,92.427,40.509,16.951,14.167,26.888,23.26,35.849
5.7502,106.23,69.436,-53.648,-17.461,94.757,40.41,18.537,16.886,28.724,26.037,38.12
8.1456,109.07,70.38,-57.945,-15.27,96.738,39.87,19.739,19.334,30.261,28.292,39.049
10.86,112.23,71.367,-61.836,-13.255,98.747,38.936,20.401,21.369,31.416,30.188,39.046
13.872,116.16,72.611,-65.805,-11.625,101.11,37.722,20.324,22.841,32.157,31.954,38.559
17.204,121.03,74.132,-70.128,-10.439,104,36.348,19.32,23.645,32.525,33.784,37.993
20.855,126.67,75.728,-74.842,-9.6111,107.37,34.883,17.282,23.756,32.626,35.761,37.629
24.72,132.71,77.029,-79.77,-8.9711,110.97,33.313,14.246,23.241,32.599,37.822,37.588
28.56,138.68,77.624,-84.607,-8.3359,114.48,31.557,10.426,22.246,32.579,39.791,37.858
32.08,144.13,77.21,-89.03,-7.5761,117.69,29.536,6.1835,20.959,32.656,41.455,38.328
35.07,148.74,75.717,-92.769,-6.6431,120.42,27.218,1.9441,19.573,32.856,42.643,38.825
37.49,152.24,73.338,-95.632,-5.5403,122.39,24.592,-1.9192,18.247,33.136,43.286,39.151
39.432,154.43,70.373,-97.52,-4.2622,123.15,21.613,-5.1693,17.076,33.391,43.411,39.152
41.045,155.15,67.005,-98.449,-2.7507,122.23,18.21,-7.7351,16.069,33.465,43.089,38.767
42.492,154.3,63.214,-98.56,-0.90929,119.46,14.32,-9.7045,15.136,33.169,42.371,38.007
43.917,151.93,58.881,-98.083,1.3244,114.95,9.9314,-11.303,14.092,32.303,41.246,36.864
45.391,148.21,53.938,-97.265,3.8965,109.07,5.1517,-12.856,12.679,30.675,39.649,35.249
46.827,143.31,48.45,-96.214,6.5988,102.29,0.26182,-14.711,10.626,28.142,37.489,33.057
47.929,137.26,42.595,-94.742,9.095,94.873,-4.3045,-17.139,7.735,24.66,34.678,30.329
48.205,129.89,36.59,-92.322,10.994,86.844,-8.0733,-20.246,3.9453,20.306,31.151,27.329
47.092,120.91,30.675,-88.232,11.945,78.214,-10.673,-23.942,-0.63674,15.279,26.896,24.461
44.155,110.09,25.148,-81.85,11.73,69.136,-11.935,-27.973,-5.7638,9.8542,22.011,22.117
39.267,97.47,20.364,-72.967,10.345,59.856,-11.921,-32.027,-11.12,4.3132,16.707,20.565
32.697,83.432,16.547,-61.934,8.0334,50.554,-10.933,-35.838,-16.41,-1.1197,11.232,19.86
25.038,68.639,13.584,-49.572,5.2349,41.356,-9.4934,-39.263,-21.429,-6.3172,5.7671,19.766
17.03,53.871,11.1,-36.999,2.4485,32.606,-8.2366,-42.272,-26.091,-11.242,0.40341,19.792
9.3649,39.999,8.7258,-25.374,0.079274,24.882,-7.6373,-44.902,-30.404,-15.902,-4.7882,19.357
2.5305,27.887,6.2983,-15.514,-1.6543,18.463,-7.6697,-47.196,-34.407,-20.294,-9.6947,18.044
-3.2305,18.047,3.8559,-7.7054,-2.7176,13.175,-7.7085,-49.182,-38.137,-24.388,-14.176,15.771
-7.8513,10.473,1.5251,-1.8524,-3.1851,8.7551,-6.8559,-50.894,-41.617,-28.142,-18.129,12.79
-11.303,4.8554,-0.60405,2.3348,-3.1489,5.0341,-4.4311,-52.395,-44.868,-31.537,-21.528,9.5343
-13.483,0.82123,-2.5523,5.2068,-2.6548,1.8848,-0.20849,-53.782,-47.918,-34.587,-24.415,6.4265
-14.265,-1.9907,-4.4474,7.0519,-1.6981,-0.8213,5.5281,-55.167,-50.798,-37.32,-26.854,3.7289
-13.68,-3.9377,-6.4428,8.0664,-0.27199,-3.2107,12.001,-56.642,-53.524,-39.758,-28.903,1.4626
-11.979,-5.3751,-8.6168,8.4359,1.576,-5.3897,18.122,-58.25,-56.091,-41.899,-30.607,-0.55059
-9.5573,-6.6329,-10.94,8.3971,3.7292,-7.4427,22.826,-59.985,-58.485,-43.735,-32.017,-2.5479
-6.8351,-7.9827,-13.326,8.2139,6.0337,-9.4402,25.388,-61.794,-60.687,-45.264,-33.196,-4.6892
-4.1768,-9.6035,-15.689,8.1144,8.3402,-11.432,25.616,-63.588,-62.679,-46.5,-34.208,-6.9855
-1.8421,-11.553,-17.964,8.2366,10.526,-13.426,23.829,-65.26,-64.445,-47.469,-35.098,-9.3026
0.033518,-13.756,-20.089,8.6077,12.493,-15.373,20.732,-66.699,-65.959,-48.18,-35.87,-11.45
1.4156,-16.027,-22.005,9.1678,14.164,-17.174,17.196,-67.817,-67.189,-48.626,-36.493,-13.278
2.2904,-18.131,-23.66,9.835,15.463,-18.73,13.939,-68.578,-68.11,-48.795,-36.943,-14.708
2.5725,-19.902,-25.024,10.577,16.308,-20.005,11.16,-69.018,-68.733,-48.705,-37.233,-15.731
2.0788,-21.331,-26.08,11.449,16.608,-21.061,8.5014,-69.239,-69.103,-48.405,-37.434,-16.41
0.60866,-22.572,-26.82,12.565,16.277,-22.028,5.4212,-69.374,-69.296,-47.97,-37.638,-16.838
-1.9178,-23.831,-27.255,14.024,15.287,-23.032,1.6071,-69.538,-69.395,-47.475,-37.911,-17.08
-5.3453,-25.263,-27.429,15.826,13.726,-24.152,-2.8561,-69.802,-69.471,-46.99,-38.266,-17.157
-9.2551,-26.924,-27.433,17.839,11.819,-25.413,-7.6371,-70.19,-69.593,-46.591,-38.66,-17.081
-13.034,-28.772,-27.395,19.825,9.9053,-26.79,-12.425,-70.691,-69.818,-46.354,-39.025,-16.928
-16.012,-30.664,-27.441,21.498,8.368,-28.191,-17.009,-71.273,-70.187,-46.338,-39.287,-16.856
-17.627,-32.365,-27.659,22.595,7.5389,-29.456,-21.2,-71.888,-70.708,-46.548,-39.399,-17.07
-17.565,-33.62,-28.094,22.947,7.6236,-30.425,-24.806,-72.484,-71.348,-46.929,-39.377,-17.745
-15.847,-34.288,-28.781,22.54,8.6659,-31.04,-27.699,-73.022,-72.048,-47.406,-39.31,-18.948
-12.832,-34.43,-29.759,21.548,10.55,-31.399,-29.883,-73.488,-72.748,-47.926,-39.326,-20.599
-9.1331,-34.288,-31.055,20.302,13.013,-31.706,-31.51,-73.888,-73.395,-48.476,-39.544,-22.49
-5.4594,-34.174,-32.65,19.185,15.694,-32.17,-32.829,-74.224,-73.941,-49.063,-40.013,-24.355
-2.439,-34.346,-34.448,18.513,18.217,-32.906,-34.097,-74.463,-74.319,-49.673,-40.691,-25.955
-0.47816,-34.934,-36.263,18.445,20.286,-33.901,-35.483,-74.526,-74.427,-50.238,-41.444,-27.137
0.32184,-35.941,-37.851,18.952,21.717,-35.026,-37.014,-74.309,-74.132,-50.637,-42.089,-27.848
0.16268,-37.255,-38.97,19.839,22.436,-36.089,-38.567,-73.733,-73.289,-50.728,-42.458,-28.116
-0.56791,-38.635,-39.447,20.819,22.464,-36.879,-39.944,-72.799,-71.776,-50.383,-42.462,-28.013
-1.5008,-39.743,-39.211,21.639,21.892,-37.19,-40.95,-71.615,-69.527,-49.497,-42.104,-27.608
-2.4663,-40.266,-38.293,22.19,20.84,-36.874,-41.452,-70.394,-66.572,-47.983,-41.435,-26.92
-3.5318,-40.084,-36.821,22.523,19.417,-35.904,-41.41,-69.421,-63.148,-45.761,-40.47,-25.897
-4.9394,-39.281,-35.013,22.816,17.697,-34.413,-40.912,-68.997,-59.929,-42.826,-39.132,-24.435
-7.025,-38.045,-33.217,23.325,15.727,-32.83,-40.172,-69.376,-58.314,-39.618,-37.272,-22.4
-10.086,-36.832,-32.051,24.281,13.534,-32.59,-39.508,-70.744,-59.84,-38.627,-34.904,-19.671
-14.218,-38.136,-32.772,25.772,11.099,-38.093,-39.291,-73.232,-62.15,-48.591,-33.347,-16.23
-19.21,-49.538,-38.258,27.897,8.292,-52.416,-39.83,-76.854,-56.827,-67.727,-38.904,-12.675
-24.538,-66.459,-48.613,31.905,4.8438,-62.55,-41.04,-80.411,-41.379,-67.304,-53.681,-13.22
-29.4,-73.483,-53.602,41.262,0.43921,-66.097,-41.896,-74.302,-19.809,-54.505,-54.231,-27.208
-32.895,-72.109,-50.593,51.048,-5.1126,-63.585,-42.123,-61.702,7.7897,-34.843,-43.592,-31.802
-34.463,-62.201,-39.915,51.042,-11.869,-53.188,-45.105,-59.885,44.996,-7.8408,-26.806,-25.422
-34.18,-42.961,-20.622,42.768,-20.084,-33.888,-51.283,-68.963,89.015,27.634,-3.6416,-13.493
-32.193,-14.922,7.7582,28.305,-30.591,-5.8804,-58.925,-88.775,133.91,72.934,26.742,5.1432
-28.032,20.511,43.183,8.5211,-44.246,29.302,-68.206,-118.49,181.18,128.99,65.197,30.986
-21.244,62.088,81.763,-16.239,-59.852,69.477,-80.913,-158.29,227.21,195.33,112.11,64.345
-12.203,108.92,120.24,-46,-74.24,112.53,-99.156,-211.46,270.04,269.98,167.75,106.36
-1.7226,159.62,156.73,-80.19,-85.918,156.77,-124.15,-285.66,302.4,349.95,233.24,158
10.339,211.9,191,-116.55,-95.438,201.23,-155.54,-391.1,313.4,430.66,308.82,218.59
28.554,264.32,223.89,-152.87,-103.68,245.44,-191.82,-533.45,291.57,505.55,390.99,286.32
56.204,316.79,256.62,-188.14,-111.54,289.19,-230.71,-713.51,228.65,567.55,473.79,357.59
74.351,368.39,290.01,-221.41,-119.81,331.92,-268.97,-935.46,122.54,611.43,550.68,427.31
83.317,416.04,323.42,-250.66,-128.92,371.84,-302.57,-1194.5,-21.208,634.53,614.81,489.34
84.911,454.77,354.46,-272.52,-138.92,405.59,-328.52,-1474.8,-189.33,636.38,659.33,536.14
77.787,477.98,379.52,-282.43,-149.66,428.56,-346.47,-1754.5,-364.45,616.74,677.29,559.89
60.171,478.93,394.76,-275.43,-160.84,435.75,-358.35,-2010.8,-532.26,573.97,661.63,553.99
30.635,451.89,396.87,-247.52,-172.01,422.69,-367.08,-2225,-685.93,503.76,605.7,513.68
-11.521,393.98,383.6,-196.47,-183.03,386.88,-375.48,-2386.2,-825.46,400.03,504.71,436.89
-67.424,306.49,354.69,-123.07,-194.35,329.1,-385.53,-2492.1,-956.15,257.62,358.37,326.26
-136,195.82,312.61,-32.467,-205.95,253.78,-398.12,-2547.4,-1085.4,76.398,173.47,190.63
-207.51,72.911,262.33,66.231,-217.03,168.46,-413.43,-2561.6,-1217.8,-135.88,-35.478,43.948
-273.94,-48.653,210.08,161.97,-226.65,82.495,-430.93,-2544.1,-1350.4,-362.98,-248.12,-97.981
-327.91,-155.72,161.57,244.05,-232.3,4.8099,-449.08,-2501.5,-1471.7,-582.17,-441.99,-220.79
-362.79,-238.77,120.19,304.32,-230.36,-58.034,-466.09,-2435.3,-1564.2,-768.71,-597.03,-313.97
-376.74,-293.5,86.374,339.3,-219.55,-103.21,-481.12,-2343.7,-1611.4,-901.85,-700.14,-372.86
-371.6,-320.71,58.47,350.07,-201.26,-131.59,-493.72,-2224.9,-1604.4,-970.92,-747.85,-398.83
-349.6,-325.16,34.106,340.72,-176.98,-146.65,-502.23,-2080.1,-1544.9,-978.44,-746.39,-397.6
-313.94,-313.46,11.277,317.02,-148,-152.62,-504.16,-1913.8,-1443.9,-937.99,-708.18,-376.94
-269.47,-291.86,-10.909,284.53,-116.38,-152.99,-497.52,-1732.4,-1316.8,-867.68,-647.07,-344.62
-221.36,-264.55,-31.758,247.03,-84.659,-149.8,-481.29,-1541.3,-1177,-783.31,-575.11,-306.92
-173.22,-233.95,-49.308,206.96,-55.1,-143.64,-454.99,-1344.8,-1033.1,-694.82,-501.69,-267.66
-127.38,-201.64,-60.567,166.63,-28.97,-134.37,-418.88,-1147.1,-889.75,-606.96,-432.45,-227.08
-87.266,-168.85,-60.777,129.36,-6.8596,-121.9,-374.71,-953.71,-749.8,-521.51,-369.44,-183.14
-56.375,-139.67,-54.075,99.709,10.39,-107.75,-326.15,-771.72,-617.41,-440.13,-313.52,-149.59
-34.866,-118.78,-50.282,78.496,22.069,-96.788,-277.58,-608.3,-497.31,-366.58,-266.11,-129.2
-21.627,-103.81,-49.174,63.763,28.489,-89.162,-232.44,-468.9,-393.01,-303.39,-225.48,-113.28
-15.439,-91.69,-48.737,54.265,29.468,-82.853,-192.53,-355.82,-306.79,-249.09,-188.62,-98.75
-13.93,-81.01,-47.922,48.471,23.603,-76.731,-158.03,-267.98,-239.38,-203.24,-155.42,-84.9
-14.189,-71.253,-46.036,44.569,19.208,-70.246,-128.14,-201.74,-188.99,-166.85,-127.64,-71.941
-12.852,-62.162,-42.712,41.346,18.012,-63.101,-102.02,-152.2,-151.9,-139.48,-106.19,-59.837
-8.6118,-53.396,-37.974,36.005,16.127,-55.139,-79.195,-114.54,-124.11,-119.31,-90.651,-48.916
-9.4745,-45.425,-32.098,29.596,12.648,-46.516,-59.746,-84.922,-102.4,-104.21,-79.757,-40.589
-12.648,-39.566,-25.553,26.325,7.9343,-37.989,-43.918,-60.736,-84.767,-92.365,-71.882,-34.723
-16.705,-35.308,-18.912,24.599,2.582,-30.596,-31.614,-40.482,-70.364,-82.454,-65.132,-30.221
-20.928,-31.858,-12.691,23.665,-2.8061,-24.73,-22.634,-24.035,-60.352,-74.169,-59.039,-26.367
-24.664,-29.002,-7.3729,23.283,-7.5468,-20.092,-16.741,-20.66,-59.833,-68.285,-54.981,-22.788
-27.205,-26.568,-3.4822,23.132,-10.904,-16.353,-12.638,-26.12,-59.921,-63.989,-52.653,-19.296
-27.801,-24.277,-1.4044,22.803,-12.272,-13.398,-9.945,-21.798,-56.543,-60.449,-51.099,-15.835
-25.984,-21.861,-1.1341,21.935,-11.396,-11.174,-9.2769,-13.008,-52.342,-57.501,-49.735,-12.464
-22.031,-19.212,-2.2203,20.403,-8.5992,-9.548,-10.031,-3.494,-48.324,-55.046,-48.3,-9.3234
-17.034,-16.458,-3.9422,18.384,-4.8607,-8.3268,-11.254,5.5156,-44.707,-52.974,-46.731,-6.5739
-12.464,-13.849,-5.5278,16.266,-1.4817,-7.3124,-11.88,13.577,-41.499,-51.195,-45.082,-4.3286
-9.5813,-11.574,-6.2633,14.452,0.43498,-6.3095,-11.087,20.506,-38.678,-49.652,-43.445,-2.6573
-9.0289,-9.6805,-5.6358,13.189,0.28094,-5.1539,-8.5565,26.249,-36.238,-48.313,-41.882,-1.6254
-10.732,-8.1159,-3.5498,12.493,-1.9728,-3.7735,-4.4705,30.866,-34.179,-47.146,-40.392,-1.311
-13.988,-6.7877,-0.40751,12.182,-5.7445,-2.2142,0.62639,34.513,-32.486,-46.109,-38.922,-1.7805
-17.626,-5.6011,3.0515,11.972,-9.9585,-0.62464,6.0111,37.407,-31.108,-45.152,-37.428,-3.0454
-20.267,-4.4888,6.0231,11.551,-13.369,0.78363,10.97,39.78,-29.959,-44.239,-35.932,-5.0457
-20.833,-3.4458,7.8649,10.683,-15.01,1.7956,14.946,41.837,-28.919,-43.35,-34.558,-7.6766
-19.009,-2.5419,8.2376,9.334,-14.498,2.259,17.599,43.742,-27.849,-42.473,-33.467,-10.827
-15.254,-1.8932,7.1654,7.7061,-12.039,2.137,18.79,45.622,-26.601,-41.581,-32.73,-14.394
-10.602,-1.6075,5.0151,6.1722,-8.3536,1.5205,18.554,47.566,-25.044,-40.611,-32.232,-18.27
-6.4118,-1.739,2.4073,5.1471,-4.4948,0.59119,17.093,49.608,-23.099,-39.475,-31.729,-22.336
-3.8769,-2.2698,0.049189,4.9348,-1.4588,-0.44505,14.776,51.705,-20.781,-38.1,-30.999,-26.447
-3.5804,-3.1128,-1.5318,5.5998,0.16736,-1.4243,12.107,53.739,-18.208,-36.471,-29.963,-30.409
-5.3752,-4.1275,-2.2542,6.9277,0.32549,-2.2662,9.6038,55.554,-15.569,-34.637,-28.721,-33.991
-8.4833,-5.1419,-2.4896,8.4992,-0.5631,-2.9756,7.703,57.014,-13.06,-32.702,-27.493,-36.968
-11.751,-5.9812,-2.7097,9.8413,-1.7927,-3.6027,6.7541,58.047,-10.817,-30.774,-26.516,-39.176
-14.04,-6.4993,-3.1849,10.572,-2.6327,-4.1889,6.9927,58.668,-8.8655,-28.928,-25.921,-40.502
-14.618,-6.6081,-4.0111,10.482,-2.5647,-4.7429,8.4141,58.967,-7.1241,-27.183,-25.665,-40.931
-13.309,-6.2936,-5.1872,9.548,-1.4311,-5.2473,10.694,59.074,-5.4505,-25.511,-25.519,-40.687
-10.386,-5.6116,-6.6199,7.8922,0.60706,-5.6701,13.268,59.118,-3.7079,-23.851,-25.163,-40.262
-6.3628,-4.6632,-8.1421,5.7127,3.1955,-5.974,15.514,59.201,-1.8145,-22.129,-24.361,-40.234
-1.7888,-3.5606,-9.565,3.2225,5.9321,-6.1278,16.947,59.387,0.23917,-20.283,-23.096,-41.003
2.9064,-2.3956,-10.753,0.62329,8.5363,-6.1229,17.326,59.694,2.4032,-18.31,-21.566,-42.632
7.4983,-1.2207,-11.697,-1.9236,10.952,-5.9838,16.646,60.104,4.6041,-16.267,-20.075,-44.833
11.94,-0.054178,-12.519,-4.3393,13.302,-5.7682,15.021,60.585,6.7908,-14.248,-18.865,-47.041
16.272,1.0834,-13.4,-6.6171,15.736,-5.5574,12.542,61.116,8.9643,-12.317,-17.986,-48.571
20.498,2.1259,-14.462,-8.7194,18.293,-5.44,9.1913,61.694,11.174,-10.469,-17.261,-48.805
24.405,2.9558,-15.695,-10.481,20.813,-5.489,4.928,62.318,13.485,-8.6316,-16.355,-47.385
27.438,3.4459,-16.959,-11.64,22.919,-5.7381,-0.12827,62.98,15.937,-6.7012,-14.927,-44.295
28.855,3.5146,-18.033,-11.969,24.138,-6.1696,-5.5166,63.653,18.51,-4.5955,-12.797,-39.828
28.11,3.1579,-18.716,-11.391,24.136,-6.7207,-10.38,64.296,21.12,-2.2993,-10.07,-34.476
25.188,2.457,-18.913,-10.029,22.885,-7.3015,-13.69,64.868,23.654,0.1229,-7.1242,-28.823
20.681,1.5654,-18.676,-8.1664,20.683,-7.8164,-14.695,65.355,26.023,2.5549,-4.431,-23.436
15.614,0.66842,-18.169,-6.1767,18.055,-8.1854,-13.22,65.782,28.22,4.8865,-2.3024,-18.735
11.125,-0.07702,-17.598,-4.4242,15.617,-8.3664,-9.6565,66.226,30.355,7.0755,-0.73436,-14.874
8.1053,-0.58853,-17.156,-3.1866,13.924,-8.3733,-4.8128,66.8,32.63,9.1797,0.56308,-11.781
6.9798,-0.85719,-17.015,-2.613,13.371,-8.274,0.24649,67.623,35.281,11.339,2.0065,-9.3541
7.819,-0.91184,-17.322,-2.7344,14.17,-8.1553,4.4113,68.776,38.497,13.713,3.9565,-7.5413
10.571,-0.78534,-18.17,-3.5026,16.343,-8.074,6.7712,70.261,42.34,16.413,6.5945,-6.2945
15.017,-0.50229,-19.516,-4.8056,19.637,-8.0248,6.78,71.998,46.713,19.456,9.8815,-5.5538
20.512,-0.081351,-21.095,-6.4538,23.473,-7.9434,4.4696,73.849,51.378,22.761,13.597,-5.2191
25.974,0.46208,-22.441,-8.1869,27.034,-7.743,0.64797,75.663,56.038,26.186,17.44,-5.1089
30.249,1.1152,-23.044,-9.726,29.471,-7.3486,-3.306,77.325,60.445,29.593,21.15,-4.9955
32.527,1.8575,-22.523,-10.835,30.129,-6.7091,-5.9654,78.778,64.475,32.893,24.573,-4.697
32.428,2.6346,-20.699,-11.331,28.68,-5.8103,-6.4364,80.024,68.141,36.063,27.663,-4.1429
29.814,3.3376,-17.638,-11.062,25.154,-4.6944,-4.6675,81.108,71.535,39.116,30.417,-3.3624
24.782,3.8163,-13.661,-9.9225,19.922,-3.4584,-1.2973,82.09,74.767,42.059,32.846,-2.4191
17.874,3.9301,-9.2765,-7.9302,13.663,-2.2293,2.6677,83.038,77.926,44.873,34.979,-1.3583
10.097,3.607,-5.0661,-5.2787,7.2828,-1.142,6.2068,84.014,81.051,47.518,36.89,-0.22592
2.637,2.8747,-1.6148,-2.3136,1.7299,-0.32854,8.5273,85.053,84.122,49.95,38.67,0.87597
-3.4637,1.8518,0.57938,0.55251,-2.2118,0.10154,9.1082,86.149,87.058,52.127,40.377,1.7913
-7.5001,0.71093,1.246,2.9379,-4.0813,0.10059,7.7447,87.254,89.748,54.014,41.983,2.3982
-9.2153,-0.3636,0.4543,4.5752,-3.8365,-0.28892,4.7387,88.292,92.094,55.595,43.4,2.7081
-8.8357,-1.2056,-1.3962,5.3533,-1.889,-0.9399,1.0094,89.194,94.044,56.869,44.545,2.8933
-6.9313,-1.6817,-3.6948,5.3064,1.0115,-1.6608,-2.1922,89.912,95.595,57.858,45.418,3.2305
-4.1803,-1.7038,-5.7923,4.563,4.0387,-2.2289,-3.823,90.427,96.786,58.599,46.119,4.0105
-1.2352,-1.2484,-7.2192,3.2825,6.5332,-2.4588,-3.4891,90.738,97.675,59.139,46.81,5.448
1.3686,-0.36729,-7.8632,1.6039,8.142,-2.2731,-1.471,90.853,98.328,59.536,47.645,7.6074
3.4695,0.82401,-7.9426,-0.37044,8.9149,-1.7287,1.5417,90.778,98.802,59.845,48.699,10.365
5.4315,2.1779,-7.8116,-2.5558,9.2811,-0.99329,4.7066,90.514,99.134,60.112,49.939,13.433
7.8962,3.5523,-7.8195,-4.8704,9.8687,-0.28691,7.2389,90.068,99.35,60.37,51.249,16.439
11.433,4.8422,-8.2789,-7.2547,11.264,0.19383,8.5646,89.456,99.469,60.641,52.478,19.049
16.303,5.9888,-9.4211,-9.6715,13.802,0.33756,8.4058,88.715,99.521,60.942,53.513,21.057
22.329,6.9621,-11.305,-12.049,17.476,0.14304,6.7942,87.894,99.544,61.285,54.325,22.418
28.92,7.737,-13.746,-14.231,21.912,-0.29361,4.0398,87.042,99.578,61.676,54.972,23.214
35.184,8.2896,-16.316,-15.994,26.399,-0.81385,0.69612,86.191,99.64,62.109,55.574,23.587
40.077,8.6172,-18.453,-17.12,30.048,-1.2361,-2.5608,85.352,99.725,62.57,56.246,23.676
42.666,8.7505,-19.647,-17.47,32.061,-1.3935,-5.1583,84.507,99.805,63.04,57.048,23.579
42.438,8.7426,-19.596,-17.009,31.983,-1.178,-6.7891,83.619,99.84,63.5,57.949,23.345
39.461,8.645,-18.276,-15.819,29.827,-0.58302,-7.4061,82.622,99.794,63.935,58.846,22.995
34.321,8.4898,-15.92,-14.085,26.034,0.28744,-7.1348,81.437,99.63,64.321,59.601,22.554
27.916,8.2869,-12.953,-12.051,21.317,1.2563,-6.2087,79.983,99.316,64.641,60.101,22.066
21.255,8.0356,-9.8657,-9.9756,16.47,2.1375,-4.9355,78.196,98.829,64.877,60.294,21.609
15.262,7.7382,-7.0851,-8.0737,12.199,2.7984,-3.6601,76.042,98.154,65.023,60.208,21.288
10.562,7.4093,-4.8962,-6.494,8.9596,3.1976,-2.7034,73.521,97.289,65.072,59.94,21.22
7.3433,7.0758,-3.4186,-5.3134,6.8536,3.3891,-2.2788,70.668,96.244,65.029,59.621,21.489
5.4363,6.7749,-2.5841,-4.5496,5.7009,3.4908,-2.4237,67.554,95.041,64.91,59.373,22.105
4.5782,6.5522,-2.1697,-4.1808,5.2335,3.6333,-2.9893,64.279,93.726,64.756,59.267,22.98
4.6393,6.4535,-1.9292,-4.1653,5.266,3.907,-3.7071,60.97,92.362,64.62,59.29,23.945
5.579,6.5086,-1.7407,-4.4531,5.7582,4.332,-4.3089,57.751,91.023,64.546,59.344,24.793
7.2868,6.7111,-1.6474,-4.9818,6.7505,4.8603,-4.6463,54.722,89.755,64.546,59.287,25.335
9.5088,7.009,-1.7759,-5.6543,8.2301,5.4049,-4.7462,51.922,88.546,64.582,59.003,25.459
11.847,7.3187,-2.2004,-6.3185,10.029,5.8814,-4.7753,49.296,87.302,64.567,58.471,25.153
13.799,7.5614,-2.8343,-6.7884,11.796,6.2477,-4.9428,46.688,85.848,64.392,57.779,24.466
14.854,7.6994,-3.4206,-6.9114,13.05,6.5171,-5.372,43.88,83.975,63.953,57.085,23.455
14.642,7.7457,-3.6285,-6.6355,13.3,6.7321,-5.9697,40.663,81.492,63.18,56.541,22.153
13.084,7.7622,-3.169,-6.0381,12.223,6.9594,-6.3982,36.907,78.268,62.037,56.211,20.56
10.448,7.8688,-1.8568,-5.3074,9.8037,7.3437,-6.2269,32.594,74.261,60.516,56.033,18.69
7.272,8.2173,0.32486,-4.6806,6.3686,8.082,-5.1405,27.798,69.525,58.633,55.835,16.637
4.1996,8.8963,3.1399,-4.3492,2.4966,9.2583,-3.0615,22.659,64.203,56.422,55.389,14.634
1.7806,9.8482,6.1072,-4.3779,-1.1502,10.717,-0.21392,17.357,58.5,53.954,54.476,13.041
0.30949,10.854,8.6483,-4.6706,-3.9968,12.111,2.8496,12.096,52.633,51.32,52.951,12.257
-0.23199,11.587,10.275,-4.991,-5.6733,13.049,5.3673,7.0857,46.784,48.613,50.792,12.592
-0.12551,11.716,10.704,-5.0337,-6.06,13.248,6.6043,2.5101,41.09,45.897,48.106,14.157
0.21083,11.033,9.8848,-4.5309,-5.2693,12.608,6.0454,-1.5157,35.635,43.196,45.099,16.814
0.38987,9.5265,7.9899,-3.3583,-3.5921,11.201,3.5778,-4.9784,30.44,40.48,41.99,20.194
0.19404,7.3877,5.3723,-1.5946,-1.4184,9.2283,-0.3309,-7.9841,25.446,37.648,38.912,23.772
-0.37814,4.945,2.4801,0.49368,0.86376,6.9629,-4.6231,-10.745,20.514,34.523,35.857,27.005
-1.1475,2.5542,-0.27634,2.5388,2.9542,4.6991,-7.9274,-13.533,15.458,30.894,32.68,29.451
-1.8232,0.49682,-2.63,4.1984,4.6743,2.7053,-9.0346,-16.603,10.109,26.602,29.152,30.866
-2.0886,-1.0582,-4.4509,5.2527,5.9607,1.1719,-7.337,-20.115,4.3678,21.617,25.029,31.24
-1.6846,-2.0296,-5.6661,5.6169,6.8456,0.17908,-3.0627,-24.083,-1.7643,16.067,20.189,30.754
-0.46914,-2.405,-6.2413,5.3161,7.4323,-0.29396,2.8012,-28.369,-8.1915,10.183,14.802,29.672
1.5032,-2.2813,-6.2416,4.4863,7.8566,-0.34053,8.9219,-32.73,-14.728,4.241,9.3457,28.217
3.9059,-1.8907,-5.8515,3.3831,8.2213,-0.10688,14.161,-36.89,-21.115,-1.4681,4.38,26.499
6.1675,-1.5092,-5.303,2.3542,8.5233,0.23929,17.865,-40.611,-27.056,-6.6634,0.26622,24.536
7.5875,-1.3295,-4.7843,1.7695,8.6261,0.55042,19.861,-43.746,-32.298,-11.123,-2.9288,22.301
7.5009,-1.4451,-4.3939,1.9586,8.3063,0.71728,20.305,-46.253,-36.707,-14.744,-5.3639,19.756
5.4974,-1.9045,-4.1392,3.1281,7.3569,0.67717,19.422,-48.187,-40.295,-17.563,-7.3092,16.846
1.6056,-2.7036,-3.9586,5.2384,5.6958,0.42809,17.408,-49.669,-43.197,-19.736,-9.0457,13.507
-3.6296,-3.7464,-3.7562,7.9498,3.4388,0.030416,14.493,-50.851,-45.614,-21.49,-10.797,9.706
-9.2294,-4.8643,-3.4474,10.729,0.90702,-0.4083,10.957,-51.889,-47.755,-23.055,-12.691,5.4905
-14.037,-5.8506,-2.9945,13.03,-1.4433,-0.74776,7.1533,-52.905,-49.773,-24.603,-14.734,1.0203
-17.05,-6.464,-2.4164,14.413,-3.1522,-0.83559,3.6384,-53.963,-51.733,-26.202,-16.816,-3.4462
-17.677,-6.4829,-1.7739,14.601,-3.895,-0.55645,1.2017,-55.054,-53.611,-27.819,-18.768,-7.6077
-15.873,-5.8139,-1.1491,13.564,-3.5737,0.10972,0.58387,-56.112,-55.319,-29.347,-20.436,-11.212
-12.182,-4.5722,-0.62486,11.575,-2.3478,1.0618,2.1046,-57.042,-56.753,-30.667,-21.747,-14.147
-7.6458,-3.0775,-0.2633,9.1748,-0.60269,2.1037,5.488,-57.75,-57.832,-31.694,-22.725,-16.476
-3.4821,-1.7365,-0.085257,7.0111,1.1582,3.0123,9.9772,-58.161,-58.516,-32.399,-23.455,-18.411
-0.685,-0.8662,-0.062897,5.6158,2.469,3.6196,14.618,-58.224,-58.811,-32.798,-24.04,-20.227
0.23709,-0.5569,-0.12854,5.2274,3.0409,3.8737,18.541,-57.914,-58.751,-32.935,-24.551,-22.152
-0.65801,-0.65684,-0.19479,5.7108,2.8316,3.854,21.167,-57.235,-58.382,-32.849,-25.01,-24.246
-2.8003,-0.88917,-0.18132,6.6358,2.0308,3.7314,22.303,-56.215,-57.741,-32.572,-25.386,-26.295
-5.3213,-1.0188,-0.039736,7.5125,0.97433,3.6935,22.081,-54.908,-56.859,-32.126,-25.629,-27.813
-7.3793,-0.92991,0.23941,8.0106,0.02193,3.8752,20.822,-53.385,-55.766,-31.533,-25.705,-28.235
-8.4093,-0.5897,0.64374,7.9935,-0.55651,4.3284,18.935,-51.716,-54.496,-30.822,-25.622,-27.167
-8.206,-0.0048832,1.1654,7.4663,-0.64896,5.0345,16.807,-49.962,-53.086,-30.027,-25.443,-24.53
-6.9112,0.7845,1.8184,6.5468,-0.3203,5.9348,14.658,-48.166,-51.569,-29.187,-25.269,-20.573
-4.9624,1.7063,2.6409,5.4402,0.19389,6.9613,12.533,-46.351,-49.978,-28.339,-25.182,-15.824
-2.9969,2.6743,3.6843,4.3847,0.52619,8.0641,10.424,-44.52,-48.329,-27.5,-25.197,-10.948
-1.6908,3.6199,4.9995,3.5774,0.28644,9.2327,8.3519,-42.642,-46.618,-26.651,-25.224,-6.5532
-1.5564,4.5233,6.6411,3.117,-0.78596,10.508,6.3847,-40.651,-44.816,-25.725,-25.099,-3.0347
-2.7858,5.4218,8.6867,2.9938,-2.7392,11.975,4.6074,-38.454,-42.874,-24.616,-24.66,-0.4995
-5.2184,6.3913,11.225,3.1116,-5.4364,13.745,3.0617,-35.962,-40.743,-23.22,-23.825,1.2091
-8.4121,7.5203,14.301,3.3151,-8.6014,15.927,1.7156,-33.13,-38.393,-21.491,-22.639,2.3971
-11.74,8.8962,17.878,3.4231,-11.845,18.642,0.50801,-29.982,-35.837,-19.469,-21.236,3.3352
-14.506,10.586,21.864,3.267,-14.726,22.019,-0.55652,-26.604,-33.121,-17.28,-19.756,4.1169
-16.095,12.605,26.186,2.7131,-16.844,26.153,-1.3429,-23.096,-30.299,-15.06,-18.249,4.6917
-16.092,14.928,30.841,1.6434,-17.934,31.048,-1.6115,-19.504,-27.399,-12.876,-16.63,5.061
-14.333,17.548,35.876,-0.039246,-17.903,36.639,-1.1247,-15.797,-24.401,-10.666,-14.708,5.4157
-10.96,20.522,41.309,-2.3383,-16.868,42.859,0.23465,-11.891,-21.253,-8.2541,-12.254,6.0587
-6.5104,23.955,47.064,-5.0935,-15.204,49.616,2.3945,-7.7103,-17.907,-5.4379,-9.0819,7.2325
-1.9118,27.978,53.005,-7.9808,-13.582,56.75,5.0969,-3.2631,-14.356,-2.091,-5.1364,9.0071
1.7276,32.734,59.019,-10.579,-12.852,64.022,7.9584,1.3274,-10.661,1.7555,-0.57647,11.271
3.4209,38.383,65.08,-12.478,-13.77,71.153,10.559,5.8349,-6.9495,5.8953,4.1969,13.798
2.5757,44.993,71.214,-13.402,-16.697,77.873,12.533,9.9904,-3.3841,9.9987,8.6556,16.354
-0.81514,52.354,77.423,-13.3,-21.464,83.979,13.654,13.565,-0.12344,13.716,12.356,18.773
-6.1345,59.946,83.61,-12.38,-27.464,89.377,13.9,16.441,2.7236,16.794,15.145,20.966
-12.296,67.249,89.586,-11.057,-33.85,94.106,13.469,18.639,5.1317,19.166,17.252,22.872
-18.037,74.083,95.141,-9.8702,-39.741,98.327,12.716,20.288,7.1632,20.959,19.152,24.424
-22.27,80.595,100.11,-9.3888,-44.396,102.24,12.007,21.564,8.9355,22.43,21.294,25.568
-24.35,86.974,104.41,-10.133,-47.381,106.01,11.579,22.613,10.571,23.852,23.851,26.351
-24.182,93.189,107.96,-12.494,-48.621,109.66,11.43,23.508,12.154,25.4,26.666,26.987
-22.09,99.003,110.7,-16.587,-48.312,113.08,11.332,24.244,13.718,27.106,29.379,27.835
-18.553,104.21,112.58,-22.071,-46.763,116.12,10.946,24.776,15.255,28.886,31.641,29.293
-14.026,108.83,113.57,-28.261,-44.297,118.65,9.9891,25.072,16.745,30.62,33.27,31.669
-8.9068,113.06,113.72,-34.586,-41.212,120.7,8.3452,25.137,18.175,32.233,34.306,35.084
-3.5582,117.15,113.2,-40.867,-37.743,122.49,6.0753,24.986,19.534,33.721,34.962,39.428
1.6654,121.38,112.37,-47.181,-34.111,124.35,3.3502,24.584,20.78,35.125,35.52,44.371
6.4841,125.96,111.65,-53.608,-30.659,126.56,0.36751,23.813,21.816,36.466,36.221,49.423
10.689,131,111.49,-60.08,-27.927,129.3,-2.6832,22.494,22.503,37.699,37.199,54.046
13.999,136.38,112.22,-66.322,-26.495,132.6,-5.6065,20.469,22.704,38.714,38.448,57.794
16.041,141.79,113.97,-71.901,-26.687,136.28,-8.1897,17.689,22.337,39.377,39.824,60.418
16.541,146.75,116.58,-76.4,-28.392,140.05,-10.228,14.26,21.414,39.581,41.091,61.907
15.571,150.88,119.62,-79.65,-31.084,143.5,-11.575,10.442,20.039,39.291,42.018,62.455
13.627,153.99,122.49,-81.802,-34.01,146.25,-12.18,6.5721,18.389,38.563,42.501,62.366
11.463,156.02,124.58,-83.243,-36.42,148.05,-12.088,2.9718,16.661,37.528,42.631,61.932
9.8256,156.99,125.43,-84.422,-37.739,148.72,-11.427,-0.14455,15.015,36.346,42.625,61.336
9.2815,156.89,124.78,-85.629,-37.635,148.17,-10.429,-2.7207,13.518,35.13,42.654,60.622
10.129,155.62,122.61,-86.71,-36.025,146.29,-9.4493,-4.862,12.125,33.888,42.704,59.731
12.297,153.18,119.05,-86.989,-33.081,143.04,-8.9031,-6.795,10.677,32.49,42.557,58.572
15.254,149.72,114.31,-85.755,-29.251,138.61,-9.1112,-8.7932,8.9515,30.712,41.909,57.068
18.099,145.3,108.75,-82.64,-25.23,133.52,-10.124,-11.086,6.7391,28.328,40.512,55.17
19.838,139.64,102.84,-77.436,-21.798,128.33,-11.632,-13.779,3.9176,25.209,38.235,52.849
19.713,132.33,97.172,-69.999,-19.542,123.07,-13.042,-16.831,0.49095,21.371,35.048,50.074
17.417,123.06,92.007,-60.428,-18.655,117.34,-13.684,-20.099,-3.4304,16.934,30.992,46.803
13.156,111.75,87.084,-49.344,-18.868,110.67,-13.056,-23.425,-7.6886,12.057,26.157,42.973
7.6044,98.608,81.833,-37.886,-19.569,102.77,-11.009,-26.704,-12.133,6.8859,20.678,38.5
1.7417,84.108,75.723,-27.25,-20.065,93.542,-7.815,-29.888,-16.639,1.5627,14.745,33.314
-3.3844,68.951,68.488,-18.261,-19.83,83.204,-4.0916,-32.946,-21.103,-3.7504,8.6154,27.416
-6.9264,54.048,60.198,-11.316,-18.598,72.248,-0.60142,-35.831,-25.43,-8.8717,2.5746,20.955
-8.4341,40.424,51.238,-6.4853,-16.342,61.328,2.0046,-38.48,-29.54,-13.634,-3.1322,14.243
-7.9461,28.963,42.258,-3.5374,-13.236,51.012,3.3892,-40.841,-33.387,-17.93,-8.3568,7.6743
-5.992,20.132,33.953,-1.9637,-9.6535,41.598,3.586,-42.909,-36.972,-21.744,-13.056,1.5999
-3.4764,13.907,26.73,-1.0915,-6.1208,33.128,2.9048,-44.749,-40.351,-25.159,-17.255,-3.7761
-1.4245,9.8381,20.643,-0.27298,-3.1877,25.602,1.7488,-46.481,-43.612,-28.321,-20.998,-8.4361
-0.65936,7.1305,15.588,0.96556,-1.2603,19.226,0.39254,-48.237,-46.837,-31.367,-24.307,-12.493
-1.5679,4.9401,11.483,2.8518,-0.4928,14.282,-1.1793,-50.104,-50.051,-34.37,-27.181,-16.069
-4.0423,2.7228,8.2789,5.3441,-0.77086,10.671,-3.2088,-52.086,-53.209,-37.304,-29.621,-19.184
-7.5583,0.29333,5.8823,8.1777,-1.754,7.9282,-5.9106,-54.106,-56.203,-40.071,-31.646,-21.721
-11.33,-2.2983,4.1054,10.986,-2.9605,5.652,-9.2606,-56.046,-58.908,-42.542,-33.291,-23.471
-14.521,-4.8948,2.6842,13.428,-3.8885,3.6462,-12.946,-57.794,-61.227,-44.613,-34.59,-24.242
-16.466,-7.3392,1.3213,15.276,-4.1255,1.8232,-16.426,-59.28,-63.119,-46.241,-35.577,-23.977
-16.856,-9.5582,-0.24775,16.468,-3.4206,0.10664,-19.062,-60.495,-64.607,-47.45,-36.298,-22.831
-15.789,-11.6,-2.1754,17.115,-1.7454,-1.5928,-20.291,-61.48,-65.768,-48.331,-36.818,-21.164
-13.703,-13.617,-4.4617,17.47,0.68033,-3.3582,-19.809,-62.319,-66.716,-49.012,-37.234,-19.436
-11.21,-15.799,-6.9782,17.825,3.4575,-5.2372,-17.688,-63.113,-67.575,-49.632,-37.655,-18.071
-8.9037,-18.287,-9.5267,18.411,6.1442,-7.2203,-14.383,-63.943,-68.45,-50.305,-38.161,-17.353
-7.2264,-21.09,-11.899,19.323,8.3824,-9.2378,-10.6,-64.845,-69.408,-51.098,-38.755,-17.382
-6.3772,-24.045,-13.927,20.5,9.9705,-11.179,-7.0739,-65.806,-70.462,-52.026,-39.369,-18.083
-6.3013,-26.854,-15.526,21.765,10.88,-12.927,-4.3419,-66.781,-71.585,-53.057,-39.904,-19.259
-6.7676,-29.212,-16.704,22.919,11.226,-14.389,-2.6104,-67.725,-72.723,-54.132,-40.3,-20.673
-7.5119,-30.967,-17.54,23.845,11.202,-15.533,-1.7752,-68.61,-73.819,-55.193,-40.567,-22.13
-8.3627,-32.192,-18.14,24.564,10.997,-16.408,-1.5518,-69.432,-74.83,-56.204,-40.773,-23.535
-9.2824,-33.115,-18.607,25.201,10.727,-17.129,-1.6198,-70.2,-75.732,-57.155,-41.01,-24.885
-10.325,-33.975,-19.013,25.903,10.418,-17.818,-1.7309,-70.91,-76.506,-58.041,-41.348,-26.214
-11.555,-34.903,-19.367,26.763,10.039,-18.529,-1.7836,-71.532,-77.128,-58.838,-41.797,-27.517
-12.985,-35.897,-19.62,27.783,9.5428,-19.232,-1.8308,-72.012,-77.564,-59.506,-42.307,-28.74
-14.525,-36.879,-19.696,28.869,8.9125,-19.846,-2.0031,-72.289,-77.769,-59.997,-42.782,-29.8
-15.985,-37.769,-19.558,29.858,8.1853,-20.322,-2.4067,-72.317,-77.699,-60.278,-43.131,-30.617
-17.112,-38.529,-19.257,30.57,7.4668,-20.696,-3.0681,-72.081,-77.314,-60.348,-43.305,-31.143
-17.687,-39.163,-18.928,30.871,6.9015,-21.094,-3.9423,-71.59,-76.576,-60.221,-43.313,-31.357
-17.637,-39.681,-18.728,30.735,6.5996,-21.649,-4.9557,-70.861,-75.424,-59.902,-43.198,-31.257
-17.092,-40.065,-18.74,30.274,6.567,-22.385,-6.047,-69.911,-73.765,-59.341,-42.986,-30.859
-16.331,-40.271,-18.906,29.699,6.6989,-23.136,-7.1756,-68.777,-71.496,-58.412,-42.656,-30.186
-15.65,-40.234,-19.029,29.235,6.8452,-23.575,-8.2898,-67.561,-68.59,-56.928,-42.119,-29.267
-15.239,-39.881,-18.904,29.043,6.9173,-23.377,-9.278,-66.466,-65.245,-54.721,-41.234,-28.124
-15.108,-39.139,-18.51,29.156,6.9776,-22.41,-9.9402,-65.789,-62.034,-51.857,-39.834,-26.771
-15.093,-38.01,-18.182,29.455,7.2362,-21.018,-10.025,-65.871,-59.857,-49.249,-37.798,-25.236
-14.922,-36.992,-18.749,29.675,7.9571,-20.905,-9.3362,-67.018,-59.195,-50.446,-35.286,-23.575
-14.345,-38.606,-21.962,29.48,9.3562,-28.031,-7.8734,-69.455,-58.251,-61.81,-33.48,-21.897
-13.283,-48.162,-32.12,28.683,11.499,-46.587,-5.9172,-73.247,-52.457,-72.781,-36.289,-20.525
-11.889,-62.787,-48.842,27.554,14.157,-58.991,-4.0153,-77.611,-38.782,-68.958,-47.697,-21.001
-10.483,-70.066,-58.097,27.145,16.695,-62.998,-2.9232,-75.069,-17.168,-56.707,-54.907,-29.846
-9.4107,-68.826,-56.518,29.233,17.8,-60.293,-2.6922,-62.746,13.599,-38.517,-48.786,-46.155
-8.8857,-60.317,-44.646,33.1,14.97,-49.513,0.80183,-58.972,50.992,-13.561,-35.176,-47.263
-8.901,-43.731,-22.143,31.941,5.5572,-29.437,3.0977,-64.798,84.573,19.779,-15.175,-39.3
-9.2331,-18.466,10.287,23.039,-10.382,0.17342,-0.81042,-80.883,136.9,63.703,11.944,-24.999
-9.5431,14.587,49.296,9.1266,-30.145,37.186,-9.3667,-107.17,192.58,120.33,46.937,-3.3659
-9.4647,52.946,90.847,-8.0154,-50.962,77.856,-21.872,-143.77,236.44,189.79,90.425,26.223
-8.6002,93.82,131.21,-27.682,-70.684,118.83,-39.06,-192.93,273.02,268.72,143.44,63.692
-6.601,136.4,168.58,-50.675,-87.672,158.92,-62.817,-260.73,293.4,351.05,207.9,109.36
-3.3848,181.77,203.11,-79.179,-101.54,198.29,-94.275,-356.49,286.24,430.12,283.26,164.32
1.0308,230.35,235.67,-113.25,-112.99,237.68,-130.98,-487.12,240.83,499.62,363.85,227.92
8.6178,281.38,267.63,-150.06,-123.02,278.14,-168.98,-654.33,150.94,554.16,444.27,296.6
32.739,333.82,300.29,-187.55,-132.38,320.2,-207.26,-862.45,18.249,590.48,520.28,366.05
51.907,385.5,333.87,-223.16,-141.29,362.92,-244.73,-1109.7,-147,607.53,586.53,431.16
65.903,432.41,366.55,-253.64,-149.44,403.33,-279.01,-1382.9,-327.71,605.35,636.53,485.92
74.073,468.77,394.2,-274.97,-156.65,436.5,-307.72,-1661.8,-505.86,583.33,663.2,523.99
72.767,487.55,412.01,-282.31,-163.45,456.33,-329.55,-1923.3,-671.03,538.83,659.16,538.41
58.49,481.78,416.83,-270.33,-170.52,457.32,-344.46,-2147.8,-821.76,467.13,617.32,522.16
28.396,445.8,407.45,-234.36,-178.58,435.78,-354.16,-2322.6,-960.77,363.13,531.8,469.53
-18.146,377.25,383.96,-172.67,-188.44,390.7,-362.05,-2443,-1092,223.31,400.2,378.9
-79.902,278.93,347.99,-88.497,-200.36,324.34,-371.54,-2511.8,-1219.1,48.022,226.2,255.67
-157.95,159.47,303.08,10.059,-213.45,242.48,-384.78,-2536.7,-1343.2,-156.21,21.543,112.22
-235.89,32.362,254.21,111.66,-225.98,153.9,-402.34,-2527.1,-1461,-375.43,-194.13,-35.194
-302.68,-87.147,206.44,204.01,-235.81,68.704,-423.75,-2490.9,-1563.5,-589.3,-397.03,-170.31
-352.24,-186,163.41,276.67,-240.41,-4.4015,-447.87,-2431.9,-1638.2,-775.13,-565.14,-279.56
-379,-256.63,126.54,323.5,-237.44,-60.342,-472.84,-2349.8,-1672.7,-912.85,-683.42,-354.59
-381.56,-298.05,95.454,343.97,-225.53,-98.647,-496.24,-2242.1,-1659,-990.37,-746.15,-393.94
-363.3,-314.37,68.729,342.11,-204.84,-122.18,-515.07,-2107.5,-1597.5,-1007.3,-757.05,-402.97
-330.48,-312,44.499,323.94,-177.18,-134.88,-525.59,-1948.5,-1497,-974.58,-726.99,-390.24
-289.47,-297.23,21.104,295.53,-145.66,-140.2,-524.14,-1771.3,-1370.9,-909.09,-670.3,-363.97
-245.55,-275.32,-1.8623,261.94,-113.68,-140.63,-508.44,-1582.4,-1231.9,-827.08,-600.83,-330.43
-202.88,-249.56,-22.873,226.97,-84.059,-137.66,-478.09,-1387.1,-1089.2,-739.42,-529.07,-293.7
-164.51,-221.94,-39.201,193.19,-58.701,-131.09,-434.61,-1189.4,-948.31,-651.92,-460.88,-255.93
-132.32,-193.51,-47.248,162.21,-38.34,-117.43,-381.45,-994.78,-812.29,-567.54,-398.31,-217.65
-106.84,-165.38,-43.187,135.93,-22.424,-104.41,-323.57,-810.26,-682.87,-488.66,-342.06,-182.38
-86.241,-142.1,-34.371,115.24,-9.7185,-93.563,-266.8,-643.51,-561.3,-417.67,-293.54,-156.96
-68.544,-124.63,-30.107,98.062,0.74812,-84.659,-216.21,-500.42,-450.1,-355.37,-251.86,-138.54
-53.419,-110.17,-29.148,82.905,8.5542,-77.524,-174.47,-383.45,-353.31,-298.79,-213.28,-123.11
-40.966,-97.111,-29.213,69.904,9.7305,-71.026,-141.87,-291.51,-274.53,-246.27,-176.87,-109.47
-30.764,-85.328,-29.253,59.378,6.5567,-64.462,-117.13,-221.15,-214.39,-200.75,-144.83,-97.582
-22.601,-74.936,-28.682,51.147,7.1619,-57.447,-97.9,-167.89,-170.15,-164.88,-119.24,-87.335
-16.02,-65.642,-27.111,44.806,9.1235,-49.76,-81.305,-127.2,-137.63,-138.04,-100.28,-78.241
-10.464,-57.06,-24.382,39.597,10.447,-41.376,-65.615,-95.259,-112.89,-118.08,-86.914,-69.78
-7.4007,-48.988,-20.585,34.319,10.369,-32.617,-51.255,-69.306,-93.176,-102.93,-77.498,-62.1
-6.5089,-41.354,-16.02,28.777,8.7354,-24.208,-39.396,-47.646,-77.01,-90.841,-70.118,-55.769
-7.1214,-34,-11.133,23.919,5.8599,-16.944,-30.173,-29.46,-64.155,-80.438,-62.215,-50.907
-8.7056,-26.818,-6.4144,20.019,2.3484,-11.173,-23.309,-18.41,-57.509,-70.576,-53.834,-47.091
-10.57,-20.097,-2.3244,16.822,-1.0699,-6.7827,-18.706,-22.087,-56.481,-61.484,-48.261,-43.938
-11.883,-14.358,0.7495,14.12,-3.6879,-3.5391,-15.073,-21.32,-52.827,-54.374,-45.207,-41.463
-11.897,-9.8819,2.5438,11.765,-4.9481,-1.2536,-11.572,-14.229,-48.089,-49.121,-43.36,-39.962
-10.16,-6.5751,2.9869,9.5292,-4.5498,0.22195,-8.2387,-5.7789,-43.856,-45.214,-42.047,-39.655
-6.6827,-4.1619,2.241,7.2138,-2.563,1.033,-5.2309,2.1932,-40.444,-42.267,-41.008,-40.375
-2.0205,-2.4067,0.69039,4.8347,0.50537,1.3399,-2.683,9.2133,-37.782,-39.993,-40.183,-41.526
2.8389,-1.1949,-1.1344,2.6397,3.8373,1.3064,-0.74141,15.257,-35.714,-38.183,-39.585,-42.315
6.7917,-0.50809,-2.7072,0.99133,6.6006,1.0735,0.4357,20.418,-34.088,-36.689,-39.22,-42.04
8.976,-0.36454,-3.6955,0.20721,8.2145,0.73629,0.71927,24.796,-32.779,-35.416,-39.043,-40.279
9.0141,-0.7602,-4.0674,0.43018,8.481,0.33781,0.073178,28.495,-31.676,-34.291,-38.946,-36.979
7.0824,-1.6306,-4.0297,1.5788,7.5922,-0.12346,-1.3845,31.643,-30.666,-33.232,-38.776,-32.466
3.8115,-2.8465,-3.8776,3.386,6.0344,-0.67564,-3.3505,34.397,-29.638,-32.144,-38.374,-27.356
0.08188,-4.2381,-3.8892,5.483,4.4292,-1.3494,-5.3641,36.912,-28.489,-30.933,-37.634,-22.383
-3.2127,-5.6265,-4.2653,7.4855,3.3332,-2.1495,-6.9036,39.3,-27.148,-29.522,-36.542,-18.217
-5.422,-6.8511,-5.0627,9.078,3.0474,-3.0262,-7.5147,41.616,-25.581,-27.876,-35.183,-15.282
-6.3243,-7.7881,-6.1487,10.088,3.5407,-3.8648,-6.9191,43.876,-23.782,-25.992,-33.694,-13.613
-6.1169,-8.366,-7.233,10.511,4.506,-4.5087,-5.0774,46.074,-21.762,-23.893,-32.183,-12.824
-5.2497,-8.5712,-7.969,10.474,5.4996,-4.8112,-2.2045,48.197,-19.542,-21.593,-30.663,-12.306
-4.2099,-8.4416,-8.0781,10.16,6.1019,-4.6908,1.2775,50.231,-17.15,-19.091,-29.029,-11.586
-3.3572,-8.0504,-7.4503,9.7332,6.055,-4.16,4.8539,52.168,-14.614,-16.358,-27.107,-10.522
-2.8557,-7.484,-6.1864,9.2961,5.3413,-3.3205,8.0654,54.008,-11.958,-13.352,-24.741,-9.3141
-2.6824,-6.8169,-4.5563,8.8649,4.1684,-2.3287,10.629,55.759,-9.1988,-10.04,-21.891,-8.3617
-2.7017,-6.0926,-2.8865,8.3958,2.8487,-1.3467,12.48,57.427,-6.345,-6.4263,-18.657,-7.9881
-2.8077,-5.3297,-1.4348,7.854,1.6332,-0.49694,13.735,59.024,-3.406,-2.5598,-15.237,-8.2597
-3.0484,-4.5545,-0.31361,7.2872,0.60135,0.1631,14.604,60.561,-0.39392,1.4734,-11.846,-9.0106
-3.605,-3.8267,0.50874,6.8339,-0.33007,0.64207,15.304,62.049,2.6787,5.5808,-8.6337,-9.9638
-4.639,-3.2243,1.1422,6.6436,-1.2993,0.99295,15.952,63.493,5.8092,9.6958,-5.6451,-10.863
-6.1501,-2.803,1.6995,6.7786,-2.3828,1.276,16.521,64.894,9.0066,13.781,-2.8351,-11.567
-7.9265,-2.5741,2.2343,7.1747,-3.53,1.5213,16.87,66.248,12.277,17.795,-0.13648,-12.071
-9.5706,-2.5095,2.6931,7.6698,-4.5393,1.7094,16.84,67.541,15.601,21.66,2.4596,-12.472
-10.585,-2.5585,2.9088,8.0615,-5.086,1.7805,16.329,68.739,18.916,25.255,4.868,-12.904
-10.518,-2.661,2.6657,8.1627,-4.8298,1.6676,15.331,69.797,22.119,28.44,6.942,-13.466
-9.14,-2.7572,1.8152,7.8518,-3.573,1.3351,13.91,70.671,25.09,31.098,8.5529,-14.184
-6.5937,-2.7967,0.38369,7.1205,-1.3993,0.80802,12.145,71.345,27.746,33.187,9.6714,-14.982
-3.4006,-2.749,-1.3916,6.0924,1.2896,0.17799,10.09,71.851,30.087,34.781,10.403,-15.685
-0.2947,-2.6089,-3.1306,4.9867,3.8946,-0.42215,7.7707,72.265,32.203,36.05,10.956,-16.044
2.0368,-2.3926,-4.4582,4.0328,5.8406,-0.86735,5.2134,72.674,34.229,37.192,11.555,-15.822
3.1617,-2.1242,-5.1584,3.378,6.7822,-1.0878,2.5048,73.147,36.272,38.356,12.345,-14.868
3.0154,-1.8196,-5.2515,3.0335,6.7141,-1.0881,-0.17229,73.715,38.378,39.6,13.345,-13.171
1.9339,-1.4804,-4.966,2.8786,5.97,-0.93794,-2.551,74.373,40.539,40.895,14.454,-10.842
0.5781,-1.1013,-4.6425,2.7147,5.1121,-0.74861,-4.3522,75.091,42.724,42.149,15.507,-8.0718
-0.25859,-0.68129,-4.6194,2.3381,4.738,-0.6466,-5.3843,75.821,44.903,43.255,16.346,-5.0775
0.096043,-0.22822,-5.1389,1.6013,5.2734,-0.74115,-5.6262,76.521,47.078,44.141,16.889,-2.0696
1.9823,0.24536,-6.2936,0.44249,6.8624,-1.0923,-5.2591,77.165,49.282,44.812,17.162,0.77159
5.369,0.73222,-8.0181,-1.1287,9.3941,-1.6927,-4.6352,77.759,51.575,45.366,17.284,3.3231
9.9631,1.2386,-10.116,-3.0577,12.571,-2.4713,-4.1829,78.328,54.012,45.956,17.429,5.5428
15.28,1.7722,-12.311,-5.232,15.963,-3.3214,-4.2199,78.904,56.6,46.718,17.768,7.4666
20.657,2.3124,-14.341,-7.452,19.093,-4.1408,-4.783,79.511,59.277,47.711,18.429,9.1759
25.342,2.7916,-16.049,-9.4474,21.584,-4.8679,-5.7599,80.152,61.915,48.89,19.45,10.754
28.692,3.1003,-17.43,-10.934,23.266,-5.4995,-7.2115,80.809,64.369,50.13,20.767,12.261
30.319,3.1081,-18.58,-11.674,24.165,-6.0934,-9.5355,81.45,66.534,51.283,22.246,13.734
30.146,2.6951,-19.618,-11.527,24.423,-6.7523,-13.201,82.046,68.392,52.241,23.746,15.194
28.391,1.7938,-20.651,-10.49,24.217,-7.5809,-18.468,82.58,70.034,52.983,25.182,16.665
25.545,0.42338,-21.76,-8.7257,23.754,-8.6306,-25.078,83.061,71.632,53.589,26.546,18.171
22.292,-1.2977,-22.967,-6.5462,23.275,-9.8627,-31.92,83.519,73.381,54.208,27.89,19.736
19.349,-3.1645,-24.217,-4.3435,23.013,-11.149,-37.196,83.991,75.418,54.99,29.294,21.364
17.289,-4.9139,-25.391,-2.4967,23.114,-12.308,-39.176,84.502,77.757,56.027,30.83,23.026
16.416,-6.2748,-26.354,-1.2835,23.577,-13.162,-36.937,85.053,80.288,57.321,32.514,24.647
16.688,-7.0469,-26.987,-0.81031,24.241,-13.601,-30.65,85.614,82.819,58.78,34.274,26.118
17.664,-7.1797,-27.221,-0.97691,24.827,-13.637,-21.526,86.122,85.146,60.246,35.966,27.306
18.628,-6.8011,-27.068,-1.5111,25.038,-13.401,-11.509,86.494,87.103,61.534,37.433,28.075
18.879,-6.1606,-26.648,-2.0798,24.683,-13.091,-2.731,86.655,88.603,62.498,38.592,28.314
18.062,-5.5105,-26.164,-2.4267,23.738,-12.883,3.1581,86.572,89.644,63.077,39.477,27.971
16.332,-4.9865,-25.814,-2.4767,22.331,-12.853,5.4678,86.272,90.313,63.309,40.229,27.086
14.264,-4.5567,-25.659,-2.3814,20.721,-12.937,4.5501,85.844,90.76,63.316,41.026,25.788
12.511,-4.0674,-25.626,-2.4841,19.28,-12.961,1.5126,85.407,91.162,63.271,41.998,24.254
11.812,-3.3543,-25.663,-3.1315,18.441,-12.739,-2.365,85.072,91.668,63.335,43.166,22.649
13.166,-2.3349,-25.85,-4.4417,18.738,-12.188,-5.9468,84.885,92.343,63.602,44.435,21.087
17.315,-1.0253,-26.409,-6.4074,20.758,-11.385,-8.3441,84.812,93.143,64.055,45.635,19.641
24.491,0.49688,-27.664,-9.0945,24.949,-10.51,-9.2028,84.751,93.944,64.579,46.603,18.412
34.593,2.121,-29.881,-12.494,31.356,-9.7342,-8.7654,84.585,94.608,65.03,47.254,17.605
46.653,3.7146,-32.933,-16.302,39.219,-9.1225,-7.5264,84.224,95.046,65.316,47.622,17.511
58.459,5.1424,-36.149,-19.93,47.049,-8.6135,-5.9373,83.637,95.246,65.434,47.831,18.381
67.339,6.2952,-38.529,-22.679,53.114,-8.0497,-4.3229,82.846,95.256,65.458,48.041,20.288
71.203,7.1161,-39.099,-23.962,55.827,-7.2325,-2.8801,81.894,95.149,65.485,48.37,23.103
69.03,7.6042,-37.173,-23.459,54.076,-5.9975,-1.6958,80.807,94.97,65.567,48.851,26.539
60.96,7.7968,-32.564,-21.183,47.59,-4.2961,-0.77927,79.564,94.704,65.673,49.419,30.224
48.284,7.7443,-25.705,-17.486,37.166,-2.2303,-0.10702,78.098,94.278,65.694,49.944,33.742
33.236,7.4986,-17.54,-12.988,24.537,-0.015513,0.32695,76.321,93.587,65.497,50.299,36.659
18.418,7.1188,-9.2285,-8.389,11.936,2.1075,0.47173,74.183,92.555,64.982,50.431,38.59
5.9617,6.6784,-1.8456,-4.239,1.413,3.9562,0.23372,71.709,91.18,64.133,50.395,39.288
-3.0294,6.2618,3.8292,-0.87164,-5.891,5.4488,-0.44547,69.008,89.555,63.046,50.317,38.781
-8.4754,5.9501,7.4319,1.5159,-9.9743,6.6009,-1.5022,66.238,87.848,61.904,50.3,37.455
-11.088,5.8036,9.0706,2.8612,-11.575,7.485,-2.7306,63.526,86.228,60.911,50.328,35.987
-11.873,5.8501,9.2495,3.2746,-11.488,8.1762,-3.8527,60.904,84.772,60.193,50.27,35.099
-11.37,6.0859,8.6162,2.9805,-10.218,8.7153,-4.632,58.272,83.405,59.732,49.978,35.269
-9.6546,6.4869,7.682,2.2148,-8.2391,9.1105,-4.9633,55.429,81.913,59.366,49.385,36.605
-7.0942,7.0222,6.7508,1.1529,-6.027,9.364,-4.8975,52.148,80.018,58.865,48.524,38.858
-4.2881,7.6614,5.9601,-0.10682,-3.812,9.4928,-4.6009,48.261,77.463,58.007,47.486,41.512
-1.6265,8.3744,5.2442,-1.5152,-1.6915,9.5276,-4.2696,43.723,74.082,56.64,46.36,43.938
0.78101,9.1267,4.438,-3.0285,0.25176,9.5004,-4.0385,38.626,69.84,54.696,45.189,45.589
3.0133,9.8814,3.5029,-4.5864,1.9816,9.4374,-3.9186,33.171,64.853,52.186,43.951,46.124
5.2306,10.608,2.5231,-6.1274,3.5463,9.3569,-3.7917,27.6,59.356,49.188,42.559,45.455
7.6204,11.292,1.5583,-7.6229,5.0797,9.267,-3.4649,22.134,53.628,45.825,40.903,43.776
10.364,11.925,0.58085,-9.0842,6.758,9.1603,-2.7605,16.927,47.904,42.249,38.924,41.548
13.567,12.492,-0.49152,-10.528,8.7316,9.0095,-1.6027,12.046,42.312,38.6,36.669,39.357
17.163,12.96,-1.7334,-11.926,11.05,8.7731,-0.067374,7.475,36.872,34.987,34.274,37.676
20.84,13.278,-3.1502,-13.17,13.589,8.4135,1.6219,3.1415,31.539,31.469,31.888,36.679
24.031,13.397,-4.6429,-14.087,16.006,7.9162,3.1556,-1.0564,26.245,28.042,29.574,36.2
26.022,13.282,-6.0171,-14.49,17.807,7.3009,4.2436,-5.2223,20.919,24.637,27.247,35.831
26.195,12.921,-7.0401,-14.24,18.551,6.6184,4.7252,-9.4351,15.497,21.117,24.66,35.083
24.318,12.324,-7.542,-13.311,18.05,5.9308,4.6283,-13.723,9.9367,17.323,21.5,33.568
20.728,11.521,-7.5105,-11.807,16.421,5.2825,4.1423,-18.052,4.2328,13.133,17.562,31.137
16.241,10.565,-7.0965,-9.9554,14.046,4.6799,3.5155,-22.33,-1.5706,8.5271,12.926,27.907
11.863,9.5302,-6.5454,-8.0725,11.522,4.0964,2.9223,-26.434,-7.3791,3.6141,7.9339,24.152
8.5347,8.5056,-6.1447,-6.4944,9.5558,3.4933,2.3532,-30.248,-13.064,-1.3999,3.0244,20.158
7.0047,7.5689,-6.1939,-5.4796,8.7982,2.8359,1.6033,-33.688,-18.488,-6.2806,-1.4134,16.164
7.6559,6.7588,-6.9335,-5.1206,9.6347,2.0992,0.3966,-36.718,-23.539,-10.826,-5.1451,12.402
10.271,6.0589,-8.4345,-5.3028,12.007,1.278,-1.4522,-39.342,-28.139,-14.893,-8.1527,9.1346
14.005,5.4101,-10.526,-5.7373,15.381,0.40771,-3.9477,-41.585,-32.249,-18.399,-10.592,6.6306
17.698,4.7485,-12.827,-6.0664,18.934,-0.4208,-6.8873,-43.47,-35.852,-21.315,-12.679,5.0925
20.257,4.0487,-14.858,-5.993,21.821,-1.0732,-9.8681,-45.016,-38.956,-23.663,-14.586,4.5772
20.941,3.3485,-16.166,-5.3756,23.364,-1.4096,-12.327,-46.257,-41.599,-25.51,-16.387,4.9597
19.554,2.7397,-16.4,-4.267,23.175,-1.3287,-13.63,-47.254,-43.857,-26.96,-18.071,5.9632
16.498,2.3375,-15.373,-2.8917,21.262,-0.80094,-13.223,-48.093,-45.83,-28.13,-19.57,7.2328
12.575,2.2556,-13.14,-1.5747,18.031,0.13103,-10.809,-48.856,-47.6,-29.119,-20.807,8.4186
8.6596,2.5862,-9.9975,-0.62437,14.068,1.4017,-6.4489,-49.581,-49.2,-29.966,-21.727,9.2627
5.3593,3.3547,-6.3063,-0.19786,9.8614,2.9643,-0.53657,-50.25,-50.602,-30.643,-22.329,9.6631
2.7475,4.4679,-2.3259,-0.21037,5.6486,4.7591,6.3308,-50.804,-51.745,-31.086,-22.661,9.6645
0.42373,5.7049,1.743,-0.347,1.4649,6.6626,13.499,-51.18,-52.575,-31.245,-22.813,9.374
-2.1687,6.7715,5.6376,-0.18204,-2.7283,8.4864,20.356,-51.342,-53.078,-31.125,-22.876,8.8498
-5.4571,7.3932,9.0302,0.64873,-6.9047,10.019,26.391,-51.297,-53.288,-30.787,-22.898,8.0345
-9.5301,7.4015,11.629,2.296,-10.862,11.076,31.27,-51.082,-53.275,-30.317,-22.859,6.7787
-14.05,6.7774,13.241,4.623,-14.229,11.541,34.85,-50.753,-53.119,-29.797,-22.684,4.946
-18.371,5.6393,13.785,7.2511,-16.607,11.384,37.125,-50.358,-52.887,-29.279,-22.303,2.5283
-21.777,4.186,13.313,9.7177,-17.713,10.665,38.197,-49.928,-52.62,-28.791,-21.717,-0.30569
-23.717,2.6289,12.037,11.658,-17.462,9.5282,38.274,-49.48,-52.337,-28.351,-21.034,-3.2584
-23.978,1.1466,10.269,12.905,-16.008,8.1734,37.648,-49.014,-52.04,-27.988,-20.44,-6.0192
-22.711,-0.13299,8.3153,13.483,-13.683,6.7997,36.65,-48.53,-51.728,-27.76,-20.113,-8.3848
-20.305,-1.1397,6.4001,13.536,-10.857,5.5464,35.593,-48.039,-51.405,-27.738,-20.158,-10.32
-17.225,-1.8637,4.6162,13.253,-7.8419,4.4671,34.67,-47.569,-51.086,-27.991,-20.592,-11.919
-13.954,-2.3421,2.92,12.803,-4.8715,3.5519,33.893,-47.161,-50.789,-28.552,-21.351,-13.286
-10.944,-2.6286,1.2145,12.289,-2.1152,2.7775,33.103,-46.844,-50.521,-29.395,-22.312,-14.411
-8.5414,-2.7569,-0.4959,11.744,0.28589,2.1444,32.07,-46.605,-50.265,-30.43,-23.304,-15.124
-6.9279,-2.7169,-2.0426,11.151,2.1704,1.6843,30.645,-46.382,-49.973,-31.518,-24.143,-15.155
-6.121,-2.4612,-3.1886,10.485,3.375,1.4545,28.892,-46.085,-49.59,-32.519,-24.695,-14.249
-6.0401,-1.9393,-3.7368,9.7285,3.8,1.5273,27.102,-45.641,-49.088,-33.345,-24.938,-12.297
-6.5289,-1.1258,-3.5898,8.8649,3.4626,1.9613,25.684,-45.024,-48.477,-33.992,-24.98,-9.4284
-7.2953,-0.01862,-2.7895,7.8422,2.5502,2.7717,24.999,-44.247,-47.79,-34.52,-24.989,-6.0229
-7.8841,1.3844,-1.5229,6.5582,1.4192,3.9242,25.226,-43.323,-47.047,-34.996,-25.076,-2.6005
-7.7579,3.105,-0.074589,4.8859,0.5165,5.3525,26.31,-42.229,-46.216,-35.425,-25.221,0.33906
-6.4463,5.1867,1.2586,2.7164,0.26172,6.9877,27.974,-40.884,-45.204,-35.728,-25.275,2.4511
-3.7006,7.6845,2.2591,-0.0023648,0.92434,8.7889,29.794,-39.163,-43.87,-35.75,-25.034,3.6105
0.41031,10.661,2.8522,-3.2311,2.5454,10.768,31.313,-36.926,-42.08,-35.323,-24.333,3.9023
5.5057,14.197,3.1287,-6.8278,4.9279,13.012,32.215,-34.081,-39.749,-34.325,-23.109,3.5562
10.981,18.4,3.342,-10.57,7.6782,15.711,32.485,-30.62,-36.878,-32.716,-21.412,2.8468
16.133,23.398,3.8888,-14.203,10.28,19.179,32.412,-26.646,-33.551,-30.534,-19.356,1.996
20.32,29.289,5.2505,-17.49,12.198,23.772,32.407,-22.364,-29.914,-27.881,-17.042,1.1262
23.109,36.073,7.8706,-20.275,13.007,29.63,32.792,-18.052,-26.141,-24.892,-14.523,0.29567
24.357,43.615,11.965,-22.526,12.483,36.474,33.664,-13.994,-22.402,-21.709,-11.818,-0.42252
24.156,51.651,17.372,-24.367,10.633,43.805,34.883,-10.414,-18.837,-18.452,-8.9597,-0.91237
22.727,59.898,23.6,-26.117,7.6609,51.261,36.133,-7.4288,-15.542,-15.211,-6.0232,-1.051
20.34,68.177,30.067,-28.337,3.9182,58.66,37.004,-5.0318,-12.562,-12.047,-3.0964,-0.73877
17.304,76.42,36.331,-31.803,-0.18867,65.89,37.112,-3.1161,-9.881,-8.9924,-0.22807,0.10887
14.031,84.529,42.209,-37.127,-4.2994,72.888,36.197,-1.5115,-7.4181,-6.0357,2.6056,1.5715
11.067,92.232,47.863,-43.839,-8.1394,79.675,34.185,-0.030475,-5.0475,-3.1075,5.4844,3.7126
8.9308,99.153,53.764,-50.224,-11.478,86.285,31.164,1.4859,-2.63,-0.096371,8.4959,6.5577
7.854,105.06,60.358,-55.156,-14.115,92.612,27.331,3.1309,-0.057378,3.1051,11.686,10.066
7.888,110.03,67.526,-58.953,-15.871,98.342,22.938,4.9154,2.7133,6.5478,15.028,14.099
9.268,114.39,74.364,-62.408,-16.536,103.09,18.265,6.7759,5.6469,10.197,18.414,18.409
12.429,118.63,79.764,-66.173,-15.85,106.71,13.608,8.5961,8.6415,13.937,21.687,22.691
17.673,123.18,83.189,-70.645,-13.603,109.47,9.251,10.224,11.553,17.604,24.707,26.669
24.786,128.33,84.847,-75.893,-9.907,111.96,5.4492,11.482,14.221,21.037,27.415,30.173
32.86,134.09,85.568,-81.596,-5.4805,114.77,2.3987,12.183,16.495,24.121,29.863,33.166
40.464,140.13,86.502,-87.144,-1.6633,118.26,0.21278,12.182,18.277,26.834,32.182,35.725
46.016,146.01,88.675,-91.882,0.073048,122.54,-1.1179,11.447,19.56,29.257,34.516,37.972
48.191,151.3,92.641,-95.306,-1.1689,127.42,-1.7693,10.092,20.435,31.539,36.946,40
46.325,155.67,98.324,-97.12,-5.4744,132.53,-2.0719,8.345,21.051,33.812,39.443,41.803
40.715,158.95,105.04,-97.242,-12.242,137.4,-2.4192,6.468,21.534,36.121,41.886,43.245
32.587,161.05,111.72,-95.89,-20.324,141.58,-3.1519,4.6784,21.942,38.396,44.123,44.082
23.623,162.07,117.32,-93.653,-28.321,144.75,-4.4701,3.1199,22.263,40.499,46.044,44.04
15.403,162.15,121.18,-91.341,-34.983,146.81,-6.3898,1.8697,22.458,42.288,47.616,42.92
9.1136,161.44,123.22,-89.616,-39.412,147.87,-8.7569,0.94548,22.5,43.679,48.865,40.688
5.5019,160.02,123.74,-88.665,-41.251,148.08,-11.319,0.29519,22.373,44.643,49.827,37.505
4.6774,158.07,123.14,-88.218,-40.82,147.33,-13.822,-0.21881,22.034,45.163,50.48,33.687
5.8645,155.85,121.54,-87.751,-38.937,145.22,-16.09,-0.81767,21.376,45.178,50.723,29.608
7.6706,153.47,118.88,-86.553,-36.505,141.58,-18.039,-1.7675,20.228,44.568,50.397,25.577
8.7427,150.61,115.35,-83.74,-34.352,137.08,-19.652,-3.3025,18.411,43.205,49.349,21.758
8.3459,146.66,111.56,-78.389,-33.14,132.54,-20.937,-5.5407,15.824,41.026,47.513,18.158
6.4516,141,107.79,-69.923,-32.924,127.81,-21.888,-8.443,12.5,38.082,44.937,14.672
3.5507,133.19,103.47,-58.879,-32.919,122.21,-22.474,-11.843,8.5882,34.514,41.729,11.176
0.4763,123.01,97.707,-47.124,-32,115.09,-22.644,-15.523,4.2793,30.481,37.973,7.6167
-1.8599,110.58,89.959,-36.557,-29.46,106.11,-22.351,-19.289,-0.25908,26.096,33.683,4.0706
-2.7723,96.36,80.315,-27.981,-25.292,95.352,-21.59,-23.002,-4.9191,21.402,28.831,0.73878
-2.0136,81.139,69.362,-21.315,-19.914,83.335,-20.418,-26.582,-9.6531,16.377,23.405,-2.1423
0.15418,65.81,57.876,-16.228,-13.87,70.81,-18.955,-29.999,-14.456,10.975,17.475,-4.4294
3.012,51.234,46.53,-12.421,-7.7739,58.528,-17.363,-33.266,-19.342,5.1717,11.205,-6.1532
5.5678,38.149,35.79,-9.5574,-2.3206,47.083,-15.816,-36.425,-24.323,-0.97743,4.8339,-7.5044
6.8704,27.025,25.892,-7.1348,1.8374,36.86,-14.468,-39.528,-29.378,-7.3217,-1.3661,-8.7482
6.3291,17.961,17.042,-4.5659,4.2856,27.964,-13.431,-42.608,-34.432,-13.631,-7.133,-10.114
3.8464,10.843,9.6712,-1.4548,4.9373,20.141,-12.786,-45.66,-39.357,-19.642,-12.283,-11.709
-0.24708,5.4194,4.1793,2.2325,4.0495,13.081,-12.613,-48.645,-43.997,-25.121,-16.766,-13.5
-5.3226,1.0684,0.50721,6.2736,2.2013,7.0346,-13.014,-51.506,-48.219,-29.92,-20.646,-15.353
-10.595,-2.9269,-1.8519,10.389,0.10015,2.3641,-14.072,-54.188,-51.942,-34,-24.021,-17.119
-15.279,-6.9877,-3.524,14.351,-1.6612,-1.2356,-15.786,-56.65,-55.147,-37.411,-26.951,-18.722
-18.743,-11.247,-5.0114,17.994,-2.6547,-4.2533,-18.009,-58.867,-57.869,-40.255,-29.448,-20.208
-20.601,-15.634,-6.6681,21.183,-2.582,-6.9777,-20.451,-60.837,-60.177,-42.639,-31.503,-21.715
-20.743,-19.937,-8.6949,23.789,-1.3508,-9.5362,-22.737,-62.574,-62.151,-44.656,-33.135,-23.383
-19.479,-23.883,-11.092,25.738,0.79248,-11.968,-24.516,-64.104,-63.873,-46.374,-34.418,-25.261
-17.623,-27.264,-13.656,27.113,3.2793,-14.264,-25.568,-65.464,-65.414,-47.85,-35.485,-27.286
-16.236,-30.028,-16.075,28.183,5.4445,-16.398,-25.889,-66.695,-66.833,-49.143,-36.475,-29.348
-16.148,-32.263,-18.061,29.271,6.766,-18.348,-25.7,-67.84,-68.172,-50.318,-37.477,-31.407
-17.627,-34.095,-19.449,30.565,6.9839,-20.09,-25.365,-68.926,-69.443,-51.433,-38.478,-33.555
-20.353,-35.595,-20.22,32.027,6.1557,-21.581,-25.23,-69.956,-70.617,-52.507,-39.378,-35.966
-23.584,-36.766,-20.455,33.429,4.658,-22.742,-25.463,-70.89,-71.627,-53.498,-40.048,-38.774
-26.384,-37.559,-20.309,34.476,3.0869,-23.479,-25.969,-71.671,-72.387,-54.308,-40.401,-41.978
-27.825,-37.923,-20.036,34.899,2.0883,-23.746,-26.448,-72.25,-72.829,-54.818,-40.435,-45.395
-27.187,-37.833,-19.978,34.499,2.2071,-23.599,-26.521,-72.62,-72.941,-54.955,-40.24,-48.677
-24.171,-37.328,-20.457,33.223,3.7873,-23.17,-25.868,-72.824,-72.774,-54.73,-39.96,-51.376
-19.053,-36.515,-21.579,31.255,6.8371,-22.593,-24.325,-72.941,-72.433,-54.251,-39.746,-53.058
-12.736,-35.548,-23.074,28.992,10.814,-21.935,-21.917,-73.048,-72.041,-53.692,-39.697,-53.437
-6.6643,-34.584,-24.386,26.925,14.588,-21.214,-18.861,-73.198,-71.711,-53.245,-39.829,-52.472
-2.4584,-33.738,-24.925,25.493,16.859,-20.427,-15.51,-73.397,-71.502,-53.064,-40.075,-50.38
-1.3753,-33.053,-24.277,24.979,16.767,-19.575,-12.246,-73.601,-71.395,-53.21,-40.312,-47.586
-3.8729,-32.516,-22.324,25.434,14.188,-18.684,-9.3799,-73.729,-71.274,-53.632,-40.425,-44.64
-9.4438,-32.107,-19.313,26.654,9.5986,-17.823,-7.095,-73.679,-70.947,-54.18,-40.362,-42.095
-16.773,-31.837,-15.79,28.249,3.8512,-17.086,-5.4473,-73.352,-70.184,-54.649,-40.159,-40.34
-24.172,-31.734,-12.379,29.806,-1.9584,-16.54,-4.4159,-72.679,-68.76,-54.832,-39.898,-39.481
-30.122,-31.764,-9.5719,31.015,-6.7368,-16.157,-3.9665,-71.649,-66.502,-54.545,-39.651,-39.375
-33.65,-31.766,-7.6615,31.682,-9.715,-15.807,-4.08,-70.355,-63.364,-53.651,-39.427,-39.783
-34.395,-31.471,-6.7891,31.7,-10.534,-15.317,-4.7198,-69.033,-59.513,-52.057,-39.132,-40.449
-32.468,-30.595,-6.9985,31.06,-9.19,-14.577,-5.7685,-68.058,-55.42,-49.734,-38.563,-41.118
-28.383,-28.964,-8.244,29.879,-6.0083,-13.656,-6.9955,-67.858,-51.892,-46.887,-37.436,-41.571
-23.103,-26.744,-10.334,28.38,-1.664,-12.909,-8.1076,-68.788,-49.961,-44.639,-35.481,-41.644
-17.839,-25.041,-12.949,26.831,2.8786,-13.428,-8.874,-71.044,-50.054,-47.322,-32.826,-41.224
-13.663,-27.239,-16.018,25.484,6.608,-19.441,-9.2603,-74.66,-49.669,-61.586,-31.531,-40.294
-11.219,-39.766,-21.313,24.593,8.7966,-37.963,-9.4911,-79.003,-43.209,-71.888,-38.971,-39.149
-10.612,-57.942,-33.486,24.671,9.1911,-52.819,-9.9735,-77.58,-28.002,-65.864,-53.465,-39.328
-11.403,-64.335,-44.34,27.003,7.9227,-56.087,-10.947,-65.221,-4.7432,-51.737,-53.117,-45.44
-12.78,-60.258,-41.8,31.531,5.1293,-50.804,-11.738,-60.124,27.516,-31.093,-42.452,-49.774
-13.905,-47.575,-27.246,32.328,-0.2269,-36.556,-11.471,-64.417,66.445,-2.8544,-25.486,-43.796
-14.19,-26.028,-2.4936,25.655,-10.523,-12.305,-13.495,-79.387,105.44,34.382,-1.8146,-31.947
-13.373,3.8531,30.826,13.397,-25.724,20.721,-20.779,-105.27,155.15,81.992,29.271,-13.934
-11.447,40.189,68.906,-2.8176,-42.843,59.345,-32.552,-142.04,202.88,140.85,68.707,10.779
-8.5276,80.377,108.06,-22.06,-59.279,100.23,-47.771,-191.63,246.19,210.75,117.75,42.309
-4.7607,122.6,145.95,-43.951,-73.873,141.18,-66.779,-259.83,282.73,289.78,178.11,81.748
-0.31334,166.88,181.56,-69.519,-86.391,181.56,-91.214,-355.31,302.92,373.22,250.33,132.18
4.6614,214.16,215.08,-99.983,-97.187,221.98,-120.55,-484.48,294.94,453.35,330.17,194.35
10.39,264.87,247.62,-134.62,-107.03,263.58,-151.81,-649.97,248.1,522.13,411.6,263.09
23.395,318.49,280.44,-171.61,-116.74,306.79,-183.33,-856.07,156.84,573.91,490.1,333.45
47.271,372.65,313.83,-208.66,-126.68,350.54,-215.13,-1101.4,23.584,605.91,561.14,401.77
62.295,422.96,346.2,-242.74,-136.32,391.8,-248.47,-1375,-140.61,617.54,619.18,462.64
73.384,463.6,374.35,-269.89,-144.43,425.93,-286.53,-1658.5,-318.56,609.11,657.56,508.62
78.403,487.7,394.64,-285.23,-150.67,447.7,-331.25,-1930.4,-493.85,580.09,668.61,531.78
73.904,488.98,404,-283.76,-155.97,452.35,-377.8,-2170.4,-657.09,527.37,644.34,525.32
56.519,462.15,400.34,-261.37,-161.62,436.2,-416.33,-2364.2,-805.52,445.3,577.59,484.52
23.66,404.18,382.77,-215.18,-168.7,397.3,-437.79,-2504.5,-941.23,327.11,463.84,407.69
-25.33,315.98,351.84,-144.89,-178.2,336.6,-438.76,-2591.7,-1070.2,168.32,304.1,297.7
-90.236,203.78,310.18,-54.743,-190.76,258.73,-423.13,-2632,-1198.6,-28.729,107.59,163
-169.88,78.826,262.53,46.203,-205.48,171.85,-399.55,-2634.5,-1327.6,-251.91,-108.16,16.7
-247.15,-44.732,214.49,146.07,-220,85.892,-377.48,-2607.2,-1450.8,-480.04,-319.96,-125.19
-313.47,-153.19,170.47,233.17,-231.85,9.8072,-364.53,-2554.5,-1555,-687.45,-504.42,-247.57
-361.94,-236.79,132.51,298.71,-238.66,-50.707,-364.93,-2476.6,-1623.8,-850.54,-643.07,-341.23
-387.71,-291.62,100.46,338.3,-238.19,-94.084,-377.86,-2371.9,-1643.9,-953.71,-726.19,-402.75
-389.23,-319.17,72.989,352.29,-228.68,-121.87,-398.64,-2240.1,-1610.6,-993.08,-753.91,-432.59
-369.38,-324.49,48.344,344.9,-209.6,-137.25,-421.4,-2084.9,-1529.9,-976.39,-735.22,-435.44
-334.3,-313.89,25.031,322.21,-182.43,-143.92,-439.98,-1912.1,-1414.8,-919.25,-684.79,-419.43
-290.45,-293.24,2.4913,290.24,-150.26,-145.1,-448.08,-1727.6,-1280.4,-839.18,-618.04,-393.12
-243.63,-266.92,-18.442,253.9,-116.73,-142.75,-440.73,-1535.6,-1138.5,-750.38,-546.61,-362.79
-198.77,-237.78,-35.56,216.96,-85.118,-137.45,-416.87,-1339.1,-995.72,-660.93,-476.85,-331.74
-159.18,-207.77,-45.466,182.12,-57.629,-128.29,-377.85,-1141.6,-855.4,-573.84,-410.95,-300.53
-126.84,-178.38,-44.705,151.86,-35.272,-115.46,-327.14,-948.31,-720.11,-489.93,-349.77,-269.2
-101.53,-152.61,-37.695,127.8,-17.963,-101.56,-270.14,-766.25,-593.1,-411.91,-295.72,-239.27
-80.713,-133.24,-32.984,108.78,-4.5608,-90.646,-214.17,-602.65,-477.71,-344.1,-250.61,-212.61
-62.649,-118.28,-31.252,92.663,6.2386,-82.697,-165.62,-463.18,-376.83,-285.99,-211.39,-188.85
-47.462,-105.02,-30.539,78.467,14.095,-75.557,-124.86,-350.41,-293.36,-235.09,-175.37,-167.37
-35.719,-92.303,-29.528,66.267,14.037,-68.13,-90.761,-263.29,-228.72,-192.19,-143.51,-147.77
-27.36,-80.18,-27.54,56.267,6.6052,-60.071,-63.553,-197.95,-181.02,-158.71,-118.03,-129.46
-22.207,-69.166,-24.33,48.568,4.0949,-51.381,-42.472,-149.26,-146.17,-133.88,-99.538,-111.7
-18.741,-59.504,-20.041,43.045,3.0246,-42.268,-26.03,-112.25,-119.99,-115.63,-86.914,-94.158
-15.284,-51.08,-15.131,38.475,1.3854,-33.159,-12.781,-83.067,-99.347,-101.93,-78.305,-77.316
-14.456,-43.678,-10.209,33.708,-0.90353,-24.707,-1.9223,-59.174,-82.447,-91.181,-71.853,-62.264
-15.446,-37.13,-5.8174,29.53,-3.5067,-17.616,6.8906,-39.127,-68.591,-82.16,-65.381,-49.207
-17.307,-31.282,-2.3052,26.579,-6.0593,-12.271,13.823,-22.545,-58.712,-74.015,-56.784,-37.088
-19.501,-26.071,0.18369,24.64,-8.2696,-8.5993,16.624,-15.21,-55.681,-66.458,-47.982,-26.786
-21.589,-21.651,1.6634,23.358,-9.9289,-6.2409,16.519,-16.849,-52.852,-59.882,-41.913,-20.494
-23.164,-18.205,2.2518,22.452,-10.895,-4.8161,17.276,-11.936,-48.198,-54.518,-38.149,-17.668
-23.888,-15.744,2.1324,21.685,-11.084,-4.0248,18.921,-2.9669,-43.716,-50.254,-35.765,-16.856
-23.552,-14.105,1.5261,20.864,-10.49,-3.6498,20.697,6.428,-40.003,-46.922,-34.266,-17.129
-22.112,-13.059,0.66183,19.857,-9.2087,-3.533,22.073,14.941,-37.063,-44.359,-33.336,-17.997
-19.71,-12.411,-0.26615,18.647,-7.4255,-3.5535,22.962,22.221,-34.749,-42.391,-32.718,-19.217
-16.636,-12.031,-1.141,17.336,-5.37,-3.6193,23.447,28.293,-32.88,-40.821,-32.223,-20.672
-13.255,-11.861,-1.9258,16.104,-3.2551,-3.6748,23.376,33.337,-31.269,-39.447,-31.749,-22.244
-9.9588,-11.877,-2.6365,15.14,-1.2451,-3.7169,22.454,37.576,-29.759,-38.1,-31.274,-23.716
-7.1455,-12.061,-3.3236,14.573,0.52446,-3.7953,20.42,41.2,-28.254,-36.676,-30.818,-24.79
-5.2091,-12.383,-4.0361,14.453,1.8961,-3.9832,16.995,44.319,-26.738,-35.158,-30.419,-25.189
-4.5048,-12.804,-4.7664,14.755,2.6661,-4.3309,11.707,46.954,-25.27,-33.602,-30.112,-24.768
-5.2948,-13.282,-5.4192,15.415,2.6436,-4.8318,3.9741,49.071,-23.937,-32.112,-29.919,-23.561
-7.6399,-13.759,-5.7943,16.343,1.7279,-5.4067,-6.1022,50.657,-22.802,-30.782,-29.818,-21.761
-11.321,-14.14,-5.6209,17.416,-0.095568,-5.9034,-16.487,51.785,-21.837,-29.647,-29.716,-19.626
-15.861,-14.284,-4.7146,18.479,-2.7374,-6.1307,-23.223,52.638,-20.906,-28.634,-29.447,-17.387
-20.568,-14.054,-3.1183,19.344,-5.9065,-5.9281,-22.553,53.466,-19.799,-27.573,-28.847,-15.232
-24.605,-13.392,-1.1002,19.813,-9.0794,-5.2518,-13.323,54.504,-18.314,-26.259,-27.841,-13.342
-27.167,-12.359,0.90391,19.716,-11.602,-4.2326,2.4115,55.892,-16.328,-24.539,-26.478,-11.893
-27.663,-11.108,2.3681,18.955,-12.847,-3.1464,20.752,57.633,-13.836,-22.358,-24.893,-11.02
-25.828,-9.8054,2.8135,17.531,-12.345,-2.2928,37.838,59.608,-10.931,-19.768,-23.233,-10.788
-21.726,-8.5549,1.974,15.548,-9.8805,-1.8564,50.727,61.615,-7.7581,-16.89,-21.596,-11.166
-15.768,-7.4014,-0.064664,13.178,-5.6119,-1.8401,58.018,63.443,-4.4638,-13.868,-20,-12.002
-8.7581,-6.3421,-2.8143,10.609,-0.19765,-2.0998,60.119,64.935,-1.1599,-10.814,-18.379,-13.01
-1.8077,-5.3113,-5.5123,8.0289,5.2299,-2.3927,58.432,66.03,2.0912,-7.778,-16.6,-13.831
3.9303,-4.2098,-7.3517,5.6297,9.409,-2.4192,54.172,66.761,5.2751,-4.7154,-14.5,-14.172
7.5658,-2.9897,-7.7211,3.6035,11.422,-1.952,48.69,67.229,8.3994,-1.5258,-11.975,-13.919
8.647,-1.7144,-6.4667,2.1305,10.95,-0.96821,43.796,67.55,11.449,1.8486,-9.0784,-13.182
7.2105,-0.55953,-3.9931,1.3699,8.2379,0.32614,40.133,67.813,14.358,5.3324,-6.0601,-12.256
3.7053,0.23276,-1.0601,1.4456,4.0141,1.5701,37.282,68.059,17.024,8.7197,-3.2803,-11.515
-1.163,0.43663,1.5415,2.4,-0.61651,2.3815,34.938,68.305,19.384,11.775,-1.0276,-11.268
-6.4979,-0.06408,3.2249,4.1176,-4.5736,2.4998,33.005,68.582,21.479,14.368,0.6718,-11.607
-11.294,-1.216,3.7047,6.2952,-7.1869,1.8734,31.399,68.965,23.487,16.547,2.1201,-12.328
-14.737,-2.8017,2.9804,8.5125,-8.1965,0.65867,30.007,69.555,25.661,18.528,3.8221,-12.997
-16.417,-4.5036,1.2772,10.355,-7.6452,-0.85514,28.762,70.427,28.225,20.593,6.2181,-13.138
-16.302,-5.9927,-1.0031,11.506,-5.8145,-2.3514,27.701,71.572,31.274,22.95,9.422,-12.421
-14.613,-7.0138,-3.3678,11.802,-3.152,-3.5776,26.876,72.885,34.707,25.631,13.129,-10.773
-11.764,-7.446,-5.392,11.261,-0.17965,-4.4,26.229,74.208,38.259,28.468,16.776,-8.3657
-8.3031,-7.3222,-6.8707,10.07,2.6336,-4.8112,25.584,75.399,41.612,31.175,19.851,-5.5094
-4.7952,-6.8021,-7.838,8.5214,4.9718,-4.8959,24.73,76.387,44.545,33.495,22.144,-2.5377
-1.698,-6.1067,-8.4263,6.9135,6.7047,-4.7773,23.499,77.18,47.025,35.299,23.795,0.26202
0.72989,-5.4317,-8.7308,5.4719,7.8635,-4.5718,21.804,77.858,49.206,36.641,25.162,2.693
2.4636,-4.8699,-8.8312,4.2953,8.5754,-4.365,19.664,78.541,51.36,37.726,26.618,4.6943
3.6579,-4.3873,-8.8404,3.3535,9.0047,-4.1932,17.194,79.35,53.767,38.836,28.369,6.3734
4.5102,-3.8751,-8.8574,2.5481,9.2943,-4.0414,14.59,80.365,56.611,40.206,30.391,7.9552
5.1261,-3.2496,-8.8993,1.8095,9.496,-3.8638,12.091,81.6,59.896,41.919,32.485,9.6657
5.4769,-2.5239,-8.8835,1.1519,9.5438,-3.6102,9.9268,82.997,63.457,43.882,34.412,11.666
5.462,-1.7873,-8.6653,0.64392,9.3011,-3.2425,8.2676,84.46,67.047,45.896,36.02,14.039
5.0097,-1.1312,-8.1124,0.34178,8.6471,-2.7439,7.1907,85.892,70.457,47.768,37.311,16.757
4.1468,-0.59974,-7.1815,0.2525,7.5571,-2.1276,6.6644,87.227,73.599,49.407,38.432,19.667
3.0098,-0.19321,-5.9515,0.33786,6.1398,-1.4401,6.5515,88.442,76.52,50.851,39.592,22.528
1.8093,0.10557,-4.6022,0.53591,4.6099,-0.75407,6.6312,89.54,79.331,52.216,40.942,25.06
0.76636,0.31104,-3.3559,0.78097,3.2115,-0.15326,6.6563,90.534,82.116,53.616,42.482,27.025
0.027349,0.43168,-2.3959,1.0221,2.128,0.29486,6.4382,91.427,84.876,55.112,44.05,28.285
-0.42958,0.47567,-1.7884,1.2481,1.4032,0.57289,5.9002,92.221,87.546,56.697,45.431,28.841
-0.82668,0.45027,-1.447,1.5124,0.90836,0.72947,5.0599,92.926,90.055,58.326,46.485,28.833
-1.5022,0.35343,-1.1773,1.9251,0.38759,0.85665,3.9693,93.561,92.353,59.946,47.226,28.492
-2.7441,0.17355,-0.78149,2.5957,-0.42011,1.038,2.5976,94.145,94.417,61.506,47.801,28.072
-4.6316,-0.091044,-0.16081,3.5543,-1.6369,1.3039,0.74928,94.68,96.234,62.956,48.397,27.814
-6.9609,-0.40549,0.6362,4.7025,-3.1639,1.6256,-1.8424,95.157,97.794,64.251,49.135,27.91
-9.2893,-0.68963,1.4362,5.8214,-4.7115,1.9441,-5.3514,95.557,99.097,65.367,50.007,28.488
-11.094,-0.83699,2.0224,6.6392,-5.9229,2.2108,-9.6655,95.86,100.16,66.297,50.893,29.591
-11.984,-0.75064,2.2452,6.9364,-6.5323,2.416,-14.224,96.052,101,67.06,51.643,31.178
-11.863,-0.37556,2.1121,6.6344,-6.4845,2.5968,-18.078,96.124,101.67,67.684,52.164,33.138
-10.928,0.28809,1.798,5.8115,-5.9468,2.8259,-20.21,96.078,102.2,68.202,52.456,35.309
-9.5413,1.1931,1.5562,4.6378,-5.2048,3.1843,-19.923,95.927,102.62,68.647,52.601,37.512
-8.0515,2.266,1.583,3.2752,-4.5256,3.7256,-17.09,95.686,102.96,69.05,52.7,39.573
-6.6403,3.4297,1.9252,1.8111,-4.0507,4.4425,-12.212,95.366,103.21,69.419,52.817,41.335
-5.2024,4.6186,2.4605,0.26703,-3.7126,5.2563,-6.3091,94.971,103.36,69.74,52.949,42.673
-3.3742,5.7864,2.9364,-1.3624,-3.2154,6.0413,-0.64018,94.498,103.41,69.986,53.049,43.512
-0.72957,6.9066,3.0574,-3.1166,-2.1476,6.673,3.6757,93.947,103.36,70.129,53.072,43.843
2.9884,7.9661,2.5921,-5.0677,-0.16075,7.075,5.9836,93.324,103.21,70.159,53.009,43.725
7.7044,8.9495,1.4688,-7.224,2.8737,7.2418,6.2283,92.633,102.98,70.087,52.89,43.278
12.942,9.8249,-0.15382,-9.422,6.6724,7.2315,4.878,91.863,102.69,69.933,52.762,42.66
17.821,10.536,-1.9001,-11.317,10.393,7.1322,2.7185,90.976,102.3,69.712,52.646,42.023
21.109,11.013,-3.3045,-12.479,12.91,7.0279,0.63882,89.896,101.76,69.416,52.516,41.471
21.63,11.197,-3.9046,-12.571,13.373,6.9889,-0.59991,88.529,101,69.013,52.298,41.029
18.828,11.074,-3.334,-11.511,11.466,7.0805,-0.69518,86.796,99.947,68.472,51.91,40.654
13.056,10.695,-1.5619,-9.5183,7.4102,7.352,0.10681,84.681,98.564,67.793,51.326,40.264
5.5884,10.176,1.0366,-7.0351,1.9724,7.8023,1.3166,82.252,96.889,67.014,50.598,39.776
-1.7534,9.6625,3.875,-4.6081,-3.6166,8.3585,2.5013,79.63,95.009,66.193,49.845,39.102
-7.1994,9.2928,6.3128,-2.7874,-8.0214,8.8861,3.3684,76.933,93.027,65.374,49.178,38.137
-9.4845,9.1499,7.7389,-2.0125,-10.205,9.2228,3.7228,74.208,91.006,64.555,48.632,36.816
-8.048,9.2397,7.7193,-2.4646,-9.5898,9.2288,3.4416,71.406,88.936,63.69,48.137,35.222
-3.2597,9.4923,6.1819,-3.981,-6.2281,8.8409,2.5214,68.414,86.742,62.711,47.544,33.616
3.4479,9.7844,3.5074,-6.0878,-1.0631,8.108,1.1353,65.106,84.322,61.567,46.694,32.345
10.008,9.9781,0.44337,-8.1373,4.3012,7.1863,-0.3959,61.403,81.595,60.241,45.499,31.698
14.56,9.9653,-2.1186,-9.5141,8.3218,6.2898,-1.7278,57.296,78.514,58.759,43.983,31.813
16.031,9.7028,-3.4588,-9.8311,10.035,5.6128,-2.6282,52.835,75.069,57.161,42.287,32.631
14.239,9.2257,-3.3393,-9.0452,9.2112,5.2571,-3.0427,48.091,71.263,55.475,40.621,33.896
9.8821,8.6331,-2.0896,-7.453,6.3518,5.1997,-3.0815,43.115,67.088,53.688,39.164,35.193
4.3785,8.0513,-0.38803,-5.5641,2.5162,5.3126,-2.9663,37.921,62.521,51.748,37.969,36.047
-0.58684,7.5898,1.0652,-3.9142,-0.97408,5.4198,-2.9634,32.509,57.546,49.59,36.918,36.052
-3.6271,7.3078,1.7671,-2.9082,-3.0035,5.3622,-3.3102,26.902,52.194,47.17,35.772,34.998
-4.1055,7.2068,1.4972,-2.7343,-3.1125,5.0476,-4.1447,21.175,46.565,44.487,34.287,32.939
-2.192,7.246,0.30028,-3.3518,-1.4383,4.4722,-5.4514,15.455,40.818,41.579,32.335,30.173
1.3632,7.3675,-1.597,-4.5487,1.5187,3.7131,-7.0487,9.8927,35.127,38.504,29.957,27.121
5.5723,7.5156,-3.858,-6.0242,5.0277,2.8921,-8.6368,4.6084,29.611,35.296,27.345,24.138
9.5317,7.6499,-6.0993,-7.47,8.3187,2.1237,-9.8997,-0.36008,24.289,31.942,24.73,21.369
12.574,7.7501,-8.0288,-8.6728,10.819,1.4679,-10.623,-5.0747,19.08,28.381,22.236,18.737
14.333,7.8147,-9.6173,-9.604,12.352,0.9094,-10.774,-9.6661,13.846,24.533,19.78,16.043
14.936,7.8565,-11.1,-10.416,13.175,0.37633,-10.514,-14.263,8.4603,20.351,17.1,13.106
15.107,7.8975,-12.73,-11.315,13.798,-0.21387,-10.14,-18.922,2.8642,15.85,13.886,9.8529
15.762,7.9622,-14.574,-12.382,14.728,-0.90816,-9.9901,-23.596,-2.9121,11.114,9.9586,6.3626
17.663,8.0734,-16.585,-13.5,16.319,-1.7005,-10.339,-28.168,-8.7704,6.2671,5.3745,2.8265
21.23,8.2629,-18.738,-14.562,18.72,-2.5445,-11.282,-32.506,-14.585,1.434,0.43604,-0.56082
26.494,8.5804,-21.031,-15.744,21.968,-3.3815,-12.655,-36.517,-20.24,-3.2867,-4.4236,-3.6559
33.32,9.0663,-23.428,-17.411,25.966,-4.1687,-14.075,-40.171,-25.652,-7.8289,-8.8168,-6.3383
41.221,9.6984,-25.825,-19.676,30.345,-4.896,-15.106,-43.491,-30.766,-12.151,-12.551,-8.4989
49.001,10.354,-28.048,-22.165,34.471,-5.5876,-15.433,-46.53,-35.545,-16.221,-15.673,-10.071
55.089,10.815,-29.873,-24.21,37.619,-6.2902,-14.966,-49.34,-39.958,-20.008,-18.401,-11.058
58.111,10.821,-31.09,-25.155,39.159,-7.0554,-13.904,-51.951,-43.974,-23.475,-20.992,-11.532
57.223,10.147,-31.571,-24.564,38.721,-7.9173,-12.725,-54.367,-47.566,-26.588,-23.615,-11.616
52.322,8.674,-31.323,-22.317,36.309,-8.8734,-12.047,-56.568,-50.713,-29.327,-26.284,-11.454
44.152,6.4504,-30.499,-18.638,32.33,-9.8759,-12.43,-58.522,-53.403,-31.688,-28.874,-11.219
34.141,3.7083,-29.365,-14.044,27.531,-10.843,-14.139,-60.198,-55.632,-33.681,-31.189,-11.101
24,0.81307,-28.217,-9.2046,22.821,-11.685,-16.928,-61.567,-57.404,-35.314,-33.043,-11.271
15.28,-1.8542,-27.286,-4.7457,19.004,-12.322,-20.005,-62.608,-58.727,-36.579,-34.327,-11.803
8.937,-4.0179,-26.669,-1.1048,16.559,-12.711,-22.283,-63.313,-59.613,-37.452,-35.045,-12.646
5.1796,-5.5589,-26.345,1.5103,15.572,-12.848,-22.782,-63.692,-60.086,-37.916,-35.301,-13.636
3.7085,-6.4829,-26.206,3.0981,15.795,-12.755,-21.006,-63.779,-60.187,-37.991,-35.255,-14.546
3.9845,-6.8623,-26.044,3.8226,16.725,-12.441,-17.119,-63.619,-59.97,-37.737,-35.052,-15.136
5.2567,-6.7938,-25.555,3.9365,17.706,-11.885,-11.89,-63.264,-59.501,-37.237,-34.781,-15.235
6.6388,-6.372,-24.438,3.6864,18.095,-11.057,-6.4168,-62.761,-58.853,-36.575,-34.465,-14.78
7.419,-5.6655,-22.517,3.2544,17.449,-9.9397,-1.7887,-62.152,-58.104,-35.814,-34.073,-13.836
7.2738,-4.712,-19.771,2.7497,15.643,-8.5375,1.197,-61.462,-57.315,-34.986,-33.544,-12.558
6.1777,-3.5453,-16.314,2.2413,12.82,-6.8893,2.1955,-60.691,-56.521,-34.091,-32.828,-11.134
4.2261,-2.2327,-12.382,1.8034,9.2513,-5.0801,1.3964,-59.826,-55.724,-33.125,-31.927,-9.7411
1.5958,-0.8925,-8.3266,1.5261,5.2868,-3.2447,-0.50815,-58.864,-54.92,-32.097,-30.908,-8.5697
-1.4107,0.3273,-4.5822,1.4806,1.3646,-1.5485,-2.5478,-57.822,-54.111,-31.052,-29.899,-7.8418
-4.373,1.299,-1.5728,1.673,-2.0349,-0.14556,-3.6919,-56.728,-53.304,-30.056,-29.042,-7.7322
-6.8518,1.9563,0.4053,2.0347,-4.5003,0.86589,-3.2078,-55.594,-52.495,-29.166,-28.436,-8.2635
-8.5196,2.3016,1.2686,2.4551,-5.8011,1.4653,-1.0251,-54.41,-51.663,-28.411,-28.097,-9.2875
-9.2421,2.3874,1.1507,2.8273,-5.9412,1.7045,2.3696,-53.148,-50.775,-27.792,-27.955,-10.549
-9.0789,2.2944,0.33549,3.0775,-5.1293,1.6878,6.2514,-51.78,-49.8,-27.282,-27.886,-11.748
-8.2265,2.119,-0.83512,3.1732,-3.6894,1.5501,9.8891,-50.287,-48.715,-26.817,-27.757,-12.582
-6.944,1.9655,-2.044,3.113,-1.9644,1.4344,12.694,-48.663,-47.504,-26.307,-27.464,-12.787
-5.482,1.939,-3.0491,2.903,-0.25318,1.4667,14.308,-46.913,-46.164,-25.664,-26.97,-12.201
-4.0334,2.1345,-3.6906,2.5346,1.2142,1.7438,14.642,-45.06,-44.713,-24.842,-26.299,-10.826
-2.7149,2.6313,-3.8594,1.978,2.2799,2.3419,13.852,-43.127,-43.177,-23.857,-25.504,-8.8439
-1.5811,3.4956,-3.4604,1.1943,2.8464,3.3307,12.291,-41.111,-41.572,-22.754,-24.621,-6.5543
-0.66427,4.793,-2.4162,0.15782,2.8477,4.7754,10.423,-38.961,-39.883,-21.568,-23.65,-4.2799
-0.021912,6.6041,-0.7023,-1.1225,2.2264,6.7282,8.6899,-36.577,-38.063,-20.292,-22.567,-2.2876
0.24631,9.0456,1.6438,-2.5973,0.94154,9.2206,7.3895,-33.85,-36.047,-18.886,-21.348,-0.73653
0.049883,12.291,4.5548,-4.2086,-1.0008,12.266,6.6662,-30.693,-33.771,-17.294,-19.975,0.36159
-0.60044,16.552,7.9628,-5.9533,-3.5103,15.874,6.5866,-27.085,-31.189,-15.467,-18.426,1.1366
-1.5322,21.957,11.787,-7.9152,-6.3776,20.076,7.1841,-23.084,-28.297,-13.381,-16.65,1.7723
-2.4005,28.41,15.904,-10.2,-9.2648,24.938,8.4423,-18.831,-25.149,-11.05,-14.567,2.3814
-2.7146,35.622,20.147,-12.85,-11.735,30.508,10.267,-14.529,-21.851,-8.5184,-12.095,2.9374
-1.9486,43.3,24.331,-15.894,-13.338,36.717,12.482,-10.402,-18.538,-5.8627,-9.2093,3.3287
0.25093,51.265,28.272,-19.458,-13.744,43.32,14.842,-6.6143,-15.329,-3.1692,-5.9631,3.4969
3.8676,59.424,31.847,-23.723,-12.893,50.012,17.05,-3.2328,-12.295,-0.51932,-2.4641,3.5258
8.4611,67.664,35.086,-28.781,-11.067,56.591,18.806,-0.22853,-9.4547,2.0274,1.1778,3.6148
13.287,75.774,38.217,-34.512,-8.8439,62.991,19.884,2.4719,-6.7856,4.4524,4.8862,3.985
17.506,83.469,41.568,-40.563,-6.9072,69.198,20.22,4.9304,-4.2448,6.7863,8.6063,4.7956
20.41,90.511,45.349,-46.494,-5.8243,75.13,19.924,7.156,-1.7985,9.0833,12.252,6.103
21.618,96.772,49.486,-51.987,-5.8856,80.612,19.158,9.0892,0.55173,11.37,15.672,7.8651
21.168,102.21,53.692,-56.877,-7.0386,85.453,17.974,10.631,2.7676,13.614,18.695,9.9788
19.476,106.86,57.653,-61.003,-8.9278,89.584,16.274,11.711,4.809,15.743,21.227,12.321
17.234,110.84,61.154,-64.229,-11.025,93.084,13.881,12.341,6.6743,17.702,23.321,14.757
15.254,114.38,64.079,-66.698,-12.809,96.103,10.64,12.601,8.4053,19.481,25.149,17.111
14.235,117.79,66.37,-68.846,-13.909,98.803,6.5093,12.561,10.05,21.108,26.904,19.156
14.532,121.35,68.004,-71.121,-14.165,101.33,1.6448,12.212,11.62,22.606,28.702,20.683
16.138,125.21,69.011,-73.752,-13.6,103.84,-3.5038,11.458,13.078,23.978,30.548,21.629
18.852,129.32,69.496,-76.752,-12.369,106.42,-8.1663,10.164,14.351,25.207,32.38,22.165
22.442,133.51,69.596,-80.017,-10.683,109.1,-11.447,8.2372,15.354,26.275,34.129,22.652
26.685,137.57,69.372,-83.404,-8.7308,111.76,-12.672,5.6834,16.017,27.175,35.755,23.509
31.331,141.32,68.711,-86.776,-6.6167,114.09,-11.656,2.6301,16.299,27.91,37.234,25.076
36.108,144.61,67.372,-90.006,-4.348,115.75,-8.7708,-0.69738,16.203,28.478,38.531,27.509
40.778,147.31,65.122,-92.957,-1.9006,116.54,-4.8227,-4.0294,15.78,28.863,39.615,30.73
45.095,149.31,61.843,-95.471,0.68908,116.39,-0.82992,-7.1234,15.113,29.036,40.48,34.435
48.748,150.48,57.604,-97.384,3.2879,115.3,2.26,-9.8318,14.285,28.958,41.141,38.143
51.43,150.66,52.684,-98.578,5.6912,113.18,3.8245,-12.138,13.341,28.588,41.596,41.301
52.966,149.57,47.504,-99.02,7.6743,109.78,3.6671,-14.143,12.269,27.891,41.783,43.439
53.386,146.86,42.452,-98.723,9.0651,105.02,1.942,-16.013,11.005,26.839,41.575,44.295
52.834,142.42,37.707,-97.648,9.806,99.091,-0.9531,-17.926,9.4578,25.414,40.833,43.866
51.389,136.41,33.208,-95.61,9.9659,92.294,-4.4565,-20.018,7.5338,23.612,39.482,42.327
48.961,128.87,28.824,-92.299,9.6918,84.786,-7.9709,-22.358,5.1744,21.443,37.573,39.893
45.379,119.73,24.528,-87.425,9.1364,76.628,-10.999,-24.936,2.3719,18.94,35.257,36.688
40.546,108.99,20.386,-80.86,8.4154,67.909,-13.205,-27.696,-0.83814,16.14,32.689,32.711
34.592,96.833,16.467,-72.635,7.6099,58.8,-14.419,-30.568,-4.4,13.058,29.899,27.919
27.978,83.595,12.8,-62.804,6.7763,49.544,-14.627,-33.485,-8.2514,9.6757,26.734,22.369
21.361,69.614,9.4121,-51.465,5.9419,40.465,-13.97,-36.387,-12.325,5.9646,22.928,16.304
15.266,55.3,6.327,-39.17,5.1237,31.99,-12.71,-39.215,-16.548,1.9176,18.249,10.107
10.042,41.427,3.5393,-27.219,4.4221,24.533,-11.18,-41.912,-20.847,-2.422,12.671,4.1743
6.0946,29.274,0.97815,-17.289,4.1137,18.276,-9.7335,-44.421,-25.147,-6.9499,6.4873,-1.1824
4.0839,19.982,-1.4948,-10.657,4.6028,13.123,-8.7146,-46.691,-29.36,-11.513,0.25399,-5.7835
4.7682,13.773,-4.041,-7.4744,6.241,8.8678,-8.3997,-48.683,-33.383,-15.944,-5.4587,-9.6036
8.3582,10.043,-6.7757,-6.9851,9.1397,5.3347,-8.9182,-50.393,-37.12,-20.1,-10.316,-12.75
14.016,7.9066,-9.6922,-8.0849,13.05,2.4162,-10.191,-51.867,-40.499,-23.882,-14.274,-15.394
20.029,6.5262,-12.624,-9.5718,17.31,0.034224,-11.937,-53.195,-43.492,-27.236,-17.487,-17.681
24.435,5.2276,-15.272,-10.343,20.913,-1.9293,-13.783,-54.479,-46.108,-30.146,-20.19,-19.682
25.642,3.5418,-17.285,-9.6167,22.769,-3.6354,-15.41,-55.811,-48.395,-32.635,-22.601,-21.393
22.854,1.2381,-18.356,-7.066,22.123,-5.2193,-16.683,-57.248,-50.429,-34.765,-24.849,-22.784
16.245,-1.6763,-18.348,-2.8664,18.864,-6.7556,-17.68,-58.809,-52.31,-36.634,-26.939,-23.857
6.8799,-5.0245,-17.389,2.3787,13.563,-8.2872,-18.605,-60.477,-54.136,-38.359,-28.774,-24.698
-3.5251,-8.5604,-15.878,7.8381,7.254,-9.8605,-19.663,-62.201,-55.983,-40.048,-30.229,-25.477
-13.039,-12.041,-14.36,12.7,1.1721,-11.528,-20.915,-63.906,-57.875,-41.766,-31.241,-26.394
-20.15,-15.258,-13.318,16.372,-3.5646,-13.315,-22.167,-65.507,-59.778,-43.512,-31.864,-27.574
-24.169,-18.08,-13.008,18.607,-6.256,-15.166,-22.992,-66.927,-61.613,-45.23,-32.27,-28.997
-25.184,-20.52,-13.459,19.554,-6.7454,-16.957,-22.886,-68.118,-63.287,-46.847,-32.668,-30.505
-23.819,-22.741,-14.584,19.671,-5.313,-18.597,-21.489,-69.063,-64.729,-48.303,-33.217,-31.861
-20.766,-24.931,-16.294,19.5,-2.4263,-20.122,-18.761,-69.78,-65.907,-49.57,-33.966,-32.838
-16.611,-27.158,-18.548,19.446,1.4077,-21.669,-15.032,-70.306,-66.825,-50.638,-34.864,-33.295
-12.083,-29.357,-21.334,19.707,5.6836,-23.354,-10.918,-70.686,-67.508,-51.506,-35.799,-33.199
-8.0125,-31.403,-24.595,20.297,9.9384,-25.168,-7.1578,-70.966,-67.997,-52.169,-36.641,-32.613
-4.9968,-33.167,-28.154,21.142,13.765,-26.952,-4.3969,-71.193,-68.342,-52.626,-37.283,-31.658
-3.2815,-34.548,-31.627,22.114,16.798,-28.467,-2.9932,-71.414,-68.597,-52.89,-37.688,-30.475
-2.8327,-35.493,-34.405,23.057,18.698,-29.491,-2.9352,-71.671,-68.823,-52.995,-37.903,-29.195
-3.4943,-35.992,-35.836,23.855,19.18,-29.875,-3.9008,-71.987,-69.074,-53.005,-38.027,-27.927
-5.1065,-36.08,-35.555,24.469,18.114,-29.589,-5.4018,-72.368,-69.39,-53,-38.154,-26.776
-7.4838,-35.854,-33.62,24.908,15.622,-28.748,-6.9379,-72.796,-69.781,-53.058,-38.324,-25.844
-10.363,-35.477,-30.426,25.22,12.088,-27.59,-8.1326,-73.233,-70.219,-53.219,-38.52,-25.212
-13.435,-35.129,-26.547,25.477,8.0553,-26.403,-8.835,-73.617,-70.62,-53.467,-38.703,-24.925
-16.437,-34.961,-22.627,25.757,4.0717,-25.451,-9.1278,-73.86,-70.842,-53.721,-38.844,-24.992
-19.221,-35.051,-19.283,26.123,0.56851,-24.888,-9.2262,-73.859,-70.697,-53.843,-38.941,-25.386
-21.723,-35.389,-16.957,26.6,-2.1974,-24.724,-9.3337,-73.504,-69.967,-53.659,-38.995,-26.003
-23.891,-35.857,-15.72,27.169,-4.1414,-24.846,-9.5351,-72.71,-68.441,-52.982,-38.987,-26.66
-25.617,-36.245,-15.207,27.763,-5.3211,-24.987,-9.8386,-71.462,-65.958,-51.638,-38.855,-27.133
-26.731,-36.29,-14.911,28.274,-5.8579,-24.74,-10.36,-69.861,-62.485,-49.492,-38.491,-27.263
-27.019,-35.743,-14.583,28.568,-5.7936,-23.795,-11.425,-68.149,-58.228,-46.473,-37.746,-27.047
-26.274,-34.431,-14.366,28.512,-5.0159,-22.191,-13.426,-66.695,-53.829,-42.612,-36.447,-26.671
-24.406,-32.361,-14.696,28.009,-3.3502,-20.449,-16.511,-65.935,-50.653,-38.241,-34.401,-26.436
-21.563,-30.262,-16.189,27.046,-0.72466,-20.144,-20.281,-66.299,-50.708,-34.947,-31.477,-26.654
-18.156,-31.325,-19.794,25.729,2.7012,-26.387,-23.767,-68.132,-53.983,-38.926,-28.169,-27.627
-14.745,-41.996,-28.099,24.324,6.499,-44.408,-25.782,-71.665,-53.434,-57.686,-28.843,-29.837
-11.885,-58.953,-44.086,23.255,10.072,-58.452,-25.489,-76.759,-42.342,-66.787,-44.502,-34.829
-9.9712,-67.024,-56.975,23.148,12.802,-63.379,-22.903,-78.902,-23.487,-57.791,-55.448,-45.915
-9.1346,-65.833,-57.49,24.752,13.74,-61.431,-18.881,-66.447,0.26801,-40.647,-49.886,-56.957
-9.1922,-57.525,-46.521,27.394,10.637,-51.654,-13.277,-60.019,30.4,-16.062,-37.249,-54.237
-9.7008,-41.597,-25.307,26.551,0.8069,-33.048,-2.0263,-64.27,68.514,16.95,-18.11,-41.283
-10.126,-17.319,5.0281,18.552,-15.193,-5.2894,7.4405,-79.715,110.36,59.163,8.5501,-21.504
-10.053,14.836,42.07,5.04,-34.236,30.1,7.5296,-106.05,155.04,110.84,43.979,4.4976
-9.2824,52.774,82.257,-11.735,-53.667,69.986,-0.54355,-143.15,201.91,171.34,88.884,36.051
-7.7354,93.493,122.2,-30.471,-71.421,111.1,-14.909,-193.01,248.25,239.48,142.69,72.32
-5.3746,135.34,159.95,-51.233,-86.356,151.64,-34.594,-261.7,289.97,314.1,204.53,113.59
-2.2491,178.89,194.98,-75.813,-98.421,191.42,-59.608,-358.91,317.57,392.9,273.96,161.9
1.5827,225.15,227.99,-105.47,-108.32,231.19,-90.761,-492.14,318.9,470.37,349.44,219.15
6.5184,274.26,260.42,-138.92,-117.12,272.07,-128.27,-661.87,282.53,539.07,427.53,283.72
18.974,325.75,293.34,-174.52,-125.73,314.37,-169.09,-871.16,201.99,592.65,503.6,351.54
42.791,377.8,326.55,-210.55,-134.59,357,-209.92,-1119.3,78.744,627.27,572.32,418.39
58.953,426.35,357.9,-244.01,-143.08,396.96,-248.86,-1395.2,-76.917,641.58,627.82,478.51
71.13,465.3,383.5,-270.49,-150.19,429.38,-283.91,-1680.4,-248.47,635.69,663.51,524.04
76.462,487.27,399.29,-284.74,-155.8,448.42,-313.1,-1953.5,-420,608.98,671.79,546.82
71.347,485.53,402.51,-281.61,-160.67,449.02,-335.37,-2194.6,-582.07,558.24,644.62,539.83
52.757,455.13,391.81,-257.1,-165.78,427.85,-351.12,-2389.4,-731.58,477.67,574.9,498.18
18.883,394.02,367.24,-209.07,-172.05,383.97,-362.55,-2530.5,-869.64,360.81,458.69,420.42
-29.978,303.79,330.4,-137.92,-180.38,319.34,-373.03,-2618.2,-1001.4,203.86,297.85,309.88
-93.681,190.72,284.63,-47.931,-191.35,239.12,-385.55,-2658.5,-1133.4,9.291,101.97,175.34
-171.13,65.941,234.92,52.338,-204.16,151.48,-401.57,-2660.3,-1267.6,-211.88,-111.86,30.043
-246.31,-56.473,186.79,151.28,-216.42,66.187,-421.25,-2632,-1398.4,-440.34,-321.41,-110.65
-310.64,-162.94,144.24,236.96,-225.55,-8.0602,-443.59,-2577.8,-1512.2,-651.71,-504.3,-232.27
-355.58,-243.92,108.56,300.27,-229.24,-65.794,-466.31,-2497.9,-1591.4,-822.06,-642.39,-324.21
-377.66,-295.9,78.953,337.51,-225.94,-105.88,-486.53,-2390.7,-1621.4,-933.98,-725.52,-381.73
-378.72,-320.93,53.649,350.24,-215.35,-130.56,-501.64,-2256.5,-1596.1,-981.41,-753.36,-406.55
-362.18,-324.38,30.684,342.85,-197.67,-143.56,-509.38,-2098.9,-1521,-970.73,-734.76,-405.56
-331.35,-312.4,8.6188,320.45,-173.29,-148.54,-507.18,-1924.2,-1409.4,-917.19,-684.39,-387.07
-289.88,-290.65,-12.686,288.22,-143.47,-148.25,-492.37,-1738.3,-1276.8,-838.65,-617.67,-357.93
-242.1,-263.08,-31.779,250.61,-110.62,-144.35,-463.75,-1545.1,-1135.2,-749.94,-546.28,-322.97
-192.66,-232.37,-45.64,211.06,-77.802,-137.62,-422.63,-1347.6,-991.5,-659.73,-476.58,-285.63
-145.91,-200.72,-49.289,172.58,-47.903,-127.87,-372.52,-1149.1,-849.02,-571.42,-410.76,-248.36
-105.71,-170.38,-43.298,138.37,-22.889,-115.11,-318.13,-954.69,-711.12,-485.84,-349.94,-212.76
-73.494,-144.5,-38.386,110.59,-3.3031,-101.47,-264.35,-771.29,-582.32,-405.53,-296.5,-182.36
-48.303,-124.64,-36.803,88.751,11.183,-90.914,-215.04,-606.13,-466.7,-335.43,-251.33,-158.93
-30.536,-109.2,-36.076,72.088,20.516,-82.799,-172.01,-465.1,-367.08,-276.12,-211.42,-140
-21.441,-96.374,-34.786,60.563,23.665,-75.564,-134.73,-350.97,-285.6,-225.7,-174.87,-123.51
-20.402,-85.268,-32.476,53.729,17.645,-68.491,-102.04,-262.81,-222.73,-184.43,-142.95,-109
-24.709,-75.447,-29.109,50.107,6.216,-61.287,-74.258,-196.75,-176.23,-152.56,-117.58,-96.684
-31.693,-66.527,-24.839,48.151,-0.66792,-53.747,-51.534,-147.56,-142.13,-128.81,-99.094,-86.155
-35.276,-58.015,-19.974,46.288,-5.0017,-45.71,-32.983,-110.17,-116.42,-111.12,-86.344,-76.436
-33.292,-49.866,-14.956,42.337,-8.6369,-37.283,-17.956,-80.644,-96.104,-97.509,-77.452,-66.798
-34.174,-43.231,-10.249,38.679,-11.795,-29.143,-6.1252,-56.469,-79.492,-86.353,-70.383,-58.156
-35.117,-38.168,-6.1944,36.017,-14.356,-22.271,3.3168,-36.251,-66.084,-76.37,-62.642,-52.11
-35.076,-33.941,-2.9186,33.54,-16.235,-17.064,11.429,-20.017,-58.051,-66.882,-53.752,-47.212
-33.981,-30.381,-0.38674,31.162,-17.43,-13.221,18.039,-15.3,-57.173,-58.938,-47.231,-42.138
-31.936,-27.435,1.4882,28.916,-17.976,-10.296,22.58,-16.149,-54.377,-52.984,-43.322,-36.977
-29.069,-24.926,2.762,26.784,-17.861,-8.0085,26.588,-9.7468,-49.812,-48.37,-40.695,-32.074
-25.565,-22.646,3.441,24.742,-17.029,-6.2311,30.251,-0.35137,-45.277,-44.579,-38.768,-27.636
-21.744,-20.463,3.5216,22.807,-15.467,-4.9302,33.063,9.1338,-41.205,-41.338,-37.37,-23.752
-18.069,-18.381,3.0531,21.05,-13.338,-4.0954,34.864,17.78,-37.627,-38.53,-36.391,-20.513
-15.049,-16.522,2.1822,19.599,-11.006,-3.692,35.887,25.296,-34.52,-36.129,-35.689,-18.072
-13.137,-15.053,1.149,18.612,-8.9552,-3.6399,36.52,31.593,-31.888,-34.143,-35.084,-16.601
-12.64,-14.085,0.23135,18.208,-7.6313,-3.8191,37.084,36.673,-29.745,-32.575,-34.402,-16.172
-13.635,-13.6,-0.34106,18.388,-7.3047,-4.0933,37.732,40.625,-28.088,-31.395,-33.532,-16.682
-15.894,-13.458,-0.46483,18.989,-7.974,-4.3442,38.456,43.601,-26.876,-30.536,-32.469,-17.844
-18.883,-13.447,-0.19483,19.717,-9.35,-4.4983,39.129,45.791,-26.024,-29.9,-31.306,-19.256
-21.88,-13.356,0.28758,20.233,-10.943,-4.5354,39.564,47.39,-25.411,-29.374,-30.18,-20.509
-24.183,-13.049,0.75557,20.277,-12.241,-4.4792,39.545,48.584,-24.891,-28.84,-29.21,-21.299
-25.325,-12.502,1.0244,19.755,-12.883,-4.3755,38.852,49.535,-24.316,-28.185,-28.44,-21.482
-25.177,-11.781,1.0001,18.733,-12.748,-4.2684,37.283,50.381,-23.553,-27.305,-27.812,-21.067
-23.862,-10.98,0.66997,17.362,-11.889,-4.183,34.732,51.24,-22.507,-26.123,-27.175,-20.172
-21.593,-10.148,0.055662,15.779,-10.42,-4.1191,31.306,52.21,-21.132,-24.592,-26.348,-18.995
-18.559,-9.2683,-0.82547,14.05,-8.4145,-4.0582,27.413,53.356,-19.443,-22.721,-25.219,-17.769
-14.903,-8.2744,-1.9645,12.161,-5.9032,-3.9769,23.714,54.688,-17.512,-20.58,-23.824,-16.716
-10.762,-7.0961,-3.343,10.055,-2.9286,-3.8585,20.929,56.152,-15.457,-18.303,-22.345,-15.973
-6.3189,-5.7099,-4.9095,7.6875,0.38368,-3.6973,19.611,57.624,-13.417,-16.068,-21.016,-15.521
-1.7964,-4.1605,-6.5567,5.0923,3.7919,-3.4975,19.974,58.945,-11.516,-14.062,-20.003,-15.159
2.5276,-2.5419,-8.1126,2.4119,6.9577,-3.2658,21.822,59.962,-9.8423,-12.424,-19.325,-14.617
6.2852,-0.95637,-9.3659,-0.14419,9.5199,-3.0022,24.61,60.574,-8.4196,-11.19,-18.87,-13.718
9.0967,0.51758,-10.129,-2.387,11.206,-2.6922,27.631,60.78,-7.1969,-10.275,-18.452,-12.451
10.795,1.8416,-10.309,-4.2147,11.94,-2.3101,30.216,60.681,-6.0569,-9.4917,-17.877,-10.931
11.591,3.0216,-9.941,-5.6373,11.888,-1.8349,31.873,60.459,-4.846,-8.6132,-16.997,-9.3333
12.024,4.0916,-9.1861,-6.7789,11.433,-1.2706,32.367,60.323,-3.4146,-7.4362,-15.736,-7.8246
12.731,5.0733,-8.3136,-7.8278,11.067,-0.66325,31.752,60.44,-1.6502,-5.8249,-14.109,-6.5317
14.197,5.9382,-7.6459,-8.9176,11.253,-0.10204,30.299,60.898,0.5065,-3.7225,-12.207,-5.5429
16.55,6.5953,-7.4577,-10.024,12.277,0.3057,28.36,61.703,3.0659,-1.1407,-10.16,-4.9209
19.428,6.9157,-7.859,-10.95,14.126,0.48271,26.238,62.814,6.0058,1.8534,-8.0947,-4.7019
22.014,6.7826,-8.7184,-11.39,16.396,0.42208,24.099,64.169,9.2825,5.1427,-6.099,-4.875
23.289,6.141,-9.6645,-11.021,18.301,0.1912,21.99,65.7,12.825,8.5611,-4.1966,-5.3637
22.391,5.0257,-10.184,-9.6193,18.881,-0.097693,19.913,67.327,16.518,11.902,-2.347,-6.0225
18.907,3.5579,-9.8102,-7.1425,17.359,-0.32455,17.888,68.954,20.2,14.957,-0.47024,-6.6435
12.955,1.9186,-8.3251,-3.778,13.464,-0.38538,15.968,70.486,23.69,17.584,1.5104,-6.9747
5.1339,0.31277,-5.8046,0.089133,7.5707,-0.20204,14.236,71.85,26.853,19.77,3.6402,-6.7631
-3.5813,-1.0677,-2.5018,3.9764,0.55632,0.26637,12.787,73.016,29.647,21.637,5.9449,-5.8168
-12.108,-2.0815,1.2432,7.4392,-6.5958,1.0022,11.662,73.996,32.15,23.38,8.4526,-4.0681
-19.612,-2.672,5.0093,10.185,-13.098,1.9153,10.778,74.846,34.532,25.19,11.178,-1.6047
-25.559,-2.8809,8.3274,12.11,-18.37,2.8587,9.9222,75.653,37.013,27.205,14.072,1.3557
-29.593,-2.8297,10.773,13.26,-21.98,3.669,8.8299,76.525,39.816,29.494,17.006,4.543
-31.556,-2.6691,12.064,13.754,-23.708,4.2095,7.2619,77.56,43.117,32.069,19.817,7.7241
-31.507,-2.5149,12.114,13.705,-23.618,4.3962,5.0436,78.809,46.994,34.883,22.403,10.761
-29.61,-2.4004,11.023,13.167,-21.97,4.2046,2.0962,80.246,51.377,37.833,24.765,13.617
-26.079,-2.2776,9.0323,12.142,-19.048,3.6648,-1.4948,81.775,56.037,40.763,26.963,16.307
-21.164,-2.0616,6.4628,10.628,-15.056,2.8553,-5.3913,83.269,60.633,43.496,29.045,18.846
-15.204,-1.6751,3.6434,8.6399,-10.227,1.8984,-9.0029,84.613,64.831,45.876,31.008,21.212
-8.7451,-1.0729,0.83117,6.2341,-4.9726,0.94733,-11.644,85.746,68.423,47.812,32.81,23.353
-2.4301,-0.25861,-1.7929,3.5518,0.14046,0.14855,-12.772,86.662,71.375,49.283,34.407,25.207
3.182,0.70208,-4.0684,0.84125,4.5447,-0.40719,-12.184,87.397,73.792,50.33,35.792,26.719
7.6397,1.6812,-5.8601,-1.5847,7.8121,-0.71754,-10.081,87.998,75.844,51.034,37,27.854
10.585,2.5137,-7.1352,-3.4339,9.7548,-0.86969,-7.0258,88.504,77.7,51.517,38.094,28.604
11.806,3.0527,-8.011,-4.5283,10.478,-1.0059,-3.7737,88.933,79.49,51.931,39.134,29.002
11.334,3.234,-8.7153,-4.8684,10.354,-1.261,-1.0522,89.294,81.299,52.451,40.149,29.107
9.615,3.1126,-9.4775,-4.6435,9.8898,-1.6978,0.64667,89.601,83.171,53.226,41.149,28.986
7.5467,2.8466,-10.423,-4.1853,9.5516,-2.2746,1.14,89.884,85.116,54.337,42.148,28.7
6.1759,2.639,-11.545,-3.8801,9.6509,-2.8664,0.47008,90.176,87.114,55.757,43.188,28.314
6.251,2.6712,-12.756,-4.0614,10.348,-3.3254,-1.1957,90.503,89.116,57.362,44.302,27.931
8.0405,3.0577,-13.967,-4.928,11.717,-3.5469,-3.5634,90.864,91.051,58.981,45.481,27.711
11.514,3.8294,-15.13,-6.5351,13.775,-3.5032,-6.1758,91.232,92.85,60.461,46.652,27.853
16.527,4.9402,-16.245,-8.834,16.456,-3.2349,-8.4614,91.57,94.457,61.712,47.726,28.514
22.73,6.2902,-17.314,-11.679,19.563,-2.8135,-9.8914,91.846,95.842,62.722,48.645,29.743
29.406,7.7459,-18.296,-14.785,22.765,-2.3015,-10.153,92.052,97.008,63.541,49.419,31.445
35.562,9.1538,-19.079,-17.735,25.642,-1.7352,-9.2228,92.203,97.978,64.247,50.113,33.401
40.207,10.362,-19.499,-20.08,27.754,-1.1303,-7.3278,92.318,98.788,64.908,50.814,35.316
42.587,11.255,-19.395,-21.459,28.701,-0.49351,-4.8745,92.41,99.473,65.56,51.589,36.898
42.273,11.781,-18.651,-21.673,28.209,0.17467,-2.3733,92.474,100.06,66.195,52.456,37.913
39.256,11.952,-17.224,-20.715,26.222,0.88294,-0.37206,92.491,100.55,66.781,53.385,38.217
34.048,11.837,-15.17,-18.78,22.961,1.6413,0.61303,92.442,100.97,67.279,54.311,37.748
27.602,11.527,-12.653,-16.232,18.885,2.4435,0.18379,92.304,101.3,67.664,55.158,36.554
21.003,11.125,-9.9213,-13.532,14.602,3.2597,-1.7785,92.056,101.54,67.926,55.843,34.882
15.164,10.735,-7.2589,-11.119,10.721,4.0507,-4.9213,91.675,101.65,68.081,56.283,33.225
10.739,10.45,-4.8959,-9.2986,7.6792,4.7941,-8.413,91.142,101.63,68.161,56.417,32.189
8.0634,10.341,-2.9453,-8.2122,5.6111,5.4984,-11.221,90.445,101.47,68.211,56.239,32.254
7.0009,10.422,-1.384,-7.8157,4.325,6.1914,-12.511,89.574,101.18,68.262,55.817,33.599
6.903,10.63,-0.08317,-7.8652,3.4092,6.8904,-11.944,88.515,100.75,68.318,55.275,36.074
6.854,10.833,1.1213,-7.9782,2.4053,7.5757,-9.7524,87.248,100.17,68.339,54.741,39.246
6.0566,10.883,2.3456,-7.7721,0.9752,8.1902,-6.6286,85.751,99.415,68.25,54.307,42.497
4.1159,10.668,3.6053,-7.0026,-0.98682,8.6637,-3.4767,84.016,98.465,67.97,54.014,45.197
1.0878,10.156,4.8167,-5.6403,-3.3447,8.9441,-1.1298,82.066,97.311,67.447,53.863,46.863
-2.6259,9.4018,5.8428,-3.8602,-5.804,9.0151,-0.12734,79.942,95.965,66.665,53.818,47.23
-6.4269,8.5276,6.5512,-1.9606,-8.0178,8.8951,-0.61451,77.674,94.446,65.635,53.782,46.289
-9.6885,7.6757,6.8623,-0.25612,-9.6802,8.6266,-2.365,75.244,92.757,64.374,53.59,44.327
-11.918,6.9689,6.7737,1.0049,-10.6,8.2685,-4.8755,72.574,90.869,62.891,53.052,41.892
-12.858,6.4918,6.3575,1.6805,-10.732,7.8902,-7.5161,69.562,88.73,61.193,52.042,39.636
-12.509,6.2883,5.736,1.7386,-10.166,7.5619,-9.7506,66.13,86.294,59.305,50.587,38.089
-11.076,6.3618,5.0435,1.2406,-9.0772,7.3368,-11.328,62.255,83.535,57.277,48.881,37.513
-8.8806,6.6737,4.3819,0.31659,-7.6605,7.2314,-12.313,57.98,80.456,55.182,47.214,37.874
-6.2842,7.1461,3.7845,-0.86238,-6.0824,7.2168,-12.959,53.387,77.07,53.088,45.834,38.9
-3.6329,7.6754,3.2091,-2.1166,-4.4581,7.2274,-13.54,48.578,73.392,51.042,44.842,40.165
-1.2118,8.1555,2.5717,-3.2902,-2.8588,7.1855,-14.269,43.654,69.448,49.057,44.15,41.205
0.78585,8.5017,1.803,-4.2695,-1.337,7.0264,-15.247,38.695,65.275,47.111,43.522,41.643
2.2555,8.6644,0.8867,-4.9827,0.053419,6.7132,-16.396,33.745,60.907,45.138,42.658,41.263
3.1584,8.6329,-0.14843,-5.3956,1.2619,6.2388,-17.411,28.789,56.344,43.025,41.294,40.059
3.5209,8.4327,-1.2555,-5.5221,2.2611,5.6241,-17.836,23.773,51.537,40.622,39.294,38.206
3.4577,8.1226,-2.385,-5.4373,3.062,4.9169,-17.235,18.65,46.414,37.789,36.707,35.907
3.1754,7.7824,-3.4871,-5.2649,3.7125,4.1879,-15.367,13.437,40.956,34.462,33.765,33.248
2.9353,7.4897,-4.5115,-5.1393,4.2807,3.5163,-12.287,8.2388,35.251,30.709,30.809,30.187
3.0064,7.2949,-5.4176,-5.1693,4.8512,2.962,-8.3584,3.203,29.482,26.73,28.146,26.664
3.6301,7.2081,-6.2104,-5.4254,5.5502,2.5356,-4.1624,-1.5515,23.847,22.785,25.88,22.692
5.0037,7.203,-6.9837,-5.9455,6.5607,2.1863,-0.35239,-5.987,18.488,19.098,23.847,18.376
7.2362,7.2318,-7.9027,-6.7265,8.0739,1.8262,2.5263,-10.133,13.472,15.798,21.717,13.897
10.246,7.2423,-9.1111,-7.6983,10.182,1.3762,4.1989,-14.039,8.8113,12.9,19.186,9.4974
13.683,7.1896,-10.621,-8.7145,12.766,0.80504,4.7445,-17.74,4.4734,10.316,16.124,5.4661
16.962,7.0419,-12.265,-9.5733,15.451,0.14206,4.5536,-21.266,0.38895,7.8877,12.61,2.0605
19.405,6.7809,-13.723,-10.059,17.669,-0.53208,4.1624,-24.645,-3.5406,5.4447,8.8661,-0.57229
20.385,6.4001,-14.627,-9.9884,18.822,-1.1067,3.9927,-27.891,-7.4079,2.8704,5.1549,-2.4252
19.463,5.9047,-14.673,-9.2502,18.462,-1.4727,4.1028,-30.992,-11.259,0.1425,1.6995,-3.6036
16.528,5.3077,-13.736,-7.8379,16.438,-1.5642,4.1615,-33.914,-15.079,-2.6772,-1.3605,-4.2821
11.876,4.6232,-11.936,-5.8585,12.976,-1.3965,3.6906,-36.628,-18.806,-5.492,-3.9771,-4.6797
6.1838,3.8602,-9.6222,-3.5149,8.6521,-1.0728,2.3201,-39.131,-22.362,-8.2157,-6.1728,-5.0436
0.33545,3.0235,-7.2652,-1.0615,4.2332,-0.74994,-0.048626,-41.436,-25.676,-10.79,-8.0046,-5.6036
-4.8319,2.1219,-5.3118,1.2559,0.44235,-0.57819,-3.1106,-43.551,-28.687,-13.176,-9.5429,-6.498
-8.7528,1.1777,-4.0583,3.2518,-2.2344,-0.64619,-6.1456,-45.464,-31.354,-15.34,-10.874,-7.7188
-11.22,0.22833,-3.5941,4.8326,-3.6346,-0.95577,-8.2303,-47.144,-33.656,-17.251,-12.097,-9.1248
-12.352,-0.67981,-3.8146,5.9991,-3.8999,-1.4304,-8.5784,-48.56,-35.596,-18.881,-13.276,-10.52
-12.474,-1.5011,-4.4691,6.8248,-3.3805,-1.9473,-6.8332,-49.693,-37.208,-20.223,-14.387,-11.756
-11.967,-2.1961,-5.2334,7.4127,-2.5059,-2.3771,-3.2037,-50.558,-38.551,-21.305,-15.301,-12.796
-11.146,-2.7319,-5.8147,7.8485,-1.6565,-2.6216,1.5848,-51.202,-39.702,-22.179,-15.862,-13.716
-10.243,-3.0826,-6.0628,8.1703,-1.0568,-2.6392,6.5125,-51.687,-40.735,-22.917,-15.999,-14.639
-9.4055,-3.2347,-5.9979,8.3708,-0.75588,-2.4481,10.594,-52.07,-41.697,-23.581,-15.783,-15.659
-8.7358,-3.1972,-5.7264,8.4375,-0.71202,-2.1048,13.187,-52.373,-42.596,-24.204,-15.384,-16.782
-8.3556,-3.0106,-5.3283,8.4058,-0.90469,-1.6724,14.146,-52.578,-43.403,-24.787,-14.975,-17.921
-8.4401,-2.7427,-4.8092,8.3767,-1.3894,-1.1973,13.75,-52.633,-44.069,-25.293,-14.675,-18.92
-9.1721,-2.464,-4.1138,8.4771,-2.279,-0.69773,12.508,-52.483,-44.546,-25.673,-14.525,-19.609
-10.652,-2.214,-3.1709,8.7879,-3.6798,-0.16731,10.978,-52.088,-44.811,-25.885,-14.514,-19.872
-12.827,-1.9823,-1.9487,9.2888,-5.6094,0.41188,9.5962,-51.446,-44.87,-25.921,-14.609,-19.717
-15.468,-1.7148,-0.49418,9.8523,-7.9386,1.0528,8.4861,-50.609,-44.769,-25.823,-14.755,-19.308
-18.211,-1.3431,1.0733,10.291,-10.4,1.7552,7.4774,-49.659,-44.576,-25.666,-14.877,-18.927
-20.642,-0.81831,2.6093,10.438,-12.67,2.5072,6.3688,-48.672,-44.349,-25.523,-14.874,-18.869
-22.4,-0.13683,3.9858,10.216,-14.469,3.2857,5.1435,-47.687,-44.112,-25.424,-14.671,-19.318
-23.268,0.65908,5.0972,9.6443,-15.619,4.0524,3.9694,-46.701,-43.838,-25.342,-14.267,-20.25
-23.175,1.5006,5.8508,8.7978,-16.042,4.7503,3.0667,-45.698,-43.474,-25.217,-13.773,-21.434
-22.151,2.3166,6.164,7.7564,-15.715,5.3088,2.5695,-44.674,-42.971,-24.989,-13.402,-22.502
-20.276,3.0511,5.9721,6.5814,-14.63,5.6623,2.4607,-43.647,-42.308,-24.635,-13.404,-23.105
-17.668,3.6748,5.249,5.3121,-12.797,5.7767,2.5872,-42.635,-41.497,-24.176,-13.944,-23.061
-14.506,4.1936,4.0351,3.9718,-10.285,5.6736,2.7264,-41.63,-40.567,-23.661,-14.978,-22.434
-11.043,4.6525,2.4567,2.5743,-7.2739,5.4386,2.6756,-40.578,-39.537,-23.137,-16.204,-21.498
-7.5775,5.1292,0.72362,1.133,-4.0597,5.2089,2.3301,-39.386,-38.399,-22.614,-17.187,-20.623
-4.41,5.7199,-0.8947,-0.32874,-1.0192,5.1488,1.7138,-37.944,-37.114,-22.062,-17.609,-20.11
-1.7962,6.5301,-2.1024,-1.7711,1.4583,5.4242,0.94523,-36.162,-35.632,-21.414,-17.436,-20.046
0.078536,7.6812,-2.613,-3.1525,3.0474,6.1886,0.16276,-33.991,-33.914,-20.609,-16.884,-20.209
1.1285,9.3442,-2.1991,-4.4689,3.5589,7.5855,-0.55028,-31.443,-31.959,-19.616,-16.282,-20.139
1.4247,11.793,-0.74754,-5.7941,2.9962,9.7684,-1.2039,-28.594,-29.813,-18.458,-15.92,-19.329
1.2326,15.432,1.7093,-7.2879,1.5726,12.928,-1.8865,-25.578,-27.562,-17.198,-15.912,-17.429
0.96038,20.683,5.0088,-9.1624,-0.33963,17.264,-2.7062,-22.573,-25.314,-15.918,-16.146,-14.388
1.0216,27.684,8.921,-11.626,-2.3314,22.848,-3.7017,-19.76,-23.167,-14.679,-16.323,-10.477
1.684,36.063,13.242,-14.821,-4.1018,29.471,-4.7413,-17.269,-21.166,-13.484,-16.084,-6.1632
2.9908,45.188,17.879,-18.783,-5.5448,36.735,-5.4581,-15.127,-19.289,-12.269,-15.154,-1.9171
4.7891,54.585,22.876,-23.458,-6.7353,44.31,-5.293,-13.249,-17.446,-10.929,-13.458,1.9236
6.8255,64.056,28.351,-28.809,-7.8354,52.04,-3.6688,-11.479,-15.508,-9.3585,-11.15,5.2001
8.8442,73.578,34.36,-34.939,-8.9793,59.888,-0.22477,-9.6572,-13.361,-7.5019,-8.5432,7.9173
10.648,83.133,40.76,-42.039,-10.194,67.833,5.005,-7.6813,-10.948,-5.3669,-5.9648,10.208
12.113,92.497,47.202,-49.918,-11.396,75.765,11.56,-5.5376,-8.2922,-3.0136,-3.5823,12.263
13.169,101.14,53.281,-57.467,-12.445,83.408,18.666,-3.2879,-5.4749,-0.51295,-1.2907,14.244
13.835,108.41,58.74,-63.358,-13.222,90.35,25.437,-1.024,-2.589,2.1069,1.2694,16.271
14.318,114.1,63.531,-67.425,-13.666,96.225,31.1,1.1728,0.30491,4.8906,4.5413,18.481
14.952,118.62,67.722,-70.436,-13.771,100.93,35.176,3.2301,3.185,7.9332,8.7843,21.029
16.095,122.74,71.363,-73.196,-13.525,104.7,37.542,5.0471,6.0375,11.309,13.841,24
18.21,127.16,74.444,-76.294,-12.848,108.01,38.355,6.4626,8.8145,14.99,19.133,27.352
21.809,132.34,76.932,-80.144,-11.583,111.39,37.934,7.2739,11.411,18.818,23.962,30.913
27.184,138.36,78.833,-84.943,-9.5866,115.2,36.646,7.31,13.681,22.531,27.912,34.427
34.217,144.94,80.187,-90.59,-6.8677,119.53,34.803,6.5075,15.484,25.858,30.997,37.618
42.288,151.56,81.015,-96.758,-3.6729,124.14,32.59,4.9367,16.733,28.607,33.522,40.241
50.429,157.67,81.268,-103.03,-0.44625,128.56,30.07,2.7717,17.413,30.722,35.828,42.139
57.757,162.78,80.851,-108.88,2.3024,132.3,27.239,0.23827,17.586,32.27,38.092,43.262
63.496,166.49,79.71,-113.48,4.1615,134.98,24.081,-2.4243,17.367,33.392,40.275,43.686
66.566,168.57,77.898,-115.87,4.9553,136.38,20.615,-4.9872,16.904,34.239,42.195,43.591
66.205,168.95,75.575,-115.56,4.8108,136.36,16.864,-7.2569,16.344,34.912,43.657,43.212
63.174,167.63,72.912,-112.96,4.1369,134.8,12.803,-9.1138,15.79,35.433,44.544,42.754
59.526,164.7,69.941,-109.21,3.5136,131.7,8.4435,-10.559,15.246,35.737,44.823,42.318
57.183,160.66,66.493,-105.72,3.5248,127.25,3.8481,-11.739,14.588,35.684,44.505,41.874
56.975,156.32,62.333,-103.54,4.5603,121.95,-0.97298,-12.908,13.589,35.102,43.606,41.284
58.514,152.03,57.401,-102.67,6.59,116.23,-6.0344,-14.321,12.02,33.858,42.141,40.372
60.276,147.24,51.97,-101.97,9.0203,110.22,-11.378,-16.128,9.7469,31.911,40.136,38.995
59.941,141.09,46.553,-99.816,10.849,103.72,-17.076,-18.337,6.7754,29.313,37.618,37.096
55.603,132.94,41.633,-94.724,11.102,96.547,-22.943,-20.872,3.205,26.145,34.575,34.684
47.315,122.43,37.393,-86.124,9.2614,88.606,-28.184,-23.651,-0.84592,22.446,30.917,31.778
36.617,109.59,33.672,-74.415,5.4507,79.884,-31.523,-26.62,-5.274,18.204,26.519,28.37
24.785,94.803,30.187,-60.445,0.34396,70.455,-31.809,-29.723,-9.9772,13.42,21.33,24.482
12.868,78.806,26.793,-45.443,-5.0894,60.515,-28.579,-32.873,-14.832,8.1897,15.498,20.242
2.1124,62.671,23.555,-31.175,-9.8804,50.443,-22.215,-35.959,-19.696,2.7263,9.3804,15.908
-6.359,47.643,20.58,-19.372,-13.337,40.847,-13.828,-38.88,-24.438,-2.6954,3.4084,11.796
-11.926,34.812,17.877,-10.937,-15.185,32.415,-5.0277,-41.589,-28.961,-7.8255,-2.0976,8.1687
-14.648,24.734,15.381,-5.7724,-15.558,25.513,2.4822,-44.095,-33.22,-12.508,-7.0157,5.1353
-15.243,17.306,13.035,-2.9746,-14.889,20.027,7.4291,-46.441,-37.216,-16.704,-11.381,2.6154
-14.798,11.98,10.825,-1.167,-13.753,15.573,9.2811,-48.685,-40.974,-20.466,-15.29,0.3787
-14.31,7.9858,8.755,0.92781,-12.669,11.753,8.169,-50.877,-44.527,-23.895,-18.83,-1.8476
-14.542,4.4595,6.7993,3.8732,-11.977,8.2643,4.7024,-53.053,-47.902,-27.091,-22.055,-4.2589
-16.142,0.77509,4.8722,7.5781,-11.791,4.9403,-0.19203,-55.242,-51.118,-30.13,-24.997,-6.9099
-19.288,-3.1863,2.8473,11.66,-11.97,1.7371,-5.5713,-57.465,-54.189,-33.049,-27.671,-9.7272
-23.429,-7.1657,0.63504,15.622,-12.164,-1.3207,-10.806,-59.73,-57.11,-35.846,-30.073,-12.557
-27.544,-10.822,-1.7804,19.03,-11.972,-4.2052,-15.589,-62.011,-59.856,-38.48,-32.181,-15.213
-30.642,-13.951,-4.3906,21.604,-11.11,-6.9314,-19.666,-64.261,-62.386,-40.899,-33.972,-17.54
-32.136,-16.552,-7.2079,23.227,-9.4681,-9.5657,-22.704,-66.424,-64.671,-43.074,-35.445,-19.483
-31.88,-18.768,-10.245,23.932,-7.105,-12.205,-24.384,-68.46,-66.707,-45.015,-36.635,-21.125
-30.019,-20.804,-13.472,23.851,-4.2158,-14.93,-24.532,-70.343,-68.503,-46.754,-37.609,-22.648
-26.831,-22.831,-16.784,23.162,-1.061,-17.743,-23.194,-72.045,-70.059,-48.307,-38.421,-24.224
-22.615,-24.881,-20.034,22.033,2.1596,-20.528,-20.602,-73.531,-71.356,-49.649,-39.091,-25.913
-17.659,-26.813,-23.128,20.6,5.4066,-23.084,-17.098,-74.768,-72.366,-50.72,-39.608,-27.643
-12.275,-28.42,-26.108,18.972,8.7746,-25.257,-13.093,-75.742,-73.078,-51.462,-39.966,-29.267
-6.8337,-29.608,-29.126,17.272,12.372,-27.06,-9.0218,-76.469,-73.512,-51.859,-40.176,-30.636
-1.7019,-30.46,-32.331,15.661,16.207,-28.653,-5.2579,-76.99,-73.717,-51.947,-40.28,-31.663
2.8159,-31.144,-35.733,14.329,20.134,-30.222,-2.0644,-77.361,-73.762,-51.818,-40.335,-32.368
6.4093,-31.812,-39.137,13.464,23.811,-31.862,0.38578,-77.641,-73.726,-51.595,-40.406,-32.917
8.6636,-32.537,-42.189,13.211,26.725,-33.548,1.9931,-77.886,-73.68,-51.413,-40.524,-33.602
9.138,-33.309,-44.511,13.631,28.337,-35.154,2.7432,-78.133,-73.68,-51.39,-40.67,-34.734
7.6025,-34.061,-45.829,14.657,28.32,-36.52,2.7234,-78.403,-73.757,-51.598,-40.799,-36.483
4.2624,-34.708,-46.05,16.077,26.729,-37.512,2.1177,-78.693,-73.918,-52.053,-40.893,-38.778
-0.16417,-35.186,-45.291,17.576,24.004,-38.08,1.1642,-78.978,-74.134,-52.71,-40.985,-41.338
-4.6251,-35.483,-43.866,18.819,20.844,-38.286,0.075262,-79.213,-74.339,-53.483,-41.144,-43.802
-8.0888,-35.658,-42.254,19.557,18.046,-38.295,-1.0508,-79.345,-74.429,-54.268,-41.437,-45.862
-9.8422,-35.822,-40.991,19.672,16.297,-38.316,-2.266,-79.311,-74.267,-54.966,-41.897,-47.327
-9.6026,-36.062,-40.504,19.178,15.987,-38.514,-3.7154,-79.041,-73.69,-55.478,-42.498,-48.093
-7.4782,-36.373,-40.952,18.183,17.132,-38.938,-5.5248,-78.47,-72.527,-55.704,-43.146,-48.089
-3.864,-36.649,-42.174,16.847,19.439,-39.503,-7.7222,-77.561,-70.626,-55.522,-43.704,-47.245
0.65819,-36.727,-43.817,15.338,22.458,-40.032,-10.215,-76.355,-67.912,-54.798,-44.024,-45.504
5.397,-36.443,-45.557,13.811,25.726,-40.35,-12.777,-75.007,-64.464,-53.397,-43.974,-42.844
9.6628,-35.658,-47.267,12.394,28.857,-40.344,-15.051,-73.799,-60.628,-51.227,-43.444,-39.289
12.923,-34.264,-48.992,11.181,31.564,-39.983,-16.616,-73.086,-57.201,-48.339,-42.327,-34.902
14.885,-32.224,-50.821,10.226,33.631,-39.444,-17.162,-73.226,-55.644,-45.372,-40.528,-29.766
15.454,-29.884,-52.942,9.5175,34.869,-39.727,-16.678,-74.49,-57.403,-45.452,-38.151,-23.954
14.688,-29.126,-55.987,8.973,35.113,-44.214,-15.548,-77.053,-59.643,-57.463,-36.704,-17.606
12.794,-35.783,-60.965,8.4926,34.267,-55.975,-14.377,-80.756,-53.558,-72.635,-43.088,-11.37
10.141,-54.067,-67.768,8.2387,32.347,-65.674,-13.315,-82.146,-37.541,-68.456,-56.594,-8.1793
7.2305,-65.445,-71.67,9.7004,29.447,-68.669,-11.293,-69.482,-16.343,-54.439,-54.521,-13.133
4.606,-64.315,-69.023,17.408,25.598,-66.13,-8.8149,-60.474,9.2904,-33.485,-43.135,-17.057
2.7614,-54.261,-60.227,25.533,20.656,-56.626,-9.7865,-62.537,42.025,-4.9698,-25.89,-13.365
2.0688,-35.116,-44.65,19.547,14.317,-38.787,-15.454,-76.246,82.128,31.839,-2.4737,-5.1487
2.6948,-7.3042,-21.453,5.7563,6.1863,-12.447,-24.922,-101.24,124.42,77.648,27.951,8.6347
4.4799,27.383,9.3364,-11.486,-4.018,21.169,-37.763,-136.83,168.96,132.85,66.507,29.792
7.0812,67.02,46.255,-30.711,-16.242,60.08,-54.292,-184.39,214.97,197.17,114.33,59.835
10.515,110.78,86.72,-52.297,-30.03,102.67,-75.059,-249.48,260.74,269.88,172.63,99.777
15.354,158.76,128.28,-77.782,-44.517,148.34,-100.1,-341.76,300.94,349.98,242.49,149.13
22.116,210.22,169.68,-107.96,-58.554,196.32,-129.26,-470.08,325.11,433.85,322.43,206.04
30.965,263.66,210.03,-142.21,-71.161,244.2,-162.63,-635.63,320.65,513.38,406.73,268.72
43.852,318.15,247.5,-179.19,-81.922,290.23,-199.41,-839.91,276.91,579.16,488.72,335
66.414,371.98,281.48,-216.46,-91,333.98,-236.89,-1083.9,189.01,625.17,562.89,400.94
86.512,421.41,312.57,-250.4,-98.934,373.92,-271.18,-1357.6,60.25,649.39,623.73,460.88
99.453,460.9,339.87,-276.64,-106.28,406.58,-299.74,-1643.7,-97.819,651.9,664.93,508
103.43,483.83,360.47,-290.6,-113.4,427.23,-322.15,-1920.7,-269.09,632.64,679.18,535.31
96.386,483.81,370.22,-287.81,-120.59,430.75,-339.58,-2168.5,-438.8,589.69,658.37,536.04
75.957,455.17,364.84,-264.11,-128.45,412.73,-354.36,-2372,-597.2,518.24,594.95,504.47
40.325,394.86,341.76,-216.48,-137.76,370.73,-368.77,-2522.9,-740.9,411.69,484.55,437.78
-10.812,304.39,302.44,-145.24,-148.72,305.94,-384.11,-2619.9,-874.27,265.11,328.95,337.8
-75.397,190.75,252.5,-55.385,-160.37,224.07,-400.98,-2667.8,-1006.1,79.397,137.43,211.71
-148.54,65.72,199.54,44.072,-171.97,134.43,-419.51,-2675,-1142.1,-136.36,-73.84,71.295
-221.9,-56.459,150.44,141.86,-183.32,47.939,-439.33,-2650.1,-1280.3,-364.86,-283.78,-69.179
-286.82,-162.41,109.26,227.09,-193.26,-25.978,-459.86,-2598.6,-1409.3,-583.07,-470.52,-195.41
-335.73,-242.97,76.284,291.4,-199.14,-81.803,-480.15,-2521.8,-1511.8,-766.78,-615.57,-295.64
-362.8,-294.82,49.043,330.6,-197.84,-119,-498.4,-2418.9,-1569.8,-896.31,-707.81,-363.22
-365.92,-319.92,24.935,345.12,-187.47,-140.8,-512.51,-2289.9,-1572.5,-962.07,-745.43,-397.63
-348.4,-323.55,2.459,339.02,-168.6,-151.75,-521.03,-2138.2,-1520.4,-967.09,-735.78,-403.84
-316.71,-311.99,-18.59,317.86,-143.62,-155.58,-522.6,-1968.9,-1424.6,-924.82,-692.25,-389.6
-277.22,-290.98,-37.028,287.34,-115.54,-154.47,-515.22,-1787.3,-1300.6,-853.17,-629.5,-362.45
-235.12,-264.43,-50.547,252.22,-87.396,-149.49,-497.06,-1597,-1162.2,-768.03,-559.3,-328.41
-194,-234.87,-54.811,215.71,-61.492,-141.4,-467.53,-1400.9,-1018.3,-679.44,-489.29,-291.83
-155.48,-204.4,-48.125,179.84,-38.962,-130.84,-427.17,-1202.3,-873.75,-591.88,-423.19,-254.92
-120.18,-175.13,-41.602,146.51,-20.146,-118.37,-377.87,-1005.9,-731.79,-506.35,-362.33,-217.88
-89.711,-149.82,-39.787,118.38,-4.7225,-106.36,-323.56,-818.51,-597.52,-423.58,-307.4,-182.81
-65.218,-130.11,-40.28,96.195,7.6919,-97.291,-269.59,-647.52,-477.37,-348.28,-259.39,-155.94
-46.047,-114.44,-41.297,78.424,15.344,-90.281,-220.46,-499.51,-375.38,-284.87,-217.31,-136.65
-31.602,-100.99,-41.961,64.496,14.901,-84.021,-178.54,-378.19,-292.79,-232.36,-179.7,-121.4
-22.076,-89.127,-41.788,54.633,13.067,-77.792,-144.14,-283.5,-228.92,-189.78,-147.22,-108.28
-17.6,-78.717,-40.521,48.488,13.269,-71.177,-116.13,-212.13,-181.24,-156.76,-121.11,-96.385
-16.641,-69.323,-38.115,44.866,13.253,-63.879,-92.964,-159.07,-146.01,-132.06,-101.63,-85.155
-15.922,-60.25,-34.726,41.908,12.437,-55.684,-73.319,-119.12,-119.38,-113.75,-88.041,-74.051
-14.078,-51.046,-30.664,36.534,11.19,-46.686,-56.355,-88.001,-98.371,-99.873,-78.693,-62.9
-11.734,-41.754,-26.298,27.993,10.03,-37.619,-41.915,-62.849,-81.216,-88.693,-71.462,-53.192
-8.634,-33.093,-21.963,20.483,9.2838,-29.461,-30.257,-42.001,-67.335,-78.74,-63.443,-46.204
-4.9549,-25.69,-17.908,14.866,8.9848,-22.623,-21.246,-24.971,-58.724,-68.979,-54.606,-41.451
-1.3146,-19.59,-14.297,10.564,8.8873,-16.998,-14.393,-18.493,-57.812,-60.28,-48.58,-38.258
1.426,-14.737,-11.215,7.4915,8.5637,-12.464,-8.835,-22.764,-54.989,-53.584,-44.901,-36.278
2.4518,-11.117,-8.6662,5.7692,7.5833,-9.0079,-4.8257,-19.419,-50.167,-48.54,-42.419,-35.291
1.3398,-8.6689,-6.5608,5.4192,5.7134,-6.6005,-2.6098,-11.335,-45.552,-44.789,-40.646,-35.045
-1.781,-7.2307,-4.7711,6.234,3.0241,-5.0835,-1.6757,-2.4177,-41.724,-42.08,-39.36,-35.221
-6.3069,-6.5479,-3.1883,7.8045,-0.16662,-4.1899,-1.3361,6.0052,-38.67,-40.152,-38.408,-35.494
-11.368,-6.3345,-1.7471,9.6505,-3.4455,-3.6337,-1.0113,13.576,-36.205,-38.722,-37.65,-35.635
-16.093,-6.3425,-0.4294,11.361,-6.438,-3.1898,-0.39908,20.232,-34.14,-37.544,-36.959,-35.576
-19.844,-6.4038,0.73343,12.67,-8.8739,-2.7436,0.45264,25.961,-32.355,-36.472,-36.248,-35.406
-22.327,-6.4382,1.6685,13.485,-10.602,-2.2953,1.2282,30.748,-30.814,-35.479,-35.504,-35.264
-23.569,-6.4413,2.2927,13.871,-11.582,-1.9172,1.5473,34.605,-29.514,-34.61,-34.781,-35.175
-23.792,-6.4568,2.5595,13.987,-11.874,-1.6844,1.1767,37.636,-28.428,-33.906,-34.136,-34.896
-23.26,-6.5311,2.4915,13.983,-11.606,-1.6217,0.13625,40.048,-27.472,-33.347,-33.557,-33.977
-22.182,-6.6672,2.1726,13.925,-10.933,-1.6892,-1.3287,42.106,-26.513,-32.84,-32.948,-32.011
-20.69,-6.7989,1.7091,13.783,-9.9808,-1.8051,-2.8378,44.048,-25.421,-32.25,-32.164,-28.83
-18.86,-6.8069,1.1945,13.458,-8.8313,-1.881,-3.9716,46.017,-24.115,-31.452,-31.084,-24.53
-16.774,-6.5779,0.69909,12.846,-7.5581,-1.8527,-4.3735,48.032,-22.586,-30.37,-29.67,-19.449
-14.583,-6.0721,0.27572,11.913,-6.2671,-1.6979,-3.8554,50.024,-20.899,-29.002,-27.992,-14.089
-12.52,-5.3559,-0.036639,10.748,-5.1011,-1.4417,-2.4632,51.876,-19.169,-27.416,-26.21,-9.0101
-10.857,-4.5748,-0.21996,9.5467,-4.2062,-1.1502,-0.45886,53.488,-17.525,-25.727,-24.509,-4.7273
-9.8314,-3.8895,-0.28708,8.5259,-3.6824,-0.91008,1.7846,54.809,-16.059,-24.051,-23.024,-1.6227
-9.5548,-3.4161,-0.28036,7.8355,-3.5462,-0.79876,3.9144,55.862,-14.797,-22.464,-21.776,0.15014
-9.9627,-3.1962,-0.25881,7.5123,-3.7183,-0.85745,5.6683,56.728,-13.682,-20.959,-20.679,0.72305
-10.81,-3.199,-0.28614,7.4842,-4.0376,-1.0798,6.8713,57.515,-12.595,-19.453,-19.61,0.4724
-11.723,-3.3453,-0.42564,7.6061,-4.2921,-1.4209,7.3996,58.319,-11.392,-17.816,-18.505,-0.12698
-12.288,-3.5394,-0.73683,7.7057,-4.2598,-1.8198,7.128,59.183,-9.959,-15.946,-17.39,-0.68574
-12.16,-3.6931,-1.2696,7.6262,-3.7546,-2.2221,5.9031,60.101,-8.2497,-13.826,-16.353,-1.0141
-11.156,-3.7414,-2.0559,7.2643,-2.6726,-2.5951,3.6013,61.04,-6.2954,-11.531,-15.476,-1.094
-9.3176,-3.6543,-3.0972,6.5999,-1.0292,-2.9299,0.23955,61.965,-4.1803,-9.1878,-14.79,-0.97134
-6.9003,-3.4428,-4.3488,5.7036,1.0256,-3.2329,-3.9445,62.867,-2.0002,-6.9065,-14.268,-0.69346
-4.3084,-3.1501,-5.7088,4.7118,3.2271,-3.5099,-8.4935,63.759,0.17288,-4.7304,-13.819,-0.29866
-1.971,-2.8262,-7.0262,3.7721,5.2569,-3.7512,-12.802,64.667,2.3075,-2.6345,-13.3,0.20489
-0.21675,-2.4965,-8.1332,2.9811,6.8335,-3.9278,-16.222,65.608,4.4108,-0.55263,-12.558,0.85232
0.81858,-2.1449,-8.8913,2.342,7.801,-3.9974,-18.182,66.573,6.5169,1.589,-11.473,1.6871
1.238,-1.7207,-9.2317,1.7672,8.1753,-3.9179,-18.337,67.532,8.6705,3.8449,-10.018,2.7117
1.3597,-1.1616,-9.1687,1.1226,8.1273,-3.6615,-16.686,68.439,10.907,6.2272,-8.2798,3.877
1.5993,-0.41972,-8.784,0.28364,7.9111,-3.2222,-13.589,69.262,13.24,8.6937,-6.4348,5.1072
2.3154,0.51858,-8.1927,-0.82556,7.7752,-2.6184,-9.6317,69.994,15.66,11.165,-4.6634,6.3276
3.7024,1.6174,-7.5142,-2.2083,7.8975,-1.894,-5.4575,70.668,18.158,13.57,-3.0532,7.4804
5.7513,2.7855,-6.8602,-3.7793,8.3611,-1.1214,-1.6345,71.341,20.739,15.888,-1.5521,8.5326
8.248,3.8845,-6.3343,-5.3646,9.1526,-0.40089,1.4187,72.073,23.435,18.168,-0.0035989,9.4766
10.792,4.7532,-6.0183,-6.7251,10.156,0.15497,3.4518,72.905,26.298,20.499,1.7682,10.325
12.86,5.2439,-5.9386,-7.6012,11.142,0.45461,4.3553,73.853,29.393,22.974,3.8767,11.108
13.935,5.2596,-6.0357,-7.7743,11.791,0.46292,4.1698,74.909,32.779,25.646,6.3331,11.865
13.635,4.7801,-6.1704,-7.1229,11.781,0.21765,3.1446,76.049,36.486,28.513,9.0547,12.642
11.793,3.8672,-6.1684,-5.6569,10.894,-0.18276,1.7245,77.241,40.489,31.523,11.908,13.477
8.4875,2.652,-5.8821,-3.5197,9.0902,-0.61305,0.41223,78.452,44.698,34.602,14.765,14.388
4.0303,1.3073,-5.2431,-0.96063,6.5164,-0.95973,-0.38405,79.655,48.979,37.692,17.562,15.371
-1.0696,0.0092848,-4.2817,1.7178,3.4632,-1.15,-0.4432,80.843,53.201,40.779,20.329,16.403
-6.1995,-1.1035,-3.1146,4.225,0.30466,-1.1656,0.20934,82.02,57.278,43.887,23.164,17.435
-10.758,-1.9548,-1.9135,6.335,-2.5684,-1.0394,1.2826,83.196,61.184,47.05,26.144,18.392
-14.254,-2.5243,-0.86527,7.904,-4.8143,-0.83652,2.2962,84.378,64.945,50.275,29.221,19.17
-16.363,-2.8199,-0.13162,8.8559,-6.1907,-0.62465,2.7406,85.56,68.589,53.505,32.213,19.662
-16.927,-2.8491,0.18627,9.1558,-6.5788,-0.44723,2.2211,86.719,72.116,56.621,34.903,19.797
-15.938,-2.6038,0.073603,8.7925,-5.993,-0.30908,0.55232,87.815,75.466,59.479,37.153,19.575
-13.573,-2.0605,-0.38283,7.7851,-4.5937,-0.17286,-2.1345,88.799,78.548,61.961,38.943,19.092
-10.224,-1.1982,-0.9971,6.2108,-2.6859,0.035214,-5.3048,89.635,81.281,64.025,40.376,18.505
-6.4552,-0.033016,-1.5215,4.2302,-0.66942,0.40087,-8.1129,90.319,83.636,65.716,41.648,17.96
-2.8622,1.3504,-1.7309,2.0856,1.0566,0.97595,-9.6948,90.874,85.644,67.137,42.97,17.497
0.061699,2.7932,-1.5245,0.057705,2.2073,1.7337,-9.4918,91.348,87.376,68.408,44.464,17.025
2.0387,4.0975,-0.98142,-1.606,2.7141,2.556,-7.4387,91.791,88.913,69.624,46.098,16.382
3.0888,5.0861,-0.33911,-2.7599,2.7558,3.2675,-3.9622,92.237,90.325,70.82,47.692,15.488
3.5028,5.6581,0.090564,-3.394,2.6826,3.7028,0.18131,92.697,91.657,71.972,48.998,14.475
3.6937,5.8126,0.035847,-3.6128,2.8712,3.7726,4.1571,93.16,92.924,73.014,49.802,13.691
3.9985,5.6351,-0.62234,-3.5672,3.561,3.4959,7.2953,93.6,94.117,73.879,50.025,13.558
4.5186,5.2594,-1.7865,-3.3816,4.7273,2.9866,9.2428,93.985,95.21,74.53,49.762,14.4
5.075,4.822,-3.1635,-3.1149,6.0698,2.4102,9.9855,94.286,96.175,74.973,49.273,16.316
5.3095,4.4299,-4.3562,-2.7676,7.131,1.936,9.7553,94.478,96.987,75.261,48.891,19.134
4.8812,4.1481,-4.9891,-2.3208,7.4821,1.7008,8.9131,94.551,97.637,75.467,48.909,22.451
3.6493,4.0082,-4.8351,-1.7818,6.8886,1.7851,7.8535,94.506,98.127,75.664,49.47,25.739
1.7697,4.0255,-3.9023,-1.2138,5.4153,2.1956,6.8868,94.357,98.47,75.89,50.516,28.514
-0.30872,4.2081,-2.4404,-0.73897,3.4406,2.8611,6.1385,94.119,98.676,76.134,51.811,30.477
-1.9575,4.5563,-0.85649,-0.51684,1.5467,3.6519,5.5848,93.802,98.75,76.341,53.033,31.568
-2.5843,5.0601,0.43325,-0.69656,0.30702,4.424,5.1806,93.397,98.694,76.435,53.929,31.916
-1.8785,5.701,1.1593,-1.3536,0.060243,5.0731,4.9325,92.892,98.511,76.36,54.441,31.735
0.035647,6.4527,1.2926,-2.4392,0.77258,5.575,4.8795,92.278,98.215,76.109,54.728,31.23
2.6135,7.2759,1.0385,-3.7723,2.0455,5.9881,5.0276,91.563,97.834,75.739,55.043,30.57
5.0606,8.1112,0.74126,-5.0841,3.2661,6.4147,5.2978,90.771,97.407,75.358,55.543,29.911
6.6093,8.881,0.74168,-6.1,3.8539,6.9342,5.523,89.918,96.965,75.07,56.187,29.408
6.7972,9.5065,1.2312,-6.6275,3.4964,7.5472,5.498,88.992,96.508,74.905,56.783,29.202
5.6119,9.9302,2.1534,-6.617,2.2575,8.1636,5.06,87.937,95.982,74.794,57.118,29.392
3.4539,10.131,3.2153,-6.17,0.52809,8.6417,4.165,86.655,95.292,74.59,57.049,30.007
0.98835,10.126,4.0206,-5.4902,-1.1274,8.8481,2.9256,85.04,94.324,74.144,56.545,30.993
-1.0595,9.9554,4.2489,-4.8069,-2.1694,8.7014,1.5851,83.003,92.988,73.363,55.68,32.198
-2.1145,9.6755,3.7621,-4.3193,-2.2598,8.1877,0.43283,80.495,91.237,72.232,54.599,33.39
-1.8825,9.3444,2.6092,-4.1698,-1.3356,7.3572,-0.30147,77.523,89.078,70.799,53.465,34.301
-0.35724,9.0142,0.9816,-4.4255,0.44087,6.3167,-0.52776,74.162,86.583,69.159,52.401,34.713
2.2637,8.7188,-0.86164,-5.0634,2.8086,5.2137,-0.32061,70.556,83.869,67.41,51.454,34.53
5.6644,8.4606,-2.7138,-5.9701,5.5399,4.1918,0.1101,66.882,81.055,65.614,50.582,33.801
9.4375,8.2038,-4.5314,-6.9642,8.4847,3.3244,0.48276,63.275,78.195,63.758,49.672,32.671
13.115,7.8859,-6.432,-7.8381,11.516,2.5763,0.51679,59.773,75.243,61.744,48.585,31.293
16.238,7.4466,-8.5549,-8.4063,14.471,1.8443,0.0031974,56.302,72.082,59.44,47.219,29.76
18.398,6.8678,-10.875,-8.5524,17.119,1.0513,-1.1195,52.728,68.592,56.75,45.578,28.131
19.28,6.2078,-13.135,-8.273,19.161,0.21796,-2.6989,48.922,64.722,53.681,43.781,26.511
18.803,5.6005,-14.95,-7.6895,20.286,-0.53479,-4.3753,44.8,60.503,50.351,42.005,25.118
17.237,5.2057,-15.944,-7.0082,20.29,-1.0392,-5.6984,40.331,56.018,46.937,40.365,24.275
15.159,5.1545,-15.868,-6.4683,19.194,-1.1355,-6.2969,35.513,51.336,43.563,38.809,24.305
13.265,5.5466,-14.699,-6.3322,17.276,-0.71462,-6.0075,30.352,46.48,40.222,37.133,25.388
12.189,6.4543,-12.69,-6.8554,15.018,0.2242,-4.9087,24.868,41.428,36.782,35.096,27.469
12.344,7.8679,-10.319,-8.1518,12.974,1.5321,-3.2713,19.118,36.151,33.07,32.549,30.232
13.764,9.6167,-8.1351,-10.069,11.59,2.933,-1.4673,13.222,30.667,28.985,29.507,33.152
16.037,11.354,-6.5904,-12.198,11.07,4.1045,0.12785,7.3639,25.066,24.569,26.156,35.6
18.45,12.653,-5.9158,-13.993,11.324,4.7773,1.2376,1.7568,19.492,19.995,22.76,36.998
20.264,13.15,-6.096,-14.944,12.063,4.806,1.7939,-3.4186,14.099,15.494,19.535,36.971
20.946,12.661,-6.9495,-14.733,12.962,4.1831,2.0059,-8.0691,8.9981,11.262,16.53,35.425
20.304,11.211,-8.2608,-13.323,13.809,3.0068,2.312,-12.222,4.2198,7.3941,13.619,32.52
18.53,9.0083,-9.8629,-10.963,14.558,1.4383,3.204,-16.019,-0.29752,3.8582,10.588,28.542
16.155,6.3794,-11.642,-8.1053,15.267,-0.32925,5.0193,-19.669,-4.6904,0.53455,7.2713,23.787
13.845,3.6926,-13.504,-5.2711,16.011,-2.0936,7.8054,-23.37,-9.1132,-2.7115,3.6771,18.501
12.094,1.2868,-15.314,-2.884,16.786,-3.6719,11.299,-27.234,-13.665,-5.9507,0.0071494,12.913
10.984,-0.60177,-16.83,-1.1385,17.434,-4.9372,15.02,-31.253,-18.335,-9.1537,-3.45,7.279
10.184,-1.906,-17.751,0.035663,17.649,-5.8307,18.426,-35.321,-23.005,-12.215,-6.4848,1.8773
9.1773,-2.7324,-17.858,0.89721,17.11,-6.3462,21.046,-39.281,-27.487,-15.01,-9.0643,-3.0588
7.5125,-3.2833,-17.097,1.7645,15.639,-6.5198,22.568,-42.981,-31.587,-17.45,-11.305,-7.3753
4.9812,-3.7676,-15.595,2.8876,13.303,-6.4185,22.863,-46.303,-35.162,-19.507,-13.374,-10.962
1.7202,-4.3141,-13.633,4.3478,10.419,-6.1179,21.989,-49.183,-38.154,-21.213,-15.392,-13.697
-1.8175,-4.906,-11.574,6.0223,7.4687,-5.6892,20.18,-51.605,-40.59,-22.642,-17.384,-15.443
-5.0443,-5.4066,-9.7672,7.6482,4.9363,-5.1947,17.802,-53.59,-42.56,-23.882,-19.277,-16.118
-7.4848,-5.6631,-8.4321,8.9572,3.14,-4.6758,15.247,-55.187,-44.183,-25.008,-20.945,-15.775
-8.9649,-5.6018,-7.5948,9.7983,2.1164,-4.1356,12.782,-56.453,-45.568,-26.061,-22.272,-14.622
-9.6578,-5.2523,-7.0855,10.182,1.6122,-3.5428,10.476,-57.449,-46.79,-27.053,-23.204,-12.97
-9.978,-4.6993,-6.6071,10.239,1.1941,-2.848,8.2582,-58.227,-47.885,-27.976,-23.78,-11.152
-10.378,-4.0151,-5.8321,10.131,0.43325,-1.993,6.0487,-58.819,-48.846,-28.822,-24.113,-9.4332
-11.145,-3.2273,-4.5063,9.978,-0.93082,-0.91852,3.8236,-59.237,-49.631,-29.58,-24.34,-7.9705
-12.302,-2.3288,-2.5544,9.8093,-2.906,0.40282,1.6092,-59.472,-50.18,-30.235,-24.559,-6.8133
-13.607,-1.305,-0.14147,9.5674,-5.2374,1.9271,-0.50857,-59.516,-50.449,-30.767,-24.804,-5.9449
-14.652,-0.16064,2.3759,9.1486,-7.487,3.5323,-2.335,-59.368,-50.432,-31.156,-25.04,-5.3283
-15.03,1.0629,4.5917,8.4731,-9.201,5.0577,-3.5478,-59.032,-50.16,-31.38,-25.198,-4.9346
-14.546,2.2875,6.198,7.5509,-10.092,6.3613,-3.7777,-58.513,-49.684,-31.424,-25.208,-4.756
-13.323,3.4153,7.0769,6.4988,-10.148,7.3643,-2.7622,-57.82,-49.055,-31.279,-25.026,-4.8067
-11.757,4.3575,7.3253,5.4999,-9.6266,8.066,-0.48049,-56.964,-48.312,-30.953,-24.646,-5.106
-10.368,5.0652,7.217,4.7326,-8.9543,8.5379,2.807,-55.951,-47.473,-30.464,-24.1,-5.6445
-9.6203,5.5482,7.1087,4.3041,-8.5654,8.8984,6.6184,-54.776,-46.54,-29.844,-23.449,-6.3615
-9.7714,5.8685,7.3191,4.2181,-8.7588,9.2727,10.371,-53.436,-45.497,-29.135,-22.769,-7.1545
-10.798,6.1094,8.022,4.3879,-9.6178,9.7475,13.519,-51.944,-44.329,-28.393,-22.118,-7.915
-12.413,6.3378,9.1928,4.6835,-11.003,10.34,15.659,-50.34,-43.034,-27.68,-21.51,-8.5653
-14.16,6.5863,10.63,4.9747,-12.606,10.999,16.602,-48.691,-41.631,-27.044,-20.905,-9.0794
-15.554,6.8645,12.053,5.1502,-14.051,11.644,16.395,-47.06,-40.145,-26.484,-20.228,-9.4778
-16.225,7.1849,13.243,5.1217,-15.031,12.222,15.323,-45.461,-38.583,-25.917,-19.413,-9.7926
-16.03,7.5802,14.152,4.8342,-15.421,12.752,13.847,-43.823,-36.913,-25.192,-18.419,-10.02
-15.111,8.0975,14.935,4.2847,-15.327,13.335,12.44,-41.996,-35.062,-24.139,-17.248,-10.102
-13.866,8.7772,15.892,3.5364,-15.051,14.127,11.351,-39.787,-32.939,-22.646,-15.93,-9.9551
-12.841,9.6443,17.359,2.708,-14.98,15.3,10.495,-37.03,-30.474,-20.697,-14.508,-9.5306
-12.518,10.737,19.576,1.9316,-15.432,17.037,9.5869,-33.641,-27.65,-18.377,-13.005,-8.8642
-13.113,12.191,22.598,1.2941,-16.537,19.574,8.3624,-29.646,-24.519,-15.842,-11.4,-8.0751
-14.476,14.382,26.3,0.78721,-18.2,23.232,6.642,-25.187,-21.2,-13.266,-9.6037,-7.3274
-16.172,17.968,30.458,0.27157,-20.149,28.256,4.2447,-20.492,-17.844,-10.793,-7.482,-6.7703
-17.621,23.467,34.872,-0.54888,-22.022,34.476,1.0922,-15.836,-14.59,-8.5038,-4.9175,-6.4565
-18.236,30.596,39.428,-2.0667,-23.47,41.351,-2.4102,-11.472,-11.529,-6.3903,-1.8896,-6.2594
-17.547,38.625,44.107,-4.5808,-24.256,48.452,-5.1737,-7.5608,-8.6847,-4.3712,1.4882,-5.8756
-15.309,47.182,48.941,-8.2,-24.275,55.656,-5.7684,-4.1231,-6.0126,-2.3298,5.0105,-4.9359
-11.537,56.267,53.953,-12.958,-23.547,62.966,-3.1382,-1.0583,-3.4235,-0.16471,8.4807,-3.1321
-6.5058,65.911,59.101,-18.874,-22.213,70.352,2.8945,1.7913,-0.81869,2.1747,11.805,-0.31638
-0.73247,75.929,64.293,-25.842,-20.54,77.705,11.636,4.5655,1.875,4.6849,15.029,3.4321
5.0869,85.867,69.414,-33.5,-18.895,84.831,21.772,7.3347,4.681,7.3323,18.286,7.8146
10.205,95.126,74.336,-41.208,-17.662,91.476,31.64,10.084,7.5694,10.082,21.683,12.395
13.998,103.21,78.937,-48.216,-17.13,97.389,39.597,12.733,10.478,12.914,25.202,16.729
16.137,109.93,83.137,-54.007,-17.426,102.43,44.528,15.184,13.349,15.828,28.7,20.5
16.645,115.5,86.926,-58.558,-18.519,106.64,46.163,17.362,16.149,18.81,31.993,23.587
15.81,120.42,90.365,-62.281,-20.238,110.27,44.952,19.206,18.862,21.801,34.948,26.05
14.043,125.15,93.549,-65.618,-22.329,113.66,41.73,20.642,21.452,24.673,37.512,28.07
11.792,129.77,96.55,-68.582,-24.511,117.13,37.537,21.534,23.829,27.251,39.698,29.882
9.4956,133.91,99.356,-70.835,-26.546,120.71,33.341,21.698,25.849,29.377,41.53,31.715
7.5404,137.3,101.85,-72.253,-28.266,124.17,29.66,20.959,27.355,30.97,43.036,33.724
6.202,139.91,103.82,-73.129,-29.546,127.14,26.579,19.229,28.229,32.044,44.248,35.93
5.625,141.87,105.04,-73.873,-30.268,129.39,23.908,16.571,28.44,32.686,45.191,38.213
5.8657,143.33,105.28,-74.741,-30.297,130.82,21.244,13.187,28.039,33.004,45.877,40.361
6.9742,144.37,104.42,-75.838,-29.476,131.44,18.155,9.3783,27.144,33.091,46.318,42.159
9.0421,145.08,102.37,-77.22,-27.656,131.29,14.433,5.4767,25.913,33.017,46.549,43.459
12.161,145.62,99.15,-78.967,-24.757,130.44,10.233,1.7749,24.513,32.822,46.621,44.222
16.325,146.19,94.821,-81.164,-20.854,128.93,5.8951,-1.5306,23.082,32.503,46.547,44.515
21.353,146.89,89.562,-83.823,-16.213,126.72,1.6965,-4.3716,21.687,32.018,46.276,44.483
26.871,147.55,83.652,-86.789,-11.254,123.72,-2.1656,-6.8086,20.304,31.288,45.71,44.301
32.359,147.68,77.392,-89.677,-6.4432,119.88,-5.6019,-9.0052,18.826,30.23,44.738,44.098
37.206,146.68,70.978,-91.919,-2.2056,115.32,-8.7479,-11.185,17.092,28.769,43.271,43.903
40.789,144.14,64.413,-92.95,1.1481,110.16,-11.893,-13.58,14.926,26.856,41.265,43.63
42.607,139.86,57.509,-92.391,3.4617,104.22,-15.312,-16.365,12.183,24.475,38.72,43.107
42.431,133.61,50.015,-90.031,4.7603,97.137,-19.12,-19.61,8.7851,21.645,35.674,42.118
40.363,125.1,41.873,-85.708,5.2476,88.691,-23.096,-23.255,4.7489,18.436,32.179,40.458
36.81,114.16,33.472,-79.285,5.2435,79.06,-26.607,-27.127,0.18488,14.954,28.28,37.984
32.354,100.97,25.562,-70.754,5.0841,68.716,-28.768,-31.01,-4.7318,11.322,23.997,34.655
27.595,86.108,18.728,-60.385,5.0648,58.156,-28.788,-34.704,-9.8009,7.6474,19.296,30.552
23.05,70.549,13.02,-48.88,5.4351,47.759,-26.331,-38.075,-14.83,4.014,14.127,25.862
19.108,55.335,8.1143,-37.301,6.3705,37.807,-21.692,-41.06,-19.656,0.49324,8.5366,20.837
15.986,41.303,3.6344,-26.716,7.9078,28.506,-15.743,-43.669,-24.168,-2.8442,2.7628,15.736
13.649,28.971,-0.65585,-17.84,9.8929,20.013,-9.6587,-45.968,-28.322,-5.9349,-2.8275,10.771
11.801,18.561,-4.7996,-10.891,11.99,12.47,-4.5812,-48.058,-32.142,-8.7463,-7.9443,6.0711
9.9868,10.07,-8.6574,-5.6233,13.761,6.0151,-1.3311,-50.053,-35.709,-11.297,-12.518,1.6785
7.7741,3.3745,-11.965,-1.5168,14.787,0.75112,-0.25782,-52.048,-39.122,-13.66,-16.653,-2.4192
4.9182,-1.6942,-14.455,1.9466,14.79,-3.3207,-1.2183,-54.102,-42.469,-15.938,-20.482,-6.2331
1.4324,-5.4281,-15.998,5.0683,13.716,-6.3644,-3.6474,-56.232,-45.794,-18.223,-24.054,-9.7276
-2.4243,-8.2692,-16.668,7.8984,11.757,-8.6566,-6.7217,-58.411,-49.091,-20.559,-27.324,-12.838
-6.2137,-10.618,-16.698,10.332,9.3257,-10.436,-9.6012,-60.593,-52.309,-22.929,-30.219,-15.532
-9.4288,-12.646,-16.394,12.233,6.9642,-11.829,-11.71,-62.72,-55.36,-25.264,-32.687,-17.835
-11.634,-14.314,-16.071,13.53,5.2067,-12.881,-12.918,-64.731,-58.135,-27.464,-34.73,-19.8
-12.59,-15.53,-16.016,14.259,4.439,-13.638,-13.469,-66.566,-60.527,-29.428,-36.397,-21.468
-12.303,-16.281,-16.441,14.543,4.8233,-14.181,-13.766,-68.166,-62.454,-31.077,-37.759,-22.857
-10.986,-16.648,-17.448,14.534,6.2914,-14.622,-14.183,-69.492,-63.886,-32.383,-38.884,-23.979
-8.9658,-16.731,-18.999,14.343,8.573,-15.051,-15.023,-70.538,-64.863,-33.376,-39.817,-24.859
-6.6001,-16.583,-20.895,14.015,11.243,-15.478,-16.551,-71.343,-65.489,-34.14,-40.571,-25.535
-4.2155,-16.226,-22.801,13.54,13.818,-15.841,-18.9,-71.97,-65.902,-34.794,-41.128,-26.059
-2.055,-15.722,-24.346,12.905,15.89,-16.05,-21.879,-72.492,-66.241,-35.458,-41.454,-26.488
-0.23562,-15.176,-25.225,12.13,17.223,-16.019,-24.932,-72.973,-66.612,-36.227,-41.524,-26.892
1.2654,-14.658,-25.269,11.242,17.763,-15.703,-27.316,-73.471,-67.079,-37.157,-41.36,-27.358
2.5708,-14.188,-24.492,10.236,17.619,-15.139,-28.394,-74.034,-67.663,-38.264,-41.059,-27.977
3.8024,-13.775,-23.097,9.107,17.001,-14.45,-27.891,-74.691,-68.359,-39.533,-40.775,-28.815
4.9419,-13.434,-21.411,7.9314,16.134,-13.794,-25.992,-75.443,-69.142,-40.933,-40.653,-29.881
5.7299,-13.204,-19.769,6.9236,15.153,-13.303,-23.244,-76.255,-69.969,-42.424,-40.756,-31.121
5.6994,-13.159,-18.378,6.4204,14.059,-13.028,-20.367,-77.065,-70.782,-43.947,-41.047,-32.428
4.3822,-13.398,-17.263,6.7704,12.75,-12.926,-18.052,-77.792,-71.512,-45.421,-41.417,-33.68
1.5604,-13.995,-16.337,8.1742,11.112,-12.922,-16.814,-78.363,-72.096,-46.763,-41.743,-34.786
-2.5902,-14.969,-15.539,10.57,9.1503,-12.981,-16.872,-78.74,-72.496,-47.919,-41.943,-35.724
-7.5034,-16.28,-14.919,13.637,7.0528,-13.135,-18.078,-78.929,-72.708,-48.888,-41.988,-36.538
-12.358,-17.854,-14.578,16.889,5.1438,-13.43,-19.949,-78.966,-72.74,-49.711,-41.89,-37.311
-16.305,-19.591,-14.553,19.811,3.7302,-13.891,-21.819,-78.89,-72.583,-50.437,-41.685,-38.113
-18.743,-21.369,-14.779,22.003,2.9491,-14.505,-23.034,-78.714,-72.186,-51.092,-41.421,-38.983
-19.553,-23.064,-15.085,23.292,2.6953,-15.217,-23.183,-78.426,-71.457,-51.659,-41.15,-39.925
-19.132,-24.596,-15.22,23.782,2.6549,-15.928,-22.24,-78.001,-70.262,-52.071,-40.913,-40.904
-18.203,-25.928,-14.938,23.794,2.4215,-16.497,-20.533,-77.424,-68.448,-52.206,-40.71,-41.809
-17.517,-27.001,-14.073,23.724,1.6468,-16.734,-18.581,-76.723,-65.906,-51.884,-40.472,-42.463
-17.61,-27.685,-12.61,23.879,0.19392,-16.456,-16.922,-76.008,-62.701,-50.892,-40.042,-42.736
-18.655,-27.795,-10.737,24.372,-1.7719,-15.588,-15.982,-75.485,-59.3,-49.039,-39.176,-42.713
-20.435,-27.173,-8.8349,25.12,-3.8252,-14.248,-15.98,-75.424,-56.878,-46.323,-37.576,-42.758
-22.44,-25.822,-7.3717,25.895,-5.4423,-12.825,-16.89,-76.095,-57.364,-43.568,-34.939,-43.47
-24.065,-24.391,-6.7644,26.372,-6.2023,-12.285,-18.487,-77.729,-60.82,-45.072,-31.156,-45.732
-24.87,-25.832,-7.5437,26.272,-5.9498,-16.293,-20.487,-80.418,-59.43,-60.707,-28.139,-51.472
-24.792,-38.296,-12.018,25.828,-4.8789,-34.502,-22.693,-83.425,-46.785,-72.131,-38.785,-64.652
-24.101,-58.722,-25.435,26.748,-3.5517,-51.781,-24.925,-79.779,-27.93,-64.206,-54.678,-78.329
-23.137,-65.37,-39.158,32.642,-2.8474,-55.952,-26.16,-65.376,-6.299,-48.066,-50.151,-80.908
-22.093,-60.976,-39.453,39.52,-3.7937,-51.366,-25.331,-60.729,19.656,-25.009,-38.631,-73.392
-20.977,-47.294,-26.207,36.347,-7.4145,-37.979,-26.696,-66.666,52.966,5.6846,-21.358,-56.007
-19.724,-23.702,-2.2567,25.404,-14.933,-14.596,-32.242,-83.424,93.324,44.937,2.8019,-29.109
-18.189,8.5872,29.911,9.8311,-27.668,17.93,-40.924,-110.57,136.41,93.662,35.479,5.6696
-15.897,46.696,67.667,-8.9249,-44.489,56.521,-52.375,-148.23,181.5,152.01,78.321,46.969
-12.067,87.626,107.45,-29.793,-61.422,97.74,-66.948,-199.02,228.16,218.83,132.63,94.769
-6.184,130.27,145.9,-52.949,-75.761,139.55,-85.725,-269.72,274.62,292.82,197.15,148.47
1.509,175.31,182.56,-79.751,-87.044,181.74,-109.87,-370.34,314.81,372.88,268.29,207.06
10.173,223.4,217.95,-111.03,-96.032,224.41,-139.69,-507.42,337.77,454.82,346.09,271.18
19.485,274.47,252.74,-145.95,-103.94,267.75,-174.26,-680.79,330.86,530.26,427.78,340.53
35.392,327.97,287.63,-182.83,-111.94,311.81,-211.56,-893.91,283.92,590.95,507.46,411.82
59.176,381.83,322.29,-219.39,-120.71,355.59,-248.86,-1145.2,193.01,632.31,579.21,479.29
74.321,431.82,354.63,-252.33,-130.07,396.11,-283.15,-1422.5,62.408,652.85,636.99,536.65
83.844,471.88,381.16,-277.53,-139.07,428.66,-311.82,-1706.9,-95.483,652.55,674.34,577.47
86.658,494.65,397.97,-290.38,-146.76,447.71,-333.6,-1977.3,-264.45,630.85,683.97,594.27
80.325,493.22,401.56,-286.22,-153.15,448.05,-348.82,-2214.4,-430.62,584.85,657.74,579.31
61.7,462.16,389.44,-261.01,-159.17,425.63,-358.97,-2404.6,-585.38,508.92,588.1,527.24
27.563,399.1,360.96,-212.12,-166.13,379.08,-366.59,-2541.4,-726.18,396.5,471.13,438.33
-23.546,306.02,318.48,-139.78,-175.25,310.86,-374.53,-2625.2,-858.18,243.6,309.54,318.55
-90.149,190.14,267.37,-48.651,-186.73,227.36,-384.86,-2662.3,-990.42,52.36,113.95,178.18
-167.31,63.422,214.48,52.254,-199.21,137.85,-398.73,-2661.6,-1127.9,-166.99,-98.437,30.727
-243.61,-59.807,165.87,151.25,-210.68,52.405,-416.33,-2631.1,-1267.2,-396.2,-306.32,-108.95
-309,-166.19,124.74,236.75,-218.36,-20.766,-437.02,-2574.7,-1395.8,-611.63,-488.48,-228.26
-354.93,-246.76,91.116,300.15,-219.33,-77.137,-459.44,-2492.5,-1495.5,-789.18,-627.37,-318.49
-377.02,-298.54,63.143,337.78,-212.21,-116.31,-481.74,-2382.7,-1549,-910.26,-712.79,-375.89
-376.27,-323.66,38.584,350.83,-197.38,-140.65,-501.54,-2246,-1546.7,-967.06,-743.81,-402.12
-356.64,-327.23,15.503,343.41,-175.69,-153.58,-515.67,-2086.7,-1490.5,-964.3,-728.39,-402.74
-322.74,-315.24,-7.0723,320.72,-148.26,-158.42,-520.57,-1911,-1391.9,-916.4,-680.45,-384.8
-279.28,-293.26,-28.321,287.98,-117.33,-157.6,-513.28,-1724.6,-1266.4,-841.32,-615.14,-355.11
-230.72,-265.22,-46.195,249.59,-85.755,-152.54,-492.43,-1531.2,-1126.8,-754.42,-544.22,-319.18
-180.93,-233.83,-58.754,209.02,-55.813,-144.32,-458.23,-1333.7,-981.35,-664.91,-474.13,-281.1
-133.66,-201.61,-63.864,169.46,-29.02,-133.9,-412.32,-1135.5,-834.33,-576.54,-406.94,-243.5
-93.293,-171.54,-61.944,134.62,-6.309,-122.3,-358.19,-941.9,-689.98,-490.13,-343.62,-207.38
-62.515,-147.31,-58.812,107.49,11.88,-111.78,-301.22,-759.68,-556.02,-407.7,-287.16,-176.76
-40.241,-129.42,-57.548,86.974,25.245,-104.21,-247.34,-596.06,-440.43,-335.18,-240.15,-154.4
-25.037,-115.36,-57.211,71.103,33.466,-98.652,-200.84,-456.72,-345.42,-274.82,-200.05,-136.87
-15.819,-103.09,-56.683,59.524,35.114,-93.82,-163.08,-344.24,-269.79,-224.56,-164.93,-121.48
-11.42,-91.767,-55.556,51.963,28.602,-88.983,-132.93,-257.54,-211.71,-183.87,-135.58,-107.38
-10.707,-81.28,-53.841,47.244,24.19,-83.825,-107.89,-192.66,-168.48,-152.56,-112.83,-94.413
-10.529,-71.675,-51.665,43.988,23.27,-78.246,-85.44,-144.43,-136.48,-129.33,-96.334,-82.471
-7.0842,-62.807,-49.136,40.071,22.387,-72.23,-64.714,-107.85,-112.15,-112.17,-84.799,-71.239
-4.721,-54.555,-46.346,32.95,21.158,-65.754,-46.384,-79.121,-92.829,-99.176,-76.468,-60.643
-3.1339,-47.67,-43.378,26.725,19.951,-58.868,-31.005,-55.803,-77.092,-88.73,-69.294,-51.85
-1.6084,-42.87,-40.278,22.656,18.958,-51.905,-18.141,-36.517,-64.738,-79.698,-60.605,-45.853
-0.16115,-39.457,-37.032,19.666,18.09,-45.382,-7.1199,-21.874,-59.302,-71.899,-51.698,-42.109
0.83629,-36.656,-33.611,17.417,17.093,-39.615,2.0882,-21.084,-59.781,-65.678,-45.806,-39.665
0.95553,-34.158,-30.049,15.874,15.718,-34.627,9.5725,-24.489,-57.096,-60.712,-42.096,-37.849
-0.032669,-31.842,-26.511,15.009,13.859,-30.357,15.273,-19.621,-52.775,-56.67,-39.475,-36.313
-2.0286,-29.637,-23.251,14.709,11.621,-26.793,19.069,-11.145,-48.483,-53.356,-37.448,-34.98
-4.6319,-27.489,-20.512,14.769,9.2993,-23.936,21.147,-2.0523,-44.609,-50.613,-35.777,-33.96
-7.2842,-25.374,-18.432,14.924,7.2527,-21.726,21.846,6.5385,-41.17,-48.297,-34.341,-33.366
-9.4472,-23.288,-17.001,14.93,5.7604,-20.03,21.55,14.233,-38.112,-46.278,-33.1,-33.143
-10.736,-21.252,-16.09,14.622,4.9356,-18.668,20.642,20.965,-35.382,-44.461,-32.068,-33.036
-10.962,-19.306,-15.52,13.934,4.7498,-17.479,19.391,26.831,-32.956,-42.805,-31.274,-32.678
-10.109,-17.496,-15.152,12.879,5.1149,-16.374,17.879,31.961,-30.831,-41.317,-30.717,-31.704
-8.2834,-15.846,-14.925,11.512,5.942,-15.345,16.131,36.454,-29.01,-40.023,-30.344,-29.892
-5.6688,-14.36,-14.849,9.9009,7.1446,-14.443,14.303,40.356,-27.479,-38.933,-30.057,-27.27
-2.5218,-13.027,-14.962,8.1253,8.6107,-13.732,12.738,43.682,-26.195,-38.027,-29.75,-24.111
0.833,-11.843,-15.265,6.2893,10.188,-13.246,11.886,46.454,-25.081,-37.253,-29.352,-20.829
4.0311,-10.829,-15.681,4.5337,11.692,-12.965,12.14,48.743,-24.03,-36.539,-28.844,-17.818
6.7206,-10.028,-16.053,3.0297,12.932,-12.814,13.697,50.687,-22.918,-35.8,-28.253,-15.3
8.6331,-9.4964,-16.231,1.9416,13.757,-12.708,16.466,52.451,-21.637,-34.966,-27.63,-13.235
9.6557,-9.2819,-16.171,1.3726,14.116,-12.615,20.063,54.16,-20.138,-34.005,-27.016,-11.361
9.8515,-9.4092,-15.974,1.329,14.078,-12.576,23.909,55.857,-18.449,-32.931,-26.421,-9.3524
9.3974,-9.8649,-15.808,1.7355,13.791,-12.677,27.392,57.509,-16.657,-31.79,-25.806,-6.9782
8.4732,-10.596,-15.798,2.4898,13.383,-12.982,30.052,59.061,-14.853,-30.622,-25.087,-4.2084
7.1416,-11.52,-15.948,3.5199,12.886,-13.483,31.699,60.482,-13.088,-29.439,-24.158,-1.235
5.3063,-12.537,-16.144,4.8,12.205,-14.1,32.417,61.769,-11.357,-28.222,-22.937,1.5948
2.8157,-13.551,-16.228,6.3205,11.181,-14.723,32.457,62.935,-9.6233,-26.946,-21.42,3.9345
-0.36668,-14.484,-16.077,8.0422,9.7105,-15.256,32.072,63.984,-7.8458,-25.591,-19.707,5.6117
-4.0506,-15.282,-15.658,9.8633,7.837,-15.645,31.405,64.919,-5.9984,-24.148,-17.977,6.7095
-7.8127,-15.9,-15.03,11.61,5.7682,-15.866,30.458,65.748,-4.0742,-22.614,-16.399,7.5165
-11.08,-16.284,-14.308,13.052,3.8279,-15.897,29.148,66.491,-2.0764,-20.97,-15.027,8.3773
-13.251,-16.361,-13.632,13.951,2.3938,-15.711,27.395,67.181,-0.004627,-19.18,-13.742,9.507
-13.816,-16.052,-13.159,14.114,1.8337,-15.285,25.203,67.856,2.1556,-17.191,-12.285,10.862
-12.471,-15.291,-13.045,13.437,2.4207,-14.631,22.699,68.551,4.4348,-14.956,-10.378,12.159
-9.2332,-14.06,-13.39,11.924,4.2367,-13.794,20.128,69.296,6.8737,-12.454,-7.86,13.035
-4.5513,-12.419,-14.14,9.7118,7.0661,-12.822,17.779,70.111,9.513,-9.7004,-4.7942,13.251
0.73856,-10.498,-15.024,7.0852,10.323,-11.732,15.877,71.003,12.374,-6.7467,-1.4665,12.796
5.649,-8.4558,-15.652,4.4104,13.179,-10.532,14.478,71.948,15.434,-3.676,1.7223,11.865
9.328,-6.4183,-15.677,2.0132,14.896,-9.2539,13.452,72.892,18.608,-0.58534,4.4296,10.739
11.239,-4.4509,-14.897,0.067256,15.102,-7.9321,12.581,73.76,21.754,2.4383,6.5135,9.6637
11.261,-2.5718,-13.317,-1.4296,13.839,-6.5834,11.672,74.489,24.725,5.3463,8.0726,8.7887
9.7451,-0.77533,-11.165,-2.5823,11.492,-5.2167,10.598,75.06,27.433,8.1448,9.375,8.1871
7.4564,0.94481,-8.8035,-3.5153,8.6998,-3.8516,9.2748,75.512,29.898,10.884,10.716,7.8995
5.3988,2.5762,-6.6207,-4.3653,6.1965,-2.5375,7.6368,75.924,32.231,13.618,12.274,7.9462
4.5191,4.0748,-4.9817,-5.2918,4.6417,-1.3764,5.594,76.377,34.579,16.36,14.042,8.2996
5.4042,5.3632,-4.2098,-6.4314,4.5205,-0.52309,3.0166,76.918,37.056,19.062,15.875,8.8544
8.2082,6.345,-4.5207,-7.8259,6.0799,-0.13521,-0.18292,77.551,39.714,21.65,17.598,9.4409
12.691,6.9312,-5.9307,-9.3839,9.2364,-0.29621,-3.921,78.261,42.559,24.077,19.107,9.8914
18.164,7.0696,-8.2042,-10.891,13.511,-0.96187,-7.8801,79.031,45.569,26.362,20.389,10.123
23.532,6.7653,-10.885,-12.058,18.065,-1.9637,-11.571,79.851,48.703,28.579,21.511,10.184
27.578,6.0837,-13.412,-12.606,21.892,-3.0644,-14.485,80.705,51.899,30.805,22.585,10.225
29.376,5.1309,-15.286,-12.344,24.128,-4.0396,-16.248,81.56,55.054,33.06,23.717,10.421
28.571,4.0198,-16.191,-11.235,24.326,-4.7475,-16.734,82.359,58.037,35.283,24.964,10.886
25.36,2.8406,-16.025,-9.3902,22.521,-5.1539,-16.108,83.045,60.732,37.371,26.307,11.631
20.293,1.6498,-14.885,-7.0256,19.1,-5.307,-14.793,83.586,63.088,39.235,27.659,12.573
14.129,0.48145,-13.027,-4.4062,14.665,-5.2894,-13.345,83.995,65.153,40.849,28.915,13.573
7.7633,-0.63101,-10.809,-1.8012,9.9521,-5.1758,-12.255,84.323,67.045,42.266,30.016,14.486
2.0761,-1.6384,-8.5955,0.55056,5.6914,-5.0116,-11.76,84.645,68.913,43.593,31.01,15.2
-2.2784,-2.4728,-6.7061,2.4678,2.4467,-4.8118,-11.779,85.033,70.872,44.948,32.054,15.67
-5.0118,-3.0623,-5.3784,3.8477,0.49943,-4.5737,-11.994,85.532,72.978,46.427,33.35,15.926
-6.2373,-3.3571,-4.7065,4.6761,-0.19767,-4.2861,-12.022,86.152,75.221,48.083,35.04,16.056
-6.3649,-3.3472,-4.6016,5.0176,0.038959,-3.9298,-11.576,86.869,77.546,49.919,37.12,16.159
-5.8865,-3.0563,-4.8264,4.9806,0.76988,-3.4804,-10.586,87.634,79.871,51.891,39.423,16.283
-5.1914,-2.5154,-5.0945,4.663,1.5912,-2.9155,-9.2466,88.382,82.106,53.911,41.701,16.399
-4.513,-1.7305,-5.1773,4.1038,2.2429,-2.214,-7.9469,89.055,84.182,55.872,43.755,16.436
-3.9337,-0.66047,-4.9639,3.2472,2.6426,-1.3461,-7.0999,89.616,86.07,57.691,45.512,16.347
-3.3067,0.78352,-4.4686,1.9254,2.8821,-0.2715,-6.9767,90.065,87.788,59.329,47.002,16.169
-2.1863,2.7189,-3.8001,-0.10754,3.201,1.042,-7.6175,90.424,89.368,60.794,48.312,16.018
0.011682,5.2582,-3.1148,-3.0717,3.9027,2.5939,-8.8047,90.72,90.832,62.104,49.538,16.028
3.7005,8.4622,-2.5707,-7.0472,5.2391,4.3386,-10.091,90.972,92.173,63.273,50.762,16.279
8.9272,12.273,-2.2905,-11.912,7.3313,6.1937,-10.914,91.176,93.355,64.296,52.011,16.776
15.414,16.449,-2.3347,-17.339,10.151,8.0566,-10.77,91.312,94.331,65.164,53.241,17.511
22.71,20.568,-2.6797,-22.857,13.521,9.8226,-9.3965,91.349,95.071,65.865,54.326,18.539
30.266,24.126,-3.1977,-27.943,17.107,11.404,-6.867,91.263,95.574,66.398,55.1,19.991
37.417,26.706,-3.6611,-32.113,20.427,12.761,-3.5559,91.044,95.873,66.773,55.433,22.005
43.42,28.154,-3.7919,-35.021,22.931,13.922,0.0028563,90.7,96.023,67.007,55.3,24.631
47.577,28.652,-3.3436,-36.557,24.146,14.971,3.2659,90.244,96.072,67.117,54.812,27.795
49.351,28.571,-2.185,-36.884,23.793,15.975,5.7894,89.682,96.043,67.11,54.192,31.294
48.405,28.207,-0.35938,-36.354,21.846,16.932,7.294,89.006,95.924,66.988,53.691,34.823
44.699,27.658,1.9123,-35.312,18.535,17.753,7.6882,88.186,95.679,66.759,53.504,38.014
38.6,26.892,4.2924,-33.746,14.301,18.311,7.0594,87.184,95.259,66.438,53.71,40.488
30.89,25.842,6.4237,-31.147,9.6988,18.489,5.6372,85.962,94.619,66.043,54.244,41.939
22.608,24.429,8.0282,-27.081,5.2742,18.229,3.7221,84.502,93.734,65.581,54.91,42.214
14.771,22.609,8.9702,-21.814,1.4574,17.547,1.5936,82.8,92.61,65.038,55.437,41.375
8.1219,20.459,9.271,-16.197,-1.4976,16.537,-0.54442,80.877,91.28,64.381,55.597,39.698
2.9907,18.198,9.0801,-11.17,-3.499,15.356,-2.5518,78.767,89.805,63.576,55.319,37.586
-0.63687,16.095,8.6125,-7.3749,-4.5771,14.178,-4.3169,76.512,88.247,62.614,54.725,35.443
-2.8146,14.374,8.0637,-5.0108,-4.8355,13.142,-5.746,74.144,86.645,61.524,54.048,33.549
-3.4431,13.152,7.5264,-3.9699,-4.379,12.314,-6.7814,71.663,84.991,60.358,53.49,32.014
-2.3927,12.44,6.9635,-4.0524,-3.26,11.684,-7.4213,69.041,83.236,59.167,53.13,30.799
0.25479,12.165,6.2646,-5.0305,-1.5082,11.203,-7.7212,66.243,81.309,57.983,52.91,29.777
4.0874,12.208,5.3541,-6.6075,0.78212,10.825,-7.7725,63.275,79.163,56.811,52.687,28.783
8.4096,12.428,4.2837,-8.4054,3.3861,10.541,-7.6682,60.21,76.813,55.641,52.291,27.674
12.408,12.682,3.2615,-10.02,5.9331,10.374,-7.4819,57.18,74.349,54.463,51.584,26.388
15.332,12.837,2.5976,-11.09,7.9331,10.368,-7.2909,54.323,71.911,53.268,50.502,24.969
16.571,12.789,2.6045,-11.34,8.8532,10.552,-7.2332,51.711,69.614,52.045,49.091,23.568
15.69,12.479,3.4963,-10.608,8.2526,10.922,-7.528,49.306,67.48,50.785,47.488,22.39
12.523,11.906,5.3077,-8.8888,5.9358,11.432,-8.4092,46.968,65.411,49.478,45.872,21.634
7.2721,11.123,7.8622,-6.3497,2.0507,12.012,-9.9809,44.5,63.202,48.12,44.393,21.426
0.54263,10.22,10.841,-3.2994,-2.9419,12.584,-12.06,41.705,60.604,46.697,43.107,21.774
-6.7804,9.3015,13.933,-0.11116,-8.4415,13.111,-14.119,38.448,57.4,45.171,41.949,22.55
-13.787,8.473,16.95,2.8666,-13.909,13.628,-15.421,34.71,53.49,43.484,40.766,23.518
-19.78,7.8296,19.826,5.3775,-18.941,14.217,-15.287,30.6,48.938,41.575,39.386,24.397
-24.342,7.4349,22.514,7.2853,-23.243,14.926,-13.359,26.309,43.95,39.402,37.71,24.941
-27.292,7.2902,24.894,8.5715,-26.592,15.699,-9.7169,22.017,38.784,36.962,35.751,24.998
-28.643,7.3122,26.738,9.3165,-28.816,16.382,-4.8596,17.813,33.637,34.294,33.618,24.538
-28.622,7.3475,27.747,9.6737,-29.795,16.776,0.441,13.664,28.59,31.466,31.428,23.644
-27.695,7.2239,27.675,9.8386,-29.512,16.701,5.3669,9.4502,23.612,28.546,29.215,22.452
-26.436,6.8142,26.482,9.9993,-28.145,16.061,9.2835,5.0565,18.617,25.583,26.887,21.098
-25.271,6.0849,24.424,10.273,-26.064,14.896,11.91,0.45737,13.547,22.603,24.3,19.667
-24.336,5.1086,21.963,10.662,-23.702,13.38,13.392,-4.2566,8.4038,19.616,21.369,18.184
-23.534,4.0376,19.535,11.06,-21.372,11.766,14.248,-8.9336,3.2409,16.616,18.14,16.629
-22.616,3.0499,17.349,11.308,-19.162,10.291,15.183,-13.446,-1.871,13.576,14.774,14.963
-21.236,2.2915,15.33,11.242,-16.925,9.0797,16.859,-17.737,-6.8742,10.457,11.459,13.158
-19.062,1.8363,13.236,10.735,-14.386,8.122,19.658,-21.812,-11.73,7.2298,8.3358,11.218
-15.938,1.6728,10.858,9.757,-11.343,7.3242,23.536,-25.698,-16.407,3.893,5.4456,9.1856
-12.019,1.7151,8.1864,8.4251,-7.8296,6.6009,28.136,-29.406,-20.873,0.48925,2.7416,7.1646
-7.791,1.8322,5.4374,6.995,-4.1377,5.9222,32.978,-32.917,-25.077,-2.8999,0.13827,5.337
-3.9808,1.894,2.946,5.7953,-0.74857,5.3085,37.555,-36.184,-28.945,-6.1715,-2.4204,3.9522
-1.3781,1.821,1.0498,5.1185,1.7682,4.8144,41.397,-39.154,-32.397,-9.2277,-4.9149,3.2508
-0.60171,1.614,0.0095119,5.1147,2.8947,4.511,44.12,-41.784,-35.369,-11.999,-7.255,3.3666
-1.8795,1.3503,-0.057096,5.736,2.361,4.4567,45.46,-44.069,-37.85,-14.459,-9.3284,4.2625
-4.9374,1.1435,0.78247,6.7571,0.30154,4.6701,45.309,-46.047,-39.901,-16.628,-11.053,5.7114
-9.067,1.0925,2.2992,7.8629,-2.7631,5.1237,43.776,-47.795,-41.638,-18.566,-12.411,7.3343
-13.35,1.2485,4.1731,8.7595,-6.122,5.757,41.23,-49.388,-43.189,-20.348,-13.461,8.6984
-16.932,1.6133,6.062,9.2505,-9.1093,6.4886,38.162,-50.866,-44.637,-22.035,-14.322,9.4413
-19.225,2.1557,7.6654,9.2566,-11.256,7.2267,34.891,-52.201,-45.987,-23.651,-15.12,9.3573
-19.978,2.8246,8.7732,8.795,-12.321,7.8884,31.388,-53.312,-47.172,-25.172,-15.941,8.4115
-19.252,3.5539,9.2717,7.9491,-12.249,8.4187,27.41,-54.102,-48.094,-26.53,-16.826,6.7006
-17.307,4.2679,9.1273,6.8407,-11.122,8.7865,22.738,-54.505,-48.669,-27.649,-17.787,4.3946
-14.468,4.8983,8.377,5.5978,-9.1073,8.963,17.351,-54.525,-48.877,-28.486,-18.824,1.6716
-11.058,5.4054,7.1122,4.3231,-6.4016,8.9149,11.692,-54.247,-48.774,-29.057,-19.908,-1.343
-7.3841,5.7903,5.4581,3.0754,-3.2194,8.632,6.726,-53.807,-48.471,-29.432,-20.976,-4.5919
-3.7334,6.089,3.5797,1.8763,0.17414,8.1637,3.5384,-53.344,-48.098,-29.704,-21.948,-8.0298
-0.35403,6.3644,1.7133,0.72299,3.4291,7.6283,2.8698,-52.966,-47.763,-29.952,-22.781,-11.536
2.557,6.7025,0.1695,-0.40082,6.1302,7.1899,4.8875,-52.722,-47.537,-30.232,-23.519,-14.882
4.8208,7.191,-0.72907,-1.502,7.8751,7.0224,9.1411,-52.604,-47.448,-30.579,-24.289,-17.774
6.2461,7.873,-0.74967,-2.5429,8.3831,7.255,14.665,-52.563,-47.477,-31.007,-25.241,-19.929
6.6591,8.7055,0.14829,-3.4254,7.5924,7.9067,20.227,-52.523,-47.569,-31.505,-26.457,-21.144
5.9778,9.5499,1.766,-4.0053,5.6989,8.8541,24.679,-52.409,-47.649,-32.042,-27.883,-21.351
4.2681,10.205,3.7265,-4.1313,3.1115,9.8687,27.321,-52.155,-47.642,-32.566,-29.332,-20.662
1.7547,10.477,5.601,-3.6978,0.34414,10.704,28.115,-51.708,-47.484,-33.002,-30.556,-19.359
-1.2015,10.256,7.0099,-2.6979,-2.1044,11.182,27.61,-51.026,-47.119,-33.268,-31.358,-17.815
-4.1616,9.5704,7.6937,-1.2559,-3.8466,11.244,26.649,-50.075,-46.498,-33.282,-31.665,-16.351
-6.7011,8.5931,7.5828,0.38176,-4.6713,10.967,26.039,-48.823,-45.578,-32.977,-31.542,-15.113
-8.5011,7.5995,6.85,1.9018,-4.5851,10.549,26.241,-47.242,-44.321,-32.315,-31.142,-14.041
-9.3987,6.8964,5.8943,3.0035,-3.8029,10.269,27.217,-45.311,-42.711,-31.292,-30.627,-12.946
-9.389,6.7555,5.243,3.4677,-2.6703,10.443,28.612,-43.03,-40.765,-29.947,-30.088,-11.603
-8.5881,7.3883,5.4182,3.1906,-1.5579,11.401,30.035,-40.437,-38.546,-28.358,-29.516,-9.869
-7.1781,8.9617,6.8169,2.1731,-0.77681,13.458,31.145,-37.612,-36.159,-26.621,-28.816,-7.7513
-5.3546,11.635,9.6265,0.47965,-0.52801,16.858,31.744,-34.667,-33.723,-24.833,-27.855,-5.421
-3.2999,15.617,13.781,-1.797,-0.88373,21.723,31.919,-31.719,-31.343,-23.057,-26.527,-3.1479
-1.1848,21.203,18.992,-4.55,-1.8071,28.013,32.053,-28.873,-29.084,-21.311,-24.814,-1.1946
0.8189,28.682,24.907,-7.6672,-3.2011,35.483,32.612,-26.189,-26.953,-19.572,-22.808,0.28876
2.5241,37.989,31.292,-11.051,-4.9642,43.694,33.92,-23.673,-24.894,-17.792,-20.663,1.3284
3.733,48.432,38.08,-14.639,-7.0301,52.182,36.066,-21.267,-22.796,-15.911,-18.495,2.1123
4.2963,59.059,45.293,-18.416,-9.3673,60.652,38.912,-18.862,-20.515,-13.858,-16.308,2.9025
4.2155,69.277,52.912,-22.414,-11.926,69.025,42.157,-16.329,-17.911,-11.544,-13.98,3.9202
3.7069,78.906,60.763,-26.724,-14.579,77.299,45.404,-13.57,-14.891,-8.8718,-11.307,5.2689
3.1722,87.899,68.499,-31.502,-17.106,85.35,48.241,-10.56,-11.451,-5.7655,-8.081,6.9461
3.082,96.206,75.694,-36.934,-19.232,92.831,50.328,-7.3681,-7.682,-2.2117,-4.1708,8.9355
3.8197,103.8,81.998,-43.096,-20.703,99.336,51.467,-4.1434,-3.7336,1.7239,0.40455,11.293
5.5415,110.71,87.255,-49.798,-21.377,104.76,51.618,-1.0608,0.2393,5.9136,5.4426,14.148
8.1121,117.06,91.529,-56.573,-21.318,109.35,50.888,1.7441,4.1232,10.205,10.607,17.636
11.144,122.94,95.063,-62.876,-20.81,113.5,49.477,4.2096,7.861,14.453,15.554,21.805
14.119,128.42,98.197,-68.341,-20.282,117.5,47.629,6.3286,11.43,18.538,20.055,26.56
16.551,133.56,101.25,-72.871,-20.158,121.5,45.581,8.0901,14.805,22.37,24.044,31.646
18.125,138.39,104.43,-76.571,-20.714,125.56,43.513,9.4318,17.929,25.902,27.573,36.697
18.781,142.95,107.75,-79.628,-22.006,129.65,41.52,10.245,20.724,29.133,30.76,41.316
18.701,147.26,111.1,-82.243,-23.873,133.67,39.585,10.427,23.124,32.116,33.729,45.17
18.198,151.3,114.31,-84.585,-26.025,137.52,37.578,9.9389,25.104,34.917,36.573,48.051
17.568,154.96,117.19,-86.76,-28.161,141.06,35.288,8.8382,26.686,37.585,39.316,49.911
16.985,158.07,119.61,-88.778,-30.074,144.15,32.499,7.2812,27.93,40.121,41.915,50.86
16.487,160.44,121.5,-90.55,-31.672,146.69,29.093,5.487,28.907,42.488,44.29,51.122
16.005,161.9,122.81,-91.908,-32.921,148.58,25.094,3.6716,29.663,44.625,46.343,50.955
15.407,162.35,123.56,-92.62,-33.805,149.72,20.614,1.97,30.179,46.455,47.961,50.548
14.538,161.76,123.78,-92.436,-34.325,149.95,15.77,0.3864,30.35,47.888,49.019,49.94
13.276,160.19,123.48,-91.167,-34.535,148.96,10.644,-1.1998,30.005,48.823,49.416,48.98
11.549,157.78,122.59,-88.707,-34.559,146.45,5.3083,-2.9781,28.959,49.154,49.1,47.349
9.3313,154.67,120.95,-84.998,-34.553,142.47,-0.11068,-5.131,27.081,48.777,48.076,44.682
6.667,150.88,118.44,-79.978,-34.623,137.69,-5.4169,-7.7747,24.327,47.6,46.372,40.714
3.7109,146.2,115.09,-73.564,-34.702,132.77,-10.364,-10.934,20.741,45.553,44.011,35.319
0.7578,140.25,110.99,-65.707,-34.501,127.74,-14.689,-14.553,16.417,42.592,40.987,28.547
-1.7846,132.62,106.01,-56.533,-33.602,122.1,-18.16,-18.527,11.469,38.71,37.247,20.667
-3.4902,123.03,99.871,-46.514,-31.631,115.26,-20.614,-22.734,6.0176,33.964,32.694,12.136
-4.0439,111.42,92.347,-36.53,-28.41,106.77,-22.006,-27.057,0.19836,28.499,27.262,3.4921
-3.3438,97.995,83.388,-27.681,-24.021,96.478,-22.442,-31.384,-5.8311,22.537,21.033,-4.7202
-1.541,83.297,73.225,-20.806,-18.762,84.716,-22.177,-35.614,-11.9,16.335,14.297,-12.005
0.96741,68.167,62.363,-16.015,-13.072,72.208,-21.562,-39.656,-17.846,10.126,7.4808,-17.968
3.5895,53.563,51.426,-12.765,-7.4743,59.882,-20.91,-43.429,-23.534,4.0929,1.0075,-22.374
5.6484,40.285,40.956,-10.302,-2.5021,48.517,-20.379,-46.866,-28.87,-1.6329,-4.8346,-25.178
6.5493,28.846,31.286,-7.9957,1.3885,38.494,-19.943,-49.932,-33.805,-6.9682,-9.9345,-26.495
5.9481,19.518,22.586,-5.4434,3.9179,29.73,-19.457,-52.637,-38.331,-11.873,-14.323,-26.544
3.8285,12.388,15.039,-2.4948,5.0361,21.863,-18.774,-55.028,-42.461,-16.337,-18.104,-25.611
0.45819,7.2215,8.9207,0.76746,4.9193,14.771,-17.826,-57.178,-46.208,-20.357,-21.394,-24.053
-3.7168,3.4485,4.4511,4.1221,3.9253,9.0357,-16.673,-59.151,-49.569,-23.929,-24.269,-22.308
-8.1781,0.49488,1.5777,7.3342,2.4597,5.0889,-15.505,-60.988,-52.526,-27.043,-26.749,-20.811
-12.414,-1.9942,-0.052419,10.237,0.83959,2.4571,-14.615,-62.697,-55.064,-29.701,-28.814,-19.873
-15.983,-4.207,-0.89123,12.751,-0.68425,0.52953,-14.324,-64.271,-57.196,-31.928,-30.448,-19.615
-18.56,-6.2707,-1.3415,14.862,-1.8539,-1.0209,-14.879,-65.705,-58.971,-33.786,-31.678,-20.029
-19.919,-8.3007,-1.7449,16.58,-2.4075,-2.3713,-16.344,-67.002,-60.471,-35.362,-32.589,-21.022
-19.907,-10.386,-2.3743,17.908,-2.1412,-3.6526,-18.54,-68.17,-61.782,-36.743,-33.316,-22.413
-18.529,-12.543,-3.3952,18.844,-0.98988,-4.9524,-21.054,-69.205,-62.958,-37.982,-34.016,-23.968
-16.12,-14.699,-4.834,19.432,0.9101,-6.3013,-23.345,-70.09,-64.008,-39.094,-34.799,-25.481
-13.363,-16.755,-6.5842,19.815,3.2155,-7.6898,-24.898,-70.811,-64.918,-40.073,-35.679,-26.836
-11.109,-18.669,-8.4537,20.221,5.4534,-9.1064,-25.377,-71.369,-65.679,-40.928,-36.582,-28.028
-10.092,-20.488,-10.24,20.875,7.1655,-10.57,-24.726,-71.796,-66.318,-41.701,-37.41,-29.149
-10.687,-22.299,-11.804,21.905,8.0572,-12.137,-23.178,-72.152,-66.896,-42.464,-38.125,-30.314
-12.785,-24.177,-13.13,23.276,8.0843,-13.883,-21.16,-72.509,-67.498,-43.299,-38.778,-31.551
-15.825,-26.138,-14.329,24.802,7.4629,-15.875,-19.156,-72.93,-68.201,-44.269,-39.462,-32.729
-18.981,-28.119,-15.588,26.201,6.605,-18.115,-17.565,-73.448,-69.042,-45.389,-40.248,-33.583
-21.392,-29.978,-17.028,27.189,5.9809,-20.478,-16.605,-74.057,-70.003,-46.622,-41.135,-33.817
-22.383,-31.543,-18.614,27.56,5.9714,-22.702,-16.319,-74.71,-71.011,-47.887,-42.043,-33.208
-21.594,-32.691,-20.26,27.254,6.7974,-24.522,-16.657,-75.334,-71.959,-49.075,-42.844,-31.712
-19.008,-33.422,-22.002,26.363,8.5847,-25.851,-17.604,-75.864,-72.749,-50.091,-43.407,-29.513
-14.842,-33.861,-24.041,25.083,11.475,-26.841,-19.201,-76.262,-73.32,-50.882,-43.659,-26.992
-9.4562,-34.207,-26.651,23.648,15.55,-27.76,-21.468,-76.528,-73.665,-51.449,-43.621,-24.61
-3.4289,-34.663,-30.002,22.287,20.591,-28.832,-24.311,-76.686,-73.802,-51.838,-43.407,-22.757
2.4119,-35.394,-33.902,21.209,25.965,-30.135,-27.445,-76.759,-73.742,-52.109,-43.177,-21.627
7.2166,-36.503,-37.734,20.581,30.764,-31.706,-30.4,-76.742,-73.453,-52.303,-43.076,-21.171
10.264,-37.995,-40.707,20.511,34.03,-33.595,-32.695,-76.584,-72.828,-52.404,-43.157,-21.135
10.928,-39.707,-42.165,21.029,34.958,-35.633,-34.052,-76.211,-71.702,-52.316,-43.341,-21.175
8.8171,-41.309,-41.823,22.103,33.135,-37.309,-34.434,-75.572,-69.881,-51.862,-43.434,-21.011
4.014,-42.439,-39.736,23.643,28.727,-38.019,-33.995,-74.692,-67.215,-50.819,-43.199,-20.543
-2.8031,-42.913,-36.231,25.507,22.501,-37.503,-33.301,-73.706,-63.695,-48.964,-42.443,-19.857
-10.42,-42.809,-32.013,27.507,15.687,-36.07,-33.172,-72.85,-59.63,-46.132,-41.065,-19.136
-17.441,-42.386,-28.014,29.461,9.6595,-34.37,-34.076,-72.42,-55.949,-42.381,-39.06,-18.536
-22.776,-41.983,-25.063,31.229,5.5576,-33.193,-36.461,-72.714,-54.557,-38.73,-36.565,-18.098
-25.874,-42.376,-24.09,32.702,4.0318,-34.197,-40.975,-73.979,-57.14,-40.46,-34.283,-17.75
-26.703,-46.962,-27.075,33.808,5.2046,-41.534,-47.526,-76.397,-59.032,-58.439,-35.504,-17.495
-25.648,-60.662,-37.525,34.913,8.6139,-55.109,-55.228,-79.884,-50.742,-69.456,-47.192,-18.111
-23.35,-73.699,-54.145,37.967,13.017,-65.556,-63.164,-81.787,-33.642,-61.141,-57.402,-24.631
-20.478,-78.548,-64.922,45.026,16.53,-70.887,-71.257,-70.712,-12.27,-44.992,-53.114,-45.008
-17.545,-75.728,-65.919,48.93,17.516,-69.464,-81.388,-61.885,14.071,-21.874,-40.917,-51.666
-14.888,-64.101,-56.983,44.163,15.275,-59.153,-88.94,-64.053,48.634,9.2474,-21.998,-45.143
-12.787,-42.921,-37.647,33.079,9.8965,-39.06,-85.605,-77.085,90.666,49.538,4.1956,-32.001
-11.138,-12.879,-9.101,17.239,1.9022,-9.8319,-76.665,-100.51,134.92,99.767,38.36,-11.27
-8.9042,24.17,26.498,-2.4053,-8.5173,26.435,-68.232,-133.92,181.24,159.15,80.651,17.759
-4.8225,66.233,66.584,-25.155,-22.112,67.217,-64.364,-179,227.66,225.32,130.33,54.706
1.4621,112.14,108.18,-51.107,-38.548,110.69,-68.504,-241.27,272.28,296.61,187.38,99.226
9.4468,161.48,149.23,-80.875,-55.079,155.96,-83.939,-330.23,308.95,372.63,253.91,152.06
18.497,213.39,188.79,-114,-69.46,202.45,-112.55,-454.94,327.22,451.51,330.77,213.64
28.551,266.38,226.69,-148.65,-81.023,248.97,-152.68,-616.71,314.95,526.88,413.22,281.62
42.263,319.61,263.16,-183.72,-90.147,294.23,-198.73,-816.86,262.29,589.68,494.23,351.86
64.11,372.01,297.88,-218.19,-97.747,337.64,-243.89,-1057.3,165.49,633.7,567.81,420.12
81.96,420.42,330.13,-249.51,-104.81,377.68,-283.52,-1328.9,29.268,656.71,628.24,480.99
92.967,459.38,358.23,-273.82,-112.14,410.54,-314.78,-1614.3,-133.51,658.59,669.12,527.12
95.554,482,378.56,-286.63,-120.12,431.03,-336.7,-1891.3,-306.12,638.84,682.96,550.54
87.349,481.6,386.48,-283.06,-128.56,433.84,-350.98,-2138.7,-474.04,594.92,661.67,544.18
66.015,452.41,378.39,-258.58,-137.28,414.65,-360.71,-2340,-628.74,521.73,597.78,502.87
30.045,391.66,353.08,-210.34,-146.66,371.55,-369.08,-2486.9,-769,413.12,486.96,425.03
-20.045,301.24,312.48,-139.04,-157.15,306.35,-378.78,-2579.3,-900.57,264.86,330.75,314.29
-82.551,188.32,261.79,-49.865,-168.03,224.98,-391.49,-2623.3,-1031.8,78.202,138.41,179.75
-153.5,64.534,208.14,48.289,-178.72,136.58,-407.79,-2628.1,-1167.3,-137.85,-73.495,34.688
-223.69,-56.301,158.18,144.51,-188.56,51.439,-427.2,-2602.2,-1304.4,-366.17,-283.31,-105.84
-284.68,-161.2,115.84,228.25,-195.12,-21.83,-448.14,-2550.6,-1431,-583.9,-469.14,-227.99
-329.29,-241.17,81.735,291.33,-195.3,-78.128,-468.87,-2473.8,-1529.3,-766.92,-613.09,-321.74
-352.49,-292.77,54.077,329.5,-187.18,-116.61,-488.57,-2370.1,-1581.7,-895.72,-704.59,-382.33
-353.08,-317.78,30.276,343.12,-170.8,-139.77,-506.29,-2239.1,-1578.1,-960.76,-741.71,-411.05
-334.18,-321.45,8.0946,336.27,-147.57,-151.57,-519.99,-2083.6,-1519.9,-965.07,-731.18,-413.96
-301.74,-310.09,-13.621,314.85,-119.89,-155.64,-526.95,-1910,-1418.9,-922.06,-686.27,-398.59
-262.04,-289.47,-34.29,284.74,-90.744,-154.54,-523.84,-1724.7,-1291.2,-849.78,-622.24,-371.79
-220.07,-263.64,-51.457,250.43,-62.62,-149.76,-507.35,-1532.3,-1150.5,-764.2,-551.56,-338.97
-178.83,-235.3,-60.533,214.98,-36.719,-142.15,-476.62,-1335.7,-1005.5,-675.23,-481.54,-303.53
-139.22,-206.32,-57.096,179.96,-14.013,-132.1,-433.81,-1138.3,-860.49,-586.99,-414.53,-266.97
-101.54,-177.79,-50.847,146.03,3.7245,-119.94,-382.54,-945.22,-719.02,-500.16,-350.53,-230.91
-71.349,-152,-47.993,116.29,15.568,-107.99,-326.53,-763.43,-586.24,-416.01,-291.45,-198.66
-51.157,-131.42,-46.123,93.573,21.936,-98.367,-269.61,-600.27,-467.98,-340.57,-241.4,-172.92
-37.067,-114.67,-43.799,76.171,22.18,-90.06,-215.75,-461.41,-367.68,-277.9,-199.08,-152.92
-27.096,-99.757,-40.894,62.659,17.152,-82.036,-167.85,-349.25,-286.53,-226.17,-162.13,-136.76
-20.677,-86.176,-37.714,52.599,14.524,-74.038,-126.38,-262.53,-224.01,-184.32,-131.09,-123.42
-16.859,-74.365,-34.58,45.649,14.562,-66.16,-92.061,-197.29,-177.55,-152.09,-107.39,-112.21
-13.005,-64.59,-31.693,41.2,14.78,-58.528,-66.778,-148.49,-143.32,-128.25,-91.373,-101.98
-9.5579,-56.434,-29.159,37.737,14.604,-51.116,-49.249,-111.25,-117.45,-110.85,-81.533,-91.291
-8.388,-49.144,-27.025,32.724,14.152,-43.804,-36.884,-81.808,-96.945,-97.79,-75.117,-79.106
-8.024,-42.334,-25.283,26.997,13.611,-36.785,-27.907,-57.634,-80.072,-87.175,-68.675,-65.337
-7.8093,-36.459,-23.876,22.859,13.124,-30.959,-21.226,-37.304,-66.306,-77.281,-57.956,-52.281
-7.3443,-31.86,-22.744,19.976,12.828,-27.045,-16.16,-21.206,-58.891,-67.412,-47.728,-42.522
-6.3182,-28.255,-21.874,17.632,12.85,-24.599,-13.108,-20.49,-59.953,-60.033,-42.175,-35.927
-4.605,-25.384,-21.314,15.457,13.276,-22.963,-12.13,-24.089,-57.694,-55.292,-38.67,-31.82
-2.2884,-23.147,-21.135,13.346,14.119,-21.874,-9.719,-18.488,-53.776,-52.069,-36.222,-29.641
0.38506,-21.491,-21.376,11.351,15.309,-21.271,-6.3738,-10.308,-50.238,-49.898,-34.789,-28.635
3.0793,-20.347,-22.004,9.5882,16.701,-21.098,-3.12,-2.4473,-47.413,-48.546,-34.311,-27.993
5.4475,-19.615,-22.897,8.1868,18.112,-21.227,-0.4882,4.4963,-45.148,-47.782,-34.49,-27.176
7.2214,-19.18,-23.87,7.2353,19.375,-21.475,1.3104,10.635,-43.183,-47.328,-34.867,-25.969
8.2998,-18.928,-24.764,6.7449,20.4,-21.672,2.3065,16.221,-41.284,-46.889,-34.992,-24.387
8.7883,-18.766,-25.517,6.6345,21.205,-21.722,2.7127,21.409,-39.314,-46.228,-34.591,-22.639
8.9513,-18.63,-26.166,6.7538,21.886,-21.619,2.8569,26.205,-37.245,-45.23,-33.639,-21.038
9.0874,-18.499,-26.779,6.9368,22.541,-21.417,3.0992,30.5,-35.135,-43.932,-32.321,-19.828
9.3864,-18.391,-27.36,7.0643,23.188,-21.2,3.7188,34.144,-33.097,-42.494,-30.927,-19.108
9.8242,-18.35,-27.813,7.1017,23.713,-21.061,4.8016,37.017,-31.248,-41.122,-29.745,-18.85
10.145,-18.425,-27.979,7.0973,23.883,-21.073,6.2151,39.081,-29.67,-39.995,-28.985,-18.943
9.9576,-18.628,-27.728,7.148,23.44,-21.25,7.6941,40.415,-28.375,-39.206,-28.732,-19.236
8.9288,-18.901,-27.025,7.3485,22.23,-21.516,8.9639,41.23,-27.29,-38.736,-28.89,-19.58
6.9577,-19.129,-25.931,7.7444,20.275,-21.726,9.8329,41.829,-26.266,-38.444,-29.168,-19.871
4.2346,-19.194,-24.552,8.3067,17.764,-21.721,10.245,42.529,-25.128,-38.092,-29.179,-20.08
1.1985,-19.057,-23.028,8.9423,15.044,-21.426,10.296,43.575,-23.727,-37.417,-28.616,-20.251
-1.5454,-18.779,-21.576,9.532,12.624,-20.894,10.201,45.09,-21.978,-36.227,-27.389,-20.461
-3.3444,-18.47,-20.484,9.9696,11.09,-20.26,10.214,47.081,-19.861,-34.462,-25.644,-20.766
-3.6276,-18.198,-20.05,10.165,10.962,-19.658,10.502,49.471,-17.4,-32.197,-23.662,-21.163
-2.0379,-17.93,-20.519,10.027,12.54,-19.151,11.053,52.138,-14.635,-29.586,-21.713,-21.591
1.3666,-17.549,-21.948,9.4873,15.745,-18.702,11.697,54.95,-11.606,-26.784,-19.922,-21.927
5.9546,-16.927,-24.006,8.5721,19.971,-18.188,12.171,57.784,-8.3498,-23.885,-18.232,-21.995
10.609,-15.998,-25.946,7.4506,24.081,-17.464,12.197,60.523,-4.9234,-20.918,-16.475,-21.593
14.039,-14.791,-26.922,6.4081,26.727,-16.437,11.604,63.045,-1.424,-17.882,-14.496,-20.574
15.148,-13.403,-26.344,5.7433,26.881,-15.085,10.51,65.23,2.0048,-14.79,-12.254,-18.892
13.353,-11.946,-23.961,5.6506,24.18,-13.447,9.4221,66.99,5.2079,-11.688,-9.8398,-16.607
8.7402,-10.504,-19.865,6.1399,18.922,-11.594,9.0933,68.298,8.0758,-8.6491,-7.426,-13.848
2.0517,-9.1163,-14.521,7.0261,11.882,-9.6264,10.181,69.208,10.589,-5.7488,-5.1811,-10.787
-5.4179,-7.7888,-8.6999,7.9871,4.2035,-7.6602,12.946,69.84,12.829,-3.0297,-3.1961,-7.617
-12.075,-6.4948,-3.2703,8.666,-2.7429,-5.8042,17.149,70.364,14.958,-0.46896,-1.4496,-4.5368
-16.529,-5.1839,1.0211,8.771,-7.751,-4.1401,22.12,70.97,17.172,2.0337,0.18731,-1.7189
-18.01,-3.8024,3.6681,8.1215,-10.117,-2.7185,26.95,71.819,19.669,4.6386,1.9152,0.73544
-16.382,-2.3317,4.4613,6.6566,-9.6944,-1.5757,30.763,73.004,22.604,7.519,3.9413,2.8227
-12.031,-0.81952,3.5182,4.4641,-6.773,-0.7464,32.966,74.515,26.05,10.792,6.3885,4.6316
-5.7634,0.62292,1.2749,1.7988,-2.0095,-0.2507,33.386,76.246,29.972,14.459,9.2135,6.3055
1.3048,1.859,-1.643,-0.96218,3.5898,-0.076675,32.25,78.022,34.2,18.375,12.197,7.9824
7.949,2.7791,-4.6318,-3.4167,8.9229,-0.1832,30.045,79.654,38.447,22.286,15.045,9.7286
13.115,3.3402,-7.2421,-5.2468,13.154,-0.50391,27.338,80.99,42.384,25.914,17.546,11.491
16.17,3.5772,-9.1836,-6.2996,15.842,-0.9341,24.569,81.943,45.754,29.067,19.631,13.095
17.031,3.5926,-10.273,-6.6109,16.863,-1.3258,21.904,82.518,48.474,31.715,21.345,14.289
16.081,3.5341,-10.413,-6.3714,16.312,-1.5183,19.262,82.795,50.66,33.982,22.774,14.854
13.931,3.5526,-9.6415,-5.8521,14.508,-1.3966,16.472,82.912,52.563,36.08,24,14.709
11.277,3.7436,-8.1851,-5.3139,12.003,-0.94221,13.423,83.015,54.459,38.197,25.082,13.966
8.7988,4.1038,-6.4027,-4.932,9.4268,-0.24912,10.146,83.22,56.56,40.434,26.075,12.861
6.9809,4.53,-4.6888,-4.7496,7.2906,0.50596,6.8347,83.59,58.979,42.791,27.064,11.617
5.9505,4.8665,-3.3795,-4.6784,5.8889,1.1311,3.7635,84.146,61.734,45.215,28.183,10.343
5.4953,4.9765,-2.6701,-4.5544,5.2526,1.4971,1.1793,84.882,64.791,47.653,29.574,9.0321
5.2137,4.8033,-2.5645,-4.2215,5.1637,1.5855,-0.78035,85.791,68.092,50.076,31.297,7.6178
4.711,4.3958,-2.8772,-3.6065,5.2614,1.4855,-2.1131,86.854,71.562,52.472,33.274,6.0838
3.7729,3.8929,-3.3049,-2.7626,5.202,1.3446,-2.9431,88.036,75.098,54.806,35.306,4.5653
2.4444,3.4762,-3.552,-1.8659,4.7906,1.3086,-3.4803,89.276,78.574,57.022,37.172,3.3797
0.9826,3.3088,-3.4429,-1.1558,4.031,1.4753,-3.9489,90.497,81.864,59.056,38.734,2.9539
-0.27043,3.4833,-2.9572,-0.8396,3.0797,1.8759,-4.502,91.626,84.864,60.863,39.979,3.6842
-1.0172,3.9986,-2.1926,-1.0161,2.1487,2.4783,-5.1597,92.604,87.507,62.435,41.003,5.8046
-1.0829,4.7728,-1.3063,-1.6649,1.4266,3.2001,-5.808,93.398,89.762,63.792,41.947,9.3105
-0.41556,5.682,-0.4695,-2.6907,1.0493,3.9272,-6.2652,94.003,91.636,64.975,42.939,13.944
0.95884,6.6029,0.16251,-3.9706,1.109,4.5396,-6.3748,94.442,93.173,66.031,44.05,19.243
2.9575,7.434,0.4663,-5.3645,1.6665,4.9414,-6.0811,94.763,94.456,67.006,45.29,24.633
5.408,8.0948,0.35518,-6.7141,2.7348,5.0804,-5.461,95.032,95.592,67.938,46.61,29.543
8.0225,8.52,-0.21461,-7.8628,4.2359,4.9399,-4.7066,95.303,96.673,68.834,47.929,33.517
10.429,8.6487,-1.2256,-8.667,5.9737,4.5127,-4.0634,95.591,97.736,69.669,49.158,36.326
12.204,8.4103,-2.5823,-8.9738,7.6576,3.7914,-3.7425,95.861,98.755,70.404,50.243,38.02
12.907,7.7409,-4.1207,-8.628,8.9759,2.7925,-3.8433,96.054,99.671,71.013,51.191,38.849
12.203,6.6381,-5.6523,-7.555,9.687,1.5918,-4.3251,96.115,100.44,71.508,52.055,39.086
10.066,5.2069,-7.0164,-5.8522,9.7028,0.33149,-5.0458,96.021,101.03,71.945,52.885,38.885
6.9072,3.6495,-8.1171,-3.7989,9.1376,-0.82196,-5.8338,95.782,101.46,72.396,53.683,38.266
3.5058,2.2048,-8.9526,-1.7868,8.3088,-1.7431,-6.541,95.424,101.75,72.91,54.395,37.191
0.78755,1.0816,-9.6412,-0.21978,7.6774,-2.3892,-7.0474,94.968,101.91,73.485,54.954,35.634
-0.43765,0.41844,-10.395,0.58063,7.726,-2.7919,-7.2358,94.412,101.94,74.061,55.324,33.548
0.33608,0.27606,-11.424,0.43837,8.812,-3.0073,-6.9749,93.731,101.84,74.557,55.521,30.865
3.2391,0.64967,-12.801,-0.67051,11.045,-3.0619,-6.1296,92.89,101.6,74.906,55.592,27.701
7.997,1.4856,-14.382,-2.6406,14.212,-2.9274,-4.6101,91.859,101.22,75.084,55.578,24.598
13.892,2.7005,-15.797,-5.2426,17.77,-2.5333,-2.4433,90.627,100.71,75.111,55.49,22.445
19.827,4.1993,-16.566,-8.1244,20.922,-1.7944,0.19371,89.21,100.11,75.038,55.307,22.108
24.584,5.8819,-16.261,-10.859,22.818,-0.65114,3.0256,87.631,99.431,74.918,55.005,24.059
27.229,7.633,-14.675,-13.049,22.832,0.8853,5.7412,85.909,98.682,74.785,54.58,28.207
27.383,9.3086,-11.902,-14.416,20.789,2.7071,7.9969,84.047,97.857,74.641,54.057,33.925
25.138,10.734,-8.3123,-14.805,16.996,4.6229,9.4156,82.032,96.933,74.453,53.481,40.218
20.838,11.729,-4.4265,-14.158,12.082,6.4055,9.645,79.851,95.886,74.171,52.906,45.952
15.042,12.167,-0.77154,-12.535,6.7925,7.8557,8.4361,77.508,94.7,73.748,52.388,50.172
8.5783,12.034,2.2391,-10.168,1.8269,8.8619,5.6965,75.037,93.388,73.166,51.984,52.386
2.4099,11.447,4.3662,-7.4497,-2.2715,9.4317,1.5768,72.508,91.994,72.451,51.732,52.579
-2.6653,10.614,5.5628,-4.8223,-5.1771,9.6783,-3.4139,70.003,90.588,71.666,51.649,50.974
-6.1671,9.7713,5.9685,-2.6667,-6.7696,9.7662,-8.4136,67.581,89.221,70.884,51.709,47.839
-7.8619,9.1211,5.8704,-1.2492,-7.0765,9.8493,-12.399,65.224,87.883,70.148,51.833,43.576
-7.6937,8.795,5.6232,-0.70443,-6.2675,10.042,-14.456,62.827,86.478,69.443,51.889,38.896
-5.8632,8.8443,5.5642,-1.0141,-4.6838,10.421,-14.036,60.229,84.851,68.695,51.739,34.669
-2.9337,9.2456,5.9516,-1.9905,-2.8248,11.018,-11.145,57.273,82.832,67.802,51.304,31.637
0.21909,9.9177,6.8819,-3.3022,-1.3299,11.803,-6.3891,53.849,80.288,66.668,50.578,30.301
2.6194,10.745,8.2503,-4.5535,-0.89625,12.701,-0.79854,49.919,77.14,65.242,49.612,30.827
3.4196,11.601,9.8649,-5.3894,-2.0166,13.651,4.4919,45.524,73.389,63.532,48.473,32.939
2.0849,12.36,11.628,-5.5743,-4.7382,14.633,8.5577,40.778,69.122,61.597,47.234,35.982
-1.4337,12.905,13.573,-5.0179,-8.7209,15.632,10.931,35.837,64.49,59.511,45.951,39.14
-6.6467,13.142,15.699,-3.7706,-13.409,16.572,11.652,30.859,59.648,57.32,44.64,41.656
-12.668,13.014,17.798,-2.0075,-18.137,17.31,11.078,25.977,54.71,55.024,43.234,43.015
-18.427,12.514,19.513,0.0078976,-22.244,17.688,9.6653,21.29,49.723,52.58,41.577,43.065
-22.918,11.682,20.527,1.9835,-25.168,17.594,7.7838,16.856,44.691,49.92,39.459,41.994
-25.394,10.6,20.662,3.644,-26.454,16.994,5.5649,12.673,39.589,46.959,36.684,40.162
-25.314,9.372,19.854,4.7622,-25.751,15.932,2.9239,8.673,34.39,43.615,33.174,37.903
-22.305,8.1132,18.143,5.2195,-22.875,14.509,-0.20434,4.7307,29.069,39.838,29.044,35.466
-16.696,6.909,15.735,5.0954,-18.053,12.869,-3.64,0.70375,23.613,35.643,24.611,33.039
-9.9379,5.7819,13.033,4.7211,-12.328,11.185,-6.9182,-3.5181,18.018,31.124,20.26,30.783
-4.1268,4.6862,10.528,4.5982,-7.416,9.6349,-9.4207,-7.9679,12.291,26.437,16.248,28.843
-1.2465,3.5435,8.6926,5.2137,-4.8729,8.3764,-10.605,-12.586,6.4592,21.745,12.578,27.343
-2.5189,2.2961,7.92,6.8556,-5.5242,7.523,-10.212,-17.233,0.57553,17.179,9.038,26.36
-8.0461,0.94909,8.4145,9.5031,-9.4193,7.1192,-8.3503,-21.73,-5.2733,12.824,5.3739,25.901
-16.761,-0.41999,10.07,12.826,-15.756,7.1182,-5.4514,-25.901,-10.966,8.7263,1.4532,25.903
-26.677,-1.6853,12.406,16.279,-22.941,7.3794,-2.1455,-29.623,-16.365,4.9086,-2.662,26.245
-35.491,-2.7154,14.684,19.251,-29.129,7.7061,0.8829,-32.848,-21.345,1.3759,-6.7469,26.76
-41.452,-3.4116,16.18,21.247,-33.004,7.9146,3.0265,-35.593,-25.818,-1.8774,-10.516,27.255
-43.84,-3.7304,16.462,22.02,-34.158,7.8965,3.8519,-37.906,-29.752,-4.8588,-13.734,27.553
-42.877,-3.6899,15.507,21.624,-32.89,7.6441,3.1916,-39.847,-33.167,-7.5729,-16.288,27.551
-39.444,-3.3555,13.64,20.355,-29.865,7.235,1.2614,-41.483,-36.124,-10.018,-18.206,27.249
-34.689,-2.8105,11.401,18.608,-25.9,6.7924,-1.3182,-42.876,-38.705,-12.186,-19.616,26.734
-29.603,-2.1224,9.3739,16.713,-21.784,6.4411,-3.721,-44.086,-40.986,-14.069,-20.685,26.127
-24.815,-1.3203,7.973,14.843,-18.102,6.2657,-5.2543,-45.167,-43.027,-15.681,-21.548,25.499
-20.561,-0.39235,7.1832,12.992,-15.06,6.2804,-5.6212,-46.165,-44.868,-17.06,-22.267,24.805
-16.891,0.68483,6.5194,11.009,-12.366,6.4265,-4.9664,-47.117,-46.529,-18.262,-22.827,23.863
-13.743,1.8971,5.453,8.7034,-9.5666,6.6005,-3.738,-48.026,-48.009,-19.335,-23.179,22.401
-10.712,3.1628,3.8528,6.0524,-6.6042,6.698,-2.4882,-48.861,-49.289,-20.294,-23.295,20.156
-7.3692,4.3574,1.9253,3.3031,-3.6067,6.6447,-1.7303,-49.568,-50.346,-21.129,-23.214,16.996
-3.7571,5.3692,-0.087894,0.77961,-0.63855,6.4074,-1.8198,-50.107,-51.179,-21.824,-23.048,12.999
-0.20076,6.1438,-2.0388,-1.3302,2.2041,5.9959,-2.8032,-50.477,-51.814,-22.376,-22.924,8.4314
3.049,6.7019,-3.8367,-3.0196,4.8073,5.4646,-4.3237,-50.715,-52.303,-22.802,-22.915,3.628
5.9209,7.1286,-5.3998,-4.4026,7.0784,4.9082,-5.7026,-50.874,-52.694,-23.137,-23.007,-1.1306
8.4389,7.5262,-6.6527,-5.6166,8.9498,4.4405,-6.1895,-50.994,-53.007,-23.412,-23.124,-5.6638
10.603,7.9527,-7.5474,-6.7302,10.375,4.1531,-5.2484,-51.089,-53.223,-23.651,-23.18,-9.8727
12.319,8.3855,-8.0813,-7.699,11.33,4.075,-2.755,-51.141,-53.292,-23.869,-23.125,-13.694
13.405,8.7262,-8.3023,-8.3844,11.813,4.1558,0.94202,-51.116,-53.161,-24.082,-22.95,-17.064
13.669,8.841,-8.3109,-8.6203,11.854,4.278,5.1283,-50.979,-52.802,-24.306,-22.693,-19.909
13.022,8.618,-8.2561,-8.2929,11.529,4.296,8.9873,-50.719,-52.235,-24.563,-22.434,-22.147
11.553,8.0194,-8.2998,-7.4001,10.965,4.0914,11.902,-50.355,-51.515,-24.877,-22.288,-23.682
9.5333,7.1086,-8.5457,-6.0698,10.322,3.631,13.632,-49.928,-50.712,-25.26,-22.359,-24.388
7.3523,6.0465,-8.9768,-4.5386,9.735,3,14.293,-49.475,-49.872,-25.706,-22.686,-24.138
5.4022,5.0588,-9.4411,-3.0956,9.2642,2.3926,14.216,-48.991,-48.994,-26.175,-23.209,-22.881
3.9572,4.3753,-9.6956,-2.0013,8.8738,2.0573,13.803,-48.422,-48.021,-26.596,-23.792,-20.705
3.1029,4.1604,-9.4902,-1.4081,8.4539,2.2139,13.399,-47.665,-46.856,-26.877,-24.275,-17.83
2.7491,4.4633,-8.6578,-1.3241,7.8785,2.9804,13.181,-46.584,-45.397,-26.927,-24.529,-14.548
2.7009,5.2192,-7.1698,-1.6339,7.0717,4.3528,13.146,-45.036,-43.556,-26.67,-24.47,-11.15
2.7412,6.3015,-5.1328,-2.1611,6.0518,6.2594,13.246,-42.891,-41.285,-26.045,-24.044,-7.8912
2.6952,7.6118,-2.7073,-2.7394,4.9284,8.6988,13.525,-40.06,-38.572,-25.019,-23.213,-4.9696
2.4654,9.1945,0.032613,-3.2679,3.8324,11.941,14.123,-36.514,-35.447,-23.582,-21.944,-2.5311
2.0184,11.361,3.2397,-3.7369,2.7735,16.573,15.216,-32.296,-31.952,-21.731,-20.223,-0.66733
1.3173,14.732,7.4383,-4.2155,1.4848,22.907,16.949,-27.523,-28.135,-19.465,-18.054,0.60781
0.25547,19.957,13.491,-4.8051,-0.56117,30.346,19.38,-22.383,-24.047,-16.801,-15.474,1.4065
-1.3218,27.096,21.839,-5.5936,-3.8884,38.146,22.45,-17.128,-19.779,-13.806,-12.593,1.9752
-3.5079,35.525,31.862,-6.6458,-8.7209,46.248,26.001,-12.039,-15.487,-10.611,-9.5709,2.6044
-6.2215,44.665,42.661,-8.0262,-14.88,54.963,29.813,-7.38,-11.371,-7.3869,-6.515,3.4886
-9.1602,54.309,53.788,-9.8278,-21.853,64.377,33.627,-3.3447,-7.6186,-4.2858,-3.4455,4.6268
-11.843,64.331,64.909,-12.204,-28.926,74.14,37.162,-0.010103,-4.3277,-1.3891,-0.36769,5.8184
-13.732,74.504,75.488,-15.406,-35.303,83.672,40.146,2.6883,-1.464,1.3169,2.6833,6.763
-14.406,84.541,84.938,-19.821,-40.253,92.519,42.358,4.9347,1.1267,3.9278,5.6624,7.2222
-13.709,94.13,92.873,-25.89,-43.283,100.45,43.655,6.9661,3.6518,6.5725,8.5544,7.1601
-11.799,102.88,99.133,-33.663,-44.287,107.31,43.977,8.9858,6.2833,9.3524,11.381,6.7854
-9.0327,110.4,103.68,-42.187,-43.513,112.95,43.317,11.096,9.0901,12.295,14.175,6.4776
-5.782,116.58,106.56,-50.013,-41.417,117.41,41.692,13.268,12.012,15.337,16.95,6.6499
-2.268,121.8,107.89,-56.491,-38.504,121.04,39.129,15.353,14.882,18.339,19.693,7.6187
1.5172,126.71,107.94,-61.93,-35.179,124.26,35.692,17.12,17.476,21.126,22.357,9.5222
5.7691,131.81,107.09,-67.002,-31.644,127.33,31.526,18.295,19.573,23.527,24.843,12.301
10.721,137.22,105.75,-72.278,-27.894,130.22,26.895,18.606,21.003,25.399,26.988,15.728
16.461,142.68,104.24,-77.947,-23.874,132.8,22.185,17.84,21.676,26.639,28.615,19.473
22.777,147.78,102.73,-83.722,-19.76,134.97,17.827,15.913,21.605,27.217,29.618,23.186
29.053,152.18,101.33,-89.038,-16.016,136.71,14.019,12.925,20.914,27.203,30.036,26.586
34.355,155.72,100.16,-93.363,-13.111,138.07,10.483,9.1538,19.807,26.781,30.088,29.499
37.784,158.28,99.21,-96.364,-11.301,139.05,6.7949,4.9727,18.502,26.193,30.12,31.855
38.868,159.77,98.376,-97.874,-10.604,139.56,2.8699,0.75418,17.165,25.675,30.455,33.648
37.75,160.15,97.414,-97.881,-10.802,139.45,-1.3589,-3.2047,15.884,25.377,31.223,34.877
35.113,159.53,96.022,-96.62,-11.472,138.63,-6.1352,-6.7068,14.683,25.339,32.299,35.507
31.937,158.16,93.942,-94.637,-12.106,137.09,-11.652,-9.6503,13.543,25.489,33.404,35.462
29.215,156.34,91.054,-92.679,-12.273,134.88,-18.076,-12.021,12.42,25.674,34.26,34.672
27.689,154.27,87.429,-91.425,-11.736,132.04,-25.314,-13.893,11.243,25.698,34.683,33.11
27.716,152.07,83.294,-91.195,-10.481,128.64,-32.641,-15.424,9.9046,25.365,34.589,30.816
29.254,149.8,78.932,-91.813,-8.6731,124.91,-38.76,-16.844,8.2621,24.509,33.969,27.867
31.857,147.36,74.557,-92.658,-6.5919,121.08,-42.314,-18.41,6.1677,23.033,32.872,24.333
34.697,144.34,70.217,-92.837,-4.5629,117.11,-42.471,-20.339,3.5138,20.925,31.375,20.261
36.764,140.15,65.778,-91.396,-2.8951,112.72,-39.218,-22.745,0.27463,18.247,29.526,15.705
37.164,134.22,61.02,-87.522,-1.8207,107.55,-33.352,-25.605,-3.4814,15.107,27.289,10.798
35.391,126.1,55.747,-80.714,-1.4526,101.29,-26.247,-28.785,-7.6183,11.61,24.55,5.7736
31.474,115.57,49.887,-71.035,-1.7754,93.814,-19.46,-32.103,-11.982,7.8177,21.185,0.9188
25.891,102.84,43.564,-59.36,-2.6705,85.18,-14.264,-35.399,-16.439,3.759,17.161,-3.5345
19.329,88.575,37.151,-47.075,-3.9603,75.707,-11.265,-38.551,-20.885,-0.52962,12.602,-7.4957
12.492,73.743,31.181,-35.365,-5.4503,65.933,-10.241,-41.479,-25.24,-4.9636,7.8012,-11.03
6.0156,59.321,26.073,-24.947,-6.9468,56.442,-10.425,-44.139,-29.45,-9.4175,3.1123,-14.288
0.38924,46.065,21.891,-16.249,-8.2506,47.608,-11.083,-46.532,-33.491,-13.772,-1.2139,-17.408
-4.1099,34.426,18.38,-9.4978,-9.1634,39.5,-11.66,-48.696,-37.373,-17.961,-5.1509,-20.441
-7.4196,24.601,15.183,-4.648,-9.5212,31.995,-11.755,-50.7,-41.124,-21.986,-8.882,-23.35
-9.6206,16.732,12.044,-1.3714,-9.2369,25.035,-11.302,-52.619,-44.76,-25.887,-12.652,-26.051
-10.859,11.025,8.897,0.83081,-8.324,18.839,-10.532,-54.513,-48.27,-29.701,-16.58,-28.477
-11.31,7.3062,5.8022,2.4318,-6.8909,13.768,-9.7369,-56.422,-51.62,-33.437,-20.563,-30.619
-11.151,4.7996,2.8445,3.7206,-5.1087,9.8411,-9.1045,-58.369,-54.771,-37.068,-24.331,-32.522
-10.529,2.8169,0.067479,4.7983,-3.1526,6.731,-8.6778,-60.362,-57.693,-40.536,-27.593,-34.24
-9.5162,1.0494,-2.5451,5.6701,-1.1312,4.122,-8.3996,-62.392,-60.37,-43.763,-30.169,-35.783
-8.1049,-0.62305,-5.0715,6.3216,0.95953,1.812,-8.1827,-64.426,-62.789,-46.66,-32.057,-37.082
-6.2411,-2.2781,-7.6308,6.751,3.2109,-0.34498,-7.9717,-66.403,-64.934,-49.153,-33.424,-37.995
-3.9091,-3.9925,-10.332,6.9787,5.7147,-2.4667,-7.7817,-68.25,-66.793,-51.214,-34.536,-38.357
-1.2141,-5.8361,-13.215,7.0593,8.4697,-4.6336,-7.7015,-69.9,-68.368,-52.878,-35.656,-38.065
1.5743,-7.8482,-16.225,7.0959,11.326,-6.8721,-7.8571,-71.315,-69.681,-54.238,-36.939,-37.158
4.0391,-10.02,-19.206,7.2405,13.993,-9.1473,-8.3548,-72.489,-70.778,-55.414,-38.38,-35.837
5.7046,-12.302,-21.95,7.6706,16.127,-11.371,-9.2368,-73.445,-71.711,-56.517,-39.835,-34.411
6.1799,-14.633,-24.253,8.5389,17.453,-13.429,-10.467,-74.216,-72.523,-57.603,-41.112,-33.213
5.3094,-16.956,-26,9.9082,17.872,-15.23,-11.945,-74.83,-73.236,-58.664,-42.057,-32.521
3.2612,-19.214,-27.216,11.706,17.498,-16.75,-13.543,-75.315,-73.858,-59.638,-42.627,-32.513
0.49896,-21.339,-28.07,13.73,16.641,-18.046,-15.13,-75.704,-74.392,-60.45,-42.896,-33.227
-2.3593,-23.26,-28.782,15.715,15.701,-19.213,-16.589,-76.041,-74.85,-61.05,-43.025,-34.538
-4.7391,-24.924,-29.52,17.41,15.029,-20.326,-17.826,-76.373,-75.257,-61.437,-43.199,-36.186
-6.2835,-26.3,-30.34,18.654,14.805,-21.415,-18.765,-76.746,-75.655,-61.669,-43.562,-37.855
-6.9292,-27.391,-31.19,19.396,15,-22.468,-19.358,-77.2,-76.097,-61.853,-44.167,-39.276
-6.8644,-28.251,-31.961,19.691,15.423,-23.472,-19.588,-77.755,-76.634,-62.12,-44.959,-40.293
-6.4091,-28.996,-32.543,19.678,15.817,-24.432,-19.48,-78.401,-77.299,-62.581,-45.802,-40.843
-5.8752,-29.771,-32.85,19.535,15.962,-25.349,-19.087,-79.087,-78.069,-63.283,-46.531,-40.896
-5.4496,-30.693,-32.848,19.42,15.76,-26.2,-18.476,-79.718,-78.848,-64.169,-47.04,-40.428
-5.122,-31.775,-32.601,19.415,15.318,-26.937,-17.715,-80.176,-79.472,-65.089,-47.325,-39.475
-4.6856,-32.917,-32.325,19.484,14.959,-27.543,-16.893,-80.352,-79.755,-65.859,-47.481,-38.215
-3.841,-33.964,-32.331,19.496,15.097,-28.085,-16.154,-80.179,-79.534,-66.339,-47.648,-36.971
-2.3843,-34.8,-32.883,19.334,16.019,-28.68,-15.71,-79.645,-78.701,-66.458,-47.944,-36.094
-0.39971,-35.381,-34.046,19.007,17.715,-29.391,-15.779,-78.807,-77.198,-66.189,-48.407,-35.781
1.6628,-35.717,-35.63,18.685,19.848,-30.146,-16.469,-77.798,-75.034,-65.487,-48.969,-35.938
3.1165,-35.815,-37.268,18.62,21.873,-30.726,-17.677,-76.827,-72.321,-64.253,-49.455,-36.189
3.3233,-35.617,-38.572,19.024,23.242,-30.832,-19.053,-76.172,-69.336,-62.365,-49.621,-36.01
1.9604,-34.979,-39.319,19.941,23.574,-30.247,-20.081,-76.116,-66.609,-59.87,-49.209,-34.909
-0.84838,-33.804,-39.695,21.175,22.753,-29.31,-20.265,-76.861,-64.997,-57.641,-48.044,-32.549
-4.5499,-32.662,-40.79,22.308,21.007,-30.612,-19.356,-78.497,-65.222,-59.422,-46.319,-28.8
-8.3111,-34.43,-45.877,22.84,19.052,-42.546,-17.508,-80.967,-65.559,-71.245,-45.937,-23.886
-11.258,-45.835,-58.272,22.384,18.12,-59.869,-15.287,-83.716,-60.181,-78.63,-52.929,-19.352
-12.768,-63.471,-64.232,20.968,18.44,-65.355,-13.504,-82.647,-45.741,-71.481,-60.569,-20.851
-12.756,-68.621,-61.568,19.849,17.911,-63.645,-12.648,-69.638,-23.914,-57.031,-55.521,-26.624
-11.809,-62.915,-52.037,23.661,14.848,-54.323,-11.209,-60.991,6.1652,-36.268,-43.621,-21.976
-10.874,-48.144,-33.988,31.582,7.6083,-35.975,-8.3608,-62.312,47.495,-8.3795,-26.247,-11.957
-10.668,-24.048,-6.1056,26.444,-5.0456,-8.2947,-10.2,-74.337,91.666,27.766,-2.934,2.6837
-11.437,8.0828,30.508,13.307,-22.939,27.057,-17.236,-96.984,138.95,73.472,27.27,23.215
-13.168,45.219,72.657,-2.7794,-44.379,66.933,-27.647,-129.43,187.56,129.81,65.681,49.723
-15.365,84.399,115.96,-20.502,-66.714,108.22,-40.9,-172.46,232.5,197.09,113.58,82.037
-16.611,125.01,156.89,-40.599,-87.562,149.13,-57.871,-230.72,272.29,274.39,172.31,121.29
-15.483,168.72,194.42,-65.499,-105.1,189.53,-80.113,-313.02,297.86,358.75,243.06,168.96
-11.59,216.93,229.29,-96.79,-118.69,230.38,-108.08,-427.96,297.29,443.27,324.04,225.93
-4.1593,269.28,262.58,-133.13,-128.92,272.65,-140.73,-578.37,258.96,518.48,408.86,291.28
14.941,324.49,295.43,-171.98,-136.77,316.59,-176.82,-767.47,175.72,576.85,490.72,360.99
40.449,379.91,328.37,-210.74,-143.12,361.1,-214.66,-998.3,48.529,614.61,564.23,429.64
60.873,431.11,360.18,-246.33,-148.5,403.27,-251.37,-1263,-112.64,631.01,623.86,491.02
76.558,472.21,388.02,-274.3,-153.36,438.47,-283.86,-1544.4,-291.14,626.59,663.22,537.46
83.257,496.34,407.98,-289.46,-158.41,461.07,-310.14,-1820.2,-469.63,601.09,675.05,560.69
77.019,497.14,415.8,-287.06,-164.31,465.66,-329.89,-2068.4,-636.49,551.6,651.54,553.95
55.123,468.85,408.42,-262.85,-171.41,447.9,-344.43,-2272.2,-787.76,472.65,585.62,512.66
16.157,408.18,385.57,-213.54,-180.13,405.8,-356.61,-2422.7,-925.7,358.23,473.26,435.48
-39.255,316.5,349.81,-139.2,-191.03,341.14,-369.93,-2519.1,-1056.3,204.92,316.14,325.6
-110.86,200.98,305.51,-45.269,-204.01,259.74,-386,-2567.1,-1185.3,15.016,123.35,191.57
-193.22,73.814,257.65,57.912,-217.4,170.62,-403.59,-2575.9,-1314.6,-201.62,-88.958,46.506
-267.83,-50.256,210.64,157.43,-228.94,83.926,-420.76,-2554.4,-1438.9,-427.48,-299.43,-94.553
-327.53,-157.42,167.57,241.6,-236.7,8.401,-436.36,-2508.1,-1546.2,-639.64,-485.83,-217.73
-367.12,-238.44,130.02,302.77,-238.61,-50.678,-449.89,-2437.9,-1620,-814.49,-629.39,-312.6
-383.85,-290.3,98.142,337.98,-232.52,-92.196,-461.35,-2342,-1645.9,-933.49,-719.07,-374.11
-377.91,-315.41,70.886,348.46,-217.14,-118.31,-470.31,-2218.9,-1618.1,-988.61,-753.51,-403.37
-353.02,-319.14,46.529,338.56,-193.18,-132.59,-475.08,-2070.3,-1541.6,-984.44,-740.56,-406.12
-315.13,-307.49,23.313,314.09,-163.21,-138.62,-472.59,-1901.1,-1429.4,-935.43,-694.05,-389.83
-270.42,-286.06,0.32522,280.87,-130.7,-139.26,-459.71,-1717.8,-1296.6,-859.55,-629.03,-361.33
-224.21,-259.07,-21.381,243.61,-98.83,-136.27,-435.12,-1525.6,-1155.1,-772.23,-557.62,-326.04
-180.23,-229.14,-38.278,205.56,-69.9,-129.97,-399.29,-1328.6,-1012.1,-682.91,-487.35,-287.92
-141.02,-197.87,-44.372,168.95,-45.348,-116.93,-354.43,-1130.8,-871.18,-595.98,-421.67,-249.26
-109.11,-165.82,-36.949,136.53,-25.912,-100.78,-304.57,-937.89,-735.02,-513.17,-362.36,-211.29
-84.837,-138.2,-29.155,111.4,-11.062,-87.177,-254.2,-757,-606.82,-436.45,-310.93,-178.31
-65.531,-119.01,-26.222,92.501,0.49614,-77.561,-207.07,-595.26,-489.93,-368.1,-266.6,-153.69
-49.957,-104.47,-24.962,77.536,8.6475,-69.964,-165.41,-457.95,-387.27,-307.36,-226.36,-134.33
-39.149,-91.806,-23.481,65.743,9.2394,-62.568,-129.23,-347.05,-301.75,-252.85,-188.45,-117.6
-33.697,-80.355,-21.059,56.923,-0.73704,-54.843,-97.811,-261.15,-234.93,-205.87,-154.1,-102.83
-33.341,-70.299,-17.545,50.839,-6.9445,-46.79,-71.502,-196.36,-185.17,-168.43,-125.83,-90.339
-36.818,-61.642,-13.204,47.082,-10.204,-38.574,-50.277,-147.75,-148.6,-140.2,-104.68,-79.879
-38.5,-54.042,-8.6023,44.459,-13.302,-30.494,-33.317,-110.53,-121.07,-119.22,-89.833,-70.007
-37.314,-47.399,-4.3771,41.748,-16.356,-23.096,-19.629,-80.998,-99.405,-103.33,-79.204,-60.145
-37.636,-41.925,-1.0058,39.392,-18.966,-17.057,-8.5553,-56.73,-81.727,-90.656,-70.418,-53.403
-38.635,-37.377,1.3053,37.64,-20.798,-12.695,0.20835,-36.384,-67.413,-79.615,-60.828,-51.409
-39.168,-33.18,2.5999,35.986,-21.697,-9.7744,6.8046,-20.081,-57.988,-68.531,-49.793,-52.192
-38.757,-29.108,3.085,34.052,-21.674,-7.8268,10.315,-16.284,-55.944,-58.032,-41.981,-54.035
-37.224,-25.274,3.0319,31.739,-20.838,-6.429,11.145,-17.592,-52.765,-50.652,-37.598,-55.946
-34.519,-21.808,2.6842,29.096,-19.305,-5.2958,12.11,-11.019,-47.863,-45.548,-35.071,-57.157
-30.676,-18.732,2.193,26.195,-17.143,-4.2913,13.788,-1.6832,-43.124,-41.663,-33.664,-57.077
-25.853,-16.021,1.5924,23.099,-14.388,-3.4029,15.907,7.3847,-39.017,-38.572,-32.911,-55.407
-20.398,-13.667,0.82689,19.911,-11.12,-2.6869,18.003,15.238,-35.596,-36.126,-32.384,-52.203
-14.825,-11.686,-0.16979,16.807,-7.5309,-2.2077,19.53,21.666,-32.856,-34.262,-31.748,-47.816
-9.7017,-10.105,-1.3846,14.009,-3.9451,-1.9975,20.035,26.721,-30.785,-32.927,-30.858,-42.754
-5.5364,-8.9274,-2.6951,11.737,-0.75842,-2.0394,19.314,30.578,-29.346,-32.049,-29.795,-37.576
-2.7513,-8.1179,-3.9165,10.144,1.6535,-2.2693,17.515,33.489,-28.438,-31.545,-28.778,-32.831
-1.6237,-7.5984,-4.8751,9.2791,3.0233,-2.5934,15.117,35.751,-27.901,-31.334,-28.021,-28.986
-2.1736,-7.2669,-5.467,9.0751,3.2732,-2.9174,12.78,37.651,-27.541,-31.361,-27.617,-26.266
-4.0977,-7.0266,-5.6878,9.3581,2.5589,-3.1727,11.138,39.407,-27.179,-31.596,-27.513,-24.515
-6.8405,-6.8044,-5.6226,9.8892,1.23,-3.3232,10.607,41.141,-26.68,-32.002,-27.538,-23.258
-9.7413,-6.5525,-5.397,10.414,-0.28099,-3.3562,11.296,42.901,-25.954,-32.493,-27.463,-21.9
-12.149,-6.2338,-5.1179,10.705,-1.5853,-3.2676,13.017,44.702,-24.948,-32.911,-27.041,-20.002
-13.529,-5.8083,-4.8542,10.586,-2.4109,-3.0562,15.373,46.552,-23.628,-33.052,-26.077,-17.424
-13.538,-5.2292,-4.6744,9.9512,-2.572,-2.7283,17.898,48.459,-21.987,-32.727,-24.567,-14.161
-12.009,-4.4514,-4.6923,8.7448,-1.892,-2.3078,20.234,50.405,-20.054,-31.838,-22.728,-10.29
-8.889,-3.4441,-5.0501,6.9421,-0.21228,-1.8395,22.242,52.323,-17.906,-30.423,-20.89,-6.0291
-4.3055,-2.2014,-5.8312,4.5598,2.4749,-1.3817,23.996,54.087,-15.668,-28.665,-19.339,-1.7076
1.2954,-0.75163,-6.9748,1.7033,5.8841,-0.9855,25.646,55.551,-13.49,-26.838,-18.198,2.2523
7.181,0.83627,-8.248,-1.3969,9.4362,-0.65986,27.311,56.611,-11.509,-25.213,-17.422,5.4031
12.475,2.4556,-9.2852,-4.3936,12.42,-0.34755,29.021,57.274,-9.7891,-23.944,-16.866,7.4248
16.288,3.9758,-9.7154,-6.8942,14.22,0.053293,30.699,57.675,-8.2673,-22.993,-16.367,8.2871
17.977,5.2647,-9.3183,-8.5778,14.518,0.6306,32.175,58.046,-6.7635,-22.139,-15.79,8.2854
17.464,6.2086,-8.1096,-9.2968,13.409,1.3943,33.247,58.631,-5.0629,-21.087,-15.037,7.9026
15.298,6.7299,-6.3851,-9.1128,11.39,2.2359,33.713,59.59,-3.0063,-19.595,-14.022,7.5923
12.425,6.8018,-4.6868,-8.2571,9.2306,2.9524,33.394,60.951,-0.53523,-17.556,-12.651,7.6311
9.8641,6.4579,-3.6208,-7.0438,7.7587,3.3382,32.178,62.614,2.3148,-15.003,-10.855,8.1079
8.4009,5.7885,-3.5894,-5.7751,7.5673,3.2819,30.084,64.408,5.4507,-12.068,-8.6402,8.9963
8.274,4.9213,-4.5764,-4.6568,8.7177,2.814,27.323,66.157,8.759,-8.924,-6.1308,10.205
9.0271,3.9945,-6.1331,-3.7445,10.585,2.0958,24.274,67.731,12.132,-5.7229,-3.5423,11.592
9.713,3.1357,-7.5755,-2.9514,12.065,1.376,21.387,69.071,15.483,-2.5555,-1.0872,13.007
9.32,2.4462,-8.1787,-2.1175,12.101,0.93542,19.04,70.181,18.759,0.56198,1.1344,14.357
7.192,1.9878,-7.3797,-1.0964,10.123,0.9976,17.423,71.104,21.928,3.664,3.1702,15.641
3.2741,1.7688,-5.0541,0.1719,6.1832,1.6264,16.489,71.893,24.969,6.7793,5.1429,16.913
-1.8596,1.7372,-1.6444,1.6159,0.9335,2.6771,15.973,72.578,27.849,9.8769,7.1371,18.215
-7.1785,1.7933,1.9865,3.0395,-4.5231,3.8341,15.482,73.169,30.531,12.859,9.135,19.519
-11.521,1.8177,4.8981,4.1988,-8.9467,4.7207,14.643,73.668,33.006,15.614,11.039,20.711
-13.989,1.7072,6.4097,4.9125,-11.388,5.0336,13.243,74.112,35.35,18.093,12.751,21.634
-14.246,1.4044,6.2652,5.1354,-11.489,4.6441,11.293,74.593,37.746,20.369,14.256,22.171
-12.575,0.91143,4.616,4.9568,-9.5006,3.6276,8.9752,75.24,40.452,22.622,15.649,22.304
-9.6655,0.28228,1.9245,4.5407,-6.119,2.2159,6.5322,76.163,43.708,25.068,17.09,22.117
-6.2858,-0.40124,-1.1433,4.0485,-2.2216,0.69717,4.1507,77.391,47.627,27.855,18.718,21.742
-3.0457,-1.0553,-3.912,3.5806,1.4245,-0.68325,1.9028,78.843,52.11,30.984,20.579,21.291
-0.30094,-1.61,-6.0011,3.1528,4.3913,-1.7887,-0.2363,80.362,56.854,34.301,22.612,20.809
1.8861,-2.016,-7.5072,2.7049,6.6374,-2.6102,-2.3096,81.788,61.468,37.575,24.693,20.273
3.7032,-2.2481,-8.7904,2.1427,8.3721,-3.2353,-4.2859,83.013,65.636,40.608,26.689,19.626
5.4228,-2.3104,-10.059,1.4045,9.848,-3.7769,-6.0105,84.006,69.23,43.313,28.507,18.818
7.164,-2.2377,-11.296,0.51994,11.209,-4.3082,-7.2312,84.807,72.308,45.732,30.124,17.838
8.77,-2.0857,-12.436,-0.38387,12.442,-4.8352,-7.6871,85.508,75.055,48.006,31.606,16.719
9.9254,-1.9121,-13.372,-1.1361,13.382,-5.298,-7.2162,86.216,77.685,50.307,33.098,15.526
10.386,-1.7572,-13.943,-1.6003,13.835,-5.6032,-5.8377,87.016,80.367,52.762,34.749,14.331
10.128,-1.6358,-14.051,-1.7307,13.738,-5.6871,-3.7849,87.941,83.155,55.398,36.636,13.194
9.3729,-1.5406,-13.762,-1.5881,13.222,-5.5672,-1.474,88.958,85.979,58.125,38.717,12.15
8.5217,-1.4529,-13.298,-1.3222,12.579,-5.3418,0.59509,89.984,88.68,60.768,40.849,11.199
8.0267,-1.3513,-12.92,-1.1233,12.148,-5.1415,1.9802,90.922,91.084,63.139,42.863,10.328
8.2089,-1.2201,-12.808,-1.1466,12.163,-5.0696,2.438,91.698,93.081,65.109,44.633,9.5303
9.0981,-1.0605,-12.98,-1.4416,12.637,-5.1623,1.9984,92.281,94.646,66.644,46.126,8.8371
10.403,-0.89887,-13.311,-1.9285,13.348,-5.3897,0.93193,92.681,95.836,67.786,47.394,8.3129
11.633,-0.78533,-13.626,-2.4313,13.956,-5.6886,-0.37219,92.93,96.744,68.63,48.521,8.0295
12.287,-0.77765,-13.792,-2.7444,14.16,-5.9946,-1.5623,93.063,97.473,69.282,49.552,8.038
12.044,-0.91391,-13.767,-2.7051,13.821,-6.2516,-2.4525,93.118,98.113,69.83,50.451,8.3601
10.885,-1.188,-13.6,-2.2547,13.016,-6.4132,-3.0749,93.13,98.729,70.32,51.118,8.9973
9.1,-1.5508,-13.431,-1.4684,12.035,-6.4614,-3.7117,93.128,99.35,70.753,51.455,9.9398
7.1994,-1.943,-13.474,-0.53552,11.302,-6.4423,-4.8348,93.113,99.957,71.085,51.432,11.161
5.7586,-2.3202,-13.956,0.30661,11.23,-6.462,-6.8652,93.06,100.49,71.254,51.118,12.607
5.2289,-2.6356,-15.001,0.84731,12.041,-6.6121,-10.104,92.919,100.87,71.218,50.671,14.196
5.8024,-2.7997,-16.53,0.94334,13.683,-6.8699,-14.702,92.648,101.04,70.984,50.292,15.84
7.422,-2.6836,-18.243,0.52236,15.883,-7.0659,-20.316,92.232,101.01,70.608,50.144,17.484
9.9152,-2.1701,-19.713,-0.43671,18.26,-6.9545,-25.874,91.684,100.8,70.17,50.302,19.133
13.083,-1.1807,-20.507,-1.9393,20.408,-6.3277,-29.809,91.028,100.47,69.731,50.711,20.86
16.647,0.32691,-20.294,-3.973,21.944,-5.0956,-30.64,90.265,100.04,69.308,51.217,22.778
20.197,2.3286,-18.936,-6.4446,22.576,-3.3127,-27.575,89.368,99.524,68.87,51.628,25
23.267,4.6972,-16.52,-9.1332,22.17,-1.1416,-20.877,88.287,98.894,68.381,51.807,27.581
25.37,7.2086,-13.278,-11.699,20.715,1.2177,-11.8,86.986,98.136,67.839,51.749,30.477
26.008,9.5892,-9.4703,-13.746,18.246,3.5747,-2.1519,85.457,97.257,67.313,51.575,33.524
24.811,11.578,-5.3855,-14.923,14.861,5.7583,6.2676,83.728,96.287,66.912,51.465,36.456
21.776,12.98,-1.3971,-15.04,10.812,7.6237,12.178,81.836,95.261,66.727,51.547,38.95
17.342,13.702,2.0722,-14.124,6.5378,9.0663,15.123,79.807,94.204,66.766,51.838,40.704
12.279,13.759,4.6669,-12.413,2.5929,10.031,15.352,77.649,93.118,66.95,52.254,41.521
7.4755,13.266,6.1909,-10.276,-0.48891,10.512,13.495,75.355,91.982,67.145,52.678,41.369
3.7092,12.397,6.6271,-8.1061,-2.3405,10.546,10.381,72.902,90.756,67.213,53.006,40.396
1.396,11.341,6.1139,-6.2054,-2.8673,10.193,6.8868,70.237,89.372,67.041,53.16,38.87
0.46277,10.248,4.9152,-4.7133,-2.2837,9.532,3.6567,67.272,87.73,66.543,53.09,37.088
0.45857,9.2067,3.3855,-3.6224,-1.0383,8.6726,0.82515,63.895,85.717,65.668,52.781,35.286
0.81662,8.2654,1.9016,-2.8517,0.34134,7.7508,-1.8299,60.026,83.235,64.409,52.258,33.584
1.0845,7.472,0.77291,-2.3141,1.4095,6.9082,-4.3933,55.66,80.247,62.82,51.58,31.96
1.0571,6.89,0.17117,-1.9605,1.9264,6.2702,-6.6629,50.891,76.79,61.013,50.8,30.33
0.82,6.5763,0.088918,-1.8077,1.9244,5.9152,-8.3508,45.874,72.963,59.122,49.936,28.737
0.69269,6.5567,0.33988,-1.9332,1.679,5.8389,-9.3004,40.751,68.869,57.235,48.959,27.419
1.0726,6.8117,0.63744,-2.4197,1.5777,5.952,-9.535,35.6,64.56,55.359,47.814,26.636
2.2301,7.2698,0.73079,-3.2765,1.935,6.1223,-9.1821,30.432,60.04,53.425,46.438,26.47
4.1503,7.8171,0.5083,-4.3939,2.8495,6.2336,-8.3958,25.247,55.307,51.333,44.779,26.828
6.5118,8.3234,0.009834,-5.5595,4.1797,6.2244,-7.321,20.064,50.389,48.994,42.783,27.572
8.7938,8.6723,-0.62562,-6.521,5.6132,6.0936,-6.0873,14.932,45.342,46.346,40.383,28.529
10.443,8.7828,-1.2244,-7.0569,6.7785,5.8771,-4.8117,9.9069,40.216,43.361,37.524,29.391
11.053,8.6185,-1.6355,-7.0317,7.3692,5.6164,-3.6012,5.0309,35.036,40.04,34.223,29.724
10.486,8.1828,-1.7836,-6.4251,7.2455,5.3326,-2.5531,0.31775,29.799,36.405,30.583,29.064
8.88,7.5051,-1.7019,-5.3228,6.4669,5.015,-1.7545,-4.2489,24.487,32.495,26.726,27.025
6.5506,6.6262,-1.5201,-3.8766,5.25,4.6232,-1.2754,-8.7056,19.086,28.354,22.708,23.539
3.8708,5.5895,-1.4065,-2.2564,3.8805,4.1048,-1.1545,-13.092,13.586,24.033,18.502,19.085
1.1728,4.4401,-1.4959,-0.61262,2.6197,3.4216,-1.3803,-17.429,8.0008,19.597,14.041,14.575
-1.3015,3.2291,-1.8378,0.94538,1.639,2.5747,-1.882,-21.698,2.3733,15.13,9.3195,10.981
-3.4005,2.0129,-2.3955,2.3522,1.0089,1.6142,-2.5449,-25.846,-3.2214,10.735,4.4739,8.9786
-5.0315,0.8474,-3.088,3.5693,0.72945,0.62331,-3.2503,-29.801,-8.6989,6.5104,-0.23861,8.7546
-6.1136,-0.21696,-3.8445,4.5598,0.78122,-0.3139,-3.9247,-33.506,-13.992,2.5241,-4.554,9.9779
-6.5379,-1.1356,-4.6468,5.273,1.1813,-1.1429,-4.5777,-36.931,-19.06,-1.1972,-8.3279,11.883
-6.1674,-1.8705,-5.5442,5.6514,2.0095,-1.8503,-5.3124,-40.071,-23.876,-4.6653,-11.581,13.521
-4.8967,-2.3983,-6.6299,5.6552,3.3715,-2.4582,-6.2948,-42.942,-28.411,-7.9152,-14.451,14.207
-2.7406,-2.7212,-7.9825,5.2913,5.3147,-3.0058,-7.6925,-45.568,-32.625,-10.986,-17.104,13.768
0.10318,-2.8676,-9.5932,4.6286,7.7482,-3.5192,-9.5929,-47.967,-36.47,-13.898,-19.638,12.382
3.2596,-2.8778,-11.321,3.7909,10.413,-3.9847,-11.891,-50.137,-39.893,-16.633,-22.042,10.405
6.2507,-2.7884,-12.909,2.9298,12.92,-4.3465,-14.205,-52.057,-42.854,-19.136,-24.207,8.3073
8.6023,-2.6243,-14.055,2.1902,14.836,-4.5317,-15.927,-53.709,-45.345,-21.337,-25.989,6.4995
9.9472,-2.4009,-14.497,1.6812,15.781,-4.4821,-16.428,-55.095,-47.411,-23.187,-27.269,5.1203
10.093,-2.1263,-14.093,1.4598,15.523,-4.174,-15.33,-56.244,-49.142,-24.683,-28.006,4.0215
9.0415,-1.8051,-12.853,1.5311,14.05,-3.6182,-12.684,-57.193,-50.637,-25.868,-28.257,2.962
6.9735,-1.4425,-10.928,1.8645,11.582,-2.8496,-8.9728,-57.961,-51.96,-26.797,-28.169,1.7724
4.1964,-1.0508,-8.5666,2.4141,8.507,-1.9219,-4.9217,-58.522,-53.109,-27.508,-27.924,0.37259
1.0686,-0.65971,-6.0648,3.1357,5.2664,-0.91132,-1.264,-58.823,-54.03,-28.019,-27.679,-1.2382
-2.0814,-0.32152,-3.7217,3.9955,2.2523,0.082739,1.4345,-58.808,-54.658,-28.333,-27.52,-2.9773
-5.0059,-0.098011,-1.7961,4.9652,-0.25569,0.95611,2.811,-58.459,-54.956,-28.463,-27.465,-4.7299
-7.5476,-0.029299,-0.45148,6.0057,-2.1168,1.6338,2.6238,-57.81,-54.936,-28.442,-27.486,-6.422
-9.6181,-0.10666,0.29201,7.0512,-3.3255,2.094,0.72543,-56.944,-54.663,-28.325,-27.543,-8.0281
-11.155,-0.26535,0.56382,8.0014,-3.9834,2.373,-2.797,-55.975,-54.234,-28.179,-27.599,-9.5392
-12.093,-0.39466,0.59136,8.7259,-4.2516,2.5598,-7.4375,-55.011,-53.751,-28.057,-27.621,-10.948
-12.369,-0.35801,0.61674,9.081,-4.2925,2.7821,-12.267,-54.13,-53.291,-27.981,-27.567,-12.26
-11.972,-0.030173,0.81747,8.9474,-4.2278,3.1664,-16.168,-53.364,-52.89,-27.942,-27.399,-13.508
-10.989,0.64895,1.2622,8.2856,-4.1345,3.7826,-18.168,-52.706,-52.547,-27.912,-27.095,-14.762
-9.6387,1.6355,1.9218,7.1844,-4.0664,4.6152,-17.697,-52.12,-52.226,-27.849,-26.652,-16.114
-8.2249,2.7887,2.7193,5.8571,-4.075,5.5801,-14.707,-51.54,-51.858,-27.688,-26.08,-17.644
-7.0427,3.9205,3.5683,4.5716,-4.2054,6.5622,-9.7006,-50.879,-51.355,-27.349,-25.388,-19.386
-6.2803,4.8618,4.3782,3.5492,-4.4629,7.4472,-3.6071,-50.071,-50.636,-26.766,-24.578,-21.325
-5.9412,5.5183,5.0461,2.8879,-4.7631,8.1498,2.4785,-49.091,-49.659,-25.919,-23.657,-23.408
-5.824,5.8981,5.4695,2.541,-4.9217,8.6416,7.6175,-47.961,-48.432,-24.84,-22.644,-25.55
-5.6,6.101,5.5911,2.3522,-4.7185,8.9723,11.304,-46.714,-46.985,-23.594,-21.589,-27.66
-4.9711,6.277,5.4645,2.131,-4.0105,9.2676,13.56,-45.366,-45.351,-22.258,-20.582,-29.664
-3.8303,6.5739,5.3097,1.741,-2.8391,9.7031,14.775,-43.905,-43.547,-20.906,-19.726,-31.535
-2.3444,7.0987,5.5159,1.1528,-1.489,10.478,15.486,-42.296,-41.575,-19.594,-19.053,-33.301
-0.93352,7.9107,6.553,0.44107,-0.45664,11.812,16.277,-40.477,-39.42,-18.33,-18.455,-35.012
-0.15069,9.047,8.8075,-0.26432,-0.30957,13.956,17.573,-38.363,-37.041,-17.051,-17.722,-36.673
-0.49015,10.571,12.435,-0.84522,-1.4976,17.154,19.329,-35.861,-34.384,-15.638,-16.676,-38.18
-2.1889,12.63,17.318,-1.2545,-4.193,21.546,21.108,-32.892,-31.418,-13.978,-15.267,-39.313
-5.0963,15.502,23.122,-1.549,-8.2043,27.076,22.492,-29.434,-28.172,-12.015,-13.585,-39.791
-8.6735,19.572,29.416,-1.8908,-13.005,33.507,23.328,-25.538,-24.742,-9.7676,-11.788,-39.364
-12.136,25.171,35.794,-2.522,-17.892,40.536,23.719,-21.327,-21.26,-7.318,-10.018,-37.898
-14.686,32.329,41.957,-3.7167,-22.183,47.897,23.913,-16.976,-17.852,-4.7754,-8.3494,-35.449
-15.743,40.674,47.755,-5.7145,-25.363,55.376,24.172,-12.675,-14.607,-2.2528,-6.7912,-32.282
-15.052,49.622,53.154,-8.6413,-27.152,62.779,24.667,-8.6097,-11.57,0.14958,-5.2831,-28.769
-12.675,58.612,58.176,-12.442,-27.522,69.901,25.435,-4.931,-8.7431,2.3544,-3.701,-25.177
-8.8969,67.187,62.842,-16.868,-26.639,76.544,26.405,-1.735,-6.1115,4.3112,-1.8979,-21.507
-4.1027,75.043,67.121,-21.567,-24.758,82.569,27.46,0.95288,-3.6591,5.9984,0.21557,-17.549
1.2878,82.113,70.891,-26.225,-22.144,87.939,28.493,3.1849,-1.375,7.4316,2.6058,-13.059
6.8005,88.585,73.992,-30.629,-19.08,92.702,29.426,5.0835,0.76176,8.6763,5.123,-7.8179
11.93,94.759,76.396,-34.64,-15.93,96.857,30.21,6.8089,2.8007,9.8484,7.5878,-1.6426
16.256,100.78,78.269,-38.175,-13.104,100.34,30.786,8.508,4.8181,11.093,9.9151,5.4572
19.449,106.46,79.856,-41.23,-10.99,103.16,31.054,10.272,6.8945,12.555,12.208,13.118
21.151,111.3,81.414,-43.928,-9.9572,105.43,30.873,12.121,9.0861,14.346,14.748,20.684
20.986,114.92,83.224,-46.462,-10.394,107.31,30.099,14.01,11.406,16.527,17.852,27.501
18.746,117.31,85.556,-48.932,-12.662,109,28.646,15.832,13.812,19.087,21.647,33.186
14.602,118.86,88.631,-51.203,-16.818,110.78,26.533,17.416,16.199,21.917,25.914,37.682
9.1542,120.17,92.584,-53.021,-22.411,112.92,23.885,18.534,18.4,24.817,30.156,41.162
3.3045,121.83,97.409,-54.334,-28.726,115.69,20.88,18.932,20.219,27.53,33.871,43.941
-1.9939,124.33,102.92,-55.482,-35.051,119.28,17.688,18.415,21.5,29.841,36.788,46.398
-5.9679,127.86,108.79,-56.95,-40.683,123.75,14.433,16.928,22.197,31.652,38.919,48.888
-8.1411,132.31,114.54,-59.053,-44.984,128.92,11.164,14.603,22.393,33.007,40.471,51.608
-8.3279,137.33,119.63,-61.858,-47.534,134.31,7.8388,11.73,22.255,34.042,41.715,54.503
-6.5819,142.4,123.39,-65.255,-48.161,139.2,4.3627,8.663,21.948,34.911,42.872,57.293
-3.171,147.04,125.21,-69.03,-46.874,142.89,0.67118,5.7255,21.579,35.713,44.043,59.611
1.4669,150.87,124.76,-72.911,-43.862,144.93,-3.1884,3.1441,21.191,36.48,45.179,61.153
6.8388,153.65,122.07,-76.616,-39.454,145.19,-7.0531,1.0278,20.782,37.186,46.116,61.765
12.484,155.26,117.36,-79.905,-34.052,143.66,-10.686,-0.62768,20.325,37.759,46.643,61.463
17.983,155.58,110.99,-82.619,-28.079,140.38,-13.806,-1.9258,19.766,38.097,46.592,60.411
22.976,154.34,103.51,-84.677,-21.954,135.58,-16.123,-3.0538,19.003,38.066,45.887,58.862
27.193,151.34,95.67,-86.012,-16.057,129.85,-17.398,-4.2515,17.883,37.516,44.551,57.068
30.443,146.8,88.234,-86.382,-10.763,123.96,-17.498,-5.7543,16.231,36.317,42.672,55.174
32.565,141.09,81.624,-85.277,-6.5205,118.2,-16.443,-7.7251,13.905,34.392,40.347,53.18
33.379,134.13,75.72,-82.16,-3.7037,112.23,-14.396,-10.213,10.856,31.732,37.642,50.988
32.693,125.54,70.011,-76.735,-2.3162,105.52,-11.628,-13.156,7.1423,28.392,34.563,48.494
30.408,114.93,63.879,-68.914,-2.0272,97.615,-8.4572,-16.433,2.911,24.466,31.056,45.637
26.628,102.13,56.812,-58.876,-2.4352,88.316,-5.2025,-19.91,-1.6624,20.063,27.03,42.396
21.678,87.386,48.578,-47.353,-3.2025,77.764,-2.1322,-23.467,-6.4176,15.292,22.414,38.763
16.02,71.495,39.542,-35.604,-4.0754,66.472,0.56543,-26.983,-11.214,10.286,17.239,34.741
10.126,55.718,30.77,-24.841,-4.9004,55.131,2.799,-30.311,-15.904,5.2295,11.723,30.375
4.348,41.278,23.353,-15.695,-5.6271,44.373,4.5747,-33.283,-20.328,0.35418,6.2476,25.78
-1.1305,28.921,17.672,-8.1729,-6.2683,34.719,5.9701,-35.771,-24.34,-4.1267,1.2228,21.131
-6.2311,18.811,13.48,-1.9696,-6.8361,26.483,7.0612,-37.744,-27.866,-8.0905,-3.0936,16.606
-10.865,10.72,10.305,3.193,-7.2918,19.611,7.8351,-39.292,-30.935,-11.543,-6.6757,12.303
-14.845,4.4275,7.6634,7.4595,-7.5281,13.853,8.1688,-40.609,-33.673,-14.605,-9.6844,8.194
-17.883,-0.15873,5.1581,10.913,-7.3813,9.0621,7.8975,-41.935,-36.266,-17.457,-12.357,4.1439
-19.655,-3.3399,2.5578,13.613,-6.6759,5.1917,6.9182,-43.484,-38.897,-20.274,-14.902,0.0074875
-19.902,-5.6411,-0.1534,15.554,-5.2998,2.0975,5.2641,-45.37,-41.682,-23.153,-17.43,-4.2386
-18.505,-7.4681,-2.8097,16.681,-3.2833,-0.40638,3.1241,-47.575,-44.629,-26.082,-19.928,-8.4303
-15.567,-9.0075,-5.1492,16.962,-0.83035,-2.3713,0.80002,-49.967,-47.634,-28.947,-22.275,-12.298
-11.507,-10.303,-6.922,16.475,1.7274,-3.7402,-1.3863,-52.357,-50.523,-31.575,-24.285,-15.644
-7.0473,-11.33,-8.0011,15.471,4.0219,-4.4887,-3.1861,-54.58,-53.119,-33.808,-25.812,-18.468
-3.0741,-12.112,-8.4495,14.38,5.7353,-4.7377,-4.48,-56.538,-55.305,-35.559,-26.821,-20.976
-0.45271,-12.825,-8.5008,13.705,6.6553,-4.7649,-5.2973,-58.208,-57.039,-36.837,-27.426,-23.465
0.16264,-13.755,-8.4568,13.895,6.7026,-4.9064,-5.8026,-59.614,-58.346,-37.722,-27.842,-26.164
-1.5188,-15.15,-8.5611,15.208,5.9274,-5.4207,-6.245,-60.797,-59.3,-38.334,-28.303,-29.132
-5.3267,-17.111,-8.9091,17.637,4.4752,-6.4041,-6.8741,-61.801,-60.002,-38.8,-28.968,-32.234
-10.646,-19.594,-9.4259,20.896,2.5348,-7.786,-7.8478,-62.664,-60.562,-39.224,-29.842,-35.206
-16.561,-22.481,-9.9164,24.513,0.29903,-9.3789,-9.166,-63.418,-61.083,-39.672,-30.779,-37.759
-22.081,-25.611,-10.167,27.956,-2.0364,-10.952,-10.662,-64.09,-61.644,-40.166,-31.566,-39.689
-26.379,-28.729,-10.051,30.748,-4.2559,-12.312,-12.063,-64.705,-62.29,-40.696,-32.058,-40.964
-28.959,-31.488,-9.5914,32.574,-6.1307,-13.374,-13.098,-65.299,-63.042,-41.247,-32.281,-41.751
-29.723,-33.647,-8.9695,33.396,-7.4588,-14.189,-13.612,-65.922,-63.914,-41.834,-32.419,-42.358
-28.98,-35.274,-8.4747,33.46,-8.1149,-14.917,-13.636,-66.621,-64.919,-42.519,-32.692,-43.113
-27.388,-36.654,-8.3994,33.198,-8.0863,-15.773,-13.372,-67.423,-66.055,-43.39,-33.229,-44.234
-25.794,-38.028,-8.9361,33.098,-7.4763,-16.94,-13.117,-68.313,-67.287,-44.508,-34.013,-45.746
-24.959,-39.502,-10.12,33.566,-6.4715,-18.488,-13.142,-69.226,-68.534,-45.861,-34.945,-47.481
-25.289,-41.07,-11.83,34.792,-5.2883,-20.335,-13.591,-70.064,-69.678,-47.347,-35.915,-49.149
-26.695,-42.63,-13.839,36.644,-4.109,-22.284,-14.445,-70.71,-70.584,-48.799,-36.845,-50.428
-28.669,-44.004,-15.894,38.69,-3.0221,-24.109,-15.557,-71.063,-71.122,-50.049,-37.682,-51.06
-30.487,-45,-17.825,40.375,-1.987,-25.642,-16.746,-71.063,-71.185,-50.987,-38.395,-50.903
-31.433,-45.466,-19.602,41.24,-0.85214,-26.824,-17.903,-70.714,-70.712,-51.592,-38.984,-49.915
-30.997,-45.329,-21.29,41.038,0.56319,-27.691,-19.036,-70.079,-69.683,-51.905,-39.479,-48.046
-29.03,-44.598,-22.933,39.754,2.3649,-28.294,-20.253,-69.271,-68.087,-51.959,-39.902,-45.159
-25.753,-43.327,-24.488,37.579,4.5259,-28.602,-21.687,-68.452,-65.914,-51.715,-40.212,-41.094
-21.6,-41.57,-25.827,34.829,6.9075,-28.48,-23.404,-67.84,-63.189,-51.025,-40.272,-35.806
-17.027,-39.365,-26.784,31.858,9.3451,-27.733,-25.329,-67.683,-60.097,-49.659,-39.86,-29.405
-12.418,-36.795,-27.289,28.953,11.745,-26.319,-27.233,-68.201,-57.237,-47.498,-38.732,-22.095
-8.0545,-34.217,-27.714,26.248,14.117,-25.004,-28.807,-69.543,-55.98,-45.312,-36.781,-14.097
-4.0847,-32.795,-29.76,23.644,16.538,-27.768,-29.799,-71.808,-57.825,-47.744,-34.74,-5.5982
-0.48148,-36.367,-38.931,20.79,19.213,-44.127,-30.155,-75.095,-59.959,-64.273,-37.19,3.2111
2.8876,-50.108,-55.813,17.36,22.729,-58.208,-30.081,-79.205,-53.878,-73.84,-51.125,11.709
6.0107,-60.801,-62.87,13.705,27.251,-62.173,-30.006,-80.183,-37.806,-65.612,-57.321,17.155
8.4849,-60.795,-61.39,11.464,30.413,-59.674,-30.374,-67.638,-15.078,-49.907,-50.353,10.205
9.6166,-53.285,-51.794,13.444,29.055,-49.487,-30.973,-60.397,15.392,-27.519,-36.91,-0.98623
8.8448,-38.174,-32.619,17.569,21.346,-30.717,-30.405,-63.766,56.172,2.4964,-17.228,-0.26269
6.1052,-15.064,-3.457,14.106,6.9996,-3.0917,-30.71,-78.342,100.22,41.337,9.5084,5.6589
1.9566,15.639,33.764,3.7336,-12.853,32.111,-35.505,-103.78,146.56,90.215,44.291,17.841
-2.5864,52.542,75.914,-10.067,-36.318,72.354,-43.319,-139.72,193.97,149.67,87.604,38.366
-6.3319,93.513,119.54,-26.626,-61.139,114.5,-52.826,-188.02,239.34,218.78,138.94,69.535
-8.2008,136.86,161.19,-46.876,-84.224,156.17,-64.569,-254.52,279.74,295.44,197.84,112.72
-7.5554,181.94,199.23,-72.539,-102.57,196.7,-80.362,-348.57,306.18,376.51,264.84,166.23
-4.1019,228.47,233.93,-103.72,-115.66,236.31,-102.05,-478.03,306.71,456.38,339.94,226.98
2.4415,276.78,266.39,-138.13,-124.73,276.02,-130.26,-644.27,269.72,527.69,419.46,292.97
16.511,327.31,297.9,-174.22,-131.39,316.76,-164.05,-850,188.35,584.04,497.56,361.77
40.412,378.47,328.92,-210.81,-136.91,357.94,-201.43,-1095.3,63.58,621.47,568.57,429.24
60.309,426.06,358.32,-244.76,-142.17,396.84,-239.87,-1369.6,-94.742,638.58,626.73,489.43
75.303,464.09,383.26,-271.14,-147.51,428.95,-276.3,-1654.8,-270.13,635.41,665.44,534.71
81.411,485.79,399.63,-284.71,-152.97,448.75,-307.53,-1929,-445.45,611.39,677.01,556.9
75.113,484.8,403.58,-280.85,-158.84,450.85,-331.5,-2171.8,-609.53,563.45,653.32,549.1
54.132,455.58,393.45,-255.65,-165.49,431.14,-348.2,-2368.1,-758.92,485.82,587.17,506.47
17.164,395.3,370.23,-206.35,-173.36,388.41,-359.29,-2510.4,-896.14,372.19,474.5,427.46
-35.321,305.64,336.5,-133.48,-183.14,325.12,-367.6,-2598.9,-1027.3,218.98,317.01,315.47
-102.52,193.41,295.57,-42.437,-194.92,246.91,-376.24,-2639.9,-1158.4,28.496,123.9,179.67
-178.91,69.859,250.92,57.276,-207.42,161.59,-387.64,-2642.4,-1290.7,-189.25,-88.422,34.097
-250.93,-51.285,205.89,154.24,-218.85,77.906,-403.28,-2614.9,-1418.4,-416.45,-298.43,-105.45
-312.3,-156.95,163.62,237.72,-227.85,3.784,-423.53,-2561.6,-1528.4,-629.85,-483.94,-225.12
-356.97,-237.96,126.34,299.67,-232.82,-55.228,-447.06,-2482.7,-1603.9,-805.56,-626.46,-315.52
-379.99,-290.69,94.679,336.13,-231.4,-97.003,-471.2,-2376.3,-1631,-924.87,-715.08,-372.92
-379.61,-316.64,67.618,347.77,-221.29,-122.7,-493.21,-2242.5,-1604,-979.74,-748.51,-399.14
-359.04,-320.83,43.285,339.02,-201.79,-135.8,-510.38,-2084.9,-1528.1,-975.01,-734.69,-399.91
-324.64,-309.49,20.193,316.08,-174.72,-140.37,-518.86,-1909.9,-1416.3,-925.61,-687.63,-382.66
-282.86,-288.51,-1.8086,284.97,-143.74,-139.75,-514.09,-1723.9,-1283.9,-849.8,-622.51,-354.4
-239.41,-262.23,-20.78,250.33,-112.58,-136.03,-493.25,-1531.1,-1142.8,-762.85,-551.4,-320.47
-198.76,-233.48,-31.973,215.37,-84.17,-129.82,-456.51,-1334.2,-999.7,-673.68,-481.29,-284.41
-163.02,-203.94,-30.808,182.11,-60.262,-118.16,-406.7,-1136.7,-857.95,-586.08,-414.64,-248.46
-132.31,-174,-23.225,151.93,-41.231,-102.81,-348.49,-943.55,-720.59,-501.31,-352.19,-213.43
-106.39,-145.98,-19.436,126.21,-26.212,-87.936,-287.6,-761.72,-591.68,-421.47,-296.12,-181.91
-84.567,-124.24,-18.751,105.06,-13.94,-76.794,-229.66,-598.43,-475.23,-350.47,-248.43,-157.91
-65.916,-107.37,-18.981,87.223,-3.5371,-68.41,-178.46,-459.41,-374.24,-289.11,-206.86,-140.18
-49.812,-93.023,-19.487,71.982,4.4838,-61.091,-133.79,-347.17,-291.21,-236.04,-169.48,-126.22
-35.531,-80.44,-20.291,59.365,6.6213,-54.236,-95.88,-260.56,-226.99,-191.97,-137.44,-114.65
-22.876,-69.654,-21.397,49.494,6.0357,-47.629,-67.346,-195.6,-179.48,-157.79,-112.64,-104.36
-12.934,-60.634,-22.517,42.485,8.4132,-41.17,-47.431,-147.12,-144.73,-132.54,-95.405,-94.186
-5.9981,-52.925,-23.174,37.818,11.516,-34.998,-33.329,-110.19,-118.63,-114.19,-84.327,-83.232
-1.444,-46.106,-22.904,33.595,13.294,-29.57,-22.749,-80.979,-98.038,-100.58,-76.991,-71.099
-1.084,-40.918,-21.388,29.217,12.677,-25.203,-14.341,-56.954,-81.103,-89.741,-70.649,-58.514
-5.0046,-37.764,-18.58,27.489,9.4278,-21.741,-7.3036,-36.701,-67.231,-80.015,-61.877,-47.325
-11.882,-35.681,-14.756,28.107,4.0868,-18.909,-1.4732,-20.742,-59.635,-70.89,-52.638,-38.552
-20.1,-34.084,-10.447,29.679,-2.2722,-16.584,1.8769,-19.763,-60.812,-63.702,-46.799,-32.145
-27.99,-32.821,-6.291,31.372,-8.4339,-14.735,2.9735,-21.958,-58.322,-58.36,-43.017,-27.76
-34.205,-31.788,-2.8654,32.676,-13.401,-13.355,3.3875,-15.357,-53.86,-54.342,-40.361,-24.925
-37.981,-30.862,-0.57124,33.28,-16.563,-12.421,3.5525,-6.2568,-49.698,-51.359,-38.539,-23.106
-39.118,-29.95,0.43617,33.071,-17.72,-11.89,3.8433,2.5225,-46.224,-49.137,-37.322,-21.852
-37.928,-29.004,0.26171,32.12,-17.068,-11.674,4.65,10.3,-43.3,-47.386,-36.428,-20.843
-35.102,-28.008,-0.7656,30.632,-15.094,-11.653,6.2599,17.083,-40.688,-45.83,-35.563,-19.855
-31.41,-26.961,-2.1913,28.856,-12.415,-11.694,8.7569,23.045,-38.187,-44.244,-34.525,-18.797
-27.405,-25.857,-3.6088,27.002,-9.5664,-11.699,11.978,28.331,-35.7,-42.516,-33.301,-17.749
-23.337,-24.69,-4.8526,25.189,-6.8095,-11.65,15.536,32.999,-33.24,-40.66,-32.027,-16.881
-19.273,-23.453,-6.0716,23.424,-4.0823,-11.611,18.918,37.044,-30.896,-38.792,-30.886,-16.349
-15.257,-22.156,-7.5758,21.602,-1.1425,-11.696,21.629,40.443,-28.772,-37.052,-30.011,-16.233
-11.259,-20.83,-9.5558,19.566,2.1776,-11.99,23.363,43.218,-26.925,-35.54,-29.427,-16.51
-7.1432,-19.528,-11.938,17.281,5.821,-12.481,24.143,45.463,-25.332,-34.264,-29.045,-17.046
-2.9432,-18.305,-14.452,14.926,9.5477,-13.061,24.316,47.337,-23.888,-33.138,-28.713,-17.627
1.007,-17.189,-16.753,12.753,12.991,-13.561,24.398,49.007,-22.461,-32.036,-28.305,-18.029
4.2767,-16.128,-18.524,10.908,15.731,-13.829,24.843,50.579,-20.952,-30.847,-27.784,-18.13
6.5221,-15.019,-19.561,9.4144,17.422,-13.773,25.875,52.081,-19.329,-29.519,-27.211,-17.966
7.5513,-13.777,-19.804,8.241,17.914,-13.378,27.45,53.486,-17.621,-28.054,-26.694,-17.723
7.3462,-12.401,-19.332,7.3509,17.3,-12.692,29.341,54.769,-15.879,-26.48,-26.293,-17.637
6.0851,-10.976,-18.327,6.7042,15.879,-11.804,31.249,55.928,-14.144,-24.839,-25.967,-17.894
4.176,-9.6114,-17.037,6.2297,14.064,-10.838,32.886,56.981,-12.433,-23.177,-25.601,-18.547
2.2103,-8.3861,-15.731,5.8169,12.303,-9.924,34.035,57.947,-10.752,-21.555,-25.087,-19.473
0.80981,-7.3274,-14.666,5.3371,11.003,-9.1648,34.566,58.834,-9.0936,-20.027,-24.392,-20.385
0.47549,-6.408,-14.022,4.6604,10.478,-8.6017,34.44,59.647,-7.4397,-18.621,-23.565,-20.912
1.5006,-5.5497,-13.856,3.6649,10.867,-8.2039,33.701,60.399,-5.7612,-17.32,-22.675,-20.714
3.9266,-4.6505,-14.095,2.2716,12.101,-7.8942,32.46,61.107,-4.0302,-16.076,-21.76,-19.603
7.5076,-3.6375,-14.579,0.49311,13.92,-7.5947,30.851,61.771,-2.2419,-14.831,-20.822,-17.643
11.708,-2.5183,-15.127,-1.5322,15.949,-7.2677,28.987,62.373,-0.42719,-13.545,-19.851,-15.148
15.801,-1.4027,-15.6,-3.54,17.803,-6.9333,26.925,62.885,1.3559,-12.214,-18.871,-12.574
19.037,-0.47994,-15.937,-5.1857,19.166,-6.6611,24.677,63.285,3.0503,-10.862,-17.93,-10.356
20.82,0.045365,-16.143,-6.1353,19.851,-6.539,22.268,63.589,4.6416,-9.5156,-17.063,-8.7688
20.855,0.039021,-16.267,-6.1796,19.822,-6.6307,19.775,63.871,6.1933,-8.1601,-16.219,-7.8662
19.236,-0.49655,-16.377,-5.3198,19.197,-6.9413,17.302,64.251,7.8471,-6.715,-15.246,-7.496
16.434,-1.4151,-16.542,-3.7792,18.229,-7.4119,14.867,64.844,9.7728,-5.055,-13.937,-7.3855
13.147,-2.485,-16.809,-1.9271,17.22,-7.9394,12.368,65.709,12.099,-3.0632,-12.136,-7.2779
10.078,-3.4743,-17.172,-0.15453,16.427,-8.406,9.6277,66.825,14.864,-0.67687,-9.8136,-7.0352
7.7328,-4.2104,-17.552,1.2384,15.969,-8.7025,6.4872,68.119,18.016,2.0964,-7.0879,-6.6313
6.3306,-4.5972,-17.809,2.0967,15.81,-8.7448,2.8764,69.501,21.436,5.1878,-4.1616,-6.0682
5.8249,-4.6065,-17.789,2.4028,15.806,-8.4886,-1.0941,70.894,24.975,8.4819,-1.2306,-5.322
6.0028,-4.2606,-17.386,2.2265,15.774,-7.9382,-5.0354,72.233,28.487,11.836,1.5872,-4.3646
6.5924,-3.6148,-16.574,1.6749,15.571,-7.1442,-8.3041,73.472,31.858,15.112,4.2706,-3.2022
7.34,-2.7384,-15.411,0.85965,15.13,-6.1832,-10.2,74.583,35.04,18.215,6.8714,-1.8727
8.0529,-1.7,-13.999,-0.11454,14.46,-5.1298,-10.23,75.582,38.077,21.129,9.4627,-0.4168
8.6046,-0.55984,-12.437,-1.1508,13.607,-4.0355,-8.3003,76.521,41.1,23.917,12.088,1.1272
8.9265,0.62852,-10.816,-2.1599,12.624,-2.9295,-4.7524,77.476,44.287,26.691,14.739,2.6923
9.0159,1.8117,-9.2213,-3.0673,11.576,-1.8359,-0.26852,78.516,47.784,29.56,17.364,4.1609
8.951,2.9294,-7.7564,-3.8239,10.56,-0.79383,4.3044,79.67,51.643,32.579,19.896,5.3905
8.8776,3.9122,-6.5484,-4.413,9.7213,0.13492,8.1585,80.921,55.795,35.735,22.285,6.2921
8.9609,4.6913,-5.7289,-4.846,9.2266,0.87581,10.718,82.214,60.078,38.954,24.523,6.9091
9.3162,5.2158,-5.3901,-5.1445,9.2015,1.3648,11.76,83.484,64.299,42.122,26.634,7.4291
9.9442,5.4656,-5.542,-5.3192,9.6611,1.5719,11.421,84.674,68.294,45.118,28.658,8.1068
10.702,5.4535,-6.0932,-5.3567,10.475,1.5131,10.118,85.747,71.961,47.838,30.616,9.1491
11.333,5.2151,-6.8652,-5.2216,11.392,1.2453,8.4235,86.682,75.244,50.21,32.5,10.627
11.542,4.7982,-7.6332,-4.8731,12.106,0.85151,6.8727,87.468,78.118,52.194,34.264,12.452
11.1,4.2549,-8.1888,-4.2912,12.35,0.41959,5.7393,88.098,80.569,53.779,35.853,14.413
9.9348,3.6436,-8.4047,-3.5016,11.984,0.021122,4.9896,88.565,82.594,54.983,37.221,16.233
8.1756,3.0335,-8.2771,-2.5888,11.047,-0.30355,4.4397,88.868,84.201,55.842,38.371,17.643
6.1343,2.5022,-7.9265,-1.6905,9.7605,-0.54975,3.878,89.011,85.423,56.415,39.355,18.448
4.2074,2.1217,-7.5563,-0.96508,8.4669,-0.74267,3.0896,89.007,86.323,56.776,40.264,18.587
2.7404,1.9354,-7.3824,-0.53856,7.515,-0.92283,1.8898,88.884,87.003,57.018,41.186,18.164
1.931,1.941,-7.5619,-0.45854,7.1458,-1.1278,0.16052,88.685,87.598,57.243,42.152,17.416
1.8277,2.0958,-8.1484,-0.69585,7.4213,-1.378,-2.1601,88.46,88.246,57.549,43.116,16.636
2.3826,2.3437,-9.0868,-1.1996,8.2294,-1.6706,-5.09,88.249,89.043,57.992,43.985,16.074
3.5,2.6499,-10.246,-1.963,9.377,-1.9791,-8.5823,88.065,89.995,58.559,44.691,15.859
5.1432,3.0218,-11.486,-3.0352,10.744,-2.2572,-12.486,87.887,91.008,59.169,45.24,15.977
7.5169,3.5111,-12.738,-4.4725,12.419,-2.4475,-16.515,87.665,91.937,59.7,45.709,16.3
11.069,4.2005,-14.059,-6.3252,14.684,-2.4972,-20.253,87.346,92.639,60.046,46.19,16.65
16.207,5.1741,-15.58,-8.6659,17.815,-2.371,-23.201,86.888,93.024,60.149,46.732,16.878
22.936,6.4693,-17.378,-11.524,21.845,-2.0542,-24.881,86.277,93.073,60.007,47.299,16.959
30.683,8.0335,-19.352,-14.761,26.451,-1.5516,-24.972,85.529,92.832,59.663,47.783,17.027
38.356,9.7206,-21.185,-18.021,30.957,-0.88521,-23.419,84.678,92.388,59.167,48.063,17.341
44.571,11.33,-22.433,-20.814,34.471,-0.089018,-20.473,83.759,91.843,58.561,48.083,18.17
48.057,12.671,-22.668,-22.65,36.157,0.80612,-16.64,82.796,91.29,57.885,47.897,19.699
48.088,13.62,-21.615,-23.202,35.508,1.7914,-12.554,81.8,90.786,57.204,47.656,21.956
44.722,14.174,-19.243,-22.439,32.519,2.8825,-8.8242,80.764,90.348,56.607,47.537,24.801
38.738,14.435,-15.807,-20.658,27.702,4.0933,-5.8869,79.671,89.944,56.178,47.664,27.948
31.359,14.554,-11.797,-18.373,21.976,5.4,-3.9376,78.501,89.515,55.964,48.064,31.034
23.927,14.654,-7.8159,-16.107,16.417,6.7216,-2.9461,77.23,89,55.951,48.666,33.703
17.628,14.785,-4.4298,-14.206,11.951,7.9301,-2.719,75.832,88.345,56.066,49.331,35.697
13.195,14.917,-2.0392,-12.77,9.0862,8.8844,-2.9592,74.267,87.51,56.198,49.902,36.891
10.707,14.981,-0.7981,-11.738,7.8085,9.4774,-3.3415,72.487,86.468,56.223,50.253,37.296
9.6737,14.903,-0.58947,-11.022,7.7185,9.6786,-3.6142,70.453,85.206,56.042,50.338,37.023
9.3989,14.651,-1.0746,-10.532,8.2833,9.5515,-3.666,68.16,83.737,55.623,50.21,36.244
9.4315,14.263,-1.8301,-10.18,9.0346,9.2339,-3.5239,65.649,82.101,55.014,49.994,35.146
9.7153,13.849,-2.5248,-9.9482,9.7313,8.8863,-3.3161,62.984,80.351,54.332,49.827,33.902
10.44,13.56,-3.0415,-9.9541,10.435,8.6369,-3.2258,60.231,78.537,53.723,49.778,32.652
11.925,13.538,-3.4646,-10.381,11.382,8.5514,-3.4437,57.422,76.682,53.306,49.821,31.501
14.396,13.852,-3.9441,-11.337,12.751,8.6357,-4.1405,54.561,74.783,53.135,49.86,30.514
17.689,14.46,-4.5449,-12.741,14.506,8.8542,-5.4699,51.629,72.801,53.176,49.779,29.721
21.21,15.219,-5.186,-14.318,16.354,9.1512,-7.5626,48.593,70.667,53.314,49.501,29.12
24.125,15.927,-5.6816,-15.689,17.83,9.469,-10.468,45.416,68.289,53.381,49.013,28.679
25.661,16.402,-5.8232,-16.498,18.467,9.7649,-14.045,42.069,65.582,53.213,48.36,28.352
25.375,16.534,-5.464,-16.519,17.978,10.022,-17.873,38.545,62.508,52.693,47.611,28.094
23.293,16.323,-4.5881,-15.733,16.368,10.244,-21.288,34.852,59.08,51.768,46.818,27.857
19.907,15.864,-3.3395,-14.339,13.945,10.433,-23.538,30.993,55.346,50.432,45.981,27.585
16.016,15.299,-1.989,-12.681,11.232,10.569,-23.989,26.942,51.337,48.697,45.048,27.203
12.436,14.74,-0.83754,-11.109,8.7743,10.612,-22.333,22.643,47.057,46.586,43.918,26.626
9.6897,14.226,-0.10106,-9.8436,6.937,10.517,-18.701,18.057,42.502,44.134,42.477,25.772
7.851,13.716,0.15389,-8.9075,5.8105,10.247,-13.653,13.211,37.704,41.41,40.626,24.573
6.6368,13.116,-0.0093619,-8.1651,5.2453,9.7703,-7.996,8.2203,32.751,38.509,38.316,22.981
5.6369,12.312,-0.46879,-7.4144,4.9852,9.0621,-2.5356,3.2526,27.772,35.523,35.559,21.003
4.5247,11.21,-1.1265,-6.4722,4.8286,8.1089,2.1422,-1.5364,22.885,32.509,32.437,18.697
3.2004,9.7662,-1.9707,-5.2322,4.7468,6.9048,5.7757,-6.054,18.162,29.478,29.105,16.119
1.8415,8.0095,-3.0753,-3.7146,4.8955,5.4586,8.3785,-10.273,13.626,26.415,25.771,13.245
0.80928,6.0491,-4.5319,-2.0771,5.5107,3.8185,10.126,-14.204,9.2687,23.326,22.646,9.9682
0.45072,4.0478,-6.3643,-0.54223,6.7602,2.0877,11.274,-17.864,5.0767,20.26,19.843,6.1961
0.92995,2.1718,-8.4813,0.71914,8.6485,0.41849,12.063,-21.275,1.0327,17.286,17.303,1.9889
2.1614,0.54416,-10.696,1.662,11.012,-1.0334,12.588,-24.475,-2.8925,14.437,14.798,-2.3744
3.8303,-0.77326,-12.781,2.362,13.559,-2.1501,12.764,-27.518,-6.7419,11.671,12.046,-6.4627
5.4468,-1.7684,-14.486,2.9646,15.866,-2.8681,12.455,-30.456,-10.556,8.8832,8.8772,-9.8449
6.4376,-2.4609,-15.516,3.6315,17.364,-3.1701,11.65,-33.319,-14.348,5.9747,5.3557,-12.224
6.2872,-2.8913,-15.582,4.495,17.458,-3.0685,10.519,-36.096,-18.089,2.9243,1.7811,-13.491
4.652,-3.1111,-14.523,5.6257,15.775,-2.594,9.3173,-38.744,-21.717,-0.1844,-1.446,-13.695
1.3998,-3.1693,-12.365,7.0218,12.337,-1.7924,8.2604,-41.217,-25.17,-3.1983,-4.0211,-12.95
-3.3525,-3.1013,-9.2565,8.6214,7.5217,-0.72504,7.4427,-43.477,-28.404,-5.9617,-5.8675,-11.35
-9.2135,-2.9279,-5.4416,10.326,1.8492,0.53175,6.8385,-45.506,-31.404,-8.3663,-7.1307,-8.965
-15.572,-2.6616,-1.277,12.017,-4.1283,1.8948,6.3643,-47.286,-34.159,-10.368,-8.0752,-5.8801
-21.708,-2.3135,2.7711,13.568,-9.8207,3.2819,5.9576,-48.794,-36.649,-11.99,-8.9635,-2.1775
-26.916,-1.8987,6.2088,14.844,-14.616,4.6099,5.619,-50.011,-38.846,-13.315,-9.9723,2.0396
-30.588,-1.4392,8.6496,15.716,-17.989,5.7819,5.3935,-50.94,-40.729,-14.471,-11.158,6.5647
-32.296,-0.96548,9.9008,16.077,-19.629,6.6927,5.3171,-51.611,-42.303,-15.6,-12.463,11.042
-31.856,-0.50167,9.9598,15.879,-19.487,7.2545,5.3746,-52.076,-43.6,-16.797,-13.747,15.006
-29.364,-0.06163,8.9766,15.148,-17.72,7.4339,5.496,-52.395,-44.669,-18.085,-14.849,17.983
-25.197,0.35308,7.2304,13.993,-14.643,7.273,5.5879,-52.617,-45.561,-19.41,-15.676,19.612
-19.988,0.75233,5.1144,12.587,-10.733,6.8865,5.5841,-52.779,-46.319,-20.683,-16.25,19.781
-14.542,1.1476,3.0875,11.133,-6.6203,6.4403,5.4883,-52.897,-46.959,-21.823,-16.701,18.689
-9.6717,1.5503,1.5576,9.8216,-2.9823,6.1143,5.3884,-52.961,-47.465,-22.774,-17.177,16.768
-6.0271,1.967,0.75345,8.7914,-0.36691,6.0478,5.4307,-52.929,-47.783,-23.502,-17.738,14.499
-3.9654,2.39,0.71472,8.1073,0.918,6.3002,5.7604,-52.735,-47.838,-23.986,-18.316,12.243
-3.5656,2.7854,1.4007,7.7922,0.76742,6.8409,6.444,-52.314,-47.567,-24.209,-18.766,10.197
-4.7767,3.0911,2.722,7.8815,-0.73061,7.5712,7.4071,-51.633,-46.948,-24.174,-18.945,8.4388
-7.4825,3.2377,4.5017,8.4372,-3.2842,8.3654,8.4355,-50.702,-46.018,-23.908,-18.779,6.997
-11.409,3.1864,6.5164,9.4874,-6.5278,9.1182,9.2592,-49.566,-44.852,-23.461,-18.281,5.8598
-16.085,2.9616,8.5829,10.953,-10.137,9.7821,9.6711,-48.284,-43.534,-22.882,-17.547,4.9944
-20.948,2.6569,10.598,12.63,-13.847,10.381,9.5863,-46.9,-42.135,-22.211,-16.714,4.3821
-25.492,2.4127,12.521,14.234,-17.422,10.992,9.0111,-45.441,-40.695,-21.459,-15.927,4.0291
-29.341,2.3739,14.336,15.483,-20.645,11.707,7.9856,-43.924,-39.23,-20.634,-15.314,3.9343
-32.248,2.6442,16.029,16.165,-23.309,12.588,6.5315,-42.366,-37.752,-19.756,-14.966,4.0588
-34.049,3.256,17.577,16.19,-25.241,13.639,4.6035,-40.794,-36.29,-18.872,-14.908,4.3239
-34.651,4.1733,18.941,15.58,-26.327,14.809,2.0908,-39.229,-34.888,-18.047,-15.087,4.6257
-34.042,5.3326,20.063,14.421,-26.515,16.027,-1.1048,-37.669,-33.588,-17.329,-15.381,4.849
-32.284,6.7058,20.875,12.796,-25.792,17.266,-4.9315,-36.067,-32.394,-16.718,-15.64,4.8846
-29.471,8.3721,21.354,10.74,-24.183,18.634,-9.0276,-34.31,-31.236,-16.143,-15.73,4.6649
-25.742,10.603,21.624,8.2539,-21.774,20.481,-12.64,-32.227,-29.969,-15.468,-15.565,4.2026
-21.3,13.968,22.034,5.313,-18.745,23.52,-14.745,-29.619,-28.41,-14.533,-15.109,3.5986
-16.415,19.324,23.128,1.8865,-15.359,28.606,-14.367,-26.339,-26.417,-13.215,-14.36,3.0024
-11.375,27.19,25.445,-2.0558,-11.927,35.684,-10.955,-22.363,-23.964,-11.497,-13.332,2.5566
-6.4542,36.825,29.175,-6.5224,-8.783,43.414,-4.5964,-17.845,-21.166,-9.4723,-12.028,2.3757
-1.8871,47.02,33.985,-11.458,-6.2804,51.037,4.0291,-13.113,-18.236,-7.3084,-10.436,2.5585
2.1275,57.343,39.449,-16.725,-4.7725,58.827,13.857,-8.5856,-15.407,-5.1726,-8.5488,3.1925
5.3973,67.697,45.52,-22.158,-4.569,67.033,23.637,-4.6368,-12.85,-3.1593,-6.405,4.322
7.7488,77.844,52.382,-27.677,-5.8709,75.553,32.154,-1.4629,-10.631,-1.2538,-4.1077,5.9131
9.0887,87.605,60.105,-33.338,-8.6941,84.154,38.644,0.96545,-8.7028,0.6452,-1.8138,7.8658
9.447,96.987,68.538,-39.331,-12.789,92.654,43.074,2.8435,-6.9352,2.6537,0.31719,10.075
8.9651,106.04,77.347,-45.839,-17.66,100.91,45.784,4.4191,-5.1812,4.8287,2.196,12.474
7.8518,114.67,86.081,-52.747,-22.723,108.75,47.01,5.8967,-3.3323,7.1386,3.8616,15.004
6.3583,122.64,94.259,-59.416,-27.464,115.98,46.952,7.3885,-1.3458,9.4898,5.4791,17.522
4.7726,129.63,101.44,-65.005,-31.501,122.36,45.89,8.9049,0.75951,11.782,7.2752,19.751
3.3985,135.43,107.23,-69.119,-34.576,127.69,44.049,10.373,2.9258,13.953,9.4407,21.333
2.5301,139.98,111.4,-71.956,-36.496,131.88,41.509,11.675,5.0836,15.994,12.042,21.996
2.427,143.44,113.92,-73.976,-37.118,134.99,38.297,12.69,7.1761,17.947,14.982,21.767
3.2542,146.12,114.98,-75.618,-36.428,137.29,34.514,13.326,9.1706,19.878,18.043,21.047
4.9925,148.39,114.96,-77.189,-34.67,139.15,30.409,13.525,11.044,21.852,20.982,20.46
7.4012,150.54,114.37,-78.846,-32.358,140.89,26.34,13.232,12.751,23.893,23.632,20.575
10.08,152.74,113.76,-80.634,-30.108,142.72,22.65,12.357,14.19,25.967,25.947,21.682
12.593,154.99,113.55,-82.532,-28.419,144.6,19.526,10.785,15.224,27.985,27.989,23.697
14.615,157.15,113.89,-84.478,-27.498,146.38,16.937,8.446,15.744,29.847,29.873,26.22
16.05,159.11,114.69,-86.379,-27.214,147.84,14.689,5.391,15.737,31.493,31.697,28.663
17.078,160.75,115.57,-88.151,-27.16,148.87,12.563,1.8156,15.296,32.91,33.49,30.445
18.088,162.03,116.05,-89.768,-26.825,149.4,10.413,-1.9866,14.575,34.106,35.191,31.155
19.521,162.98,115.68,-91.283,-25.783,149.41,8.1722,-5.711,13.718,35.073,36.68,30.609
21.675,163.65,114.22,-92.787,-23.839,148.96,5.7974,-9.119,12.82,35.768,37.833,28.868
24.568,164.06,111.69,-94.341,-21.073,148.05,3.2817,-12.08,11.917,36.108,38.575,26.25
27.94,164.13,108.3,-95.922,-17.789,146.68,0.68267,-14.576,10.99,36.002,38.889,23.253
31.38,163.72,104.36,-97.427,-14.428,144.74,-1.96,-16.683,9.9782,35.375,38.798,20.391
34.477,162.68,100.3,-98.697,-11.447,142.17,-4.7459,-18.548,8.7787,34.177,38.324,18.04
36.878,160.96,96.455,-99.525,-9.1843,139.06,-7.8687,-20.367,7.249,32.384,37.456,16.352
38.282,158.6,92.989,-99.654,-7.7464,135.57,-11.451,-22.334,5.2281,29.975,36.167,15.249
38.477,155.58,89.736,-98.79,-6.9976,131.74,-15.406,-24.587,2.5879,26.944,34.434,14.457
37.425,151.71,86.269,-96.602,-6.6678,127.49,-19.375,-27.156,-0.70795,23.325,32.214,13.567
35.24,146.65,82.13,-92.716,-6.5116,122.62,-22.794,-29.964,-4.5792,19.196,29.389,12.196
32.032,139.95,77.088,-86.805,-6.4275,117.02,-25.062,-32.87,-8.8556,14.658,25.769,10.203
27.81,131.29,71.233,-78.725,-6.5111,110.55,-25.728,-35.735,-13.337,9.8017,21.16,7.7579
22.551,120.51,64.894,-68.585,-7.0083,103.16,-24.669,-38.47,-17.849,4.6864,15.514,5.1786
16.302,107.79,58.513,-56.775,-8.1635,94.924,-22.173,-41.05,-22.282,-0.64866,9.0656,2.7247
9.2146,93.565,52.49,-43.993,-10.05,86.013,-18.886,-43.497,-26.596,-6.1546,2.3558,0.51914
1.6017,78.482,46.98,-31.262,-12.482,76.653,-15.603,-45.859,-30.808,-11.747,-3.9714,-1.4503
-5.9986,63.281,41.815,-19.775,-15.041,67.041,-13.004,-48.186,-34.968,-17.301,-9.473,-3.2953
-12.837,48.743,36.644,-10.493,-17.198,57.352,-11.449,-50.513,-39.111,-22.67,-14.065,-5.1378
-18.158,35.654,31.214,-3.7354,-18.472,47.78,-10.924,-52.839,-43.225,-27.714,-17.947,-7.005
-21.505,24.686,25.595,0.83698,-18.602,38.564,-11.128,-55.126,-47.23,-32.322,-21.405,-8.7984
-22.878,16.328,20.164,3.8375,-17.623,30.043,-11.651,-57.3,-50.992,-36.408,-24.642,-10.349
-22.693,10.728,15.336,5.8013,-15.817,22.746,-12.159,-59.289,-54.378,-39.923,-27.697,-11.509
-21.594,7.3492,11.302,7.1144,-13.564,17.089,-12.537,-61.055,-57.305,-42.857,-30.479,-12.231
-20.227,5.2075,7.9822,8.0865,-11.184,12.924,-12.941,-62.614,-59.776,-45.247,-32.851,-12.603
-19.029,3.5269,5.1066,8.9594,-8.8404,9.7177,-13.694,-64.033,-61.868,-47.175,-34.73,-12.819
-18.121,1.9199,2.3401,9.8444,-6.5274,6.9689,-15.062,-65.377,-63.675,-48.742,-36.135,-13.095
-17.34,0.26522,-0.58713,10.696,-4.1387,4.3758,-17.065,-66.677,-65.264,-50.028,-37.197,-13.603
-16.376,-1.4024,-3.7627,11.364,-1.5704,1.8281,-19.433,-67.908,-66.645,-51.084,-38.094,-14.451
-14.898,-2.9712,-7.0744,11.691,1.2207,-0.63108,-21.65,-69.013,-67.795,-51.931,-38.976,-15.693
-12.669,-4.3211,-10.316,11.596,4.2278,-2.8723,-23.098,-69.938,-68.695,-52.59,-39.891,-17.324
-9.627,-5.3762,-13.308,11.091,7.4064,-4.7613,-23.249,-70.668,-69.361,-53.094,-40.796,-19.279
-5.8934,-6.1379,-15.95,10.242,10.663,-6.2305,-21.851,-71.241,-69.857,-53.492,-41.609,-21.438
-1.7493,-6.6985,-18.204,9.1802,13.839,-7.3111,-19.034,-71.73,-70.274,-53.831,-42.278,-23.661
2.3463,-7.2275,-20.052,8.106,16.687,-8.1207,-15.283,-72.22,-70.703,-54.145,-42.815,-25.824
5.7857,-7.925,-21.46,7.2735,18.886,-8.821,-11.284,-72.774,-71.21,-54.45,-43.281,-27.836
7.8997,-8.9443,-22.378,6.9419,20.099,-9.565,-7.7214,-73.417,-71.822,-54.751,-43.749,-29.642
8.0396,-10.324,-22.782,7.3213,20.042,-10.452,-5.098,-74.135,-72.527,-55.051,-44.279,-31.214
5.7673,-11.98,-22.717,8.5352,18.577,-11.505,-3.6562,-74.884,-73.283,-55.356,-44.883,-32.558
1.1142,-13.773,-22.286,10.592,15.817,-12.658,-3.4015,-75.608,-74.041,-55.671,-45.51,-33.705
-5.3418,-15.566,-21.602,13.344,12.15,-13.78,-4.1982,-76.253,-74.748,-55.986,-46.059,-34.7
-12.566,-17.258,-20.743,16.467,8.1412,-14.712,-5.8602,-76.782,-75.359,-56.28,-46.433,-35.603
-19.286,-18.772,-19.821,19.517,4.4311,-15.354,-8.2004,-77.186,-75.837,-56.528,-46.596,-36.495
-24.348,-20.053,-19.066,22.057,1.6931,-15.719,-11.034,-77.479,-76.158,-56.717,-46.603,-37.467
-26.969,-21.078,-18.828,23.773,0.54267,-15.938,-14.148,-77.68,-76.299,-56.845,-46.572,-38.586
-26.749,-21.863,-19.428,24.509,1.3813,-16.175,-17.269,-77.785,-76.224,-56.91,-46.63,-39.845
-23.67,-22.466,-20.945,24.275,4.2057,-16.537,-20.07,-77.751,-75.866,-56.881,-46.843,-41.143
-18.293,-22.949,-23.072,23.266,8.4321,-17.008,-22.23,-77.502,-75.118,-56.68,-47.178,-42.304
-11.876,-23.339,-25.225,21.829,12.961,-17.46,-23.522,-76.958,-73.846,-56.175,-47.5,-43.136
-6.0358,-23.576,-26.753,20.373,16.574,-17.669,-23.874,-76.084,-71.917,-55.205,-47.612,-43.487
-2.1636,-23.509,-27.107,19.267,18.344,-17.355,-23.386,-74.93,-69.266,-53.602,-47.326,-43.275
-1.0467,-22.943,-25.976,18.757,17.824,-16.282,-22.293,-73.662,-66.01,-51.247,-46.521,-42.482
-2.7691,-21.705,-23.376,18.898,15.097,-14.387,-20.881,-72.554,-62.619,-48.142,-45.155,-41.136
-6.7872,-19.729,-19.687,19.531,10.749,-11.867,-19.417,-71.95,-60.071,-44.661,-43.217,-39.306
-12.107,-17.202,-15.621,20.332,5.7843,-9.2453,-18.11,-72.191,-59.595,-42.436,-40.72,-37.145
-17.56,-14.912,-12.352,20.919,1.3579,-7.8324,-17.138,-73.561,-60.866,-46.859,-37.954,-34.917
-22.184,-15.365,-12.871,21.019,-1.6899,-13.578,-16.681,-76.23,-58.9,-62.764,-37.005,-33.028
-25.517,-26.603,-21.388,20.747,-3.542,-32.581,-16.929,-79.895,-48.11,-69.872,-45.053,-32.095
-27.63,-48.917,-30.512,21.453,-5.5933,-43.672,-18.055,-80.257,-30.086,-61.161,-56.771,-33.687
-28.932,-57.299,-32.324,27.794,-9.2171,-44.978,-20.15,-66.78,-7.7143,-44.63,-53.672,-42.576
-29.789,-52.605,-25.932,38.735,-14.957,-38.027,-22.552,-58.671,20.259,-21.006,-42.305,-53.452
-30.337,-38.179,-10.477,37.757,-23.007,-23.089,-22.681,-61.572,56.582,10.574,-25.074,-52.144
-30.683,-14.239,14.893,27.122,-33.417,1.0193,-24.035,-75.994,97.515,50.971,-1.4672,-43.136
-30.81,18.236,47.877,11.372,-45.942,33.717,-29.515,-101.42,140.58,100.8,29.529,-27.129
-29.893,56.699,85.049,-7.6434,-60.03,73.226,-37.635,-137.27,187.82,159.8,69.077,-3.5773
-26.351,97.589,122.99,-28.632,-74.091,114.87,-48.262,-185.19,233.87,226.63,117.74,27.603
-19.054,138.99,158,-51.844,-85.787,154.76,-62.397,-250.85,276.59,299.44,175.47,66.721
-8.1435,181.52,189.86,-78.704,-94.504,193.2,-81.565,-343.52,308.47,375.94,242.62,115.14
5.0878,227.21,220.12,-109.97,-101.33,231.87,-106.9,-471.23,318.52,452.55,318.93,174.85
20.787,277.14,250.7,-144.91,-107.51,272.26,-138.51,-635.55,295.37,523.89,400.65,244.48
42.962,330.34,283.19,-181.97,-113.86,314.86,-175.52,-839.11,230.89,583.03,481.93,319.1
65.836,383.96,317.38,-218.61,-120.82,358.63,-215.97,-1082.4,123,624.46,556.81,392.81
82.067,433.6,350.44,-251.37,-128.61,400.4,-256.28,-1355.4,-22.136,645.56,618.95,459.42
92.009,473.76,378.25,-276.65,-136.86,435.09,-291.85,-1640.5,-190.04,645.82,661.54,511.78
93.849,498.02,397.01,-290.76,-144.93,456.87,-319.47,-1916.4,-363.38,624.68,677.29,541.67
85.184,500.01,403.8,-289.17,-152.39,460.59,-338.97,-2163.1,-529.79,579.82,658.64,541.72
64.221,473.8,396.89,-267.37,-159.04,442.56,-352.33,-2365.3,-683.69,506.34,598.71,506.85
30.17,416.05,376.2,-222.69,-164.86,401.42,-362.5,-2514.5,-824.13,397.96,493.05,434.76
-16.722,327.83,342.96,-155.46,-170.4,338.8,-372.56,-2609.7,-955.31,250.01,342.47,327.15
-75.609,215.59,299.24,-69.599,-176.92,259.51,-384.87,-2656,-1084.7,63.428,154.88,191.71
-143.28,90.606,248.65,27.177,-185.42,171.4,-400.35,-2662.2,-1217.2,-152.59,-54.733,42.019
-212.26,-33.09,196.72,124.47,-194.92,84.207,-418.77,-2636.9,-1349.9,-380.59,-265.94,-105.32
-275.74,-141.97,149.32,211.49,-203.36,7.2483,-439.33,-2585.4,-1471.2,-597.45,-456.57,-234.17
-325.98,-226.46,109.93,279.31,-208.86,-53.111,-460.75,-2508.8,-1563.9,-779.12,-607.09,-332.58
-357.68,-282.68,78.823,323.3,-209.66,-95.002,-481.27,-2406,-1611.7,-906.34,-705.26,-395.46
-370.68,-312.03,54.416,343.57,-205.49,-120.48,-498.7,-2277.1,-1605.4,-970.01,-748.68,-424.06
-365.92,-319.09,34.075,342.97,-195.89,-133.56,-510.75,-2124.9,-1546.5,-973.53,-744.39,-423.81
-344.38,-309.54,14.941,325.61,-179.31,-138.39,-515.39,-1954.7,-1445.5,-930.46,-704.94,-402.71
-308.84,-289.02,-4.5506,296.51,-155.32,-138.09,-511.04,-1771.7,-1317.8,-858.51,-643.77,-369.31
-263.6,-262.27,-23.628,260.53,-125.39,-134.25,-496.26,-1580.3,-1177.1,-773.21,-572.55,-330.37
-213.38,-232.39,-36.543,221.47,-91.783,-127.09,-469.64,-1383.4,-1032.4,-684.41,-500.32,-290.65
-162.6,-200.9,-31.683,182.05,-57.184,-112.79,-431.22,-1184.8,-888.38,-596.81,-432.56,-253.58
-114.69,-167.28,-26.535,144.24,-24.816,-95.64,-383.9,-989.18,-748.47,-512.21,-371.41,-220.74
-73.083,-134.93,-28.66,110.77,1.9118,-82.908,-332.48,-803.32,-617.09,-432.46,-317.61,-193.69
-42.013,-112.66,-31.801,85.325,20.325,-74.965,-281.48,-634.49,-498.24,-361.13,-271.67,-172.16
-23.244,-97.335,-33.255,68.057,29.9,-68.165,-233.99,-488.92,-394.42,-299.49,-231.63,-153.02
-15.498,-85.155,-32.15,57.314,31.504,-60.9,-191.62,-370.1,-307.84,-245.93,-194.65,-134.93
-17.288,-74.706,-28.563,51.557,24.729,-52.905,-154.5,-277.78,-239.96,-200.89,-160.89,-117.56
-25.888,-65.342,-23.143,49.04,9.5859,-44.392,-121.4,-208.48,-189.4,-165.62,-132.36,-100.77
-37.155,-56.424,-16.778,47.884,-2.7837,-35.761,-91.243,-157.04,-152.4,-139.25,-110.1,-85.512
-43.597,-47.414,-10.417,45.492,-8.9552,-27.508,-64.752,-118.24,-124.81,-119.77,-93.907,-72.633
-39.155,-38.225,-4.9623,38.673,-12.412,-20.197,-42.982,-87.932,-103.34,-105.16,-82.719,-61.827
-36.121,-29.735,-1.0967,31.823,-13.881,-14.272,-25.819,-63.342,-85.965,-93.698,-75.039,-52.466
-32.204,-23.031,0.90541,26.803,-13.379,-9.8283,-12.657,-42.852,-71.771,-84.023,-69.082,-44.44
-26.782,-17.968,1.2591,22.594,-11.282,-6.6282,-2.6846,-25.76,-61.207,-75.072,-63.015,-38.083
-20.616,-13.957,0.55503,18.856,-8.3244,-4.3223,5.0514,-16.32,-57.756,-66.631,-56.661,-33.572
-14.882,-10.647,-0.51525,15.681,-5.306,-2.6364,11.374,-18.443,-56.279,-59.566,-51.205,-30.52
-10.591,-7.9865,-1.4477,13.293,-2.808,-1.4441,15.704,-15.235,-51.999,-54.049,-47.053,-28.361
-8.2764,-6.0696,-2.0764,11.832,-1.089,-0.73112,17.289,-6.6419,-47.131,-49.682,-43.847,-26.73
-7.9105,-4.9771,-2.5488,11.246,-0.10857,-0.52245,18.55,3.0416,-42.708,-46.099,-41.199,-25.453
-8.925,-4.6708,-3.1541,11.319,0.40778,-0.81022,20.677,12.092,-38.885,-43.019,-38.947,-24.417
-10.437,-4.9739,-4.0944,11.764,0.81864,-1.5159,23.217,20.006,-35.583,-40.239,-37.088,-23.497
-11.627,-5.6193,-5.3933,12.268,1.4452,-2.4957,25.47,26.731,-32.69,-37.625,-35.638,-22.572
-11.984,-6.325,-6.9548,12.529,2.4784,-3.5796,27.11,32.331,-30.136,-35.122,-34.555,-21.58
-11.34,-6.8651,-8.6298,12.337,3.9097,-4.6199,28.173,36.88,-27.91,-32.752,-33.717,-20.563
-9.854,-7.1172,-10.255,11.654,5.5441,-5.5222,28.849,40.462,-26.039,-30.585,-32.951,-19.656
-7.9231,-7.0784,-11.684,10.624,7.0914,-6.2434,29.338,43.218,-24.533,-28.676,-32.091,-19.004
-6.0128,-6.8491,-12.796,9.5015,8.2782,-6.7611,29.794,45.367,-23.34,-27.017,-31.025,-18.663
-4.4726,-6.5837,-13.5,8.5281,8.9646,-7.05,30.288,47.186,-22.329,-25.517,-29.74,-18.559
-3.3754,-6.4174,-13.794,7.8413,9.2721,-7.1083,30.767,48.949,-21.315,-24.044,-28.304,-18.549
-2.4563,-6.4026,-13.887,7.4451,9.5986,-7.0137,31.07,50.839,-20.127,-22.483,-26.827,-18.537
-1.2275,-6.4941,-14.204,7.2122,10.452,-6.9184,30.955,52.897,-18.665,-20.777,-25.391,-18.542
0.77957,-6.5915,-15.177,6.9234,12.252,-6.9499,30.201,55.042,-16.926,-18.924,-24.02,-18.678
3.7557,-6.6051,-16.896,6.389,15.136,-7.113,28.763,57.141,-14.971,-16.947,-22.675,-19.05
7.4095,-6.4971,-18.91,5.5962,18.685,-7.3027,26.895,59.088,-12.879,-14.862,-21.275,-19.64
10.9,-6.2811,-20.474,4.7545,21.808,-7.373,25.101,60.841,-10.715,-12.679,-19.739,-20.246
12.928,-5.9944,-20.91,4.2144,23.163,-7.1671,23.932,62.41,-8.5134,-10.413,-18.021,-20.509
12.215,-5.6752,-19.717,4.3205,21.82,-6.558,23.776,63.834,-6.2924,-8.0999,-16.125,-20.031
8.1782,-5.3556,-16.738,5.2658,17.612,-5.5146,24.742,65.149,-4.0545,-5.7929,-14.098,-18.506
1.2284,-5.0666,-12.35,7.0005,11.074,-4.1335,26.639,66.38,-1.7933,-3.5555,-12.012,-15.838
-7.3968,-4.841,-7.3622,9.23,3.298,-2.6219,29.021,67.541,0.49867,-1.4484,-9.9385,-12.191
-15.95,-4.7056,-2.7366,11.495,-4.2004,-1.2484,31.282,68.633,2.8165,0.48015,-7.935,-7.9553
-22.628,-4.6635,0.68962,13.308,-9.85,-0.26752,32.793,69.657,5.1428,2.2155,-6.0269,-3.6294
-26.159,-4.6825,2.3816,14.302,-12.598,0.16364,33.088,70.638,7.475,3.8092,-4.1854,0.33776
-26.088,-4.7041,2.1908,14.325,-12.173,0.038597,32.046,71.646,9.8611,5.3976,-2.3052,3.6776
-22.731,-4.6643,0.33579,13.417,-8.9686,-0.50935,29.944,72.777,12.406,7.1746,-0.21243,6.3414
-16.84,-4.5141,-2.6807,11.746,-3.7187,-1.2737,27.347,74.101,15.229,9.3175,2.278,8.4436
-9.3179,-4.2343,-6.1747,9.5666,2.6514,-2.0569,24.887,75.605,18.402,11.903,5.271,10.146
-1.3383,-3.8438,-9.4801,7.1959,8.9939,-2.728,23.007,77.187,21.894,14.861,8.712,11.552
5.6888,-3.397,-12.188,4.9652,14.25,-3.2343,21.8,78.704,25.57,18.001,12.376,12.677
10.726,-2.9721,-14.17,3.1651,17.853,-3.5792,21.039,80.04,29.238,21.095,15.952,13.51
13.322,-2.6553,-15.358,2.0272,19.625,-3.7925,20.327,81.151,32.738,23.974,19.188,14.091
13.353,-2.5278,-15.64,1.7148,19.467,-3.9075,19.235,82.067,36.009,26.587,21.988,14.541
10.936,-2.6504,-15.065,2.2803,17.481,-3.9596,17.477,82.87,39.099,28.981,24.422,15.018
6.465,-3.0419,-13.912,3.612,14.213,-3.9998,15.087,83.647,42.116,31.242,26.664,15.628
0.90091,-3.6603,-12.562,5.4146,10.52,-4.0944,12.442,84.462,45.172,33.45,28.903,16.374
-4.2782,-4.4016,-11.432,7.2559,7.3295,-4.3025,10.082,85.343,48.357,35.668,31.281,17.166
-7.7114,-5.1188,-10.901,8.6781,5.4422,-4.6496,8.4435,86.284,51.743,37.957,33.849,17.886
-8.6898,-5.6618,-11.178,9.3418,5.304,-5.1135,7.6595,87.261,55.382,40.381,36.557,18.467
-7.2768,-5.9328,-12.211,9.1438,6.8324,-5.6345,7.4848,88.244,59.29,42.984,39.26,18.906
-4.1321,-5.9328,-13.718,8.2407,9.4675,-6.1442,7.4015,89.195,63.406,45.76,41.759,19.235
-0.17993,-5.7641,-15.315,6.9654,12.442,-6.5941,6.8361,90.073,67.595,48.633,43.875,19.481
3.6677,-5.5815,-16.679,5.6962,15.066,-6.9647,5.3827,90.847,71.679,51.479,45.533,19.668
6.694,-5.5228,-17.664,4.7412,16.926,-7.2603,2.9769,91.507,75.501,54.168,46.802,19.823
8.5372,-5.6573,-18.319,4.2582,17.951,-7.5076,-0.041738,92.064,78.952,56.592,47.847,19.941
9.266,-5.9718,-18.829,4.2226,18.352,-7.7571,-3.0453,92.539,81.974,58.68,48.849,19.934
9.2846,-6.3966,-19.409,4.4648,18.496,-8.0726,-5.3544,92.949,84.563,60.41,49.919,19.624
9.0871,-6.8517,-20.191,4.7743,18.718,-8.5026,-6.4747,93.31,86.765,61.812,51.056,18.813
8.9919,-7.2844,-21.186,5.0146,19.168,-9.0526,-6.2587,93.642,88.669,62.956,52.159,17.347
9.029,-7.6793,-22.291,5.1688,19.765,-9.675,-4.9426,93.962,90.382,63.929,53.085,15.223
9.0345,-8.0439,-23.324,5.2978,20.294,-10.287,-3.0426,94.28,91.989,64.807,53.706,12.721
8.8162,-8.3851,-24.108,5.471,20.547,-10.803,-1.1541,94.587,93.529,65.639,53.967,10.405
8.2748,-8.6952,-24.554,5.7201,20.406,-11.172,0.26891,94.858,94.99,66.435,53.898,8.9408
7.4641,-8.9478,-24.702,6.0178,19.897,-11.388,1.0666,95.064,96.326,67.176,53.598,8.8548
6.5906,-9.0984,-24.715,6.2714,19.211,-11.485,1.3944,95.187,97.493,67.832,53.209,10.39
5.9616,-9.0893,-24.804,6.3442,18.654,-11.515,1.604,95.226,98.474,68.389,52.884,13.441
5.8884,-8.8699,-25.145,6.1057,18.526,-11.518,2.0631,95.2,99.286,68.856,52.761,17.573
6.5814,-8.4262,-25.826,5.4884,19.003,-11.521,3.015,95.142,99.974,69.268,52.927,22.141
8.0849,-7.7931,-26.837,4.5121,20.091,-11.535,4.4736,95.078,100.59,69.666,53.383,26.473
10.295,-7.0331,-28.093,3.2535,21.654,-11.555,6.1694,95.024,101.15,70.07,54.017,30.034
13.034,-6.1942,-29.466,1.7899,23.484,-11.556,7.6573,94.977,101.67,70.469,54.633,32.543
16.126,-5.2827,-30.825,0.16462,25.371,-11.493,8.5391,94.925,102.14,70.822,55.037,34.027
19.443,-4.2687,-32.061,-1.6067,27.176,-11.303,8.6243,94.853,102.51,71.088,55.15,34.744
22.917,-3.1209,-33.096,-3.5039,28.864,-10.931,7.9518,94.752,102.79,71.245,55.057,35.027
26.528,-1.8433,-33.875,-5.4703,30.479,-10.353,6.7231,94.618,102.97,71.314,54.964,35.17
30.25,-0.49124,-34.368,-7.4079,32.088,-9.591,5.2177,94.451,103.07,71.359,55.079,35.398
34.006,0.84322,-34.581,-9.2069,33.733,-8.7048,3.7118,94.242,103.11,71.458,55.509,35.85
37.641,2.0613,-34.565,-10.775,35.405,-7.7754,2.4077,93.982,103.12,71.666,56.23,36.579
40.888,3.0838,-34.37,-12.03,37.009,-6.8764,1.3998,93.652,103.11,71.991,57.122,37.583
43.326,3.8613,-33.984,-12.882,38.315,-6.0528,0.69574,93.239,103.09,72.389,58.027,38.864
44.443,4.3708,-33.299,-13.222,38.981,-5.3139,0.25862,92.723,103.04,72.778,58.797,40.449
43.782,4.6077,-32.163,-12.941,38.646,-4.6382,0.030548,92.091,102.94,73.076,59.332,42.37
41.066,4.5821,-30.454,-11.968,37.055,-3.9824,-0.06714,91.328,102.76,73.221,59.599,44.614
36.299,4.3233,-28.126,-10.304,34.159,-3.2944,-0.13287,90.434,102.47,73.19,59.649,47.097
29.853,3.8811,-25.244,-8.0573,30.149,-2.5353,-0.27133,89.422,102.07,73.001,59.592,49.686
22.439,3.3206,-21.996,-5.4424,25.42,-1.707,-0.57204,88.309,101.56,72.697,59.547,52.226
14.976,2.7138,-18.691,-2.7525,20.527,-0.86425,-1.0847,87.104,100.93,72.32,59.578,54.562
8.3748,2.134,-15.703,-0.30509,16.108,-0.09614,-1.7939,85.792,100.19,71.892,59.665,56.55
3.3491,1.6527,-13.373,1.6147,12.761,0.51484,-2.6051,84.342,99.329,71.4,59.714,58.076
0.3211,1.3311,-11.905,2.8063,10.882,0.92727,-3.3601,82.711,98.335,70.807,59.614,59.068
-0.57182,1.2085,-11.317,3.1858,10.567,1.1521,-3.8836,80.862,97.199,70.071,59.29,59.51
0.58796,1.293,-11.454,2.7937,11.621,1.2416,-4.0405,78.777,95.925,69.178,58.732,59.434
3.5297,1.5576,-12.054,1.785,13.666,1.2635,-3.7809,76.477,94.538,68.157,58,58.913
7.7302,1.9354,-12.845,0.41308,16.256,1.2664,-3.1625,74.024,93.08,67.084,57.199,58.034
12.362,2.316,-13.627,-1.0024,18.943,1.2526,-2.3583,71.501,91.584,66.05,56.428,56.888
16.455,2.5542,-14.295,-2.1414,21.298,1.18,-1.6468,68.966,90.037,65.104,55.724,55.558
19.249,2.5104,-14.804,-2.7612,22.951,1.0082,-1.368,66.407,88.355,64.217,55.053,54.132
20.394,2.1285,-15.08,-2.7232,23.645,0.7734,-1.8253,63.722,86.39,63.269,54.326,52.698
19.718,1.5201,-14.962,-1.9559,23.233,0.64922,-3.1431,60.723,83.929,62.082,53.443,51.343
17.031,0.94638,-14.223,-0.43252,21.639,0.92717,-5.1489,57.156,80.712,60.453,52.308,50.121
12.313,0.59534,-12.731,1.7837,18.902,1.8692,-7.4217,52.729,76.447,58.192,50.822,49.027
5.9704,0.25543,-10.75,4.4792,15.328,3.4262,-9.5388,47.178,70.871,55.151,48.858,47.973
-1.1319,-2.3373,-10.551,7.4035,11.614,0.69934,-11.314,40.341,63.857,51.242,46.24,46.784
-7.9143,-18.105,-23.446,10.861,8.6738,-16.527,-12.635,32.251,55.531,46.454,42.76,45.203
-13.396,-34.369,-37.083,16.092,6.7997,-23.91,-13.062,23.183,46.299,40.855,38.252,42.928
-16.907,-41.772,-38.092,22.08,4.9817,-25.725,-12.767,13.613,36.702,34.589,32.705,39.677
-18.187,-41.492,-30.904,23.539,1.9738,-22.538,-13.02,4.0713,27.192,27.841,26.284,35.235
-17.355,-35.939,-17.881,17.675,-3.0073,-16.409,-14.939,-5.0148,17.998,20.796,19.244,29.481
-14.813,-25.209,-2.2694,6.5172,-10.402,-8.0607,-19.552,-13.414,9.1725,13.606,11.815,22.416
-11.125,3.08,17.867,-7.6935,-20.181,13.194,-27.581,-21.07,0.69444,6.3839,4.181,14.208
-6.9773,57.488,53.65,-24.659,-31.573,61.987,-38.736,-28.032,-7.4595,-0.77008,-3.4774,5.227
-3.1091,128.18,110.93,-43.497,-43.159,135.35,-51.406,-34.393,-15.301,-7.7511,-10.933,-4.0032
-0.10699,194.44,176.12,-62.473,-53.69,201.41,-62.987,-40.25,-22.838,-14.45,-17.914,-12.914
1.7311,245.45,225.11,-79.298,-62.742,252.13,-70.91,-45.692,-30.066,-20.765,-24.151,-21.017
2.3458,274.13,251.93,-90.966,-69.731,280.81,-73.5,-50.778,-36.952,-26.596,-29.448,-27.976
1.8269,278.05,256.36,-95.046,-73.613,285.42,-70.218,-55.524,-43.405,-31.84,-33.715,-33.605
0.45963,261.25,244.43,-92.661,-74.067,271.31,-61.648,-59.896,-49.277,-36.393,-36.966,-37.862
-1.1864,232.11,225,-88.554,-71.805,247.75,-49.611,-63.833,-54.408,-40.167,-39.309,-40.834
-2.3533,201.36,205.31,-86.472,-68.094,223.49,-37.131,-67.269,-58.677,-43.137,-40.923,-42.674
-2.282,179.81,188.8,-86.551,-63.859,203.87,-27.041,-70.157,-62.039,-45.346,-42.015,-43.549
-0.35116,169.7,175.17,-87.665,-59.17,190.27,-20.603,-72.466,-64.519,-46.889,-42.748,-43.662
3.6781,166.17,160.75,-89.307,-53.171,180.63,-16.988,-74.192,-66.184,-47.86,-43.179,-43.336
9.3569,166.22,143.75,-91.238,-44.88,171.8,-14.284,-75.353,-67.129,-48.324,-43.253,-42.984
15.584,166.98,128.64,-92.906,-34.973,164.66,-12.058,-75.995,-67.473,-48.31,-42.877,-42.936
20.885,165.62,117.41,-93.433,-26.342,159.66,-10.51,-76.186,-67.35,-47.828,-42.035,-43.312
23.721,161.58,110.76,-91.865,-21.648,155.58,-9.2658,-76.013,-66.904,-46.9,-40.862,-44.031
23.023,156.7,109.62,-87.353,-21.203,150.97,-7.863,-75.561,-66.262,-45.603,-39.626,-44.901
18.653,152.22,110.78,-79.486,-23.886,145.58,-6.3975,-74.901,-65.528,-44.075,-38.627,-45.715
11.513,147.67,111.75,-68.93,-28.269,140.98,-5.3103,-74.094,-64.772,-42.509,-38.048,-46.348
3.2187,142.42,112.32,-57.237,-32.908,137.22,-4.9713,-73.199,-64.041,-41.103,-37.864,-46.806
-4.4305,136.17,112.15,-45.84,-36.395,133.73,-5.5184,-72.275,-63.361,-40.008,-37.871,-47.211
-9.9081,128.85,110.58,-35.608,-37.717,130.16,-6.8592,-71.374,-62.746,-39.279,-37.82,-47.717
-12.352,120.58,107.23,-26.988,-36.576,126.34,-8.7321,-70.513,-62.181,-38.856,-37.546,-48.41
-11.676,111.52,102.47,-20.292,-33.201,122.31,-10.77,-69.673,-61.629,-38.596,-37.017,-49.242
-8.798,101.87,97.304,-15.567,-28.49,118.25,-12.568,-68.805,-61.036,-38.355,-36.339,-50.017
-5.6472,91.706,92.789,-12.389,-24.058,114.39,-13.762,-67.863,-60.368,-38.055,-35.709,-50.426
-4.2417,80.931,89.689,-10.048,-21.553,110.93,-14.104,-66.827,-59.624,-37.716,-35.335,-50.102
-5.794,69.092,88.361,-7.7961,-21.943,107.98,-13.503,-65.701,-58.831,-37.421,-35.318,-48.689
-10.584,56.003,88.631,-5.0602,-25.285,105.54,-12.028,-64.493,-58.015,-37.246,-35.58,-45.944
-17.939,43.671,89.8,-1.7719,-30.799,103.49,-9.8728,-63.192,-57.172,-37.204,-35.869,-41.807
-26.298,35.041,90.902,1.6274,-37.071,101.59,-7.3137,-61.764,-56.266,-37.236,-35.866,-36.419
-33.697,30.095,91.148,4.5451,-42.46,99.582,-4.6587,-60.165,-55.245,-37.24,-35.337,-30.084
-38.5,27.367,90.274,6.5364,-45.7,97.353,-2.2032,-58.36,-54.069,-37.121,-34.249,-23.197
-40.014,25.931,88.581,7.4107,-46.376,95.142,-0.18847,-56.339,-52.723,-36.819,-32.785,-16.165
-38.424,25.397,86.566,7.2082,-44.777,93.349,1.2255,-54.125,-51.226,-36.327,-31.245,-9.3463
-34.401,25.623,84.541,6.1354,-41.474,92.201,1.972,-51.764,-49.609,-35.68,-29.863,-3.0336
-28.923,26.569,82.625,4.4965,-37.151,91.669,2.0848,-49.299,-47.903,-34.926,-28.697,2.5352
-23.157,28.249,80.916,2.6204,-32.611,91.607,1.6958,-46.749,-46.118,-34.085,-27.623,7.1805
-18.152,30.703,79.552,0.78437,-28.687,91.856,1.0137,-44.1,-44.244,-33.142,-26.441,10.818
-14.573,33.987,78.69,-0.84302,-25.958,92.309,0.27671,-41.304,-42.245,-32.041,-24.996,13.439
-12.652,38.145,78.42,-2.2156,-24.563,92.931,-0.31011,-38.285,-40.069,-30.702,-23.253,15.064
-12.17,43.195,78.691,-3.3788,-24.311,93.77,-0.63305,-34.96,-37.654,-29.037,-21.269,15.753
-12.508,49.143,79.312,-4.4268,-24.826,94.926,-0.69852,-31.267,-34.96,-26.984,-19.128,15.612
-12.913,55.995,80.118,-5.4801,-25.627,96.482,-0.62378,-27.208,-31.991,-24.531,-16.905,14.759
-12.812,63.675,81.156,-6.6653,-26.257,98.435,-0.59891,-22.876,-28.812,-21.731,-14.666,13.314
-11.977,71.858,82.587,-8.0775,-26.435,100.69,-0.84063,-18.455,-25.533,-18.686,-12.461,11.44
-10.524,79.957,84.453,-9.7619,-26.148,103.12,-1.5438,-14.171,-22.273,-15.529,-10.318,9.4085
-8.8243,87.42,86.712,-11.761,-25.695,105.67,-2.7894,-10.233,-19.123,-12.384,-8.2218,7.5827
-7.349,94.015,89.412,-14.209,-25.569,108.39,-4.3932,-6.7778,-16.12,-9.3422,-6.131,6.3403
-6.4728,99.813,92.698,-17.372,-26.202,111.45,-5.8209,-3.8499,-13.253,-6.4418,-3.9916,5.9743
-6.336,105.05,96.672,-21.505,-27.778,115,-6.308,-1.3958,-10.469,-3.652,-1.7533,6.6157
-6.8092,110.03,101.24,-26.555,-30.191,119.07,-5.139,0.71266,-7.694,-0.88025,0.62593,8.2
-7.4758,115.01,106.06,-32.165,-33.045,123.53,-1.9181,2.6267,-4.8674,1.9862,3.1684,10.487
-7.6815,120.16,110.64,-38.048,-35.712,128.08,3.2733,4.4603,-1.9723,5.0164,5.8594,13.138
-6.7493,125.54,114.42,-44.207,-37.477,132.4,9.8515,6.2594,0.95663,8.1931,8.6408,15.831
-4.2396,131.08,116.96,-50.759,-37.779,136.26,16.85,8.0154,3.8636,11.422,11.428,18.367
-0.098735,136.6,118.08,-57.656,-36.396,139.51,23.191,9.695,6.7097,14.577,14.141,20.711
5.3191,141.89,117.94,-64.582,-33.475,142.15,28.019,11.251,9.4866,17.554,16.741,22.945
11.317,146.71,116.96,-71.063,-29.512,144.27,30.953,12.604,12.2,20.296,19.241,25.186
16.988,150.89,115.73,-76.632,-25.37,146.06,32.12,13.622,14.835,22.803,21.704,27.516
21.393,154.37,114.86,-80.93,-22.107,147.74,31.978,14.117,17.333,25.115,24.202,29.945
23.75,157.16,114.83,-83.761,-20.568,149.52,31.049,13.9,19.588,27.287,26.763,32.403
23.629,159.35,115.88,-85.123,-21.087,151.49,29.716,12.852,21.483,29.361,29.347,34.75
21.268,161.07,117.89,-85.251,-23.311,153.54,28.109,10.992,22.927,31.348,31.863,36.797
17.745,162.45,120.38,-84.642,-26.159,155.41,26.129,8.4752,23.891,33.212,34.222,38.358
14.518,163.56,122.63,-83.979,-28.356,156.82,23.599,5.5378,24.392,34.88,36.372,39.296
12.922,164.45,123.87,-83.939,-29.101,157.55,20.418,2.4193,24.477,36.263,38.302,39.539
13.823,165.09,123.46,-85.025,-28.148,157.42,16.655,-0.68727,24.188,37.293,40.012,39.082
17.459,165.4,121.02,-87.479,-25.437,156.3,12.581,-3.646,23.565,37.957,41.487,37.95
23.83,165.23,116.54,-91.19,-20.933,154.13,8.6165,-6.3688,22.652,38.302,42.697,36.181
32.737,164.38,110.38,-95.571,-14.857,150.89,5.1737,-8.8183,21.49,38.4,43.599,33.821
43.131,162.74,103.19,-99.654,-7.8878,146.64,2.4708,-11.023,20.092,38.295,44.135,30.929
53.075,160.46,95.792,-102.54,-1.0644,141.82,0.46368,-13.084,18.427,37.959,44.233,27.598
60.479,157.67,89.07,-103.61,4.5506,137.03,-1.0851,-15.156,16.43,37.287,43.811,23.949
63.776,154.08,83.556,-102.39,8.1723,132.47,-2.4556,-17.392,14.031,36.137,42.814,20.109
62.188,149.08,79.132,-98.41,9.3635,127.83,-3.8546,-19.894,11.196,34.386,41.251,16.178
55.786,142.01,75.108,-91.37,8.0889,122.62,-5.4269,-22.682,7.93,31.976,39.19,12.221
45.542,132.45,70.591,-81.249,4.9134,116.42,-7.3156,-25.701,4.274,28.934,36.678,8.2892
33.197,120.35,64.831,-68.467,0.92828,109,-9.6159,-28.839,0.2916,25.358,33.679,4.4463
20.791,106.08,57.444,-54.088,-2.7537,100.32,-12.227,-31.963,-3.9305,21.385,30.105,0.78816
10.065,90.405,48.688,-39.669,-5.4301,90.524,-14.766,-34.938,-8.2844,17.153,25.914,-2.5493
2.0725,74.352,39.672,-26.695,-6.8138,79.989,-16.659,-37.659,-12.656,12.77,21.191,-5.4058
-2.9151,59.019,31.756,-16.222,-6.8955,69.304,-17.34,-40.073,-16.954,8.2908,16.14,-7.6366
-5.3044,45.314,25.555,-8.6915,-5.8909,59.074,-16.472,-42.199,-21.135,3.7174,10.98,-9.1685
-5.8499,33.703,20.866,-3.8985,-4.1538,49.681,-14.081,-44.11,-25.206,-0.97169,5.8506,-10.046
-5.2205,24.178,17.1,-1.2946,-2.0437,41.155,-10.574,-45.908,-29.205,-5.7785,0.80195,-10.439
-3.8784,16.783,13.625,-0.21796,0.17236,33.246,-6.6351,-47.677,-33.15,-10.646,-4.129,-10.599
-2.259,12.17,10.046,0.18128,2.3383,25.765,-3.0324,-49.444,-37.006,-15.45,-8.8571,-10.769
-0.76408,9.8839,6.3581,0.57073,4.3709,19.204,-0.39952,-51.18,-40.685,-20.034,-13.263,-11.083
0.38444,8.3394,2.8148,1.1591,6.2339,14.349,0.92841,-52.832,-44.081,-24.266,-17.238,-11.497
1.1953,6.8481,-0.36272,1.8865,7.9362,11,0.96212,-54.363,-47.121,-28.072,-20.7,-11.809
1.8569,5.357,-3.1165,2.6119,9.5302,8.4709,-0.010262,-55.777,-49.789,-31.453,-23.601,-11.76
2.6315,3.9459,-5.5035,3.1998,11.1,6.3795,-1.5612,-57.111,-52.13,-34.454,-25.935,-11.152
3.7462,2.6714,-7.6228,3.5677,12.739,4.5907,-3.288,-58.421,-54.223,-37.138,-27.745,-9.9439
5.3037,1.5212,-9.5822,3.7172,14.508,3.0185,-4.9576,-59.755,-56.155,-39.562,-29.12,-8.2736
7.2194,0.41022,-11.475,3.7418,16.387,1.5571,-6.5472,-61.133,-57.993,-41.759,-30.192,-6.4212
9.2016,-0.80211,-13.354,3.808,18.245,0.088661,-8.1412,-62.544,-59.774,-43.751,-31.114,-4.7308
10.802,-2.283,-15.213,4.1197,19.847,-1.4886,-9.7768,-63.948,-61.502,-45.552,-32.014,-3.5155
11.533,-4.1895,-17,4.8722,20.921,-3.2402,-11.368,-65.3,-63.157,-47.179,-32.937,-2.9658
11.016,-6.6275,-18.643,6.2042,21.26,-5.1883,-12.733,-66.56,-64.708,-48.645,-33.84,-3.0929
9.1094,-9.6176,-20.081,8.1627,20.794,-7.3082,-13.664,-67.704,-66.113,-49.946,-34.637,-3.7284
5.9762,-13.075,-21.269,10.687,19.628,-9.5238,-14.004,-68.718,-67.328,-51.057,-35.27,-4.5865
2.0718,-16.801,-22.197,13.606,18.031,-11.711,-13.704,-69.59,-68.315,-51.935,-35.743,-5.3793
-1.9499,-20.515,-22.949,16.658,16.415,-13.738,-12.856,-70.308,-69.054,-52.539,-36.114,-5.9473
-5.3889,-23.933,-23.736,19.528,15.259,-15.543,-11.684,-70.866,-69.553,-52.855,-36.448,-6.3402
-7.6875,-26.878,-24.829,21.936,14.971,-17.177,-10.487,-71.276,-69.849,-52.91,-36.775,-6.7955
-8.619,-29.331,-26.42,23.742,15.709,-18.757,-9.5654,-71.57,-70.001,-52.768,-37.077,-7.62
-8.4001,-31.394,-28.486,25.002,17.271,-20.39,-9.1167,-71.793,-70.077,-52.509,-37.311,-9.0393
-7.6029,-33.215,-30.775,25.924,19.152,-22.114,-9.1656,-71.998,-70.136,-52.207,-37.446,-11.086
-6.8743,-34.915,-32.922,26.728,20.755,-23.897,-9.5444,-72.218,-70.216,-51.92,-37.484,-13.587
-6.675,-36.574,-34.59,27.529,21.608,-25.683,-9.9651,-72.461,-70.312,-51.683,-37.459,-16.248
-7.1616,-38.225,-35.575,28.313,21.503,-27.408,-10.147,-72.693,-70.364,-51.496,-37.413,-18.779
-8.153,-39.829,-35.859,28.975,20.547,-29.006,-9.9244,-72.841,-70.257,-51.323,-37.383,-21.005
-9.1949,-41.232,-35.59,29.355,19.134,-30.385,-9.289,-72.797,-69.825,-51.094,-37.386,-22.886
-9.7388,-42.237,-35.02,29.297,17.81,-31.417,-8.3994,-72.434,-68.866,-50.697,-37.414,-24.451
-9.3607,-42.74,-34.465,28.758,17.084,-32.02,-7.5838,-71.636,-67.161,-49.994,-37.424,-25.724
-7.9202,-42.793,-34.238,27.875,17.287,-32.243,-7.2859,-70.341,-64.549,-48.825,-37.338,-26.776
-5.6072,-42.572,-34.552,26.931,18.524,-32.245,-7.9464,-68.601,-61.045,-47.036,-37.04,-27.842
-2.9061,-42.285,-35.47,26.264,20.683,-32.158,-9.8554,-66.627,-57.008,-44.493,-36.379,-29.291
-0.52107,-42.09,-37.052,26.169,23.402,-32.081,-12.962,-64.802,-53.3,-41.151,-35.154,-31.494
0.77174,-42.038,-39.658,26.81,26.076,-32.372,-16.724,-63.621,-51.377,-37.359,-33.132,-34.717
0.35019,-42.207,-43.967,28.162,27.935,-34.59,-20.187,-63.586,-52.629,-35.247,-30.208,-39.07
-2.064,-43.614,-50.534,29.966,28.283,-42.534,-22.301,-65.127,-54.92,-42.818,-27.448,-44.605
-6.3295,-50.275,-58.925,31.77,26.784,-56.157,-22.363,-68.589,-50.386,-62.935,-31.558,-51.85
-11.91,-64.253,-65.577,33.312,23.36,-65.445,-20.363,-74.049,-36.117,-65.756,-49.615,-61.853
-18.013,-74.147,-65.613,35.697,17.705,-67.811,-17.094,-77.147,-16.266,-53.764,-54.455,-69.383
-23.789,-74.809,-57.797,42.038,9.2505,-64.088,-13.792,-64.981,7.7067,-34.339,-45.81,-63.581
-28.471,-67.72,-42.16,49.026,-2.182,-53.253,-10.101,-58.735,37.975,-7.0942,-30.549,-46.095
-31.509,-52.389,-18.903,47.515,-15.906,-34.471,-2.267,-63.62,76.014,28.875,-8.3497,-21.736
-32.882,-28.473,11.396,38.227,-30.704,-7.6639,1.7774,-80.174,118.04,74.145,21.769,7.0963
-33.046,3.1791,47.122,23.296,-45.356,26.2,-2.5856,-107.89,162.74,128.61,60.495,39.324
-31.801,40.652,85.304,3.956,-58.86,65.034,-12.59,-146.4,209.52,191.08,107.34,74.461
-27.797,81.811,122.79,-18.604,-70.577,106.1,-26.524,-197.69,256.38,259.77,161.02,112.1
-20.06,125.71,157.78,-44.485,-80.303,147.4,-44.121,-268.14,298.52,333.35,221.47,152.7
-8.8476,172.93,190.49,-75.274,-88.184,188.71,-66.459,-367.94,326.05,409.92,289.03,198.16
4.9755,223.55,222.34,-111.11,-94.663,230.7,-95.286,-504.52,326.61,484.55,362.67,251
23.362,276.37,254.63,-149.01,-100.46,273.58,-130.18,-677.81,289.21,550.49,439.28,311.47
49.214,330.27,287.6,-186.51,-106.41,316.87,-168.15,-890.83,208.27,601.72,513.84,376.61
69.811,383.12,320.17,-222,-113.07,358.91,-207.31,-1142.1,85.933,634.33,580.62,442.02
83.498,430.57,349.76,-253.08,-120.21,396.09,-245.97,-1419.7,-67.465,646.96,633.98,500.78
91.166,466.4,372.91,-276.06,-127.29,423.7,-281.22,-1704.7,-236.18,639.98,668.01,544.07
91.512,483.45,386.22,-286.08,-134.08,437.04,-310.13,-1975.4,-405.32,612.91,675.34,562.65
81.559,475.14,386.86,-277.91,-140.74,431.95,-331.23,-2211.8,-565.51,562.09,647.03,549.26
57.881,436.58,372.92,-247.18,-147.66,405.14,-345.34,-2400,-712.92,480.4,574.84,500.7
17.689,365.91,343.99,-191.57,-155.42,355.43,-355.66,-2533.6,-849.38,359.89,454.96,417.47
-39.302,266.01,302.09,-112.61,-164.64,285.08,-366.13,-2613.9,-982.03,196.72,290.63,303.4
-109.91,145.63,252,-17.048,-175.2,200.43,-379.61,-2647.9,-1117.4,-4.3933,93.013,166.71
-186.44,18.289,200.11,84.253,-186.27,111.01,-397.09,-2644.9,-1255.5,-229.32,-120.13,19.974
-258.28,-101.06,152.19,179.37,-196.87,27.188,-418.06,-2612.8,-1388,-456.74,-326.84,-122.07
-317.89,-199.81,111.69,258.14,-205.24,-42.631,-441.46,-2555.1,-1499.8,-662.4,-505.37,-245.53
-358.92,-270.49,78.916,313.77,-208.49,-94.038,-465.72,-2471.2,-1573.9,-824.3,-638.33,-339.58
-377.06,-311.77,51.851,343.69,-203.73,-127.27,-488.76,-2359.2,-1597.5,-927.48,-716.6,-398.76
-371.98,-327.43,28.207,349.59,-189.98,-145.92,-507.95,-2220.1,-1566.7,-967.72,-740.96,-424.79
-347.9,-323.82,6.2512,336.2,-168.58,-154.55,-520.54,-2058.3,-1488,-952.11,-720.88,-424.49
-311.16,-307.23,-14.82,309.58,-141.73,-156.65,-523.96,-1880.7,-1374.7,-896.02,-670.87,-405.7
-267.98,-282.83,-34.21,275.56,-112.18,-154.08,-515.5,-1693,-1241.5,-817.1,-605.68,-374.9
-223.48,-254.25,-49.307,238.81,-82.845,-147.72,-492.97,-1499,-1099.7,-729.73,-536.07,-336.92
-180.7,-224.12,-53.978,202.45,-55.844,-138.21,-456.69,-1301.6,-955.76,-641.74,-467.45,-295.69
-141.36,-194.32,-45.963,168.54,-32.495,-126.08,-409.69,-1104.2,-812.93,-555.43,-401.47,-254.39
-107.74,-167.45,-40.656,139.34,-13.368,-112.99,-356.46,-912.35,-675.1,-470.86,-338.97,-215.62
-81.104,-146.75,-40.754,116.29,2.0224,-103.01,-301.66,-732.9,-547.83,-390.62,-282.65,-182.58
-59.843,-131.49,-42.328,97.844,14.038,-96.207,-248.96,-572.99,-435.93,-321.03,-235.44,-156.32
-43.131,-118.81,-43.144,82.252,20.592,-90.346,-200.53,-437.99,-341.93,-263.22,-195.52,-135.41
-31.831,-106.79,-42.161,69.287,17.287,-84.077,-157.36,-329.94,-266.85,-215.61,-161.54,-118.18
-26.553,-94.69,-38.964,59.41,10.452,-76.878,-119.06,-247.21,-209.72,-178.12,-133.84,-103
-27.24,-82.938,-33.589,52.713,6.0432,-68.703,-85.865,-185.45,-167.49,-149.78,-112.32,-88.806
-32.079,-72.355,-26.542,48.771,1.5901,-59.745,-58.671,-139.37,-136.25,-128.65,-96.237,-75.365
-35.097,-63.213,-18.756,46.49,-3.5754,-50.34,-36.51,-104.16,-112.36,-112.72,-84.565,-62.768
-35.28,-55.308,-11.336,44.182,-8.6768,-41.001,-18.559,-76.248,-93.272,-100.36,-76.079,-50.555
-35.974,-48.491,-5.2094,40.968,-12.814,-32.406,-4.4186,-53.392,-77.571,-90.299,-69.228,-40.621
-36.217,-42.691,-0.92933,37.453,-15.397,-25.107,6.466,-34.328,-64.928,-81.575,-61.648,-34.666
-35.061,-37.637,1.3503,34.043,-16.201,-19.305,15.156,-19.722,-57.738,-73.613,-53.361,-31.051
-32.381,-32.996,1.8218,30.724,-15.335,-14.957,23.227,-17.872,-56.807,-66.547,-47.391,-28.46
-28.453,-28.587,0.95555,27.457,-13.15,-11.934,31.051,-18.989,-53.553,-60.631,-43.557,-26.337
-23.765,-24.416,-0.6459,24.23,-10.12,-10.011,36.064,-12.59,-48.656,-55.729,-40.743,-24.424
-18.888,-20.613,-2.4504,21.061,-6.7293,-8.877,39.117,-3.3774,-44.007,-51.691,-38.499,-22.618
-14.345,-17.342,-4.1165,18.016,-3.4079,-8.2768,41.157,5.7217,-40.143,-48.413,-36.75,-20.921
-10.512,-14.708,-5.5139,15.2,-0.5028,-8.0473,42.287,13.68,-37.098,-45.775,-35.492,-19.379
-7.5415,-12.713,-6.6802,12.713,1.7886,-8.055,42.654,20.324,-34.712,-43.616,-34.627,-18.022
-5.3196,-11.267,-7.6806,10.628,3.4845,-8.1633,42.488,25.872,-32.745,-41.736,-33.94,-16.853
-3.5524,-10.236,-8.5389,8.9501,4.7928,-8.2647,41.993,30.646,-30.966,-39.94,-33.176,-15.917
-1.8781,-9.4895,-9.3332,7.5946,6.0306,-8.3287,41.284,34.895,-29.215,-38.087,-32.16,-15.353
0.063145,-8.941,-10.243,6.4154,7.524,-8.4063,40.379,38.725,-27.444,-36.121,-30.874,-15.354
2.5059,-8.56,-11.426,5.2902,9.4886,-8.5778,39.246,42.122,-25.692,-34.069,-29.438,-16.047
5.4035,-8.3547,-12.868,4.1977,11.885,-8.8856,37.875,45.04,-24.033,-32.001,-28.024,-17.374
8.3419,-8.3356,-14.327,3.235,14.33,-9.2966,36.342,47.478,-22.508,-29.98,-26.744,-19.083
10.592,-8.4903,-15.415,2.5842,16.165,-9.7057,34.816,49.497,-21.091,-28.015,-25.586,-20.816
11.333,-8.7834,-15.744,2.4499,16.695,-9.9819,33.511,51.197,-19.696,-26.037,-24.408,-22.225
9.9864,-9.1754,-15.077,2.9844,15.497,-10.029,32.62,52.677,-18.208,-23.915,-23.003,-23.075
6.493,-9.6378,-13.435,4.2167,12.598,-9.8244,32.242,54.019,-16.531,-21.501,-21.182,-23.312
1.3557,-10.151,-11.093,6.0155,8.4675,-9.4218,32.332,55.284,-14.626,-18.691,-18.858,-23.072
-4.5071,-10.69,-8.5062,8.1097,3.8854,-8.9323,32.703,56.507,-12.525,-15.484,-16.114,-22.626
-10.006,-11.227,-6.1884,10.162,-0.25707,-8.4984,33.06,57.695,-10.328,-12.009,-13.206,-22.274
-14.172,-11.734,-4.5861,11.86,-3.2057,-8.2568,33.093,58.836,-8.1595,-8.5012,-10.516,-22.242
-16.406,-12.193,-3.9605,12.999,-4.5413,-8.2887,32.579,59.921,-6.1128,-5.2307,-8.41,-22.619
-16.608,-12.583,-4.3153,13.513,-4.2561,-8.579,31.46,60.974,-4.1974,-2.4154,-7.0742,-23.363
-15.132,-12.876,-5.4036,13.467,-2.7149,-9.0169,29.856,62.045,-2.3392,-0.14635,-6.3883,-24.346
-12.589,-13.03,-6.815,13.003,-0.51335,-9.4447,28.019,63.172,-0.43247,1.6328,-5.9591,-25.403
-9.6391,-13.001,-8.1256,12.278,1.7252,-9.7332,26.203,64.328,1.5782,3.059,-5.3478,-26.363
-6.8667,-12.767,-9.0652,11.414,3.5451,-9.843,24.509,65.406,3.6384,4.2353,-4.3513,-27.047
-4.6688,-12.336,-9.606,10.484,4.7619,-9.8334,22.813,66.258,5.593,5.162,-3.1259,-27.22
-3.19,-11.753,-9.9087,9.5315,5.4246,-9.8138,20.854,66.776,7.2692,5.7674,-2.0615,-26.613
-2.3635,-11.075,-10.182,8.5914,5.7154,-9.873,18.39,66.962,8.5853,5.9991,-1.5143,-24.991
-2.0115,-10.352,-10.572,7.6854,5.8666,-10.033,15.34,66.937,9.6144,5.8977,-1.6042,-22.173
-1.8831,-9.6198,-11.121,6.8011,6.0997,-10.253,11.838,66.898,10.564,5.6107,-2.1853,-18.051
-1.6294,-8.9,-11.804,5.887,6.588,-10.472,8.2187,67.041,11.687,5.3492,-2.9494,-12.707
-0.85228,-8.2214,-12.604,4.8901,7.4708,-10.665,4.9194,67.485,13.19,5.319,-3.5608,-6.5183
0.78837,-7.6257,-13.561,3.778,8.8962,-10.853,2.3516,68.248,15.163,5.6588,-3.7576,-0.12243
3.5292,-7.1464,-14.756,2.5041,11.01,-11.075,0.77632,69.262,17.567,6.4006,-3.4055,5.7737
7.4397,-6.7812,-16.23,1.0118,13.853,-11.349,0.22554,70.41,20.253,7.4587,-2.514,10.624
12.259,-6.4947,-17.911,-0.68964,17.234,-11.659,0.49916,71.569,23.016,8.6599,-1.2084,14.192
17.332,-6.2441,-19.586,-2.4726,20.687,-11.95,1.2354,72.652,25.669,9.8199,0.34511,16.569
21.778,-6.0056,-20.941,-4.087,23.564,-12.147,2.0255,73.626,28.128,10.843,2.032,18.058
24.669,-5.7962,-21.63,-5.1869,25.187,-12.171,2.526,74.52,30.448,11.792,3.85,18.999
25.132,-5.6805,-21.394,-5.4092,25.005,-11.977,2.5158,75.394,32.802,12.88,5.9075,19.616
22.64,-5.7463,-20.159,-4.5153,22.784,-11.581,1.8815,76.311,35.398,14.378,8.3565,19.972
17.341,-6.0515,-18.102,-2.5334,18.76,-11.076,0.59507,77.288,38.375,16.497,11.283,20.036
10.147,-6.5774,-15.628,0.20058,13.647,-10.606,-1.2449,78.294,41.741,19.302,14.614,19.793
2.4944,-7.2199,-13.251,3.1367,8.4471,-10.298,-3.3512,79.276,45.391,22.694,18.121,19.293
-4.095,-7.8209,-11.411,5.6871,4.1432,-10.192,-5.274,80.206,49.195,26.478,21.541,18.661
-8.5038,-8.2129,-10.317,7.3968,1.4013,-10.212,-6.5285,81.118,53.079,30.449,24.72,18.073
-10.314,-8.2529,-9.916,8.0368,0.41079,-10.187,-6.7485,82.085,57.049,34.454,27.655,17.722
-9.6763,-7.8499,-9.9803,7.5969,0.96096,-9.9302,-5.7949,83.178,61.142,38.408,30.411,17.742
-6.9696,-6.9905,-10.271,6.2185,2.6842,-9.3325,-3.7952,84.418,65.352,42.249,33.01,18.158
-2.6438,-5.7547,-10.659,4.1386,5.2398,-8.4223,-1.1241,85.76,69.588,45.908,35.38,18.874
2.6977,-4.3029,-11.151,1.6582,8.3226,-7.3532,1.6713,87.111,73.681,49.286,37.389,19.717
8.2892,-2.8267,-11.819,-0.89684,11.603,-6.3272,3.9981,88.366,77.448,52.281,38.936,20.516
13.374,-1.48,-12.681,-3.2377,14.725,-5.4992,5.3755,89.44,80.752,54.824,40.006,21.171
17.399,-0.33114,-13.598,-5.1637,17.341,-4.9164,5.5649,90.288,83.542,56.905,40.693,21.673
20.037,0.63933,-14.267,-6.5714,19.1,-4.5045,4.6183,90.916,85.853,58.577,41.17,22.083
21.068,1.5033,-14.32,-7.4259,19.643,-4.0883,2.8285,91.373,87.783,59.948,41.644,22.474
20.354,2.3383,-13.466,-7.7364,18.718,-3.4579,0.61679,91.728,89.45,61.145,42.293,22.877
18.01,3.1883,-11.632,-7.5667,16.362,-2.4739,-1.5927,92.046,90.951,62.279,43.189,23.269
14.525,4.0455,-9.0364,-7.052,12.98,-1.1529,-3.4711,92.358,92.331,63.399,44.26,23.601
10.683,4.8549,-6.1527,-6.3751,9.261,0.32179,-4.8245,92.648,93.58,64.487,45.309,23.844
7.2842,5.5374,-3.5619,-5.7092,5.9576,1.6734,-5.5759,92.867,94.661,65.471,46.103,24.014
4.8876,6.0228,-1.7539,-5.1717,3.6588,2.6493,-5.7211,92.958,95.539,66.278,46.484,24.155
3.6965,6.2829,-0.9683,-4.8171,2.6296,3.1222,-5.2976,92.887,96.208,66.869,46.448,24.32
3.5977,6.3481,-1.143,-4.6573,2.7725,3.1326,-4.3815,92.656,96.7,67.263,46.15,24.565
4.3015,6.3027,-1.9763,-4.6884,3.7265,2.8601,-3.1055,92.299,97.065,67.526,45.839,24.933
5.4978,6.2609,-3.0561,-4.9116,5.0466,2.5381,-1.6733,91.856,97.344,67.732,45.744,25.411
6.9595,6.3307,-4.0092,-5.3407,6.37,2.3543,-0.34779,91.345,97.537,67.925,45.978,25.874
8.5821,6.5775,-4.6404,-5.9934,7.5207,2.3842,0.58616,90.742,97.606,68.1,46.494,26.094
10.366,7.001,-4.9946,-6.8688,8.5241,2.5815,0.86678,89.989,97.491,68.211,47.094,25.822
12.341,7.5361,-5.2887,-7.9217,9.5224,2.8184,0.30842,89.019,97.133,68.19,47.499,24.934
14.464,8.0789,-5.7497,-9.0503,10.644,2.9522,-1.1398,87.778,96.509,67.984,47.477,23.54
16.546,8.525,-6.479,-10.11,11.903,2.8899,-3.3567,86.259,95.652,67.585,46.957,21.961
18.273,8.8052,-7.4232,-10.954,13.169,2.6249,-6.0675,84.506,94.649,67.053,46.091,20.605
19.333,8.9076,-8.4249,-11.478,14.24,2.2376,-8.917,82.607,93.627,66.502,45.193,19.815
19.565,8.8785,-9.2946,-11.658,14.932,1.8621,-11.564,80.664,92.703,66.065,44.609,19.763
19.063,8.8009,-9.8761,-11.555,15.173,1.6333,-13.759,78.757,91.937,65.841,44.567,20.395
18.165,8.762,-10.104,-11.287,15.038,1.6328,-15.386,76.914,91.302,65.865,45.101,21.438
17.358,8.8268,-10.049,-10.998,14.76,1.8546,-16.462,75.094,90.693,66.089,46.045,22.46
17.135,9.0298,-9.9116,-10.857,14.674,2.2124,-17.094,73.19,89.961,66.402,47.099,23.015
17.868,9.3825,-9.9283,-11.043,15.084,2.5898,-17.415,71.074,88.971,66.669,47.936,22.82
19.672,9.8847,-10.225,-11.682,16.111,2.9082,-17.523,68.655,87.658,66.777,48.338,21.895
22.302,10.531,-10.731,-12.772,17.588,3.1726,-17.431,65.931,86.06,66.672,48.289,20.566
25.196,11.304,-11.196,-14.158,19.104,3.4699,-17.096,62.989,84.293,66.356,47.977,19.314
27.666,12.163,-11.303,-15.578,20.164,3.9181,-16.486,59.959,82.49,65.873,47.697,18.548
29.123,13.033,-10.798,-16.737,20.369,4.5935,-15.65,56.941,80.722,65.271,47.698,18.441
29.24,13.824,-9.6042,-17.397,19.538,5.4828,-14.748,53.958,78.951,64.584,48.057,18.916
28.022,14.444,-7.8573,-17.448,17.771,6.4853,-14.012,50.97,77.063,63.82,48.636,19.763
25.801,14.834,-5.8601,-16.937,15.429,7.4535,-13.681,47.919,74.927,62.958,49.13,20.756
23.129,14.984,-3.9834,-16.046,13.024,8.2513,-13.892,44.773,72.467,61.953,49.189,21.743
20.592,14.927,-2.5333,-15.006,11.039,8.7988,-14.595,41.553,69.698,60.753,48.548,22.681
18.603,14.726,-1.6395,-14.003,9.7417,9.1039,-15.511,38.33,66.735,59.326,47.156,23.63
17.255,14.451,-1.2143,-13.124,9.0972,9.2591,-16.188,35.199,63.74,57.678,45.21,24.697
16.333,14.156,-1.0065,-12.348,8.8135,9.4024,-16.137,32.228,60.832,55.853,43.091,25.944
15.446,13.869,-0.70411,-11.593,8.474,9.6614,-15,29.417,58.014,53.901,41.201,27.333
14.189,13.605,-0.045316,-10.772,7.6871,10.107,-12.663,26.685,55.147,51.842,39.786,28.736
12.286,13.358,1.0978,-9.8323,6.214,10.737,-9.2978,23.899,51.993,49.642,38.81,29.997
9.7134,13.125,2.6797,-8.7712,4.0535,11.485,-5.3103,20.883,48.3,47.201,37.949,30.994
6.7155,12.897,4.5064,-7.6401,1.4344,12.242,-1.2144,17.475,43.902,44.383,36.708,31.673
3.6804,12.667,6.3313,-6.5353,-1.3035,12.9,2.5135,13.583,38.795,41.035,34.613,32.047
0.95573,12.448,7.9801,-5.5649,-3.87,13.409,5.5589,9.2264,33.164,37.071,31.428,32.178
-1.2612,12.272,9.4171,-4.8002,-6.1242,13.807,7.8233,4.5474,27.315,32.544,27.323,32.133
-2.9432,12.165,10.702,-4.2364,-8.0689,14.182,9.3995,-0.24505,21.545,27.677,22.878,31.933
-4.2014,12.105,11.889,-3.7798,-9.7807,14.582,10.496,-4.9549,16.044,22.797,18.81,31.524
-5.2394,11.987,12.964,-3.2614,-11.334,14.959,11.317,-9.4581,10.858,18.222,15.533,30.804
-6.3146,11.641,13.839,-2.4736,-12.756,15.184,11.939,-13.714,5.9466,14.156,12.922,29.678
-7.6973,10.889,14.383,-1.2276,-14.028,15.104,12.269,-17.738,1.2351,10.638,10.435,28.124
-9.6052,9.6198,14.475,0.57952,-15.109,14.61,12.112,-21.57,-3.3419,7.5604,7.4768,26.217
-12.126,7.8411,14.06,2.9248,-15.969,13.681,11.302,-25.247,-7.8216,4.7285,3.7474,24.088
-15.169,5.6848,13.194,5.6622,-16.616,12.395,9.8039,-28.791,-12.206,1.943,-0.59604,21.873
-18.468,3.373,12.051,8.5555,-17.09,10.91,7.7595,-32.206,-16.469,-0.92608,-5.05,19.666
-21.633,1.1655,10.866,11.319,-17.432,9.4253,5.4525,-35.489,-20.572,-3.9083,-9.0617,17.501
-24.228,-0.69218,9.8334,13.658,-17.632,8.1364,3.2098,-38.641,-24.494,-6.9579,-12.318,15.37
-25.841,-2.0094,9.0296,15.315,-17.607,7.1834,1.2892,-41.675,-28.24,-10.013,-14.85,13.249
-26.182,-2.6801,8.4049,16.108,-17.242,6.6271,-0.19193,-44.614,-31.84,-13.038,-16.94,11.133
-25.197,-2.699,7.8536,15.985,-16.481,6.451,-1.2641,-47.479,-35.317,-16.026,-18.922,9.0485
-23.149,-2.1613,7.3271,15.057,-15.411,6.588,-2.0582,-50.258,-38.667,-18.97,-21.01,7.0498
-20.564,-1.2386,6.8948,13.58,-14.259,6.9536,-2.7347,-52.917,-41.853,-21.846,-23.214,5.1843
-18.033,-0.13769,6.6974,11.892,-13.295,7.4641,-3.4174,-55.379,-44.812,-24.601,-25.37,3.4641
-16.01,0.9534,6.8253,10.302,-12.714,8.0386,-4.153,-57.55,-47.466,-27.173,-27.253,1.8663
-14.707,1.9107,7.2322,9.0084,-12.555,8.5967,-4.912,-59.342,-49.738,-29.479,-28.672,0.35811
-14.06,2.6854,7.7422,8.0577,-12.667,9.0589,-5.6305,-60.69,-51.566,-31.442,-29.549,-1.0928
-13.757,3.2735,8.1059,7.363,-12.732,9.3449,-6.2665,-61.583,-52.917,-33.005,-29.924,-2.5421
-13.345,3.6666,8.061,6.7867,-12.357,9.3759,-6.8351,-62.065,-53.804,-34.15,-29.936,-4.0987
-12.426,3.8313,7.4061,6.2364,-11.226,9.093,-7.3987,-62.225,-54.288,-34.896,-29.752,-5.9141
-10.848,3.7437,6.0871,5.7047,-9.2484,8.4906,-8.0237,-62.168,-54.454,-35.284,-29.477,-8.1204
-8.7696,3.4259,4.2622,5.2536,-6.6369,7.6446,-8.7342,-61.977,-54.389,-35.356,-29.115,-10.736
-6.593,2.9471,2.2893,4.9717,-3.874,6.7107,-9.501,-61.701,-54.165,-35.15,-28.602,-13.632
-4.8321,2.4021,0.62823,4.9435,-1.5819,5.8857,-10.279,-61.352,-53.827,-34.701,-27.895,-16.568
-3.9614,1.8884,-0.30495,5.2187,-0.34048,5.347,-11.07,-60.934,-53.405,-34.057,-27.044,-19.304
-4.2801,1.4903,-0.27254,5.785,-0.50403,5.2009,-11.95,-60.449,-52.927,-33.291,-26.219,-21.688
-5.8223,1.2657,0.71217,6.5577,-2.0876,5.461,-13.005,-59.909,-52.427,-32.506,-25.625,-23.709
-8.3559,1.2351,2.4145,7.4019,-4.769,6.0564,-14.217,-59.319,-51.931,-31.818,-25.359,-25.486
-11.472,1.377,4.4761,8.185,-8.0056,6.8591,-15.382,-58.674,-51.444,-31.314,-25.338,-27.211
-14.718,1.636,6.5395,8.8274,-11.228,7.7238,-16.131,-57.953,-50.946,-31,-25.366,-29.056
-17.72,1.9435,8.3471,9.3157,-14.025,8.5305,-16.061,-57.125,-50.392,-30.792,-25.266,-31.064
-20.229,2.2483,9.7786,9.6695,-16.209,9.2195,-14.886,-56.153,-49.728,-30.549,-24.969,-33.057
-22.089,2.5441,10.832,9.8913,-17.752,9.8053,-12.551,-54.994,-48.899,-30.133,-24.517,-34.604
-23.191,2.8773,11.582,9.9326,-18.679,10.36,-9.2776,-53.604,-47.856,-29.456,-24.005,-35.123
-23.422,3.3328,12.148,9.6925,-19.016,10.978,-5.5259,-51.949,-46.565,-28.503,-23.522,-34.098
-22.664,4.0067,12.664,9.0465,-18.744,11.738,-1.8574,-50.01,-45.014,-27.318,-23.1,-31.273
-20.835,4.982,13.239,7.895,-17.804,12.715,1.246,-47.785,-43.21,-25.975,-22.693,-26.736
-17.992,6.3241,13.968,6.2122,-16.177,14.027,3.5555,-45.281,-41.18,-24.542,-22.187,-20.89
-14.4,8.106,15.006,4.074,-14.002,15.917,5.1677,-42.503,-38.958,-23.058,-21.441,-14.339
-10.503,10.463,16.666,1.6441,-11.628,18.809,6.4245,-39.458,-36.587,-21.536,-20.344,-7.7198
-6.8286,13.664,19.408,-0.8821,-9.5485,23.203,7.727,-36.171,-34.107,-19.981,-18.857,-1.5276
-3.8653,18.126,23.606,-3.3453,-8.2758,29.268,9.3646,-32.701,-31.559,-18.396,-17.016,3.9903
-1.9541,24.248,29.266,-5.6696,-8.218,36.529,11.413,-29.152,-28.977,-16.787,-14.906,8.8199
-1.191,32.065,35.997,-7.8787,-9.5808,44.293,13.675,-25.683,-26.397,-15.164,-12.62,13.045
-1.4045,41.102,43.311,-10.094,-12.31,52.245,15.758,-22.489,-23.864,-13.545,-10.216,16.705
-2.24,50.737,50.82,-12.549,-16.062,60.32,17.407,-19.751,-21.422,-11.937,-7.6906,19.762
-3.3066,60.58,58.207,-15.657,-20.251,68.361,18.795,-17.561,-19.089,-10.306,-4.9478,22.179
-4.2857,70.456,65.215,-20.059,-24.267,76.12,20.421,-15.874,-16.82,-8.541,-1.8043,23.982
-4.9465,80.19,71.715,-26.298,-27.702,83.462,22.775,-14.507,-14.501,-6.446,1.9506,25.257
-5.1154,89.489,77.794,-33.951,-30.371,90.421,26.066,-13.224,-11.994,-3.8018,6.4254,26.103
-4.627,98.005,83.672,-41.618,-32.227,97.025,30.105,-11.844,-9.227,-0.47104,11.476,26.59
-3.2477,105.56,89.291,-48.348,-33.238,103.11,34.333,-10.328,-6.248,3.5055,16.67,26.757
-0.60956,112.3,94.036,-54.257,-33.192,108.34,38.005,-8.7768,-3.2135,7.8908,21.453,26.621
3.7244,118.55,97.132,-59.955,-31.62,112.49,40.464,-7.3817,-0.33081,12.316,25.406,26.196
9.9615,124.63,98.166,-65.927,-28.119,115.59,41.371,-6.3527,2.2072,16.385,28.399,25.506
17.675,130.54,97.24,-72.224,-22.748,117.92,40.774,-5.8686,4.2674,19.787,30.57,24.59
25.868,136.02,95.013,-78.432,-16.237,119.85,39.022,-6.0498,5.7962,22.378,32.21,23.517
33.268,140.71,92.624,-83.834,-10.09,121.73,36.613,-6.9529,6.8104,24.204,33.618,22.386
38.378,144.33,91.304,-87.719,-6.1034,123.75,34.035,-8.5769,7.364,25.439,34.987,21.326
39.808,146.8,91.938,-89.623,-5.5721,125.93,31.624,-10.863,7.5133,26.291,36.348,20.469
36.882,148.22,94.745,-89.42,-8.8833,128.18,29.465,-13.69,7.3014,26.932,37.608,19.914
30.07,148.74,99.159,-87.347,-15.329,130.37,27.376,-16.877,6.7571,27.45,38.63,19.698
20.969,148.55,104.01,-83.993,-23.2,132.26,24.976,-20.226,5.8917,27.849,39.303,19.784
11.808,147.85,107.96,-80.184,-30.364,133.57,21.86,-23.564,4.7041,28.052,39.57,20.082
4.731,146.85,109.97,-76.761,-35.08,134.04,17.823,-26.753,3.2084,27.955,39.422,20.53
1.0476,145.84,109.71,-74.39,-36.616,133.63,13.001,-29.677,1.4706,27.485,38.891,21.184
0.9095,145.07,107.45,-73.468,-35.19,132.52,7.7632,-32.246,-0.39538,26.619,38.04,22.221
3.6229,144.73,103.45,-74.089,-31.498,130.84,2.4862,-34.422,-2.2888,25.353,36.931,23.814
8.1618,144.82,97.927,-76.036,-26.459,128.32,-2.5327,-36.274,-4.2065,23.642,35.589,26
13.599,145.09,91.414,-78.879,-21.027,124.65,-7.0467,-37.983,-6.2829,21.374,33.973,28.622
19.326,145.06,84.793,-82.02,-15.932,120.13,-10.844,-39.799,-8.744,18.424,31.985,31.323
24.806,144.05,78.642,-84.674,-11.476,115.27,-13.774,-41.938,-11.797,14.739,29.503,33.606
29.658,141.42,72.684,-86.07,-7.4624,109.92,-15.798,-44.499,-15.525,10.385,26.418,34.953
33.916,136.74,66.079,-85.875,-3.496,103.51,-17.015,-47.433,-19.858,5.5245,22.688,34.967
37.714,129.78,58.101,-84.272,0.39931,95.614,-17.592,-50.584,-24.602,0.37406,18.368,33.48
40.863,120.38,48.596,-81.404,3.9933,86.221,-17.699,-53.758,-29.509,-4.8427,13.609,30.531
42.775,108.64,38.104,-76.913,7.2601,75.701,-17.56,-56.79,-34.35,-9.9352,8.6156,26.261
42.754,94.953,27.713,-70.253,10.071,64.669,-17.52,-59.579,-38.966,-14.784,3.5985,20.854
40.403,80,18.64,-61.235,12.111,53.767,-18.01,-62.096,-43.296,-19.356,-1.2811,14.528
35.797,64.63,11.527,-50.287,13.083,43.496,-19.351,-64.37,-47.346,-23.675,-5.9354,7.5352
29.414,49.758,6.2613,-38.433,12.876,34.156,-21.525,-66.448,-51.154,-27.776,-10.321,0.18635
22.01,36.248,2.4132,-26.957,11.625,25.86,-24.115,-68.377,-54.748,-31.673,-14.408,-7.0872
14.464,24.725,-0.40925,-16.93,9.6646,18.584,-26.437,-70.19,-58.13,-35.357,-18.182,-13.749
7.5396,15.421,-2.4609,-8.9147,7.3926,12.274,-27.775,-71.898,-61.277,-38.802,-21.651,-19.287
1.6974,8.2034,-3.9037,-2.9217,5.1537,7.0161,-27.644,-73.494,-64.154,-41.98,-24.82,-23.372
-2.9099,2.7835,-4.8873,1.4519,3.1977,2.9982,-25.954,-74.962,-66.735,-44.871,-27.651,-25.924
-6.3368,-1.1786,-5.5956,4.7738,1.6987,0.13297,-23.041,-76.296,-69.018,-47.469,-30.072,-27.068
-8.7347,-4.1446,-6.2396,7.5103,0.76792,-2.0007,-19.551,-77.509,-71.029,-49.78,-32.019,-27.097
-10.261,-6.6533,-7.0078,9.8837,0.43404,-3.8176,-16.233,-78.633,-72.811,-51.821,-33.484,-26.483
-11.087,-9.1109,-8.0146,11.953,0.63008,-5.5695,-13.709,-79.699,-74.406,-53.617,-34.539,-25.833
-11.465,-11.691,-9.2854,13.743,1.2141,-7.3881,-12.314,-80.73,-75.842,-55.202,-35.325,-25.7
-11.693,-14.385,-10.782,15.27,2.0147,-9.3477,-12.05,-81.728,-77.14,-56.63,-36.004,-26.341
-11.987,-17.108,-12.443,16.536,2.869,-11.49,-12.669,-82.673,-78.312,-57.963,-36.71,-27.609
-12.421,-19.771,-14.212,17.558,3.6475,-13.813,-13.807,-83.53,-79.363,-59.247,-37.496,-29.074
-12.928,-22.305,-16.034,18.375,4.2841,-16.244,-15.12,-84.257,-80.292,-60.49,-38.334,-30.282
-13.331,-24.676,-17.851,19.033,4.8112,-18.648,-16.378,-84.828,-81.096,-61.672,-39.15,-30.98
-13.376,-26.887,-19.664,19.559,5.3944,-20.908,-17.518,-85.254,-81.778,-62.764,-39.881,-31.203
-12.773,-28.969,-21.598,19.945,6.336,-23.008,-18.621,-85.57,-82.346,-63.745,-40.524,-31.227
-11.258,-30.947,-23.879,20.16,7.9856,-25.043,-19.838,-85.82,-82.814,-64.607,-41.133,-31.407
-8.6961,-32.824,-26.71,20.18,10.583,-27.134,-21.311,-86.035,-83.198,-65.351,-41.782,-31.999
-5.1917,-34.59,-30.154,20.038,14.138,-29.332,-23.147,-86.226,-83.514,-65.982,-42.512,-33.063
-1.1391,-36.257,-34.055,19.843,18.37,-31.586,-25.382,-86.397,-83.783,-66.518,-43.307,-34.474
2.8229,-37.864,-38.048,19.771,22.715,-33.771,-27.894,-86.562,-84.033,-66.989,-44.112,-35.976
5.955,-39.451,-41.656,20.003,26.429,-35.748,-30.312,-86.749,-84.297,-67.432,-44.865,-37.283
7.6164,-41.003,-44.392,20.644,28.803,-37.413,-32.05,-86.989,-84.601,-67.872,-45.524,-38.178
7.4167,-42.425,-45.832,21.689,29.363,-38.687,-32.493,-87.295,-84.949,-68.311,-46.077,-38.606
5.2581,-43.583,-45.738,23.046,27.968,-39.506,-31.278,-87.659,-85.327,-68.737,-46.537,-38.676
1.3415,-44.409,-44.216,24.603,24.846,-39.862,-28.484,-88.056,-85.705,-69.138,-46.938,-38.599
-3.8276,-44.957,-41.73,26.279,20.554,-39.856,-24.618,-88.449,-86.041,-69.521,-47.31,-38.594
-9.52,-45.385,-38.925,28.027,15.87,-39.693,-20.437,-88.788,-86.278,-69.899,-47.661,-38.839
-14.963,-45.863,-36.434,29.797,11.575,-39.609,-16.704,-89.006,-86.333,-70.247,-47.96,-39.437
-19.504,-46.492,-34.709,31.496,8.2623,-39.762,-14.029,-89.01,-86.089,-70.48,-48.155,-40.4
-22.681,-47.252,-33.927,32.984,6.2812,-40.162,-12.844,-88.713,-85.407,-70.445,-48.198,-41.654
-24.227,-48.008,-33.997,34.086,5.7698,-40.699,-13.346,-88.073,-84.153,-69.958,-48.066,-43.059
-24.066,-48.567,-34.671,34.66,6.6573,-41.23,-15.392,-87.137,-82.244,-68.851,-47.765,-44.461
-22.372,-48.762,-35.689,34.665,8.6418,-41.633,-18.505,-86.06,-79.696,-67.008,-47.309,-45.737
-19.607,-48.527,-36.856,34.183,11.232,-41.811,-21.956,-85.084,-76.714,-64.404,-46.675,-46.809
-16.382,-47.907,-38.076,33.359,13.911,-41.721,-24.894,-84.486,-73.863,-61.237,-45.764,-47.635
-13.247,-47.113,-39.349,32.315,16.316,-41.514,-26.571,-84.507,-72.319,-58.42,-44.384,-48.214
-10.576,-46.965,-40.899,31.103,18.281,-42.252,-26.656,-85.306,-73.448,-59.249,-42.39,-48.607
-8.4903,-50.058,-43.711,29.679,19.756,-47.713,-25.385,-86.909,-75.283,-69.643,-40.588,-49.007
-6.8463,-59.505,-50.593,28.005,20.786,-59.799,-23.437,-88.841,-69.895,-78.338,-44.753,-49.923
-5.3087,-69.82,-62.952,26.268,21.672,-67.95,-21.673,-87.214,-54.359,-72.34,-57.83,-52.973
-3.506,-72.744,-68.935,25.262,23.123,-70.056,-20.752,-72.722,-33.093,-58.331,-56.094,-61.274
-1.223,-68.366,-66.657,26.233,25.095,-66.254,-20.478,-62.694,-7.3357,-37.75,-44.442,-66.49
1.4413,-56.584,-57.34,27.142,25.253,-54.763,-19.866,-63.609,26.533,-9.9912,-26.83,-62.521
4.0452,-36.753,-39.532,22.058,21.056,-34.604,-21.464,-75.699,70.486,25.759,-3.1126,-51.092
5.988,-9.2445,-12.354,10.598,11.166,-6.1085,-27.821,-98.759,116.41,70.543,27.441,-31.833
6.8212,24.665,23.144,-4.5604,-4.3679,29.297,-37.454,-131.95,162.05,125.22,65.925,-4.7091
6.4733,63.45,64.597,-22.085,-24.238,69.567,-49.218,-176.33,207.87,189.83,113.64,29.547
5.3,106.07,109.13,-41.689,-46.551,112.66,-63.424,-237.28,252.87,263.72,172.17,70.768
4.0515,152.5,153.63,-64.768,-69.095,157.13,-81.536,-324.53,291.87,345.47,242.76,121.23
3.6855,202.72,195.67,-93.266,-89.384,202.31,-104.82,-447.07,314.73,430.8,323.39,181.75
4.915,255.84,234.53,-126.86,-105.74,247.61,-133.21,-606.43,308.79,511.14,408,248.44
8.6653,310.68,270.66,-163.7,-118.4,292.34,-165.81,-804.11,262.96,577.21,490.03,317.31
25.6,365.08,304.44,-201.31,-128.36,335.63,-201.49,-1042.2,171.94,623.28,564.35,384.06
45.29,415.14,335.51,-236.6,-136.21,375.61,-238.59,-1312.3,39.023,647.42,625.68,443.56
62.722,455.51,362.39,-265.4,-142.17,408.95,-274.58,-1597.7,-123.7,649.76,667.75,490.68
74.571,479.9,382.38,-282.49,-146.67,431.3,-306.15,-1877.3,-299.1,630.2,683.18,519.5
76.016,482.31,391.88,-282.8,-150.86,437.81,-330.59,-2130.2,-471.33,586.84,663.7,522.76
62.487,457.13,387.49,-262.18,-156.22,423.79,-347.22,-2339.8,-630.5,514.89,601.65,494.35
31.148,400.79,367.45,-217.37,-164.06,386.32,-357.64,-2496.7,-774.15,407.96,492.9,431.87
-18.198,314,332.96,-147.8,-175.31,326.25,-365.14,-2599.1,-907.14,261.48,339.51,336.89
-83.247,203.1,288.56,-58.025,-189.79,248.97,-373.22,-2651.5,-1037.8,76.615,150.85,214.97
-163.93,79.377,240.49,42.61,-205.55,163.14,-384.39,-2662.6,-1171.8,-137.45,-57.264,76.898
-242.91,-43.194,194.18,142.31,-220.08,78.613,-399.98,-2640.9,-1307.5,-363.9,-264.75,-62.617
-310.06,-151.07,152.8,229.62,-231.19,3.8055,-419.96,-2592.5,-1435,-580.81,-451.13,-189.63
-359.24,-234.41,117.21,295.64,-236.73,-56.043,-442.96,-2519,-1537.4,-765.18,-599.1,-293.67
-385.26,-289.19,86.73,335.64,-234.65,-99.375,-466.75,-2419.6,-1597.3,-897.87,-697.35,-367.85
-386.56,-316.85,59.954,349.82,-223.27,-127.41,-489.06,-2293.7,-1603.1,-968.55,-742.27,-409.11
-366.16,-322.57,35.257,342.53,-202.07,-143.09,-507.35,-2143.9,-1553.9,-978.59,-739.1,-419.39
-330.51,-312.78,11.539,320.17,-172.68,-150.01,-518,-1975.4,-1459.6,-939.94,-700.27,-405.26
-287.07,-293.45,-11.001,289.23,-138.8,-151.27,-516.5,-1794,-1335.8,-870.07,-640.55,-375.19
-241.87,-269.07,-30.804,254.9,-104.84,-148.91,-499.42,-1604,-1197,-785.45,-572.23,-336.83
-199.29,-242.66,-46.014,220.88,-74.406,-143.93,-466.21,-1408.3,-1053.2,-697.04,-503.64,-295.67
-162.23,-216.14,-55.009,189.37,-49.478,-136.51,-419.24,-1210.2,-909.34,-610.18,-439.32,-254.99
-132.38,-190.4,-55.627,161.76,-30.447,-126.93,-363.08,-1014.1,-768.7,-526.7,-380.22,-216.33
-109.58,-166.88,-48.989,139.05,-16.411,-115.97,-303.5,-826.78,-635.17,-447.6,-325.07,-181.36
-90.957,-147.77,-42.166,120.47,-5.6186,-105.51,-246.08,-655.76,-513.38,-375.06,-274.67,-155.2
-73.682,-132.11,-38.363,103.91,3.3479,-96.618,-194.65,-507.61,-406.89,-311.13,-229.99,-138.42
-57.391,-117.73,-36.404,87.977,8.7376,-88.63,-150.21,-385.98,-318.16,-255.43,-190.2,-126.7
-43.287,-103.52,-35.108,72.969,4.2985,-80.903,-111.71,-290.75,-248.24,-208.28,-155.75,-116.63
-31.56,-89.755,-34.025,60.205,3.0527,-73.225,-80.26,-218.63,-195.66,-170.91,-127.68,-106.78
-21.889,-77.489,-33.015,50.41,5.6116,-65.609,-56.939,-164.73,-156.95,-142.79,-106.23,-96.596
-14.563,-67.31,-32.031,43.542,8.3191,-58.111,-39.587,-124.02,-128.12,-122.05,-90.978,-85.627
-10.234,-58.953,-31.079,38.958,10.505,-50.765,-25.817,-92.291,-105.82,-106.66,-80.63,-75.533
-7.6946,-51.813,-30.222,35.203,12.086,-43.67,-14.84,-66.613,-87.818,-94.822,-73.111,-68.545
-5.7985,-45.433,-29.537,30.704,13.138,-37.352,-6.6871,-45.213,-73.024,-85.045,-65.397,-63.484
-4.2563,-39.967,-29.07,25.829,13.818,-32.795,-1.2105,-27.448,-62.413,-76.371,-56.177,-59.041
-2.9117,-35.997,-28.811,21.874,14.315,-30.329,1.5787,-21.923,-63.502,-69.495,-50.083,-54.836
-1.6239,-33.512,-28.69,19.08,14.786,-29.198,2.0272,-31.654,-66.419,-64.654,-46.803,-50.886
-0.31129,-31.979,-28.613,17.118,15.317,-28.566,3.0599,-30.331,-64.771,-60.995,-44.712,-47.334
1.0168,-31.017,-28.51,15.766,15.919,-28.014,4.8992,-23.535,-62.202,-58.268,-43.283,-44.364
2.2414,-30.5,-28.38,14.991,16.563,-27.447,6.8871,-16.04,-59.913,-56.384,-42.374,-42.14
3.1345,-30.426,-28.301,14.847,17.189,-26.932,8.4073,-9.0793,-58.076,-55.251,-41.89,-40.747
3.4185,-30.793,-28.364,15.38,17.685,-26.57,9.0412,-2.8866,-56.62,-54.744,-41.687,-40.1
2.8539,-31.532,-28.568,16.563,17.866,-26.392,8.6779,2.562,-55.439,-54.693,-41.591,-39.893
1.2863,-32.481,-28.751,18.271,17.5,-26.323,7.5257,7.348,-54.43,-54.876,-41.456,-39.672
-1.3499,-33.4,-28.624,20.298,16.353,-26.207,5.998,11.563,-53.502,-55.06,-41.215,-39.005
-5.0178,-34.021,-27.864,22.404,14.257,-25.851,4.5484,15.305,-52.576,-55.046,-40.886,-37.622
-9.5432,-34.115,-26.22,24.365,11.182,-25.088,3.5448,18.68,-51.587,-54.72,-40.532,-35.42
-14.604,-33.558,-23.608,26.011,7.2708,-23.833,3.2022,21.779,-50.488,-54.063,-40.197,-32.437
-19.753,-32.378,-20.177,27.224,2.8572,-22.137,3.5583,24.646,-49.262,-53.148,-39.883,-28.855
-24.435,-30.73,-16.31,27.919,-1.5632,-20.18,4.4958,27.264,-47.917,-52.104,-39.554,-25.002
-28.042,-28.827,-12.532,28.018,-5.4096,-18.202,5.8302,29.59,-46.475,-51.051,-39.163,-21.304
-30.041,-26.85,-9.3441,27.458,-8.1449,-16.4,7.4411,31.621,-44.942,-50.039,-38.66,-18.188
-30.122,-24.904,-7.082,26.217,-9.4267,-14.857,9.362,33.439,-43.29,-49.024,-37.994,-15.958
-28.271,-22.99,-5.8452,24.339,-9.2057,-13.526,11.748,35.199,-41.461,-47.895,-37.128,-14.703
-24.723,-21.007,-5.5141,21.92,-7.6989,-12.288,14.728,37.074,-39.39,-46.525,-36.06,-14.271
-19.868,-18.808,-5.8362,19.094,-5.249,-11.039,18.264,39.176,-37.034,-44.832,-34.832,-14.353
-14.184,-16.328,-6.5419,16.016,-2.1856,-9.7595,22.117,41.521,-34.392,-42.804,-33.511,-14.611
-8.2443,-13.665,-7.4347,12.872,1.2114,-8.5153,25.919,44.023,-31.503,-40.491,-32.143,-14.808
-2.6685,-11.047,-8.4163,9.8658,4.662,-7.4152,29.261,46.544,-28.434,-37.963,-30.722,-14.874
2.0243,-8.7177,-9.441,7.1983,7.8512,-6.5539,31.812,48.941,-25.257,-35.278,-29.204,-14.886
5.4948,-6.8466,-10.426,5.0506,10.442,-5.9697,33.425,51.1,-22.038,-32.46,-27.549,-14.972
7.521,-5.4928,-11.196,3.5654,12.098,-5.6237,34.146,52.957,-18.824,-29.506,-25.77,-15.194
7.9382,-4.6095,-11.507,2.8129,12.54,-5.4034,34.148,54.494,-15.64,-26.414,-23.92,-15.515
6.7064,-4.0711,-11.147,2.7493,11.637,-5.1557,33.657,55.743,-12.499,-23.197,-22.065,-15.834
4.0481,-3.7124,-10.03,3.2044,9.5038,-4.7392,32.869,56.776,-9.4039,-19.895,-20.24,-16.038
0.51135,-3.3753,-8.2534,3.9179,6.5186,-4.0786,31.923,57.687,-6.3545,-16.563,-18.438,-16.052
-3.1482,-2.9546,-6.089,4.6147,3.2453,-3.1975,30.903,58.56,-3.353,-13.267,-16.626,-15.865
-6.2176,-2.4234,-3.916,5.0853,0.27465,-2.2138,29.873,59.442,-0.41471,-10.077,-14.788,-15.526
-8.2405,-1.8247,-2.1101,5.2298,-1.9272,-1.2967,28.875,60.323,2.4276,-7.0582,-12.957,-15.133
-9.0807,-1.2341,-0.94005,5.0503,-3.113,-0.6035,27.909,61.154,5.1298,-4.2614,-11.219,-14.799
-8.8573,-0.7198,-0.50621,4.6102,-3.2776,-0.22835,26.916,61.869,7.651,-1.7145,-9.6733,-14.625
-7.8281,-0.31694,-0.7359,3.9913,-2.6169,-0.17931,25.786,62.413,9.9676,0.58522,-8.3699,-14.667
-6.273,-0.01905,-1.4207,3.263,-1.4409,-0.38166,24.411,62.774,12.089,2.6809,-7.2591,-14.918
-4.4021,0.21598,-2.2811,2.4676,-0.062582,-0.70166,22.752,62.994,14.07,4.6635,-6.1905,-15.306
-2.31,0.43968,-3.064,1.6197,1.3195,-0.99537,20.863,63.159,16.003,6.6506,-4.995,-15.723
0.0056659,0.67014,-3.6628,0.72104,2.6966,-1.1776,18.846,63.356,17.97,8.7287,-3.6025,-16.078
2.5691,0.85788,-4.1831,-0.20723,4.2095,-1.2766,16.778,63.62,19.999,10.896,-2.1056,-16.333
5.3483,0.88751,-4.8669,-1.0862,6.0165,-1.4257,14.681,63.919,22.048,13.053,-0.71947,-16.509
8.1792,0.61724,-5.9098,-1.7564,8.153,-1.7828,12.543,64.186,24.055,15.06,0.34261,-16.64
10.654,-0.064756,-7.3035,-1.9865,10.398,-2.4307,10.343,64.376,26.005,16.829,1.0102,-16.714
12.081,-1.1916,-8.7969,-1.5205,12.213,-3.3212,8.0734,64.503,27.969,18.396,1.4347,-16.647
11.664,-2.6929,-9.9726,-0.16642,12.89,-4.2862,5.7431,64.639,30.09,19.929,1.9537,-16.298
8.8668,-4.4033,-10.391,2.1015,11.859,-5.1014,3.3823,64.885,32.522,21.667,2.9553,-15.526
3.7173,-6.0998,-9.7607,5.088,8.9469,-5.5718,1.0455,65.323,35.362,23.821,4.7189,-14.233
-3.1547,-7.5578,-8.0622,8.4063,4.4682,-5.6016,-1.1912,65.993,38.6,26.488,7.3092,-12.379
-10.686,-8.6061,-5.5741,11.58,-0.85555,-5.2203,-3.2251,66.868,42.125,29.609,10.555,-9.9868
-17.673,-9.1615,-2.7839,14.17,-6.1072,-4.5589,-4.9099,67.871,45.762,32.981,14.106,-7.1526
-23.083,-9.2314,-0.22817,15.873,-10.435,-3.7917,-6.0448,68.9,49.336,36.33,17.566,-4.0572
-26.268,-8.8878,1.6721,16.571,-13.255,-3.0691,-6.3999,69.855,52.741,39.406,20.647,-0.96632
-27.05,-8.2243,2.7194,16.305,-14.347,-2.469,-5.7816,70.674,55.952,42.064,23.293,1.8217
-25.706,-7.3156,2.9602,15.213,-13.859,-1.9802,-4.1098,71.341,59.005,44.303,25.689,4.0792
-22.778,-6.2019,2.6311,13.462,-12.221,-1.52,-1.4729,71.883,61.952,46.245,28.161,5.746
-18.837,-4.8971,2.062,11.233,-9.9713,-0.97633,1.8573,72.343,64.83,48.082,30.992,6.9486
-14.328,-3.3981,1.5616,8.7192,-7.5434,-0.26072,5.4628,72.756,67.642,49.99,34.232,7.9365
-9.5529,-1.6992,1.3128,6.0667,-5.152,0.64839,8.866,73.13,70.348,52.048,37.645,8.978
-4.765,0.16554,1.3094,3.3398,-2.8193,1.6937,11.633,73.443,72.878,54.207,40.818,10.265
-0.20174,2.0896,1.3805,0.57369,-0.48598,2.7629,13.445,73.672,75.166,56.304,43.377,11.873
3.9993,3.9058,1.3238,-2.1261,1.8604,3.7335,14.14,73.804,77.171,58.142,45.152,13.76
7.7176,5.4321,1.0569,-4.5249,4.0823,4.5153,13.721,73.834,78.891,59.577,46.215,15.77
10.594,6.5281,0.6555,-6.2931,5.8853,5.0737,12.332,73.757,80.329,60.568,46.815,17.64
12.01,7.1438,0.29466,-7.1365,6.8616,5.4293,10.235,73.539,81.471,61.164,47.245,19.073
11.418,7.3394,0.17909,-6.9553,6.6165,5.6433,7.7787,73.118,82.259,61.444,47.709,19.921
8.7322,7.2642,0.50349,-5.9228,4.9909,5.8032,5.3347,72.413,82.6,61.46,48.252,20.332
4.4749,7.1097,1.4364,-4.4297,2.165,6.0286,3.2373,71.351,82.412,61.23,48.774,20.7
-0.37901,7.0673,3.049,-2.947,-1.4108,6.4679,1.7385,69.901,81.673,60.765,49.096,21.493
-4.7265,7.2979,5.2201,-1.8947,-5.1289,7.243,0.97022,68.09,80.439,60.092,49.061,23.076
-7.6361,7.9,7.6418,-1.5716,-8.3357,8.3706,0.90401,65.989,78.837,59.249,48.609,25.571
-8.4848,8.8766,9.9077,-2.1392,-10.441,9.7291,1.3374,63.686,77.022,58.268,47.813,28.792
-7.0017,10.12,11.613,-3.5911,-11.007,11.098,1.9337,61.25,75.132,57.175,46.847,32.296
-3.3687,11.435,12.462,-5.7125,-9.8368,12.239,2.3157,58.718,73.256,56.015,45.922,35.524
1.6794,12.594,12.366,-8.0985,-7.0983,12.981,2.1801,56.092,71.425,54.871,45.207,37.972
6.9562,13.408,11.503,-10.252,-3.4457,13.26,1.3745,53.336,69.612,53.837,44.767,39.357
11.193,13.784,10.257,-11.727,0.086606,13.135,-0.10614,50.373,67.732,52.954,44.536,39.678
13.435,13.74,9.089,-12.247,2.4645,12.751,-2.1728,47.085,65.641,52.164,44.354,39.155
13.2,13.384,8.4252,-11.758,3.01,12.306,-4.6754,43.334,63.157,51.302,44.038,38.08
10.487,12.871,8.5969,-10.414,1.5284,11.998,-7.3931,38.988,60.091,50.156,43.449,36.692
5.8115,12.356,9.7056,-8.529,-1.6808,11.969,-10.023,33.964,56.302,48.533,42.534,35.141
0.1898,11.956,11.498,-6.5209,-5.8638,12.257,-12.221,28.271,51.767,46.349,41.341,33.526
-5.0643,11.739,13.457,-4.8116,-10.002,12.773,-13.693,22.057,46.653,43.688,40.004,31.951
-8.7673,11.718,15.075,-3.7237,-13.155,13.342,-14.295,15.585,41.292,40.807,38.67,30.554
-10.236,11.855,16.005,-3.417,-14.731,13.78,-14.072,9.1401,36.056,38.043,37.403,29.506
-9.325,12.08,16.052,-3.8927,-14.482,13.955,-13.198,2.9229,31.192,35.656,36.146,28.986
-6.3034,12.315,15.157,-5.0288,-12.434,13.807,-11.944,-2.9969,26.752,33.719,34.756,29.126
-1.7881,12.509,13.469,-6.6055,-8.9233,13.367,-10.684,-8.6419,22.628,32.119,33.106,29.957
3.315,12.658,11.38,-8.3395,-4.6499,12.752,-9.888,-14.071,18.624,30.616,31.132,31.37
7.9953,12.798,9.4004,-9.9489,-0.54518,12.121,-10.038,-19.353,14.518,28.932,28.818,33.112
11.452,12.979,7.9282,-11.224,2.5567,11.615,-11.431,-24.565,10.1,26.799,26.137,34.84
13.27,13.226,7.1115,-12.058,4.1655,11.325,-13.946,-29.778,5.2154,24.017,22.998,36.226
13.332,13.524,6.9266,-12.427,4.1461,11.279,-16.939,-35.03,-0.18924,20.501,19.301,37.052
11.741,13.825,7.3114,-12.364,2.6671,11.465,-19.414,-40.297,-6.0477,16.314,15.058,37.256
8.9029,14.065,8.1403,-11.948,0.21332,11.805,-20.383,-45.5,-12.2,11.657,10.494,36.905
5.6004,14.177,9.1557,-11.289,-2.5206,12.149,-19.244,-50.539,-18.443,6.8,6.0013,36.1
2.7795,14.106,10.023,-10.552,-4.8678,12.293,-15.995,-55.322,-24.574,2.0055,1.9598,34.861
1.2367,13.814,10.431,-9.9852,-6.3169,12.056,-11.225,-59.779,-30.417,-2.5219,-1.4285,33.072
1.5601,13.257,10.125,-9.8203,-6.4435,11.325,-5.9135,-63.869,-35.842,-6.654,-4.1768,30.522
-3.8161,35.688,43.984,-18.3,-23.446,38.655,14.701,-76.601,-29.614,2.2806,8.9448,45.335
7.8732,34.59,31.296,-23.418,-11.368,31.853,24.269,-85.977,-42.357,-6.8926,-0.17442,38.276
22.892,32.976,14.763,-29.837,4.3908,22.756,24.873,-96.416,-57.116,-17.27,-12.618,30.252
38.85,29.898,-4.172,-35.927,21.933,11.597,17.685,-107.53,-72.586,-28.24,-26.524,21.389
51.69,24.532,-22.278,-39.301,37.593,-0.38128,6.3593,-118.51,-86.853,-38.579,-38.976,11.96
56.107,16.358,-34.768,-37.108,46.241,-10.945,-4.2779,-128.25,-97.868,-46.67,-46.838,2.3153
47.628,5.2536,-37.292,-27.108,43.329,-17.845,-10.106,-135.95,-104.28,-51.231,-47.94,-7.4693
25.022,-8.4094,-28.247,-8.8884,27.303,-19.969,-9.1986,-141.55,-106.06,-51.973,-41.917,-17.701
-8.9723,-23.842,-9.5832,15.808,0.46954,-17.865,-2.2015,-145.66,-104.41,-49.695,-30.257,-28.722
-48.86,-40.128,14.121,43.828,-32.038,-13.464,8.3243,-149.21,-101.24,-45.941,-15.742,-40.493
