I,II,III,aVR,aVL,aVF,V1,V2,V3,V4,V5,V6
5.1817,9.376,-4.8514,-3.2984,11.702,3.8931,161.37,52.358,-19.734,-56.47,-70.437,-59.422
-7.9956,11.447,10.017,1.6955,-2.0006,12.081,151.69,40.369,-22.403,-58.795,-67.825,-58.8
-25.184,11.503,26.882,9.7447,-18.709,20.263,143.28,30.436,-23.853,-59.265,-63.644,-56.225
-48.089,8.3384,46.245,22.364,-39.524,28.117,136.81,23.887,-23.461,-57.049,-57.316,-50.915
-74.67,1.8396,65.953,38.669,-62.352,34.561,132.16,21.01,-21.451,-52.692,-49.576,-43.558
-99.828,-7.3291,81.57,55.839,-82.444,37.753,128.54,20.973,-18.895,-47.867,-42.385,-36.111
-117.76,-18.223,88.239,70.497,-94.506,35.736,124.76,22.133,-17.261,-44.595,-38.159,-31.001
-124.66,-29.922,83.074,80.205,-95.233,27.475,119.67,22.605,-17.759,-44.36,-38.689,-30.116
-120.28,-41.535,66.715,84.267,-84.832,13.662,112.38,20.867,-20.87,-47.605,-44.359,-34.085
-107.54,-52.148,42.991,83.567,-66.642,-3.4029,102.53,16.189,-26.298,-53.797,-54.085,-42.12
-90.545,-60.985,16.8,79.725,-45.123,-20.927,90.286,8.7549,-33.249,-61.894,-65.921,-52.464
-36.701,-34.002,-6.9013,38.168,-15.346,-20.572,69.242,1.2849,-32.892,-54.606,-54.47,-44.069
-29.519,-35.907,-12.551,36.697,-6.5943,-23.618,59.551,-1.0676,-34.181,-55.362,-54.986,-44.502
-22.419,-37.693,-18.276,34.789,1.5766,-26.811,50.414,-3.0848,-35.337,-55.921,-55.408,-44.808
-15.527,-39.33,-23.779,32.653,8.8973,-30.083,42.143,-4.7715,-36.371,-56.369,-55.813,-45.059
-8.9709,-40.792,-28.802,30.467,15.089,-33.374,35.069,-6.1499,-37.302,-56.797,-56.268,-45.335
-3.2015,-42.078,-33.196,28.404,19.788,-36.618,29.311,-7.2588,-38.136,-57.246,-56.786,-45.676
1.2179,-43.21,-37.018,26.653,23.005,-39.722,24.695,-8.144,-38.842,-57.683,-57.302,-46.056
3.8176,-44.221,-40.394,25.421,25.096,-42.543,20.889,-8.8448,-39.358,-58.003,-57.685,-46.38
4.2863,-45.134,-43.295,24.898,26.186,-44.932,17.608,-9.3905,-39.618,-58.077,-57.786,-46.518
2.5316,-45.968,-45.587,25.216,26.141,-46.792,14.693,-9.8038,-39.578,-57.803,-57.5,-46.352
-1.3254,-46.748,-47.228,26.412,24.909,-48.129,12.071,-10.105,-39.255,-57.149,-56.795,-45.829
-6.9357,-47.504,-48.329,28.395,22.713,-49.031,9.6934,-10.311,-38.718,-56.164,-55.722,-44.971
-13.64,-48.254,-49.087,30.94,20.019,-49.625,7.5244,-10.432,-38.065,-54.95,-54.374,-43.862
-20.469,-48.981,-49.711,33.684,17.397,-50.042,5.5479,-10.47,-37.382,-53.611,-52.846,-42.6
-26.344,-49.623,-50.386,36.169,15.394,-50.396,3.7641,-10.426,-36.719,-52.224,-51.214,-41.273
-30.316,-50.092,-51.261,37.925,14.459,-50.779,2.1756,-10.316,-36.095,-50.841,-49.544,-39.948
-31.721,-50.311,-52.446,38.572,14.889,-51.258,0.77002,-10.193,-35.516,-49.504,-47.924,-38.692
-30.271,-50.244,-53.985,37.931,16.798,-51.86,-0.4874,-10.145,-35.002,-48.266,-46.462,-37.573
-26.115,-49.892,-55.831,36.054,20.105,-52.554,-1.645,-10.266,-34.58,-47.188,-45.261,-36.647
-19.832,-49.283,-57.842,33.201,24.551,-53.251,-2.7456,-10.614,-34.276,-46.313,-44.385,-35.936
-12.309,-48.461,-59.824,29.77,29.745,-53.833,-3.8115,-11.182,-34.1,-45.656,-43.83,-35.421
-4.5193,-47.485,-61.602,26.204,35.222,-54.2,-4.8392,-11.902,-34.043,-45.202,-43.537,-35.05
2.7362,-46.42,-63.07,22.905,40.516,-54.304,-5.8025,-12.664,-34.078,-44.901,-43.406,-34.758
8.9025,-45.308,-64.194,20.153,45.219,-54.138,-6.6558,-13.344,-34.147,-44.667,-43.31,-34.464
13.547,-44.144,-64.961,18.083,48.996,-53.7,-7.3438,-13.82,-34.16,-44.381,-43.112,-34.072
16.347,-42.873,-65.326,16.703,51.587,-52.964,-7.8259,-14.003,-34.012,-43.909,-42.685,-33.473
17.178,-41.427,-65.191,15.967,52.791,-51.884,-8.1039,-13.862,-33.607,-43.139,-41.928,-32.573
16.088,-39.776,-64.443,15.831,52.437,-50.435,-8.225,-13.433,-32.898,-42.02,-40.798,-31.317
13.23,-37.968,-62.997,16.262,50.418,-48.643,-8.2528,-12.804,-31.9,-40.575,-39.306,-29.71
8.8665,-36.11,-60.838,17.182,46.782,-46.591,-8.2309,-12.078,-30.677,-38.889,-37.507,-27.816
3.4343,-34.308,-58.024,18.424,41.816,-44.382,-8.164,-11.324,-29.311,-37.067,-35.471,-25.73
-2.4503,-32.599,-54.677,19.744,36.037,-42.088,-8.0188,-10.562,-27.871,-35.19,-33.255,-23.546
-8.0667,-30.921,-50.963,20.864,30.096,-39.724,-7.7434,-9.765,-26.39,-33.285,-30.893,-21.326
-12.71,-29.139,-47.082,21.523,24.64,-37.263,-7.2956,-8.8721,-24.861,-31.33,-28.401,-19.099
-15.814,-27.101,-43.248,21.509,20.199,-34.672,-6.6698,-7.8229,-23.259,-29.275,-25.795,-16.871
-17.044,-24.704,-39.658,20.707,17.117,-31.946,-5.9127,-6.6087,-21.558,-27.07,-23.092,-14.634
-16.356,-21.936,-36.446,19.124,15.497,-29.116,-5.12,-5.3027,-19.752,-24.679,-20.305,-12.381
-13.989,-18.863,-33.65,16.881,15.205,-26.236,-4.4145,-4.0447,-17.865,-22.086,-17.429,-10.098
-10.402,-15.585,-31.208,14.169,15.932,-23.347,-3.9124,-2.9889,-15.939,-19.294,-14.435,-7.7706
-6.1609,-12.184,-29.023,11.194,17.29,-20.479,-3.6941,-2.2468,-14.02,-16.324,-11.294,-5.3832
-1.799,-8.7058,-27.033,8.1227,18.93,-17.657,-3.7928,-1.8551,-12.155,-13.226,-8.0047,-2.9322
2.3235,-5.1601,-25.258,5.054,20.629,-14.918,-4.2001,-1.7782,-10.387,-10.072,-4.6054,-0.42686
6.0785,-1.5392,-23.766,2.0173,22.308,-12.305,-4.8758,-1.9311,-8.7443,-6.9456,-1.1661,2.1224
9.5159,2.1452,-22.602,-0.98935,23.961,-9.8537,-5.7573,-2.2103,-7.2339,-3.9043,2.2478,4.7224
12.737,5.8328,-21.727,-3.9473,25.561,-7.5803,-6.7666,-2.5263,-5.8316,-0.95364,5.6144,7.4123
15.772,9.424,-21.011,-6.7899,27.01,-5.4718,-7.8163,-2.8291,-4.4879,1.9672,8.9865,10.272
18.546,12.838,-20.26,-9.4268,28.162,-3.4748,-8.8217,-3.1124,-3.1368,4.9789,12.504,13.428
20.926,16.086,-19.275,-11.804,28.866,-1.4858,-9.7237,-3.3934,-1.7031,8.2446,16.389,17.058
22.803,19.299,-17.898,-13.94,29.024,0.64138,-10.504,-3.6823,-0.10929,11.952,20.933,21.388
24.12,22.691,-16.051,-15.913,28.604,3.0656,-11.173,-3.9598,1.7127,16.299,26.467,26.668
24.881,26.498,-13.75,-17.815,27.647,5.9218,-11.743,-4.1691,3.8136,21.48,33.295,33.101
25.113,30.921,-11.079,-19.722,26.235,9.3016,-12.201,-4.2196,6.2308,27.652,41.568,40.745
24.834,36.106,-8.1296,-21.696,24.445,13.262,-12.504,-4.0009,9.0106,34.908,51.176,49.461
24.039,42.153,-4.9377,-23.796,22.293,17.856,-12.593,-3.4087,12.234,43.279,61.794,58.971
22.705,49.119,-1.4499,-26.083,19.726,23.171,-12.422,-2.3779,16.019,52.773,73.08,68.99
20.836,56.979,2.4688,-28.621,16.662,29.32,-11.996,-0.91316,20.484,63.367,84.816,79.307
18.507,65.556,6.9899,-31.447,13.072,36.384,-11.378,0.89573,25.67,74.918,96.866,89.75
15.908,74.51,12.256,-34.555,9.0361,44.306,-10.682,2.8887,31.473,87.086,109.05,100.15
13.333,83.458,18.319,-37.891,4.7576,52.841,-10.04,4.8769,37.634,99.377,121.13,110.32
11.123,92.111,25.112,-41.384,0.51999,61.6,-9.5607,6.6929,43.823,111.32,132.83,120.13
9.5805,100.33,32.461,-44.981,-3.3895,70.195,-9.3091,8.23,49.76,122.65,144,129.5
8.8923,108.07,40.142,-48.657,-6.7507,78.364,-9.2956,9.4619,55.309,133.34,154.63,138.45
9.0688,115.35,47.953,-52.412,-9.4556,86.029,-9.487,10.442,60.484,143.56,164.85,147.09
9.9281,122.23,55.742,-56.273,-11.527,93.251,-9.8243,11.274,65.387,153.57,174.89,155.58
11.139,128.78,63.373,-60.302,-13.111,100.14,-10.241,12.05,70.11,163.57,185.01,164.07
12.32,135.05,70.68,-64.582,-14.438,106.78,-10.687,12.794,74.655,173.63,195.35,172.66
13.155,141.08,77.461,-69.143,-15.747,113.14,-11.157,13.438,78.928,183.62,205.88,181.34
13.478,146.87,83.546,-73.879,-17.199,119.15,-11.691,13.854,82.802,193.25,216.43,190
13.309,152.43,88.865,-78.554,-18.83,124.74,-12.326,13.917,86.189,202.24,226.72,198.55
12.819,157.82,93.49,-82.945,-20.557,129.89,-13.046,13.58,89.087,210.38,236.53,206.89
12.272,163.16,97.618,-86.99,-22.206,134.69,-13.761,12.902,91.581,217.66,245.77,215.01
11.993,168.6,101.51,-90.815,-23.564,139.31,-14.334,12.029,93.814,224.22,254.46,222.96
12.35,174.26,105.38,-94.642,-24.428,143.93,-14.636,11.127,95.932,230.28,262.78,230.78
13.678,180.18,109.32,-98.663,-24.657,148.72,-14.588,10.323,98.034,236.04,270.93,238.53
16.135,186.33,113.26,-102.97,-24.196,153.71,-14.189,9.6593,100.15,241.65,279.04,246.23
19.584,192.62,117.14,-107.54,-23.119,158.86,-13.502,9.1079,102.27,247.13,287.17,253.87
23.599,198.94,121,-112.24,-21.696,164.13,-12.626,8.6035,104.36,252.45,295.26,261.38
27.572,205.24,125.03,-116.88,-20.426,169.5,-11.658,8.096,106.41,257.61,303.17,268.7
30.86,211.51,129.53,-121.27,-19.972,175.07,-10.656,7.5841,108.48,262.62,310.8,275.79
32.918,217.86,134.81,-125.28,-20.977,181,-9.6213,7.1181,110.66,267.56,318.11,282.66
33.417,224.41,141.12,-128.85,-23.855,187.49,-8.5118,6.7759,113.04,272.54,325.09,289.33
32.316,231.27,148.63,-132.03,-28.681,194.68,-7.2819,6.627,115.65,277.61,331.75,295.8
29.865,238.48,157.32,-134.92,-35.185,202.57,-5.9237,6.696,118.49,282.76,338.1,302.02
26.517,245.91,166.99,-137.61,-42.751,210.98,-4.4792,6.9394,121.45,287.89,344.05,307.92
22.804,253.35,177.15,-140.1,-50.469,219.57,-3.0251,7.2529,124.38,292.85,349.54,313.4
19.233,260.58,187.07,-142.37,-57.415,227.89,-1.6487,7.5123,127.14,297.48,354.49,318.4
16.225,267.44,195.96,-144.4,-63.037,235.61,-0.42373,7.6264,129.66,301.69,358.87,322.9
14.074,273.87,203.34,-146.22,-67.292,242.53,0.61081,7.5689,131.93,305.46,362.73,326.92
12.909,279.88,209.24,-147.91,-70.492,248.6,1.4611,7.3723,133.98,308.83,366.13,330.53
12.672,285.47,214.03,-149.61,-73.021,253.86,2.1692,7.0923,135.85,311.84,369.14,333.72
13.198,290.59,218.14,-151.47,-75.168,258.33,2.7888,6.7679,137.56,314.51,371.8,336.51
14.395,295.17,221.83,-153.62,-77.013,262.04,3.3591,6.4019,139.08,316.82,374.11,338.84
16.354,299.09,225.1,-156.12,-78.295,265.06,3.8921,5.9749,140.38,318.73,376.04,340.69
19.226,302.35,227.7,-158.9,-78.56,267.45,4.3719,5.476,141.43,320.23,377.57,342.04
22.988,304.95,229.37,-161.8,-77.473,269.25,4.7625,4.927,142.24,321.31,378.66,342.9
27.31,306.93,229.87,-164.52,-74.723,270.45,5.0198,4.3794,142.79,321.98,379.31,343.29
31.592,308.25,229.15,-166.75,-70.2,271.05,5.1035,3.8897,143.12,322.24,379.49,343.18
35.088,308.84,227.48,-168.22,-64.637,271.06,4.99,3.4901,143.22,322.1,379.17,342.52
37.077,308.64,225.43,-168.73,-59.59,270.58,4.68,3.1738,143.08,321.51,378.3,341.24
37.058,307.68,223.67,-168.19,-56.748,269.73,4.1988,2.8975,142.66,320.43,376.84,339.26
34.918,306.04,222.67,-166.69,-57.155,268.62,3.586,2.5986,141.93,318.76,374.74,336.5
30.994,303.87,222.55,-164.46,-60.724,267.27,2.8798,2.2189,140.83,316.42,371.95,332.92
26,301.31,222.93,-161.83,-66.163,265.61,2.1054,1.7334,139.31,313.31,368.4,328.5
20.883,298.42,222.95,-159.1,-71.477,263.45,1.2749,1.1707,137.35,309.36,364.06,323.25
16.61,295.17,221.53,-156.51,-74.867,260.52,0.39707,0.6078,134.94,304.61,358.88,317.21
13.907,291.42,217.94,-154.16,-75.494,256.59,-0.51634,0.13679,132.16,299.14,352.83,310.42
13.058,286.98,212.2,-152.01,-73.572,251.58,-1.4528,-0.17687,129.09,293.06,345.83,302.9
13.884,281.71,205.01,-149.94,-69.79,245.61,-2.4019,-0.31731,125.87,286.51,337.86,294.69
15.896,275.56,197.2,-147.72,-64.76,238.93,-3.3479,-0.31549,122.58,279.61,328.94,285.84
18.536,268.56,189.3,-145.06,-58.949,231.79,-4.2561,-0.22855,119.28,272.41,319.17,276.47
21.298,260.79,181.41,-141.68,-52.721,224.35,-5.0664,-0.11132,115.95,264.93,308.69,266.65
23.675,252.35,173.42,-137.44,-46.33,216.6,-5.6969,0.011378,112.57,257.16,297.62,256.45
25.128,243.35,165.22,-132.39,-40.049,208.5,-6.0588,0.15914,109.06,249.02,286.05,245.86
25.167,233.88,156.83,-126.67,-34.448,200.02,-6.078,0.38794,105.42,240.47,274.02,234.9
23.447,224,148.4,-120.44,-30.44,191.17,-5.7152,0.76271,101.64,231.47,261.6,223.61
19.867,213.78,140.12,-113.73,-28.682,182.03,-4.978,1.323,97.786,221.98,248.83,212.06
14.616,203.24,132.15,-106.49,-29.01,172.67,-3.9227,2.0559,93.876,212,235.8,200.39
8.1848,192.44,124.56,-98.659,-30.691,163.18,-2.6484,2.8874,89.915,201.52,222.61,188.76
1.3391,181.41,117.35,-90.338,-32.907,153.69,-1.2752,3.7008,85.867,190.58,209.41,177.33
-5.0105,170.28,110.39,-81.749,-34.893,144.34,0.094612,4.3777,81.671,179.25,196.37,166.26
-9.9918,159.29,103.43,-73.145,-35.964,135.24,1.4045,4.8462,77.28,167.69,183.62,155.62
-12.978,148.68,96.236,-64.65,-35.64,126.42,2.6398,5.1095,72.704,156.06,171.25,145.42
-13.745,138.54,88.73,-56.177,-33.767,117.8,3.8034,5.2324,68.025,144.54,159.2,135.6
-12.522,128.67,81.039,-47.589,-30.542,109.25,4.9018,5.2912,63.357,133.2,147.32,126.05
-9.9379,118.65,73.347,-39.033,-26.427,100.61,5.9352,5.3201,58.769,122.04,135.39,116.61
-6.8917,108.07,65.765,-31.044,-22.009,91.796,6.8843,5.2872,54.236,110.95,123.17,107.16
-4.3373,96.84,58.314,-24.124,-17.869,82.795,7.7107,5.1059,49.649,99.82,110.56,97.588
-3.0436,85.263,51.003,-18.342,-14.483,73.702,8.3766,4.6678,44.881,88.602,97.708,87.919
-3.4286,73.909,43.886,-13.437,-12.139,64.688,8.8652,3.8803,39.835,77.376,84.956,78.256
-5.4939,63.341,37.051,-9.1275,-10.897,55.94,9.1894,2.6971,34.483,66.343,72.724,68.742
-8.8575,53.893,30.593,-5.2657,-10.597,47.605,9.3902,1.1346,28.894,55.787,61.344,59.536
-12.874,45.615,24.592,-1.8319,-10.891,39.789,9.5265,-0.73416,23.233,46.018,51.019,50.826
-16.797,38.356,19.107,1.1258,-11.32,32.581,9.6598,-2.8053,17.713,37.281,41.857,42.83
-19.921,31.901,14.162,3.5506,-11.427,26.067,9.8342,-4.9793,12.508,29.662,33.886,35.724
-21.703,26.1,9.7346,5.4061,-10.858,20.303,10.06,-7.1883,7.7007,23.087,27.056,29.583
-21.871,20.932,5.755,6.6791,-9.4378,15.298,10.312,-9.409,3.2878,17.392,21.25,24.365
-20.485,16.454,2.1275,7.3867,-7.1927,11.011,10.536,-11.66,-0.7796,12.396,16.316,19.945
-17.89,12.701,-1.2443,7.6049,-4.3028,7.357,10.668,-13.984,-4.5647,7.9409,12.097,16.168
-14.621,9.6171,-4.4401,7.4856,-1.0375,4.2257,10.657,-16.426,-8.1294,3.8971,8.4389,12.874
-11.247,7.0648,-7.5061,7.2268,2.3033,1.4939,10.489,-19.002,-11.526,0.1568,5.1938,9.9273
-8.2353,4.8751,-10.441,7.0222,5.4379,-0.94976,10.195,-21.679,-14.791,-3.362,2.2297,7.2193
-5.889,2.9002,-13.201,7.0211,8.145,-3.1869,9.854,-24.367,-17.937,-6.7113,-0.55803,4.6768
-4.3629,1.0409,-15.721,7.3094,10.295,-5.263,9.5652,-26.938,-20.96,-9.9134,-3.2337,2.2564
-3.6909,-0.75169,-17.953,7.9096,11.861,-7.1937,9.4254,-29.259,-23.836,-12.967,-5.8145,-0.059229
-3.8132,-2.4887,-19.886,8.7946,12.891,-8.9769,9.5001,-31.226,-26.527,-15.853,-8.2749,-2.2639
-4.6093,-4.1604,-21.539,9.9067,13.472,-10.604,9.8136,-32.797,-28.993,-18.539,-10.561,-4.3329
-5.9374,-5.7508,-22.942,11.178,13.669,-12.069,10.355,-33.985,-31.191,-20.987,-12.612,-6.2331
-7.6683,-7.2463,-24.089,12.547,13.496,-13.359,11.1,-34.836,-33.094,-23.157,-14.38,-7.9322
-9.6967,-8.6353,-24.924,13.964,12.906,-14.452,12.038,-35.384,-34.687,-25.024,-15.845,-9.4053
-11.925,-9.9071,-25.348,15.396,11.842,-15.313,13.202,-35.61,-35.967,-26.593,-17.027,-10.64
-14.238,-11.052,-25.273,16.814,10.292,-15.91,14.683,-35.443,-36.948,-27.931,-17.998,-11.647
-16.481,-12.067,-24.673,18.179,8.3382,-16.232,16.628,-34.784,-37.673,-29.177,-18.889,-12.483
-18.482,-12.965,-23.61,19.442,6.1537,-16.31,19.224,-33.547,-38.228,-30.545,-19.891,-13.267
-20.089,-13.787,-22.212,20.555,3.9573,-16.212,22.689,-31.706,-38.742,-32.287,-21.226,-14.164
-21.25,-14.604,-20.64,21.495,1.9502,-16.037,27.122,-29.316,-39.373,-34.613,-23.09,-15.34
-22.099,-15.495,-19.028,22.289,0.24899,-15.888,31.776,-26.519,-40.261,-37.607,-25.579,-16.897
-23.011,-16.525,-17.441,23.033,-1.1618,-15.832,34.388,-23.494,-41.469,-41.149,-28.627,-18.832
-24.511,-17.705,-15.837,23.876,-2.4384,-15.843,34.395,-20.341,-42.896,-44.907,-31.976,-21.015
-26.956,-18.948,-14.072,24.969,-3.8417,-15.768,35.225,-16.899,-44.196,-48.435,-35.221,-23.193
-30.214,-20.023,-11.952,26.394,-5.6691,-15.338,40.158,-12.673,-44.705,-51.26,-37.859,-25.005
-33.868,-20.566,-9.3237,28.147,-8.1732,-14.24,50.325,-7.4256,-43.505,-52.633,-39.107,-25.918
-37.728,-20.165,-6.1359,30.125,-11.492,-12.221,64.948,-10.745,-40.176,-51.161,-37.711,-25.159
-41.957,-18.492,-2.4268,32.129,-15.609,-9.1397,82.55,-19.92,-50.106,-48.487,-34.346,-22.739
-47.398,-16.08,1.7697,34.416,-20.33,-5.0277,103.12,-9.6375,-65.02,-86.533,-63.754,-33.478
-60.451,-25.691,6.5429,45.6,-25.342,-1.4023,126.62,2.8686,-74.111,-119.92,-108.23,-79.358
-87.335,-55.976,12.204,71.441,-30.506,-6.799,151.4,14.863,-85.177,-151.06,-137.93,-103.68
-109.95,-69.373,19.299,89.069,-35.915,-21.132,175.84,24.925,-95.919,-176.6,-160.11,-121.04
-128.31,-74.575,28.294,101.5,-40.82,-23.624,198.59,32.853,-99.901,-187.04,-167.17,-127.12
-140.57,-69.65,38.651,105.19,-43.193,-15.066,219.33,45.395,-86.463,-171.33,-151.4,-116.29
-142.4,-50.263,49.695,95.709,-42.566,1.9942,239.25,75.113,-44.068,-119.13,-105.52,-83.246
-126.77,-12.382,64.909,68.213,-43.131,28.556,259.46,133.53,35.524,-22.429,-21.945,-22.714
-86.203,47.062,83.143,18.098,-54.528,65.409,279.51,226.1,157.13,125.82,108.34,70.831
-19.153,129.34,101.21,-56.687,-52.134,112.59,298.91,347.47,320.91,333.49,290.22,200.28
69.099,232.12,118.71,-152.57,-22.745,169.92,319.38,482.74,517.33,593.06,508.23,358.25
168.03,348.29,136.91,-260.28,13.964,236.74,340.3,610.02,729.66,873.98,738,528.34
264.29,468.54,159.13,-367.92,47.881,310.59,349.36,700.06,935.19,1157.2,966.74,696.85
343.1,583.36,191.78,-463.43,68.754,388.26,344.01,734.91,1117.8,1431.1,1183.7,853.99
390.41,683.68,243.32,-536.03,67.812,467.62,331.38,715.21,1267.7,1679.9,1376,990.5
397,762.03,318.37,-577.95,38.848,545.8,319.86,650.03,1376.8,1884.9,1528.6,1096.8
361.11,813.07,410.82,-585.65,-19.061,617.53,314.02,552.67,1436.4,2023.9,1625.8,1163.2
288.43,833.28,506.77,-559.81,-99.591,675.6,312.62,436.08,1436.9,2074.4,1653.2,1181.9
190.41,820.83,593.79,-504.88,-191.16,712.31,309.73,308.91,1369.9,2019.2,1601.7,1148.3
81.371,775.78,658.84,-427.9,-280.02,721.11,296.2,174.34,1231.8,1852.6,1471.4,1062.8
-25.088,700.05,691.37,-336.46,-352.32,698.18,263.73,34.324,1028.3,1585.4,1272.8,931.83
-118.79,597.86,686.53,-237.16,-400.14,643.84,213.2,-106.57,775.66,1244.5,1025.3,766.65
-194.33,476.55,645.89,-135.94,-420.62,562.85,153.1,-240.76,499.27,867.99,753.59,581.89
-250.14,346.63,576.42,-41.385,-415.92,463.58,91.831,-361.4,227.28,498.19,483.55,393.83
-285.35,220.07,488.3,36.907,-391.17,356.71,36.872,-459.59,-14.974,174.74,239.75,219.64
-299.95,108.12,392.61,94.638,-352.15,253.35,-5.2554,-523.97,-205.49,-73.065,43.049,74.531
-295.79,25.127,299.11,130.61,-304.04,162.11,-29.77,-546.69,-331.73,-232.47,-86.929,-27.892
-276.03,-25.678,214.41,145.9,-251.27,90.834,-34.991,-525.86,-392.02,-308.81,-151.89,-83.798
-245.04,-51.075,143.55,143.45,-198.04,43.804,-24.167,-466.01,-393.6,-318.57,-170.62,-105.13
-207.85,-58.563,90.995,127.84,-148.73,16.11,-4.0991,-378.03,-350.12,-282.09,-159.49,-104.1
-169.7,-55.408,54.131,104.94,-108.4,0.88189,18.727,-278.41,-278.69,-220.19,-132.75,-90.912
-135.39,-48.174,27.539,78.178,-77.46,-7.1596,36.066,-178.45,-197.01,-154.38,-102.96,-74.092
-107.22,-40.928,8.1598,58.958,-52.349,-11.927,32.686,-88.863,-121.06,-102,-78.839,-59.637
-84.562,-29.392,-5.8544,54.211,-32.497,-15.461,30.674,-22.439,-65.667,-69.731,-63.212,-46.893
-65.926,-30.946,-16.085,51.771,-17.79,-13.71,30.958,14.963,-35.335,-77.721,-69.276,-44.243
-50.626,-36.389,-20.596,48.771,-6.9388,-15.193,31.57,28.949,-26.44,-88.344,-78.737,-51.735
-38.732,-39.465,-18.156,45.198,1.9184,-21.614,31.816,29.69,-31.36,-90.304,-82.356,-55.792
-30.272,-40.495,-21.349,41.53,7.7167,-26.819,31.704,24.567,-38.502,-91.717,-82.826,-57.007
-25.216,-40.269,-26.427,38.112,7.8538,-30.522,31.491,18.276,-45.741,-91.805,-81.605,-56.515
-22.541,-39.563,-31.115,35.279,9.3124,-33.178,31.12,13.244,-54.642,-89.482,-79.653,-55.228
-20.37,-38.974,-35.167,33.387,10.568,-35.316,30.219,8.4608,-57.839,-86.378,-77.767,-53.884
-20.063,-38.837,-38.711,32.612,10.365,-37.332,28.541,-0.46436,-55.15,-84.41,-76.553,-53.007
-22.005,-39.212,-41.945,32.842,8.9068,-39.413,26.188,1.4188,-53.813,-84.15,-76.284,-52.838
-25.38,-39.97,-45.032,33.731,6.9185,-41.574,23.389,2.3193,-54.16,-85.325,-76.866,-53.337
-29.191,-40.924,-48.073,34.837,5.3575,-43.743,20.335,1.732,-55.614,-87.344,-77.976,-54.282
-32.397,-41.942,-51.154,35.759,5.0973,-45.872,17.166,0.18192,-57.567,-89.597,-79.232,-55.406
-34.008,-42.994,-54.375,36.219,6.6192,-47.969,13.978,-1.8029,-59.54,-91.627,-80.335,-56.49
-33.368,-44.127,-57.824,36.107,9.9387,-50.084,10.835,-3.8714,-61.258,-93.191,-81.127,-57.41
-30.387,-45.406,-61.528,35.475,14.765,-52.261,7.7925,-5.8564,-62.637,-94.231,-81.583,-58.128
-25.532,-46.854,-65.435,34.492,20.674,-54.497,4.911,-7.6998,-63.705,-94.807,-81.769,-58.664
-19.641,-48.441,-69.438,33.363,27.158,-56.754,2.2547,-9.3731,-64.532,-95.027,-81.789,-59.061
-13.657,-50.101,-73.414,32.275,33.637,-58.986,-0.10987,-10.826,-65.167,-95.002,-81.747,-59.367
-8.3405,-51.776,-77.256,31.372,39.568,-61.169,-2.1231,-11.978,-65.621,-94.822,-81.719,-59.617
-4.1124,-53.425,-80.88,30.726,44.6,-63.302,-3.7456,-12.753,-65.872,-94.551,-81.753,-59.842
-1.1287,-55.016,-84.215,30.337,48.545,-65.385,-4.9687,-13.121,-65.887,-94.219,-81.867,-60.065
0.60132,-56.508,-87.177,30.154,51.268,-67.391,-5.815,-13.117,-65.638,-93.831,-82.045,-60.293
1.1549,-57.836,-89.676,30.118,52.735,-69.249,-6.3318,-12.818,-65.105,-93.35,-82.237,-60.5
0.64647,-58.921,-91.642,30.2,53.005,-70.854,-6.58,-12.29,-64.279,-92.709,-82.352,-60.623
-0.81839,-59.69,-93.035,30.412,52.159,-72.101,-6.6242,-11.561,-63.166,-91.829,-82.293,-60.579
-3.1604,-60.122,-93.841,30.801,50.324,-72.919,-6.5279,-10.612,-61.79,-90.652,-81.983,-60.304
-6.2549,-60.262,-94.074,31.418,47.759,-73.29,-6.3531,-9.4058,-60.196,-89.161,-81.388,-59.774
-9.8221,-60.207,-93.792,32.264,44.867,-73.256,-6.1613,-7.9193,-58.447,-87.382,-80.508,-59.002
-13.423,-60.05,-93.094,33.244,42.103,-72.894,-6.006,-6.1735,-56.602,-85.37,-79.375,-58.027
-16.543,-59.819,-92.102,34.149,39.873,-72.285,-5.9178,-4.2427,-54.712,-83.187,-78.032,-56.889
-18.656,-59.462,-90.961,34.698,38.474,-71.508,-5.8948,-2.2476,-52.818,-80.9,-76.544,-55.624
-19.289,-58.872,-89.831,34.602,38.086,-70.629,-5.9087,-0.33162,-50.968,-78.581,-74.985,-54.263
-18.16,-57.955,-88.853,33.66,38.742,-69.71,-5.9251,1.3781,-49.215,-76.307,-73.433,-52.839
-15.324,-56.681,-88.112,31.846,40.309,-68.809,-5.9207,2.8069,-47.615,-74.153,-71.948,-51.397
-11.198,-55.141,-87.617,29.344,42.481,-67.984,-5.8929,3.95,-46.213,-72.184,-70.56,-50.005
-6.4729,-53.536,-87.323,26.521,44.83,-67.294,-5.8565,4.8642,-45.031,-70.45,-69.273,-48.742
-1.9438,-52.128,-87.158,23.83,46.9,-66.796,-5.8298,5.6389,-44.068,-68.973,-68.069,-47.682
1.6726,-51.13,-87.062,21.687,48.339,-66.515,-5.817,6.359,-43.291,-67.731,-66.91,-46.856
3.8987,-50.622,-86.995,20.361,48.992,-66.422,-5.7998,7.0698,-42.644,-66.657,-65.742,-46.228
4.5754,-50.525,-86.952,19.914,48.914,-66.436,-5.7422,7.7605,-42.063,-65.652,-64.496,-45.703
3.8462,-50.649,-86.951,20.207,48.304,-66.455,-5.6087,8.3734,-41.491,-64.6,-63.101,-45.144
2.0731,-50.78,-87.019,20.984,47.424,-66.396,-5.3841,8.8361,-40.891,-63.397,-61.491,-44.416
-0.28626,-50.777,-87.169,21.998,46.52,-66.223,-5.0837,9.097,-40.249,-61.976,-59.63,-43.426
-2.8043,-50.62,-87.377,23.081,45.762,-65.955,-4.75,9.1485,-39.572,-60.319,-57.522,-42.155
-5.1614,-50.387,-87.589,24.137,45.213,-65.642,-4.4364,9.0329,-38.877,-58.46,-55.216,-40.653
-7.1747,-50.176,-87.727,25.096,44.829,-65.333,-4.1857,8.8347,-38.173,-56.464,-52.784,-39.013
-8.7818,-50.009,-87.717,25.883,44.481,-65.041,-4.0141,8.6618,-37.45,-54.391,-50.3,-37.32
-9.9595,-49.79,-87.516,26.386,44.016,-64.735,-3.909,8.6159,-36.672,-52.281,-47.819,-35.625
-10.633,-49.332,-87.123,26.45,43.338,-64.347,-3.8395,8.7625,-35.791,-50.141,-45.369,-33.934
-10.663,-48.439,-86.565,25.919,42.492,-63.797,-3.7756,9.1157,-34.756,-47.947,-42.943,-32.214
-9.9144,-46.999,-85.88,24.7,41.679,-63.025,-3.7045,9.6496,-33.525,-45.654,-40.491,-30.408
-8.3102,-45.017,-85.086,22.804,41.202,-61.99,-3.6357,10.328,-32.059,-43.191,-37.918,-28.452
-5.8125,-42.589,-84.169,20.337,41.38,-60.664,-3.5938,11.136,-30.327,-40.476,-35.105,-26.294
-2.3929,-39.829,-83.098,17.449,42.473,-59.014,-3.6026,12.091,-28.301,-37.423,-31.946,-23.907
1.8891,-36.814,-81.842,14.299,44.555,-57.003,-3.6654,13.236,-25.963,-33.969,-28.386,-21.301
6.7533,-33.571,-80.376,11.049,47.409,-54.597,-3.7548,14.617,-23.31,-30.079,-24.447,-18.509
11.689,-30.112,-78.677,7.8749,50.529,-51.782,-3.8126,16.275,-20.346,-25.748,-20.211,-15.569
16.078,-26.468,-76.701,4.9598,53.264,-48.574,-3.7625,18.237,-17.07,-20.993,-15.782,-12.503
19.348,-22.703,-74.384,2.469,54.997,-45.027,-3.5366,20.511,-13.472,-15.844,-11.246,-9.3142
21.087,-18.914,-71.651,0.5191,55.295,-41.229,-3.1028,23.072,-9.5242,-10.34,-6.6569,-5.9957
21.108,-15.19,-68.437,-0.85496,53.968,-37.285,-2.4791,25.853,-5.1975,-4.5182,-2.0211,-2.5362
19.48,-11.571,-64.708,-1.7315,51.083,-33.282,-1.7275,28.755,-0.46256,1.6009,2.7,1.0832
16.557,-8.0168,-60.484,-2.3187,46.939,-29.271,-0.93169,31.661,4.695,8.0298,7.5971,4.9058
12.979,-4.4068,-55.865,-2.9328,42.031,-25.267,-0.17204,34.476,10.258,14.823,12.819,9.0142
9.5473,-0.57782,-51.028,-3.933,36.957,-21.268,0.49257,37.142,16.163,22.072,18.577,13.541
7.0127,3.6158,-46.182,-5.6243,32.295,-17.273,1.0284,39.634,22.305,29.891,25.144,18.664
5.8628,8.2332,-41.507,-8.1543,28.469,-13.299,1.4199,41.941,28.562,38.382,32.815,24.582
6.194,13.194,-37.097,-11.439,25.669,-9.3831,1.6587,44.039,34.831,47.608,41.825,31.46
7.7166,18.279,-32.955,-15.159,23.828,-5.5738,1.7338,45.896,41.042,57.567,52.227,39.358
9.9197,23.223,-29.021,-18.883,22.658,-1.9106,1.624,47.467,47.14,68.196,63.82,48.202
12.319,27.886,-25.227,-22.274,21.785,1.621,1.2971,48.706,53.062,79.399,76.213,57.831
14.619,32.414,-21.519,-25.278,20.919,5.1369,0.72163,49.576,58.726,91.074,89.008,68.091
16.701,37.287,-17.876,-28.152,19.974,8.8643,-0.11202,50.063,64.047,103.12,101.92,78.874
18.54,43.206,-14.293,-31.343,19.002,13.12,-1.177,50.183,68.962,115.38,114.76,90.055
20.115,50.886,-10.757,-35.279,18.053,18.275,-2.408,49.98,73.445,127.62,127.4,101.43
21.344,60.689,-7.2059,-40.167,17.083,24.71,-3.7163,49.515,77.509,139.61,139.69,112.74
22.063,72.182,-3.5053,-45.82,15.949,32.684,-5.0055,48.847,81.187,151.13,151.57,123.83
22.064,84.108,0.55119,-51.689,14.452,42.109,-6.1871,48.007,84.51,162.05,163.04,134.63
21.205,95.202,5.2236,-57.177,12.372,52.503,-7.1922,46.996,87.487,172.32,174.18,145.18
19.515,105,10.788,-62.007,9.5363,63.244,-7.9794,45.78,90.112,181.95,185.06,155.53
17.234,113.76,17.481,-66.312,5.8778,73.809,-8.542,44.31,92.374,190.98,195.78,165.73
14.757,122.01,25.429,-70.472,1.463,83.843,-8.9133,42.523,94.283,199.49,206.41,175.82
12.525,130.17,34.585,-74.885,-3.5111,93.245,-9.1635,40.352,95.875,207.57,216.98,185.89
10.906,138.43,44.694,-79.803,-8.7495,102.12,-9.3877,37.742,97.213,215.33,227.53,195.98
10.115,146.83,55.351,-85.262,-13.911,110.63,-9.69,34.685,98.383,222.87,238.05,206.13
10.183,155.28,66.121,-91.094,-18.668,118.87,-10.175,31.247,99.471,230.24,248.5,216.33
10.975,163.67,76.613,-97.01,-22.756,126.89,-10.965,27.555,100.54,237.46,258.83,226.49
12.275,171.88,86.486,-102.71,-26.001,134.72,-12.237,23.74,101.62,244.53,268.96,236.54
13.877,179.89,95.457,-107.96,-28.326,142.38,-14.283,19.864,102.69,251.42,278.84,246.4
15.649,187.76,103.36,-112.7,-29.762,149.87,-17.499,15.908,103.68,258.1,288.43,256.04
17.549,195.62,110.2,-117.01,-30.447,157.22,-22.231,11.798,104.54,264.54,297.77,265.44
19.604,203.64,116.13,-121.11,-30.604,164.52,-28.457,7.4516,105.19,270.67,306.86,274.59
21.885,211.88,121.33,-125.22,-30.471,171.83,-35.629,2.819,105.62,276.43,315.69,283.41
24.49,220.26,125.95,-129.45,-30.236,179.11,-43.03,-2.0958,105.82,281.72,324.15,291.73
27.55,228.57,130.11,-133.78,-30.002,186.15,-50.265,-7.2338,105.81,286.47,332.07,299.34
31.199,236.5,133.9,-138.09,-29.78,192.69,-57.309,-12.501,105.6,290.62,339.25,306.06
35.5,243.88,137.37,-142.35,-29.515,198.61,-64.287,-17.8,105.2,294.15,345.56,311.81
40.389,250.74,140.56,-146.58,-29.135,203.95,-71.304,-23.041,104.6,297.1,350.96,316.63
45.658,257.21,143.49,-150.82,-28.607,208.82,-78.362,-28.129,103.8,299.5,355.49,320.61
50.983,263.41,146.19,-155.12,-27.962,213.35,-85.348,-32.941,102.86,301.42,359.23,323.87
55.998,269.35,148.76,-159.41,-27.291,217.61,-92.052,-37.35,101.84,302.89,362.28,326.51
60.367,274.98,151.28,-163.59,-26.716,221.64,-98.217,-41.255,100.82,303.95,364.73,328.6
63.837,280.17,153.82,-167.49,-26.357,225.43,-103.62,-44.617,99.816,304.58,366.61,330.14
66.258,284.73,156.4,-170.87,-26.307,228.92,-108.13,-47.455,98.82,304.75,367.93,331.09
67.594,288.44,158.95,-173.49,-26.623,232.04,-111.72,-49.813,97.755,304.35,368.63,331.37
67.888,291.11,161.33,-175.11,-27.322,234.66,-114.37,-51.731,96.519,303.29,368.64,330.88
67.214,292.67,163.33,-175.64,-28.382,236.66,-116.02,-53.228,95.014,301.45,367.85,329.51
65.617,293.15,164.71,-175.07,-29.752,237.89,-116.64,-54.307,93.165,298.73,366.13,327.16
63.12,292.6,165.34,-173.56,-31.359,238.25,-116.2,-54.961,90.95,295.05,363.34,323.75
59.777,291.07,165.18,-171.29,-33.104,237.67,-114.71,-55.182,88.399,290.35,359.37,319.22
55.759,288.57,164.28,-168.48,-34.851,236.11,-112.18,-54.98,85.58,284.63,354.05,313.53
51.404,285.15,162.7,-165.33,-36.408,233.6,-108.72,-54.384,82.575,277.91,347.26,306.67
47.195,280.9,160.42,-162.03,-37.539,230.16,-104.46,-53.446,79.441,270.27,338.94,298.66
43.618,275.94,157.42,-158.77,-38.029,225.84,-99.607,-52.228,76.194,261.8,329.14,289.62
40.967,270.33,153.65,-155.68,-37.752,220.66,-94.29,-50.793,72.797,252.61,318.07,279.72
39.22,263.99,149.19,-152.73,-36.713,214.62,-88.565,-49.199,69.183,242.85,306,269.13
38.055,256.78,144.14,-149.71,-35.039,207.76,-82.43,-47.496,65.282,232.63,293.21,258.03
37.004,248.51,138.65,-146.3,-32.925,200.14,-75.889,-45.719,61.052,222.03,279.9,246.49
35.66,239.13,132.76,-142.14,-30.579,191.83,-68.97,-43.904,56.506,211.06,266.17,234.58
33.818,228.66,126.47,-136.95,-28.168,182.89,-61.707,-42.087,51.712,199.72,252.1,222.34
31.448,217.22,119.7,-130.62,-25.813,173.43,-54.118,-40.313,46.765,188,237.76,209.86
28.588,204.98,112.38,-123.22,-23.587,163.58,-46.27,-38.63,41.752,175.94,223.27,197.26
25.272,192.22,104.5,-114.99,-21.546,153.51,-38.404,-37.081,36.734,163.58,208.74,184.69
21.523,179.31,96.115,-106.26,-19.74,143.35,-30.951,-35.69,31.762,150.92,194.28,172.26
17.376,166.56,87.35,-97.244,-18.208,133.23,-24.311,-34.454,26.9,137.92,179.92,160.03
12.898,154.16,78.393,-88.07,-16.967,123.24,-18.647,-33.343,22.222,124.5,165.62,148.01
8.2106,142.14,69.456,-78.721,-16.003,113.42,-13.887,-32.317,17.805,110.58,151.25,136.12
3.5029,130.37,60.758,-69.089,-15.262,103.74,-9.8468,-31.342,13.702,96.233,136.65,124.23
-0.97873,118.6,52.498,-59.01,-14.66,94.028,-6.3293,-30.407,9.9386,81.831,121.65,112.2
-4.9805,106.56,44.825,-48.375,-14.101,84.088,-3.1635,-29.517,6.5085,68.032,106.22,99.943
-8.3282,94.006,37.837,-37.455,-13.514,73.81,-0.21731,-28.684,3.3842,55.522,90.685,87.524
-10.985,80.967,31.605,-27.181,-12.896,63.404,2.6069,-27.907,0.53324,44.721,75.775,75.258
-13.022,68.012,26.203,-18.651,-12.327,53.445,5.3871,-27.158,-2.0677,35.69,62.346,63.641
-14.538,56.103,21.688,-12.303,-11.933,44.569,8.191,-26.393,-4.4348,28.228,50.926,53.132
-15.598,45.993,18.054,-7.8712,-11.8,37.115,11.069,-25.574,-6.5936,22.017,41.531,43.941
-16.215,37.856,15.192,-4.862,-11.912,31.047,14.036,-24.702,-8.5977,16.73,33.811,36.003
-16.377,31.428,12.888,-2.8442,-12.131,26.1,17.07,-23.818,-10.527,12.075,27.311,29.11
-16.062,26.289,10.871,-1.5041,-12.226,21.954,20.121,-22.985,-12.46,7.8232,21.651,23.069
-15.263,22.049,8.8936,-0.61264,-11.959,18.334,23.138,-22.251,-14.441,3.8219,16.598,17.763
-14.008,18.405,6.8045,0.013504,-11.173,15.058,26.073,-21.62,-16.454,-0.00872,12.04,13.137
-12.403,15.138,4.5733,0.5437,-9.8619,12.028,28.899,-21.056,-18.442,-3.6929,7.9283,9.1378
-10.669,12.071,2.2569,1.1575,-8.1691,9.1912,31.612,-20.51,-20.348,-7.234,4.2215,5.6882
-9.1469,9.0399,-0.055345,2.0495,-6.3444,6.498,34.235,-19.944,-22.147,-10.655,0.84966,2.6769
-8.2485,5.8966,-2.2905,3.4045,-4.6788,3.8835,36.84,-19.344,-23.863,-14.023,-2.3039,-0.037603
-8.3643,2.5304,-4.414,5.3535,-3.4418,1.2724,39.578,-18.709,-25.558,-17.456,-5.3992,-2.6179
-9.7683,-1.1101,-6.4183,7.9436,-2.8332,-1.3981,42.713,-18.028,-27.301,-21.09,-8.6128,-5.2297
-12.561,-5.0133,-8.2868,11.137,-2.9539,-4.1491,46.589,-17.263,-29.124,-25.026,-12.089,-8.0118
-16.665,-9.1105,-9.9511,14.83,-3.7989,-6.9316,51.19,-16.329,-30.983,-29.256,-15.881,-11.038
-21.863,-13.281,-11.273,18.871,-5.272,-9.6117,54.793,-15.067,-32.716,-33.612,-19.902,-14.281
-27.85,-17.348,-12.066,23.066,-7.2164,-11.977,53.251,-13.218,-34,-37.749,-23.898,-17.597
-34.198,-21.059,-12.149,27.19,-9.4529,-13.764,47.038,-10.535,-34.335,-41.149,-27.451,-20.72
-40.244,-24.074,-11.385,31.003,-11.808,-14.696,46.006,-8.3561,-33.049,-43.039,-29.93,-23.236
-45.161,-25.962,-9.6925,34.244,-14.135,-14.525,52.204,-21.462,-29.657,-42.296,-30.414,-24.525
-48.472,-26.258,-7.0323,36.618,-16.393,-13.09,64.655,-26.139,-37.896,-38.322,-28.182,-23.939
-50.456,-24.771,-3.3531,37.847,-18.762,-10.475,84.124,-16.522,-55.473,-55.908,-29.969,-22.779
-52.168,-24.812,1.4551,38.468,-21.619,-7.8241,108.11,-3.1818,-62.51,-104.83,-86.184,-46.416
-60.7,-44.231,7.5672,50.989,-25.304,-9.0535,133.27,10.346,-70.055,-132.66,-120.88,-88.447
-88.244,-64.2,15.219,73.971,-30.109,-16.133,158.53,22.57,-76.542,-157.36,-146.57,-109.54
-109.05,-70.113,24.701,86.796,-36.763,-20.996,184.66,36.89,-77.393,-172.08,-163.06,-123.68
-125.68,-68.17,36.202,94.137,-45.218,-17.379,212.91,58.419,-63.978,-167.49,-162.1,-125.73
-135.5,-56.178,49.252,92.268,-52.411,-5.2254,243.78,95.137,-25.137,-132.78,-135,-109.66
-133.08,-30.126,61.637,76.55,-55.003,14.962,276.82,152.29,48.632,-57.439,-74.035,-69.942
-113.58,13.991,71.606,42.556,-54.043,43.825,310.95,235.12,161.22,65.49,25.862,-2.2345
-71.301,78.355,85.939,-12.182,-58.287,82.089,344.79,345.52,308,237.27,166.53,95.838
-4.4215,161.48,103.63,-86.998,-62.447,129.25,374.67,478.49,480.14,455.12,346.58,223.78
81.912,258.44,119.75,-178.17,-38.432,183.24,395.19,620.52,673.7,709.44,558.64,376.46
178.95,363.07,134.11,-279.19,-1.8808,241.61,404.4,751.14,874.59,983.74,789.31,543.54
274.99,469.31,148.68,-380.64,36.404,302.64,402.38,847.87,1066.3,1261.2,1023.8,712.85
355.59,570.92,167.59,-471.47,66.995,365.72,389.54,893.45,1234.5,1526.6,1248.2,873.34
407.22,661.65,198.32,-541.48,80.437,431.17,370.35,881.8,1368.3,1764.8,1448.5,1014.8
420.24,735.61,250.75,-583.15,68.073,498.66,354.01,819.31,1461.1,1959.1,1609.5,1126.7
391.23,787.52,330.29,-592.88,24.936,565.57,348.64,720.49,1508.1,2090.3,1714.4,1198.8
324.66,813.12,426.87,-571.31,-46.996,626.09,356.71,600.42,1503.2,2138.5,1747.5,1222
231.26,809.81,522.92,-522.42,-137.91,672.29,372.59,468.93,1438.1,2086.8,1698.7,1190.9
124.34,776.83,605.95,-452.11,-233.18,696.6,385.29,329.73,1306.8,1928.1,1567,1106.2
16.583,715.55,662.94,-367.04,-317.42,693.67,384.5,183.93,1110.7,1669.3,1362.9,974.79
-81.788,629.61,684.54,-273.8,-378.83,661.07,364.39,34.158,862.61,1333.5,1107,809.09
-163.65,524.24,667.86,-178.4,-412.36,599.72,324.71,-113.65,584.92,956.84,825.86,624.43
-225.04,405.53,616.13,-85.959,-418.35,514.2,270.47,-251.26,304.15,581.52,547.76,437.01
-264.84,281.53,536.89,-4.2716,-400.05,412.43,208.35,-369.72,46.286,246.74,298.08,262.32
-283.88,162.14,440.11,60.52,-362,304.42,144.44,-461.95,-167.06,-19.206,95.276,113.33
-283.59,60.199,336.42,105.76,-310.14,200.5,85.707,-524.12,-321.88,-203.07,-50.125,-0.66331
-265.93,-13.082,235.57,130.61,-251.4,109.62,38.517,-551.37,-413.13,-306.31,-136.01,-73.65
-234.26,-58.835,145.45,136.83,-191.47,38.488,7.4562,-540.46,-444.12,-340.67,-172.48,-109.84
-193.45,-82.629,72.113,128.21,-134.27,-10.882,-6.1474,-493.32,-424.82,-323.42,-172.99,-118.35
-149.16,-90.226,18.203,109.82,-83.631,-41.32,-4.9005,-418.43,-369.25,-273.92,-151.63,-109.26
-107.37,-87.276,-19.361,86.357,-43.24,-57.973,6.8165,-327.64,-293.12,-210.73,-122.14,-92.431
-73.81,-79.777,-45.451,62.223,-13.334,-66.14,24.413,-227.78,-213.21,-150.51,-95.318,-75.857
-51.262,-72.185,-63.668,55.928,7.8801,-70.435,43.389,-133.43,-142.71,-106.18,-76.814,-63.622
-37.094,-62.277,-76.264,55.349,21.767,-73.239,54.781,-58.985,-88.853,-86.93,-75.297,-57.855
-28.46,-65.461,-83.723,54.578,29.635,-65.149,53.875,-8.677,-56.974,-94.256,-86.27,-65.297
-24.185,-70.32,-75.271,53.22,33.102,-56.123,55.379,18.981,-44.007,-95.445,-90.706,-69.731
-23.693,-72.469,-58.303,51.512,30.662,-59.165,58.779,29.35,-39.45,-96.162,-91.902,-71.419
-24.901,-72.411,-58.031,49.535,20.49,-61.862,63.331,29.572,-38.24,-97.816,-91.469,-71.483
-23.712,-70.825,-59.857,47.366,17.086,-62.682,68.434,25.497,-40.487,-99.466,-90.202,-70.611
-22.986,-68.328,-59.702,45.193,14.822,-61.976,73.456,21.056,-45.788,-98.925,-88.579,-69.259
-23.688,-65.4,-57.525,43.158,11.761,-60.196,77.951,18.022,-54.549,-96.155,-86.992,-67.763
-24.759,-62.348,-53.939,41.288,8.1093,-57.721,81.778,14.14,-57.432,-92.976,-85.737,-66.37
-25.491,-59.324,-49.6,39.544,4.4645,-54.855,85.011,11.421,-53.535,-90.541,-84.932,-65.209
-25.653,-56.389,-45.085,37.892,1.3718,-51.823,87.803,15.937,-50.363,-89.082,-84.51,-64.29
-25.32,-53.591,-40.818,36.352,-0.90657,-48.788,90.33,19.297,-48.469,-88.397,-84.291,-63.538
-24.786,-50.998,-37.02,35.012,-2.4485,-45.863,92.743,21.185,-47.427,-88.158,-84.073,-62.859
-24.479,-48.7,-33.717,34.009,-3.5648,-43.117,95.064,21.923,-46.82,-88.068,-83.709,-62.183
-24.792,-46.78,-30.84,33.466,-4.6224,-40.607,97.08,21.857,-46.375,-87.933,-83.157,-61.504
-25.922,-45.289,-28.329,33.431,-5.8874,-38.398,98.386,21.224,-45.986,-87.694,-82.487,-60.878
-27.796,-44.238,-26.207,33.84,-7.4309,-36.58,98.57,20.161,-45.682,-87.397,-81.838,-60.395
-30.066,-43.588,-24.565,34.524,-9.1159,-35.243,97.395,18.765,-45.541,-87.138,-81.35,-60.123
-32.214,-43.258,-23.515,35.252,-10.655,-34.44,94.793,17.141,-45.625,-86.987,-81.093,-60.065
-33.726,-43.157,-23.143,35.803,-11.718,-34.172,90.75,15.382,-45.93,-86.957,-81.037,-60.155
-34.274,-43.201,-23.472,36.028,-12.044,-34.383,85.269,13.543,-46.39,-87,-81.072,-60.28
-33.792,-43.331,-24.447,35.881,-11.519,-34.977,78.439,11.644,-46.905,-87.022,-81.047,-60.316
-32.437,-43.515,-25.928,35.42,-10.188,-35.82,70.483,9.702,-47.367,-86.91,-80.819,-60.155
-30.487,-43.732,-27.704,34.769,-8.2295,-36.763,61.747,7.755,-47.691,-86.561,-80.282,-59.729
-28.233,-43.953,-29.551,34.044,-5.8832,-37.666,52.664,5.8652,-47.834,-85.91,-79.389,-59.021
-25.911,-44.127,-31.327,33.303,-3.3688,-38.442,43.702,4.0998,-47.813,-84.972,-78.161,-58.071
-23.654,-44.188,-33.04,32.511,-0.80533,-39.092,35.336,2.5144,-47.7,-83.849,-76.691,-56.982
-21.448,-44.071,-34.849,31.564,1.8195,-39.703,27.975,1.147,-47.593,-82.707,-75.136,-55.903
-19.183,-43.74,-36.975,30.333,4.5999,-40.411,21.798,0.026449,-47.574,-81.713,-73.673,-54.99
-16.77,-43.204,-39.584,28.735,7.6232,-41.335,16.657,-0.81208,-47.669,-80.971,-72.456,-54.349
-14.203,-42.511,-42.688,26.783,10.917,-42.52,12.246,-1.3196,-47.818,-80.471,-71.564,-53.999
-11.512,-41.74,-46.117,24.577,14.431,-43.916,8.3957,-1.4533,-47.895,-80.106,-70.983,-53.876
-8.7173,-40.967,-49.584,22.272,18.017,-45.402,5.1259,-1.22,-47.77,-79.716,-70.633,-53.864
-5.8565,-40.259,-52.821,20.022,21.457,-46.848,2.4748,-0.70556,-47.371,-79.17,-70.409,-53.852
-2.984,-39.662,-55.715,17.947,24.628,-48.178,0.37198,-0.058516,-46.713,-78.407,-70.226,-53.772
-0.11623,-39.203,-58.322,16.109,27.62,-49.379,-1.3326,0.56904,-45.885,-77.448,-70.027,-53.596
2.8121,-38.881,-60.792,14.523,30.662,-50.484,-2.7786,1.0886,-44.991,-76.356,-69.769,-53.325
5.9114,-38.666,-63.262,13.164,33.965,-51.52,-4.0382,1.507,-44.108,-75.182,-69.39,-52.951
9.2479,-38.499,-65.786,12,37.595,-52.483,-5.1106,1.9071,-43.25,-73.935,-68.803,-52.452
12.765,-38.323,-68.311,11.013,41.426,-53.338,-5.9527,2.4012,-42.378,-72.57,-67.908,-51.799
16.243,-38.116,-70.684,10.216,45.174,-54.04,-6.5215,3.0823,-41.425,-71.023,-66.627,-50.971
19.311,-37.911,-72.7,9.6502,48.473,-54.562,-6.8093,3.9869,-40.337,-69.251,-64.943,-49.979
21.535,-37.779,-74.151,9.3537,50.984,-54.895,-6.8563,5.0798,-39.094,-67.265,-62.924,-48.866
22.6,-37.779,-74.871,9.328,52.474,-55.033,-6.7373,6.2732,-37.716,-65.129,-60.721,-47.699
22.48,-37.909,-74.759,9.518,52.849,-54.954,-6.5333,7.4737,-36.25,-62.934,-58.527,-46.54
21.452,-38.099,-73.786,9.8286,52.128,-54.607,-6.3052,8.6319,-34.75,-60.757,-56.505,-45.429
19.914,-38.219,-71.983,10.166,50.42,-53.932,-6.0777,9.7704,-33.241,-58.623,-54.742,-44.367
18.153,-38.129,-69.427,10.479,47.91,-52.879,-5.8391,10.984,-31.703,-56.498,-53.212,-43.312
16.23,-37.731,-66.24,10.786,44.813,-51.433,-5.5564,12.407,-30.074,-54.297,-51.801,-42.187
13.973,-37.01,-62.589,11.179,41.247,-49.621,-5.2013,14.167,-28.277,-51.922,-50.36,-40.909
11.021,-36.037,-58.651,11.795,37.123,-47.512,-4.7746,16.326,-26.256,-49.304,-48.766,-39.421
7.0022,-34.927,-54.557,12.757,32.249,-45.211,-4.3164,18.835,-24.004,-46.435,-46.96,-37.715
1.8312,-33.776,-50.386,14.076,26.562,-42.825,-3.8952,21.529,-21.573,-43.364,-44.944,-35.823
-4.1223,-32.608,-46.192,15.613,20.29,-40.428,-3.5859,24.178,-19.052,-40.175,-42.743,-33.788
-10.155,-31.363,-42.055,17.097,13.914,-38.045,-3.4437,26.576,-16.534,-36.942,-40.37,-31.639
-15.453,-29.941,-38.085,18.195,8.0255,-35.659,-3.489,28.615,-14.079,-33.702,-37.813,-29.381
-19.222,-28.269,-34.403,18.601,3.2449,-33.259,-3.711,30.304,-11.706,-30.456,-35.055,-27.011
-20.776,-26.35,-31.152,18.116,0.14362,-30.885,-4.0899,31.742,-9.4087,-27.19,-32.113,-24.549
-19.707,-24.284,-28.51,16.704,-0.88953,-28.642,-4.6226,33.022,-7.1804,-23.911,-29.072,-22.059
-16.081,-22.236,-26.658,14.504,0.21618,-26.682,-5.333,34.166,-5.0292,-20.66,-26.072,-19.632
-10.501,-20.372,-25.701,11.79,3.1206,-25.139,-6.2633,35.099,-2.9736,-17.497,-23.257,-17.348
-3.9575,-18.782,-25.599,8.8934,7.1454,-24.064,-7.4568,35.69,-1.0311,-14.463,-20.71,-15.232
2.4548,-17.44,-26.16,6.1146,11.482,-23.39,-8.9512,35.804,0.79509,-11.553,-18.406,-13.233
7.8552,-16.222,-27.106,3.6651,15.393,-22.962,-10.794,35.351,2.5135,-8.7146,-16.217,-11.237
11.812,-14.969,-28.164,1.6374,18.373,-22.595,-13.078,34.309,4.1312,-5.8723,-13.958,-9.1093
14.371,-13.565,-29.137,0.016666,20.242,-22.144,-15.971,32.725,5.6421,-2.9601,-11.448,-6.7346
15.865,-11.984,-29.932,-1.283,21.168,-21.559,-19.706,30.71,7.0242,0.056345,-8.5673,-4.0381
16.684,-10.289,-30.543,-2.3788,21.566,-20.876,-24.464,28.422,8.2485,3.1778,-5.2768,-0.98238
17.255,-8.5975,-31.02,-3.3909,21.932,-20.182,-30.17,26.022,9.2953,6.3828,-1.6032,2.4494
18.185,-7.0179,-31.431,-4.4394,22.723,-19.547,-36.423,23.64,10.172,9.6465,2.401,6.2644
20.126,-5.5904,-31.796,-5.6545,24.227,-18.969,-42.74,21.34,10.928,12.967,6.7022,10.465
23.316,-4.2408,-32.039,-7.1649,26.444,-18.345,-48.829,19.13,11.665,16.396,11.326,15.072
27.396,-2.7836,-31.986,-9.0594,29.046,-17.494,-54.601,16.996,12.524,20.066,16.392,20.169
31.679,-0.9769,-31.411,-11.369,31.455,-16.213,-60.045,14.932,13.65,24.186,22.133,25.955
35.487,1.4043,-30.133,-14.098,33.04,-14.362,-65.155,12.949,15.155,29.008,28.88,32.731
38.347,4.5321,-28.107,-17.293,33.362,-11.914,-69.936,11.062,17.077,34.758,36.989,40.8
40.088,8.5429,-25.453,-21.107,32.334,-8.943,-74.4,9.2855,19.365,41.554,46.693,50.28
40.849,13.585,-22.411,-25.809,30.208,-5.5611,-78.539,7.6229,21.888,49.321,57.895,60.922
40.991,19.837,-19.256,-31.653,27.429,-1.8532,-82.297,6.0685,24.475,57.787,70.103,72.136
41.004,27.45,-16.213,-38.63,24.501,2.1573,-85.577,4.6208,26.992,66.604,82.645,83.291
41.464,36.419,-13.391,-46.34,21.897,6.4937,-88.297,3.2837,29.403,75.533,95.028,94.02
42.907,46.485,-10.761,-54.258,19.981,11.191,-90.434,2.0568,31.786,84.539,107.09,104.28
45.596,57.183,-8.1893,-62.146,18.946,16.282,-92.038,0.91901,34.3,93.746,118.89,114.19
49.455,68.028,-5.5078,-70.038,18.822,21.803,-93.203,-0.16286,37.104,103.3,130.5,123.87
54.297,78.668,-2.5937,-77.953,19.521,27.803,-94.034,-1.2353,40.293,113.23,141.93,133.35
60.034,88.891,0.59548,-85.769,20.839,34.328,-94.629,-2.3515,43.849,123.38,153.06,142.58
66.602,98.559,4.0314,-93.31,22.484,41.381,-95.079,-3.5619,47.634,133.46,163.77,151.43
73.644,107.55,7.6483,-100.43,24.179,48.845,-95.468,-4.9008,51.437,143.17,173.92,159.8
80.441,115.78,11.374,-107,25.742,56.453,-95.848,-6.3754,55.055,152.34,183.47,167.64
86.187,123.15,15.163,-112.88,27.007,63.852,-96.224,-7.9603,58.368,160.93,192.44,174.95
90.211,129.64,19.036,-117.84,27.647,70.763,-96.565,-9.6014,61.363,169.04,200.94,181.82
91.967,135.23,23.113,-121.61,27.144,77.09,-96.833,-11.234,64.099,176.79,209.1,188.36
91,139.91,27.568,-123.9,24.978,82.908,-97.025,-12.81,66.648,184.3,217.01,194.69
87.089,143.69,32.544,-124.55,20.879,88.342,-97.175,-14.316,69.031,191.52,224.73,200.85
80.473,146.57,38.068,-123.61,14.995,93.435,-97.34,-15.775,71.201,198.33,232.14,206.8
71.951,148.64,44.008,-121.35,7.8993,98.103,-97.551,-17.228,73.063,204.51,239.06,212.35
62.738,149.98,50.076,-118.25,0.43699,102.18,-97.788,-18.699,74.526,209.88,245.25,217.23
54.168,150.68,55.901,-114.81,-6.491,105.5,-97.966,-20.161,75.548,214.36,250.54,221.22
47.351,150.74,61.147,-111.44,-12.121,108.01,-97.963,-21.526,76.177,218.01,254.88,224.22
42.876,150.22,65.61,-108.44,-15.974,109.73,-97.651,-22.663,76.55,220.96,258.33,226.23
40.642,149.22,69.262,-105.92,-17.945,110.79,-96.898,-23.434,76.85,223.34,260.94,227.29
39.931,147.9,72.233,-103.88,-18.319,111.38,-95.574,-23.733,77.249,225.2,262.67,227.39
39.795,146.48,74.739,-102.19,-17.653,111.7,-93.521,-23.522,77.845,226.5,263.39,226.47
39.565,145.14,76.957,-100.67,-16.559,111.95,-90.543,-22.836,78.63,227.16,262.9,224.51
39.04,143.99,78.913,-99.152,-15.528,112.22,-86.451,-21.763,79.503,227.14,261.11,221.57
38.265,143.03,80.468,-97.609,-14.841,112.43,-81.247,-20.407,80.307,226.37,258,217.74
37.285,142.11,81.406,-96.068,-14.548,112.43,-75.255,-18.844,80.88,224.82,253.65,213.13
36.119,140.99,81.53,-94.483,-14.541,111.93,-68.9,-17.095,81.094,222.42,248.13,207.77
34.821,139.36,80.714,-92.711,-14.667,110.69,-62.386,-15.136,80.88,219.06,241.51,201.67
33.478,136.99,78.94,-90.594,-14.81,108.51,-55.655,-12.923,80.249,214.68,233.84,194.83
32.147,133.7,76.328,-88.038,-14.929,105.31,-48.528,-10.411,79.291,209.24,225.27,187.31
30.809,129.48,73.147,-85.032,-15.059,101.19,-40.839,-7.5763,78.157,202.82,216.06,179.3
29.369,124.41,69.765,-81.6,-15.263,96.391,-32.546,-4.4379,77.014,195.62,206.52,171.07
27.688,118.68,66.528,-77.71,-15.58,91.267,-23.823,-1.0794,75.996,187.95,196.96,162.87
25.645,112.4,63.615,-73.24,-15.984,86.096,-15.054,2.3801,75.169,180.11,187.57,154.84
23.202,105.52,60.999,-68.002,-16.388,80.957,-6.6424,5.8406,74.524,172.32,178.38,147
20.449,97.907,58.517,-61.86,-16.665,75.764,1.2376,9.2664,73.993,164.64,169.29,139.24
17.586,89.461,56,-54.868,-16.677,70.407,8.6401,12.696,73.481,156.97,160.13,131.37
14.823,80.372,53.361,-47.348,-16.321,64.897,15.593,16.216,72.905,149.18,150.7,123.2
12.268,71.144,50.628,-39.822,-15.599,59.419,21.974,19.917,72.222,141.17,140.88,114.62
9.8648,62.408,47.939,-32.791,-14.688,54.248,27.825,23.841,71.429,132.89,130.64,105.6
7.4027,54.618,45.508,-26.517,-13.964,49.621,33.733,27.938,70.544,124.35,120.01,96.207
4.565,47.89,43.551,-20.972,-13.912,45.64,40.619,32.055,69.567,115.53,109.07,86.585
1.0549,42.101,42.218,-15.995,-14.934,42.281,48.985,35.982,68.468,106.43,97.904,76.888
-3.2219,37.107,41.538,-11.495,-17.177,39.45,58.46,39.534,67.181,97.012,86.631,67.267
-8.0457,32.872,41.425,-7.5262,-20.462,37.062,68.059,42.603,65.622,87.299,75.464,57.899
-12.935,29.429,41.713,-4.2035,-24.32,35.061,76.842,45.171,63.727,77.476,64.733,49.015
-17.271,26.728,42.195,-1.5917,-28.111,33.402,84.443,47.281,61.484,67.914,54.837,40.895
-20.396,24.598,42.668,0.27353,-31.174,32.009,91.002,48.998,58.969,59.085,46.125,33.789
-21.752,22.865,42.958,1.3198,-32.978,30.774,96.759,50.365,56.329,51.371,38.771,27.814
-21.086,21.477,42.931,1.4769,-33.265,29.595,101.77,51.379,53.726,44.915,32.729,22.918
-18.59,20.46,42.526,0.79125,-32.15,28.43,105.8,51.977,51.256,39.631,27.787,18.924
-14.87,19.799,41.777,-0.5091,-30.086,27.3,108.43,52.057,48.892,35.3,23.67,15.613
-10.774,19.378,40.82,-2.0446,-27.688,26.262,109.22,51.514,46.497,31.658,20.111,12.776
-7.1662,18.989,39.812,-3.378,-25.531,25.342,108.06,50.276,43.876,28.438,16.893,10.242
-4.6945,18.411,38.811,-4.1282,-24.002,24.485,104.97,48.33,40.868,25.412,13.866,7.8835
-3.6471,17.496,37.742,-4.0677,-23.198,23.583,100.02,45.733,37.415,22.434,10.968,5.6377
-3.929,16.223,36.495,-3.1747,-22.927,22.564,93.34,42.606,33.596,19.476,8.2202,3.5075
-5.1576,14.701,35.037,-1.6222,-22.829,21.457,85.22,39.113,29.603,16.606,5.6952,1.5455
-6.8347,13.11,33.412,0.29244,-22.511,20.358,76.081,35.431,25.675,13.923,3.4588,-0.18578
-8.5194,11.617,31.673,2.2511,-21.685,19.347,66.352,31.698,21.995,11.495,1.528,-1.6523
-9.9649,10.308,29.872,4.0117,-20.352,18.426,56.415,27.986,18.631,9.3203,-0.13756,-2.8637
-11.198,9.1617,28.115,5.4644,-18.922,17.515,46.706,24.302,15.531,7.3404,-1.6082,-3.8635
-12.447,8.085,26.563,6.6241,-18.041,16.505,37.839,20.625,12.572,5.464,-2.9471,-4.7055
-13.938,6.9783,25.376,7.5598,-18.254,15.328,30.47,16.957,9.6288,3.5996,-4.1901,-5.4356
-15.729,5.8014,24.638,8.3089,-19.754,13.994,24.877,13.346,6.6289,1.6738,-5.3549,-6.0892
-17.677,4.5887,24.28,8.8461,-22.303,12.562,20.768,9.8645,3.568,-0.36261,-6.4673,-6.7013
-19.481,3.4075,24.046,9.1104,-25.274,11.074,17.613,6.5769,0.49494,-2.5347,-7.5775,-7.3141
-20.723,2.3058,23.558,9.0432,-27.8,9.5296,14.98,3.512,-2.5225,-4.8411,-8.7498,-7.973
-20.976,1.2843,22.464,8.6227,-29.032,7.8902,12.621,0.66536,-5.4266,-7.2502,-10.033,-8.7101
-19.966,0.29583,20.558,7.9007,-28.426,6.1113,10.402,-1.9969,-8.1848,-9.7,-11.428,-9.5277
-17.721,-0.73637,17.835,7.0213,-25.931,4.1784,8.2485,-4.5373,-10.789,-12.109,-12.884,-10.393
-14.583,-1.8908,14.451,6.2044,-21.931,2.1273,6.1121,-7.0323,-13.248,-14.397,-14.308,-11.246
-11.11,-3.2202,10.658,5.6903,-17.055,0.031281,3.9811,-9.5358,-15.568,-16.505,-15.605,-12.025
-7.8996,-4.7383,6.7078,5.6642,-11.968,-2.0426,1.8874,-12.044,-17.748,-18.407,-16.716,-12.69
-5.4098,-6.4225,2.7543,6.1911,-7.2148,-4.0788,-0.10397,-14.488,-19.777,-20.119,-17.648,-13.247
-3.8194,-8.2231,-1.1888,7.1909,-3.0982,-6.1288,-1.9126,-16.756,-21.648,-21.695,-18.476,-13.749
-2.9818,-10.073,-5.1927,8.4596,0.38345,-8.2806,-3.4643,-18.737,-23.37,-23.214,-19.319,-14.28
-2.4981,-11.898,-9.2667,9.7223,3.4508,-10.593,-4.7098,-20.352,-24.961,-24.753,-20.305,-14.927
-1.8769,-13.631,-13.248,10.698,6.3447,-13.035,-5.6287,-21.574,-26.435,-26.359,-21.509,-15.743
-0.70573,-15.223,-16.881,11.168,9.2057,-15.486,-6.2231,-22.417,-27.781,-28.025,-22.919,-16.724
1.2195,-16.645,-19.983,11.044,12.048,-17.79,-6.5103,-22.914,-28.953,-29.678,-24.431,-17.803
3.786,-17.881,-22.437,10.396,14.688,-19.804,-6.5209,-23.102,-29.884,-31.209,-25.883,-18.867
6.544,-18.931,-24.113,9.434,16.775,-21.424,-6.2907,-23.017,-30.512,-32.502,-27.106,-19.79
8.8702,-19.817,-24.911,8.4378,17.929,-22.595,-5.8477,-22.693,-30.801,-33.469,-27.979,-20.473
10.194,-20.574,-24.862,7.6906,17.885,-23.334,-5.2056,-22.162,-30.761,-34.074,-28.45,-20.864
10.129,-21.234,-24.143,7.4109,16.571,-23.728,-4.3721,-21.445,-30.43,-34.322,-28.524,-20.961
8.501,-21.816,-23.017,7.7123,14.11,-23.887,-3.3682,-20.56,-29.864,-34.247,-28.24,-20.798
5.3577,-22.314,-21.726,8.6002,10.771,-23.892,-2.2396,-19.532,-29.12,-33.888,-27.646,-20.425
0.96637,-22.71,-20.426,10.002,6.9173,-23.763,-1.0524,-18.408,-28.246,-33.291,-26.792,-19.887
-4.2094,-22.997,-19.176,11.801,2.9596,-23.478,0.1151,-17.254,-27.29,-32.511,-25.745,-19.233
-9.5684,-23.207,-17.989,13.843,-0.69136,-23.029,1.1791,-16.155,-26.3,-31.625,-24.601,-18.515
-14.464,-23.413,-16.888,15.936,-3.6775,-22.464,2.0644,-15.199,-25.334,-30.732,-23.48,-17.797
-18.308,-23.7,-15.928,17.858,-5.7361,-21.887,2.7271,-14.458,-24.45,-29.938,-22.499,-17.152
-20.634,-24.141,-15.175,19.392,-6.7242,-21.423,3.1752,-13.974,-23.708,-29.339,-21.741,-16.644
-21.145,-24.77,-14.67,20.371,-6.6302,-21.173,3.4694,-13.756,-23.155,-28.994,-21.241,-16.32
-19.78,-25.577,-14.415,20.708,-5.5775,-21.181,3.6999,-13.783,-22.821,-28.919,-20.988,-16.196
-16.815,-26.516,-14.379,20.437,-3.8127,-21.448,3.9508,-14.005,-22.715,-29.088,-20.944,-16.265
-12.876,-27.523,-14.523,19.726,-1.6803,-21.947,4.2717,-14.361,-22.813,-29.442,-21.064,-16.499
-8.7748,-28.545,-14.81,18.841,0.41913,-22.649,4.6703,-14.777,-23.059,-29.903,-21.305,-16.851
-5.3165,-29.56,-15.198,18.083,2.0755,-23.52,5.1218,-15.186,-23.383,-30.397,-21.628,-17.276
-3.1957,-30.588,-15.625,17.737,2.922,-24.51,5.5867,-15.543,-23.714,-30.868,-22.008,-17.731
-2.9116,-31.676,-16.006,18.036,2.7095,-25.547,6.0268,-15.834,-24.01,-31.295,-22.433,-18.198
-4.6303,-32.872,-16.265,19.111,1.3911,-26.551,6.4186,-16.085,-24.267,-31.689,-22.907,-18.68
-8.1146,-34.193,-16.368,20.949,-0.83783,-27.452,6.7612,-16.328,-24.502,-32.077,-23.438,-19.188
-12.791,-35.602,-16.349,23.368,-3.5743,-28.214,7.0761,-16.576,-24.735,-32.485,-24.033,-19.729
-17.893,-37.012,-16.293,26.063,-6.3101,-28.824,7.3982,-16.807,-24.973,-32.92,-24.7,-20.293
-22.618,-38.303,-16.296,28.669,-8.5642,-29.291,7.7625,-16.971,-25.207,-33.383,-25.44,-20.854
-26.291,-39.374,-16.432,30.854,-10,-29.639,8.1915,-17.012,-25.425,-33.876,-26.258,-21.39
-28.507,-40.18,-16.735,32.396,-10.499,-29.92,8.6833,-16.886,-25.619,-34.407,-27.155,-21.889
-29.177,-40.748,-17.202,33.211,-10.159,-30.207,9.2097,-16.582,-25.789,-34.987,-28.12,-22.361
-28.473,-41.153,-17.808,33.341,-9.2289,-30.574,9.7267,-16.127,-25.94,-35.617,-29.121,-22.826
-26.739,-41.47,-18.513,32.904,-8.008,-31.066,10.194,-15.577,-26.08,-36.278,-30.107,-23.312
-24.395,-41.744,-19.266,32.051,-6.7486,-31.679,10.591,-14.996,-26.205,-36.93,-31.02,-23.832
-21.834,-41.983,-20.028,30.933,-5.5852,-32.373,10.92,-14.428,-26.302,-37.526,-31.814,-24.383
-19.293,-42.188,-20.794,29.686,-4.5057,-33.104,11.194,-13.891,-26.361,-38.041,-32.483,-24.956
-16.795,-42.375,-21.609,28.404,-3.376,-33.862,11.415,-13.383,-26.397,-38.498,-33.081,-25.568
-14.219,-42.583,-22.567,27.148,-2.0147,-34.683,11.571,-12.899,-26.445,-38.966,-33.702,-26.259
-11.494,-42.86,-23.76,25.966,-0.29931,-35.617,11.649,-12.438,-26.552,-39.526,-34.44,-27.082
-8.7519,-43.243,-25.229,24.931,1.7461,-36.683,11.652,-11.998,-26.748,-40.228,-35.337,-28.059
-6.3232,-43.749,-26.917,24.172,3.9203,-37.846,11.6,-11.583,-27.034,-41.059,-36.372,-29.174
-4.6623,-44.383,-28.688,23.856,5.8884,-39.028,11.52,-11.215,-27.389,-41.965,-37.473,-30.377
-4.2456,-45.151,-30.39,24.147,7.2894,-40.153,11.429,-10.936,-27.79,-42.879,-38.563,-31.614
-5.4117,-46.062,-31.925,25.139,7.8735,-41.187,11.332,-10.8,-28.22,-43.754,-39.594,-32.843
-8.1797,-47.121,-33.287,26.797,7.6082,-42.15,11.221,-10.846,-28.665,-44.572,-40.563,-34.041
-12.176,-48.3,-34.553,28.937,6.7073,-43.094,11.093,-11.067,-29.112,-45.342,-41.499,-35.199
-16.707,-49.529,-35.831,31.244,5.5791,-44.069,10.956,-11.413,-29.546,-46.083,-42.448,-36.316
-20.916,-50.7,-37.216,33.338,4.7182,-45.094,10.822,-11.801,-29.949,-46.815,-43.451,-37.399
-23.955,-51.69,-38.746,34.846,4.5689,-46.154,10.703,-12.15,-30.308,-47.549,-44.539,-38.467
-25.161,-52.408,-40.395,35.48,5.397,-47.214,10.603,-12.409,-30.617,-48.293,-45.726,-39.548
-24.215,-52.826,-42.091,35.103,7.22,-48.245,10.524,-12.567,-30.874,-49.045,-47.014,-40.671
-21.192,-52.993,-43.738,33.761,9.8302,-49.244,10.465,-12.658,-31.086,-49.798,-48.385,-41.853
-16.528,-53.002,-45.247,31.674,12.881,-50.211,10.423,-12.733,-31.256,-50.535,-49.797,-43.074
-10.915,-52.946,-46.537,29.179,15.987,-51.126,10.402,-12.841,-31.383,-51.225,-51.18,-44.27
-5.1535,-52.87,-47.548,26.667,18.806,-51.938,10.405,-13,-31.457,-51.826,-52.438,-45.337
-0.00040704,-52.777,-48.245,24.496,21.108,-52.568,10.443,-13.184,-31.46,-52.287,-53.465,-46.161
3.9363,-52.647,-48.629,22.927,22.784,-52.936,10.525,-13.333,-31.37,-52.555,-54.154,-46.648
6.2305,-52.454,-48.72,22.091,23.818,-52.983,10.666,-13.376,-31.166,-52.576,-54.414,-46.741
6.6676,-52.19,-48.539,22.01,24.218,-52.686,10.876,-13.254,-30.822,-52.306,-54.184,-46.421
5.2668,-51.878,-48.09,22.648,23.974,-52.058,11.166,-12.941,-30.324,-51.721,-53.456,-45.716
2.2525,-51.57,-47.353,23.941,23.041,-51.146,11.547,-12.446,-29.671,-50.843,-52.295,-44.694
-1.9948,-51.316,-46.293,25.78,21.358,-50.021,12.031,-11.81,-28.881,-49.739,-50.827,-43.453
-6.963,-51.133,-44.866,27.954,18.907,-48.76,12.638,-11.089,-27.988,-48.516,-49.215,-42.102
-12.044,-50.972,-43.03,30.14,15.775,-47.421,13.399,-10.331,-27.03,-47.285,-47.605,-40.733
-16.615,-50.728,-40.769,31.969,12.165,-46.02,14.351,-9.5592,-26.046,-46.137,-46.094,-39.408
-20.137,-50.274,-38.107,33.127,8.3753,-44.544,15.518,-8.7733,-25.073,-45.122,-44.719,-38.164
-22.241,-49.518,-35.127,33.44,4.7396,-42.969,16.889,-7.9557,-24.145,-44.251,-43.473,-37.022
-22.799,-48.44,-31.965,32.913,1.5603,-41.29,18.407,-7.0913,-23.301,-43.512,-42.332,-35.997
-21.967,-47.111,-28.799,31.728,-0.95298,-39.544,19.97,-6.1886,-22.58,-42.886,-41.272,-35.101
-20.163,-45.657,-25.817,30.179,-2.7309,-37.798,21.445,-5.2934,-22.016,-42.36,-40.273,-34.33
-17.973,-44.204,-23.167,28.588,-3.8584,-36.114,22.687,-4.4875,-21.627,-41.919,-39.313,-33.652
-16.007,-42.808,-20.917,27.219,-4.5418,-34.508,23.569,-3.8666,-21.407,-41.538,-38.359,-32.997
-14.748,-41.424,-19.033,26.213,-5.0332,-32.92,23.996,-3.5049,-21.32,-41.183,-37.368,-32.268
-14.437,-39.945,-17.416,25.577,-5.5427,-31.241,23.918,-3.4272,-21.309,-40.803,-36.283,-31.361
-15.048,-38.261,-15.957,25.214,-6.173,-29.387,23.317,-3.607,-21.314,-40.348,-35.056,-30.204
-16.328,-36.329,-14.605,24.991,-6.894,-27.364,22.187,-3.9951,-21.304,-39.793,-33.679,-28.793
-17.883,-34.218,-13.394,24.79,-7.5603,-25.288,20.5,-4.5547,-21.295,-39.164,-32.214,-27.211
-19.26,-32.079,-12.411,24.503,-7.9627,-23.342,18.193,-5.2773,-21.344,-38.53,-30.785,-25.6
-20.034,-30.062,-11.736,24.014,-7.9033,-21.673,15.195,-6.1686,-21.512,-37.981,-29.537,-24.102
-19.885,-28.228,-11.381,23.204,-7.2683,-20.331,11.473,-7.2262,-21.825,-37.567,-28.562,-22.799
-18.669,-26.543,-11.272,21.995,-6.0712,-19.262,7.0766,-8.4288,-22.256,-37.285,-27.866,-21.697
-16.442,-24.912,-11.256,20.366,-4.453,-18.337,2.148,-9.7438,-22.74,-37.087,-27.366,-20.736
-13.434,-23.222,-11.15,18.366,-2.6454,-17.399,-3.108,-11.136,-23.203,-36.898,-26.922,-19.825
-9.9901,-21.368,-10.78,16.091,-0.91259,-16.3,-8.4645,-12.563,-23.577,-36.634,-26.378,-18.866
-6.4989,-19.264,-10.023,13.663,0.51128,-14.925,-13.706,-13.961,-23.81,-36.209,-25.599,-17.775
-3.3319,-16.85,-8.8394,11.211,1.4674,-13.204,-18.635,-15.246,-23.85,-35.541,-24.496,-16.488
-0.78951,-14.111,-7.2629,8.8513,1.8857,-11.123,-23.065,-16.321,-23.65,-34.57,-23.048,-14.981
0.93312,-11.095,-5.3787,6.6935,1.7693,-8.7182,-26.844,-17.109,-23.184,-33.274,-21.301,-13.274
1.7648,-7.9137,-3.2865,4.8281,1.1646,-6.0698,-29.898,-17.574,-22.45,-31.685,-19.361,-11.433
1.7533,-4.722,-1.0735,3.3143,0.13447,-3.2855,-32.255,-17.729,-21.477,-29.881,-17.365,-9.5615
1.0429,-1.6784,1.1981,2.1578,-1.2575,-0.49139,-34.044,-17.62,-20.31,-27.965,-15.443,-7.768
-0.14884,1.1007,3.4908,1.2905,-2.9496,2.1798,-35.436,-17.3,-19.005,-26.029,-13.678,-6.1405
-1.5531,3.5831,5.783,0.57324,-4.871,4.6198,-36.563,-16.813,-17.617,-24.149,-12.111,-4.7275
-2.8836,5.8378,8.062,-0.17519,-6.9233,6.7976,-37.453,-16.185,-16.193,-22.358,-10.724,-3.5209
-3.8779,8.0156,10.317,-1.1279,-8.9665,8.7792,-38.02,-15.422,-14.759,-20.657,-9.473,-2.4758
-4.3359,10.279,12.525,-2.4034,-10.817,10.692,-38.093,-14.518,-13.321,-19.03,-8.3155,-1.5392
-4.1446,12.737,14.622,-4.0449,-12.267,12.642,-37.48,-13.465,-11.87,-17.46,-7.2242,-0.67397
-3.2826,15.417,16.498,-6.025,-13.119,14.664,-36.065,-12.27,-10.407,-15.935,-6.1894,0.13806
-1.8106,18.263,18.012,-8.2673,-13.233,16.711,-33.905,-10.969,-8.9449,-14.461,-5.213,0.90456
0.15351,21.135,19.027,-10.656,-12.561,18.663,-31.256,-9.6375,-7.5275,-13.056,-4.3005,1.6311
2.4654,23.796,19.453,-13.03,-11.174,20.343,-28.477,-8.3796,-6.2231,-11.763,-3.4801,2.302
4.9822,25.966,19.299,-15.192,-9.2463,21.585,-25.908,-7.2947,-5.0965,-10.624,-2.7882,2.8853
7.5875,27.457,18.699,-16.981,-7.0237,22.324,-23.745,-6.4294,-4.1671,-9.647,-2.2479,3.3512
10.21,28.319,17.884,-18.366,-4.7662,22.66,-21.996,-5.7477,-3.3841,-8.7857,-1.8483,3.6975
12.831,28.838,17.101,-19.482,-2.691,22.823,-20.532,-5.1421,-2.6458,-7.9581,-1.5458,3.9567
15.452,29.36,16.508,-20.553,-0.93134,23.01,-19.189,-4.4874,-1.85,-7.0944,-1.2953,4.1707
18.03,30.049,16.13,-21.736,0.47511,23.261,-17.858,-3.7008,-0.95569,-6.1806,-1.0838,4.3533
20.418,30.785,15.875,-22.984,1.5596,23.461,-16.509,-2.7706,0.00031919,-5.263,-0.93742,4.4785
22.364,31.285,15.613,-24.035,2.3719,23.464,-15.181,-1.7386,0.9441,-4.4094,-0.89004,4.5061
23.578,31.322,15.255,-24.575,2.9291,23.204,-13.936,-0.65525,1.8174,-3.6585,-0.94267,4.4217
23.81,30.857,14.799,-24.411,3.1879,22.737,-12.819,0.45683,2.6184,-2.9971,-1.0509,4.2523
22.923,30.011,14.328,-23.537,3.0525,22.186,-11.829,1.6109,3.392,-2.3736,-1.1501,4.0495
20.934,28.988,13.96,-22.108,2.4138,21.671,-10.921,2.8399,4.2045,-1.7304,-1.1932,3.8616
18.026,27.987,13.789,-20.364,1.2071,21.261,-10.025,4.1771,5.115,-1.0287,-1.1697,3.7194
14.533,27.134,13.845,-18.556,-0.5333,20.958,-9.0744,5.6424,6.1599,-0.25661,-1.0982,3.6361
10.897,26.443,14.084,-16.868,-2.644,20.711,-8.0251,7.2416,7.3475,0.57218,-1.0107,3.6065
7.5744,25.81,14.404,-15.373,-4.8405,20.421,-6.8574,8.972,8.6547,1.422,-0.94536,3.5966
4.9617,25.035,14.661,-14.046,-6.7655,19.948,-5.5692,10.825,10.032,2.2436,-0.9443,3.537
3.3603,23.919,14.699,-12.843,-8.0727,19.159,-4.1737,12.787,11.424,2.9932,-1.0438,3.3438
2.9599,22.381,14.404,-11.778,-8.5063,18.004,-2.6964,14.842,12.8,3.6548,-1.2556,2.9599
3.7754,20.511,13.737,-10.925,-7.9498,16.559,-1.1674,16.982,14.171,4.2505,-1.5552,2.3893
5.5798,18.495,12.738,-10.329,-6.4674,14.977,0.38896,19.207,15.59,4.8308,-1.8882,1.6949
7.9152,16.513,11.515,-9.928,-4.3292,13.413,1.9616,21.516,17.119,5.4495,-2.1901,0.96981
10.191,14.674,10.208,-9.5556,-1.9663,11.982,3.5474,23.894,18.799,6.1336,-2.41,0.302
11.82,13.007,8.9555,-9.0117,0.13817,10.734,5.1367,26.294,20.614,6.863,-2.5293,-0.25297
12.353,11.461,7.8563,-8.1217,1.5664,9.6442,6.7083,28.638,22.479,7.5695,-2.5683,-0.68614
11.569,9.9239,6.9538,-6.7748,2.0578,8.621,8.2377,30.844,24.252,8.1619,-2.5763,-1.0328
9.5074,8.2633,6.2438,-4.9521,1.5549,7.5488,9.7088,32.863,25.792,8.5683,-2.6086,-1.3533
6.4452,6.3901,5.6918,-2.7443,0.20223,6.3409,11.118,34.695,27.018,8.773,-2.7029,-1.7042
2.8119,4.3095,5.2442,-0.33959,-1.7023,4.9783,12.472,36.381,27.949,8.8272,-2.8659,-2.1145
-0.93033,2.1298,4.8392,2.0314,-3.7943,3.5138,13.771,37.962,28.695,8.8296,-3.0733,-2.5752
-4.4077,0.01942,4.4284,4.1724,-5.7484,2.0512,15.009,39.464,29.418,8.8934,-3.2765,-3.044
-7.4145,-1.8582,4.0037,5.9822,-7.3651,0.71476,16.164,40.89,30.272,9.113,-3.4128,-3.4594
-9.9237,-3.3942,3.6071,7.4656,-8.5999,-0.38329,17.212,42.233,31.361,9.5391,-3.4202,-3.7614
-12.01,-4.5465,3.31,8.6863,-9.5226,-1.1708,18.137,43.489,32.7,10.162,-3.2593,-3.9149
-13.727,-5.3262,3.1609,9.6899,-10.235,-1.6389,18.936,44.65,34.192,10.907,-2.936,-3.928
-15.034,-5.7824,3.1227,10.457,-10.785,-1.8583,19.613,45.695,35.647,11.644,-2.5098,-3.8565
-15.797,-5.9999,3.0489,10.913,-11.114,-1.9762,20.182,46.579,36.833,12.229,-2.0777,-3.7864
-15.831,-6.0903,2.7293,10.968,-11.06,-2.175,20.654,47.241,37.559,12.545,-1.7381,-3.8006
-14.932,-6.1521,1.9892,10.547,-10.422,-2.6008,21.044,47.62,37.732,12.551,-1.5551,-3.9452
-12.924,-6.2215,0.77736,9.6024,-9.0489,-3.3011,21.353,47.67,37.378,12.281,-1.5411,-4.214
-9.7276,-6.2703,-0.81353,8.1274,-6.9114,-4.2164,21.563,47.37,36.613,11.825,-1.6598,-4.5558
-5.4336,-6.2639,-2.6007,6.1859,-4.1256,-5.2317,21.638,46.714,35.583,11.29,-1.8457,-4.8991
-0.35738,-6.2248,-4.3993,3.9521,-0.92048,-6.243,21.527,45.712,34.419,10.76,-2.0255,-5.1794
4.9597,-6.2509,-6.0971,1.7289,2.4311,-7.2014,21.184,44.382,33.197,10.288,-2.1349,-5.3566
9.8316,-6.4786,-7.682,-0.10098,5.6659,-8.1203,20.578,42.743,31.94,9.8923,-2.126,-5.418
13.562,-7.0239,-9.2155,-1.1816,8.5446,-9.0502,19.711,40.808,30.638,9.5738,-1.9727,-5.3729
15.576,-7.9357,-10.769,-1.2792,10.844,-10.04,18.62,38.584,29.27,9.3183,-1.6778,-5.2464
15.535,-9.1793,-12.36,-0.32309,12.354,-11.102,17.37,36.087,27.829,9.099,-1.2792,-5.0758
13.413,-10.646,-13.921,1.5954,12.9,-12.2,16.044,33.361,26.322,8.8758,-0.85093,-4.9083
9.5101,-12.183,-15.323,4.2375,12.386,-13.261,14.72,30.485,24.755,8.5966,-0.49328,-4.7967
4.3874,-13.63,-16.425,7.236,10.855,-14.216,13.461,27.563,23.118,8.2024,-0.31113,-4.7902
-1.205,-14.856,-17.14,10.142,8.533,-15.026,12.312,24.693,21.39,7.6426,-0.38344,-4.9225
-6.4215,-15.78,-17.479,12.519,5.8256,-15.691,11.311,21.961,19.564,6.899,-0.73346,-5.1999
-10.463,-16.371,-17.55,14.045,3.2526,-16.239,10.501,19.451,17.683,6.0107,-1.3141,-5.5932
-12.734,-16.612,-17.515,14.551,1.3355,-16.688,9.9248,17.25,15.855,5.078,-2.0169,-6.0379
-12.938,-16.488,-17.51,14.004,0.46747,-17.028,9.6261,15.442,14.229,4.2388,-2.7011,-6.4466
-11.121,-16.001,-17.581,12.517,0.80678,-17.21,9.6353,14.088,12.948,3.6265,-3.2324,-6.7297
-7.6325,-15.201,-17.671,10.349,2.2493,-17.163,9.9628,13.209,12.099,3.3247,-3.5201,-6.8221
-3.0438,-14.19,-17.671,7.8604,4.5026,-16.829,10.59,12.784,11.68,3.3375,-3.5438,-6.7058
2.0101,-13.086,-17.507,5.4026,7.2098,-16.194,11.465,12.742,11.602,3.5885,-3.3567,-6.418
6.9792,-11.968,-17.174,3.2041,10.033,-15.3,12.518,12.98,11.728,3.9559,-3.061,-6.0367
11.457,-10.844,-16.716,1.3391,12.67,-14.224,13.671,13.381,11.936,4.3257,-2.7649,-5.6471
15.118,-9.6471,-16.174,-0.21948,14.841,-13.043,14.86,13.849,12.159,4.6336,-2.5436,-5.3083
17.665,-8.294,-15.559,-1.5197,16.28,-11.811,16.031,14.313,12.386,4.8717,-2.425,-5.0398
18.876,-6.7593,-14.859,-2.5688,16.742,-10.572,17.119,14.715,12.623,5.0609,-2.4074,-4.8361
18.638,-5.1231,-14.061,-3.3064,16.048,-9.3787,18.027,14.989,12.847,5.2164,-2.4866,-4.6873
16.947,-3.555,-13.157,-3.6267,14.154,-8.2893,18.636,15.073,13.002,5.3303,-2.6668,-4.586
13.931,-2.2433,-12.147,-3.4445,11.229,-7.3501,18.826,14.926,13.015,5.3793,-2.9501,-4.5196
9.9227,-1.3189,-11.033,-2.7553,7.6659,-6.5716,18.514,14.541,12.844,5.3455,-3.3189,-4.4607
5.503,-0.81371,-9.835,-1.6621,4.0061,-5.9275,17.667,13.936,12.499,5.2329,-3.7283,-4.3691
1.4836,-0.65678,-8.6167,-0.4,0.82415,-5.3734,16.298,13.129,12.03,5.0699,-4.1111,-4.2018
-1.2133,-0.6933,-7.4894,0.65465,-1.3479,-4.8724,14.46,12.12,11.494,4.8955,-4.3917,-3.9278
-1.8601,-0.73654,-6.5821,1.0951,-2.1148,-4.4102,12.214,10.876,10.917,4.7365,-4.5065,-3.5403
-0.2768,-0.64871,-5.9825,0.68936,-1.3741,-3.9936,9.6192,9.3513,10.265,4.5876,-4.4261,-3.0617
3.0588,-0.40654,-5.6912,-0.48149,0.57662,-3.6401,6.7078,7.4984,9.454,4.4047,-4.1711,-2.54
7.1931,-0.10761,-5.6186,-2.0488,3.1129,-3.3685,3.4909,5.3032,8.3864,4.1185,-3.8115,-2.0387
11.007,0.088266,-5.6309,-3.51,5.4895,-3.1959,-0.018683,2.8006,6.995,3.6633,-3.4479,-1.6224
13.521,0.049794,-5.6195,-4.4158,7.0626,-3.1344,-3.7679,0.075181,5.2831,3.0067,-3.1789,-1.3395
14.129,-0.25357,-5.5512,-4.5085,7.4644,-3.1839,-7.6211,-2.7518,3.3322,2.1674,-3.0659,-1.2043
12.722,-0.73429,-5.4717,-3.7773,6.6699,-3.3214,-11.353,-5.5462,1.2792,1.2094,-3.1124,-1.1893
9.6837,-1.2239,-5.4649,-2.433,4.9525,-3.4985,-14.737,-8.1907,-0.72619,0.21763,-3.2712,-1.2357
5.7702,-1.5358,-5.5988,-0.83832,2.7763,-3.6515,-17.657,-10.61,-2.5635,-0.72898,-3.468,-1.2755
1.9102,-1.5199,-5.8891,0.57273,0.67548,-3.7176,-20.124,-12.777,-4.165,-1.571,-3.6185,-1.2473
-1.0147,-1.0941,-6.2832,1.3899,-0.85842,-3.6454,-22.179,-14.693,-5.5152,-2.2673,-3.6372,-1.1026
-2.3517,-0.24884,-6.6642,1.3432,-1.5002,-3.3928,-23.824,-16.363,-6.632,-2.7897,-3.4473,-0.80684
-1.8313,0.97144,-6.8804,0.37927,-1.1856,-2.9202,-25.03,-17.774,-7.5398,-3.1184,-2.9994,-0.34502
0.382,2.4994,-6.7984,-1.3709,-0.074173,-2.1919,-25.778,-18.895,-8.2509,-3.2403,-2.2875,0.27491
3.8539,4.2565,-6.3594,-3.6743,1.5959,-1.1945,-26.093,-19.691,-8.7674,-3.1559,-1.3556,1.0195
8.1099,6.1253,-5.6037,-6.2454,3.6103,0.03681,-26.044,-20.148,-9.1007,-2.8948,-0.29671,1.8262
12.71,7.9298,-4.6489,-8.7921,5.7728,1.3983,-25.714,-20.299,-9.2895,-2.5275,0.75892,2.6011
17.221,9.4791,-3.6329,-11.09,7.8575,2.728,-25.185,-20.218,-9.3986,-2.1574,1.6718,3.2326
21.217,10.658,-2.6551,-13.024,9.5944,3.8565,-24.538,-20.006,-9.4999,-1.8882,2.3385,3.6276
24.263,11.484,-1.74,-14.557,10.676,4.6867,-23.841,-19.764,-9.6482,-1.7842,2.7317,3.7549
25.936,12.066,-0.83332,-15.661,10.782,5.247,-23.122,-19.555,-9.862,-1.8468,2.9035,3.6623
25.892,12.516,0.17054,-16.263,9.653,5.6609,-22.348,-19.391,-10.12,-2.0183,2.9482,3.4482
23.937,12.865,1.3636,-16.241,7.203,6.0515,-21.44,-19.235,-10.372,-2.2109,2.9487,3.2086
20.115,13.047,2.7394,-15.466,3.6117,6.4559,-20.349,-19.04,-10.564,-2.3457,2.9413,2.9931
14.781,12.936,4.1463,-13.885,-0.67095,6.8007,-19.118,-18.78,-10.661,-2.3848,2.9089,2.7914
8.584,12.4,5.3278,-11.573,-5.0156,6.942,-17.873,-18.475,-10.661,-2.3394,2.8031,2.55
2.3405,11.355,6.0331,-8.741,-8.7652,6.7445,-16.757,-18.176,-10.589,-2.2517,2.5824,2.2098
-3.1444,9.8228,6.1271,-5.6854,-11.387,6.1574,-15.847,-17.937,-10.473,-2.1608,2.2483,1.7456
-7.2326,7.9392,5.6368,-2.7391,-12.585,5.2422,-15.127,-17.777,-10.324,-2.0774,1.8583,1.186
-9.5492,5.9238,4.7183,-0.2248,-12.344,4.1398,-14.501,-17.672,-10.136,-1.9866,1.5011,0.59901
-10.003,4.0008,3.5775,1.5981,-10.896,2.9987,-13.838,-17.572,-9.9112,-1.88,1.2416,0.047931
-8.7535,2.3145,2.3858,2.598,-8.632,1.9052,-13.024,-17.431,-9.6914,-1.7936,1.0681,-0.45566
-6.1807,0.88308,1.2243,2.8115,-5.9956,0.84951,-11.992,-17.238,-9.5651,-1.822,0.87636,-0.97053
-2.836,-0.38941,0.075446,2.4298,-3.3824,-0.26012,-10.738,-17.023,-9.6397,-2.0938,0.50555,-1.6025
0.66249,-1.6556,-1.1332,1.735,-1.0751,-1.541,-9.3032,-16.84,-9.9899,-2.717,-0.18621,-2.4506
3.7847,-3.0514,-2.4539,1.018,0.76963,-3.066,-7.7563,-16.736,-10.613,-3.722,-1.2485,-3.5519
6.1746,-4.6379,-3.8621,0.51499,2.0833,-4.8156,-6.1623,-16.717,-11.417,-5.0339,-2.6108,-4.8565
7.6321,-6.3779,-5.2526,0.3819,2.842,-6.6717,-4.5675,-16.751,-12.256,-6.4904,-4.1126,-6.2441
8.0598,-8.1506,-6.4767,0.69701,3.0468,-8.4478,-3.0011,-16.789,-12.981,-7.8941,-5.5651,-7.5644
7.4208,-9.8059,-7.3923,1.4793,2.7185,-9.947,-1.4959,-16.804,-13.493,-9.0711,-6.8101,-8.6803
5.7079,-11.244,-7.9161,2.7214,1.8873,-11.038,-0.10198,-16.799,-13.763,-9.9154,-7.7582,-9.5028
2.9334,-12.479,-8.061,4.4258,0.58533,-11.715,1.1215,-16.814,-13.83,-10.409,-8.4007,-10.011
-0.83987,-13.631,-7.9298,6.6072,-1.1441,-12.096,2.1261,-16.897,-13.778,-10.618,-8.794,-10.25
-5.4259,-14.862,-7.6628,9.2381,-3.2279,-12.364,2.8825,-17.086,-13.704,-10.663,-9.029,-10.311
-10.457,-16.278,-7.3715,12.18,-5.5478,-12.68,3.3787,-17.396,-13.692,-10.683,-9.1993,-10.296
-15.409,-17.879,-7.0996,15.17,-7.9376,-13.126,3.6203,-17.819,-13.798,-10.804,-9.3799,-10.295
-19.697,-19.562,-6.8321,17.866,-10.194,-13.703,3.6317,-18.336,-14.045,-11.107,-9.6185,-10.367
-22.766,-21.161,-6.5408,19.918,-12.099,-14.355,3.4532,-18.933,-14.436,-11.622,-9.9385,-10.539
-24.22,-22.496,-6.2371,21.057,-13.455,-15.021,3.1333,-19.609,-14.966,-12.337,-10.348,-10.816
-23.959,-23.448,-5.9959,21.195,-14.118,-15.664,2.7191,-20.38,-15.634,-13.208,-10.848,-11.193
-22.239,-23.998,-5.9318,20.458,-14.053,-16.287,2.2496,-21.263,-16.432,-14.176,-11.429,-11.654
-19.601,-24.215,-6.1462,19.137,-13.352,-16.907,1.7544,-22.256,-17.337,-15.171,-12.062,-12.171
-16.714,-24.208,-6.6819,17.598,-12.197,-17.523,1.2521,-23.322,-18.293,-16.115,-12.687,-12.688
-14.177,-24.076,-7.5089,16.189,-10.794,-18.094,0.74897,-24.401,-19.217,-16.928,-13.217,-13.125
-12.364,-23.894,-8.5409,15.163,-9.3035,-18.56,0.23798,-25.426,-20.02,-17.542,-13.558,-13.393
-11.35,-23.694,-9.6721,14.617,-7.7989,-18.863,-0.29711,-26.35,-20.643,-17.921,-13.64,-13.425
-10.927,-23.47,-10.82,14.486,-6.2516,-18.979,-0.86886,-27.163,-21.078,-18.071,-13.439,-13.196
-10.677,-23.177,-11.954,14.562,-4.5529,-18.924,-1.4703,-27.899,-21.367,-18.043,-12.988,-12.734
-10.109,-22.746,-13.091,14.555,-2.5734,-18.752,-2.0641,-28.614,-21.586,-17.912,-12.354,-12.104
-8.8142,-22.112,-14.245,14.176,-0.2598,-18.53,-2.5831,-29.343,-21.808,-17.755,-11.614,-11.381
-6.6135,-21.253,-15.371,13.232,2.2837,-18.309,-2.9443,-30.077,-22.07,-17.62,-10.827,-10.625
-3.633,-20.203,-16.335,11.711,4.7837,-18.094,-3.0703,-30.749,-22.361,-17.513,-10.027,-9.8697
-0.30169,-19.049,-16.941,9.8061,6.8631,-17.836,-2.9115,-31.265,-22.626,-17.405,-9.2321,-9.127
2.7591,-17.886,-17.002,7.8387,8.153,-17.45,-2.4604,-31.541,-22.802,-17.249,-8.4554,-8.4009
4.9365,-16.766,-16.424,6.1373,8.4095,-16.849,-1.753,-31.536,-22.839,-17.005,-7.7206,-7.6988
5.8189,-15.667,-15.253,4.9253,7.5925,-15.977,-0.85683,-31.26,-22.72,-16.657,-7.0561,-7.0303
5.2924,-14.516,-13.653,4.2701,5.8716,-14.82,0.15153,-30.754,-22.449,-16.204,-6.4791,-6.395
3.534,-13.233,-11.844,4.0956,3.5588,-13.408,1.208,-30.074,-22.043,-15.655,-5.9793,-5.7701
0.93893,-11.77,-10.002,4.235,1.0012,-11.796,2.2701,-29.265,-21.519,-15.011,-5.5174,-5.1124
-1.9902,-10.128,-8.2019,4.4882,-1.515,-10.04,3.3103,-28.361,-20.892,-14.268,-5.0402,-4.3757
-4.757,-8.3381,-6.4151,4.6558,-3.8078,-8.1849,4.3063,-27.388,-20.177,-13.423,-4.5034,-3.5328
-6.9569,-6.4393,-4.5667,4.567,-5.7874,-6.2614,5.2403,-26.381,-19.404,-12.491,-3.8911,-2.594
-8.3321,-4.478,-2.6121,4.1167,-7.4175,-4.3094,6.104,-25.375,-18.62,-11.526,-3.2326,-1.6156
-8.7805,-2.5228,-0.58598,3.2903,-8.678,-2.3955,6.9007,-24.392,-17.895,-10.632,-2.6123,-0.69992
-8.322,-0.67736,1.3993,2.1574,-9.5441,-0.6171,7.6522,-23.425,-17.315,-9.9584,-2.1692,0.014966
-7.0635,0.92923,3.189,0.84845,-9.9827,0.91395,8.409,-22.428,-16.961,-9.6846,-2.0752,0.38053
-5.1805,2.1705,4.6318,-0.47396,-9.966,2.0977,9.2677,-21.336,-16.886,-9.9861,-2.4957,0.27458
-2.8929,2.9522,5.6262,-1.6515,-9.4988,2.8703,10.375,-20.081,-17.116,-11.001,-3.5495,-0.36563
-0.43488,3.2356,6.1574,-2.5679,-8.6515,3.2187,11.916,-18.628,-17.641,-12.806,-5.2914,-1.5368
1.9467,3.0542,6.3096,-3.1639,-7.5801,3.1905,14.044,-16.972,-18.44,-15.394,-7.7201,-3.1939
3.9668,2.5083,6.2419,-3.4092,-6.516,2.8941,16.114,-15.095,-19.458,-18.67,-10.788,-5.2774
5.2989,1.7253,6.142,-3.2604,-5.7272,2.4801,15.37,-12.882,-20.552,-22.406,-14.36,-7.717
5.6183,0.83559,6.1782,-2.656,-5.4624,2.1009,13.115,-10.08,-21.422,-26.245,-18.196,-10.398
4.6602,-0.04059,6.4659,-1.5513,-5.8911,1.8947,13.742,-6.7174,-21.528,-29.714,-21.975,-13.136
2.2456,-0.76972,7.0624,0.054172,-7.0609,1.985,19.481,-7.8924,-20.003,-32.108,-25.176,-15.594
-1.7218,-1.1586,7.9986,2.1214,-8.8925,2.5243,31.546,-22.173,-15.769,-32.252,-26.808,-17.146
-7.1963,-0.87611,9.3323,4.4791,-11.212,3.7672,50.177,-15.469,-20.441,-29.843,-26.241,-17.24
-13.718,0.45395,11.218,6.4995,-13.807,6.1162,74.591,-2.0991,-33.788,-56.098,-37.684,-20.535
-20.261,-1.2313,13.95,8.9971,-16.476,9.549,103.08,13.101,-41.813,-99.468,-92.65,-63.257
-31.568,-30.115,17.995,35.563,-19.049,8.8609,134.29,27.125,-50.035,-129.64,-124.36,-94.745
-66.193,-54.881,23.881,60.871,-21.317,-7.9261,166.19,37.986,-55.41,-155.87,-150.61,-114.9
-85.709,-62.813,31.61,72.714,-22.909,-20.23,192.8,49.542,-53.41,-171.12,-165.89,-126.34
-93.512,-60.831,40.122,75.917,-23.413,-14.731,212.4,72.14,-39.076,-166.44,-161.65,-122.79
-90.07,-44.812,51.873,66.712,-22.96,1.6321,231.81,114.35,-5.0774,-131.55,-128.97,-97.894
-72.104,-10.995,69.764,41.699,-22.645,28.728,255.35,184.8,60.468,-55.972,-60.725,-46.872
-36.259,41.734,89.041,-0.96864,-27.833,66.673,281.4,285.3,169.63,68.17,46.34,32.018
18.535,112.22,107.72,-61.508,-39.091,113.8,304.47,407.42,321.84,242.73,192.36,137.93
89.89,198.24,125.81,-138.28,-19.244,167.87,316.53,531.44,499.54,463.34,374.8,268.52
171.56,297.34,145.81,-227.5,9.105,227.76,310.33,630.33,686.88,719.09,586.24,419.35
254.27,406.37,171.78,-323.4,35.91,293.87,284.75,680.26,863.79,993.2,814.87,582.82
328.06,520.42,208.41,-418.44,51.358,366.97,244.73,669.15,1014.2,1269,1047.3,749.18
382.86,632.85,261.7,-503.79,47.939,446.75,197.81,599.42,1130.1,1531.4,1270.2,908.07
409.06,736.14,335.82,-570.69,21.623,531.32,151.87,486.72,1210,1766,1469.6,1049
399.83,822.51,426.44,-611.98,-28.789,616.55,113.59,353.81,1255.2,1956.5,1630.5,1161.2
353.9,884.28,525.61,-623.22,-101.17,695.77,86.887,221.03,1265.5,2084.2,1736.3,1234.2
277.24,915.1,623.53,-603.5,-190.94,760.48,70.685,100.4,1237.4,2128.8,1771.7,1258.7
181.87,911.29,706.46,-555.56,-281.88,801.79,60.13,-3.3459,1164.9,2073.7,1725.8,1229.3
81.235,872.18,761.41,-484.93,-354.41,812.44,49.976,-91.431,1042.9,1912.2,1597.4,1146
-14.75,800.07,780.01,-398.61,-404.31,788.64,36.17,-172.14,871.12,1652.8,1396.4,1015.7
-100.14,700.01,760.38,-304.03,-429.68,731.27,16.331,-257.59,657.04,1319.4,1143.7,850.97
-170.51,579.95,706.78,-208.16,-431.35,646.14,-4.6881,-348.17,417.58,948.55,866.44,667.97
-222.42,450.77,628.04,-116.81,-412.74,543.2,-11.166,-434.24,176.98,582.33,592.91,483.64
-254.4,325.04,535.45,-36.472,-379.15,434.79,-6.931,-505.53,-39.167,259.65,347.82,313.28
-266.92,213.72,440.38,25.982,-336.56,332.76,-4.6179,-550.17,-209.84,7.5845,147.94,168.38
-261.85,122.7,352.02,69.439,-290.07,245.28,-2.6167,-558.26,-321.8,-155.72,1.0082,54.527
-241.66,56.543,275.86,94.078,-242.9,174.02,0.61456,-526.35,-371.25,-233.43,-83.211,-22.275
-208.94,15.919,212.71,101.1,-197.39,117.63,5.0936,-457.29,-364.12,-245.15,-114.18,-60.857
-167.87,-3.9472,159.9,93.855,-156.72,76.773,10.414,-360.86,-314.25,-211.83,-111.14,-70.28
-125.25,-9.4471,116.78,77.485,-122.61,50.327,16.143,-253.94,-239.03,-157.26,-91.3,-62.308
-87.132,-7.5101,84.191,51.262,-93.489,34.868,21.75,-154.17,-153.31,-103.18,-67.171,-47.133
-57.418,-3.586,61.095,20.333,-69.156,26.518,26.727,-72.648,-76.542,-60.909,-45.779,-31.624
-38.27,6.4578,45.79,15.669,-50.168,22.023,30.647,-12.266,-28.18,-31.327,-25.306,-11.262
-27.981,14.214,35.876,15.077,-36.519,23.71,33.042,22.707,-4.8796,-27.131,-7.5603,3.6876
-23.917,4.022,28.984,15.173,-27.263,29.65,33.636,35.612,0.51368,-35.7,-18.127,-5.9465
-23.643,-3.8007,26.42,15.63,-20.731,19.097,32.778,35.793,-5.7117,-37.979,-25.024,-12.565
-22.968,-9.1874,20.442,16.252,-15.535,7.0672,31.307,30.241,-13.958,-36.979,-28.36,-16.643
-18.377,-13.186,8.9869,16.905,-11.644,-1.4265,29.851,23.374,-21.785,-33.719,-29.417,-19.04
-14.129,-16.361,-1.4488,17.465,-6.4567,-7.7393,28.411,17.526,-25.988,-29.547,-29.496,-20.57
-11.249,-19.104,-9.8428,17.8,-0.51484,-12.948,26.564,13.321,-19.241,-26.078,-29.672,-21.962
-8.5553,-21.728,-16.78,17.871,4.9595,-17.62,24.043,10.282,-14.058,-24.264,-30.675,-23.759
-5.769,-24.471,-22.692,17.797,9.6675,-22.059,21.074,13.866,-11.61,-24.471,-32.841,-26.249
-3.2242,-27.484,-27.822,17.785,13.407,-26.435,18.011,15.591,-11.626,-26.584,-36.137,-29.458
-1.3443,-30.829,-32.351,18.04,16.077,-30.834,14.982,15.172,-13.598,-30.093,-40.26,-33.212
-0.40014,-34.473,-36.47,18.707,17.76,-35.269,11.999,13.342,-16.693,-34.328,-44.774,-37.222
-0.47069,-38.275,-40.359,19.837,18.693,-39.658,9.1194,10.836,-20.122,-38.675,-49.224,-41.154
-1.4888,-42.016,-44.11,21.391,19.185,-43.824,6.4244,8.2151,-23.343,-42.677,-53.217,-44.703
-3.3057,-45.474,-47.664,23.271,19.501,-47.551,3.9706,5.81,-26.072,-46.056,-56.49,-47.645
-5.746,-48.504,-50.852,25.387,19.8,-50.67,1.7884,3.7673,-28.23,-48.704,-58.942,-49.875
-8.6153,-51.087,-53.513,27.687,20.121,-53.119,-0.10767,2.1062,-29.863,-50.656,-60.62,-51.408
-11.672,-53.333,-55.582,30.14,20.425,-54.963,-1.7133,0.76142,-31.091,-52.047,-61.682,-52.355
-14.624,-55.406,-57.103,32.689,20.674,-56.365,-3.0298,-0.37412,-32.063,-53.068,-62.342,-52.891
-17.164,-57.432,-58.227,35.2,20.891,-57.533,-4.0591,-1.4029,-32.913,-53.905,-62.808,-53.209
-19.016,-59.42,-59.167,37.458,21.168,-58.647,-4.8032,-2.3822,-33.723,-54.696,-63.234,-53.474
-19.997,-61.253,-60.135,39.207,21.626,-59.808,-5.27,-3.3065,-34.52,-55.513,-63.694,-53.79
-20.054,-62.751,-61.256,40.232,22.349,-61.012,-5.4803,-4.1183,-35.287,-56.363,-64.192,-54.189
-19.272,-63.744,-62.537,40.424,23.342,-62.173,-5.4692,-4.7383,-35.988,-57.205,-64.689,-54.642
-17.843,-64.15,-63.88,39.819,24.528,-63.185,-5.2791,-5.0951,-36.592,-57.981,-65.124,-55.085
-16.015,-63.999,-65.161,38.591,25.78,-63.966,-4.9498,-5.1459,-37.077,-58.635,-65.446,-55.448
-14.031,-63.42,-66.283,36.998,26.982,-64.482,-4.5149,-4.8868,-37.434,-59.126,-65.616,-55.673
-12.078,-62.584,-67.213,35.308,28.089,-64.744,-4.0083,-4.3512,-37.661,-59.433,-65.609,-55.723
-10.248,-61.647,-67.975,33.722,29.178,-64.787,-3.4723,-3.6001,-37.756,-59.551,-65.402,-55.58
-8.5119,-60.689,-68.629,32.327,30.433,-64.65,-2.9546,-2.7064,-37.712,-59.477,-64.973,-55.235
-6.7312,-59.702,-69.24,31.083,32.069,-64.351,-2.4944,-1.7371,-37.514,-59.197,-64.29,-54.674
-4.7246,-58.607,-69.841,29.863,34.219,-63.89,-2.1089,-0.73817,-37.146,-58.678,-63.325,-53.876
-2.3777,-57.316,-70.416,28.543,36.848,-63.253,-1.7919,0.27076,-36.596,-57.889,-62.07,-52.821
0.26412,-55.795,-70.892,27.079,39.727,-62.436,-1.521,1.289,-35.871,-56.822,-60.557,-51.509
2.9595,-54.094,-71.156,25.546,42.468,-61.454,-1.2706,2.3182,-35.012,-55.528,-58.871,-49.979
5.3037,-52.334,-71.101,24.108,44.609,-60.352,-1.024,3.3423,-34.089,-54.118,-57.14,-48.321
6.8435,-50.646,-70.668,22.939,45.751,-59.188,-0.77906,4.3129,-33.193,-52.744,-55.515,-46.666
7.2517,-49.096,-69.884,22.141,45.69,-58.02,-0.54639,5.1524,-32.414,-51.558,-54.129,-45.158
6.467,-47.651,-68.845,21.705,44.482,-56.881,-0.33643,5.7821,-31.818,-50.661,-53.061,-43.905
4.7265,-46.208,-67.671,21.51,42.394,-55.768,-0.14435,6.1662,-31.42,-50.065,-52.317,-42.944
2.4964,-44.648,-66.456,21.381,39.797,-54.643,0.055224,6.3417,-31.173,-49.688,-51.82,-42.218
0.34476,-42.892,-65.25,21.138,37.101,-53.454,0.29461,6.4065,-30.985,-49.388,-51.452,-41.607
-1.1909,-40.938,-64.067,20.633,34.735,-52.156,0.58844,6.4724,-30.76,-49.022,-51.096,-40.985
-1.7023,-38.845,-62.915,19.768,33.096,-50.739,0.91642,6.6188,-30.438,-48.504,-50.685,-40.273
-0.97426,-36.715,-61.818,18.499,32.472,-49.24,1.2262,6.8734,-30.011,-47.824,-50.213,-39.468
0.98726,-34.656,-60.811,16.853,32.971,-47.727,1.4541,7.2247,-29.503,-47.028,-49.713,-38.619
3.9711,-32.76,-59.933,14.927,34.498,-46.277,1.5515,7.6446,-28.954,-46.185,-49.232,-37.787
7.6131,-31.078,-59.216,12.867,36.781,-44.959,1.5054,8.1098,-28.393,-45.351,-48.799,-37.013
11.468,-29.615,-58.675,10.851,39.438,-43.804,1.3459,8.614,-27.833,-44.546,-48.425,-36.298
15.087,-28.334,-58.313,9.053,42.066,-42.808,1.1404,9.1738,-27.262,-43.75,-48.091,-35.61
18.08,-27.177,-58.096,7.6186,44.324,-41.922,0.97727,9.828,-26.652,-42.914,-47.759,-34.905
20.156,-26.095,-57.94,6.6551,45.975,-41.073,0.94277,10.629,-25.964,-41.977,-47.373,-34.139
21.137,-25.069,-57.71,6.2265,46.882,-40.176,1.0938,11.622,-25.163,-40.889,-46.868,-33.278
20.955,-24.116,-57.244,6.3454,46.994,-39.166,1.4348,12.813,-24.236,-39.632,-46.187,-32.309
19.687,-23.272,-56.405,6.9541,46.343,-38.022,1.9097,14.143,-23.212,-38.23,-45.304,-31.248
17.584,-22.571,-55.135,7.9134,45.039,-36.778,2.4181,15.492,-22.157,-36.741,-44.229,-30.136
15.049,-22.032,-53.476,9.0163,43.245,-35.52,2.8552,16.716,-21.153,-35.235,-43.004,-29.02
12.516,-21.642,-51.542,10.031,41.131,-34.334,3.158,17.709,-20.264,-33.763,-41.672,-27.927
10.301,-21.341,-49.447,10.766,38.823,-33.261,3.3303,18.443,-19.503,-32.334,-40.257,-26.845
8.505,-21.029,-47.256,11.131,36.373,-32.269,3.4257,18.971,-18.828,-30.916,-38.744,-25.718
7.0068,-20.599,-44.981,11.165,33.752,-31.276,3.5011,19.383,-18.161,-29.451,-37.089,-24.467
5.5372,-19.984,-42.614,11.005,30.888,-30.191,3.5723,19.739,-17.429,-27.887,-35.243,-23.027
3.8034,-19.18,-40.167,10.834,27.747,-28.96,3.5981,20.043,-16.592,-26.2,-33.174,-21.369
1.6338,-18.25,-37.683,10.819,24.395,-27.585,3.4973,20.24,-15.649,-24.389,-30.871,-19.499
-0.93439,-17.286,-35.232,11.059,21.015,-26.114,3.1875,20.264,-14.633,-22.461,-28.346,-17.451
-3.6614,-16.359,-32.903,11.546,17.886,-24.605,2.624,20.077,-13.585,-20.42,-25.617,-15.267
-6.1529,-15.461,-30.787,12.154,15.343,-23.089,1.8239,19.693,-12.545,-18.257,-22.714,-12.98
-7.9317,-14.493,-28.949,12.658,13.708,-21.551,0.86666,19.177,-11.531,-15.955,-19.67,-10.613
-8.5643,-13.289,-27.403,12.793,13.183,-19.935,-0.12711,18.637,-10.532,-13.497,-16.515,-8.1634
-7.8106,-11.69,-26.11,12.342,13.765,-18.178,-1.0307,18.195,-9.5085,-10.875,-13.269,-5.6064
-5.7124,-9.5985,-24.987,11.189,15.223,-16.25,-1.7468,17.95,-8.4109,-8.0969,-9.944,-2.8994
-2.5791,-6.9998,-23.941,9.3459,17.161,-14.164,-2.2299,17.955,-7.2003,-5.1911,-6.5466,0.0022746
1.1145,-3.9446,-22.89,6.9157,19.132,-11.968,-2.4878,18.19,-5.8708,-2.2031,-3.0813,3.1304
4.8744,-0.51432,-21.776,4.0439,20.752,-9.7191,-2.563,18.575,-4.4524,0.81822,0.4542,6.5005
8.3193,3.2063,-20.572,0.87427,21.791,-7.4637,-2.5058,19.003,-2.9942,3.8427,4.0799,10.122
11.253,7.1403,-19.258,-2.4612,22.199,-5.2131,-2.3522,19.383,-1.5349,6.8773,7.8449,14.016
13.663,11.221,-17.809,-5.8324,22.081,-2.9312,-2.1159,19.684,-0.076248,9.9736,11.833,18.222
15.69,15.399,-16.186,-9.114,21.637,-0.53983,-1.7945,19.934,1.4253,13.218,16.154,22.805
17.587,19.639,-14.35,-12.213,21.099,2.0501,-1.3922,20.197,3.0434,16.712,20.929,27.832
19.657,23.914,-12.286,-15.098,20.671,4.9016,-0.94518,20.518,4.8538,20.547,26.275,33.371
22.094,28.206,-10.01,-17.801,20.463,8.0381,-0.53038,20.887,6.912,24.802,32.298,39.494
24.809,32.526,-7.5518,-20.382,20.456,11.46,-0.24296,21.241,9.2463,29.559,39.131,46.321
27.388,36.938,-4.9186,-22.851,20.489,15.182,-0.15848,21.492,11.863,34.939,46.976,54.048
29.269,41.589,-2.072,-25.121,20.297,19.27,-0.30599,21.559,14.754,41.125,56.119,62.919
29.964,46.71,1.0816,-27.069,19.564,23.864,-0.66732,21.397,17.899,48.347,66.847,73.083
29.175,52.595,4.6804,-28.675,17.994,29.17,-1.1979,21.001,21.266,56.798,79.246,84.383
26.832,59.513,8.8881,-30.081,15.38,35.425,-1.8532,20.393,24.803,66.506,92.952,96.256
23.095,67.553,13.868,-31.52,11.675,42.809,-2.6043,19.611,28.439,77.222,107.14,107.95
18.337,76.48,19.754,-33.215,7.0204,51.318,-3.4371,18.7,32.102,88.445,120.9,118.92
13.117,85.76,26.607,-35.323,1.7425,60.656,-4.3416,17.706,35.736,99.607,133.65,129
8.1085,94.821,34.381,-37.966,-3.7141,70.278,-5.3031,16.674,39.322,110.29,145.27,138.28
3.9819,103.37,42.915,-41.283,-8.8848,79.648,-6.3012,15.64,42.873,120.34,155.95,146.99
1.2444,111.45,51.991,-45.415,-13.395,88.49,-7.3184,14.632,46.423,129.81,165.96,155.36
0.12544,119.32,61.398,-50.421,-17.052,96.829,-8.3514,13.659,50.001,138.87,175.58,163.6
0.55214,127.24,70.954,-56.212,-19.878,104.87,-9.4192,12.722,53.611,147.7,185.04,171.89
2.219,135.37,80.517,-62.564,-22.062,112.84,-10.564,11.811,57.223,156.47,194.54,180.35
4.7011,143.76,89.934,-69.201,-23.866,120.88,-11.852,10.915,60.787,165.26,204.15,189.03
7.5605,152.35,99.004,-75.884,-25.51,129.01,-13.371,10.013,64.249,174.09,213.91,197.93
10.434,161.01,107.5,-82.461,-27.097,137.11,-15.231,9.0682,67.566,182.93,223.79,207.01
13.095,169.63,115.26,-88.857,-28.612,145.08,-17.564,8.0341,70.713,191.69,233.71,216.18
15.465,178.11,122.21,-95.047,-29.987,152.8,-20.512,6.8656,73.679,200.31,243.59,225.38
17.555,186.45,128.38,-101.02,-31.211,160.24,-24.209,5.5271,76.457,208.71,253.37,234.54
19.409,194.68,133.89,-106.77,-32.354,167.42,-28.732,3.9939,79.035,216.81,263,243.6
21.047,202.8,138.85,-112.24,-33.546,174.32,-34.016,2.2493,81.391,224.52,272.41,252.43
22.444,210.73,143.41,-117.33,-34.924,180.89,-39.819,0.28752,83.509,231.75,281.49,260.85
23.546,218.28,147.69,-121.89,-36.574,187.03,-45.825,-1.8776,85.394,238.43,290.11,268.64
24.308,225.24,151.81,-125.8,-38.477,192.67,-51.795,-4.2016,87.08,244.53,298.1,275.61
24.759,231.45,155.84,-129.07,-40.486,197.78,-57.616,-6.6067,88.635,250.11,305.38,281.7
25.043,236.85,159.78,-131.78,-42.356,202.38,-63.224,-8.9889,90.153,255.27,311.95,286.97
25.409,241.46,163.59,-134.06,-43.802,206.51,-68.538,-11.234,91.743,260.12,317.9,291.62
26.116,245.4,167.18,-136.06,-44.577,210.25,-73.456,-13.236,93.507,264.79,323.43,295.87
27.296,248.81,170.5,-137.88,-44.545,213.68,-77.886,-14.921,95.509,269.4,328.72,299.94
28.856,251.87,173.56,-139.54,-43.792,216.89,-81.758,-16.256,97.761,274,333.91,303.94
30.472,254.7,176.48,-141.03,-42.69,219.97,-85.035,-17.253,100.21,278.6,339.06,307.91
31.7,257.35,179.39,-142.28,-41.818,222.95,-87.718,-17.947,102.77,283.14,344.11,311.76
32.109,259.79,182.38,-143.21,-41.776,225.76,-89.844,-18.376,105.31,287.54,348.9,315.37
31.418,261.93,185.43,-143.78,-43,228.28,-91.459,-18.558,107.76,291.69,353.25,318.6
29.567,263.69,188.43,-143.98,-45.63,230.37,-92.589,-18.483,110.08,295.49,357.02,321.33
26.749,265,191.27,-143.86,-49.443,231.98,-93.228,-18.105,112.32,298.89,360.12,323.49
23.369,265.88,193.75,-143.5,-53.879,233.12,-93.35,-17.363,114.56,301.91,362.55,325.06
19.972,266.35,195.66,-143,-58.174,233.81,-92.941,-16.224,116.86,304.56,364.38,326.05
17.114,266.43,196.83,-142.44,-61.574,234.05,-92.011,-14.713,119.24,306.91,365.68,326.5
15.216,266.11,197.11,-141.86,-63.554,233.8,-90.588,-12.914,121.64,308.99,366.53,326.44
14.444,265.3,196.47,-141.24,-63.934,233.01,-88.71,-10.936,123.97,310.81,366.97,325.89
14.671,263.92,194.96,-140.48,-62.86,231.59,-86.415,-8.8717,126.14,312.36,367.01,324.84
15.554,261.8,192.67,-139.42,-60.691,229.52,-83.732,-6.7713,128.09,313.57,366.62,323.29
16.684,258.76,189.67,-137.85,-57.875,226.73,-80.676,-4.6399,129.77,314.38,365.77,321.2
17.745,254.6,185.95,-135.59,-54.825,223.15,-77.231,-2.4589,131.15,314.72,364.4,318.52
18.561,249.16,181.48,-132.49,-51.805,218.65,-73.339,-0.214,132.21,314.54,362.46,315.17
19.038,242.43,176.18,-128.49,-48.913,213.15,-68.912,2.0807,132.96,313.79,359.85,311.04
19.081,234.54,170.07,-123.68,-46.181,206.62,-63.895,4.3728,133.35,312.42,356.5,306.01
18.551,225.71,163.26,-118.23,-43.698,199.15,-58.356,6.5776,133.36,310.4,352.29,300
17.278,216.18,155.94,-112.34,-41.602,190.94,-52.55,8.598,132.96,307.67,347.13,292.98
15.09,206.15,148.41,-106.12,-39.971,182.21,-46.838,10.356,132.12,304.21,340.96,285.01
11.877,195.87,140.92,-99.56,-38.787,173.25,-41.504,11.831,130.87,300.04,333.79,276.22
7.6935,185.61,133.64,-92.591,-37.998,164.32,-36.599,13.081,129.27,295.23,325.76,266.82
2.8332,175.64,126.64,-85.141,-37.504,155.67,-31.929,14.237,127.45,289.91,317.06,257.04
-2.1893,166.14,119.93,-77.246,-37.079,147.49,-27.213,15.447,125.54,284.23,307.9,247.1
-6.739,157.19,113.41,-69.088,-36.369,139.79,-22.293,16.821,123.63,278.3,298.45,237.14
-10.173,148.73,106.95,-60.94,-35.017,132.48,-17.254,18.374,121.72,272.16,288.76,227.22
-11.956,140.57,100.33,-53.07,-32.787,125.35,-12.348,20.014,119.71,265.76,278.81,217.31
-11.815,132.48,93.394,-45.668,-29.639,118.15,-7.7794,21.575,117.5,258.99,268.51,207.37
-9.8577,124.15,86.091,-38.875,-25.769,110.68,-3.5733,22.896,114.98,251.77,257.84,197.38
-6.5936,115.26,78.552,-32.849,-21.579,102.79,0.37656,23.886,112.14,244.05,246.83,187.39
-2.8061,105.5,71.057,-27.771,-17.585,94.404,4.1962,24.541,109.02,235.9,235.61,177.49
0.64246,94.844,63.921,-23.704,-14.283,85.593,7.9675,24.904,105.7,227.4,224.33,167.72
3.0086,83.73,57.357,-20.461,-12.019,76.597,11.707,25.028,102.27,218.65,213.11,158.08
3.8174,72.983,51.4,-17.656,-10.906,67.767,15.365,24.942,98.775,209.68,201.99,148.49
2.9306,63.311,45.936,-14.912,-10.815,59.43,18.845,24.647,95.218,200.42,190.93,138.81
0.53111,54.958,40.801,-12.002,-11.421,51.778,22.027,24.134,91.578,190.81,179.87,128.88
-2.9631,47.78,35.867,-8.8815,-12.298,44.868,24.804,23.397,87.823,180.78,168.77,118.67
-7.0217,41.492,31.087,-5.6354,-13.041,38.668,27.117,22.447,83.93,170.38,157.63,108.27
-11.114,35.819,26.477,-2.3951,-13.371,33.102,28.965,21.298,79.885,159.74,146.49,97.891
-14.784,30.536,22.094,0.72451,-13.159,28.086,30.394,19.971,75.69,149.02,135.44,87.83
-17.69,25.48,17.992,3.6461,-12.393,23.528,31.472,18.482,71.344,138.33,124.55,78.313
-19.617,20.555,14.198,6.3073,-11.142,19.323,32.264,16.841,66.829,127.69,113.83,69.436
-20.456,15.742,10.68,8.6333,-9.5085,15.359,32.816,15.039,62.077,116.99,103.21,61.144
-20.19,11.089,7.3551,10.542,-7.5903,11.535,33.15,13.044,56.956,106.09,92.564,53.289
-18.905,6.6906,4.1181,11.98,-5.4357,7.7974,33.269,10.822,51.31,94.828,81.783,45.751
-16.792,2.6444,0.90032,12.951,-3.0497,4.1601,33.183,8.354,45.053,83.194,70.93,38.529
-14.133,-0.98488,-2.2932,13.529,-0.45721,0.68711,32.925,5.6605,38.279,71.442,60.302,31.761
-11.275,-4.1774,-5.3862,13.842,2.2199,-2.5461,32.551,2.7888,31.298,60.081,50.346,25.631
-8.6162,-6.9539,-8.2589,14.053,4.7358,-5.4793,32.127,-0.20239,24.527,49.674,41.465,20.268
-6.595,-9.3742,-10.777,14.349,6.7633,-8.0759,31.709,-3.2588,18.292,40.579,33.844,15.684
-5.6199,-11.533,-12.818,14.918,7.985,-10.323,31.329,-6.3371,12.715,32.833,27.429,11.792
-5.9653,-13.542,-14.302,15.917,8.1917,-12.233,31.001,-9.406,7.7453,26.238,22.019,8.4592
-7.6871,-15.509,-15.213,17.43,7.3545,-13.839,30.726,-12.445,3.2542,20.513,17.384,5.5585
-10.604,-17.507,-15.613,19.447,5.6438,-15.191,30.502,-15.434,-0.88199,15.422,13.348,2.998
-14.339,-19.561,-15.625,21.854,3.3887,-16.348,30.333,-18.344,-4.7379,10.815,9.8024,0.73057
-18.407,-21.647,-15.399,24.465,0.98766,-17.356,30.234,-21.136,-8.3381,6.6174,6.6901,-1.2555
-22.318,-23.702,-15.05,27.064,-1.2066,-18.236,30.233,-23.775,-11.682,2.7956,3.9751,-2.9579
-25.702,-25.648,-14.612,29.472,-2.9897,-18.971,30.352,-26.248,-14.77,-0.68347,1.6183,-4.3805
-28.415,-27.421,-14.03,31.6,-4.3579,-19.514,30.602,-28.564,-17.615,-3.8644,-0.43228,-5.5457
-30.602,-28.998,-13.202,33.469,-5.4873,-19.821,30.966,-30.746,-20.24,-6.8024,-2.24,-6.4962
-32.653,-30.407,-12.046,35.175,-6.6615,-19.887,31.4,-32.811,-22.67,-9.5557,-3.8733,-7.2909
-35.054,-31.701,-10.56,36.835,-8.1723,-19.763,31.835,-34.768,-24.936,-12.181,-5.398,-7.9982
-38.165,-32.929,-8.8263,38.519,-10.215,-19.537,32.199,-36.619,-27.073,-14.729,-6.8693,-8.6876
-42.002,-34.1,-6.993,40.229,-12.808,-19.302,32.446,-38.365,-29.115,-17.24,-8.3247,-9.4175
-46.198,-35.178,-5.2306,41.9,-15.785,-19.126,32.568,-40.012,-31.081,-19.733,-9.7818,-10.222
-50.211,-36.101,-3.6844,43.436,-18.864,-19.032,32.556,-41.574,-32.977,-22.209,-11.239,-11.099
-53.604,-36.81,-2.433,44.746,-21.753,-19,32.351,-43.081,-34.792,-24.65,-12.682,-12.012
-56.178,-37.278,-1.4724,45.78,-24.227,-18.973,31.848,-44.59,-36.527,-27.03,-14.09,-12.902
-57.94,-37.516,-0.73641,46.536,-26.159,-18.884,30.929,-46.183,-38.198,-29.336,-15.448,-13.708
-58.984,-37.568,-0.1516,47.041,-27.477,-18.687,29.517,-47.954,-39.847,-31.57,-16.752,-14.388
-59.386,-37.483,0.3048,47.312,-28.131,-18.387,27.597,-49.99,-41.532,-33.757,-18.02,-14.935
-59.128,-37.292,0.57916,47.331,-28.075,-18.039,25.215,-52.349,-43.308,-35.932,-19.28,-15.373
-58.106,-36.997,0.56518,47.054,-27.282,-17.727,22.457,-55.044,-45.214,-38.124,-20.571,-15.752
-56.212,-36.571,0.16052,46.43,-25.782,-17.522,19.42,-58.024,-47.254,-40.346,-21.929,-16.131
-53.436,-35.967,-0.67613,45.428,-23.695,-17.452,16.201,-61.183,-49.395,-42.59,-23.38,-16.567
-49.923,-35.137,-1.8974,44.046,-21.219,-17.491,12.893,-64.399,-51.575,-44.828,-24.928,-17.098
-45.941,-34.05,-3.3827,42.306,-18.58,-17.574,9.5966,-67.593,-53.712,-47.012,-26.552,-17.741
-41.8,-32.711,-4.9874,40.252,-15.961,-17.639,6.4226,-70.732,-55.719,-49.087,-28.207,-18.482
-37.74,-31.168,-6.5954,37.932,-13.459,-17.652,3.4883,-73.781,-57.516,-50.999,-29.828,-19.295
-33.852,-29.5,-8.1433,35.397,-11.072,-17.616,0.91009,-76.647,-59.048,-52.712,-31.356,-20.146
-30.063,-27.783,-9.6051,32.688,-8.7164,-17.54,-1.2176,-79.174,-60.286,-54.212,-32.746,-21.011
-26.204,-26.055,-10.955,29.841,-6.2801,-17.414,-2.8464,-81.197,-61.225,-55.504,-33.973,-21.865
-22.111,-24.308,-12.15,26.897,-3.674,-17.187,-3.9765,-82.6,-61.878,-56.602,-35.02,-22.677
-17.734,-22.523,-13.138,23.919,-0.88015,-16.802,-4.6352,-83.357,-62.262,-57.517,-35.87,-23.405
-13.209,-20.712,-13.889,21.013,2.021,-16.235,-4.8573,-83.521,-62.4,-58.251,-36.51,-24.002
-8.8638,-18.94,-14.406,18.332,4.8442,-15.518,-4.681,-83.181,-62.315,-58.802,-36.938,-24.432
-5.1555,-17.301,-14.714,16.049,7.3144,-14.728,-4.143,-82.417,-62.027,-59.176,-37.183,-24.691
-2.5846,-15.872,-14.848,14.317,9.1077,-13.956,-3.2642,-81.263,-61.559,-59.405,-37.317,-24.821
-1.583,-14.678,-14.84,13.223,9.9247,-13.272,-2.032,-79.699,-60.931,-59.55,-37.458,-24.911
-2.3817,-13.689,-14.719,12.772,9.5882,-12.711,-0.3917,-77.678,-60.176,-59.71,-37.762,-25.085
-4.8793,-12.85,-14.502,12.882,8.126,-12.263,1.7512,-75.166,-59.342,-60.015,-38.39,-25.487
-8.5908,-12.118,-14.182,13.403,5.8004,-11.892,4.5216,-72.183,-58.503,-60.605,-39.49,-26.248
-12.75,-11.496,-13.733,14.145,3.0727,-11.554,8.0746,-68.803,-57.756,-61.602,-41.154,-27.459
-16.506,-11.03,-13.132,14.888,0.48273,-11.228,12.524,-65.104,-57.188,-63.065,-43.385,-29.137
-19.037,-10.773,-12.393,15.405,-1.4981,-10.911,16.944,-61.113,-56.824,-64.951,-46.07,-31.209
-19.652,-10.741,-11.579,15.498,-2.5032,-10.607,18.018,-56.828,-56.546,-67.094,-48.983,-33.497
-18.059,-10.866,-10.764,15.08,-2.2733,-10.282,16.739,-52.372,-56.021,-69.212,-51.839,-35.744
-14.616,-10.974,-9.9621,14.227,-0.78223,-9.8146,18.1,-48.745,-54.643,-70.852,-54.274,-37.613
-10.21,-10.766,-9.0737,13.126,1.6183,-8.9808,24.644,-52.977,-51.614,-71.161,-55.615,-38.603
-5.918,-9.8198,-7.8748,11.971,4.222,-7.4592,37.287,-67.327,-47.203,-68.721,-54.601,-37.926
-2.9904,-7.5656,-6.051,10.887,6.1341,-4.8605,55.99,-61.283,-64.695,-63.983,-50.356,-34.933
-2.8078,-3.2373,-3.2424,9.8122,6.487,-0.8109,80.096,-48.278,-76.791,-94.146,-61.542,-35.586
-6.0435,0.51487,0.92419,8.9927,4.7208,3.8053,107.34,-31.502,-83.633,-126.96,-105.83,-74.026
-15.173,-28.426,6.792,30.882,0.80972,-0.50391,135.24,-14.56,-91.544,-155.37,-135.44,-100.31
-46.903,-52.567,14.552,56.496,-4.8009,-18.162,162.7,0.171,-98.232,-179.28,-159.45,-119.17
-71.044,-58.715,24.17,69.821,-11.313,-20.734,188.91,16.423,-97.665,-190.07,-170.4,-128.33
-88.04,-54.232,36.305,74.826,-17.342,-10.119,213.32,40.024,-80.291,-176.93,-159.33,-121.38
-94.83,-34.858,52.79,67.314,-21.474,10.054,236.39,78.683,-35.559,-128.75,-117.83,-92.308
-87.445,2.2416,72.167,44.488,-23.973,40.729,260,142.81,44.878,-36.641,-40.067,-36.888
-62.291,57.49,91.866,5.0106,-28.517,81.694,285.54,238.93,166.32,103.74,76.366,46.698
-16.083,130.1,110.97,-52.614,-47.451,131.23,311.9,363.04,329.39,291.91,231.46,158.18
51.774,219.18,129.47,-129.66,-36.553,187.5,336.54,500.3,523.34,522.93,422.48,295.23
136.91,323.27,149.28,-224.15,-7.1647,250.02,355.56,628.59,729.73,786.86,641.52,452.32
229.55,438.48,174.42,-328.86,25.907,319.51,362.9,724.64,929.23,1069,875.67,620.36
316.93,557.92,210.57,-432.89,53.258,396.34,356.68,769.72,1106.4,1351.4,1110.5,788.46
385.77,672.78,264.65,-524.5,64.7,479.26,340.21,755.1,1250.7,1615.8,1331.4,945.58
424.24,773.88,340.5,-593.25,50.714,565.1,320.22,686.09,1355.1,1844.6,1523.4,1080.6
424.28,852.9,433.81,-631.82,5.0271,647.89,304.43,579.22,1415,2019,1669.9,1182.3
383.64,902.88,534.48,-636.66,-68.827,719.22,295.47,454.24,1425.8,2118.8,1754.1,1240.2
307.27,918.22,628.6,-607.69,-158.95,769.96,289.79,326.29,1382.5,2125.1,1761.5,1246
206.41,895.54,701.38,-548.49,-252.99,792.26,280.84,201.86,1281.2,2025.8,1684.3,1196
95.218,835.13,741.71,-466.05,-333.32,781.17,262.47,81.117,1122.3,1820.6,1525.1,1092.5
-12.659,741.55,744.2,-368.94,-389.38,735.96,231.1,-36.934,912.7,1524.9,1298.6,944.72
-106.69,623.16,709.26,-265.69,-416.83,660.56,186.26,-152.5,665.61,1169.2,1029.1,767.09
-179.96,491.13,642.43,-163.93,-416.28,562.83,130.96,-265.11,400.55,792.9,745.46,576.77
-228.74,357.71,552.86,-70.027,-392.74,453,71.536,-368.88,144.47,436.58,475.45,391.02
-253.13,233.55,451.22,2.9434,-352.28,341.78,16.548,-455.27,-76.764,133.41,241.35,224.69
-255.59,124.74,347.64,54.295,-300.08,238.38,-25.495,-515.16,-246.07,-95.67,56.02,87.184
-238.94,41.687,250.77,89.36,-241.12,148.63,-48.939,-539.58,-354.39,-242.6,-70.807,-14.861
-207.23,-12.079,167.12,108.73,-181.03,77.236,-52.513,-522.93,-401.1,-311.49,-139.34,-76.563
-167.3,-42.806,99.83,112.16,-125.56,26.814,-39.779,-469.57,-393.64,-315.49,-162.25,-103.74
-126.64,-55.319,48.149,102.44,-79.133,-4.8264,-17.31,-388.88,-344.43,-273.66,-153.52,-105.95
-91.242,-54.837,9.3114,84.516,-42.911,-22.069,8.9215,-289.63,-269.5,-207.93,-127.77,-93.63
-63.312,-48.176,-19.222,49.157,-14.435,-30.278,27.515,-186.94,-186.52,-141.47,-98.504,-76.541
-42.829,-40.866,-39.53,30.634,8.8868,-34.504,28.706,-97.734,-111.1,-91.522,-74.969,-61.69
-27.025,-28.979,-53.658,26.801,28.612,-37.821,30.123,-30.992,-57.969,-63.254,-59.228,-48.89
-12.904,-27.658,-63.224,23.329,45.279,-35.961,33.404,10.473,-30.374,-74.774,-66.185,-46.898
0.9216,-33.133,-64.299,19.658,58.246,-32.211,37.468,28.795,-22.002,-81.955,-75.673,-54.786
11.078,-36.694,-54.078,16.092,63.687,-38.274,41.518,32.542,-24.146,-82.688,-79.623,-59.187
15.651,-38.501,-55.357,12.978,53.767,-44.339,45.244,29.536,-28.731,-82.946,-80.428,-60.826
18.523,-39.223,-60.73,10.603,48.834,-48.55,48.941,24.944,-34.189,-81.805,-79.516,-60.798
20.558,-39.421,-65.013,9.1106,49.653,-51.164,52.693,21.239,-40.928,-78.364,-77.844,-59.899
21.567,-39.465,-67.782,8.4924,50.525,-52.696,56.094,18.848,-42.349,-74.141,-76.141,-58.721
21.613,-39.57,-69.464,8.6206,50.777,-53.572,58.714,14.241,-37.296,-70.831,-74.904,-57.686
20.949,-39.85,-70.447,9.32,50.655,-54.089,60.456,18.346,-33.828,-69,-74.356,-57.036
19.782,-40.371,-70.94,10.425,50.351,-54.42,61.517,22.317,-32.065,-68.481,-74.427,-56.801
18.147,-41.141,-70.99,11.81,49.841,-54.655,62.192,24.477,-31.5,-68.838,-74.892,-56.875
15.94,-42.142,-70.537,13.391,48.918,-54.801,62.693,25.417,-31.601,-69.577,-75.475,-57.078
13.048,-43.325,-69.517,15.121,47.297,-54.85,63.077,25.828,-31.914,-70.296,-75.942,-57.234
9.4761,-44.617,-67.938,16.966,44.759,-54.806,63.253,26.133,-32.152,-70.755,-76.157,-57.22
5.3848,-45.933,-65.919,18.88,41.282,-54.693,63.054,26.452,-32.215,-70.89,-76.087,-56.991
1.0234,-47.168,-63.69,20.785,37.102,-54.548,62.326,26.697,-32.146,-70.759,-75.757,-56.568
-3.3512,-48.215,-61.493,22.582,32.645,-54.392,60.988,26.719,-32.063,-70.481,-75.233,-55.993
-7.4967,-48.993,-59.524,24.172,28.382,-54.226,59.059,26.434,-32.068,-70.162,-74.575,-55.319
-11.167,-49.472,-57.889,25.479,24.703,-54.023,56.63,25.88,-32.194,-69.845,-73.822,-54.579
-14.108,-49.669,-56.601,26.456,21.864,-53.756,53.824,25.193,-32.409,-69.511,-72.985,-53.786
-16.088,-49.629,-55.609,27.075,19.976,-53.403,50.746,24.524,-32.627,-69.101,-72.065,-52.947
-16.93,-49.392,-54.828,27.302,19.042,-52.949,47.44,23.956,-32.762,-68.563,-71.07,-52.078
-16.542,-48.962,-54.199,27.091,18.995,-52.394,43.907,23.466,-32.768,-67.881,-70.027,-51.217
-14.938,-48.303,-53.71,26.388,19.751,-51.749,40.145,22.943,-32.661,-67.09,-68.981,-50.4
-12.251,-47.366,-53.406,25.156,21.231,-51.049,36.191,22.26,-32.491,-66.253,-67.977,-49.652
-8.7175,-46.14,-53.372,23.419,23.347,-50.348,32.137,21.331,-32.334,-65.438,-67.044,-48.971
-4.6383,-44.684,-53.684,21.285,25.973,-49.723,28.102,20.144,-32.257,-64.697,-66.186,-48.337
-0.34269,-43.136,-54.375,18.944,28.921,-49.256,24.184,18.754,-32.305,-64.065,-65.397,-47.731
3.8319,-41.663,-55.422,16.628,31.951,-49.018,20.423,17.255,-32.491,-63.555,-64.664,-47.136
7.5794,-40.4,-56.761,14.547,34.808,-49.039,16.79,15.752,-32.792,-63.14,-63.959,-46.525
10.693,-39.378,-58.303,12.836,37.264,-49.296,13.21,14.33,-33.144,-62.777,-63.261,-45.875
13.124,-38.527,-59.947,11.528,39.168,-49.69,9.6068,13.036,-33.463,-62.396,-62.535,-45.152
14.994,-37.716,-61.6,10.563,40.468,-50.103,5.954,11.876,-33.672,-61.919,-61.728,-44.324
16.542,-36.822,-63.196,9.828,41.234,-50.427,2.2877,10.823,-33.717,-61.28,-60.79,-43.379
18.048,-35.79,-64.721,9.1918,41.651,-50.614,-1.3171,9.8511,-33.587,-60.44,-59.688,-42.336
19.788,-34.644,-66.197,8.5258,41.987,-50.671,-4.7841,8.9493,-33.312,-59.4,-58.425,-41.238
22.009,-33.457,-67.65,7.7236,42.541,-50.645,-8.0564,8.1368,-32.937,-58.195,-57.047,-40.141
24.866,-32.324,-69.1,6.721,43.572,-50.589,-11.091,7.4627,-32.5,-56.869,-55.605,-39.093
28.326,-31.32,-70.54,5.5115,45.245,-50.545,-13.84,6.9907,-32.007,-55.467,-54.151,-38.112
32.159,-30.488,-71.924,4.1452,47.591,-50.535,-16.246,6.7761,-31.442,-54.029,-52.731,-37.191
36.049,-29.831,-73.171,2.7068,50.507,-50.543,-18.264,6.8365,-30.776,-52.582,-51.377,-36.303
39.704,-29.308,-74.176,1.2793,53.773,-50.517,-19.884,7.1352,-29.994,-51.141,-50.101,-35.404
42.903,-28.84,-74.827,-0.08126,57.088,-50.377,-21.152,7.5866,-29.103,-49.703,-48.884,-34.439
45.463,-28.348,-75.01,-1.336,60.096,-50.039,-22.14,8.0871,-28.126,-48.241,-47.669,-33.352
47.2,-27.788,-74.634,-2.4268,62.425,-49.447,-22.909,8.556,-27.089,-46.711,-46.375,-32.105
47.93,-27.183,-73.66,-3.2494,63.735,-48.6,-23.457,8.9705,-26.003,-45.055,-44.929,-30.692
47.481,-26.608,-72.111,-3.6575,63.768,-47.554,-23.722,9.3785,-24.85,-43.22,-43.289,-29.145
45.723,-26.165,-70.076,-3.5,62.382,-46.402,-23.618,9.8853,-23.585,-41.164,-41.455,-27.518
42.586,-25.93,-67.681,-2.6719,59.564,-45.236,-23.089,10.62,-22.138,-38.872,-39.459,-25.871
38.089,-25.924,-65.058,-1.1575,55.442,-44.115,-22.15,11.696,-20.447,-36.353,-37.347,-24.254
32.388,-26.112,-62.322,0.94788,50.293,-43.058,-20.883,13.173,-18.475,-33.651,-35.166,-22.704
25.824,-26.421,-59.565,3.4473,44.54,-42.052,-19.412,15.035,-16.251,-30.84,-32.968,-21.258
18.919,-26.771,-56.872,6.0756,38.703,-41.088,-17.862,17.176,-13.871,-28.025,-30.81,-19.951
12.312,-27.091,-54.336,8.5467,33.307,-40.167,-16.341,19.425,-11.479,-25.314,-28.754,-18.81
6.6433,-27.322,-52.044,10.601,28.782,-39.293,-14.912,21.603,-9.2193,-22.79,-26.846,-17.834
2.4302,-27.416,-50.052,12.046,25.431,-38.452,-13.584,23.609,-7.1719,-20.472,-25.098,-16.983
-0.0092281,-27.339,-48.356,12.78,23.445,-37.605,-12.309,25.463,-5.3164,-18.301,-23.478,-16.185
-0.58855,-27.082,-46.896,12.806,22.901,-36.708,-11.016,27.288,-3.5433,-16.159,-21.918,-15.349
0.55641,-26.669,-45.595,12.224,23.727,-35.735,-9.6606,29.233,-1.7033,-13.905,-20.33,-14.397
3.0972,-26.137,-44.397,11.197,25.658,-34.69,-8.2548,31.386,0.33413,-11.416,-18.626,-13.272
6.5549,-25.508,-43.294,9.9076,28.245,-33.591,-6.8759,33.72,2.6472,-8.6166,-16.725,-11.948
10.369,-24.757,-42.295,8.5126,30.955,-32.448,-5.6418,36.098,5.2619,-5.4774,-14.565,-10.413
13.996,-23.821,-41.368,7.1161,33.309,-31.234,-4.6723,38.338,8.1739,-1.997,-12.093,-8.6589
16.98,-22.608,-40.396,5.7778,34.938,-29.893,-4.0507,40.291,11.366,1.82,-9.2762,-6.6722
18.991,-21.041,-39.197,4.5323,35.567,-28.349,-3.8031,41.893,14.814,5.9812,-6.1001,-4.4316
19.839,-19.085,-37.595,3.4063,35.015,-26.543,-3.9034,43.158,18.483,10.521,-2.5623,-1.9053
19.479,-16.777,-35.475,2.4241,33.221,-24.449,-4.3018,44.146,22.332,15.511,1.3604,0.95947
17.999,-14.209,-32.812,1.603,30.278,-22.085,-4.9639,44.924,26.314,21.068,5.759,4.2551
15.614,-11.509,-29.663,0.94616,26.439,-19.496,-5.8879,45.555,30.383,27.343,10.842,8.1372
12.672,-8.8005,-26.139,0.4425,22.082,-16.734,-7.0831,46.068,34.49,34.491,16.952,12.83
9.6417,-6.1902,-22.383,0.06516,17.635,-13.85,-8.5551,46.439,38.576,42.599,24.487,18.581
7.0329,-3.7516,-18.545,-0.2497,13.514,-10.895,-10.344,46.569,42.567,51.612,33.682,25.553
5.2796,-1.5054,-14.758,-0.62801,10.058,-7.9234,-12.553,46.319,46.393,61.336,44.404,33.723
4.5925,0.60576,-11.098,-1.2334,7.4614,-4.9795,-15.322,45.572,50.029,71.534,56.206,42.91
4.8686,2.7096,-7.5703,-2.181,5.6859,-2.0756,-18.784,44.297,53.518,82.054,68.656,52.927
5.7165,4.9504,-4.1205,-3.4565,4.447,0.81959,-23.041,42.564,56.944,92.852,81.556,63.677
6.5736,7.4246,-0.68312,-4.9096,3.3195,3.762,-28.098,40.522,60.367,103.9,94.862,75.082
6.8716,10.158,2.7694,-6.3289,1.9091,6.7956,-33.758,38.328,63.766,115.1,108.48,86.94
6.2195,13.14,6.194,-7.5554,-0.003398,9.9279,-39.637,36.084,67.038,126.21,122.14,98.882
4.5402,16.378,9.4807,-8.5757,-2.4027,13.138,-45.406,33.788,70.053,137.02,135.52,110.5
2.098,19.927,12.496,-9.5479,-5.0672,16.404,-51.009,31.34,72.71,147.32,148.38,121.53
-0.57247,23.875,15.147,-10.749,-7.6523,19.717,-56.601,28.601,74.962,157.07,160.62,131.92
-2.7953,28.306,17.419,-12.491,-9.7882,23.094,-62.306,25.473,76.803,166.29,172.31,141.77
-3.9111,33.301,19.391,-15.049,-11.169,26.588,-68.035,21.966,78.254,175.05,183.57,151.25
-3.4288,38.953,21.207,-18.628,-11.618,30.3,-73.51,18.216,79.362,183.43,194.52,160.52
-1.1366,45.367,23.048,-23.316,-11.121,34.378,-78.482,14.421,80.187,191.48,205.24,169.7
2.854,52.605,25.084,-29.043,-9.8168,38.974,-82.883,10.76,80.799,199.17,215.74,178.85
8.1395,60.607,27.43,-35.558,-7.947,44.178,-86.794,7.3212,81.25,206.46,225.97,187.96
14.131,69.151,30.117,-42.48,-5.793,49.964,-90.375,4.0918,81.563,213.27,235.78,196.96
20.214,77.919,33.096,-49.439,-3.6276,56.185,-93.817,0.9759,81.737,219.56,245.01,205.75
25.893,86.628,36.274,-56.204,-1.6869,62.628,-97.305,-2.1482,81.77,225.32,253.55,214.23
30.882,95.129,39.574,-62.73,-0.1618,69.11,-100.94,-5.3597,81.691,230.6,261.45,222.36
35.066,103.4,42.99,-69.076,0.79328,75.547,-104.68,-8.6504,81.585,235.54,268.88,230.22
38.401,111.44,46.621,-75.251,1.0544,81.96,-108.4,-11.931,81.569,240.28,276.09,237.91
40.819,119.21,50.634,-81.138,0.54527,88.389,-111.91,-15.076,81.744,244.97,283.29,245.51
42.248,126.58,55.177,-86.542,-0.72905,94.788,-115.09,-17.983,82.141,249.62,290.54,253.02
42.713,133.32,60.275,-91.276,-2.6596,100.97,-117.83,-20.603,82.688,254.16,297.72,260.29
42.357,139.15,65.771,-95.151,-5.038,106.67,-120.12,-22.951,83.238,258.44,304.56,267.09
41.393,143.86,71.351,-97.971,-7.5932,111.6,-121.95,-25.085,83.624,262.28,310.77,273.21
40.063,147.32,76.669,-99.603,-10.054,115.61,-123.38,-27.069,83.714,265.51,316.11,278.47
38.59,149.52,81.48,-100.06,-12.221,118.67,-124.41,-28.953,83.453,268.06,320.48,282.79
37.09,150.6,85.719,-99.494,-14.015,120.94,-125.02,-30.758,82.863,269.88,323.88,286.18
35.512,150.8,89.487,-98.125,-15.506,122.65,-125.14,-32.473,82.036,271.03,326.4,288.71
33.658,150.45,92.95,-96.179,-16.88,124.06,-124.67,-34.066,81.101,271.57,328.2,290.48
31.261,149.86,96.215,-93.828,-18.376,125.38,-123.49,-35.49,80.178,271.61,329.41,291.59
28.097,149.24,99.259,-91.157,-20.199,126.68,-121.5,-36.706,79.332,271.2,330.09,292.08
24.076,148.61,101.95,-88.181,-22.443,127.86,-118.63,-37.694,78.544,270.3,330.16,291.93
19.302,147.89,104.15,-84.897,-25.06,128.8,-114.88,-38.453,77.734,268.84,329.47,291.01
14.081,146.95,105.8,-81.359,-27.875,129.4,-110.34,-38.988,76.806,266.68,327.79,289.17
8.8652,145.75,107,-77.711,-30.645,129.65,-105.07,-39.287,75.705,263.71,324.95,286.28
4.1779,144.33,107.9,-74.161,-33.118,129.61,-99.194,-39.316,74.433,259.88,320.86,282.33
0.53775,142.8,108.71,-70.899,-35.078,129.41,-92.793,-39.037,73.023,255.22,315.54,277.36
-1.6307,141.24,109.54,-68.003,-36.384,129.09,-85.989,-38.43,71.487,249.74,309.1,271.49
-2.1217,139.6,110.43,-65.374,-36.985,128.65,-78.917,-37.523,69.767,243.49,301.65,264.79
-1.0582,137.74,111.29,-62.721,-36.953,128,-71.696,-36.387,67.733,236.47,293.24,257.3
1.096,135.41,111.97,-59.689,-36.492,127.01,-64.396,-35.126,65.212,228.66,283.93,249.04
3.6356,132.31,112.35,-56.07,-35.921,125.52,-57.04,-33.837,62.056,220.04,273.76,240.06
5.775,128.21,112.33,-51.95,-35.593,123.46,-49.618,-32.58,58.213,210.64,262.82,230.48
6.8144,123.08,111.88,-47.59,-35.812,120.8,-42.124,-31.345,53.798,200.51,251.28,220.5
6.2623,117.16,111.01,-43.211,-36.749,117.64,-34.668,-30.079,49.103,189.8,239.38,210.36
3.909,110.96,109.72,-38.9,-38.394,114.14,-27.656,-28.724,44.511,178.72,227.34,200.29
-0.13509,104.96,108.02,-34.647,-40.545,110.44,-21.745,-27.265,40.334,167.52,215.37,190.43
-5.4489,99.344,105.85,-30.393,-42.86,106.64,-17.392,-25.751,36.698,156.39,203.55,180.82
-11.37,93.92,103.19,-26.058,-44.948,102.69,-14.537,-24.277,33.522,145.36,191.9,171.4
-17.113,88.267,100.01,-21.565,-46.451,98.445,-12.823,-22.954,30.601,134.29,180.33,162.07
-21.909,81.955,96.342,-16.902,-47.097,93.732,-11.885,-21.862,27.709,122.95,168.72,152.71
-25.13,74.73,92.237,-12.21,-46.725,88.427,-11.452,-21.027,24.701,111.08,156.9,143.2
-26.395,66.621,87.755,-7.8239,-45.309,82.482,-11.322,-20.409,21.557,98.624,144.75,133.44
-25.665,57.986,82.94,-4.2078,-42.951,75.946,-11.344,-19.92,18.365,85.843,132.14,123.4
-23.287,49.467,77.813,-1.7433,-39.877,68.982,-11.396,-19.464,15.254,73.304,119.1,113.06
-19.927,41.791,72.381,-0.51955,-36.409,61.852,-11.391,-18.964,12.331,61.657,105.81,102.49
-16.386,35.491,66.668,-0.30473,-32.92,54.862,-11.265,-18.38,9.6492,51.339,92.6,91.821
-13.375,30.718,60.748,-0.70033,-29.772,48.302,-10.981,-17.712,7.2241,42.479,79.877,81.233
-11.334,27.294,54.763,-1.3164,-27.226,42.408,-10.525,-16.974,5.0568,34.999,68.016,70.987
-10.358,24.872,48.93,-1.8598,-25.348,37.331,-9.8923,-16.18,3.1514,28.745,57.347,61.419
-10.233,23.072,43.485,-2.1454,-23.969,33.112,-9.0842,-15.319,1.514,23.548,48.118,52.88
-10.534,21.564,38.6,-2.0896,-22.781,29.676,-8.0977,-14.359,0.14316,19.242,40.423,45.602
-10.74,20.129,34.308,-1.7384,-21.439,26.861,-6.9328,-13.252,-0.97413,15.662,34.167,39.601
-10.32,18.696,30.508,-1.2958,-19.632,24.48,-5.596,-11.959,-1.8587,12.656,29.119,34.7
-8.8721,17.317,27.055,-1.0594,-17.156,22.373,-4.0977,-10.47,-2.5355,10.097,24.994,30.631
-6.3086,16.071,23.848,-1.2499,-14.019,20.43,-2.4488,-8.8161,-3.034,7.8773,21.531,27.134
-2.948,14.955,20.882,-1.857,-10.516,18.581,-0.66373,-7.0632,-3.3943,5.9132,18.536,24.024
0.54394,13.862,18.238,-2.6213,-7.1679,16.795,1.2302,-5.305,-3.6717,4.1318,15.886,21.195
3.3461,12.648,16.023,-3.1548,-4.5583,15.061,3.1867,-3.6442,-3.9337,2.4659,13.501,18.602
4.7322,11.208,14.294,-3.1097,-3.1483,13.378,5.142,-2.1697,-4.2456,0.85651,11.32,16.219
4.2885,9.5187,13.025,-2.2959,-3.1438,11.75,7.0256,-0.93182,-4.6469,-0.73341,9.2828,14.022
2.0219,7.6338,12.122,-0.71451,-4.4461,10.194,8.7744,0.074559,-5.1331,-2.3024,7.3395,11.989
-1.6627,5.6531,11.477,1.4669,-6.6899,8.7416,10.343,0.90719,-5.653,-3.8044,5.4659,10.111
-6.083,3.6884,11.007,3.9674,-9.3505,7.4327,11.704,1.6507,-6.1267,-5.1611,3.6758,8.3916
-10.452,1.8252,10.668,6.4606,-11.892,6.2881,12.841,2.3801,-6.4744,-6.2901,2.0151,6.8416
-14.053,0.091891,10.442,8.6526,-13.911,5.2899,13.747,3.1321,-6.6426,-7.1343,0.54254,5.4676
-16.403,-1.546,10.331,10.362,-15.23,4.3847,14.423,3.8947,-6.6195,-7.6804,-0.69484,4.2616
-17.371,-3.1693,10.352,11.576,-15.902,3.5071,14.885,4.6136,-6.4392,-7.9646,-1.6867,3.1946
-17.217,-4.8732,10.528,12.45,-16.168,2.6059,15.165,5.2129,-6.1742,-8.0664,-2.473,2.2157
-16.503,-6.734,10.869,13.241,-16.381,1.6551,15.313,5.6298,-5.9133,-8.0905,-3.1375,1.2615
-15.942,-8.7831,11.352,14.217,-16.906,0.64782,15.39,5.8517,-5.7296,-8.1411,-3.7806,0.27473
-16.205,-11,11.897,15.579,-17.99,-0.41439,15.472,5.9351,-5.657,-8.298,-4.4864,-0.77872
-17.732,-13.324,12.38,17.418,-19.692,-1.5302,15.632,5.9883,-5.6855,-8.6036,-5.3013,-1.9027
-20.591,-15.681,12.666,19.709,-21.894,-2.7017,15.925,6.1274,-5.7778,-9.0604,-6.2297,-3.0766
-24.472,-18.013,12.657,22.34,-24.364,-3.9328,16.378,6.4278,-5.8921,-9.6394,-7.2435,-4.2672
-28.847,-20.295,12.323,25.161,-26.821,-5.2251,16.978,6.8964,-6.0016,-10.293,-8.2964,-5.4389
-33.195,-22.534,11.7,28.016,-29.007,-6.5792,17.677,7.4714,-6.107,-10.974,-9.342,-6.5631
-37.105,-24.76,10.847,30.758,-30.723,-8.0017,18.407,8.0503,-6.2374,-11.65,-10.349,-7.6265
-40.261,-27.005,9.8097,33.243,-31.834,-9.512,19.099,8.5309,-6.442,-12.306,-11.312,-8.6343
-42.425,-29.286,8.5952,35.34,-32.253,-11.141,19.703,8.8445,-6.7754,-12.955,-12.249,-9.6091
-43.477,-31.604,7.1818,36.955,-31.941,-12.921,20.191,8.9686,-7.2859,-13.629,-13.193,-10.585
-43.452,-33.945,5.5381,38.064,-30.922,-14.873,20.561,8.9193,-8.0071,-14.382,-14.187,-11.606
-42.524,-36.291,3.6361,38.715,-29.281,-17.006,20.823,8.7325,-8.9522,-15.286,-15.275,-12.714
-40.946,-38.63,1.4552,39.028,-27.151,-19.314,20.99,8.4436,-10.111,-16.411,-16.499,-13.951
-38.991,-40.957,-1.0118,39.16,-24.682,-21.785,21.059,8.0713,-11.45,-17.804,-17.889,-15.342
-36.914,-43.259,-3.7463,39.272,-22.031,-24.385,21.011,7.6103,-12.912,-19.458,-19.454,-16.883
-34.927,-45.493,-6.6922,39.482,-19.344,-27.04,20.82,7.0377,-14.429,-21.311,-21.167,-18.538
-33.189,-47.582,-9.7553,39.843,-16.755,-29.632,20.474,6.3312,-15.935,-23.255,-22.964,-20.24
-31.792,-49.435,-12.816,40.344,-14.363,-32.027,19.981,5.4892,-17.376,-25.171,-24.762,-21.911
-30.755,-50.99,-15.758,40.926,-12.225,-34.12,19.376,4.5416,-18.726,-26.96,-26.479,-23.476
-30.024,-52.23,-18.491,41.505,-10.335,-35.875,18.709,3.5482,-19.976,-28.566,-28.058,-24.888
-29.478,-53.185,-20.972,41.989,-8.6434,-37.324,18.036,2.5888,-21.129,-29.979,-29.477,-26.137
-28.944,-53.898,-23.189,42.277,-7.0785,-38.535,17.413,1.7506,-22.18,-31.223,-30.748,-27.241
-28.226,-54.41,-25.15,42.275,-5.5788,-39.58,16.899,1.1114,-23.109,-32.328,-31.899,-28.229
-27.157,-54.749,-26.864,41.914,-4.1147,-40.519,16.543,0.71564,-23.888,-33.324,-32.957,-29.129
-25.65,-54.94,-28.35,41.177,-2.7005,-41.396,16.377,0.552,-24.504,-34.239,-33.946,-29.955
-23.742,-55.011,-29.625,40.106,-1.3939,-42.238,16.405,0.54734,-24.973,-35.095,-34.885,-30.714
-21.586,-54.974,-30.694,38.8,-0.28303,-43.037,16.601,0.58579,-25.338,-35.914,-35.779,-31.405
-19.41,-54.821,-31.539,37.388,0.54016,-43.738,16.921,0.54802,-25.652,-36.705,-36.618,-32.018
-17.465,-54.534,-32.115,36.011,1.0125,-44.258,17.316,0.35645,-25.956,-37.463,-37.374,-32.534
-15.963,-54.111,-32.378,34.804,1.1247,-44.519,17.746,0.0064225,-26.26,-38.166,-38.012,-32.923
-15.048,-53.589,-32.319,33.884,0.93177,-44.485,18.194,-0.43518,-26.537,-38.778,-38.495,-33.155
-14.778,-53.04,-31.994,33.335,0.54501,-44.182,18.662,-0.86663,-26.744,-39.256,-38.799,-33.212
-15.125,-52.542,-31.533,33.193,0.1047,-43.695,19.163,-1.2027,-26.836,-39.563,-38.913,-33.091
-15.989,-52.141,-31.094,33.426,-0.26298,-43.125,19.715,-1.4125,-26.784,-39.668,-38.838,-32.812
-17.236,-51.828,-30.801,33.939,-0.49093,-42.552,20.342,-1.5292,-26.587,-39.555,-38.584,-32.407
-18.726,-51.535,-30.695,34.584,-0.59467,-42.01,21.067,-1.6334,-26.279,-39.235,-38.168,-31.915
-20.322,-51.165,-30.724,35.196,-0.65678,-41.49,21.911,-1.8198,-25.922,-38.764,-37.628,-31.379
-21.863,-50.632,-30.789,35.612,-0.77522,-40.962,22.882,-2.1558,-25.594,-38.242,-37.023,-30.853
-23.142,-49.879,-30.791,35.688,-1.0001,-40.402,23.972,-2.6488,-25.36,-37.784,-36.431,-30.391
-23.924,-48.874,-30.679,35.304,-1.2893,-39.792,25.152,-3.2377,-25.251,-37.482,-35.923,-30.035
-23.99,-47.6,-30.465,34.375,-1.5007,-39.12,26.373,-3.8154,-25.253,-37.359,-35.532,-29.792
-23.184,-46.044,-30.222,32.86,-1.4236,-38.38,27.577,-4.2669,-25.314,-37.368,-35.247,-29.635
-21.439,-44.204,-30.06,30.777,-0.83871,-37.581,28.711,-4.5087,-25.373,-37.412,-35.019,-29.509
-18.793,-42.094,-30.085,28.192,0.41106,-36.733,29.734,-4.5144,-25.373,-37.386,-34.782,-29.346
-15.384,-39.738,-30.348,25.218,2.3641,-35.835,30.617,-4.3165,-25.272,-37.203,-34.466,-29.077
-11.422,-37.173,-30.821,21.998,4.9183,-34.869,31.33,-3.9853,-25.038,-36.807,-33.997,-28.646
-7.1621,-34.457,-31.401,18.692,7.8498,-33.803,31.839,-3.5965,-24.648,-36.172,-33.316,-28.019
-2.8655,-31.669,-31.943,15.459,10.865,-32.611,32.106,-3.205,-24.089,-35.303,-32.398,-27.198
1.2339,-28.904,-32.31,12.442,13.678,-31.29,32.095,-2.8365,-23.371,-34.241,-31.278,-26.233
4.9607,-26.255,-32.422,9.7462,16.095,-29.876,31.781,-2.4976,-22.536,-33.065,-30.055,-25.217
8.2269,-23.808,-32.285,7.426,18.058,-28.44,31.155,-2.1924,-21.656,-31.875,-28.871,-24.262
11.033,-21.628,-31.986,5.4872,19.628,-27.081,30.228,-1.9311,-20.813,-30.77,-27.858,-23.463
13.425,-19.771,-31.645,3.9077,20.911,-25.894,29.043,-1.7275,-20.075,-29.813,-27.089,-22.856
15.415,-18.274,-31.35,2.6693,21.972,-24.939,27.668,-1.594,-19.47,-29.025,-26.564,-22.41
16.921,-17.152,-31.109,1.7829,22.774,-24.221,26.178,-1.5471,-18.991,-28.385,-26.216,-22.046
17.748,-16.391,-30.827,1.2913,23.158,-23.675,24.627,-1.6149,-18.613,-27.858,-25.959,-21.676
17.657,-15.933,-30.346,1.2455,22.898,-23.189,23.031,-1.8352,-18.31,-27.41,-25.72,-21.239
16.465,-15.677,-29.519,1.6684,21.803,-22.637,21.368,-2.2432,-18.07,-27.018,-25.463,-20.715
14.153,-15.506,-28.292,2.5249,19.826,-21.934,19.594,-2.857,-17.902,-26.669,-25.183,-20.118
10.895,-15.32,-26.741,3.7145,17.11,-21.071,17.661,-3.6731,-17.827,-26.36,-24.891,-19.478
7.0359,-15.066,-25.046,5.0851,13.948,-20.119,15.543,-4.6725,-17.873,-26.097,-24.602,-18.825
3.0263,-14.744,-23.424,6.4557,10.712,-19.193,13.241,-5.8282,-18.061,-25.897,-24.324,-18.183
-0.64172,-14.382,-22.058,7.6388,7.773,-18.401,10.788,-7.1112,-18.39,-25.778,-24.058,-17.571
-3.5092,-14,-21.049,8.461,5.4428,-17.802,8.2339,-8.4874,-18.829,-25.743,-23.798,-16.998
-5.2201,-13.582,-20.396,8.781,3.9291,-17.383,5.6383,-9.9149,-19.321,-25.772,-23.524,-16.465
-5.5706,-13.07,-20.014,8.5062,3.3135,-17.058,3.0674,-11.345,-19.795,-25.815,-23.202,-15.951
-4.5273,-12.382,-19.767,7.6077,3.558,-16.703,0.59938,-12.73,-20.189,-25.806,-22.793,-15.425
-2.2166,-11.456,-19.531,6.1318,4.5455,-16.209,-1.685,-14.036,-20.467,-25.691,-22.27,-14.857
1.106,-10.278,-19.25,4.1973,6.1368,-15.528,-3.7262,-15.246,-20.631,-25.449,-21.633,-14.236
5.101,-8.8917,-18.961,1.9735,8.2057,-14.687,-5.5047,-16.357,-20.714,-25.096,-20.917,-13.572
9.402,-7.3856,-18.764,-0.35249,10.632,-13.772,-7.0341,-17.369,-20.763,-24.677,-20.172,-12.897
13.668,-5.8572,-18.755,-2.6102,13.266,-12.874,-8.3341,-18.262,-20.815,-24.238,-19.441,-12.241
17.602,-4.3826,-18.959,-4.6697,15.902,-12.049,-9.4042,-18.992,-20.875,-23.806,-18.746,-11.626
20.95,-3.0019,-19.306,-6.4554,18.275,-11.303,-10.217,-19.506,-20.904,-23.369,-18.079,-11.056
23.498,-1.7222,-19.66,-7.93,20.093,-10.604,-10.733,-19.753,-20.836,-22.885,-17.411,-10.515
25.094,-0.52262,-19.864,-9.0927,21.103,-9.9109,-10.924,-19.706,-20.6,-22.277,-16.689,-9.9719
25.689,0.6175,-19.797,-9.9746,21.168,-9.1897,-10.801,-19.373,-20.159,-21.494,-15.877,-9.406
25.381,1.7191,-19.407,-10.639,20.323,-8.4349,-10.413,-18.814,-19.53,-20.524,-14.962,-8.815
24.432,2.7942,-18.724,-11.179,18.779,-7.6641,-9.8414,-18.13,-18.783,-19.406,-13.96,-8.2188
23.216,3.8323,-17.844,-11.68,16.872,-6.9086,-9.1829,-17.444,-18.021,-18.23,-12.928,-7.6563
22.108,4.7957,-16.884,-12.194,14.983,-6.1985,-8.5266,-16.869,-17.355,-17.114,-11.955,-7.1747
21.377,5.635,-15.949,-12.712,13.444,-5.5496,-7.9383,-16.466,-16.854,-16.17,-11.134,-6.816
21.134,6.3036,-15.109,-13.179,12.473,-4.9588,-7.4538,-16.239,-16.549,-15.482,-10.548,-6.6125
21.335,6.7888,-14.403,-13.543,12.134,-4.4225,-7.078,-16.136,-16.409,-15.037,-10.208,-6.5544
21.834,7.0979,-13.831,-13.767,12.338,-3.9336,-6.7891,-16.084,-16.352,-14.747,-10.048,-6.5953
22.416,7.2481,-13.369,-13.832,12.876,-3.4973,-6.5475,-16.018,-16.286,-14.481,-9.9464,-6.6645
22.837,7.2598,-12.97,-13.717,13.464,-3.1263,-6.3093,-15.906,-16.153,-14.127,-9.7775,-6.697
22.884,7.1511,-12.577,-13.401,13.831,-2.8346,-6.0514,-15.764,-15.952,-13.633,-9.4657,-6.6638
22.419,6.9308,-12.146,-12.867,13.785,-2.6367,-5.784,-15.648,-15.744,-13.025,-9.0148,-6.5847
21.412,6.5938,-11.663,-12.12,13.255,-2.5501,-5.548,-15.624,-15.591,-12.376,-8.4962,-6.5152
19.935,6.1277,-11.143,-11.19,12.286,-2.5881,-5.3911,-15.726,-15.513,-11.764,-8.0073,-6.5148
18.128,5.528,-10.615,-10.126,11.005,-2.7453,-5.3286,-15.925,-15.494,-11.229,-7.6232,-6.6129
16.134,4.8075,-10.102,-8.9681,9.5704,-2.9884,-5.3182,-16.121,-15.468,-10.756,-7.3623,-6.7893
14.044,3.9909,-9.6024,-7.7229,8.1178,-3.2621,-5.2636,-16.166,-15.356,-10.288,-7.1849,-6.9822
11.874,3.1053,-9.0922,-6.3593,6.7237,-3.509,-5.0407,-15.917,-15.081,-9.7724,-7.0252,-7.1242
9.5873,2.175,-8.5399,-4.8532,5.3918,-3.6911,-4.5247,-15.273,-14.616,-9.2177,-6.8423,-7.1865
7.1531,1.2137,-7.9187,-3.2168,4.0682,-3.7997,-3.6011,-14.192,-13.999,-8.7347,-6.6795,-7.217
4.5827,0.24028,-7.2068,-1.5048,2.6712,-3.8566,-2.1539,-12.671,-13.32,-8.49,-6.6512,-7.3189
1.9525,-0.73473,-6.3857,0.20229,1.1258,-3.8871,-0.05454,-10.732,-12.68,-8.6785,-6.9344,-7.6325
-0.59961,-1.7136,-5.4302,1.8163,-0.60121,-3.9163,2.8546,-8.4036,-12.163,-9.4675,-7.7185,-8.2959
-2.8859,-2.7091,-4.3275,3.245,-2.4781,-3.9656,6.7196,-5.7158,-11.815,-10.941,-9.1398,-9.4038
-4.7083,-3.7342,-3.097,4.4155,-4.4073,-4.0519,11.022,-2.6767,-11.622,-13.053,-11.223,-10.975
-5.9456,-4.7874,-1.7947,5.3036,-6.2551,-4.1779,13.027,0.7732,-11.484,-15.604,-13.843,-12.935
-6.6417,-5.8264,-0.48607,5.9654,-7.8987,-4.3119,12.731,4.7926,-11.13,-18.206,-16.692,-15.093
-7.0213,-6.7675,0.80872,6.5272,-9.2811,-4.3556,14.428,9.4313,-10.066,-20.343,-19.337,-17.18
-7.4338,-7.4584,2.1381,7.1371,-10.455,-4.1485,20.842,12.883,-7.4824,-21.351,-21.25,-18.847
-8.3249,-7.661,3.6225,7.9124,-11.59,-3.4654,33.232,4.1813,-2.024,-20.356,-21.778,-19.645
-10.235,-7.0247,5.4165,8.8848,-12.916,-2.027,51.508,2.8495,8.3538,-16.27,-20.137,-19.007
-13.605,-5.0182,7.6718,9.856,-14.62,0.51799,74.654,14.03,6.0884,-11.07,-17.022,-16.843
-18.327,-1.3324,10.537,10.342,-16.759,4.5963,100.98,28.382,3.644,-64.233,-44.336,-22.595
-26.213,-5.6706,14.204,20.056,-19.267,9.8653,128.39,44.002,0.70771,-101.43,-103,-74.353
-58.979,-39.578,18.972,52.996,-22.106,10.064,156.08,59.999,-3.382,-130.42,-133.16,-101.13
-82.664,-56.4,25.283,68.826,-25.234,-5.2645,183.51,77.427,-6.5445,-152.42,-155.67,-118.76
-95.114,-60.557,33.473,76.679,-27.898,-16.761,209.28,98.138,-3.9421,-158.79,-163.02,-125.61
-97.098,-54.766,42.754,73.939,-28.19,-11.553,232.7,127.88,11.346,-139.04,-146.44,-115.42
-86.079,-34.668,50.777,56.853,-25.148,4.192,255.43,175.78,47.108,-81.719,-97.402,-82.231
-60.873,3.5582,61.431,23.297,-21.128,29.63,280.28,250.23,120.57,22.546,-9.9875,-21.832
-19.24,61.28,78.468,-27.232,-22.169,65.274,307.71,353.16,257.21,175.2,116.46,66.783
40.494,137.27,96.41,-94.724,-33.271,110.11,332.04,476.67,424.46,368.3,277.37,181.33
116.77,228.71,113.64,-178.01,-11.063,162.1,348.8,606.01,605.36,594.93,466.47,317.37
203.75,331.53,130.64,-272.94,23.98,219.94,356.24,718.15,791.69,850.09,677.91,469.6
291.81,440.81,150.2,-371.88,57.875,283.72,350.76,788.22,968.35,1120.4,902.99,631.34
368.93,551.46,176.77,-465.44,81.725,354.06,331.54,802.28,1122.9,1389.7,1129.7,794.14
422.72,657.8,216.11,-544.37,87.812,430.75,304.76,762.11,1249.5,1644.4,1344.5,948.07
443.09,752.93,274.85,-600.38,70.179,512.21,280.5,682.88,1347.5,1870.9,1533,1082.2
424.92,829.31,354.96,-627.25,26.177,594.69,266.94,585.28,1416.6,2052.4,1679.2,1185.2
369.55,879.87,449.7,-622.28,-42.577,671.61,268.11,486.46,1452.1,2167.3,1766,1246.1
284.17,899.17,549.91,-586.98,-129.93,734.36,280.8,394.21,1444.4,2193.6,1778.8,1256.4
180.39,884.15,642.84,-526.33,-225.51,774.23,296,306.62,1382,2115.4,1709.6,1212.2
71.233,834.56,714.2,-447.04,-314.89,784.62,303.09,215.95,1257,1930.2,1561.2,1116.1
-31.973,753.48,753.03,-355.84,-385.81,762.51,293.14,114.13,1070.7,1652,1347.1,976.54
-120.95,647.44,753.85,-259,-431.26,708.94,261.7,-2.3104,834.55,1308.5,1089.1,806.63
-191.7,525.89,717.24,-162.74,-449.64,628.77,210.51,-129.91,568.56,935.83,812.92,621.98
-243.54,399.44,649.34,-72.984,-443.37,530.1,145.48,-256.15,297.87,571.39,544.28,438.56
-276.05,277.87,560.15,1.9429,-416.79,423.07,73.818,-372.35,49.065,249.62,305.57,270.69
-289.58,168.37,461.27,59.663,-374.96,318.22,4.5744,-468.46,-155.7,-3.6511,111.72,128.73
-285.3,77.61,363.48,100.34,-323.26,224.09,-52.869,-532.46,-302.23,-174.08,-28.093,18.446
-265.06,13.65,274.95,122.64,-267.39,144.98,-91.12,-557.84,-385.8,-264.03,-105.91,-52.231
-232.15,-23.984,200.14,127.08,-213.13,84.807,-106.65,-544.78,-410.73,-287.07,-133.87,-85.612
-191.22,-40.658,140.43,117.12,-165.27,45.658,-101.1,-494.96,-387.54,-260.46,-129.31,-91.882
-148.14,-42.897,95.604,98.015,-126.24,23.323,-80.648,-415.58,-329.21,-204.95,-108.18,-82.295
-108.79,-37.699,63.346,70.471,-94.062,11.787,-54.844,-319.72,-251.39,-142.9,-83.144,-66.701
-77.43,-30.865,40.381,41.832,-67.125,5.8517,-29.395,-218.83,-170.74,-91.866,-61.694,-51.774
-54.351,-21.657,23.81,34.805,-45.381,1.9086,-8.5893,-126.28,-100.95,-58.154,-44.102,-36.832
-37.571,-13.508,11.931,31.645,-29.071,0.91823,-7.3556,-54.024,-53.722,-54.535,-34.034,-22.476
-26.307,-18.291,5.2161,29.023,-17.912,5.2542,-9.2385,-6.771,-30.807,-65.957,-43.661,-28.63
-20.373,-22.451,10.811,26.74,-10.516,-1.9629,-8.6611,16.546,-25.21,-67.356,-48.82,-33.148
-18.988,-24.958,8.8494,24.773,-6.4133,-8.8321,-5.7374,22.362,-27.499,-66.051,-50.106,-34.938
-19.632,-26.187,1.2655,23.125,-8.7721,-13.534,-2.7005,18.228,-31.857,-63.583,-49.075,-34.872
-18.203,-26.539,-4.5441,21.859,-10.453,-16.832,-0.60592,10.024,-37.815,-59.816,-47.093,-33.905
-17.219,-26.364,-8.8881,21.001,-9.9166,-19.222,0.69633,1.7956,-45.624,-55.705,-45.222,-32.835
-17.971,-25.955,-12.487,20.45,-9.3181,-21.074,1.4211,-5.0171,-47.843,-52.478,-44.119,-32.191
-19.152,-25.545,-15.763,20.026,-8.5208,-22.662,1.625,-18.931,-44.225,-50.686,-44.021,-32.208
-19.592,-25.309,-18.922,19.555,-6.9717,-24.165,1.3874,-18.266,-41.894,-50.297,-44.829,-32.871
-18.698,-25.337,-22.046,18.919,-4.3665,-25.674,0.84572,-15.703,-41.037,-50.985,-46.258,-34.009
-16.34,-25.635,-25.171,18.053,-0.73627,-27.229,0.14022,-14.21,-41.164,-52.331,-47.975,-35.394
-12.685,-26.136,-28.327,16.926,3.695,-28.838,-0.62926,-13.536,-41.822,-53.956,-49.709,-36.812
-8.0798,-26.737,-31.523,15.538,8.6286,-30.484,-1.4109,-13.368,-42.645,-55.581,-51.29,-38.116
-2.9672,-27.343,-34.711,13.935,13.717,-32.138,-2.1739,-13.421,-43.379,-57.033,-52.642,-39.235
2.1788,-27.903,-37.77,12.222,18.573,-33.762,-2.8803,-13.442,-43.894,-58.239,-53.762,-40.174
6.8951,-28.433,-40.545,10.557,22.804,-35.327,-3.4723,-13.229,-44.175,-59.206,-54.684,-40.993
10.751,-29.009,-42.906,9.1361,26.082,-36.828,-3.8767,-12.66,-44.283,-59.985,-55.459,-41.767
13.376,-29.741,-44.806,8.1717,28.197,-38.286,-4.0193,-11.707,-44.298,-60.639,-56.13,-42.549
14.494,-30.732,-46.291,7.8523,29.085,-39.746,-3.855,-10.406,-44.276,-61.21,-56.721,-43.349
13.951,-32.043,-47.47,8.3016,28.809,-41.247,-3.3768,-8.8375,-44.217,-61.711,-57.245,-44.134
11.74,-33.674,-48.461,9.5517,27.518,-42.797,-2.6328,-7.1151,-44.081,-62.129,-57.701,-44.839
7.9959,-35.563,-49.329,11.548,25.394,-44.358,-1.7196,-5.3742,-43.812,-62.441,-58.083,-45.385
2.9874,-37.601,-50.068,14.164,22.648,-45.841,-0.76281,-3.7389,-43.379,-62.618,-58.371,-45.707
-2.8746,-39.647,-50.619,17.215,19.529,-47.133,0.11764,-2.2804,-42.789,-62.634,-58.535,-45.762
-9.0553,-41.55,-50.92,20.463,16.323,-48.133,0.84677,-0.99208,-42.083,-62.465,-58.532,-45.536
-14.951,-43.188,-50.951,23.636,13.341,-48.787,1.406,0.18757,-41.329,-62.1,-58.313,-45.048
-19.963,-44.485,-50.765,26.455,10.892,-49.114,1.8108,1.319,-40.594,-61.554,-57.845,-44.346
-23.559,-45.413,-50.505,28.655,9.264,-49.205,2.0885,2.4239,-39.937,-60.875,-57.134,-43.499
-25.332,-45.958,-50.384,29.996,8.7036,-49.197,2.2696,3.5019,-39.382,-60.131,-56.219,-42.58
-25.06,-46.095,-50.624,30.291,9.3702,-49.214,2.3785,4.552,-38.908,-59.368,-55.154,-41.634
-22.774,-45.796,-51.365,29.455,11.277,-49.331,2.4242,5.5629,-38.457,-58.595,-53.984,-40.67
-18.773,-45.061,-52.588,27.551,14.25,-49.552,2.4009,6.4932,-37.966,-57.783,-52.733,-39.675
-13.55,-43.949,-54.115,24.786,17.941,-49.817,2.2891,7.2739,-37.413,-56.906,-51.426,-38.644
-7.6686,-42.558,-55.677,21.461,21.916,-50.031,2.0668,7.8299,-36.834,-55.977,-50.119,-37.606
-1.6316,-40.978,-57.032,17.886,25.793,-50.093,1.7252,8.1144,-36.308,-55.054,-48.894,-36.616
4.203,-39.265,-58.051,14.325,29.36,-49.931,1.2842,8.1459,-35.906,-54.205,-47.842,-35.717
9.6203,-37.451,-58.746,10.977,32.57,-49.528,0.79623,8.0297,-35.639,-53.468,-47.014,-34.911
14.442,-35.578,-59.227,8.0049,35.45,-48.922,0.3294,7.9433,-35.442,-52.823,-46.406,-34.154
18.455,-33.727,-59.629,5.556,38.002,-48.194,-0.064346,8.0767,-35.198,-52.2,-45.953,-33.371
21.434,-32.018,-60.05,3.7839,40.146,-47.437,-0.36625,8.5587,-34.784,-51.51,-45.556,-32.492
23.15,-30.581,-60.498,2.8374,41.69,-46.724,-0.6053,9.4102,-34.132,-50.679,-45.108,-31.479
23.373,-29.518,-60.895,2.8136,42.355,-46.097,-0.83687,10.544,-33.247,-49.666,-44.519,-30.337
21.955,-28.863,-61.106,3.6934,41.898,-45.555,-1.1173,11.814,-32.207,-48.48,-43.749,-29.117
18.989,-28.568,-61.006,5.2975,40.269,-45.078,-1.4743,13.077,-31.124,-47.174,-42.814,-27.897
14.911,-28.526,-60.549,7.2982,37.689,-44.653,-1.8882,14.257,-30.095,-45.824,-41.782,-26.767
10.447,-28.617,-59.798,9.2868,34.603,-44.293,-2.2943,15.364,-29.166,-44.507,-40.738,-25.798
6.4456,-28.757,-58.91,10.872,31.567,-44.05,-2.601,16.487,-28.321,-43.273,-39.753,-25.027
3.6531,-28.927,-58.089,11.779,29.122,-43.992,-2.7151,17.758,-27.5,-42.135,-38.854,-24.447
2.5099,-29.166,-57.516,11.91,27.664,-44.174,-2.567,19.293,-26.628,-41.071,-38.024,-24.014
3.0375,-29.544,-57.3,11.363,27.361,-44.615,-2.1268,21.143,-25.657,-40.041,-37.215,-23.666
4.8548,-30.116,-57.451,10.396,28.11,-45.286,-1.4074,23.268,-24.579,-39.003,-36.381,-23.349
7.3142,-30.895,-57.888,9.3481,29.572,-46.104,-0.45093,25.548,-23.423,-37.919,-35.485,-23.025
9.6966,-31.825,-58.464,8.5478,31.275,-46.95,0.69114,27.836,-22.225,-36.755,-34.513,-22.678
11.389,-32.797,-59.015,8.2317,32.748,-47.69,1.9747,30.029,-20.999,-35.472,-33.467,-22.294
12.008,-33.687,-59.413,8.4988,33.672,-48.215,3.3716,32.102,-19.719,-34.034,-32.35,-21.863
11.463,-34.405,-59.604,9.3129,33.963,-48.471,4.8639,34.11,-18.333,-32.405,-31.158,-21.365
9.9423,-34.929,-59.595,10.541,33.745,-48.477,6.4257,36.139,-16.788,-30.564,-29.868,-20.78
7.834,-35.314,-59.42,12.001,33.224,-48.309,8.0039,38.245,-15.059,-28.501,-28.433,-20.082
5.6011,-35.658,-59.096,13.498,32.583,-48.07,9.5182,40.404,-13.159,-26.218,-26.789,-19.243
3.6496,-36.04,-58.592,14.855,31.917,-47.827,10.88,42.525,-11.124,-23.711,-24.859,-18.232
2.2033,-36.468,-57.801,15.95,31.207,-47.556,12.013,44.495,-8.9799,-20.962,-22.577,-17.007
1.2494,-36.86,-56.541,16.741,30.288,-47.136,12.869,46.228,-6.7141,-17.942,-19.904,-15.519
0.59046,-37.072,-54.587,17.263,28.893,-46.375,13.418,47.671,-4.285,-14.62,-16.845,-13.715
-0.053502,-36.949,-51.755,17.597,26.766,-45.086,13.639,48.802,-1.6482,-10.986,-13.429,-11.549
-0.96978,-36.374,-47.997,17.841,23.778,-43.159,13.509,49.616,1.2075,-7.0573,-9.6952,-8.9786
-2.4122,-35.303,-43.456,18.078,19.952,-40.61,12.998,50.122,4.2385,-2.8815,-5.6632,-5.9768
-4.5613,-33.768,-38.432,18.361,15.422,-37.565,12.084,50.331,7.351,1.4727,-1.3316,-2.5351
-7.4754,-31.837,-33.264,18.699,10.386,-34.206,10.755,50.245,10.44,5.9317,3.3158,1.329
-11.055,-29.575,-28.2,19.055,5.0812,-30.682,9.0175,49.861,13.445,10.451,8.3101,5.5893
-15.039,-27.009,-23.333,19.349,-0.23957,-27.059,6.8986,49.187,16.404,15.058,13.717,10.258
-19.031,-24.134,-18.62,19.469,-5.3293,-23.318,4.4421,48.247,19.449,19.881,19.67,15.442
-22.565,-20.936,-13.963,19.292,-9.958,-19.402,1.7022,47.069,22.751,25.143,26.392,21.369
-25.183,-17.41,-9.2827,18.703,-13.925,-15.264,-1.2751,45.658,26.431,31.126,34.193,28.366
-26.527,-13.563,-4.5691,17.612,-17.079,-10.907,-4.4805,43.982,30.482,38.114,43.411,36.76
-26.426,-9.4032,0.12508,15.966,-19.339,-6.3714,-7.9648,41.991,34.748,46.319,54.271,46.698
-24.943,-4.9277,4.7172,13.767,-20.694,-1.7072,-11.85,39.662,38.965,55.754,66.663,57.924
-22.372,-0.12487,9.1241,11.066,-21.195,3.0429,-16.32,37.027,42.866,66.138,80.043,69.751
-19.165,5.0323,13.277,7.9456,-20.985,7.8526,-21.556,34.18,46.287,76.947,93.625,81.381
-15.818,10.6,17.146,4.4924,-20.34,12.718,-27.61,31.252,49.219,87.645,106.76,92.306
-12.772,16.677,20.783,0.75334,-19.648,17.669,-34.287,28.38,51.782,97.894,119.16,102.42
-10.325,23.393,24.331,-3.2853,-19.296,22.78,-41.222,25.652,54.134,107.59,130.79,111.89
-8.5699,30.846,27.954,-7.6856,-19.524,28.137,-48.107,23.071,56.365,116.76,141.72,120.91
-7.3804,39.005,31.73,-12.496,-20.342,33.769,-54.815,20.553,58.443,125.41,151.95,129.56
-6.4507,47.636,35.566,-17.679,-21.518,39.575,-61.374,17.969,60.234,133.47,161.46,137.83
-5.3901,56.354,39.213,-23.104,-22.648,45.323,-67.883,15.224,61.586,140.88,170.23,145.62
-3.8144,64.809,42.388,-28.661,-23.283,50.751,-74.428,12.303,62.428,147.66,178.33,152.93
-1.415,72.864,44.928,-34.38,-23.088,55.73,-80.997,9.2702,62.818,153.95,185.95,159.83
1.9643,80.651,46.888,-40.418,-21.947,60.376,-87.469,6.231,62.952,160.02,193.38,166.56
6.2425,88.443,48.532,-46.911,-20.003,65.024,-93.695,3.2872,63.107,166.17,200.92,173.4
11.077,96.421,50.233,-53.797,-17.599,70.072,-99.603,0.50299,63.556,172.67,208.83,180.59
15.951,104.51,52.33,-60.775,-15.154,75.773,-105.22,-2.1142,64.466,179.58,217.21,188.27
20.338,112.42,55.009,-67.455,-13.047,82.09,-110.63,-4.6097,65.84,186.8,226.01,196.42
23.885,119.83,58.252,-73.579,-11.518,88.715,-115.91,-7.0563,67.528,194.07,235.07,204.85
26.528,126.58,61.878,-79.118,-10.637,95.226,-121.11,-9.517,69.305,201.06,244.11,213.3
28.477,132.75,65.642,-84.222,-10.337,101.28,-126.22,-12.01,70.96,207.54,252.93,221.53
30.089,138.51,69.336,-89.093,-10.489,106.72,-131.19,-14.495,72.366,213.38,261.37,229.4
31.731,144.06,72.84,-93.907,-10.974,111.56,-135.93,-16.878,73.498,218.62,269.41,236.88
33.702,149.56,76.119,-98.78,-11.722,115.92,-140.29,-19.055,74.408,223.37,277.14,244.06
36.173,155.05,79.159,-103.74,-12.713,119.92,-144.17,-20.947,75.178,227.8,284.68,251.08
39.135,160.5,81.902,-108.73,-13.925,123.63,-147.52,-22.539,75.874,232.06,292.13,258.05
42.398,165.79,84.241,-113.6,-15.275,127.05,-150.39,-23.884,76.534,236.23,299.52,265.04
45.717,170.79,86.039,-118.21,-16.575,130.11,-152.91,-25.081,77.175,240.35,306.77,271.99
48.975,175.4,87.174,-122.48,-17.523,132.72,-155.15,-26.241,77.81,244.38,313.76,278.77
52.259,179.58,87.575,-126.41,-17.752,134.81,-157.18,-27.448,78.451,248.29,320.33,285.15
55.774,183.39,87.245,-130.11,-16.924,136.4,-159.01,-28.738,79.113,252.07,326.39,290.97
59.69,186.93,86.267,-133.65,-14.85,137.6,-160.61,-30.095,79.801,255.71,331.89,296.1
64.04,190.25,84.8,-137.05,-11.585,138.56,-161.92,-31.468,80.512,259.2,336.79,300.5
68.696,193.27,83.061,-140.22,-7.4131,139.37,-162.89,-32.786,81.236,262.51,341.01,304.11
73.411,195.75,81.286,-142.95,-2.7613,140.03,-163.46,-33.979,81.947,265.53,344.44,306.87
77.865,197.37,79.665,-144.97,1.9165,140.45,-163.6,-34.983,82.607,268.14,346.96,308.74
81.685,197.83,78.294,-146.07,6.1988,140.53,-163.24,-35.759,83.16,270.19,348.53,309.68
84.487,197.07,77.184,-146.13,9.7014,140.2,-162.31,-36.291,83.555,271.56,349.18,309.74
85.931,195.28,76.325,-145.22,12.052,139.48,-160.65,-36.577,83.762,272.18,349.01,309.01
85.777,192.84,75.748,-143.56,12.889,138.43,-158.1,-36.612,83.793,272.07,348.14,307.59
83.907,190.1,75.526,-141.39,11.925,137.18,-154.48,-36.373,83.7,271.3,346.63,305.56
80.271,187.26,75.724,-138.82,9.0556,135.83,-149.72,-35.823,83.554,269.92,344.52,302.94
74.875,184.32,76.361,-135.83,4.4312,134.41,-143.83,-34.916,83.41,268.01,341.74,299.7
67.899,181.13,77.396,-132.3,-1.5232,132.91,-136.99,-33.623,83.291,265.59,338.21,295.74
59.826,177.54,78.696,-128.14,-8.1355,131.3,-129.43,-31.942,83.185,262.64,333.79,290.92
51.422,173.46,79.997,-123.35,-14.58,129.47,-121.47,-29.91,83.069,259.11,328.38,285.09
43.589,168.94,80.953,-118.12,-20.033,127.33,-113.41,-27.589,82.933,254.89,321.85,278.15
37.141,164.1,81.245,-112.77,-23.824,124.79,-105.44,-25.049,82.778,249.88,314.17,270.09
32.58,159.06,80.689,-107.65,-25.575,121.76,-97.638,-22.358,82.594,244.01,305.4,261.07
29.973,153.84,79.272,-102.95,-25.288,118.15,-89.942,-19.58,82.335,237.34,295.72,251.34
28.945,148.36,77.093,-98.626,-23.319,113.93,-82.205,-16.779,81.915,229.95,285.26,241.13
28.809,142.45,74.257,-94.33,-20.258,109.1,-74.286,-14.005,81.224,221.92,274.13,230.58
28.823,135.91,70.805,-89.541,-16.774,103.66,-66.099,-11.281,80.165,213.28,262.34,219.77
28.465,128.54,66.706,-83.778,-13.436,97.59,-57.632,-8.6024,78.68,204.05,249.96,208.75
27.532,120.21,61.901,-76.849,-10.572,90.827,-48.934,-5.946,76.776,194.25,237.11,197.6
26.032,110.94,56.371,-69.015,-8.2498,83.358,-40.151,-3.289,74.52,183.96,224.01,186.4
24.048,100.93,50.223,-60.912,-6.4222,75.249,-31.593,-0.63069,72.026,173.29,210.87,175.26
21.651,90.595,43.725,-53.211,-5.0767,66.702,-23.689,1.9957,69.413,162.36,197.84,164.23
18.861,80.355,37.276,-46.244,-4.2794,58.058,-16.817,4.5217,66.756,151.19,184.95,153.31
15.647,70.48,31.303,-39.914,-4.1307,49.713,-11.129,6.855,64.052,139.73,172.12,142.41
11.967,61.023,26.133,-33.888,-4.701,41.996,-6.5056,8.9071,61.227,127.84,159.14,131.36
7.8547,51.966,21.909,-27.888,-5.9597,35.102,-2.6696,10.629,58.177,115.37,145.78,119.94
3.5031,43.397,18.583,-21.9,-7.721,29.088,0.66051,12.035,54.831,102.34,131.78,107.95
-0.71986,35.556,15.971,-16.218,-9.6449,23.917,3.6796,13.188,51.213,89.056,117.01,95.28
-4.3324,28.71,13.824,-11.273,-11.3,19.497,6.4837,14.167,47.469,76.213,101.66,82.17
-6.853,22.987,11.897,-7.3727,-12.264,15.723,9.0868,15.032,43.835,64.598,86.493,69.34
-7.9195,18.322,10.022,-4.5841,-12.241,12.496,11.444,15.799,40.537,54.707,72.56,57.735
-7.3974,14.523,8.1335,-2.7801,-11.134,9.7328,13.475,16.429,37.685,46.565,60.604,47.968
-5.4622,11.37,6.2661,-1.7297,-9.0823,7.3683,15.09,16.845,35.225,39.862,50.703,40.049
-2.6109,8.6684,4.5236,-1.1416,-6.4378,5.3532,16.222,16.964,32.991,34.19,42.485,33.611
0.43109,6.2728,3.0334,-0.69321,-3.7031,3.6501,16.852,16.749,30.807,29.222,35.519,28.225
2.8753,4.0861,1.8958,-0.084153,-1.4319,2.22,17.014,16.246,28.573,24.775,29.521,23.574
4.0235,2.0559,1.141,0.90374,-0.11654,1.0083,16.783,15.572,26.293,20.78,24.353,19.481
3.3705,0.16714,0.71307,2.3731,-0.08065,-0.056744,16.245,14.872,24.051,17.221,19.939,15.861
0.69776,-1.5703,0.48964,4.3109,-1.4055,-1.0496,15.483,14.257,21.95,14.077,16.189,12.672
-3.8373,-3.1351,0.33241,6.6055,-3.9213,-2.0243,14.56,13.769,20.061,11.308,12.988,9.8775
-9.685,-4.4999,0.14646,9.0651,-7.2678,-2.9915,13.521,13.377,18.4,8.8557,10.216,7.4377
-15.978,-5.6293,-0.083659,11.435,-10.97,-3.9081,12.415,13.016,16.938,6.6724,7.7708,5.3194
-21.699,-6.4789,-0.30791,13.429,-14.462,-4.6918,11.306,12.637,15.63,4.7337,5.5918,3.4996
-25.922,-7.0069,-0.46627,14.783,-17.122,-5.2576,10.278,12.233,14.453,3.045,3.6624,1.9703
-27.974,-7.1967,-0.54579,15.304,-18.432,-5.561,9.4132,11.846,13.412,1.6277,1.9998,0.73383
-27.472,-7.0769,-0.60219,14.906,-18.135,-5.6214,8.7753,11.538,12.521,0.49123,0.62763,-0.21101
-24.378,-6.7255,-0.7354,13.627,-16.249,-5.5152,8.3862,11.36,11.776,-0.38763,-0.45127,-0.88539
-19.082,-6.2525,-1.0393,11.632,-13.022,-5.3458,8.2191,11.329,11.146,-1.0666,-1.2667,-1.3365
-12.39,-5.7706,-1.5579,9.1973,-8.8989,-5.2104,8.207,11.414,10.579,-1.6206,-1.8758,-1.6292
-5.3509,-5.3657,-2.2667,6.6635,-4.4665,-5.1757,8.2645,11.544,10.022,-2.1179,-2.3463,-1.8296
0.99509,-5.0791,-3.0766,4.3787,-0.36658,-5.2643,8.3126,11.617,9.4353,-2.6021,-2.7411,-1.9894
5.7594,-4.9074,-3.8557,2.6353,2.7938,-5.4523,8.2975,11.535,8.7923,-3.0877,-3.1088,-2.1396
8.2923,-4.8243,-4.4635,1.6338,4.5354,-5.6823,8.1968,11.235,8.0834,-3.567,-3.48,-2.3024
8.295,-4.8117,-4.7917,1.4732,4.614,-5.8935,8.012,10.71,7.3114,-4.0255,-3.8672,-2.481
5.9014,-4.8804,-4.8041,2.1527,3.0925,-6.0525,7.7512,10.003,6.4841,-4.4587,-4.27,-2.678
1.623,-5.0671,-4.5604,3.5673,0.33992,-6.1714,7.4132,9.1861,5.606,-4.8832,-4.6836,-2.9029
-3.7959,-5.4105,-4.2074,5.5039,-3.0533,-6.3001,6.9813,8.3261,4.6741,-5.334,-5.1058,-3.1724
-9.5002,-5.9243,-3.9305,7.6653,-6.4272,-6.5003,6.4314,7.4704,3.6823,-5.8517,-5.5397,-3.5043
-14.634,-6.5849,-3.8829,9.7303,-9.2116,-6.8157,5.7468,6.637,2.6249,-6.4675,-5.9938,-3.9096
-18.499,-7.3407,-4.1275,11.428,-11.033,-7.2557,4.9348,5.8187,1.5015,-7.1944,-6.4807,-4.3882
-20.688,-8.1335,-4.6239,12.583,-11.756,-7.7987,4.0357,4.9966,0.31928,-8.0253,-7.0159,-4.9316
-21.098,-8.9155,-5.271,13.121,-11.463,-8.4093,3.1171,4.1569,-0.90694,-8.9407,-7.6173,-5.5224
-19.867,-9.6535,-5.9771,13.049,-10.374,-9.0591,2.2583,3.3038,-2.1588,-9.9223,-8.3057,-6.1601
-17.316,-10.326,-6.7097,12.439,-8.7491,-9.7391,1.5292,2.4609,-3.4226,-10.966,-9.106,-6.8604
-13.915,-10.929,-7.5003,11.426,-6.8126,-10.458,0.97561,1.6649,-4.6957,-12.087,-10.048,-7.6554
-10.178,-11.478,-8.411,10.196,-4.7121,-11.233,0.61594,0.96091,-5.9819,-13.308,-11.157,-8.5821
-6.5281,-12.01,-9.4905,8.9505,-2.5216,-12.071,0.45028,0.40144,-7.274,-14.636,-12.439,-9.6591
-3.2561,-12.572,-10.744,7.883,-0.28395,-12.967,0.47224,0.043432,-8.5401,-16.038,-13.863,-10.868
-0.56502,-13.203,-12.129,7.1476,1.9321,-13.897,0.67351,-0.066329,-9.7265,-17.45,-15.364,-12.156
1.3737,-13.921,-13.562,6.8467,3.9979,-14.824,1.0418,0.092176,-10.776,-18.791,-16.861,-13.451
2.4088,-14.72,-14.927,7.0254,5.7253,-15.697,1.5591,0.50726,-11.645,-19.987,-18.277,-14.682
2.4247,-15.565,-16.083,7.675,6.8925,-16.458,2.2036,1.1427,-12.308,-20.991,-19.547,-15.795
1.3713,-16.408,-16.894,8.7414,7.2924,-17.054,2.9499,1.9455,-12.77,-21.793,-20.633,-16.764
-0.70085,-17.209,-17.27,10.129,6.7999,-17.465,3.7663,2.8495,-13.068,-22.433,-21.53,-17.594
-3.6135,-17.939,-17.218,11.706,5.4343,-17.715,4.6125,3.7812,-13.278,-22.994,-22.267,-18.326
-7.065,-18.585,-16.847,13.313,3.3775,-17.878,5.4451,4.6723,-13.499,-23.583,-22.908,-19.024
-10.668,-19.149,-16.333,14.789,0.93694,-18.044,6.2256,5.4789,-13.82,-24.293,-23.529,-19.749
-14.007,-19.652,-15.857,15.998,-1.5273,-18.295,6.9267,6.1937,-14.293,-25.174,-24.194,-20.538
-16.697,-20.122,-15.554,16.851,-3.676,-18.677,7.5341,6.8392,-14.915,-26.215,-24.937,-21.39
-18.438,-20.587,-15.483,17.309,-5.2439,-19.19,8.0437,7.4364,-15.632,-27.354,-25.743,-22.274
-19.054,-21.05,-15.634,17.374,-6.0685,-19.791,8.4591,7.9704,-16.372,-28.502,-26.563,-23.143
-18.511,-21.482,-15.956,17.073,-6.0937,-20.403,8.7893,8.3814,-17.07,-29.572,-27.329,-23.95
-16.913,-21.82,-16.385,16.455,-5.3525,-20.932,9.0511,8.5883,-17.69,-30.505,-27.98,-24.662
-14.482,-21.988,-16.869,15.584,-3.9403,-21.295,9.2707,8.5283,-18.226,-31.277,-28.484,-25.256
-11.51,-21.951,-17.391,14.551,-1.9916,-21.46,9.4833,8.1848,-18.696,-31.898,-28.849,-25.725
-8.3243,-21.744,-17.979,13.471,0.33493,-21.47,9.7295,7.5907,-19.136,-32.403,-29.122,-26.077
-5.2556,-21.47,-18.694,12.476,2.859,-21.429,10.051,6.8095,-19.592,-32.848,-29.36,-26.333
-2.6105,-21.25,-19.588,11.685,5.377,-21.46,10.48,5.907,-20.106,-33.292,-29.62,-26.525
-0.6375,-21.174,-20.663,11.175,7.6657,-21.652,11.035,4.9284,-20.711,-33.792,-29.939,-26.69
0.50893,-21.256,-21.844,10.963,9.5011,-22.022,11.704,3.8907,-21.42,-34.383,-30.336,-26.856
0.79192,-21.441,-23.001,11,10.695,-22.515,12.457,2.7892,-22.218,-35.072,-30.811,-27.041
0.29562,-21.627,-23.989,11.188,11.14,-23.033,13.24,1.61,-23.063,-35.837,-31.355,-27.246
-0.78832,-21.718,-24.702,11.41,10.853,-23.483,13.99,0.34576,-23.904,-36.636,-31.954,-27.464
-2.1882,-21.661,-25.105,11.56,9.9855,-23.811,14.642,-0.98521,-24.69,-37.411,-32.588,-27.687
-3.595,-21.469,-25.235,11.573,8.8002,-24.013,15.143,-2.3269,-25.376,-38.101,-33.231,-27.896
-4.716,-21.221,-25.176,11.437,7.6053,-24.134,15.459,-3.5927,-25.927,-38.639,-33.842,-28.061
-5.3215,-21.042,-25.021,11.189,6.6793,-24.241,15.582,-4.6931,-26.323,-38.966,-34.371,-28.142
-5.2716,-21.058,-24.856,10.89,6.2162,-24.401,15.524,-5.5692,-26.563,-39.046,-34.779,-28.111
-4.5396,-21.343,-24.747,10.599,6.3006,-24.65,15.319,-6.2101,-26.666,-38.88,-35.046,-27.961
-3.2443,-21.877,-24.736,10.361,6.8991,-24.981,15.014,-6.6458,-26.655,-38.505,-35.176,-27.711
-1.6638,-22.561,-24.831,10.214,7.8552,-25.345,14.67,-6.921,-26.54,-37.972,-35.179,-27.39
-0.18786,-23.261,-25.007,10.201,8.9085,-25.678,14.352,-7.0726,-26.317,-37.337,-35.065,-27.018
0.77281,-23.877,-25.218,10.37,9.7574,-25.937,14.122,-7.1224,-25.977,-36.649,-34.846,-26.608
0.88771,-24.389,-25.421,10.774,10.146,-26.127,14.029,-7.0874,-25.531,-35.957,-34.543,-26.166
-0.0077003,-24.858,-25.594,11.466,9.9341,-26.295,14.096,-6.9897,-25.017,-35.308,-34.19,-25.707
-1.8671,-25.38,-25.728,12.467,9.1302,-26.499,14.314,-6.8589,-24.501,-34.738,-33.827,-25.252
-4.4396,-26.03,-25.818,13.737,7.8843,-26.775,14.648,-6.726,-24.054,-34.259,-33.488,-24.815
-7.3172,-26.813,-25.869,15.154,6.4511,-27.117,15.045,-6.6189,-23.73,-33.855,-33.183,-24.401
-10.015,-27.655,-25.904,16.528,5.1315,-27.489,15.442,-6.562,-23.549,-33.497,-32.908,-24.002
-12.074,-28.426,-25.968,17.637,4.2021,-27.845,15.779,-6.5741,-23.495,-33.152,-32.641,-23.597
-13.178,-28.98,-26.117,18.28,3.8416,-28.145,16.011,-6.6654,-23.515,-32.791,-32.345,-23.16
-13.227,-29.193,-26.379,18.334,4.0709,-28.354,16.107,-6.8367,-23.536,-32.387,-31.972,-22.655
-12.345,-29.008,-26.721,17.796,4.7454,-28.443,16.05,-7.0877,-23.503,-31.924,-31.477,-22.053
-10.805,-28.455,-27.041,16.778,5.6151,-28.386,15.827,-7.4311,-23.405,-31.405,-30.837,-21.342
-8.934,-27.638,-27.204,15.468,6.4214,-28.164,15.416,-7.8979,-23.297,-30.855,-30.074,-20.542
-7.0214,-26.68,-27.092,14.069,6.9948,-27.762,14.792,-8.5262,-23.27,-30.323,-29.242,-19.703
-5.2466,-25.655,-26.658,12.726,7.3263,-27.161,13.935,-9.3341,-23.406,-29.856,-28.413,-18.883
-3.6219,-24.552,-25.939,11.494,7.5743,-26.335,12.849,-10.298,-23.732,-29.479,-27.636,-18.128
-2.0165,-23.314,-25.045,10.347,7.9829,-25.271,11.571,-11.355,-24.202,-29.187,-26.92,-17.448
-0.27414,-21.901,-24.103,9.2318,8.7459,-23.989,10.159,-12.425,-24.724,-28.951,-26.232,-16.815
1.6566,-20.34,-23.186,8.1238,9.8895,-22.544,8.6799,-13.451,-25.206,-28.724,-25.512,-16.182
3.6482,-18.739,-22.27,7.0592,11.218,-21.005,7.1828,-14.416,-25.596,-28.484,-24.728,-15.505
5.3986,-17.224,-21.239,6.1219,12.339,-19.439,5.6945,-15.348,-25.903,-28.23,-23.882,-14.776
6.5125,-15.89,-19.929,5.4107,12.776,-17.892,4.2256,-16.289,-26.18,-27.976,-23.015,-14.029
6.6327,-14.763,-18.223,4.9975,12.121,-16.39,2.7849,-17.272,-26.489,-27.732,-22.181,-13.321
5.5503,-13.818,-16.101,4.9123,10.167,-14.954,1.3899,-18.288,-26.855,-27.499,-21.418,-12.72
3.2511,-13.016,-13.673,5.145,6.9769,-13.612,0.065412,-19.295,-27.273,-27.27,-20.744,-12.276
-0.088705,-12.339,-11.145,5.6578,2.8749,-12.408,-1.1575,-20.223,-27.701,-27.056,-20.162,-12.016
-4.1297,-11.787,-8.7568,6.3963,-1.6355,-11.382,-2.2489,-21.002,-28.075,-26.849,-19.649,-11.924
-8.4172,-11.375,-6.7039,7.2956,-5.9913,-10.556,-3.1824,-21.578,-28.322,-26.631,-19.172,-11.958
-12.453,-11.111,-5.0759,8.2831,-9.688,-9.9013,-3.9395,-21.929,-28.391,-26.374,-18.694,-12.052
-15.779,-10.995,-3.861,9.2822,-12.368,-9.3608,-4.5176,-22.08,-28.265,-26.044,-18.183,-12.135
-18.046,-11.018,-2.9928,10.215,-13.857,-8.8803,-4.9343,-22.099,-27.979,-25.622,-17.622,-12.159
-19.062,-11.16,-2.4084,11.004,-14.162,-8.4363,-5.2136,-22.071,-27.626,-25.119,-17.024,-12.112
-18.819,-11.377,-2.0821,11.568,-13.432,-8.0421,-5.3715,-22.074,-27.305,-24.583,-16.423,-12.018
-17.486,-11.611,-2.0224,11.833,-11.928,-7.7368,-5.4056,-22.153,-27.086,-24.084,-15.863,-11.917
-15.38,-11.811,-2.2497,11.763,-9.959,-7.5698,-5.2946,-22.309,-27.005,-23.686,-15.384,-11.857
-12.873,-11.96,-2.768,11.374,-7.8238,-7.5848,-5.0085,-22.502,-27.047,-23.422,-15,-11.854
-10.304,-12.075,-3.538,10.743,-5.7778,-7.8017,-4.5254,-22.676,-27.17,-23.278,-14.699,-11.906
-7.9386,-12.193,-4.4664,9.9867,-4.0171,-8.2011,-3.8478,-22.79,-27.305,-23.194,-14.44,-11.977
-5.9821,-12.333,-5.427,9.2339,-2.6695,-8.7201,-3.0104,-22.841,-27.387,-23.081,-14.168,-12.025
-4.5825,-12.49,-6.3023,8.5973,-1.7848,-9.2665,-2.0781,-22.87,-27.37,-22.869,-13.843,-12.017
-3.8187,-12.621,-7.0157,8.1533,-1.3383,-9.7499,-1.1368,-22.947,-27.232,-22.501,-13.435,-11.945
-3.6797,-12.676,-7.5307,7.9352,-1.2531,-10.094,-0.26837,-23.139,-26.993,-21.974,-12.944,-11.82
-4.0608,-12.629,-7.8304,7.9364,-1.4308,-10.25,0.4609,-23.485,-26.688,-21.341,-12.403,-11.669
-4.7855,-12.487,-7.887,8.1262,-1.7778,-10.194,1.0142,-23.981,-26.366,-20.699,-11.872,-11.511
-5.6457,-12.284,-7.6645,8.4531,-2.223,-9.9224,1.3892,-24.584,-26.09,-20.173,-11.42,-11.368
-6.4517,-12.068,-7.1388,8.8529,-2.7249,-9.4563,1.6215,-25.219,-25.896,-19.837,-11.108,-11.244
-7.0843,-11.88,-6.3196,9.2651,-3.2738,-8.8395,1.772,-25.805,-25.793,-19.69,-10.928,-11.129
-7.5332,-11.743,-5.2571,9.6494,-3.8959,-8.1454,1.9078,-26.288,-25.767,-19.693,-10.835,-11.007
-7.8928,-11.666,-4.024,9.996,-4.6572,-7.442,2.0774,-26.666,-25.785,-19.769,-10.762,-10.86
-8.3276,-11.641,-2.7044,10.318,-5.6535,-6.7972,2.2931,-27.002,-25.837,-19.845,-10.647,-10.685
-9.0286,-11.652,-1.38,10.648,-6.9788,-6.2531,2.5315,-27.405,-25.936,-19.875,-10.463,-10.502
-10.171,-11.674,-0.1116,11.031,-8.6899,-5.8176,2.7526,-27.98,-26.124,-19.839,-10.233,-10.352
-11.873,-11.688,1.0517,11.513,-10.776,-5.4794,2.923,-28.781,-26.419,-19.787,-10.012,-10.277
-14.141,-11.703,2.064,12.127,-13.14,-5.2355,3.0471,-29.775,-26.832,-19.802,-9.9004,-10.32
-16.826,-11.773,2.875,12.885,-15.589,-5.1008,3.1856,-30.834,-27.39,-19.998,-10.012,-10.519
-19.599,-11.981,3.4287,13.753,-17.841,-5.1215,3.4525,-31.777,-28.089,-20.507,-10.463,-10.913
-22.015,-12.408,3.6742,14.649,-19.561,-5.3487,3.9903,-32.414,-28.915,-21.474,-11.36,-11.566
-23.598,-13.114,3.5667,15.453,-20.442,-5.8218,4.9409,-32.607,-29.847,-23.037,-12.798,-12.545
-23.931,-14.125,3.0955,16.04,-20.308,-6.5617,6.4278,-32.305,-30.892,-25.302,-14.846,-13.921
-22.771,-15.457,2.3045,16.332,-19.164,-7.5696,8.5577,-31.552,-32.073,-28.307,-17.55,-15.745
-20.231,-17.128,1.2982,16.39,-17.182,-8.8242,11.381,-30.443,-33.405,-31.989,-20.896,-18.031
-16.996,-19.161,0.2273,16.456,-14.652,-10.271,14.233,-29.043,-34.838,-36.154,-24.773,-20.736
-14.285,-21.531,-0.73888,16.87,-11.945,-11.807,14.622,-27.295,-36.168,-40.49,-28.977,-23.746
-13.203,-24.107,-1.4395,17.861,-9.4823,-13.273,13.148,-25.202,-36.983,-44.606,-33.259,-26.884
-13.935,-26.631,-1.7351,19.473,-7.7599,-14.464,13.645,-24.875,-36.631,-47.937,-37.231,-29.872
-16.166,-28.743,-1.4975,21.717,-7.4088,-15.138,18.44,-37.9,-34.365,-49.403,-39.967,-32.102
-19.961,-30.029,-0.583,24.612,-9.0875,-15.045,28.947,-42.68,-32.889,-47.754,-40.031,-32.566
-25.881,-30.139,1.191,28.11,-13.15,-13.971,45.543,-32.32,-55.964,-52.388,-40.302,-31.437
-36.133,-29.959,4.0581,33.332,-19.364,-11.935,67.513,-16.376,-62.729,-98.04,-78.734,-47.448
-58.221,-43.255,8.3129,52.214,-27.052,-10.795,93.79,1.8961,-69.308,-128.73,-115.63,-85.451
-87.645,-68.742,14.322,76.323,-35.683,-18.791,123.37,18.867,-75.611,-158.03,-144.89,-108.73
-111.57,-81.59,22.434,94.193,-44.75,-30.378,153.76,33.19,-78.291,-179.86,-165.65,-125.42
-130.37,-87.152,32.48,106.38,-52.397,-29.449,179.61,49.063,-70.816,-185.29,-169.56,-129.84
-141.6,-82.133,43.54,108.94,-56.232,-19.409,199.36,75.815,-44.71,-164.02,-147.97,-115.71
-141.01,-62.219,57.297,97.342,-57.149,-0.96349,216.84,123.82,8.6884,-105.5,-93.072,-77.592
-121.19,-23.581,75.309,66.855,-62.441,27.276,235.84,202.39,97.634,-0.58369,0.52397,-11.676
-77.533,36.187,94.039,13.98,-71.586,65.825,257.08,313.02,227.88,155.58,134.75,83.753
-10.141,117.06,111.95,-61.506,-52.064,113.98,277.54,442.85,393.33,361.29,307.6,207.86
77.447,215.86,129.31,-155.66,-17.26,170.49,291.71,566.89,578.3,607.49,512.21,356.07
175.69,326.3,148.41,-260.44,21.318,234.38,294.71,662.17,765.9,878.79,737.55,519.77
269.8,440.51,173.71,-364.61,53.399,304.78,284.54,709.39,937.83,1156.5,970.52,688.39
343.83,551.06,211.71,-456.73,67.876,380.41,261.42,695.76,1080.8,1424,1197.9,851.57
385.35,651.66,269.26,-528.04,55.978,459.71,228.28,625.15,1189.3,1668.1,1406.4,999.48
387.83,736.48,347.88,-572.86,14.675,540.21,197.43,516.64,1263.2,1875.4,1581.9,1122
351.36,799.97,440.05,-588.28,-51.915,617.36,176.51,394,1302.6,2028.9,1708.2,1208.3
282.48,837.35,536.57,-574.4,-134.24,684.41,165.11,275.64,1304.6,2108.5,1768.6,1248.4
192.39,845.01,626.88,-534.03,-222.53,733.35,160.85,170.46,1262.9,2095.6,1750.1,1235.2
93.588,820.83,697.9,-471.79,-304.42,756.39,158.59,78.392,1170.9,1979.4,1648.1,1166.9
-2.625,764.83,737.88,-393.4,-368.2,747.92,151.97,-6.6486,1026.2,1762.5,1469.6,1048.6
-87.52,680.07,740.23,-304.97,-408.18,706.59,135.38,-92.501,832.09,1462,1232.1,891.54
-156.34,572.91,705.41,-212.38,-423.31,636.1,105.69,-184.49,598.9,1108,960.59,710.99
-208.63,452.46,640.04,-120.64,-416.46,544.32,64.194,-282.27,346.42,738.29,682.34,523.61
-245.65,329.42,554.51,-36.409,-392.72,441.56,17.014,-380.07,101.08,392.05,423.16,345.44
-267.76,214,460.31,29.967,-357.62,338.66,-28.043,-467.29,-112.17,102.08,203.36,189.78
-274.63,114.22,367.72,76.578,-316.01,245.03,-64.753,-531.79,-274.08,-110.16,33.932,64.528
-266.27,41.148,284.17,104.42,-271.43,166.67,-88.566,-563.4,-373.72,-236.31,-74.942,-23.442
-244.48,-1.5627,213.96,115.11,-226.52,106.86,-95.671,-555.63,-410.22,-285.5,-125.69,-70.783
-213.99,-21.227,158.77,112.12,-184.11,66.248,-84.526,-507.67,-392.62,-275.57,-134.52,-85.94
-180.16,-26.604,116.41,99.994,-147.43,41.167,-58.475,-427.18,-337,-227.58,-118.41,-80.871
-146.27,-24.822,83.706,80.503,-117.12,26.619,-25.562,-327.38,-261.02,-164.04,-92.365,-66.377
-115.89,-20.735,59.558,48.038,-91.445,18.448,-0.65992,-223.31,-180.25,-106.07,-66.893,-50.282
-90.933,-12.991,43.222,34.783,-70.757,13.711,7.2124,-129.38,-106.88,-64.493,-47.076,-36.017
-72.353,-2.0074,32.321,30.605,-56.464,12.677,8.2795,-55.072,-54.929,-41.711,-23.847,-13.261
-58.805,-7.3216,23.552,26.787,-47.158,14.886,8.9717,-4.3115,-28.1,-53.517,-29.334,-15.95
-47.036,-12.361,14.939,22.666,-38.221,6.4018,9.7655,21.757,-19.739,-58.462,-37.039,-22.075
-34.178,-15.386,4.8739,18.334,-25.764,-4.2074,9.2826,29.271,-21.41,-58.796,-40.487,-25.608
-19.109,-17.036,-7.9156,14.029,-8.418,-12.069,7.6711,26.147,-26.224,-58.006,-40.759,-26.837
-4.0563,-17.83,-19.632,10.015,11.848,-17.964,6.2375,18.318,-32.693,-55.392,-39.125,-26.534
6.3961,-18.197,-29.005,6.4989,27.2,-22.57,5.1308,9.7343,-40.321,-51.127,-36.735,-25.512
13.786,-18.452,-36.817,3.621,34.993,-26.252,3.7647,2.4135,-44.313,-46.848,-34.496,-24.431
19.863,-18.781,-43.417,1.4834,41.278,-29.245,1.862,-10.176,-39.824,-43.787,-32.985,-23.715
24.511,-19.242,-48.823,0.14822,46.947,-31.716,-0.50423,-12.877,-36.784,-42.38,-32.463,-23.551
27.208,-19.797,-53.015,-0.38423,50.963,-33.784,-3.0671,-11.026,-35.677,-42.556,-32.912,-23.935
27.593,-20.357,-56.003,-0.18692,52.698,-35.521,-5.4911,-10.47,-35.888,-43.916,-34.107,-24.725
25.65,-20.839,-57.833,0.60994,51.952,-36.964,-7.4997,-10.67,-36.771,-45.906,-35.713,-25.717
21.685,-21.198,-58.609,1.85,48.838,-38.124,-8.9591,-11.009,-37.752,-48.001,-37.392,-26.706
16.243,-21.439,-58.524,3.3715,43.796,-39.01,-9.8841,-11.085,-38.454,-49.82,-38.883,-27.543
10.086,-21.592,-57.846,5.0078,37.628,-39.644,-10.386,-10.731,-38.717,-51.162,-40.036,-28.148
4.1009,-21.683,-56.883,6.5841,31.4,-40.045,-10.601,-9.9474,-38.555,-51.979,-40.803,-28.499
-0.89843,-21.721,-55.913,7.9258,26.146,-40.218,-10.626,-8.792,-38.06,-52.319,-41.194,-28.601
-4.3595,-21.691,-55.095,8.8796,22.616,-40.14,-10.485,-7.3078,-37.327,-52.257,-41.248,-28.464
-6.0185,-21.553,-54.425,9.3338,21.147,-39.761,-10.133,-5.4976,-36.405,-51.862,-41.001,-28.093
-5.8214,-21.259,-53.778,9.2349,21.681,-39.024,-9.4997,-3.3418,-35.299,-51.181,-40.497,-27.508
-3.8528,-20.769,-52.993,8.5977,23.847,-37.914,-8.535,-0.8337,-33.994,-50.251,-39.798,-26.76
-0.37028,-20.076,-51.959,7.5058,27.075,-36.493,-7.241,1.9963,-32.489,-49.121,-38.992,-25.929
4.1251,-19.223,-50.708,6.0988,30.681,-34.914,-5.6634,5.0782,-30.816,-47.855,-38.182,-25.113
8.949,-18.303,-49.438,4.5532,34.008,-33.383,-3.8691,8.3174,-29.039,-46.537,-37.468,-24.405
13.384,-17.442,-48.382,3.0668,36.643,-32.097,-1.9261,11.616,-27.245,-45.257,-36.927,-23.865
16.771,-16.761,-47.618,1.844,38.374,-31.176,0.1073,14.893,-25.522,-44.09,-36.594,-23.515
18.559,-16.347,-47.016,1.072,38.946,-30.646,2.189,18.103,-23.931,-43.078,-36.452,-23.329
18.379,-16.221,-46.335,0.88979,38.025,-30.44,4.2957,21.252,-22.483,-42.21,-36.435,-23.246
16.114,-16.336,-45.337,1.3592,35.365,-30.422,6.4205,24.388,-21.135,-41.423,-36.443,-23.182
11.921,-16.603,-43.864,2.4552,30.971,-30.418,8.5624,27.572,-19.802,-40.616,-36.365,-23.057
6.2037,-16.929,-41.89,4.0798,25.181,-30.275,10.714,30.833,-18.394,-39.687,-36.11,-22.818
-0.45533,-17.251,-39.541,6.0955,18.635,-29.91,12.848,34.126,-16.857,-38.567,-35.633,-22.445
-7.3866,-17.557,-37.074,8.3604,12.144,-29.337,14.909,37.336,-15.195,-37.254,-34.947,-21.959
-13.927,-17.879,-34.8,10.744,6.504,-28.642,16.818,40.308,-13.46,-35.807,-34.109,-21.4
-19.513,-18.254,-32.994,13.11,2.3263,-27.945,18.491,42.924,-11.73,-34.321,-33.201,-20.811
-23.727,-18.701,-31.814,15.294,-0.098551,-27.352,19.857,45.136,-10.074,-32.886,-32.302,-20.231
-26.281,-19.227,-31.287,17.108,-0.8241,-26.952,20.87,46.966,-8.5518,-31.578,-31.487,-19.697
-27.009,-19.84,-31.332,18.381,-0.14966,-26.817,21.515,48.471,-7.2117,-30.445,-30.824,-19.259
-25.892,-20.558,-31.827,19.002,1.5337,-27.012,21.802,49.704,-6.0889,-29.511,-30.363,-18.968
-23.101,-21.379,-32.67,18.901,3.8611,-27.582,21.767,50.693,-5.1887,-28.766,-30.113,-18.856
-18.983,-22.248,-33.8,18.058,6.5509,-28.527,21.456,51.447,-4.4788,-28.159,-30.027,-18.912
-13.998,-23.087,-35.173,16.561,9.4253,-29.782,20.904,51.974,-3.9017,-27.616,-30.011,-19.08
-8.6442,-23.825,-36.735,14.653,12.381,-31.219,20.135,52.289,-3.4009,-27.057,-29.954,-19.271
-3.4795,-24.433,-38.43,12.692,15.315,-32.697,19.162,52.412,-2.9371,-26.423,-29.772,-19.404
0.84165,-24.935,-40.224,11.055,18.061,-34.11,18.006,52.359,-2.4838,-25.686,-29.426,-19.424
3.6041,-25.425,-42.099,10.095,20.379,-35.424,16.7,52.147,-2.0109,-24.841,-28.924,-19.313
4.1942,-26.027,-44.018,10.095,21.984,-36.646,15.302,51.811,-1.476,-23.894,-28.296,-19.084
2.338,-26.825,-45.884,11.185,22.616,-37.777,13.889,51.415,-0.8308,-22.856,-27.571,-18.759
-1.7375,-27.792,-47.548,13.272,22.163,-38.778,12.55,51.046,-0.037431,-21.732,-26.756,-18.35
-7.3171,-28.789,-48.86,16.015,20.744,-39.572,11.365,50.793,0.91441,-20.53,-25.839,-17.853
-13.361,-29.616,-49.728,18.889,18.717,-40.091,10.391,50.723,1.9937,-19.261,-24.797,-17.245
-18.733,-30.098,-50.174,21.29,16.607,-40.331,9.6427,50.863,3.1221,-17.948,-23.623,-16.511
-22.386,-30.153,-50.333,22.688,14.992,-40.371,9.0947,51.193,4.1908,-16.621,-22.333,-15.65
-23.569,-29.824,-50.401,22.791,14.366,-40.342,8.6933,51.653,5.1072,-15.301,-20.959,-14.682
-22.046,-29.242,-50.551,21.635,14.991,-40.354,8.3787,52.172,5.8494,-13.979,-19.531,-13.623
-18.19,-28.545,-50.858,19.53,16.809,-40.437,8.103,52.685,6.4901,-12.605,-18.062,-12.497
-12.853,-27.807,-51.258,16.917,19.459,-40.52,7.8358,53.161,7.1775,-11.097,-16.534,-11.303
-7.1282,-27.014,-51.581,14.236,22.39,-40.454,7.5573,53.607,8.0866,-9.3589,-14.899,-10.015
-2.065,-26.103,-51.621,11.87,25.023,-40.08,7.2458,54.047,9.3679,-7.3068,-13.093,-8.5887
1.6111,-25.016,-51.227,10.063,26.914,-39.291,6.8665,54.49,11.107,-4.8978,-11.057,-6.9746
3.6441,-23.732,-50.355,8.8792,27.867,-38.074,6.3726,54.911,13.309,-2.1461,-8.7684,-5.1445
4.1812,-22.267,-49.083,8.2298,27.928,-36.513,5.7182,55.244,15.898,0.87917,-6.2441,-3.103
3.6149,-20.658,-47.563,7.9318,27.296,-34.751,4.8778,55.419,18.733,4.0782,-3.5294,-0.88095
2.4182,-18.94,-45.947,7.769,26.21,-32.936,3.861,55.397,21.652,7.3597,-0.66463,1.4908
0.99624,-17.142,-44.298,7.5527,24.857,-31.155,2.7203,55.202,24.526,10.685,2.3495,4.0149
-0.41059,-15.285,-42.543,7.1893,23.304,-29.385,1.5451,54.91,27.316,14.098,5.5766,6.7566
-1.7577,-13.374,-40.482,6.7127,21.492,-27.505,0.4395,54.629,30.082,17.722,9.15,9.8593
-3.1355,-11.381,-37.892,6.2329,19.309,-25.355,-0.51088,54.451,32.933,21.728,13.257,13.541
-4.6397,-9.2503,-34.668,5.8384,16.704,-22.834,-1.2711,54.415,35.952,26.282,18.098,18.057
-6.2645,-6.9249,-30.934,5.5272,13.783,-19.959,-1.8669,54.492,39.136,31.483,23.809,23.624
-7.8871,-4.3494,-27.013,5.1895,10.803,-16.847,-2.3699,54.614,42.394,37.341,30.413,30.324
-9.3184,-1.4553,-23.266,4.6213,8.0497,-13.634,-2.8565,54.716,45.612,43.801,37.834,38.073
-10.355,1.8694,-19.9,3.5601,5.7084,-10.399,-3.3714,54.774,48.74,50.826,46.019,46.704
-10.805,5.8066,-16.9,1.734,3.8107,-7.1211,-3.9079,54.813,51.835,58.477,55.066,56.109
-10.518,10.607,-14.072,-1.0906,2.272,-3.6744,-4.4219,54.878,55.025,66.932,65.233,66.292
-9.4193,16.552,-11.154,-5.0644,0.9639,0.13608,-4.8683,54.996,58.413,76.403,76.792,77.273
-7.5532,23.877,-7.9478,-10.205,-0.2097,4.5074,-5.2365,55.147,61.985,86.95,89.766,88.931
-5.0658,32.673,-4.4074,-16.348,-1.2529,9.5888,-5.5664,55.259,65.601,98.338,103.74,100.94
-2.1186,42.78,-0.63276,-23.171,-2.0544,15.475,-5.9383,55.226,69.061,110.06,117.99,112.93
1.2013,53.795,3.2163,-30.358,-2.429,22.214,-6.4499,54.931,72.207,121.57,131.87,124.63
4.8978,65.267,7.0239,-37.797,-2.2182,29.808,-7.1926,54.271,74.975,132.5,145.06,135.96
9.0104,76.902,10.776,-45.632,-1.4,38.194,-8.2392,53.181,77.386,142.76,157.57,146.94
13.546,88.586,14.565,-54.088,-0.14972,47.247,-9.6472,51.639,79.513,152.44,169.52,157.64
18.442,100.26,18.561,-63.213,1.1669,56.776,-11.487,49.66,81.43,161.67,181.02,168.15
23.543,111.82,22.953,-72.706,2.0755,66.542,-13.898,47.281,83.189,170.59,192.17,178.54
28.556,123.1,27.882,-82.031,2.1402,76.295,-17.158,44.544,84.801,179.26,203.01,188.87
33.025,133.89,33.387,-90.68,1.1271,85.798,-21.644,41.495,86.257,187.68,213.58,199.17
36.473,144.04,39.403,-98.363,-0.89012,94.837,-27.466,38.186,87.545,195.83,223.92,209.4
38.76,153.51,45.799,-105.07,-3.5275,103.25,-34.081,34.646,88.669,203.66,234.09,219.54
40.318,162.38,52.405,-111.03,-6.2009,110.97,-40.752,30.856,89.639,211.15,244.16,229.54
41.984,170.78,59.059,-116.56,-8.303,118.1,-47.27,26.759,90.46,218.33,254.21,239.37
44.568,178.89,65.634,-121.98,-9.3726,124.83,-53.881,22.344,91.137,225.25,264.3,249.05
48.447,186.87,72.079,-127.4,-9.2234,131.37,-60.804,17.707,91.679,231.96,274.48,258.61
53.397,194.84,78.424,-132.77,-8.0126,137.84,-68.022,13.006,92.103,238.47,284.71,268.08
58.751,202.84,84.718,-137.89,-6.203,144.34,-75.414,8.3535,92.421,244.74,294.9,277.41
63.707,210.76,90.934,-142.54,-4.429,150.84,-82.908,3.7724,92.61,250.64,304.83,286.41
67.578,218.39,96.947,-146.53,-3.3224,157.26,-90.489,-0.78451,92.607,256.05,314.23,294.83
69.949,225.49,102.6,-149.84,-3.3346,163.43,-98.154,-5.3946,92.32,260.83,322.81,302.46
70.764,231.93,107.76,-152.52,-4.6216,169.16,-105.89,-10.142,91.661,264.92,330.4,309.17
70.288,237.72,112.4,-154.76,-7.0395,174.32,-113.64,-15.109,90.579,268.32,336.98,314.99
68.986,242.94,116.52,-156.7,-10.214,178.89,-121.33,-20.363,89.076,271.11,342.63,320.04
67.376,247.67,120.14,-158.47,-13.642,182.93,-129.04,-25.948,87.207,273.39,347.49,324.42
65.91,251.94,123.32,-160.09,-16.821,186.55,-137.03,-31.851,85.066,275.27,351.69,328.26
64.903,255.75,126.09,-161.54,-19.365,189.82,-145.45,-37.959,82.773,276.85,355.34,331.6
64.502,259.07,128.53,-162.79,-21.073,192.81,-154.03,-44.055,80.456,278.23,358.55,334.5
64.709,261.89,130.67,-163.81,-21.921,195.54,-162.06,-49.877,78.22,279.45,361.36,336.95
65.385,264.23,132.49,-164.58,-22.028,197.98,-168.99,-55.241,76.118,280.5,363.77,338.95
66.277,266.07,133.93,-165.11,-21.603,200.06,-174.7,-60.104,74.135,281.32,365.75,340.46
67.112,267.43,134.89,-165.45,-20.883,201.64,-179.37,-64.523,72.195,281.8,367.2,341.42
67.743,268.28,135.34,-165.67,-20.072,202.63,-183.13,-68.575,70.208,281.81,368.07,341.8
68.215,268.63,135.34,-165.86,-19.301,203.01,-186,-72.264,68.134,281.28,368.33,341.6
68.658,268.5,135.06,-166.06,-18.613,202.87,-187.87,-75.452,66.031,280.21,368,340.85
69.142,267.94,134.72,-166.21,-17.978,202.38,-188.54,-77.854,64.043,278.65,367.09,339.58
69.626,267.03,134.44,-166.2,-17.337,201.68,-187.88,-79.173,62.333,276.68,365.62,337.83
69.981,265.78,134.2,-165.91,-16.651,200.85,-185.9,-79.286,60.993,274.34,363.55,335.59
70.002,264.19,133.95,-165.25,-15.986,199.84,-182.74,-78.304,59.994,271.62,360.8,332.81
69.406,262.16,133.59,-164.12,-15.559,198.53,-178.47,-76.471,59.2,268.43,357.24,329.39
67.851,259.58,133.05,-162.42,-15.719,196.8,-173.16,-74.032,58.437,264.69,352.75,325.22
65.014,256.33,132.3,-160.05,-16.803,194.53,-166.83,-71.163,57.559,260.31,347.19,320.13
60.725,252.31,131.31,-156.94,-18.98,191.67,-159.56,-67.958,56.503,255.2,340.46,313.97
55.081,247.43,130.02,-153.14,-22.153,188.15,-151.45,-64.448,55.284,249.31,332.49,306.64
48.5,241.62,128.32,-148.74,-25.941,183.91,-142.73,-60.647,53.958,242.6,323.3,298.11
41.643,234.84,126.08,-143.91,-29.745,178.91,-133.7,-56.616,52.568,235.05,312.99,288.47
35.251,227.11,123.19,-138.81,-32.863,173.15,-124.71,-52.493,51.112,226.7,301.7,277.9
29.955,218.52,119.52,-133.57,-34.661,166.71,-116.1,-48.464,49.553,217.66,289.62,266.62
26.116,209.17,115,-128.23,-34.737,159.7,-108.05,-44.685,47.868,208.09,276.98,254.87
23.73,199.15,109.62,-122.7,-33.042,152.24,-100.56,-41.219,46.08,198.21,263.99,242.84
22.447,188.56,103.48,-116.75,-29.876,144.47,-93.462,-38.05,44.251,188.21,250.89,230.71
21.745,177.6,96.775,-110.16,-25.776,136.49,-86.517,-35.119,42.434,178.18,237.8,218.59
21.118,166.53,89.728,-102.81,-21.357,128.38,-79.479,-32.378,40.621,168.1,224.8,206.52
20.155,155.59,82.477,-94.733,-17.192,120.11,-72.172,-29.801,38.724,157.86,211.88,194.55
18.513,144.87,75.068,-86.057,-13.747,111.66,-64.527,-27.385,36.607,147.29,198.99,182.66
15.947,134.28,67.529,-76.909,-11.352,102.94,-56.601,-25.124,34.155,136.23,186.11,170.89
12.381,123.6,59.97,-67.459,-10.202,93.867,-48.608,-22.998,31.333,124.55,173.22,159.25
7.9485,112.58,52.623,-57.885,-10.336,84.329,-40.899,-20.967,28.218,112.24,160.3,147.76
2.9451,100.95,45.763,-48.295,-11.582,74.239,-33.82,-18.981,24.955,99.397,147.26,136.31
-2.2624,88.514,39.6,-38.727,-13.581,63.658,-27.57,-17.014,21.696,86.307,133.95,124.75
-7.3261,75.307,34.231,-29.288,-15.917,52.977,-22.187,-15.077,18.546,73.449,120.21,112.84
-11.979,61.766,29.607,-20.306,-18.25,42.88,-17.638,-13.217,15.548,61.384,106.01,100.46
-16.089,48.756,25.573,-12.288,-20.387,33.968,-13.87,-11.499,12.708,50.57,91.584,87.718
-19.686,37.182,21.968,-5.6083,-22.252,26.443,-10.804,-9.9782,10.022,41.208,77.5,75.098
-22.907,27.5,18.684,-0.27104,-23.817,20.169,-8.3188,-8.676,7.4944,33.252,64.429,63.27
-25.844,19.629,15.633,4.0058,-25.013,14.895,-6.2694,-7.5737,5.1349,26.516,52.893,52.765
-28.432,13.22,12.724,7.5528,-25.697,10.391,-4.5076,-6.6249,2.9548,20.786,43.105,43.783
-30.468,7.9071,9.8605,10.589,-25.662,6.4871,-2.9064,-5.7819,0.95471,15.88,34.997,36.242
-31.697,3.4157,6.9521,13.191,-24.722,3.0524,-1.3725,-5.0241,-0.89006,11.637,28.325,29.91
-31.881,-0.42981,3.9183,15.323,-22.761,-0.022395,0.14455,-4.3747,-2.6402,7.8957,22.774,24.509
-30.865,-3.7246,0.70709,16.899,-19.756,-2.8251,1.6531,-3.8936,-4.3833,4.4865,18.033,19.791
-28.648,-6.507,-2.6631,17.845,-15.831,-5.4054,3.1346,-3.6467,-6.1984,1.2527,13.844,15.584
-25.436,-8.7803,-6.0642,18.149,-11.315,-7.7594,4.5712,-3.6661,-8.1103,-1.9079,10.041,11.808
-21.663,-10.529,-9.2658,17.885,-6.7354,-9.833,5.9725,-3.9238,-10.063,-5.0148,6.5517,8.4538
-17.932,-11.733,-12.003,17.202,-2.7151,-11.549,7.3801,-4.3398,-11.939,-8.0079,3.3805,5.5425
-14.871,-12.388,-14.063,16.285,0.17879,-12.847,8.8461,-4.8241,-13.612,-10.787,0.57218,3.0875
-12.969,-12.536,-15.359,15.31,1.591,-13.722,10.396,-5.3298,-15.02,-13.267,-1.8332,1.0713
-12.435,-12.29,-15.953,14.416,1.4667,-14.246,11.996,-5.8857,-16.198,-15.435,-3.843,-0.57127
-13.144,-11.839,-16.043,13.693,0.056951,-14.569,13.548,-6.5849,-17.267,-17.358,-5.5333,-1.9523
-14.689,-11.415,-15.908,13.171,-2.1471,-14.876,14.912,-7.5379,-18.388,-19.158,-7.0312,-3.205
-16.515,-11.216,-15.828,12.82,-4.5308,-15.333,15.946,-8.817,-19.685,-20.959,-8.469,-4.4436
-18.064,-11.335,-16.022,12.555,-6.5041,-16.036,16.552,-10.428,-21.215,-22.834,-9.9372,-5.7306
-18.904,-11.749,-16.612,12.284,-7.6338,-16.987,16.699,-12.322,-22.959,-24.795,-11.459,-7.0682
-18.849,-12.362,-17.626,11.972,-7.7214,-18.111,16.42,-14.436,-24.855,-26.8,-12.998,-8.4164
-18.035,-13.092,-19.028,11.683,-6.8188,-19.319,15.781,-16.728,-26.842,-28.792,-14.493,-9.7273
-16.861,-13.931,-20.743,11.574,-5.1753,-20.559,14.85,-19.199,-28.888,-30.734,-15.903,-10.982
-15.802,-14.962,-22.69,11.841,-3.1255,-21.847,13.678,-21.869,-31.005,-32.631,-17.249,-12.21
-15.216,-16.303,-24.817,12.636,-0.96322,-23.251,12.299,-24.749,-33.229,-34.525,-18.608,-13.486
-15.242,-18.022,-27.116,13.991,1.1506,-24.837,10.755,-27.797,-35.591,-36.469,-20.082,-14.888
-15.774,-20.069,-29.599,15.781,3.22,-26.619,9.1208,-30.917,-38.08,-38.483,-21.735,-16.457
-16.51,-22.274,-32.244,17.75,5.3625,-28.533,7.5033,-33.964,-40.635,-40.54,-23.555,-18.167
-17.056,-24.391,-34.956,19.576,7.6937,-30.441,6.0346,-36.79,-43.164,-42.573,-25.449,-19.924
-17.068,-26.165,-37.561,20.955,10.219,-32.164,4.8462,-39.268,-45.564,-44.505,-27.274,-21.598
-16.361,-27.382,-39.812,21.664,12.786,-33.515,4.0485,-41.314,-47.747,-46.272,-28.89,-23.062
-14.954,-27.906,-41.42,21.615,15.104,-34.325,3.7228,-42.881,-49.647,-47.827,-30.2,-24.218
-13.058,-27.703,-42.112,20.858,16.811,-34.477,3.9161,-43.959,-51.218,-49.146,-31.167,-25.016
-11.022,-26.836,-41.721,19.562,17.575,-33.938,4.6323,-44.567,-52.438,-50.222,-31.818,-25.462
-9.2425,-25.438,-40.246,17.95,17.198,-32.771,5.8231,-44.758,-53.309,-51.067,-32.22,-25.601
-8.0658,-23.664,-37.873,16.237,15.666,-31.119,7.388,-44.607,-53.862,-51.704,-32.45,-25.494
-7.711,-21.662,-34.919,14.586,13.139,-29.164,9.1848,-44.201,-54.15,-52.164,-32.565,-25.191
-8.2243,-19.548,-31.732,13.095,9.8981,-27.082,11.052,-43.619,-54.25,-52.48,-32.591,-24.726
-9.489,-17.407,-28.586,11.798,6.2698,-24.998,12.827,-42.939,-54.249,-52.69,-32.536,-24.128
-11.281,-15.293,-25.633,10.701,2.5697,-22.97,14.359,-42.251,-54.243,-52.837,-32.401,-23.429
-13.336,-13.256,-22.922,9.8061,-0.92916,-21.011,15.51,-41.668,-54.319,-52.96,-32.193,-22.676
-15.398,-11.344,-20.466,9.1266,-4.0008,-19.124,16.173,-41.319,-54.545,-53.082,-31.915,-21.912
-17.243,-9.6143,-18.3,8.6753,-6.4569,-17.328,16.282,-41.328,-54.959,-53.212,-31.572,-21.172
-18.696,-8.1103,-16.513,8.4469,-8.1303,-15.67,15.818,-41.78,-55.565,-53.346,-31.17,-20.472
-19.634,-6.8478,-15.227,8.3965,-8.8688,-14.209,14.787,-42.678,-56.334,-53.493,-30.721,-19.818
-19.959,-5.8158,-14.545,8.4358,-8.5655,-13.006,13.23,-43.924,-57.227,-53.689,-30.265,-19.221
-19.578,-4.9994,-14.498,8.4585,-7.2195,-12.108,11.278,-45.335,-58.223,-54.024,-29.894,-18.721
-18.411,-4.3994,-14.996,8.3854,-4.9812,-11.518,9.1664,-46.709,-59.333,-54.645,-29.768,-18.401
-16.412,-4.0239,-15.82,8.1897,-2.1363,-11.179,7.166,-47.89,-60.6,-55.739,-30.098,-18.381
-13.576,-3.8563,-16.677,7.8557,0.96733,-10.975,5.508,-48.785,-62.079,-57.475,-31.096,-18.787
-9.9735,-3.8162,-17.272,7.3105,3.9982,-10.749,4.305,-49.329,-63.794,-59.94,-32.885,-19.702
-5.8529,-3.7494,-17.375,6.4444,6.6708,-10.35,3.3236,-49.446,-65.692,-63.069,-35.43,-21.126
-1.7166,-3.4801,-16.83,5.235,8.7307,-9.6597,1.9286,-48.992,-67.574,-66.626,-38.503,-22.955
1.7596,-2.8838,-15.526,3.8333,9.9081,-8.5963,0.23869,-47.79,-69.079,-70.234,-41.72,-24.981
3.9027,-1.9093,-13.355,2.5259,9.8697,-7.0803,-0.069127,-45.83,-69.69,-73.411,-44.613,-26.903
4.1462,-0.52053,-10.192,1.6304,8.2379,-4.9763,2.2246,-44.725,-68.688,-75.465,-46.631,-28.298
2.0917,1.4273,-5.8758,1.3961,4.6748,-2.0228,7.413,-58.269,-65.323,-75.123,-46.87,-28.533
-2.4032,4.3741,-0.21443,1.9152,-1.0123,2.2385,16.449,-67.092,-69.031,-70.925,-43.959,-26.773
-9.2476,9.3703,6.9931,2.9891,-8.749,8.4934,30.561,-57.731,-89.298,-77.486,-40.321,-23.371
-18.339,18.063,15.903,3.777,-18.095,17.18,49.661,-44.673,-93.687,-118.01,-83.583,-43.391
-30.046,22.468,26.521,5.7322,-28.238,25.22,72.579,-28.92,-99.401,-147.07,-119.57,-87.602
-53.502,-18.791,38.56,39.977,-38.241,18.87,98.56,-12.175,-105.53,-173.8,-147.91,-109.62
-88.099,-40.658,51.278,61.085,-47.543,-1.8201,126.15,4.5054,-107.97,-190.62,-166.4,-124.01
-108.16,-41.088,63.234,69.787,-55.621,-2.5402,150.54,24.817,-99.353,-187.96,-166.36,-124.8
-117.45,-28.699,72.855,67.258,-60.901,12.332,169.74,55.533,-69.947,-155.05,-139.01,-105.56
-114.48,-1.0449,82.85,51.831,-61.928,36.83,186.9,105.29,-8.5993,-81.614,-77,-61.132
-98.48,42.274,97.806,22.954,-61.534,70.689,205.91,183.62,94.62,39.665,24.278,11.573
-65.773,101.78,113.88,-22.193,-71.62,112.88,227.86,292.88,243.29,211.42,166.64,113.53
-10.953,179.58,128.37,-88.025,-75.441,162.2,249.25,422.75,429.8,431.56,348.39,243.57
67.33,277.04,142.11,-175.38,-47.736,218.92,264.17,551.4,635.8,689.75,562.01,396.87
162.03,391.11,158.94,-278.42,-9.2136,284.49,267.5,651.06,840.87,968.51,794.63,564.26
260.23,513.66,184.35,-387.2,29.468,358.9,255.4,698.88,1026,1250.2,1031.5,734.44
347.74,634.51,224.28,-490.49,57.27,439.33,229.77,684.87,1177,1519,1258.3,896.33
409.88,743.56,283.96,-576.06,64.595,522.68,201.5,613.84,1286.3,1759.3,1460.8,1039.2
433.84,831.46,364.01,-632.24,44.557,604.96,175.53,502.74,1351.6,1954.2,1623.5,1152.1
412.38,890.54,458.47,-651.02,-5.8832,679.45,154.91,373.11,1371.7,2084.7,1729.9,1224.4
346.82,915.28,556.65,-630.65,-82.901,737.85,142.85,243.28,1344.3,2130.8,1764.7,1247.1
247.98,902.39,644.25,-575.57,-175.36,771.99,136.66,123.57,1265.6,2075.8,1717.3,1214.9
132.16,851.5,707.09,-494,-269.96,775.62,128.7,14.858,1132.5,1912.4,1586.4,1128.2
15.11,765.91,735.43,-395.16,-349.99,745.72,111.55,-87.282,946.31,1648.6,1382,993.9
-90.723,652.42,725.54,-288.1,-405.82,683.54,82.709,-187.2,715.87,1309.2,1125,824.76
-177.21,520.9,679.46,-181.21,-432.02,594.67,44.333,-288.82,459.16,931.99,843.38,637.32
-240.47,383.44,603.88,-81.606,-428.83,488.11,0.68602,-388.58,201.45,560.27,566.39,449.13
-279.32,252.5,508.36,-0.52634,-401.43,374.4,-42,-474.54,-30.324,233.21,319.14,276.03
-294.31,136.61,403.18,59.467,-355.95,263.88,-76.587,-535.28,-214.43,-21.668,118.17,129.39
-287.5,44.254,297.81,101.09,-298.02,164.86,-97.347,-560.85,-337.46,-191.24,-27.682,15.501
-263.05,-20.292,200.74,125.92,-234.2,82.877,-100.55,-546.06,-395.71,-278.41,-112.3,-58.547
-226.42,-60.993,118.2,133.58,-171.23,20.197,-85.03,-491.68,-395.4,-297.31,-146.58,-95.503
-182.08,-81.532,52.47,124.56,-114.23,-24.202,-55.481,-405.12,-350.17,-267.32,-145.98,-104.66
-134.23,-85.929,2.1167,103.53,-65.896,-52.767,-26.731,-300.99,-277.83,-209.69,-125.75,-96.441
-89.497,-80.17,-35.672,76.046,-26.502,-68.835,-11.158,-196.46,-196.67,-146.45,-99.548,-80.817
-54.185,-71.139,-63.567,47.713,5.1105,-76.719,-5.8838,-105.69,-121.51,-95.076,-76.426,-65.342
-29.333,-62.429,-84.064,40.75,30.286,-80.785,-4.5279,-36.494,-65.606,-61.75,-59.925,-53.295
-13.032,-55.38,-99.193,38.73,49.653,-83.283,-2.6652,7.7684,-34.327,-63.263,-53.915,-44.211
-4.1155,-62.083,-109.25,37.331,62.797,-75.607,0.85393,28.113,-23.414,-75.855,-65.214,-51.998
-1.0943,-68.055,-106.17,36.428,69.061,-70.385,4.692,33.14,-25.204,-77.307,-70.872,-57.366
-1.2792,-71.766,-89.744,36.029,66.796,-74.633,7.7225,30.538,-30.183,-76.703,-72.389,-59.476
-0.083795,-73.768,-88.438,35.924,52.132,-78.54,10.098,25.395,-35.793,-74.524,-71.51,-59.576
-0.947,-74.55,-90.6,36.018,45.597,-81.064,12.183,20.68,-42.578,-70.398,-69.479,-58.631
-5.7277,-74.572,-91.683,36.368,42.734,-82.426,13.922,17.499,-45.751,-65.857,-67.282,-57.387
-11.943,-74.264,-91.502,36.986,38.575,-82.978,15.179,12.776,-40.96,-62.454,-65.641,-56.404
-18.097,-73.948,-90.486,37.772,33.555,-83.083,15.914,16.04,-37.56,-60.722,-64.925,-55.996
-23.236,-73.812,-89.151,38.553,28.851,-83.039,16.182,19.667,-36.023,-60.517,-65.149,-56.218
-26.768,-73.897,-87.973,39.139,25.362,-83.052,16.083,21.324,-35.821,-61.391,-66.079,-56.932
-28.37,-74.126,-87.321,39.349,23.541,-83.239,15.723,21.457,-36.435,-62.827,-67.394,-57.926
-27.948,-74.38,-87.418,39.054,23.482,-83.651,15.183,20.654,-37.43,-64.411,-68.828,-59.02
-25.64,-74.557,-88.369,38.211,25.082,-84.316,14.498,19.339,-38.528,-65.909,-70.225,-60.118
-21.815,-74.637,-90.208,36.884,28.141,-85.251,13.678,17.763,-39.604,-67.239,-71.55,-61.2
-16.981,-74.681,-92.928,35.228,32.394,-86.464,12.722,16.079,-40.625,-68.415,-72.834,-62.287
-11.651,-74.793,-96.452,33.444,37.517,-87.938,11.642,14.405,-41.592,-69.477,-74.113,-63.387
-6.2226,-75.059,-100.59,31.723,43.189,-89.611,10.479,12.839,-42.497,-70.44,-75.384,-64.472
-0.94747,-75.52,-105.05,30.203,49.163,-91.392,9.2813,11.445,-43.324,-71.29,-76.598,-65.493
4.0234,-76.174,-109.45,28.959,55.233,-93.192,8.0912,10.23,-44.061,-72.007,-77.692,-66.406
8.532,-76.99,-113.51,28.021,61.077,-94.942,6.9308,9.1449,-44.707,-72.594,-78.618,-67.194
12.339,-77.919,-117.01,27.403,66.233,-96.584,5.8143,8.1315,-45.26,-73.067,-79.358,-67.859
15.139,-78.898,-119.74,27.141,70.212,-98.033,4.7686,7.1635,-45.713,-73.448,-79.917,-68.398
16.575,-79.861,-121.41,27.302,72.54,-99.161,3.8464,6.282,-46.05,-73.735,-80.303,-68.789
16.269,-80.76,-121.7,27.99,72.783,-99.82,3.1183,5.5816,-46.244,-73.907,-80.514,-68.993
13.932,-81.571,-120.37,29.305,70.631,-99.886,2.6524,5.1727,-46.271,-73.922,-80.53,-68.971
9.506,-82.299,-117.4,31.296,66.027,-99.314,2.4866,5.1369,-46.121,-73.751,-80.343,-68.694
3.2386,-82.945,-113.05,33.905,59.277,-98.164,2.6083,5.4977,-45.808,-73.367,-79.941,-68.167
-4.3421,-83.487,-107.77,36.946,51.034,-96.562,2.9545,6.1998,-45.369,-72.767,-79.335,-67.422
-12.523,-83.872,-102.13,40.123,42.145,-94.671,3.4306,7.1302,-44.847,-71.975,-78.552,-66.508
-20.512,-84.037,-96.664,43.095,33.502,-92.654,3.9393,8.1571,-44.282,-71.028,-77.629,-65.479
-27.559,-83.938,-91.812,45.556,25.929,-90.654,4.4072,9.1706,-43.694,-69.965,-76.6,-64.374
-33.094,-83.56,-87.829,47.301,20.064,-88.773,4.7976,10.109,-43.088,-68.82,-75.489,-63.213
-36.79,-82.892,-84.787,48.23,16.213,-87.052,5.1067,10.963,-42.468,-67.613,-74.299,-62
-38.477,-81.913,-82.62,48.321,14.297,-85.463,5.3526,11.766,-41.823,-66.342,-73.031,-60.729
-38.075,-80.58,-81.207,47.594,14.025,-83.95,5.5582,12.565,-41.149,-65.016,-71.682,-59.399
-35.702,-78.852,-80.445,46.092,15.15,-82.455,5.7289,13.398,-40.449,-63.65,-70.256,-58.013
-31.74,-76.722,-80.312,43.879,17.541,-80.954,5.8348,14.259,-39.742,-62.272,-68.776,-56.596
-26.684,-74.231,-80.845,41.028,21.136,-79.469,5.8098,15.098,-39.05,-60.913,-67.282,-55.187
-20.877,-71.457,-82.053,37.621,25.93,-78.05,5.5782,15.834,-38.38,-59.581,-65.808,-53.814
-14.412,-68.484,-83.842,33.748,31.881,-76.747,5.0932,16.407,-37.699,-58.242,-64.346,-52.462
-7.2911,-65.389,-86.005,29.521,38.752,-75.578,4.3685,16.832,-36.932,-56.811,-62.825,-51.061
0.32482,-62.229,-88.242,25.099,46.036,-74.505,3.4818,17.202,-35.979,-55.169,-61.114,-49.49
8.0196,-59.047,-90.183,20.686,53.078,-73.424,2.5462,17.66,-34.737,-53.196,-59.066,-47.628
15.224,-55.865,-91.417,16.493,59.205,-72.181,1.6664,18.329,-33.136,-50.819,-56.573,-45.401
21.351,-52.678,-91.573,12.704,63.767,-70.612,0.90752,19.262,-31.158,-48.03,-53.609,-42.809
25.857,-49.462,-90.4,9.4854,66.185,-68.587,0.29037,20.446,-28.837,-44.895,-50.236,-39.923
28.266,-46.2,-87.819,6.9925,66.087,-66.047,-0.1866,21.831,-26.237,-41.514,-46.57,-36.847
28.249,-42.907,-83.926,5.3632,63.405,-63.009,-0.51758,23.378,-23.412,-37.981,-42.729,-33.664
25.707,-39.643,-78.954,4.6986,58.364,-59.557,-0.67525,25.094,-20.387,-34.347,-38.796,-30.411
20.802,-36.493,-73.219,5.0442,51.372,-55.807,-0.6192,27.013,-17.153,-30.616,-34.813,-27.091
13.935,-33.537,-67.037,6.3478,42.933,-51.86,-0.31996,29.15,-13.699,-26.765,-30.793,-23.694
5.747,-30.795,-60.654,8.4001,33.643,-47.77,0.21776,31.467,-10.031,-22.762,-26.736,-20.214
-2.9189,-28.207,-54.223,10.811,24.185,-43.537,0.94606,33.869,-6.1838,-18.584,-22.637,-16.656
-11.136,-25.633,-47.808,13.066,15.244,-39.128,1.7809,36.248,-2.2036,-14.216,-18.485,-13.028
-18.027,-22.886,-41.436,14.65,7.3975,-34.517,2.6173,38.51,1.8801,-9.6523,-14.278,-9.3382
-22.864,-19.792,-35.138,15.166,1.0529,-29.729,3.3452,40.593,6.0695,-4.8983,-10.026,-5.5951
-25.153,-16.24,-29.018,14.405,-3.5347,-24.849,3.8635,42.46,10.395,0.03123,-5.7494,-1.806
-24.693,-12.214,-23.277,12.373,-6.2323,-20.004,4.0954,44.102,14.9,5.1261,-1.4526,2.0364
-21.659,-7.7638,-18.14,9.2601,-7.0903,-15.296,3.9948,45.529,19.62,10.398,2.8957,5.9693
-16.657,-2.9667,-13.724,5.3974,-6.4026,-10.753,3.5355,46.768,24.568,15.891,7.3749,10.067
-10.631,2.0972,-9.964,1.1855,-4.6815,-6.3058,2.6799,47.838,29.725,21.684,12.109,14.438
-4.5673,7.3535,-6.6251,-2.9935,-2.5609,-1.8207,1.3465,48.744,35.029,27.899,17.26,19.224
0.76186,12.765,-3.3822,-6.8709,-0.66936,2.8505,-0.60033,49.464,40.37,34.698,23.035,24.586
4.871,18.375,0.085177,-10.356,0.47632,7.8175,-3.3236,49.968,45.587,42.253,29.671,30.686
7.49,24.315,4.0061,-13.535,0.52245,13.117,-6.9854,50.229,50.505,50.67,37.38,37.624
8.5251,30.738,8.4516,-16.629,-0.71698,18.694,-11.754,50.236,54.985,59.897,46.247,45.359
8.0636,37.763,13.302,-19.937,-3.2558,24.402,-17.807,49.996,58.969,69.701,56.124,53.669
6.3469,45.439,18.269,-23.786,-6.9149,30.041,-25.209,49.511,62.479,79.765,66.655,62.22
3.7595,53.754,22.981,-28.455,-11.343,35.437,-33.621,48.77,65.589,89.849,77.448,70.721
0.86984,62.601,27.127,-34.065,-16.104,40.511,-42.242,47.756,68.413,99.893,88.276,79.073
-1.5958,71.746,30.574,-40.433,-20.72,45.316,-50.391,46.472,71.088,110,99.156,87.394
-2.9562,80.845,33.379,-47.037,-24.611,50.021,-58.052,44.958,73.764,120.34,110.28,95.934
-2.8129,89.58,35.713,-53.339,-27.078,54.864,-65.688,43.274,76.567,131.02,121.84,104.92
-1.0433,97.82,37.766,-59.238,-27.546,60.09,-73.674,41.476,79.556,141.98,133.88,114.4
2.4436,105.61,39.694,-65.071,-25.853,65.839,-81.962,39.598,82.702,153.06,146.26,124.23
7.7776,113.05,41.563,-71.242,-22.248,72.034,-90.184,37.656,85.914,164.03,158.74,134.14
14.902,120.14,43.286,-77.959,-17.215,78.342,-97.975,35.652,89.087,174.67,171.07,143.88
23.429,126.82,44.651,-85.159,-11.358,84.314,-105.2,33.583,92.129,184.82,183.04,153.33
32.699,133.01,45.493,-92.563,-5.3208,89.601,-111.9,31.458,94.99,194.43,194.54,162.47
41.901,138.67,45.857,-99.765,0.24837,94.087,-118.18,29.297,97.652,203.54,205.54,171.35
50.151,143.83,46.006,-106.35,4.708,97.868,-124.12,27.129,100.13,212.22,216.06,180.07
56.623,148.56,46.299,-112.05,7.5361,101.16,-129.79,24.973,102.45,220.56,226.18,188.69
60.791,152.97,47.042,-116.78,8.4788,104.18,-135.2,22.817,104.63,228.6,235.99,197.26
62.627,157.19,48.407,-120.69,7.623,107.15,-140.35,20.616,106.63,236.3,245.56,205.79
62.597,161.33,50.429,-124,5.3649,110.17,-145.18,18.315,108.42,243.62,254.94,214.25
61.471,165.47,53.04,-126.87,2.297,113.3,-149.61,15.886,109.96,250.52,264.14,222.64
60.035,169.62,56.115,-129.42,-0.94839,116.53,-153.61,13.347,111.25,256.99,273.2,230.93
58.878,173.83,59.52,-131.7,-3.8394,119.86,-157.17,10.746,112.32,263.12,282.17,239.16
58.366,178.09,63.146,-133.79,-6.0304,123.3,-160.38,8.1276,113.27,268.99,291.1,247.4
58.656,182.36,66.947,-135.74,-7.3963,126.84,-163.32,5.5138,114.16,274.66,300.03,255.71
59.643,186.61,70.931,-137.54,-8.0207,130.47,-166.08,2.8895,115.03,280.12,308.89,264.08
60.962,190.8,75.104,-139.13,-8.1302,134.17,-168.76,0.20498,115.84,285.28,317.51,272.39
62.207,194.93,79.39,-140.48,-7.9817,137.91,-171.45,-2.6096,116.5,289.99,325.62,280.39
63.248,199.08,83.61,-141.73,-7.7583,141.64,-174.14,-5.6153,116.9,294.13,332.92,287.75
64.299,203.31,87.552,-143.12,-7.5289,145.3,-176.81,-8.8326,116.94,297.61,339.2,294.23
65.695,207.63,91.065,-144.89,-7.2661,148.79,-179.35,-12.222,116.58,300.42,344.38,299.7
67.662,211.99,94.093,-147.14,-6.9018,152.04,-181.64,-15.687,115.81,302.58,348.53,304.22
70.224,216.27,96.629,-149.82,-6.3922,154.94,-183.59,-19.102,114.7,304.18,351.78,307.89
73.182,220.31,98.672,-152.73,-5.7667,157.43,-185.14,-22.347,113.32,305.3,354.32,310.88
76.157,223.94,100.19,-155.59,-5.1504,159.42,-186.24,-25.348,111.77,305.99,356.29,313.33
78.669,226.95,101.1,-158.08,-4.7476,160.81,-186.87,-28.093,110.08,306.3,357.81,315.32
80.25,229.11,101.3,-159.92,-4.7778,161.47,-187.04,-30.623,108.27,306.2,358.91,316.86
80.555,230.1,100.65,-160.91,-5.3846,161.2,-186.79,-32.991,106.29,305.6,359.51,317.82
79.45,229.56,99.107,-160.87,-6.5574,159.83,-186.19,-35.228,104.12,304.39,359.4,318
77.082,227.11,96.732,-159.71,-8.0907,157.24,-185.25,-37.309,101.75,302.44,358.36,317.13
73.864,222.6,93.667,-157.33,-9.6022,153.51,-183.96,-39.167,99.189,299.69,356.15,315.01
70.349,216.26,90.022,-153.78,-10.634,148.88,-182.25,-40.712,96.496,296.13,352.68,311.54
67.082,208.59,85.812,-149.24,-10.79,143.62,-180,-41.873,93.709,291.78,347.94,306.77
64.488,200.08,81.028,-144.03,-9.8375,137.9,-177.06,-42.602,90.864,286.66,341.97,300.83
62.732,191.02,75.724,-138.46,-7.7744,131.82,-173.23,-42.882,87.985,280.78,334.83,293.87
61.561,181.53,70.044,-132.61,-4.875,125.37,-168.33,-42.722,85.069,274.15,326.55,285.98
60.245,171.57,64.183,-126.28,-1.6453,118.52,-162.27,-42.159,82.07,266.79,317.14,277.21
57.793,161.09,58.348,-119.11,1.2887,111.15,-155.19,-41.25,78.887,258.67,306.6,267.55
53.478,150.08,52.731,-110.72,3.307,103.17,-147.42,-40.06,75.384,249.78,294.96,256.95
47.263,138.62,47.49,-101.05,3.9149,94.457,-139.32,-38.643,71.422,240.11,282.31,245.44
39.671,126.83,42.729,-90.509,2.8443,84.971,-131.14,-37.034,66.91,229.7,268.84,233.15
31.314,114.77,38.468,-79.777,0.12012,74.806,-122.97,-35.24,61.848,218.64,254.82,220.33
22.621,102.43,34.642,-69.301,-3.9358,64.302,-114.84,-33.252,56.373,207.07,240.53,207.26
13.837,89.886,31.142,-59.11,-8.7902,54.039,-106.76,-31.069,50.745,195.15,226.25,194.24
5.1389,77.329,27.868,-49.08,-13.866,44.616,-98.754,-28.722,45.265,183.02,212.16,181.48
-3.2186,65.051,24.763,-39.115,-18.668,36.385,-90.791,-26.276,40.17,170.79,198.33,169.07
-10.849,53.352,21.771,-29.243,-22.734,29.381,-82.807,-23.81,35.582,158.53,184.74,157.02
-17.269,42.571,18.811,-19.825,-25.532,23.438,-74.758,-21.393,31.511,146.3,171.33,145.27
-21.959,33.053,15.789,-11.577,-26.533,18.347,-66.636,-19.07,27.887,134.09,158,133.72
-24.41,25.021,12.612,-5.1665,-25.42,13.921,-58.378,-16.86,24.581,121.9,144.65,122.23
-24.199,18.507,9.1716,-0.87201,-22.248,9.9938,-49.802,-14.763,21.443,109.64,131.11,110.65
-21.207,13.375,5.3482,1.3773,-17.388,6.3935,-40.812,-12.77,18.35,97.209,117.22,98.843
-15.836,9.3949,1.0631,1.8592,-11.372,2.9538,-31.854,-10.867,15.245,84.605,102.87,86.74
-8.9396,6.2857,-3.6336,1.0083,-4.7576,-0.4438,-23.863,-9.0337,12.151,72.034,88.151,74.422
-1.5575,3.7511,-8.5378,-0.62077,1.8955,-3.8369,-17.382,-7.2561,9.1291,59.923,73.447,62.185
5.3053,1.5285,-13.366,-2.4321,8.0297,-7.1922,-12.255,-5.5422,6.2385,48.774,59.433,50.511
10.811,-0.5742,-17.864,-3.8971,13.158,-10.443,-8.0791,-3.9252,3.5137,38.96,46.831,39.944
14.402,-2.6597,-21.881,-4.6516,16.967,-13.523,-4.557,-2.4479,0.97922,30.635,36.125,30.912
15.888,-4.741,-25.383,-4.5482,19.388,-16.38,-1.5259,-1.1356,-1.3315,23.754,27.422,23.582
15.456,-6.7573,-28.432,-3.6504,20.585,-18.974,1.1012,0.02114,-3.3752,18.146,20.517,17.842
13.6,-8.6063,-31.118,-2.1819,20.882,-21.276,3.3807,1.0597,-5.1192,13.581,15.054,13.414
10.953,-10.192,-33.515,-0.45472,20.65,-23.269,5.3609,2.0219,-6.5643,9.8191,10.658,9.9694
8.1392,-11.473,-35.652,1.2143,20.212,-24.972,7.0922,2.9341,-7.754,6.6314,6.9969,7.2014
5.6816,-12.503,-37.522,2.5971,19.792,-26.442,8.6266,3.804,-8.7623,3.8259,3.8034,4.8564
3.8922,-13.416,-39.102,3.6299,19.504,-27.763,10.016,4.6305,-9.6663,1.2637,0.88973,2.751
2.8058,-14.373,-40.36,4.3892,19.367,-29.007,11.317,5.413,-10.514,-1.1272,-1.8398,0.78003
2.2932,-15.474,-41.265,4.9692,19.36,-30.191,12.597,6.1579,-11.307,-3.3514,-4.3899,-1.075
2.2571,-16.701,-41.791,5.3972,19.471,-31.257,13.93,6.8839,-12.001,-5.3635,-6.6969,-2.7714
2.6922,-17.925,-41.926,5.6596,19.714,-32.09,15.388,7.6218,-12.53,-7.0974,-8.6668,-4.2368
3.5883,-18.958,-41.678,5.7537,20.12,-32.555,17.038,8.4075,-12.832,-8.4948,-10.216,-5.4018
4.8323,-19.62,-41.047,5.7059,20.684,-32.539,18.951,9.2752,-12.863,-9.5209,-11.299,-6.2229
6.2001,-19.815,-39.992,5.5766,21.299,-31.972,21.209,10.258,-12.606,-10.165,-11.915,-6.6914
7.4023,-19.563,-38.426,5.4644,21.748,-30.846,23.919,11.393,-12.063,-10.437,-12.102,-6.8292
8.1394,-18.975,-36.26,5.4888,21.754,-29.21,27.199,12.712,-11.248,-10.367,-11.918,-6.675
8.1565,-18.194,-33.45,5.7476,21.043,-27.155,31.169,14.232,-10.19,-10.009,-11.44,-6.2883
7.2798,-17.331,-30.022,6.2737,19.375,-24.783,35.896,15.941,-8.9348,-9.444,-10.755,-5.7365
5.4146,-16.43,-26.039,7.0227,16.539,-22.192,41.314,17.786,-7.5368,-8.7637,-9.9553,-5.0852
2.536,-15.455,-21.578,7.8996,12.39,-19.47,47.185,19.69,-6.052,-8.0505,-9.1228,-4.3882
-1.3108,-14.308,-16.74,8.8015,6.8689,-16.689,53.178,21.574,-4.528,-7.3584,-8.3154,-3.6841
-6.0464,-12.878,-11.676,9.6541,0.062873,-13.891,59,23.374,-3.0024,-6.7083,-7.5679,-3.0023
-11.584,-11.118,-6.5725,10.429,-7.7181,-11.093,64.434,25.053,-1.5108,-6.1007,-6.9009,-2.3725
-17.709,-9.0855,-1.5995,11.133,-15.989,-8.3245,69.315,26.58,-0.096084,-5.5353,-6.3308,-1.8308
-23.93,-6.9484,3.0986,11.772,-24.16,-5.6544,73.517,27.923,1.1894,-5.0241,-5.8712,-1.4144
-29.527,-4.9302,7.3699,12.323,-31.479,-3.1852,76.948,29.033,2.2962,-4.5872,-5.5216,-1.1426
-33.741,-3.2299,11.036,12.718,-37.055,-1.0135,79.531,29.851,3.2002,-4.2347,-5.2531,-0.99523
-35.918,-1.94,13.936,12.847,-40.153,0.8106,81.176,30.331,3.9193,-3.9492,-5.0073,-0.90862
-35.603,-1.004,15.999,12.55,-40.513,2.3094,81.783,30.449,4.5013,-3.6884,-4.7175,-0.79557
-32.686,-0.24807,17.293,11.673,-38.372,3.5708,81.282,30.206,4.9878,-3.41,-4.3421,-0.60286
-27.511,0.51811,17.996,10.164,-34.258,4.709,79.65,29.614,5.3802,-3.099,-3.8885,-0.3374
-20.808,1.3912,18.333,8.137,-28.844,5.8087,76.9,28.683,5.6307,-2.7829,-3.4163,-0.070333
-13.532,2.314,18.5,5.8881,-22.879,6.8792,73.103,27.415,5.6593,-2.5269,-3.0192,0.086726
-6.7519,3.1002,18.642,3.8293,-17.17,7.8458,68.371,25.818,5.3855,-2.4132,-2.7934,0.024245
-1.5467,3.5353,18.873,2.3782,-12.584,8.5941,62.858,23.922,4.7642,-2.5106,-2.8025,-0.32014
1.1617,3.4984,19.299,1.834,-9.9705,9.0473,56.77,21.792,3.8134,-2.8457,-3.0544,-0.93493
0.81943,3.0257,20.026,2.2975,-9.9906,9.218,50.405,19.527,2.6181,-3.3895,-3.4971,-1.7459
-2.5245,2.2799,21.137,3.6661,-12.886,9.1996,44.14,17.237,1.3065,-4.0674,-4.0371,-2.6314
-8.1722,1.4659,22.645,5.6932,-18.277,9.117,38.333,15.012,0.0048638,-4.7914,-4.574,-3.4755
-15.097,0.74962,24.479,8.0669,-25.196,9.076,33.205,12.889,-1.2079,-5.5018,-5.0415,-4.2086
-22.345,0.20929,26.5,10.477,-32.472,9.1325,28.788,10.841,-2.3271,-6.1935,-5.4355,-4.8277
-29.175,-0.17805,28.535,12.67,-39.171,9.2769,24.974,8.7969,-3.4183,-6.9153,-5.8168,-5.3867
-34.969,-0.51558,30.378,14.496,-44.712,9.4348,21.589,6.6684,-4.5881,-7.7446,-6.2845,-5.9675
-39.247,-0.93094,31.793,15.91,-48.745,9.4857,18.453,4.3857,-5.9389,-8.7523,-6.9318,-6.6432
-41.741,-1.5047,32.535,16.904,-51.048,9.305,15.424,1.9268,-7.5229,-9.9721,-7.8035,-7.4481
-42.383,-2.2246,32.441,17.449,-51.511,8.815,12.435,-0.67105,-9.3162,-11.385,-8.877,-8.3636
-41.281,-2.9935,31.478,17.501,-50.18,8.0178,9.4969,-3.3229,-11.224,-12.923,-10.077,-9.3279
-38.748,-3.6815,29.723,17.026,-47.309,6.9848,6.6614,-5.9341,-13.124,-14.497,-11.321,-10.269
-35.205,-4.1923,27.259,16.035,-43.29,5.8054,3.9766,-8.4481,-14.921,-16.036,-12.562,-11.147
-30.982,-4.5111,24.106,14.589,-38.394,4.526,1.4606,-10.88,-16.592,-17.523,-13.825,-11.98
-26.214,-4.71,20.248,12.792,-32.697,3.1206,-0.89502,-13.29,-18.189,-18.995,-15.18,-12.839
-20.899,-4.9047,15.715,10.765,-26.29,1.518,-3.1068,-15.745,-19.791,-20.511,-16.703,-13.795
-15.029,-5.191,10.668,8.6122,-19.441,-0.32858,-5.1709,-18.261,-21.456,-22.097,-18.406,-14.875
-8.7129,-5.5961,5.4196,6.4062,-12.506,-2.3772,-7.0502,-20.781,-23.17,-23.72,-20.218,-16.028
-2.2557,-6.0773,0.36752,4.2182,-5.8062,-4.4909,-8.6805,-23.184,-24.848,-25.288,-21.998,-17.138
3.864,-6.565,-4.1208,2.1583,0.33628,-6.4899,-9.9945,-25.318,-26.37,-26.689,-23.587,-18.076
9.091,-7.019,-7.7827,0.39681,5.5412,-8.2192,-10.948,-27.071,-27.626,-27.836,-24.87,-18.747
12.876,-7.4576,-10.467,-0.8533,9.3969,-9.5906,-11.533,-28.402,-28.554,-28.706,-25.812,-19.131
14.731,-7.9446,-12.114,-1.3871,11.529,-10.59,-11.782,-29.329,-29.155,-29.332,-26.453,-19.275
14.323,-8.5529,-12.754,-1.0715,11.694,-11.266,-11.755,-29.919,-29.478,-29.784,-26.879,-19.266
11.598,-9.3338,-12.519,0.104,9.8624,-11.717,-11.524,-30.253,-29.607,-30.143,-27.178,-19.194
6.8235,-10.306,-11.654,2.0138,6.2592,-12.072,-11.158,-30.408,-29.639,-30.482,-27.42,-19.125
0.5464,-11.459,-10.478,4.4253,1.3469,-12.478,-10.72,-30.447,-29.671,-30.863,-27.645,-19.104
-6.5211,-12.766,-9.3198,7.0528,-4.2618,-13.06,-10.256,-30.423,-29.776,-31.338,-27.872,-19.157
-13.608,-14.193,-8.4333,9.6229,-9.9171,-13.892,-9.806,-30.368,-29.985,-31.93,-28.107,-19.291
-19.991,-15.704,-7.9673,11.928,-15.017,-14.984,-9.4067,-30.299,-30.296,-32.633,-28.338,-19.493
-25.089,-17.281,-7.9904,13.849,-19.04,-16.296,-9.0963,-30.23,-30.673,-33.399,-28.549,-19.736
-28.493,-18.927,-8.5367,15.354,-21.534,-17.769,-8.9114,-30.192,-31.064,-34.158,-28.714,-19.991
-29.935,-20.681,-9.62,16.459,-22.122,-19.364,-8.8752,-30.236,-31.431,-34.843,-28.818,-20.25
-29.309,-22.585,-11.219,17.205,-20.621,-21.064,-8.9872,-30.421,-31.771,-35.421,-28.86,-20.531
-26.729,-24.649,-13.272,17.637,-17.207,-22.848,-9.2241,-30.787,-32.109,-35.891,-28.851,-20.863
-22.554,-26.814,-15.704,17.8,-12.385,-24.672,-9.5489,-31.342,-32.475,-36.272,-28.811,-21.266
-17.275,-28.955,-18.432,17.719,-6.6708,-26.464,-9.9133,-32.053,-32.885,-36.582,-28.757,-21.742
-11.397,-30.921,-21.363,17.418,-0.45353,-28.155,-10.256,-32.847,-33.319,-36.829,-28.703,-22.276
-5.4517,-32.596,-24.352,16.951,5.8552,-29.701,-10.498,-33.637,-33.735,-37.015,-28.666,-22.847
-0.07699,-33.942,-27.169,16.432,11.671,-31.085,-10.551,-34.332,-34.076,-37.132,-28.658,-23.426
4.0033,-34.981,-29.507,16.026,16.262,-32.29,-10.336,-34.856,-34.282,-37.175,-28.678,-23.978
6.1089,-35.763,-31.064,15.911,18.903,-33.286,-9.7987,-35.148,-34.307,-37.135,-28.698,-24.453
5.7771,-36.319,-31.655,16.215,19.095,-34.036,-8.925,-35.174,-34.129,-37.006,-28.679,-24.803
2.9074,-36.656,-31.284,16.973,16.73,-34.524,-7.746,-34.951,-33.763,-36.806,-28.588,-25.002
-2.1912,-36.761,-30.152,18.113,12.129,-34.763,-6.333,-34.537,-33.273,-36.575,-28.425,-25.065
-8.8562,-36.632,-28.586,19.476,5.9659,-34.803,-4.7789,-34.01,-32.737,-36.36,-28.228,-25.043
-16.156,-36.295,-26.93,20.849,-0.82795,-34.711,-3.1737,-33.436,-32.232,-36.197,-28.048,-25.001
-22.987,-35.818,-25.463,22.001,-7.1538,-34.56,-1.5864,-32.845,-31.791,-36.083,-27.918,-24.978
-28.288,-35.298,-24.355,22.735,-11.976,-34.397,-0.062059,-32.216,-31.401,-35.969,-27.824,-24.966
-31.282,-34.834,-23.662,22.915,-14.633,-34.236,1.371,-31.513,-31.008,-35.778,-27.704,-24.907
-31.561,-34.502,-23.346,22.493,-14.973,-34.061,2.6913,-30.722,-30.535,-35.424,-27.471,-24.727
-29.058,-34.344,-23.324,21.513,-13.223,-33.858,3.8728,-29.876,-29.938,-34.85,-27.05,-24.373
-24.12,-34.361,-23.544,20.115,-9.7504,-33.636,4.872,-29.058,-29.232,-34.067,-26.423,-23.844
-17.576,-34.517,-24.052,18.515,-4.9976,-33.445,5.6303,-28.373,-28.504,-33.158,-25.639,-23.187
-10.567,-34.752,-24.988,16.952,0.47012,-33.361,6.0986,-27.919,-27.89,-32.258,-24.813,-22.491
-4.1925,-35.013,-26.477,15.637,6.0171,-33.467,6.2739,-27.75,-27.526,-31.526,-24.087,-21.854
0.69599,-35.295,-28.477,14.754,11.052,-33.817,6.2242,-27.851,-27.505,-31.103,-23.604,-21.371
3.5242,-35.656,-30.742,14.456,15.017,-34.425,6.0871,-28.138,-27.86,-31.104,-23.486,-21.121
4.0747,-36.201,-32.912,14.851,17.433,-35.262,6.0445,-28.473,-28.566,-31.614,-23.836,-21.176
2.5399,-37.024,-34.658,15.936,18.07,-36.274,6.2896,-28.703,-29.561,-32.704,-24.735,-21.602
-0.55947,-38.165,-35.773,17.548,17.01,-37.397,7.0005,-28.701,-30.778,-34.427,-26.243,-22.463
-4.478,-39.584,-36.177,19.373,14.584,-38.567,8.3245,-28.391,-32.166,-36.809,-28.385,-23.808
-8.3914,-41.186,-35.894,21.05,11.296,-39.713,10.369,-27.771,-33.702,-39.821,-31.139,-25.659
-11.65,-42.855,-35.016,22.34,7.7263,-40.756,13.17,-26.892,-35.374,-43.358,-34.419,-27.994
-14.016,-44.486,-33.655,23.238,4.3844,-41.6,16.349,-25.789,-37.136,-47.222,-38.06,-30.713
-15.637,-45.995,-31.895,23.948,1.5681,-42.128,18.198,-24.382,-38.835,-51.133,-41.825,-33.621
-16.778,-47.296,-29.759,24.775,-0.69819,-42.181,17.803,-22.382,-40.117,-54.756,-45.445,-36.434
-17.778,-48.238,-27.206,26.038,-2.6588,-41.536,17.917,-19.388,-40.378,-57.636,-48.558,-38.761
-19.396,-48.554,-24.169,27.936,-4.7588,-39.898,21.601,-17.059,-38.852,-58.93,-50.418,-40.024
-22.765,-47.834,-20.618,30.412,-7.4579,-36.942,30.922,-33.067,-35.62,-57.309,-49.723,-39.367
-28.535,-45.655,-16.586,33.312,-10.974,-32.481,46.353,-31.818,-52.493,-53.931,-46.04,-36.172
-37.044,-43.534,-12.086,38.668,-15.129,-27.004,67.07,-19.652,-64.12,-87.839,-60.907,-37.457
-52.139,-58.719,-6.9682,59.372,-19.429,-24.327,91.942,-5.4763,-71.89,-120.91,-105.55,-75.899
-80.8,-78.772,-0.82975,80.613,-23.296,-33.772,119.2,7.4011,-80.295,-148.95,-134.59,-101.35
-105.8,-88.016,7.099,94.704,-26.219,-39.301,147.84,17.96,-86.465,-172.2,-158.08,-119.86
-119.8,-90.137,18.604,102.75,-27.862,-34.12,176.86,27.863,-84.516,-182.95,-169.29,-128.58
-123.1,-81.686,35.744,100.84,-28.261,-21.553,203.34,46.41,-66.212,-171.71,-159.79,-121.19
-110.97,-58.061,55.371,84.311,-27.985,0.03934,226.15,85.096,-22.318,-128.07,-120.95,-91.576
-80.916,-15.562,75.569,49.58,-28.876,32.498,248.05,151.4,55.729,-42.056,-46.049,-35.484
-34.322,46.833,96.45,-4.4066,-36.235,75.86,272.25,247.96,172.81,92.605,67.608,48.229
27.136,127.26,117.13,-76.588,-26.492,128,299.15,370.78,328.93,275.22,219.25,157.96
100.41,221.47,138.22,-162.61,-6.5893,186.1,324.7,505.12,514.42,499.71,405.68,290.88
178.27,323.59,163.11,-254.93,11.855,248.59,341.41,626.46,711.55,757.03,619.76,443.05
250.85,429.34,195.97,-346.72,20.671,315.68,343.26,708.47,902.33,1032.8,849.73,607.56
308.75,536.85,242.11,-433.15,14.448,388.54,328.09,731.89,1071.4,1309.4,1081.9,774.58
344.21,643.09,306.77,-509.06,-7.6259,467.57,297.71,692.68,1207.8,1570.2,1302.2,932.88
350.64,741.92,389.34,-567.39,-42.623,551.17,259.78,604.13,1306.4,1799.9,1496.4,1070.9
324.5,825,485.03,-600.71,-87.307,635.25,225.86,488.63,1366.5,1982.5,1649,1177.5
267.87,883.78,588.78,-604.38,-155.26,713.6,204.96,366.98,1385.9,2099.3,1743.6,1242.1
189.15,911.58,689.99,-578.5,-256.95,778.1,197.63,251.87,1359.3,2130.6,1765.5,1256.4
100.07,904.97,774.46,-527.23,-342.32,819.5,197.93,146.94,1279.9,2060.5,1704.9,1215.8
12.703,863.49,828.2,-456.63,-409.93,829.46,196.27,47.762,1143.7,1884.1,1562.2,1121.9
-65.002,789.68,841.66,-372.84,-454.1,803.53,183.95,-52.766,953.47,1611.9,1349.4,982.49
-131.95,689.24,812.96,-281.79,-472.03,743.08,157.4,-157.21,720.85,1270,1088.6,811.07
-188.96,570.75,749.08,-189.42,-467.1,655.35,117.86,-263.98,464.43,895.42,807.52,624.23
-235.1,444.5,663.7,-100.26,-446.71,551.78,69.994,-367.26,207.42,529.76,534.74,439.19
-269.62,321.47,572.03,-20.16,-418.78,445.27,22.429,-458.39,-24.356,210.77,294.58,271.17
-290.91,211.54,485.79,44.017,-388.58,347.02,-16.025,-526.24,-208.6,-34.527,102.39,130.47
-296.68,121.93,410.62,89.142,-357.55,264.1,-41.206,-561.37,-331.81,-191.6,-31.82,22.841
-286.17,58.503,346.82,113.55,-324.64,198.57,-50.782,-558.09,-390.89,-265.9,-102.14,-43.845
-261.54,20.977,291.73,119.24,-288.94,148.62,-43.89,-515.71,-392.09,-274.47,-123.9,-73.728
-227.99,3.6817,241.93,111.1,-251.22,111.45,-24.088,-439.77,-348.22,-237.91,-115.88,-77.883
-192.31,-0.26987,195.76,94.655,-211.67,84.863,0.90142,-341.43,-276.17,-178.8,-93.883,-67.395
-158.42,2.8751,155.25,69.246,-170.39,67.177,15.416,-236.61,-194.03,-119.02,-69.133,-51.426
-127.23,12.083,122.5,33.46,-134.6,56.577,16.426,-139.96,-116.65,-72.356,-47.988,-36.032
-99.522,44.385,97.782,22.215,-106.14,56.262,15.681,-62.576,-58.743,-41.655,-23.395,-11.179
-74.354,39.935,80.298,16.23,-81.297,84.073,15.403,-8.9506,-26.727,-44.554,-17.644,-6.1318
-52.189,29.274,70.628,10.831,-59.909,87.318,15.315,20.08,-14.474,-51.453,-25.818,-12.291
-34.368,24.801,73.023,5.8439,-43.067,75.57,14.982,29.939,-14.118,-51.503,-29.549,-15.574
-21.89,22.825,75.662,1.5453,-30.007,62.205,14.224,28.479,-18.116,-49.105,-29.82,-16.552
-13.917,21.712,69.537,-1.8351,-19.208,50.654,13.225,21.598,-23.475,-44.655,-28.106,-16.119
-8.4955,20.841,59.066,-4.2481,-10.372,41.6,12.134,13.588,-29.766,-38.8,-25.712,-15.099
-2.8327,19.973,47.781,-5.7812,-6.2689,34.498,10.911,6.8987,-31.04,-33.229,-23.574,-14.101
1.8446,18.985,37.485,-6.5542,-6.4902,28.692,9.4794,-0.46465,-24.292,-29.101,-22.22,-13.5
3.087,17.756,29.005,-6.6447,-6.0356,23.739,7.8679,-5.6751,-19.56,-26.8,-21.841,-13.468
1.7976,16.157,22.422,-6.0692,-5.6404,19.366,6.2085,-2.6786,-16.933,-26.249,-22.384,-14.021
-1.159,14.087,17.405,-4.8201,-6.1929,15.396,4.6379,-0.98187,-16.034,-27.082,-23.643,-15.065
-5.1965,11.518,13.504,-2.9338,-7.5784,11.702,3.2535,-0.4323,-16.342,-28.779,-25.35,-16.444
-9.7363,8.5168,10.281,-0.53879,-9.2936,8.2014,2.1,-0.51475,-17.248,-30.818,-27.242,-17.986
-14.177,5.2254,7.3721,2.152,-10.764,4.8479,1.1615,-0.81773,-18.261,-32.788,-29.107,-19.532
-17.973,1.8117,4.5115,4.8947,-11.511,1.6204,0.38201,-1.1045,-19.103,-34.445,-30.803,-20.97
-20.717,-1.5797,1.546,7.472,-11.247,-1.489,-0.30355,-1.289,-19.695,-35.705,-32.272,-22.242
-22.191,-4.8438,-1.5693,9.7221,-9.914,-4.4791,-0.94602,-1.3716,-20.086,-36.606,-33.524,-23.355
-22.367,-7.9115,-4.8006,11.544,-7.6644,-7.3455,-1.567,-1.3806,-20.387,-37.261,-34.616,-24.359
-21.394,-10.745,-8.0842,12.895,-4.7796,-10.091,-2.1551,-1.3351,-20.707,-37.804,-35.62,-25.323
-19.551,-13.339,-11.368,13.786,-1.5762,-12.739,-2.675,-1.2301,-21.112,-38.353,-36.604,-26.303
-17.185,-15.716,-14.626,14.269,1.6761,-15.327,-3.0852,-1.0464,-21.618,-38.991,-37.625,-27.335
-14.626,-17.91,-17.848,14.429,4.8023,-17.891,-3.3603,-0.77268,-22.203,-39.758,-38.721,-28.425
-12.124,-19.939,-21.018,14.356,7.7292,-20.439,-3.5062,-0.42505,-22.828,-40.649,-39.906,-29.557
-9.819,-21.792,-24.101,14.137,10.453,-22.944,-3.568,-0.048744,-23.458,-41.622,-41.164,-30.699
-7.7789,-23.444,-27.052,13.848,12.984,-25.345,-3.613,0.3012,-24.067,-42.606,-42.441,-31.806
-6.0529,-24.886,-29.816,13.564,15.302,-27.576,-3.6974,0.59353,-24.646,-43.518,-43.655,-32.829
-4.7121,-26.159,-32.318,13.379,17.327,-29.584,-3.8351,0.84861,-25.184,-44.283,-44.716,-33.719
-3.8531,-27.344,-34.469,13.396,18.927,-31.356,-3.9925,1.1429,-25.667,-44.849,-45.547,-34.434
-3.5809,-28.531,-36.222,13.704,19.966,-32.92,-4.102,1.5846,-26.068,-45.196,-46.109,-34.949
-3.9848,-29.78,-37.627,14.343,20.379,-34.349,-4.0931,2.2674,-26.358,-45.332,-46.399,-35.254
-5.1122,-31.094,-38.834,15.289,20.209,-35.733,-3.9279,3.2208,-26.519,-45.287,-46.442,-35.364
-6.9482,-32.431,-40.044,16.464,19.597,-37.154,-3.623,4.3817,-26.566,-45.108,-46.283,-35.317
-9.4007,-33.751,-41.42,17.777,18.737,-38.658,-3.2488,5.6071,-26.551,-44.848,-45.974,-35.166
-12.276,-35.058,-43.03,19.163,17.831,-40.263,-2.9042,6.7249,-26.548,-44.56,-45.574,-34.973
-15.258,-36.413,-44.84,20.58,17.064,-41.961,-2.679,7.6012,-26.624,-44.278,-45.134,-34.784
-17.944,-37.897,-46.767,21.989,16.602,-43.74,-2.618,8.192,-26.801,-44.005,-44.696,-34.619
-19.925,-39.557,-48.758,23.312,16.628,-45.589,-2.7038,8.5553,-27.05,-43.706,-44.279,-34.461
-20.857,-41.358,-50.829,24.43,17.36,-47.494,-2.868,8.8157,-27.295,-43.321,-43.87,-34.266
-20.528,-43.182,-53.046,25.208,19,-49.421,-3.0256,9.102,-27.452,-42.784,-43.431,-33.979
-18.923,-44.878,-55.471,25.548,21.629,-51.324,-3.113,9.4888,-27.459,-42.053,-42.916,-33.561
-16.259,-46.331,-58.115,25.435,25.132,-53.159,-3.1097,9.9661,-27.306,-41.135,-42.293,-33.004
-12.943,-47.501,-60.91,24.952,29.198,-54.892,-3.0344,10.449,-27.031,-40.076,-41.552,-32.332
-9.4778,-48.426,-63.715,24.256,33.385,-56.498,-2.9198,10.828,-26.701,-38.943,-40.707,-31.581
-6.3352,-49.174,-66.34,23.532,37.234,-57.942,-2.7862,11.038,-26.371,-37.785,-39.778,-30.775
-3.8589,-49.809,-68.594,22.938,40.391,-59.176,-2.624,11.103,-26.05,-36.612,-38.777,-29.905
-2.2048,-50.356,-70.324,22.563,42.672,-60.149,-2.3959,11.138,-25.7,-35.395,-37.704,-28.942
-1.3408,-50.792,-71.456,22.409,44.054,-60.819,-2.0541,11.293,-25.25,-34.086,-36.554,-27.853
-1.1094,-51.046,-72.013,22.396,44.642,-61.171,-1.5647,11.692,-24.641,-32.645,-35.32,-26.62
-1.3226,-51.02,-72.104,22.396,44.623,-61.222,-0.92337,12.395,-23.842,-31.052,-34.004,-25.253
-1.8471,-50.637,-71.878,22.293,44.191,-61.011,-0.16351,13.383,-22.858,-29.314,-32.608,-23.776
-2.6608,-49.877,-71.464,22.043,43.432,-60.588,0.65252,14.583,-21.716,-27.455,-31.131,-22.221
-3.8489,-48.8,-70.922,21.693,42.282,-59.997,1.4545,15.903,-20.443,-25.498,-29.566,-20.6
-5.5046,-47.511,-70.242,21.351,40.609,-59.264,2.188,17.272,-19.05,-23.45,-27.889,-18.906
-7.5922,-46.102,-69.377,21.105,38.398,-58.384,2.829,18.663,-17.522,-21.294,-26.073,-17.109
-9.8693,-44.583,-68.301,20.94,35.845,-57.315,3.3849,20.098,-15.835,-18.989,-24.081,-15.173
-11.907,-42.862,-67.052,20.711,33.331,-55.997,3.8814,21.626,-13.959,-16.491,-21.884,-13.073
-13.179,-40.788,-65.735,20.178,31.336,-54.37,4.3423,23.3,-11.887,-13.782,-19.466,-10.816
-13.176,-38.236,-64.478,19.087,30.362,-52.412,4.7739,25.139,-9.6444,-10.878,-16.837,-8.4347
-11.517,-35.206,-63.383,17.276,30.829,-50.16,5.1602,27.117,-7.2849,-7.8235,-14.038,-5.9839
-8.0478,-31.848,-62.485,14.736,32.945,-47.722,5.4716,29.163,-4.8722,-4.6648,-11.119,-3.5143
-2.9122,-28.407,-61.729,11.619,36.595,-45.233,5.6845,31.194,-2.4468,-1.4166,-8.1147,-1.055
3.4062,-25.107,-60.986,8.1699,41.297,-42.797,5.7977,33.152,-0.0027104,1.9524,-5.0221,1.4016
10.152,-22.048,-60.089,4.6294,46.257,-40.439,5.8371,35.013,2.5096,5.5082,-1.7929,3.9084
16.51,-19.172,-58.9,1.177,50.555,-38.106,5.8423,36.77,5.1556,9.3231,1.6536,6.5613
21.806,-16.307,-57.366,-2.0737,53.435,-35.718,5.8466,38.413,7.9837,13.455,5.4204,9.4899
25.608,-13.259,-55.521,-5.0686,54.516,-33.204,5.8624,39.925,11.011,17.956,9.6355,12.851
27.811,-9.8862,-53.447,-7.8329,53.772,-30.52,5.8802,41.304,14.238,22.908,14.474,16.842
28.664,-6.117,-51.209,-10.526,51.372,-27.644,5.8796,42.574,17.689,28.474,20.193,21.74
28.503,-1.9153,-48.809,-13.511,47.599,-24.558,5.8416,43.784,21.449,34.934,27.162,27.926
27.496,2.8017,-46.185,-17.303,42.954,-21.242,5.7548,44.989,25.656,42.672,35.844,35.848
25.943,8.2338,-43.24,-22.243,38.211,-17.667,5.6103,46.214,30.464,52.073,46.67,45.833
24.586,14.682,-39.905,-28.119,34.262,-13.785,5.3956,47.437,35.95,63.335,59.779,57.773
24.319,22.414,-36.185,-34.385,31.882,-9.5184,5.0932,48.592,42.047,76.275,74.764,70.973
25.837,31.501,-32.177,-40.834,31.512,-4.7505,4.6866,49.608,48.527,90.303,90.727,84.477
29.556,41.788,-28.042,-47.791,33.074,0.67006,4.1671,50.444,55.074,104.65,106.69,97.574
35.503,53.035,-23.933,-55.651,35.971,6.904,3.5398,51.108,61.403,118.66,122.01,109.97
43.171,65.005,-19.909,-64.485,39.283,14.067,2.8256,51.648,67.347,131.99,136.41,121.65
51.581,77.411,-15.866,-73.977,42.075,22.17,2.0582,52.128,72.868,144.53,149.87,132.69
59.547,89.896,-11.597,-83.578,43.654,31.1,1.2809,52.605,78.017,156.31,162.5,143.24
65.997,102.13,-6.887,-92.681,43.638,40.666,0.53927,53.109,82.881,167.43,174.47,153.49
70.199,113.89,-1.591,-100.78,41.91,50.702,-0.12888,53.636,87.545,178.02,186.03,163.68
71.906,125.12,4.377,-107.61,38.559,61.132,-0.70699,54.138,92.067,188.21,197.43,174.04
71.43,135.86,11.093,-113.25,33.847,71.955,-1.2055,54.547,96.473,198.1,208.85,184.7
69.533,146.22,18.679,-118.13,28.174,83.152,-1.6503,54.792,100.76,207.77,220.41,195.72
67.094,156.34,27.324,-122.76,22.027,94.604,-2.0566,54.844,104.93,217.28,232.14,207.02
64.735,166.31,37.182,-127.41,15.938,106.09,-2.4066,54.725,108.99,226.66,244,218.48
62.791,176.21,48.134,-131.92,10.429,117.35,-2.6462,54.504,112.93,235.91,255.9,229.94
61.531,186.01,59.671,-136.06,5.9629,128.18,-2.705,54.256,116.73,244.96,267.73,241.27
61.12,195.56,71.308,-139.72,2.7276,138.41,-2.5291,54.021,120.32,253.69,279.33,252.31
61.349,204.66,83.024,-142.89,0.33178,148,-2.1093,53.779,123.57,261.9,290.52,262.88
61.601,213.2,94.893,-145.54,-2.1239,157.09,-1.4918,53.463,126.39,269.41,301.11,272.82
61.151,221.23,106.56,-147.64,-5.502,165.91,-0.76873,52.977,128.7,276.1,310.95,281.96
59.54,228.92,117.59,-149.33,-10.208,174.72,-0.057608,52.229,130.52,281.94,319.94,290.27
56.864,236.56,127.98,-150.89,-16.124,183.67,0.51676,51.129,131.88,286.97,328.06,297.78
53.719,244.32,137.88,-152.66,-22.746,192.76,0.84145,49.595,132.84,291.31,335.37,304.61
50.89,252.26,147.34,-154.92,-29.363,201.81,0.82986,47.54,133.45,295.07,341.92,310.84
49.073,260.3,156.22,-157.8,-35.201,210.52,0.42054,44.9,133.76,298.35,347.78,316.51
48.707,268.19,164.31,-161.22,-39.599,218.57,-0.45309,41.675,133.81,301.24,352.99,321.63
49.851,275.61,171.43,-164.88,-42.224,225.75,-1.912,37.963,133.63,303.78,357.59,326.16
52.121,282.2,177.61,-168.37,-43.192,231.99,-4.1356,33.925,133.26,306.01,361.57,330.05
54.765,287.73,182.97,-171.31,-43.001,237.3,-7.251,29.685,132.69,307.92,364.93,333.28
56.877,292.08,187.69,-173.39,-42.35,241.72,-11.2,25.278,131.93,309.53,367.65,335.83
57.694,295.2,191.85,-174.47,-41.89,245.31,-15.776,20.703,130.99,310.83,369.74,337.74
56.894,297.14,195.45,-174.55,-42.002,248.1,-20.764,15.99,129.86,311.84,371.24,339.06
54.696,298.03,198.41,-173.79,-42.735,250.16,-26.028,11.216,128.56,312.55,372.22,339.89
51.692,298.08,200.65,-172.48,-43.923,251.56,-31.484,6.4849,127.11,312.95,372.75,340.27
48.545,297.57,202.09,-170.92,-45.327,252.37,-37.049,1.8921,125.5,313.02,372.9,340.3
45.787,296.76,202.7,-169.41,-46.71,252.63,-42.617,-2.4767,123.73,312.74,372.74,340.01
43.712,295.8,202.58,-168.16,-47.896,252.37,-48.056,-6.5414,121.81,312.1,372.31,339.43
42.32,294.75,201.95,-167.25,-48.83,251.63,-53.242,-10.23,119.74,311.1,371.6,338.58
41.327,293.5,201.06,-166.61,-49.593,250.42,-58.051,-13.493,117.54,309.74,370.6,337.42
40.277,291.84,200.09,-166.05,-50.328,248.74,-62.346,-16.321,115.2,308.01,369.22,335.89
38.769,289.55,199.02,-165.38,-51.128,246.54,-65.994,-18.757,112.73,305.86,367.38,333.92
36.738,286.46,197.71,-164.48,-51.95,243.78,-68.92,-20.878,110.11,303.2,364.94,331.4
34.52,282.51,195.91,-163.19,-52.603,240.4,-71.126,-22.768,107.33,299.94,361.74,328.19
32.588,277.81,193.42,-161.37,-52.815,236.39,-72.684,-24.488,104.42,295.99,357.6,324.17
31.22,272.47,190.11,-158.91,-52.336,231.8,-73.701,-26.059,101.39,291.27,352.41,319.2
30.352,266.61,185.89,-155.84,-51.054,226.64,-74.281,-27.479,98.256,285.73,346.04,313.22
29.627,260.23,180.73,-152.28,-49.071,220.93,-74.489,-28.741,95.025,279.39,338.49,306.2
28.521,253.25,174.65,-148.29,-46.678,214.59,-74.337,-29.848,91.681,272.27,329.76,298.19
26.504,245.56,167.75,-143.84,-44.262,207.6,-73.792,-30.82,88.214,264.46,319.96,289.26
23.268,237.13,160.26,-138.79,-42.194,200,-72.776,-31.673,84.629,256.09,309.24,279.57
18.909,228.06,152.46,-133.06,-40.723,191.9,-71.143,-32.418,80.958,247.34,297.85,269.31
13.922,218.61,144.62,-126.78,-39.834,183.52,-68.707,-33.049,77.247,238.38,286.03,258.65
9.035,209.08,136.9,-120.31,-39.146,175.02,-65.375,-33.547,73.537,229.28,273.99,247.75
5.0393,199.76,129.31,-114.17,-38.045,166.57,-61.305,-33.875,69.836,220.04,261.87,236.67
2.6686,190.83,121.81,-108.83,-36.005,158.27,-56.838,-33.988,66.111,210.59,249.71,225.44
2.4449,182.34,114.31,-104.56,-32.806,150.17,-52.212,-33.836,62.273,200.78,237.5,214.05
4.4749,174.22,106.74,-101.27,-28.538,142.3,-47.462,-33.387,58.203,190.47,225.19,202.52
8.3259,166.33,99.076,-98.569,-23.5,134.67,-42.55,-32.642,53.786,179.56,212.74,190.88
13.137,158.6,91.349,-95.852,-18.138,127.19,-37.479,-31.641,48.976,168,200.14,179.22
17.898,151.01,83.668,-92.436,-12.996,119.72,-32.303,-30.452,43.853,155.86,187.42,167.63
21.689,143.47,76.2,-87.769,-8.6308,112.09,-27.105,-29.156,38.626,143.26,174.63,156.19
23.788,135.64,69.093,-81.737,-5.506,104.14,-21.977,-27.829,33.553,130.37,161.76,144.94
23.728,127.22,62.415,-74.822,-3.897,95.901,-17.036,-26.536,28.833,117.37,148.78,133.81
21.363,118.29,56.132,-67.736,-3.8351,87.518,-12.437,-25.322,24.55,104.48,135.66,122.72
16.906,109.13,50.167,-60.887,-5.1014,79.159,-8.3438,-24.215,20.681,91.938,122.41,111.58
10.86,99.981,44.479,-54.255,-7.2667,70.931,-4.8632,-23.222,17.145,79.968,109.14,100.41
3.9045,90.792,39.108,-47.585,-9.8003,62.886,-1.9868,-22.337,13.865,68.795,96.054,89.295
-3.1982,81.363,34.131,-40.599,-12.191,55.062,0.4027,-21.552,10.771,58.588,83.429,78.423
-9.7092,71.472,29.582,-33.137,-14.018,47.506,2.458,-20.873,7.8102,49.426,71.552,67.975
-15.02,61.068,25.415,-25.257,-14.987,40.285,4.302,-20.314,4.9426,41.28,60.64,58.106
-18.726,50.375,21.532,-17.339,-14.964,33.486,6.0123,-19.894,2.1409,34.04,50.782,48.885
-20.678,39.894,17.831,-10.068,-13.984,27.183,7.64,-19.627,-0.61186,27.533,41.913,40.327
-20.999,30.251,14.243,-4.1526,-12.246,21.415,9.2361,-19.522,-3.3279,21.621,33.932,32.447
-20.033,21.934,10.753,0.10266,-10.056,16.196,10.864,-19.589,-6.03,16.188,26.734,25.277
-18.258,15.093,7.3971,2.8908,-7.7463,11.516,12.585,-19.838,-8.7468,11.146,20.234,18.857
-16.167,9.5575,4.2429,4.664,-5.5932,7.342,14.431,-20.278,-11.502,6.4177,14.365,13.191
-14.149,5.0089,1.3525,5.8487,-3.7691,3.6216,16.387,-20.909,-14.291,1.9458,9.0624,8.2254
-12.436,1.1585,-1.2352,6.7372,-2.3333,0.29349,18.397,-21.716,-17.075,-2.3039,4.256,3.8663
-11.168,-2.1846,-3.5211,7.5165,-1.2685,-2.6997,20.376,-22.679,-19.787,-6.3238,-0.10528,0.012552
-10.448,-5.1307,-5.5369,8.32,-0.54134,-5.3976,22.216,-23.787,-22.358,-10.085,-4.0553,-3.4148
-10.378,-7.7501,-7.323,9.2594,-0.15705,-7.8256,23.794,-25.056,-24.744,-13.55,-7.5969,-6.4634
-11.081,-10.108,-8.9068,10.443,-0.18153,-9.9969,24.996,-26.52,-26.941,-16.693,-10.711,-9.1539
-12.722,-12.283,-10.296,11.986,-0.70708,-11.925,25.743,-28.216,-28.979,-19.516,-13.375,-11.491
-15.429,-14.358,-11.502,13.976,-1.7836,-13.634,26.013,-30.158,-30.911,-22.042,-15.576,-13.479
-19.147,-16.389,-12.549,16.412,-3.3537,-15.16,25.848,-32.319,-32.794,-24.32,-17.337,-15.132
-23.551,-18.375,-13.486,19.154,-5.2241,-16.537,25.332,-34.632,-34.676,-26.411,-18.726,-16.487
-28.062,-20.242,-14.368,21.927,-7.0817,-17.781,24.561,-36.998,-36.588,-28.383,-19.85,-17.6
-31.964,-21.866,-15.246,24.364,-8.5466,-18.887,23.625,-39.311,-38.538,-30.298,-20.835,-18.541
-34.554,-23.113,-16.156,26.092,-9.2562,-19.839,22.606,-41.485,-40.512,-32.189,-21.796,-19.369
-35.289,-23.898,-17.117,26.825,-8.9567,-20.631,21.596,-43.479,-42.478,-34.058,-22.805,-20.118
-33.917,-24.228,-18.144,26.442,-7.5718,-21.292,20.689,-45.309,-44.406,-35.883,-23.889,-20.801
-30.547,-24.213,-19.243,25.026,-5.2193,-21.887,19.945,-47.049,-46.29,-37.645,-25.044,-21.427
-25.651,-24.019,-20.417,22.84,-2.1778,-22.498,19.363,-48.801,-48.156,-39.347,-26.26,-22.023
-19.977,-23.796,-21.669,20.25,1.1789,-23.185,18.902,-50.649,-50.053,-41.025,-27.546,-22.636
-14.387,-23.624,-23.003,17.642,4.4592,-23.968,18.521,-52.605,-52.026,-42.731,-28.93,-23.324
-9.6641,-23.506,-24.435,15.339,7.3264,-24.826,18.227,-54.589,-54.094,-44.533,-30.461,-24.144
-6.3742,-23.417,-25.971,13.567,9.5482,-25.718,18.085,-56.451,-56.25,-46.513,-32.208,-25.149
-4.7896,-23.343,-27.574,12.446,11.019,-26.59,18.208,-58.015,-58.477,-48.758,-34.247,-26.388
-4.8314,-23.31,-29.134,12.017,11.758,-27.379,18.74,-59.147,-60.771,-51.354,-36.659,-27.903
-6.1091,-23.375,-30.448,12.261,11.891,-28.011,19.867,-59.787,-63.136,-54.352,-39.495,-29.719
-8.0711,-23.601,-31.267,13.092,11.588,-28.41,21.776,-59.915,-65.565,-57.74,-42.757,-31.825
-10.095,-24.023,-31.358,14.327,11.025,-28.5,23.484,-59.522,-67.985,-61.433,-46.37,-34.155
-11.625,-24.597,-30.579,15.724,10.401,-28.195,20.995,-58.623,-70.226,-65.301,-50.174,-36.564
-12.484,-25.162,-28.929,17.062,9.9435,-27.379,18.001,-57.458,-71.99,-69.145,-53.861,-38.764
-12.982,-25.42,-26.541,18.209,9.8257,-25.904,19.332,-57.978,-72.763,-72.446,-56.785,-40.238
-13.334,-24.941,-23.57,19.112,10.017,-23.611,26.134,-69.986,-71.872,-73.905,-57.764,-40.192
-13.385,-23.22,-20.026,19.769,10.005,-20.402,39.42,-80.839,-74.681,-72.015,-55.495,-37.92
-13.991,-19.953,-15.617,20.19,8.5681,-16.566,59.632,-75.334,-95.792,-77.417,-54.918,-36.495
-17.851,-19.881,-9.7819,21.111,4.4454,-14.515,85.857,-65.96,-103.54,-114.93,-94.676,-67.088
-30.937,-47.332,-1.9285,40.983,-2.8188,-20.86,115.91,-54.545,-112.27,-144.86,-126.21,-96.866
-62.488,-65.007,8.3676,65.639,-12.916,-29.262,147.25,-41.839,-120.52,-174.31,-152.37,-115.54
-88.081,-70.263,21.29,80.245,-25.195,-26.286,177.53,-27.239,-124.57,-196.08,-169.57,-126.94
-108.53,-66.266,36.771,87.762,-37.644,-14.113,205.33,-6.4458,-118.41,-200.22,-169.47,-125.17
-120.42,-48.626,55.096,83.627,-47.114,6.1947,231.15,27.383,-93.48,-175.57,-143.5,-103.86
-119.14,-13.362,76.108,63.638,-53.037,35.808,256.26,76.864,-40.2,-111.55,-84.238,-57.691
-99.93,41.188,97.064,25.483,-61.792,74.975,281.36,146.22,48.851,-0.38955,13.397,16.308
-58.138,113.64,115.95,-30.991,-77.148,122.17,304.95,242.66,177.57,161.17,151.98,118.59
7.2353,200.43,132.55,-104.86,-62.445,175.26,324.1,362.39,344.78,372.76,331.01,247.6
92.235,298.51,148.81,-194.15,-29.095,233.27,336.97,492.03,540.77,627.96,543.62,398.86
188.24,406.08,168.78,-294.14,10.002,296.69,339.54,612.05,748.79,909.39,776.03,563.97
282.46,519.47,197.22,-396.44,45.066,366.63,327.85,697.74,949.71,1196.2,1012.5,732.2
360.38,631.99,239.39,-490.6,64.763,443.29,308.07,730.56,1128.4,1472,1238.5,892.64
408.69,735.51,300.06,-566.56,59.974,525.14,290,709.07,1275.1,1721.1,1440.5,1034.6
418.19,822.17,379.22,-616.2,26.969,608.44,280.58,643.3,1382.3,1925.8,1603.5,1147.4
386.69,884.71,471.53,-634.3,-32.439,686.83,281.36,547.09,1441.7,2065.5,1711.4,1220.6
319.88,916.99,569.02,-619.35,-111.83,751.93,287.78,433.03,1443.6,2118.8,1748.9,1245.2
228.35,914.95,659.01,-573.58,-201.59,794.72,291.45,309.65,1378.8,2068.6,1705.2,1216
124.01,877.36,727.4,-502.36,-289.32,807.84,284.32,180.42,1242.9,1908.2,1578.6,1133
18.368,806.15,763.29,-413.5,-361.25,787.56,261,46.166,1041,1646.5,1378.4,1002.7
-78.376,706.65,761.59,-315.75,-409.41,734.81,219.97,-89.811,789.19,1309,1124.5,837.01
-158.74,587.54,723.8,-217.26,-431.42,655.06,164.8,-221.91,513.39,933.21,843.77,651.47
-218.83,460.1,656.81,-124.27,-429.33,557.35,103.03,-344.36,241.27,561.56,565.23,463.19
-258.66,336.08,570.72,-42.301,-407.62,452.49,43.096,-447.75,-2.5208,233.79,315.54,288.64
-279.78,224.88,476.49,21.86,-371.75,350.83,-7.4288,-519.55,-196.04,-21.215,113.64,140.69
-282.73,131.16,383.94,68.507,-327.21,260.31,-43.183,-551.33,-325.91,-189.38,-29.423,26.27
-268.68,60.333,300.33,97.615,-278.94,184.68,-60.634,-540.88,-390.2,-274.54,-107.13,-46.775
-240.84,15.498,229.68,109.01,-231.02,124.23,-59.039,-491.42,-396.3,-292.01,-134.06,-81.065
-203.64,-7.6085,172.38,104.89,-186.27,79.691,-42.889,-412.03,-357.23,-261.19,-128.96,-88.034
-161.94,-15.325,126.67,89.836,-146.87,50.166,-19.953,-317.27,-288.28,-203.15,-107.97,-79.347
-120.94,-14.382,91.055,68.032,-113.55,32.38,3.9803,-218.88,-206.17,-140.44,-83.347,-64.569
-86.466,-10.726,64.219,35.252,-85.153,22.478,15.178,-125.31,-127.36,-90.202,-62.329,-50.192
-62.698,-5.4027,44.887,26.703,-61.751,16.9,13.857,-48.641,-68.116,-57.922,-46.541,-37.263
-47.953,2.4272,31.681,26.851,-43.753,14.338,13.622,2.6075,-34.723,-61.905,-40.207,-24.548
-38.783,-5.4626,22.457,27.632,-30.807,16.947,14.323,26.677,-23.015,-74.885,-52.475,-32.705
-33.744,-14.436,17.792,28.583,-21.766,11.109,15.259,32.341,-25.852,-77.616,-59.855,-39.811
-32.882,-21.197,15.776,29.681,-15.759,-0.58252,15.923,28.655,-32.757,-78.766,-63.05,-43.805
-36.448,-26.405,7.3627,30.985,-14.734,-9.7306,16.279,21.538,-40.186,-78.282,-63.718,-45.543
-39.346,-30.616,-1.9901,32.551,-16.932,-16.578,16.451,14.435,-48.378,-75.618,-63.191,-46.015
-38.738,-34.228,-9.2776,34.304,-15.314,-21.995,16.45,8.8955,-52.789,-72.331,-62.486,-46.043
-37.704,-37.452,-14.848,36.005,-12.748,-26.438,16.242,1.1849,-48.814,-69.98,-62.257,-46.192
-36.781,-40.332,-19.262,37.353,-10.26,-30.163,15.855,2.525,-45.694,-69.04,-62.761,-46.749
-35.4,-42.809,-22.913,38.11,-7.7903,-33.337,15.413,5.8631,-44.217,-69.343,-63.92,-47.748
-33.297,-44.804,-26.079,38.171,-5.3153,-36.089,15.061,7.7053,-43.858,-70.472,-65.46,-49.056
-30.655,-46.283,-28.957,37.574,-2.9845,-38.529,14.888,8.4756,-44.142,-71.986,-67.072,-50.476
-27.902,-47.28,-31.672,36.466,-1.032,-40.745,14.916,8.7155,-44.684,-73.53,-68.517,-51.829
-25.474,-47.865,-34.283,35.045,0.34507,-42.778,15.123,8.8332,-45.209,-74.872,-69.672,-52.993
-23.642,-48.119,-36.786,33.506,1.0917,-44.618,15.47,9.075,-45.528,-75.884,-70.504,-53.907
-22.434,-48.105,-39.14,31.988,1.3563,-46.214,15.914,9.5744,-45.53,-76.51,-71.03,-54.551
-21.643,-47.871,-41.31,30.552,1.4883,-47.52,16.404,10.383,-45.181,-76.742,-71.278,-54.934
-20.89,-47.462,-43.314,29.185,1.956,-48.526,16.88,11.474,-44.523,-76.613,-71.278,-55.085
-19.744,-46.932,-45.237,27.832,3.2052,-49.275,17.27,12.756,-43.662,-76.192,-71.061,-55.053
-17.855,-46.364,-47.198,26.451,5.5211,-49.853,17.504,14.092,-42.739,-75.569,-70.673,-54.903
-15.074,-45.857,-49.284,25.049,8.9414,-50.364,17.529,15.336,-41.884,-74.837,-70.177,-54.701
-11.517,-45.499,-51.509,23.695,13.237,-50.891,17.334,16.373,-41.186,-74.064,-69.642,-54.502
-7.5767,-45.347,-53.8,22.504,17.956,-51.48,16.95,17.148,-40.664,-73.284,-69.13,-54.334
-3.8509,-45.417,-56.036,21.611,22.524,-52.141,16.443,17.679,-40.276,-72.501,-68.675,-54.208
-0.98024,-45.705,-58.11,21.122,26.373,-52.884,15.882,18.039,-39.948,-71.7,-68.276,-54.127
0.5492,-46.2,-59.982,21.08,29.09,-53.748,15.321,18.323,-39.61,-70.884,-67.919,-54.096
0.56031,-46.9,-61.685,21.443,30.513,-54.796,14.776,18.6,-39.234,-70.083,-67.595,-54.13
-0.77176,-47.814,-63.291,22.091,30.75,-56.097,14.229,18.887,-38.845,-69.361,-67.315,-54.251
-2.9925,-48.956,-64.865,22.856,30.094,-57.687,13.633,19.144,-38.512,-68.796,-67.11,-54.475
-5.5085,-50.341,-66.445,23.569,28.933,-59.549,12.939,19.3,-38.312,-68.446,-67.011,-54.797
-7.7285,-51.963,-68.056,24.116,27.685,-61.613,12.115,19.306,-38.276,-68.306,-67.012,-55.175
-9.1928,-53.774,-69.714,24.48,26.745,-63.773,11.174,19.181,-38.361,-68.29,-67.057,-55.528
-9.6952,-55.69,-71.42,24.742,26.418,-65.914,10.177,19.024,-38.447,-68.238,-67.024,-55.745
-9.331,-57.625,-73.156,25.05,26.867,-67.937,9.21,18.983,-38.381,-67.967,-66.774,-55.716
-8.4276,-59.528,-74.918,25.567,28.087,-69.763,8.3504,19.186,-38.044,-67.343,-66.197,-55.371
-7.409,-61.395,-76.731,26.425,29.925,-71.368,7.6305,19.684,-37.407,-66.326,-65.258,-54.702
-6.6586,-63.248,-78.639,27.69,32.137,-72.779,7.0273,20.429,-36.542,-64.981,-64.007,-53.775
-6.4113,-65.098,-80.657,29.331,34.46,-74.05,6.4795,21.311,-35.576,-63.44,-62.557,-52.692
-6.6985,-66.902,-82.727,31.205,36.676,-75.205,5.9257,22.224,-34.623,-61.836,-61.032,-51.553
-7.3582,-68.531,-84.713,33.067,38.638,-76.211,5.3427,23.123,-33.719,-60.245,-59.52,-50.403
-8.0986,-69.78,-86.432,34.605,40.263,-76.971,4.7597,24.043,-32.82,-58.66,-58.034,-49.219
-8.5906,-70.431,-87.699,35.517,41.5,-77.374,4.2425,25.064,-31.825,-57.006,-56.524,-47.924
-8.5621,-70.353,-88.359,35.601,42.309,-77.345,3.853,26.249,-30.639,-55.187,-54.907,-46.433
-7.8725,-69.563,-88.319,34.815,42.643,-76.888,3.6093,27.603,-29.222,-53.136,-53.108,-44.695
-6.5469,-68.225,-87.56,33.283,42.457,-76.085,3.4717,29.064,-27.611,-50.848,-51.09,-42.715
-4.7632,-66.557,-86.137,31.239,41.72,-75.046,3.3581,30.532,-25.897,-48.382,-48.871,-40.539
-2.796,-64.731,-84.162,28.948,40.439,-73.852,3.1779,31.916,-24.184,-45.821,-46.504,-38.239
-0.94664,-62.796,-81.779,26.641,38.671,-72.517,2.8675,33.171,-22.54,-43.241,-44.048,-35.878
0.51242,-60.694,-79.138,24.482,36.533,-70.985,2.411,34.31,-20.962,-40.661,-41.546,-33.482
1.3702,-58.34,-76.391,22.554,34.188,-69.182,1.8438,35.399,-19.376,-38.031,-38.995,-31.035
1.5032,-55.695,-73.699,20.891,31.825,-67.084,1.2321,36.522,-17.663,-35.252,-36.352,-28.484
0.91089,-52.812,-71.23,19.517,29.637,-64.759,0.63796,37.727,-15.722,-32.227,-33.564,-25.78
-0.24176,-49.827,-69.146,18.491,27.793,-62.361,0.084988,38.979,-13.512,-28.914,-30.607,-22.916
-1.6207,-46.924,-67.576,17.866,26.436,-60.071,-0.45664,40.17,-11.09,-25.359,-27.508,-19.945
-2.792,-44.279,-66.578,17.6,25.686,-58.032,-1.0557,41.166,-8.5743,-21.665,-24.322,-16.952
-3.3188,-41.968,-66.123,17.489,25.646,-56.309,-1.7863,41.89,-6.0893,-17.932,-21.096,-14.02
-2.8179,-39.903,-66.108,17.197,26.413,-54.861,-2.6954,42.351,-3.6998,-14.21,-17.846,-11.193
-0.982,-37.868,-66.384,16.355,28.061,-53.555,-3.7892,42.635,-1.38,-10.48,-14.556,-8.4701
2.3904,-35.597,-66.792,14.664,30.617,-52.215,-5.0446,42.858,0.97723,-6.6669,-11.18,-5.8037
7.346,-32.886,-67.188,11.964,34.021,-50.683,-6.4373,43.116,3.5217,-2.6592,-7.6516,-3.1064
13.733,-29.656,-67.451,8.2692,38.105,-48.86,-7.9745,43.448,6.3964,1.6718,-3.8805,-0.25189
21.18,-25.963,-67.49,3.7542,42.579,-46.73,-9.708,43.828,9.6987,6.4668,0.25209,2.9259
29.116,-21.942,-67.237,-1.3058,47.054,-44.343,-11.714,44.18,13.459,11.887,4.9093,6.6414
36.864,-17.734,-66.641,-6.6083,51.086,-41.768,-14.064,44.42,17.641,18.125,10.322,11.169
43.82,-13.423,-65.645,-11.904,54.245,-39.035,-16.819,44.501,22.16,25.399,16.802,16.834
49.585,-9.013,-64.169,-17.068,56.195,-36.107,-20.062,44.424,26.921,33.894,24.707,23.941
54.009,-4.4349,-62.119,-22.155,56.74,-32.887,-23.915,44.227,31.846,43.666,34.331,32.618
57.163,0.44276,-59.426,-27.412,55.858,-29.284,-28.539,43.941,36.887,54.582,45.755,42.708
59.275,5.7948,-56.095,-33.241,53.694,-25.269,-34.063,43.558,42.018,66.359,58.747,53.822
60.643,11.824,-52.225,-40.042,50.541,-20.906,-40.439,43.031,47.207,78.685,72.812,65.531
61.515,18.745,-47.982,-47.895,46.817,-16.319,-47.301,42.293,52.392,91.309,87.387,77.51
62.051,26.751,-43.532,-56.309,43.025,-11.627,-54.101,41.273,57.485,104.06,102.03,89.556
62.385,35.927,-38.99,-64.44,39.665,-6.8748,-60.519,39.925,62.395,116.81,116.5,101.55
62.71,46.122,-34.409,-71.687,37.132,-2.0018,-66.657,38.236,67.057,129.46,130.73,113.42
63.295,56.93,-29.811,-77.988,35.635,3.14,-72.807,36.233,71.439,141.93,144.73,125.15
64.462,67.896,-25.227,-83.659,35.149,8.7533,-79.142,33.979,75.54,154.15,158.54,136.74
66.467,78.774,-20.701,-89.117,35.413,15.065,-85.612,31.562,79.384,166.07,172.17,148.22
69.375,89.553,-16.25,-94.697,35.985,22.299,-92.054,29.071,83.007,177.63,185.62,159.67
72.975,100.29,-11.819,-100.56,36.39,30.627,-98.349,26.578,86.458,188.8,198.88,171.16
76.799,110.92,-7.2571,-106.68,36.266,40.069,-104.5,24.127,89.781,199.55,211.96,182.71
80.23,121.28,-2.3649,-112.79,35.383,50.395,-110.54,21.719,92.996,209.85,224.84,194.29
82.684,131.15,3.0586,-118.52,33.546,61.125,-116.48,19.32,96.091,219.68,237.48,205.77
83.761,140.37,9.1895,-123.53,30.587,71.724,-122.28,16.881,99.027,228.97,249.81,216.97
83.316,148.86,16.198,-127.64,26.43,81.86,-127.89,14.373,101.76,237.69,261.78,227.74
81.467,156.69,24.26,-130.9,21.172,91.501,-133.31,11.794,104.26,245.81,273.33,238.01
78.551,164.07,33.505,-133.51,15.122,100.8,-138.55,9.1662,106.52,253.36,284.43,247.77
75.069,171.28,43.874,-135.74,8.7836,109.91,-143.63,6.5072,108.54,260.39,295.09,257.08
71.61,178.6,55.039,-137.83,2.7516,118.85,-148.48,3.8232,110.32,266.98,305.27,266.04
68.701,186.13,66.5,-139.93,-2.4948,127.53,-152.92,1.1077,111.87,273.17,314.94,274.69
66.65,193.81,77.756,-142.06,-6.808,135.84,-156.73,-1.6549,113.16,278.98,324.04,283.02
65.468,201.42,88.349,-144.15,-10.428,143.7,-159.8,-4.4898,114.15,284.37,332.49,290.93
64.883,208.65,97.891,-146.02,-13.819,151.13,-162.2,-7.4347,114.77,289.27,340.13,298.25
64.353,215.31,106.18,-147.47,-17.408,158.12,-164.11,-10.535,114.95,293.55,346.82,304.8
63.214,221.33,113.22,-148.41,-21.335,164.64,-165.74,-13.827,114.64,297.14,352.39,310.42
61.134,226.8,119.04,-149,-25.351,170.61,-167.3,-17.315,113.83,299.97,356.78,314.98
58.595,231.95,123.65,-149.63,-28.937,175.94,-168.9,-20.955,112.55,302.07,360.02,318.49
56.752,236.97,127.1,-150.82,-31.488,180.6,-170.57,-24.659,110.92,303.5,362.27,321
56.742,241.94,129.55,-152.96,-32.483,184.57,-172.22,-28.311,109.02,304.34,363.7,322.65
59.236,246.75,131.22,-156.18,-31.706,187.89,-173.69,-31.793,106.97,304.66,364.46,323.57
64.365,251.12,132.32,-160.22,-29.236,190.62,-174.73,-35.007,104.82,304.5,364.67,323.87
71.722,254.67,133,-164.52,-25.276,192.78,-175.11,-37.886,102.59,303.88,364.37,323.6
80.302,257.14,133.4,-168.41,-20.151,194.42,-174.6,-40.389,100.31,302.8,363.58,322.8
88.469,258.44,133.63,-171.23,-14.558,195.55,-173.02,-42.495,97.997,301.25,362.29,321.45
94.285,258.63,133.85,-172.55,-9.6239,196.22,-170.29,-44.204,95.662,299.22,360.47,319.55
96.337,257.84,134.18,-172.13,-6.5984,196.44,-166.45,-45.525,93.312,296.67,358.06,317.07
94.208,256.13,134.75,-169.94,-6.4958,196.19,-161.59,-46.48,90.938,293.54,354.98,313.95
88.126,253.49,135.62,-166.02,-9.7705,195.41,-155.83,-47.085,88.519,289.74,351.08,310.08
78.58,249.87,136.74,-160.52,-16.128,194.04,-149.28,-47.35,86.029,285.21,346.21,305.36
66.416,245.22,137.99,-153.83,-24.62,192.07,-142.06,-47.275,83.448,279.87,340.25,299.67
53.027,239.62,139.14,-146.52,-33.925,189.48,-134.35,-46.865,80.764,273.72,333.12,292.97
40.132,233.19,139.9,-139.29,-42.652,186.28,-126.34,-46.141,77.975,266.79,324.86,285.3
29.274,226.18,140.05,-132.69,-49.66,182.48,-118.3,-45.15,75.093,259.17,315.61,276.78
21.271,218.79,139.45,-126.95,-54.319,178.1,-110.46,-43.954,72.135,250.99,305.55,267.59
15.847,211.19,138.05,-122.01,-56.537,173.22,-102.97,-42.613,69.12,242.38,294.86,257.9
11.964,203.5,135.82,-117.66,-56.569,167.94,-95.841,-41.172,66.063,233.44,283.7,247.88
8.8862,195.78,132.75,-113.66,-54.827,162.37,-88.865,-39.647,62.979,224.26,272.16,237.63
6.7776,188.09,128.9,-109.69,-51.841,156.63,-81.741,-38.032,59.879,214.86,260.33,227.23
6.02,180.46,124.41,-105.37,-48.212,150.76,-74.212,-36.306,56.76,205.24,248.26,216.7
6.4737,172.95,119.46,-100.53,-44.361,144.81,-66.239,-34.458,53.586,195.37,236,206.06
7.7199,165.62,114.1,-95.356,-40.31,138.75,-58.01,-32.498,50.301,185.17,223.6,195.3
9.5114,158.47,108.29,-90.174,-35.871,132.58,-49.782,-30.459,46.842,174.59,211.09,184.47
11.7,151.5,102.03,-85.189,-31.071,126.29,-41.738,-28.398,43.161,163.55,198.52,173.63
13.998,144.57,95.35,-80.405,-26.251,119.83,-33.992,-26.388,39.234,151.99,185.92,162.82
15.926,137.46,88.372,-75.578,-21.89,113.06,-26.659,-24.505,35.076,139.84,173.24,152.05
16.891,129.8,81.239,-70.277,-18.553,105.78,-19.884,-22.801,30.759,127.04,160.41,141.27
16.335,121.21,74.169,-64.084,-16.792,97.755,-13.825,-21.286,26.416,113.61,147.29,130.35
13.933,111.41,67.408,-56.832,-16.906,88.891,-8.6075,-19.939,22.205,99.733,133.78,119.17
9.7256,100.46,61.158,-48.718,-18.823,79.329,-4.2818,-18.728,18.251,85.901,119.84,107.69
4.1032,88.782,55.483,-40.215,-22.095,69.499,-0.79218,-17.642,14.607,72.778,105.66,95.951
-2.3179,76.993,50.302,-31.854,-25.994,59.955,2.0071,-16.697,11.255,60.961,91.687,84.223
-8.8293,65.628,45.455,-24.031,-29.683,51.128,4.2823,-15.928,8.1332,50.736,78.452,72.876
-14.751,55.001,40.796,-16.945,-32.429,43.202,6.1599,-15.363,5.1702,42.058,66.377,62.265
-19.549,45.218,36.242,-10.634,-33.771,36.171,7.7199,-15.013,2.3051,34.693,55.653,52.621
-22.928,36.269,31.768,-5.0532,-33.561,29.941,9.0214,-14.863,-0.5012,28.362,46.269,44.023
-24.85,28.117,27.395,-0.15614,-31.942,24.404,10.125,-14.873,-3.2633,22.822,38.11,36.447
-25.483,20.776,23.183,4.057,-29.279,19.48,11.103,-14.982,-5.9714,17.894,31.025,29.809
-25.108,14.346,19.209,7.5277,-26.061,15.126,12.044,-15.11,-8.5924,13.459,24.869,24.015
-24.058,8.9889,15.534,10.181,-22.763,11.336,13.048,-15.167,-11.074,9.4579,19.526,18.988
-22.656,4.84,12.186,11.967,-19.721,8.1168,14.213,-15.075,-13.354,5.8698,14.908,14.679
-21.098,1.9136,9.1695,12.878,-17.068,5.463,15.604,-14.796,-15.387,2.6929,10.945,11.046
-19.371,0.068726,6.5073,12.951,-14.799,3.3292,17.228,-14.36,-17.16,-0.087062,7.5654,8.0262
-17.34,-0.95489,4.242,12.266,-12.878,1.6256,19.023,-13.845,-18.701,-2.5118,4.6869,5.5257
-14.926,-1.4454,2.4059,10.956,-11.279,0.23719,20.875,-13.346,-20.051,-4.6432,2.2173,3.432
-12.224,-1.6269,0.99021,9.2017,-9.9939,-0.93637,22.659,-12.922,-21.246,-6.5431,0.07345,1.6443
-9.5037,-1.6249,-0.052048,7.2338,-9.055,-1.9451,24.264,-12.572,-22.295,-8.2586,-1.806,0.091966
-7.1579,-1.4931,-0.79276,5.3105,-8.5237,-2.79,25.606,-12.258,-23.206,-9.8236,-3.4612,-1.2657
-5.6015,-1.2628,-1.3232,3.677,-8.4452,-3.4603,26.624,-11.948,-24.002,-11.263,-4.9167,-2.4509
-5.1396,-0.98585,-1.7535,2.5303,-8.8015,-3.9708,27.282,-11.648,-24.723,-12.59,-6.1824,-3.4765
-5.8472,-0.75545,-2.2016,2.0027,-9.4843,-4.3745,27.572,-11.403,-25.404,-13.793,-7.2504,-4.3475
-7.5223,-0.69646,-2.7702,2.1501,-10.286,-4.7489,27.517,-11.272,-26.058,-14.839,-8.0992,-5.065
-9.7369,-0.92687,-3.5308,2.9327,-10.914,-5.1766,27.143,-11.31,-26.67,-15.695,-8.7152,-5.6369
-11.939,-1.5125,-4.5311,4.1927,-11.053,-5.7314,26.466,-11.571,-27.234,-16.368,-9.1199,-6.0935
-13.554,-2.443,-5.8101,5.663,-10.443,-6.4725,25.488,-12.099,-27.77,-16.922,-9.3863,-6.4922
-14.096,-3.6413,-7.3931,7.0305,-8.9352,-7.4332,24.225,-12.918,-28.335,-17.471,-9.6243,-6.9005
-13.313,-4.9983,-9.2595,8.0384,-6.545,-8.6076,22.736,-14.019,-29,-18.132,-9.9444,-7.3661
-11.286,-6.4147,-11.314,8.5722,-3.4918,-9.9471,21.106,-15.354,-29.817,-18.977,-10.421,-7.8961
-8.4208,-7.8306,-13.396,8.6847,-0.17532,-11.379,19.417,-16.859,-30.814,-20.032,-11.079,-8.4669
-5.3476,-9.2325,-15.336,8.5574,2.9157,-12.84,17.714,-18.487,-32.002,-21.301,-11.922,-9.0556
-2.7615,-10.641,-17.02,8.4254,5.316,-14.305,16.002,-20.223,-33.395,-22.809,-12.961,-9.678
-1.2585,-12.091,-18.426,8.5032,6.6853,-15.793,14.256,-22.074,-35.013,-24.632,-14.246,-10.402
-1.1906,-13.617,-19.618,8.9323,6.8766,-17.355,12.462,-24.039,-36.882,-26.882,-15.867,-11.328
-2.5754,-15.239,-20.688,9.7567,5.9569,-19.035,10.644,-26.086,-39.025,-29.672,-17.924,-12.554
-5.0931,-16.953,-21.692,10.922,4.1841,-20.824,8.8777,-28.151,-41.463,-33.068,-20.49,-14.142
-8.1786,-18.721,-22.594,12.293,1.9528,-22.635,7.2642,-30.162,-44.22,-37.05,-23.583,-16.103
-11.167,-20.477,-23.264,13.698,-0.29534,-24.314,5.9035,-32.043,-47.301,-41.48,-27.124,-18.386
-13.449,-22.148,-23.529,14.988,-2.1732,-25.674,4.8921,-33.692,-50.623,-46.115,-30.935,-20.884
-14.657,-23.661,-23.259,16.112,-3.4033,-26.543,4.3437,-34.905,-53.929,-50.674,-34.773,-23.431
-14.82,-24.93,-22.431,17.129,-3.8354,-26.789,4.3978,-35.328,-56.73,-54.908,-38.374,-25.819
-14.304,-25.833,-21.149,18.158,-3.5002,-26.332,5.1474,-34.541,-58.305,-58.447,-41.32,-27.719
-13.634,-26.175,-19.573,19.307,-2.687,-25.13,6.3472,-33.284,-57.809,-60.354,-42.728,-28.553
-13.573,-25.679,-17.804,20.603,-1.9452,-23.161,6.8643,-50.593,-56.844,-59.306,-41.506,-27.673
-15.173,-24.098,-15.779,21.961,-1.9295,-20.431,6.1228,-60.291,-78.073,-62.667,-41.803,-26.894
-19.168,-22.811,-13.251,23.953,-3.1623,-17.17,7.3326,-52.326,-88.192,-102.77,-82.427,-52.115
-28.289,-36.633,-9.8325,39.6,-5.8591,-15.092,12.893,-42.422,-97.463,-133.81,-117.98,-89.196
-59.225,-62.336,-5.0691,66.461,-9.9914,-20.14,23.234,-33.14,-106.97,-164.2,-146.18,-110.6
-84.023,-72.783,1.5336,81.443,-15.347,-29.902,38.489,-24.932,-113.7,-187.81,-165.94,-125.27
-99.79,-75.179,10.456,90.051,-20.905,-29.803,59.413,-13.287,-111.67,-195.21,-169.05,-127.67
-105.57,-67.493,21.961,88.458,-24.415,-20.114,86.364,10.344,-91.889,-175.22,-146.81,-111.64
-97.596,-45.347,36.619,72.267,-24.721,-2.5078,114.71,55.105,-43.938,-116.48,-91.31,-71.528
-73.63,-4.9473,55.434,38.213,-24.185,24.026,138.94,125.46,40.654,-10.46,2.704,-3.4778
-31.354,55.4,75.55,-15.142,-30.279,60.245,160.83,222.58,166.18,144.15,136.49,93.692
30.093,134.76,95.009,-87.475,-41.323,105.69,184.23,344.38,329.32,341.27,307.1,218.38
108.22,230.17,113.57,-175.94,-17.411,159.18,207.91,477.98,518.19,573.31,507.6,365.76
196.83,336.93,131.9,-274.65,17.533,219.94,227.06,602.12,719.28,833.08,728.5,527.77
285.79,448.85,152.46,-375.34,51.681,287.56,239.06,693.93,917.22,1109.2,958.41,694.71
362.51,559.34,180.13,-468.55,75.577,360.97,242.64,737.35,1095.6,1386,1185,856.7
414.37,661.87,222.59,-544.93,80.54,438.55,239.04,728.57,1243.5,1646.7,1395,1003.7
431.24,749.62,287.25,-596.39,59.552,518,231.28,676.21,1355.6,1874.7,1574,1125.2
408.24,815.68,373.57,-617.36,9.9738,595.19,229.83,595.79,1428.3,2051.2,1705,1209.7
347.79,854.21,469.82,-606.09,-64.501,663.74,241.13,502.23,1456.7,2154.9,1770.9,1247.2
259.03,861.42,564.65,-565.02,-154.31,715.83,259.11,405.1,1433.3,2165.2,1758.5,1231.2
155.03,836,646.09,-499.91,-246.63,743.74,272.83,306.94,1350.2,2068.6,1663.4,1161.3
49.081,778.94,701.57,-417.94,-326.91,741.6,272.86,204.1,1204.2,1864.9,1492.2,1043.4
-48.257,693.34,722.01,-325.9,-384.8,707.03,253.61,91.821,1000.2,1570.8,1261.6,888.55
-130.56,584.81,704.44,-229.72,-416.18,642.24,213.41,-30.416,752.72,1217,994.79,710.69
-195.44,461.78,652.53,-134.71,-422.63,553.81,156.19,-157.06,483.88,841.94,717.65,524.84
-242.41,334.96,574.88,-47.267,-408.48,451.32,91.117,-278.97,218.84,484.73,455.16,346.03
-271.23,215.34,482.61,23.886,-378.54,345.73,28.286,-385.99,-18.226,177.73,228.13,187.8
-281.98,111.54,386.87,76.196,-337.86,247.31,-24.266,-467.41,-205.9,-58.028,49.062,59.164
-275.45,34.409,296.64,109.34,-291.26,162.85,-60.902,-513.74,-331,-212.5,-71.923,-31.784
-253.76,-12.551,217.71,123.72,-242.44,97.382,-78.542,-519.42,-391.79,-289.11,-134.69,-82.147
-220.38,-35.532,154.28,121.61,-194.22,53.505,-77.124,-484.42,-395.45,-299.94,-152.63,-100.09
-180.1,-42.342,107.91,107.36,-150.19,27.12,-60.8,-415.24,-354.14,-262.99,-140.91,-96.539
-138.89,-40.251,74.564,86.152,-115,12.344,-36.843,-323.69,-283.57,-200.3,-114.75,-82.136
-102.62,-35.21,50.173,57.987,-87.062,4.3643,-10.976,-223.91,-202.02,-135.62,-86.97,-65.567
-75.441,-30.475,32.456,43.881,-64.203,-0.603,10.675,-129.78,-125.58,-85.941,-65.234,-52.105
-57.505,-23.911,19.394,43.274,-46.41,-4.4609,14.387,-50.918,-67.914,-56.213,-48.69,-37.434
-46.234,-28.893,9.1398,43.73,-33.067,-5.2132,14.339,3.6256,-35.214,-66.866,-53.823,-39.445
-39.592,-37.386,4.6391,44.155,-22.578,-10.739,15.601,27.849,-23.156,-75.49,-63.441,-46.94
-36.587,-43.805,3.3121,44.637,-13.796,-19.015,17.025,32.716,-24.213,-76.636,-68.001,-51.094
-36.846,-48.436,-3.4555,45.196,-10.516,-25.656,17.484,28.573,-29.563,-76.78,-69.329,-52.674
-38.715,-51.837,-9.9912,45.747,-12.265,-30.799,17.414,21.606,-36.022,-75.623,-68.845,-52.748
-39.278,-54.457,-14.797,46.268,-11.063,-34.855,17.542,14.921,-43.458,-72.697,-67.598,-52.187
-39.321,-56.629,-18.166,46.826,-9.8605,-38.187,17.869,9.8629,-48.797,-69.36,-66.396,-51.655
-40.177,-58.593,-20.435,47.533,-10.105,-41.049,18.144,3.1808,-45.081,-67.042,-65.794,-51.578
-42.121,-60.488,-21.862,48.493,-11.891,-43.564,18.232,4.0542,-41.905,-66.264,-66.044,-52.12
-45.117,-62.378,-22.664,49.767,-14.876,-45.77,18.165,6.9567,-40.638,-66.933,-67.126,-53.222
-48.958,-64.283,-23.05,51.348,-18.498,-47.684,18.041,8.2213,-40.775,-68.665,-68.827,-54.69
-53.229,-66.214,-23.221,53.165,-22.094,-49.344,17.903,8.1883,-41.796,-70.974,-70.845,-56.3
-57.344,-68.165,-23.364,55.087,-25.036,-50.804,17.722,7.415,-43.221,-73.411,-72.889,-57.874
-60.657,-70.087,-23.633,56.937,-26.848,-52.11,17.449,6.3718,-44.681,-75.655,-74.746,-59.312
-62.65,-71.882,-24.133,58.512,-27.281,-53.28,17.049,5.3409,-45.951,-77.541,-76.307,-60.575
-63.081,-73.425,-24.906,59.63,-26.36,-54.306,16.509,4.4413,-46.939,-79.048,-77.558,-61.667
-62.065,-74.608,-25.929,60.181,-24.376,-55.17,15.836,3.6932,-47.657,-80.245,-78.548,-62.603
-60.028,-75.4,-27.134,60.186,-21.792,-55.872,15.051,3.0785,-48.17,-81.222,-79.348,-63.402
-57.543,-75.864,-28.442,59.806,-19.103,-56.441,14.173,2.5807,-48.551,-82.049,-80.023,-64.084
-55.13,-76.146,-29.809,59.277,-16.705,-56.953,13.217,2.1967,-48.854,-82.763,-80.613,-64.673
-53.091,-76.394,-31.241,58.806,-14.785,-57.496,12.193,1.9278,-49.103,-83.367,-81.136,-65.193
-51.431,-76.684,-32.776,58.465,-13.294,-58.139,11.124,1.769,-49.294,-83.85,-81.591,-65.661
-49.886,-76.973,-34.445,58.169,-12.019,-58.879,10.057,1.7102,-49.398,-84.195,-81.967,-66.082
-48.054,-77.115,-36.222,57.716,-10.709,-59.636,9.061,1.7517,-49.375,-84.383,-82.248,-66.437
-45.575,-76.925,-38.01,56.871,-9.1837,-60.277,8.2144,1.9103,-49.187,-84.382,-82.403,-66.686
-42.286,-76.261,-39.658,55.467,-7.3852,-60.666,7.5771,2.2182,-48.818,-84.171,-82.405,-66.778
-38.306,-75.092,-41.012,53.475,-5.3861,-60.731,7.1773,2.71,-48.288,-83.74,-82.237,-66.682
-34.001,-73.515,-41.993,51.025,-3.3611,-60.487,7.0104,3.4121,-47.645,-83.105,-81.897,-66.399
-29.837,-71.723,-42.629,48.374,-1.5316,-60.033,7.0465,4.3382,-46.949,-82.295,-81.399,-65.961
-26.249,-69.94,-43.042,45.825,-0.095452,-59.506,7.2386,5.4804,-46.232,-81.35,-80.761,-65.421
-23.552,-68.348,-43.397,43.639,0.84159,-59.04,7.5288,6.805,-45.501,-80.3,-79.999,-64.827
-21.869,-67.034,-43.849,41.958,1.3049,-58.716,7.8542,8.243,-44.732,-79.17,-79.132,-64.208
-21.118,-65.993,-44.5,40.777,1.4488,-58.552,8.1531,9.7017,-43.899,-77.962,-78.167,-63.561
-21.046,-65.155,-45.389,39.971,1.5164,-58.522,8.3696,11.081,-42.984,-76.673,-77.107,-62.854
-21.315,-64.439,-46.486,39.362,1.7785,-58.575,8.4592,12.308,-41.99,-75.296,-75.951,-62.042
-21.581,-63.78,-47.718,38.786,2.466,-58.66,8.3945,13.358,-40.941,-73.83,-74.698,-61.082
-21.524,-63.14,-49.008,38.142,3.7102,-58.746,8.1711,14.259,-39.866,-72.277,-73.35,-59.959
-20.896,-62.512,-50.307,37.381,5.5244,-58.823,7.8079,15.075,-38.793,-70.647,-71.924,-58.681
-19.604,-61.906,-51.615,36.495,7.8247,-58.907,7.3416,15.868,-37.733,-68.951,-70.441,-57.279
-17.757,-61.326,-52.965,35.496,10.466,-59.018,6.8171,16.686,-36.676,-67.196,-68.916,-55.784
-15.596,-60.745,-54.381,34.396,13.278,-59.159,6.2802,17.545,-35.586,-65.373,-67.331,-54.212
-13.388,-60.094,-55.838,33.197,16.082,-59.291,5.7704,18.437,-34.407,-63.455,-65.636,-52.559
-11.329,-59.281,-57.245,31.889,18.72,-59.34,5.3163,19.347,-33.08,-61.401,-63.766,-50.803
-9.4881,-58.223,-58.482,30.454,21.074,-59.226,4.9322,20.277,-31.567,-59.177,-61.665,-48.927
-7.8126,-56.87,-59.458,28.861,23.096,-58.905,4.6168,21.245,-29.866,-56.781,-59.321,-46.935
-6.1582,-55.217,-60.137,27.079,24.818,-58.372,4.3583,22.278,-28.014,-54.265,-56.79,-44.861
-4.3441,-53.301,-60.522,25.078,26.326,-57.658,4.1421,23.398,-26.073,-51.705,-54.175,-42.77
-2.2109,-51.177,-60.626,22.85,27.717,-56.786,3.9583,24.617,-24.106,-49.186,-51.594,-40.718
0.32728,-48.916,-60.443,20.431,29.048,-55.768,3.8033,25.943,-22.155,-46.763,-49.141,-38.727
3.2417,-46.603,-59.966,17.905,30.319,-54.61,3.6754,27.378,-20.221,-44.441,-46.843,-36.77
6.362,-44.313,-59.22,15.398,31.481,-53.335,3.5661,28.92,-18.264,-42.166,-44.655,-34.776
9.3894,-42.106,-58.284,13.059,32.448,-51.974,3.4551,30.564,-16.217,-39.838,-42.465,-32.647
11.963,-39.998,-57.269,11.04,33.123,-50.565,3.3086,32.286,-14.012,-37.339,-40.118,-30.297
13.766,-37.968,-56.278,9.4648,33.409,-49.128,3.0841,34.034,-11.609,-34.583,-37.481,-27.67
14.625,-35.984,-55.351,8.4105,33.23,-47.65,2.7406,35.735,-9.0083,-31.53,-34.471,-24.775
14.566,-34.02,-54.469,7.8814,32.572,-46.095,2.249,37.327,-6.2411,-28.197,-31.082,-21.672
13.791,-32.05,-53.554,7.784,31.518,-44.412,1.6007,38.77,-3.3465,-24.632,-27.389,-18.446
12.611,-30.039,-52.485,7.9135,30.258,-42.531,0.81086,40.084,-0.3366,-20.885,-23.507,-15.177
11.444,-27.92,-51.129,7.9752,29.076,-40.378,-0.084664,41.337,2.8272,-16.978,-19.546,-11.915
10.819,-25.603,-49.386,7.6436,28.287,-37.911,-1.0391,42.618,6.2333,-12.89,-15.573,-8.6664
11.284,-22.992,-47.255,6.6389,28.151,-35.15,-2.0084,43.977,9.9982,-8.5691,-11.602,-5.3949
13.21,-20.023,-44.854,4.7903,28.766,-32.185,-2.9629,45.408,14.23,-3.9517,-7.5953,-2.0276
16.626,-16.693,-42.381,2.0654,30.02,-29.14,-3.8937,46.844,18.985,1.0251,-3.4756,1.5406
21.204,-13.067,-39.993,-1.43,31.606,-26.121,-4.8137,48.199,24.224,6.4184,0.8674,5.4362
26.358,-9.2593,-37.722,-5.4811,33.094,-23.192,-5.7583,49.397,29.783,12.281,5.5636,9.799
31.412,-5.3858,-35.473,-9.8161,34.021,-20.372,-6.7874,50.404,35.401,18.636,10.745,14.757
35.759,-1.5296,-33.115,-14.177,34.027,-17.642,-7.9904,51.223,40.797,25.424,16.502,20.374
38.999,2.263,-30.573,-18.381,32.972,-14.969,-9.4985,51.881,45.773,32.478,22.832,26.601
41.021,5.9583,-27.887,-22.341,31.001,-12.34,-11.511,52.385,50.268,39.568,29.624,33.261
42.011,9.5134,-25.201,-26.054,28.498,-9.7863,-14.323,52.695,54.333,46.525,36.737,40.131
42.408,12.879,-22.712,-29.575,25.985,-7.3665,-18.262,52.735,58.08,53.356,44.121,47.059
42.816,16.022,-20.601,-33.013,23.999,-5.1396,-23.41,52.435,61.626,60.281,51.915,54.053
43.83,18.962,-18.98,-36.535,22.986,-3.1396,-29.349,51.757,65.05,67.677,60.431,61.27
45.793,21.783,-17.882,-40.329,23.195,-1.3627,-35.445,50.709,68.367,75.929,70.006,68.921
48.696,24.63,-17.276,-44.527,24.615,0.2256,-41.346,49.323,71.523,85.22,80.785,77.121
52.271,27.71,-17.085,-49.193,26.982,1.6867,-47.057,47.635,74.427,95.397,92.557,85.809
56.075,31.303,-17.19,-54.375,29.867,3.1062,-52.722,45.692,76.994,106.02,104.81,94.777
59.533,35.756,-17.443,-60.044,32.789,4.5801,-58.434,43.558,79.191,116.59,116.98,103.79
62.129,41.414,-17.708,-65.987,35.357,6.1923,-64.162,41.307,81.042,126.75,128.69,112.66
63.714,48.465,-17.868,-71.916,37.385,8.0111,-69.759,38.999,82.613,136.34,139.82,121.32
64.631,56.762,-17.815,-77.718,38.935,10.129,-75.013,36.677,83.991,145.35,150.44,129.76
65.544,65.789,-17.44,-83.474,40.228,12.721,-79.719,34.352,85.257,153.8,160.66,138.01
67.223,74.925,-16.632,-89.306,41.546,16.049,-83.749,32.011,86.464,161.71,170.59,146.1
70.372,83.775,-15.298,-95.266,43.163,20.367,-87.097,29.615,87.616,169.09,180.23,154.03
75.436,92.227,-13.374,-101.32,45.169,25.79,-89.865,27.117,88.672,175.92,189.5,161.78
82.399,100.3,-10.817,-107.39,47.278,32.228,-92.221,24.491,89.567,182.22,198.32,169.3
90.731,108.03,-7.5807,-113.36,48.904,39.448,-94.343,21.747,90.257,188.06,206.67,176.59
99.401,115.47,-3.5597,-119.06,49.519,47.223,-96.39,18.943,90.749,193.62,214.63,183.7
106.73,122.7,1.4266,-124.12,48.793,55.445,-98.514,16.153,91.118,199.1,222.41,190.76
110.76,129.73,7.592,-128.09,46.285,64.129,-100.87,13.428,91.465,204.71,230.25,197.93
110.25,136.52,15.092,-130.67,41.445,73.278,-103.59,10.762,91.875,210.57,238.32,205.33
105.05,142.9,23.923,-131.78,34.013,82.714,-106.7,8.0986,92.364,216.61,246.66,213.03
95.685,148.73,33.856,-131.53,24.292,92.047,-110.11,5.3455,92.876,222.61,255.13,220.94
83.253,153.94,44.45,-130.12,13.159,100.83,-113.69,2.4,93.298,228.25,263.43,228.89
69.393,158.56,55.15,-127.88,1.7467,108.78,-117.37,-0.81772,93.511,233.23,271.24,236.62
56.042,162.69,65.448,-125.31,-8.8642,115.83,-121.16,-4.3225,93.425,237.38,278.31,243.91
45.191,166.41,74.978,-122.97,-17.663,122.06,-125,-8.0405,93.005,240.66,284.5,250.59
38.549,169.84,83.528,-121.38,-23.825,127.61,-128.74,-11.823,92.267,243.14,289.77,256.57
36.77,173.03,91.008,-120.92,-27.017,132.57,-132.18,-15.487,91.249,244.88,294.12,261.75
38.929,176,97.401,-121.7,-27.597,136.96,-135.13,-18.858,89.995,245.92,297.48,266.02
43.233,178.72,102.7,-123.5,-26.338,140.74,-137.41,-21.812,88.545,246.25,299.78,269.25
48.261,181.12,106.84,-125.81,-23.972,143.84,-138.95,-24.301,86.936,245.82,300.89,271.23
53.099,183.04,109.8,-128.07,-21.123,146.18,-139.69,-26.354,85.202,244.62,300.7,271.75
56.925,184.27,111.63,-129.85,-18.372,147.7,-139.64,-28.046,83.373,242.62,299.19,270.69
59.139,184.65,112.47,-130.97,-16.167,148.38,-138.79,-29.459,81.482,239.88,296.38,268.01
59.604,184.12,112.55,-131.32,-14.735,148.3,-137.09,-30.632,79.574,236.47,292.38,263.84
58.552,182.68,112.1,-130.77,-14.14,147.54,-134.47,-31.558,77.695,232.45,287.25,258.39
56.338,180.4,111.33,-129.02,-14.35,146.23,-130.87,-32.197,75.876,227.87,281.01,251.86
53.274,177.29,110.38,-125.78,-15.242,144.45,-126.38,-32.51,74.107,222.69,273.61,244.38
49.551,173.39,109.34,-121.19,-16.627,142.23,-121.2,-32.491,72.326,216.8,265.03,236.02
45.239,168.75,108.15,-115.76,-18.334,139.52,-115.59,-32.174,70.428,210.06,255.29,226.82
40.317,163.45,106.67,-109.94,-20.272,136.23,-109.82,-31.618,68.294,202.36,244.54,216.85
34.713,157.5,104.69,-103.85,-22.438,132.25,-104.03,-30.889,65.824,193.68,232.99,206.24
28.442,150.99,101.98,-97.501,-24.842,127.51,-98.263,-30.041,62.956,184.1,220.88,195.14
21.746,143.99,98.454,-90.812,-27.433,122,-92.457,-29.105,59.673,173.75,208.41,183.75
15.094,136.57,94.165,-83.727,-30.032,115.75,-86.517,-28.087,55.992,162.79,195.74,172.22
9.0702,128.72,89.323,-76.259,-32.285,108.87,-80.325,-26.983,51.953,151.35,182.97,160.65
4.2172,120.38,84.121,-68.577,-33.649,101.54,-73.77,-25.788,47.607,139.47,170.11,149.05
0.99843,111.44,78.608,-61.009,-33.566,93.874,-66.791,-24.517,43.014,127.14,157.07,137.34
-0.18184,101.88,72.709,-53.874,-31.728,85.968,-59.42,-23.212,38.259,114.32,143.74,125.41
0.8749,91.791,66.345,-47.341,-28.168,77.859,-51.78,-21.926,33.469,101.08,129.98,113.13
3.9371,81.354,59.546,-41.452,-23.234,69.591,-44.055,-20.697,28.81,87.711,115.74,100.48
8.3019,70.824,52.497,-36.191,-17.504,61.265,-36.488,-19.531,24.447,74.703,101.17,87.564
12.979,60.507,45.506,-31.5,-11.653,53.061,-29.38,-18.405,20.489,62.569,86.589,74.682
16.947,50.758,38.906,-27.246,-6.3753,45.211,-23.002,-17.29,16.963,51.658,72.467,62.272
19.335,41.898,32.976,-23.221,-2.3277,37.936,-17.491,-16.172,13.818,42.076,59.283,50.765
19.521,34.075,27.886,-19.183,-0.045107,31.38,-12.814,-15.06,10.958,33.74,47.44,40.456
17.196,27.22,23.693,-14.936,0.17475,25.578,-8.8137,-13.972,8.2838,26.49,37.196,31.493
12.417,21.14,20.36,-10.388,-1.6337,20.48,-5.2865,-12.919,5.7333,20.173,28.619,23.915
5.606,15.65,17.77,-5.5714,-5.0735,16.009,-2.0564,-11.884,3.296,14.673,21.593,17.669
-2.5397,10.643,15.756,-0.62268,-9.4829,12.107,0.98733,-10.833,1.0102,9.8963,15.877,12.614
-11.156,6.1045,14.146,4.2531,-14.157,8.7421,3.8909,-9.7297,-1.0626,5.7576,11.196,8.5565
-19.327,2.0844,12.819,8.8081,-18.534,5.9006,6.6565,-8.5564,-2.8715,2.1716,7.3019,5.2894
-26.232,-1.3424,11.724,12.771,-22.206,3.5699,9.2652,-7.3298,-4.4036,-0.95042,3.998,2.6242
-31.23,-4.1183,10.861,15.87,-24.835,1.7272,11.694,-6.0985,-5.69,-3.6965,1.1335,0.39902
-33.856,-6.2304,10.224,17.868,-26.138,0.33031,13.927,-4.9243,-6.7923,-6.1466,-1.4101,-1.5189
-33.832,-7.7188,9.7517,18.629,-25.975,-0.69184,15.956,-3.8598,-7.7774,-8.3652,-3.7274,-3.2308
-31.174,-8.6653,9.3075,18.171,-24.421,-1.443,17.77,-2.9337,-8.6943,-10.398,-5.8891,-4.8022
-26.329,-9.1785,8.7236,16.679,-21.722,-2.0414,19.342,-2.1452,-9.5583,-12.27,-7.9354,-6.2587
-20.107,-9.3829,7.8799,14.462,-18.203,-2.5853,20.632,-1.4692,-10.347,-13.984,-9.8699,-7.5886
-13.37,-9.4113,6.7698,11.9,-14.22,-3.1281,21.601,-0.87262,-11.016,-15.523,-11.666,-8.7581
-6.8371,-9.3926,5.4983,9.3862,-10.173,-3.6835,22.23,-0.33891,-11.525,-16.869,-13.288,-9.74
-1.1503,-9.4339,4.2177,7.2819,-6.4995,-4.2465,22.523,0.11198,-11.87,-18.02,-14.727,-10.541
3.0553,-9.6045,3.0579,5.8666,-3.6317,-4.8124,22.507,0.42579,-12.094,-19.008,-16.011,-11.212
5.2298,-9.9347,2.093,5.3088,-1.9298,-5.383,22.229,0.54048,-12.274,-19.883,-17.2,-11.827
5.0491,-10.429,1.3419,5.6635,-1.6114,-5.9646,21.751,0.42071,-12.49,-20.701,-18.356,-12.452
2.5055,-11.083,0.77813,6.8925,-2.6898,-6.5681,21.14,0.076778,-12.801,-21.505,-19.517,-13.124
-2.0935,-11.892,0.3358,8.8815,-4.957,-7.2127,20.454,-0.44239,-13.237,-22.326,-20.695,-13.854
-8.1836,-12.846,-0.079922,11.439,-8.0301,-7.9279,19.728,-1.0728,-13.798,-23.194,-21.88,-14.621
-14.974,-13.923,-0.56635,14.283,-11.429,-8.7436,18.971,-1.7558,-14.463,-24.125,-23.053,-15.405
-21.496,-15.085,-1.1906,17.067,-14.631,-9.6716,18.178,-2.4439,-15.185,-25.109,-24.181,-16.179
-26.786,-16.274,-1.9725,19.431,-17.1,-10.689,17.344,-3.094,-15.896,-26.095,-25.215,-16.914
-30.089,-17.404,-2.8941,21.075,-18.369,-11.735,16.484,-3.6605,-16.52,-26.999,-26.094,-17.568
-30.945,-18.369,-3.9304,21.797,-18.155,-12.734,15.635,-4.0964,-16.99,-27.718,-26.76,-18.104
-29.225,-19.065,-5.0846,21.508,-16.414,-13.627,14.844,-4.3627,-17.272,-28.172,-27.18,-18.492
-25.186,-19.432,-6.4024,20.25,-13.325,-14.408,14.148,-4.4416,-17.381,-28.334,-27.363,-18.728
-19.474,-19.492,-7.9477,18.213,-9.2401,-15.127,13.561,-4.3418,-17.379,-28.243,-27.359,-18.837
-12.967,-19.34,-9.7493,15.699,-4.614,-15.856,13.091,-4.0895,-17.35,-27.989,-27.241,-18.866
-6.5163,-19.091,-11.752,13.055,0.066269,-16.64,12.76,-3.7079,-17.36,-27.666,-27.068,-18.861
-0.78889,-18.819,-13.81,10.591,4.3426,-17.454,12.62,-3.196,-17.414,-27.326,-26.853,-18.842
3.7441,-18.52,-15.72,8.5334,7.8429,-18.199,12.745,-2.5151,-17.449,-26.958,-26.558,-18.798
6.7985,-18.119,-17.286,6.9987,10.34,-18.732,13.202,-1.598,-17.347,-26.49,-26.112,-18.688
8.3026,-17.525,-18.379,6.009,11.783,-18.927,14.032,-0.37472,-16.985,-25.83,-25.437,-18.457
8.4058,-16.689,-18.963,5.5235,12.281,-18.726,15.233,1.1981,-16.268,-24.898,-24.485,-18.056
7.4159,-15.645,-19.084,5.4701,12.039,-18.158,16.771,3.1201,-15.161,-23.664,-23.254,-17.464
5.6989,-14.504,-18.835,5.7552,11.291,-17.331,18.602,5.3465,-13.701,-22.162,-21.796,-16.699
3.6138,-13.404,-18.31,6.258,10.233,-16.376,20.701,7.8063,-11.983,-20.487,-20.207,-15.82
1.4905,-12.446,-17.568,6.8326,8.9995,-15.397,23.076,10.431,-10.131,-18.759,-18.597,-14.907
-0.39983,-11.645,-16.622,7.3222,7.6569,-14.439,25.775,13.175,-8.2524,-17.081,-17.059,-14.021
-1.8741,-10.92,-15.446,7.5732,6.2254,-13.487,28.868,16.025,-6.3969,-15.508,-15.648,-13.205
-2.8404,-10.128,-14.012,7.4584,4.7107,-12.487,32.402,18.989,-4.5501,-14.038,-14.379,-12.456
-3.2883,-9.133,-12.33,6.9108,3.1341,-11.385,36.369,22.085,-2.6576,-12.636,-13.239,-11.743
-3.2788,-7.8666,-10.479,5.9562,1.5526,-10.164,40.693,25.3,-0.67755,-11.273,-12.206,-11.042
-2.9262,-6.366,-8.6013,4.7073,0.065854,-8.8619,45.235,28.549,1.375,-9.9577,-11.276,-10.351
-2.3637,-4.7553,-6.8651,3.3386,-1.1999,-7.5594,49.802,31.676,3.4209,-8.7336,-10.464,-9.6971
-1.7077,-3.1939,-5.4005,2.043,-2.1239,-6.3336,54.185,34.503,5.3493,-7.661,-9.8011,-9.1204
-1.0348,-1.8206,-4.2557,0.98907,-2.6257,-5.2228,58.221,36.907,7.0625,-6.7853,-9.3119,-8.656
-0.37328,-0.72898,-3.3904,0.29178,-2.6865,-4.2221,61.843,38.855,8.5052,-6.124,-9.0029,-8.3213
0.2998,0.028272,-2.703,-0.0019387,-2.3548,-3.3063,65.044,40.393,9.664,-5.672,-8.8617,-8.1167
1.0517,0.43271,-2.0674,0.072445,-1.7401,-2.4565,67.812,41.582,10.548,-5.417,-8.8695,-8.0335
1.9599,0.51128,-1.3661,0.38423,-1.0017,-1.6746,70.084,42.439,11.164,-5.3537,-9.0168,-8.0654
3.0261,0.3394,-0.51712,0.7453,-0.33404,-0.98827,71.758,42.917,11.491,-5.4904,-9.3118,-8.2164
4.0708,-0.0019703,0.51358,1.0339,0.047927,-0.44582,72.716,42.928,11.477,-5.8457,-9.7729,-8.4994
4.7226,-0.49341,1.7177,1.3141,-0.084588,-0.099034,72.846,42.398,11.059,-6.4362,-10.412,-8.9256
4.5522,-1.1898,3.063,1.8146,-0.99131,0.024267,72.055,41.304,10.197,-7.2603,-11.218,-9.492
3.1784,-2.1583,4.5101,2.7979,-2.9553,-0.058289,70.277,39.673,8.9148,-8.2848,-12.152,-10.173
0.23839,-3.4141,6.02,4.4648,-6.1826,-0.28593,67.495,37.554,7.3007,-9.4456,-13.153,-10.923
-4.5303,-4.9104,7.549,6.9147,-10.658,-0.58184,63.77,35.011,5.4829,-10.664,-14.156,-11.684
-11.027,-6.5644,9.036,10.103,-16.08,-0.88671,59.239,32.128,3.5891,-11.872,-15.105,-12.404
-18.678,-8.2779,10.393,13.81,-21.917,-1.1777,54.095,29.009,1.7135,-13.028,-15.967,-13.042
-26.564,-9.942,11.515,17.657,-27.504,-1.463,48.54,25.769,-0.092276,-14.116,-16.724,-13.574
-33.619,-11.437,12.307,21.168,-32.162,-1.7585,42.762,22.509,-1.8079,-15.134,-17.358,-13.982
-38.812,-12.643,12.716,23.867,-35.282,-2.0655,36.928,19.309,-3.4271,-16.075,-17.842,-14.248
-41.347,-13.466,12.734,25.387,-36.429,-2.3674,31.193,16.224,-4.9461,-16.925,-18.145,-14.358
-40.833,-13.863,12.385,25.558,-35.466,-2.6445,25.687,13.295,-6.3576,-17.668,-18.247,-14.303
-37.391,-13.851,11.698,24.435,-32.617,-2.8898,20.51,10.55,-7.6491,-18.286,-18.15,-14.087
-31.675,-13.499,10.702,22.274,-28.398,-3.1112,15.726,8.0118,-8.8059,-18.766,-17.88,-13.719
-24.726,-12.907,9.4383,19.466,-23.441,-3.3235,11.378,5.6878,-9.819,-19.1,-17.481,-13.222
-17.66,-12.194,7.968,16.446,-18.345,-3.5407,7.5038,3.5675,-10.694,-19.297,-17.009,-12.637
-11.348,-11.481,6.3678,13.614,-13.573,-3.7812,4.1237,1.6209,-11.458,-19.395,-16.524,-12.023
-6.29,-10.88,4.7065,11.258,-9.4513,-4.0796,1.2182,-0.18966,-12.159,-19.457,-16.09,-11.457
-2.7253,-10.464,3.0316,9.5048,-6.1964,-4.4855,-1.2749,-1.8956,-12.856,-19.558,-15.758,-11.011
-0.72968,-10.233,1.3753,8.3365,-3.9508,-5.0389,-3.4283,-3.5107,-13.593,-19.762,-15.553,-10.727
-0.19502,-10.113,-0.23226,7.6441,-2.763,-5.7405,-5.2978,-5.0271,-14.382,-20.092,-15.466,-10.602
-0.90134,-10.007,-1.7566,7.2967,-2.5488,-6.5467,-6.9148,-6.4222,-15.206,-20.533,-15.47,-10.607
-2.5672,-9.8708,-3.1678,7.193,-3.1178,-7.3961,-8.2864,-7.6773,-16.036,-21.05,-15.544,-10.718
-4.8479,-9.7425,-4.4627,7.289,-4.198,-8.2443,-9.4008,-8.7971,-16.856,-21.617,-15.686,-10.937
-7.357,-9.7231,-5.6863,7.5957,-5.4222,-9.0803,-10.255,-9.8171,-17.667,-22.22,-15.914,-11.278
-9.6963,-9.914,-6.9278,8.1307,-6.3593,-9.9212,-10.891,-10.792,-18.487,-22.856,-16.244,-11.749
-11.494,-10.363,-8.2896,8.856,-6.609,-10.794,-11.4,-11.769,-19.329,-23.511,-16.668,-12.33
-12.436,-11.045,-9.845,9.656,-5.9005,-11.716,-11.875,-12.767,-20.19,-24.156,-17.151,-12.975
-12.286,-11.88,-11.61,10.362,-4.1444,-12.675,-12.356,-13.762,-21.042,-24.748,-17.634,-13.621
-10.897,-12.751,-13.545,10.785,-1.4303,-13.64,-12.819,-14.708,-21.843,-25.243,-18.068,-14.214
-8.2536,-13.527,-15.571,10.741,2.0114,-14.571,-13.197,-15.555,-22.553,-25.62,-18.435,-14.729
-4.5209,-14.07,-17.589,10.095,5.8525,-15.432,-13.423,-16.264,-23.15,-25.887,-18.758,-15.178
-0.055626,-14.29,-19.486,8.8241,9.7048,-16.198,-13.453,-16.817,-23.642,-26.087,-19.089,-15.601
4.6384,-14.19,-21.135,7.0573,13.164,-16.866,-13.297,-17.227,-24.065,-26.29,-19.489,-16.046
8.984,-13.895,-22.427,5.0703,15.866,-17.457,-13.014,-17.543,-24.474,-26.569,-20.001,-16.557
12.421,-13.611,-23.305,3.2217,17.558,-18.015,-12.708,-17.848,-24.921,-26.977,-20.634,-17.15
14.512,-13.539,-23.791,1.8585,18.146,-18.587,-12.5,-18.227,-25.432,-27.511,-21.355,-17.801
15.033,-13.797,-23.974,1.2236,17.706,-19.201,-12.49,-18.728,-25.983,-28.106,-22.092,-18.446
14.005,-14.384,-23.977,1.4032,16.451,-19.84,-12.733,-19.342,-26.504,-28.649,-22.75,-18.989
11.657,-15.208,-23.898,2.3313,14.653,-20.453,-13.236,-20.006,-26.908,-29.017,-23.236,-19.329
8.3407,-16.142,-23.768,3.8395,12.563,-20.968,-13.998,-20.644,-27.126,-29.123,-23.488,-19.401
4.4472,-17.078,-23.548,5.714,10.362,-21.32,-15.031,-21.2,-27.139,-28.947,-23.498,-19.201
0.35001,-17.956,-23.164,7.7426,8.1493,-21.479,-16.338,-21.666,-26.986,-28.546,-23.31,-18.789
-3.6243,-18.778,-22.568,9.7523,5.9879,-21.473,-17.877,-22.074,-26.761,-28.035,-23.016,-18.274
-7.2074,-19.6,-21.785,11.633,3.9433,-21.383,-19.537,-22.481,-26.574,-27.543,-22.72,-17.772
-10.187,-20.501,-20.916,13.328,2.1135,-21.323,-21.172,-22.935,-26.512,-27.171,-22.505,-17.37
-12.414,-21.527,-20.109,14.803,0.62123,-21.387,-22.664,-23.455,-26.606,-26.957,-22.411,-17.103
-13.824,-22.651,-19.503,16.017,-0.42002,-21.623,-23.955,-24.021,-26.825,-26.873,-22.421,-16.949
-14.459,-23.774,-19.19,16.927,-0.94787,-22.009,-25.041,-24.585,-27.095,-26.84,-22.477,-16.851
-14.447,-24.764,-19.183,17.5,-0.97981,-22.476,-25.939,-25.084,-27.332,-26.775,-22.499,-16.74
-13.959,-25.499,-19.42,17.724,-0.61625,-22.929,-26.662,-25.46,-27.473,-26.616,-22.403,-16.552
-13.163,-25.892,-19.792,17.611,-0.013903,-23.276,-27.203,-25.677,-27.49,-26.337,-22.128,-16.246
-12.198,-25.915,-20.187,17.194,0.66061,-23.455,-27.533,-25.732,-27.394,-25.953,-21.652,-15.81
-11.159,-25.596,-20.526,16.527,1.279,-23.455,-27.618,-25.665,-27.232,-25.509,-21.003,-15.266
-10.09,-25.021,-20.786,15.673,1.7879,-23.314,-27.436,-25.533,-27.06,-25.051,-20.247,-14.661
-8.9826,-24.298,-20.994,14.695,2.2229,-23.101,-26.99,-25.398,-26.911,-24.617,-19.47,-14.056
-7.7826,-23.525,-21.221,13.643,2.6972,-22.887,-26.316,-25.293,-26.783,-24.207,-18.728,-13.488
-6.419,-22.754,-21.552,12.541,3.3641,-22.72,-25.476,-25.214,-26.64,-23.795,-18.04,-12.967
-4.8435,-21.988,-22.06,11.401,4.3556,-22.609,-24.54,-25.143,-26.443,-23.347,-17.384,-12.475
-3.0715,-21.19,-22.76,10.242,5.7179,-22.519,-23.569,-25.064,-26.173,-22.837,-16.718,-11.983
-1.1948,-20.319,-23.587,9.1046,7.3759,-22.382,-22.588,-24.979,-25.829,-22.243,-16.002,-11.467
0.6428,-19.358,-24.414,8.0476,9.1496,-22.129,-21.589,-24.9,-25.422,-21.552,-15.215,-10.914
2.2886,-18.32,-25.088,7.1266,10.814,-21.712,-20.554,-24.84,-24.964,-20.76,-14.362,-10.326
3.6286,-17.234,-25.49,6.3682,12.177,-21.12,-19.47,-24.803,-24.469,-19.876,-13.468,-9.7121
4.6378,-16.118,-25.561,5.7494,13.151,-20.371,-18.346,-24.781,-23.942,-18.92,-12.569,-9.0808
5.4121,-14.968,-25.312,5.1941,13.768,-19.497,-17.196,-24.746,-23.379,-17.922,-11.692,-8.4344
6.1431,-13.766,-24.807,4.594,14.145,-18.534,-16.024,-24.658,-22.758,-16.911,-10.851,-7.7692
7.0309,-12.496,-24.125,3.8437,14.414,-17.516,-14.823,-24.469,-22.046,-15.909,-10.039,-7.0793
8.1844,-11.149,-23.324,2.8783,14.651,-16.459,-13.568,-24.139,-21.219,-14.923,-9.2426,-6.3689
9.5589,-9.7206,-22.423,1.6948,14.832,-15.363,-12.229,-23.64,-20.273,-13.962,-8.4485,-5.6528
10.964,-8.2135,-21.404,0.35366,14.834,-14.215,-10.788,-22.979,-19.237,-13.029,-7.6649,-4.9669
12.128,-6.6434,-20.25,-1.0411,14.486,-13.012,-9.2519,-22.198,-18.17,-12.139,-6.9253,-4.3591
12.791,-5.0424,-18.97,-2.3779,13.65,-11.772,-7.6589,-21.362,-17.138,-11.309,-6.2722,-3.8685
12.804,-3.4494,-17.614,-3.5748,12.289,-10.532,-6.0705,-20.544,-16.193,-10.55,-5.7328,-3.5063
12.2,-1.8916,-16.27,-4.6137,10.521,-9.3323,-4.5602,-19.802,-15.348,-9.8566,-5.3025,-3.2484
11.211,-0.37377,-15.05,-5.5503,8.6051,-8.2092,-3.2007,-19.173,-14.582,-9.2175,-4.9493,-3.0463
10.211,1.0971,-14.071,-6.4794,6.9054,-7.1905,-2.0495,-18.665,-13.867,-8.6129,-4.6278,-2.8442
9.5888,2.4852,-13.431,-7.464,5.8016,-6.3115,-1.1365,-18.271,-13.182,-8.0467,-4.3182,-2.6145
9.6692,3.7133,-13.177,-8.4793,5.5893,-5.6085,-0.45793,-17.975,-12.515,-7.5296,-4.025,-2.3596
10.681,4.6895,-13.283,-9.4368,6.3896,-5.1035,0.022656,-17.753,-11.853,-7.0602,-3.763,-2.0999
12.706,5.3592,-13.645,-10.272,8.1226,-4.787,0.36464,-17.566,-11.158,-6.6107,-3.5356,-1.8531
15.611,5.7381,-14.117,-11.002,10.551,-4.6102,0.63554,-17.367,-10.386,-6.1286,-3.3228,-1.6199
19.054,5.9035,-14.541,-11.696,13.348,-4.4918,0.89957,-17.111,-9.4797,-5.5505,-3.0837,-1.3834
22.573,5.9559,-14.784,-12.39,16.153,-4.3394,1.2164,-16.757,-8.3971,-4.8147,-2.7692,-1.1169
25.673,5.9797,-14.751,-13.028,18.616,-4.0744,1.649,-16.269,-7.0905,-3.8671,-2.334,-0.79448
27.856,6.0231,-14.376,-13.46,20.414,-3.6451,2.271,-15.592,-5.5205,-2.665,-1.7443,-0.39802
28.641,6.1081,-13.593,-13.492,21.221,-3.0143,3.1692,-14.648,-3.6437,-1.1782,-0.97679,0.083691
27.627,6.2659,-12.315,-12.956,20.692,-2.1293,4.4394,-13.338,-1.4305,0.61288,-0.011677,0.66421
24.577,6.5674,-10.431,-11.773,18.529,-0.9022,6.1761,-11.571,1.1441,2.719,1.1719,1.3694
19.507,7.1262,-7.8324,-9.99,14.595,0.78025,8.459,-9.2986,4.0898,5.1361,2.5925,2.2382
12.758,8.0677,-4.4591,-7.7908,9.0201,3.0169,11.338,-6.558,7.3807,7.829,4.2531,3.3085
4.9947,9.4715,-0.33554,-5.4639,2.2367,5.8383,14.823,-3.4769,10.932,10.708,6.1202,4.5902
-2.9108,11.308,4.4102,-3.3226,-5.1044,9.1564,18.865,-0.2552,14.59,13.604,8.1004,6.0344
-10.052,13.411,9.5563,-1.6336,-12.28,12.741,23.341,2.8814,18.139,16.266,10.031,7.5189
-15.638,15.515,14.814,-0.5897,-18.639,16.251,28.035,5.734,21.345,18.406,11.708,8.8687
-19.115,17.364,19.851,-0.30507,-23.718,19.318,32.663,8.1664,24.006,19.791,12.944,9.9117
-20.26,18.791,24.325,-0.79998,-27.309,21.651,36.917,10.11,25.982,20.341,13.649,10.544
-19.229,19.748,27.928,-1.9714,-29.44,23.11,40.519,11.543,27.218,20.168,13.856,10.763
-16.55,20.269,30.495,-3.5751,-30.283,23.746,43.271,12.452,27.737,19.528,13.709,10.659
-13.032,20.42,32.064,-5.2577,-30.095,23.771,45.12,12.823,27.621,18.716,13.392,10.368
-9.5487,20.246,32.814,-6.6465,-29.188,23.459,46.144,12.623,26.96,17.942,13.055,10.004
-6.7711,19.753,32.892,-7.4442,-27.866,22.997,46.396,11.779,25.801,17.261,12.756,9.6167
-5.0201,18.913,32.294,-7.479,-26.321,22.412,45.796,10.194,24.114,16.556,12.433,9.1677
-4.2956,17.67,30.891,-6.7071,-24.571,21.58,44.246,7.8222,21.826,15.574,11.915,8.5372
-4.3785,15.965,28.564,-5.1946,-22.539,20.304,41.804,4.7625,18.871,13.996,10.971,7.5564
-4.9393,13.746,25.357,-3.092,-20.193,18.419,38.691,1.2702,15.23,11.511,9.355,6.0455
-5.6446,10.967,21.537,-0.60055,-17.625,15.877,35.21,-2.3184,10.935,7.8767,6.8578,3.8538
-6.2683,7.597,17.523,2.0838,-15.037,12.762,31.709,-5.6837,6.0778,2.9684,3.3317,0.89524
-6.8289,3.645,13.743,4.8428,-12.698,9.2479,28.217,-8.5615,0.83002,-3.1665,-1.2624,-2.8226
-7.7053,-0.81254,10.52,7.6723,-10.925,5.5332,23.848,-10.7,-4.5263,-10.234,-6.7817,-7.183
-9.5254,-5.6198,8.0628,10.639,-10.058,1.8216,18.844,-11.797,-9.5514,-17.664,-12.867,-11.976
-12.669,-10.548,6.4982,13.795,-10.442,-1.6555,15.776,-11.709,-13.585,-24.697,-19.058,-16.951
-16.847,-15.276,5.9079,17.138,-12.372,-4.6119,16.372,-13.797,-15.693,-30.435,-24.851,-21.777
-21.459,-19.326,6.3407,20.662,-15.992,-6.7064,21.761,-34.923,-14.788,-33.632,-29.275,-25.737
-26.392,-22.079,7.8154,24.337,-21.179,-7.5706,32.704,-32.539,-18.862,-33.564,-31.057,-27.718
-32.769,-23.011,10.345,28.102,-27.48,-6.8478,48.986,-21.726,-37.126,-55.696,-38.665,-29.76
-44.597,-23.591,14.001,34.157,-34.288,-4.3503,70.144,-8.5964,-46.609,-101.47,-88.647,-61.29
-71.388,-43.885,19.014,58.144,-41.33,-2.257,96.483,6.1496,-55.672,-132.12,-122.04,-92.905
-99.253,-67.728,25.837,79.83,-48.802,-12.989,127.38,21.06,-61.39,-158.87,-150.11,-114.52
-120.72,-78.933,34.839,96.196,-55.964,-25.742,154.65,36.697,-59.725,-174.87,-167.67,-128.15
-134.98,-81.903,45.005,105.27,-60.364,-22.647,174.5,60.426,-45.879,-171.3,-166.35,-127.71
-138.27,-72.386,53.797,102.5,-60.209,-10.173,192.49,101.94,-12.137,-137.92,-137.47,-106.99
-126.91,-46.009,65.763,83.636,-57.916,11.762,211.15,169.55,52.993,-64.305,-73.652,-60.874
-97.699,0.2582,82.675,45.663,-61.531,44.314,230.76,265.85,160.55,57.652,29.469,13.519
-48.389,67.388,99.843,-12.944,-67.037,87.251,249.99,383.63,311.75,230.5,173.24,116.75
21.886,154.54,116.37,-91.716,-43.841,139.46,263.37,504.67,490.06,450.63,355.62,247.23
109.63,259.13,133.42,-187.29,-7.0032,200.2,263.63,603.47,678.9,706.99,569.02,400.24
205.61,375.98,154.26,-292.78,31.277,269.32,246.71,656.11,858.18,982.45,800.88,567.2
297.08,497.27,184.3,-398.41,60.977,345.92,213.69,648.61,1011,1260.2,1036.9,737.27
370.19,614.07,230.83,-492.96,72.311,427.74,169.71,581.66,1128.6,1525,1262.7,899.28
412.68,717.39,299.69,-565.72,57.749,511.91,121.89,470.34,1209.7,1761.8,1464,1042.2
416.51,799.52,388.17,-608.68,13.898,594.31,79.932,337.23,1255.7,1954.1,1625.4,1155
379.96,854.48,486.11,-618.11,-56.738,668.52,49.122,203.31,1266.8,2083,1730.4,1227.1
308.13,877.22,582.22,-594.19,-145.18,726.32,30.78,83.453,1239.6,2128.5,1763.9,1249.4
211.35,863.68,662.34,-540.07,-238.77,759.04,20.838,-17.916,1167.8,2073.9,1715.3,1216.8
102.78,812.58,713.42,-461.72,-321.38,759.63,11.601,-106.36,1045.5,1912.1,1583.4,1129.5
-4.1795,726.88,727.73,-367.22,-380.91,724.89,-3.1574,-190.61,871.06,1650.9,1378.7,994.62
-98.877,613.77,703.93,-265.07,-412.78,656.95,-26.755,-277.55,652.06,1314.6,1122.1,825.3
-174.99,483.63,646.06,-163.28,-417.72,563.01,-59.209,-368.96,406.35,939.81,841.49,638.22
-229.63,348.77,562.16,-69.25,-399.73,453.52,-96.273,-460.32,158.78,569.1,565.58,450.82
-262.17,221.11,462.8,8.631,-363.87,340.07,-129.27,-541.92,-64.999,241.89,319.23,278.68
-273.56,109.76,359.14,67.394,-316.02,233.33,-153.37,-601.83,-243.37,-13.69,119.18,132.98
-265.76,25.462,260.92,106.63,-261.85,141.14,-167.07,-629.42,-361.96,-183.7,-25.187,19.931
-241.69,-29.283,175.28,126.38,-205.92,69.165,-166.55,-618.34,-415.56,-270.69,-107.17,-52.671
-205.4,-59.491,106.11,128.24,-151.81,19.005,-149.95,-568.39,-409.27,-289.39,-138.4,-87.651
-161.47,-70.935,53.311,115.63,-102.49,-12.928,-120.54,-485.95,-358.84,-259.69,-135.63,-95.223
-115.49,-69.831,13.919,93.75,-60.749,-31.511,-87.517,-382.93,-283.9,-202.92,-114.76,-86.353
-73.955,-62.655,-14.841,65.663,-27.957,-41.314,-63.359,-274.25,-202.33,-140.74,-89.051,-70.884
-42.754,-54.746,-35.106,41.018,-3.9469,-46.418,-51.109,-174.43,-128.88,-90.159,-66.719,-55.869
-23.964,-45.518,-49.011,36.407,12.357,-49.751,-43.266,-94.558,-74.235,-57.048,-50.062,-42.715
-13.908,-45.695,-58.349,35.473,22.487,-48.349,-35.231,-38.862,-42.896,-55.728,-41.395,-30.24
-9.809,-53.089,-60.3,35.037,27.958,-43.064,-27.147,-6.2955,-30.711,-68.141,-51.959,-37.37
-10.167,-58.022,-48.532,34.965,29.482,-48.676,-20.247,9.2193,-30.013,-70.061,-57.735,-42.745
-11.448,-60.858,-47.931,35.166,22.832,-54.61,-14.184,13.164,-33.233,-69.78,-59.424,-45.011
-11.724,-62.357,-53.369,35.557,16.882,-58.679,-8.7068,8.4564,-38.429,-68.177,-58.685,-45.185
-14.993,-63.097,-58.276,36.221,15.783,-61.259,-4.8868,-0.41815,-45.479,-64.836,-56.886,-44.297
-19.669,-63.464,-61.676,37.064,15.475,-62.889,-2.6015,-8.8875,-53.977,-61.034,-55.122,-43.204
-23.469,-63.675,-63.943,37.709,15.366,-64.004,-1.1201,-19.342,-53.54,-58.289,-54.146,-42.523
-25.183,-63.809,-65.603,37.725,15.728,-64.907,-0.13003,-26.087,-50.429,-57.219,-54.299,-42.565
-24.364,-63.846,-67.065,36.849,16.958,-65.766,0.52687,-23.076,-49.154,-57.757,-55.54,-43.354
-21.106,-63.724,-68.561,35.068,19.277,-66.619,0.9989,-21.433,-49.351,-59.471,-57.563,-44.701
-15.947,-63.39,-70.137,32.6,22.62,-67.409,1.4173,-20.867,-50.379,-61.805,-59.949,-46.318
-9.7454,-62.844,-71.7,29.824,26.659,-68.029,1.8677,-20.859,-51.67,-64.255,-62.319,-47.931
-3.4885,-62.151,-73.099,27.173,30.902,-68.381,2.3775,-21.009,-52.807,-66.466,-64.42,-49.357
1.9287,-61.413,-74.204,25.027,34.827,-68.425,2.9245,-21.087,-53.563,-68.255,-66.156,-50.521
5.8816,-60.73,-74.959,23.627,38.022,-68.202,3.4629,-21.01,-53.892,-69.587,-67.544,-51.439
8.0877,-60.175,-75.374,23.022,40.263,-67.806,3.9548,-20.778,-53.858,-70.518,-68.666,-52.17
8.5858,-59.765,-75.484,23.094,41.493,-67.335,4.3978,-20.405,-53.565,-71.141,-69.6,-52.773
7.6648,-59.465,-75.288,23.633,41.725,-66.841,4.8363,-19.869,-53.092,-71.536,-70.394,-53.276
5.7324,-59.206,-74.723,24.425,40.976,-66.321,5.3517,-19.103,-52.467,-71.753,-71.056,-53.67
3.1729,-58.922,-73.692,25.287,39.255,-65.73,6.0363,-18.025,-51.679,-71.812,-71.57,-53.922
0.26275,-58.582,-72.123,26.11,36.595,-65.018,6.9633,-16.585,-50.704,-71.726,-71.921,-54.01
-2.8676,-58.197,-70.02,26.894,33.091,-64.16,8.1659,-14.803,-49.542,-71.518,-72.11,-53.943
-6.2204,-57.805,-67.495,27.728,28.912,-63.173,9.6318,-12.771,-48.237,-71.225,-72.162,-53.765
-9.8615,-57.449,-64.746,28.721,24.315,-62.108,11.316,-10.618,-46.865,-70.899,-72.112,-53.538
-13.806,-57.147,-62.01,29.912,19.627,-61.031,13.165,-8.4582,-45.511,-70.58,-71.986,-53.314
-17.907,-56.873,-59.504,31.239,15.215,-59.989,15.149,-6.3397,-44.234,-70.287,-71.789,-53.105
-21.821,-56.548,-57.361,32.538,11.429,-58.982,17.273,-4.2223,-43.043,-70,-71.491,-52.868
-25.068,-56.04,-55.606,33.575,8.5528,-57.953,19.574,-1.9979,-41.889,-69.66,-71.031,-52.513
-27.136,-55.19,-54.166,34.09,6.7782,-56.802,22.102,0.46135,-40.678,-69.176,-70.324,-51.926
-27.587,-53.862,-52.923,33.854,6.199,-55.431,24.91,3.2496,-39.306,-68.45,-69.294,-51.012
-26.177,-52.005,-51.783,32.736,6.8139,-53.801,28.036,6.3958,-37.696,-67.417,-67.9,-49.733
-22.942,-49.69,-50.725,30.745,8.5153,-51.967,31.504,9.8589,-35.843,-66.075,-66.17,-48.133
-18.217,-47.099,-49.777,28.043,11.074,-50.056,35.303,13.534,-33.812,-64.491,-64.193,-46.328
-12.577,-44.446,-48.96,24.908,14.143,-48.199,39.342,17.267,-31.709,-62.778,-62.094,-44.465
-6.7084,-41.896,-48.221,21.668,17.301,-46.451,43.436,20.893,-29.636,-61.047,-59.984,-42.669
-1.2722,-39.532,-47.412,18.633,20.113,-44.777,47.353,24.319,-27.656,-59.372,-57.933,-41.008
3.1889,-37.359,-46.347,16.052,22.201,-43.087,50.905,27.557,-25.785,-57.78,-55.963,-39.485
6.2893,-35.347,-44.885,14.071,23.296,-41.303,53.98,30.678,-24,-56.253,-54.055,-38.055
7.8139,-33.46,-42.989,12.731,23.261,-39.4,56.529,33.743,-22.25,-54.748,-52.174,-36.661
7.7196,-31.687,-40.734,11.996,22.067,-37.433,58.531,36.76,-20.478,-53.219,-50.293,-35.258
6.1058,-30.059,-38.252,11.799,19.752,-35.506,59.939,39.659,-18.651,-51.634,-48.405,-33.831
3.1655,-28.64,-35.669,12.078,16.399,-33.729,60.647,42.304,-16.777,-49.986,-46.534,-32.407
-0.85338,-27.509,-33.066,12.788,12.158,-32.174,60.51,44.542,-14.91,-48.299,-44.734,-31.039
-5.6534,-26.727,-30.493,13.89,7.2931,-30.863,59.421,46.252,-13.134,-46.617,-43.069,-29.79
-10.88,-26.318,-28.005,15.338,2.1799,-29.779,57.359,47.386,-11.532,-44.987,-41.587,-28.7
-16.131,-26.251,-25.693,17.054,-2.7295,-28.887,54.407,47.959,-10.154,-43.443,-40.3,-27.772
-20.983,-26.435,-23.685,18.91,-6.9708,-28.144,50.725,48.035,-8.9966,-41.985,-39.177,-26.963
-25.029,-26.74,-22.109,20.73,-10.139,-27.512,46.51,47.708,-7.9902,-40.577,-38.15,-26.199
-27.899,-27.036,-21.052,22.31,-11.952,-26.962,41.959,47.096,-7.0234,-39.162,-37.146,-25.409
-29.304,-27.229,-20.53,23.456,-12.291,-26.483,37.254,46.324,-5.9873,-37.691,-36.116,-24.553
-29.084,-27.272,-20.482,24.024,-11.224,-26.075,32.548,45.492,-4.8294,-36.149,-35.05,-23.642
-27.261,-27.144,-20.787,23.943,-9.0002,-25.732,27.965,44.625,-3.584,-34.565,-33.987,-22.727
-24.047,-26.82,-21.297,23.207,-5.9804,-25.419,23.59,43.668,-2.3585,-32.998,-32.986,-21.874
-19.82,-26.266,-21.886,21.869,-2.5556,-25.098,19.456,42.53,-1.2835,-31.511,-32.095,-21.128
-15.06,-25.457,-22.476,20.032,0.91377,-24.744,15.556,41.167,-0.45122,-30.133,-31.324,-20.492
-10.273,-24.395,-23.019,17.848,4.1125,-24.355,11.868,39.644,0.1268,-28.849,-30.621,-19.917
-5.9378,-23.105,-23.459,15.502,6.7662,-23.927,8.3908,38.143,0.52568,-27.6,-29.885,-19.32
-2.4666,-21.62,-23.71,13.191,8.6431,-23.428,5.1499,36.887,0.87595,-26.306,-29,-18.605
-0.15466,-19.975,-23.663,11.1,9.5776,-22.794,2.1708,36.05,1.3125,-24.89,-27.873,-17.7
0.86494,-18.212,-23.218,9.3823,9.5116,-21.949,-0.56148,35.686,1.9258,-23.308,-26.468,-16.574
0.63313,-16.39,-22.32,8.1332,8.519,-20.846,-3.1176,35.697,2.7316,-21.557,-24.803,-15.252
-0.657,-14.562,-20.998,7.3711,6.7991,-19.488,-5.6086,35.871,3.673,-19.668,-22.933,-13.786
-2.6901,-12.762,-19.369,7.0237,4.6459,-17.926,-8.1512,35.967,4.6533,-17.678,-20.897,-12.224
-5.072,-10.986,-17.611,6.9412,2.4019,-16.241,-10.831,35.813,5.5815,-15.609,-18.699,-10.581
-7.3903,-9.202,-15.902,6.9311,0.38958,-14.512,-13.682,35.356,6.4024,-13.454,-16.308,-8.8316
-9.2777,-7.3739,-14.368,6.8023,-1.1563,-12.8,-16.695,34.653,7.1015,-11.198,-13.698,-6.9354
-10.459,-5.4832,-13.069,6.4001,-2.1219,-11.152,-19.844,33.811,7.699,-8.8332,-10.874,-4.8606
-10.778,-3.5342,-12.007,5.6247,-2.5051,-9.598,-23.108,32.924,8.2383,-6.3635,-7.8793,-2.5972
-10.187,-1.5382,-11.153,4.4257,-2.3734,-8.1514,-26.488,32.027,8.7664,-3.805,-4.7714,-0.14939
-8.7235,0.51018,-10.473,2.7816,-1.8098,-6.809,-30.008,31.082,9.3047,-1.1746,-1.5918,2.4833
-6.4717,2.6399,-9.9592,0.68859,-0.86643,-5.5554,-33.724,29.986,9.8285,1.5194,1.6542,5.3264
-3.5369,4.885,-9.6288,-1.8279,0.4529,-4.3737,-37.713,28.621,10.276,4.2858,5.0049,8.4434
-0.022757,7.2526,-9.5094,-4.6932,2.1756,-3.2532,-42.047,26.912,10.586,7.1571,8.5376,11.936
3.9792,9.7061,-9.6,-7.7801,4.3126,-2.1831,-46.733,24.877,10.747,10.195,12.362,15.934
8.3621,12.18,-9.8314,-10.925,6.8029,-1.1343,-51.641,22.642,10.815,13.483,16.615,20.576
12.953,14.612,-10.063,-13.958,9.4862,-0.049449,-56.504,20.406,10.897,17.114,21.457,25.984
17.49,16.97,-10.134,-16.753,12.131,1.1406,-61.031,18.353,11.11,21.163,27.06,32.242
21.657,19.266,-9.9345,-19.267,14.493,2.4804,-65.057,16.595,11.548,25.672,33.593,39.372
25.153,21.551,-9.444,-21.548,16.356,3.9661,-68.597,15.151,12.268,30.642,41.171,47.323
27.745,23.915,-8.7113,-23.71,17.534,5.5547,-71.792,13.964,13.287,36.052,49.81,55.971
29.296,26.478,-7.7954,-25.892,17.861,7.2038,-74.791,12.937,14.603,41.886,59.413,65.162
29.753,29.378,-6.717,-28.231,17.218,8.9124,-77.69,11.978,16.206,48.18,69.827,74.768
29.136,32.752,-5.4436,-30.826,15.586,10.737,-80.515,11.023,18.083,55.014,80.88,84.681
27.575,36.707,-3.9205,-33.696,13.11,12.771,-83.264,10.04,20.202,62.44,92.357,94.755
25.402,41.286,-2.1323,-36.776,10.116,15.099,-85.941,9.0123,22.485,70.38,103.94,104.76
23.188,46.442,-0.15115,-39.996,7.0757,17.754,-88.571,7.9362,24.815,78.587,115.22,114.42
21.645,52.048,1.8712,-43.395,4.5139,20.702,-91.189,6.8212,27.078,86.737,125.9,123.55
21.442,57.934,3.7678,-47.114,2.893,23.858,-93.821,5.6864,29.205,94.59,135.84,132.08
22.995,63.937,5.4349,-51.287,2.4791,27.129,-96.481,4.5413,31.197,102.09,145.14,140.11
26.317,69.916,6.8767,-55.905,3.2585,30.454,-99.176,3.3626,33.095,109.33,153.98,147.76
30.988,75.744,8.199,-60.772,4.9581,33.829,-101.91,2.0875,34.934,116.48,162.59,155.18
36.27,81.321,9.5635,-65.569,7.1504,37.303,-104.68,0.62977,36.708,123.62,171.11,162.51
41.355,86.626,11.13,-70,9.3783,40.959,-107.48,-1.0879,38.365,130.74,179.6,169.84
45.619,91.756,13.005,-73.932,11.254,44.881,-110.31,-3.1016,39.825,137.75,188.08,177.21
48.772,96.904,15.214,-77.455,12.507,49.131,-113.14,-5.3901,41.017,144.53,196.51,184.63
50.827,102.29,17.7,-80.815,12.979,53.747,-115.93,-7.8766,41.906,150.96,204.83,192.07
51.937,108.04,20.361,-84.246,12.609,58.751,-118.61,-10.455,42.512,157.02,212.96,199.47
52.215,114.11,23.135,-87.787,11.401,64.17,-121.13,-13.012,42.913,162.72,220.83,206.77
51.666,120.23,26.082,-91.23,9.4055,70.038,-123.4,-15.441,43.233,168.16,228.38,213.92
50.284,126.09,29.397,-94.277,6.7215,76.339,-125.33,-17.667,43.621,173.45,235.6,220.9
48.206,131.46,33.327,-96.774,3.5277,82.94,-126.86,-19.652,44.181,178.71,242.56,227.75
45.749,136.35,38.042,-98.806,0.097765,89.61,-127.95,-21.401,44.949,183.97,249.32,234.48
43.405,140.96,43.529,-100.65,-3.2137,96.111,-128.56,-22.946,45.887,189.22,255.94,241.06
41.81,145.53,49.56,-102.69,-6.0317,102.27,-128.69,-24.319,46.902,194.39,262.38,247.39
41.563,150.28,55.776,-105.28,-8.0667,108.02,-128.32,-25.527,47.896,199.35,268.6,253.37
42.991,155.34,61.84,-108.61,-9.2035,113.38,-127.46,-26.535,48.815,204.04,274.52,258.91
45.99,160.74,67.569,-112.61,-9.5206,118.41,-126.12,-27.281,49.677,208.46,280.13,264.03
50.052,166.38,72.971,-117.02,-9.2491,123.23,-124.28,-27.701,50.549,212.66,285.47,268.8
54.444,172.1,78.164,-121.46,-8.6965,127.94,-121.95,-27.764,51.535,216.71,290.58,273.3
58.473,177.77,83.245,-125.65,-8.1568,132.6,-119.14,-27.492,52.733,220.6,295.42,277.55
61.705,183.3,88.21,-129.43,-7.8349,137.2,-115.9,-26.957,54.173,224.25,299.89,281.46
64.02,188.65,92.936,-132.81,-7.8101,141.68,-112.29,-26.254,55.827,227.59,303.83,284.9
65.542,193.81,97.267,-135.9,-8.0486,145.97,-108.37,-25.471,57.605,230.5,307.1,287.73
66.483,198.76,101.1,-138.75,-8.4652,149.94,-104.16,-24.661,59.409,232.93,309.61,289.84
66.966,203.34,104.46,-141.26,-9.0007,153.52,-99.688,-23.837,61.146,234.83,311.33,291.19
66.903,207.24,107.42,-143.1,-9.6696,156.62,-94.976,-22.971,62.76,236.18,312.28,291.8
66.035,210.01,110.14,-143.8,-10.567,159.18,-90.006,-22.015,64.24,236.94,312.46,291.67
64.089,211.21,112.71,-143.06,-11.841,161.1,-84.681,-20.916,65.607,237.11,311.89,290.82
60.926,210.65,115.11,-140.92,-13.653,162.29,-78.848,-19.645,66.877,236.63,310.53,289.27
56.563,208.47,117.25,-137.66,-16.113,162.64,-72.395,-18.214,68.044,235.47,308.35,286.94
51.164,205.03,118.92,-133.69,-19.228,162.11,-65.384,-16.682,69.062,233.58,305.24,283.74
45.022,200.8,119.96,-129.29,-22.861,160.77,-58.08,-15.123,69.896,230.94,301.11,279.58
38.51,196.16,120.31,-124.71,-26.749,158.79,-50.804,-13.587,70.531,227.62,295.9,274.43
32.001,191.42,120.03,-120.1,-30.57,156.39,-43.763,-12.077,70.985,223.71,289.65,268.37
25.837,186.7,119.25,-115.53,-33.988,153.75,-37.015,-10.543,71.302,219.36,282.51,261.55
20.332,182.01,118.08,-111.03,-36.648,150.96,-30.563,-8.9042,71.54,214.68,274.62,254.13
15.808,177.27,116.55,-106.65,-38.205,148.02,-24.443,-7.0952,71.751,209.72,266.12,246.2
12.63,172.41,114.58,-102.43,-38.4,144.84,-18.811,-5.0829,71.961,204.45,257.11,237.82
11.121,167.39,112.05,-98.477,-37.137,141.3,-13.896,-2.8819,72.184,198.82,247.64,229.06
11.389,162.25,108.87,-94.858,-34.541,137.34,-9.8451,-0.54071,72.41,192.8,237.84,219.96
13.195,157.07,105.1,-91.57,-30.96,132.96,-6.6104,1.8828,72.624,186.4,227.84,210.63
15.966,151.91,100.88,-88.456,-26.895,128.28,-4.0214,4.3435,72.827,179.71,217.82,201.21
18.946,146.81,96.452,-85.243,-22.889,123.43,-1.9129,6.8106,73.009,172.8,207.87,191.8
21.393,141.75,92.017,-81.672,-19.432,118.52,-0.17986,9.2704,73.141,165.66,198.01,182.47
22.719,136.66,87.702,-77.614,-16.894,113.64,1.2417,11.726,73.16,158.19,188.14,173.21
22.57,131.46,83.515,-73.122,-15.471,108.81,2.4077,14.194,72.999,150.26,178.11,163.96
20.863,126.13,79.368,-68.385,-15.162,103.97,3.383,16.699,72.607,141.77,167.78,154.65
17.775,120.67,75.156,-63.606,-15.776,99.045,4.2353,19.247,71.958,132.71,157.01,145.21
13.694,115.07,70.797,-58.908,-16.981,93.958,5.0163,21.796,71.048,123.2,145.77,135.6
9.1333,109.24,66.299,-54.291,-18.405,88.62,5.7437,24.242,69.874,113.44,134.06,125.81
4.6608,102.98,61.765,-49.663,-19.732,82.951,6.4008,26.43,68.437,103.7,122.05,115.84
0.79747,96.073,57.35,-44.894,-20.743,76.896,6.9542,28.219,66.739,94.22,110,105.78
-2.0576,88.351,53.205,-39.883,-21.287,70.476,7.3755,29.532,64.789,85.146,98.223,95.735
-3.6454,79.851,49.401,-34.661,-21.266,63.824,7.6547,30.371,62.592,76.498,86.937,85.816
-3.8541,70.8,45.865,-29.46,-20.636,57.118,7.8019,30.792,60.133,68.192,76.245,76.067
-2.7879,61.551,42.396,-24.667,-19.401,50.493,7.8416,30.876,57.379,60.141,66.162,66.51
-0.84914,52.531,38.763,-20.599,-17.613,44.037,7.8069,30.701,54.32,52.347,56.713,57.209
1.3015,44.197,34.837,-17.291,-15.408,37.867,7.7333,30.338,51.005,44.942,47.986,48.329
2.9179,36.852,30.664,-14.459,-13.032,32.142,7.6489,29.831,47.538,38.119,40.097,40.112
3.3554,30.513,26.414,-11.666,-10.813,26.993,7.5649,29.184,44.018,32.019,33.106,32.763
2.2264,24.974,22.271,-8.5551,-9.0762,22.438,7.4731,28.357,40.47,26.637,26.96,26.351
-0.4979,19.977,18.354,-4.985,-8.042,18.374,7.3554,27.286,36.822,21.831,21.51,20.789
-4.4817,15.329,14.71,-1.0543,-7.7646,14.639,7.2006,25.918,32.955,17.4,16.579,15.917
-9.1064,10.939,11.347,2.9475,-8.1197,11.089,7.0173,24.256,28.804,13.177,12.03,11.58
-13.599,6.8126,8.2719,6.6264,-8.8398,7.6483,6.8362,22.371,24.433,9.0832,7.7922,7.6735
-17.179,3.0166,5.5093,9.5929,-9.583,4.3209,6.6993,20.396,20.04,5.1393,3.8519,4.148
-19.211,-0.37994,3.0859,11.579,-10.021,1.1657,6.6416,18.477,15.872,1.4257,0.22105,0.98076
-19.358,-3.3635,1.0098,12.531,-9.9181,-1.7497,6.6719,16.72,12.126,-1.9611,-3.085,-1.8432
-17.71,-5.9983,-0.74705,12.642,-9.1819,-4.383,6.7647,15.152,8.9019,-4.9459,-6.0577,-4.3386
-14.794,-8.3942,-2.2454,12.295,-7.8744,-6.7213,6.8692,13.746,6.2079,-7.494,-8.6925,-6.5176
-11.434,-10.644,-3.5508,11.938,-6.2102,-8.7619,6.934,12.452,3.9988,-9.613,-10.987,-8.3871
-8.5358,-12.774,-4.6981,11.955,-4.5269,-10.491,6.9314,11.232,2.1989,-11.347,-12.943,-9.9547
-6.8792,-14.747,-5.6742,12.584,-3.2117,-11.881,6.8706,10.07,0.71282,-12.77,-14.586,-11.242
-6.9429,-16.492,-6.4327,13.883,-2.5949,-12.909,6.7997,8.9735,-0.56167,-13.974,-15.968,-12.293
-8.7817,-17.944,-6.926,15.735,-2.8546,-13.582,6.7957,7.9771,-1.7135,-15.049,-17.164,-13.172
-12.033,-19.065,-7.1316,17.894,-3.9727,-13.943,6.9464,7.1387,-2.7955,-16.064,-18.247,-13.94
-16.051,-19.86,-7.0623,20.055,-5.75,-14.073,7.3233,6.5242,-3.8184,-17.055,-19.266,-14.639
-20.084,-20.382,-6.7654,21.922,-7.8612,-14.073,7.9583,6.1723,-4.7684,-18.038,-20.241,-15.285
-23.415,-20.723,-6.3198,23.259,-9.9328,-14.05,8.8327,6.0648,-5.632,-19.022,-21.167,-15.874
-25.496,-20.991,-5.8296,23.944,-11.623,-14.096,9.8849,6.1241,-6.4069,-20.008,-22.02,-16.393
-26.081,-21.272,-5.407,23.992,-12.691,-14.27,11.031,6.2441,-7.0945,-20.978,-22.759,-16.825
-25.277,-21.609,-5.1439,23.537,-13.044,-14.589,12.188,6.3312,-7.6918,-21.89,-23.345,-17.153
-23.494,-22.006,-5.0848,22.783,-12.763,-15.031,13.299,6.3333,-8.1965,-22.691,-23.753,-17.367
-21.308,-22.445,-5.2218,21.96,-12.064,-15.552,14.332,6.2491,-8.6208,-23.343,-23.995,-17.478
-19.301,-22.909,-5.5157,21.272,-11.225,-16.099,15.27,6.1165,-9.0017,-23.851,-24.127,-17.518
-17.902,-23.382,-5.9313,20.86,-10.478,-16.64,16.1,5.9878,-9.3983,-24.264,-24.227,-17.54
-17.293,-23.858,-6.4674,20.777,-9.9398,-17.175,16.81,5.8992,-9.8766,-24.668,-24.379,-17.597
-17.394,-24.343,-7.1644,20.984,-9.5798,-17.738,17.388,5.8468,-10.493,-25.153,-24.638,-17.732
-17.925,-24.857,-8.0893,21.387,-9.2433,-18.39,17.813,5.776,-11.288,-25.796,-25.026,-17.963
-18.525,-25.441,-9.3037,21.876,-8.7173,-19.201,18.058,5.594,-12.284,-26.634,-25.524,-18.286
-18.861,-26.144,-10.834,22.355,-7.8117,-20.226,18.104,5.2102,-13.477,-27.66,-26.091,-18.682
-18.711,-27.014,-12.653,22.771,-6.4273,-21.488,17.953,4.5835,-14.833,-28.825,-26.683,-19.125
-18.01,-28.064,-14.682,23.115,-4.5924,-22.953,17.644,3.7476,-16.29,-30.056,-27.269,-19.594
-16.872,-29.261,-16.801,23.415,-2.456,-24.538,17.244,2.7969,-17.773,-31.286,-27.839,-20.075
-15.541,-30.523,-18.871,23.71,-0.24338,-26.126,16.833,1.8419,-19.222,-32.477,-28.41,-20.563
-14.304,-31.759,-20.772,24.029,1.8051,-27.614,16.482,0.96515,-20.609,-33.638,-29.014,-21.061
-13.385,-32.916,-22.432,24.392,3.4926,-28.951,16.246,0.19891,-21.939,-34.811,-29.689,-21.573
-12.89,-34.001,-23.848,24.799,4.7089,-30.161,16.154,-0.47158,-23.234,-36.057,-30.461,-22.103
-12.787,-35.064,-25.086,25.226,5.4484,-31.331,16.204,-1.0909,-24.525,-37.429,-31.349,-22.661
-12.944,-36.159,-26.268,25.622,5.8008,-32.57,16.366,-1.7145,-25.84,-38.955,-32.366,-23.264
-13.185,-37.302,-27.534,25.913,5.9124,-33.966,16.58,-2.3931,-27.201,-40.639,-33.528,-23.95
-13.371,-38.456,-28.992,26.041,5.9353,-35.543,16.775,-3.161,-28.621,-42.451,-34.847,-24.764
-13.454,-39.549,-30.686,25.991,5.9885,-37.242,16.89,-4.027,-30.098,-44.339,-36.318,-25.744
-13.49,-40.51,-32.57,25.817,6.1487,-38.946,16.889,-4.9714,-31.611,-46.23,-37.901,-26.894
-13.589,-41.302,-34.528,25.623,6.4646,-40.515,16.774,-5.9493,-33.117,-48.041,-39.52,-28.172
-13.828,-41.928,-36.42,25.528,6.9763,-41.834,16.579,-6.9028,-34.547,-49.689,-41.069,-29.49
-14.188,-42.407,-38.15,25.606,7.7417,-42.839,16.352,-7.7823,-35.818,-51.093,-42.448,-30.738
-14.537,-42.759,-39.719,25.852,8.8677,-43.534,16.137,-8.5688,-36.859,-52.197,-43.581,-31.815
-14.646,-42.979,-41.219,26.163,10.507,-43.974,15.962,-9.2807,-37.634,-52.981,-44.444,-32.659
-14.229,-43.025,-42.767,26.356,12.797,-44.235,15.835,-9.9595,-38.152,-53.469,-45.065,-33.26
-13.014,-42.819,-44.402,26.217,15.76,-44.353,15.758,-10.642,-38.457,-53.724,-45.517,-33.656
-10.832,-42.274,-46.024,25.563,19.239,-44.315,15.738,-11.34,-38.614,-53.833,-45.892,-33.916
-7.681,-41.352,-47.414,24.295,22.91,-44.073,15.802,-12.034,-38.693,-53.889,-46.277,-34.12
-3.7387,-40.097,-48.326,22.427,26.35,-43.593,15.984,-12.691,-38.751,-53.974,-46.733,-34.335
0.67562,-38.64,-48.579,20.079,29.148,-42.897,16.315,-13.277,-38.832,-54.147,-47.283,-34.6
5.1565,-37.158,-48.107,17.455,30.991,-42.057,16.805,-13.77,-38.954,-54.429,-47.915,-34.922
9.2484,-35.822,-46.949,14.835,31.716,-41.159,17.428,-14.159,-39.116,-54.805,-48.594,-35.285
12.465,-34.737,-45.21,12.55,31.313,-40.263,18.119,-14.445,-39.302,-55.228,-49.277,-35.663
14.34,-33.921,-43.013,10.917,29.854,-39.366,18.775,-14.645,-39.483,-55.628,-49.916,-36.027
14.506,-33.315,-40.464,10.158,27.406,-38.395,19.284,-14.777,-39.617,-55.922,-50.455,-36.333
12.739,-32.819,-37.636,10.362,23.987,-37.243,19.555,-14.854,-39.65,-56.023,-50.82,-36.511
8.9624,-32.355,-34.584,11.524,19.606,-35.814,19.55,-14.88,-39.524,-55.857,-50.918,-36.466
3.2764,-31.897,-31.354,13.595,14.353,-34.073,19.288,-14.846,-39.202,-55.382,-50.662,-36.1
-3.9688,-31.482,-28.007,16.48,8.4681,-32.063,18.828,-14.747,-38.682,-54.611,-50.003,-35.352
-12.131,-31.175,-24.615,19.978,2.3461,-29.892,18.254,-14.588,-38.005,-53.62,-48.961,-34.235
-20.336,-30.989,-21.272,23.726,-3.5216,-27.688,17.645,-14.389,-37.242,-52.533,-47.639,-32.853
-27.637,-30.846,-18.086,27.23,-8.6209,-25.56,17.063,-14.181,-36.476,-51.491,-46.205,-31.369
-33.15,-30.593,-15.175,29.964,-12.506,-23.569,16.545,-13.997,-35.779,-50.61,-44.837,-29.957
-36.185,-30.058,-12.635,31.505,-14.889,-21.726,16.109,-13.862,-35.194,-49.946,-43.676,-28.746
-36.407,-29.113,-10.514,31.632,-15.693,-20.014,15.744,-13.791,-34.724,-49.489,-42.778,-27.793
-33.962,-27.706,-8.8144,30.359,-15.087,-18.414,15.415,-13.791,-34.345,-49.179,-42.117,-27.081
-29.471,-25.873,-7.4997,27.902,-13.464,-16.929,15.061,-13.869,-34.01,-48.926,-41.6,-26.544
-23.897,-23.721,-6.519,24.62,-11.336,-15.584,14.623,-14.036,-33.68,-48.647,-41.11,-26.093
-18.285,-21.379,-5.8193,20.929,-9.1988,-14.397,14.054,-14.307,-33.327,-48.284,-40.543,-25.644
-13.425,-18.957,-5.3541,17.21,-7.4064,-13.355,13.317,-14.694,-32.94,-47.803,-39.832,-25.13
-9.6639,-16.52,-5.0956,13.729,-6.1037,-12.413,12.377,-15.189,-32.506,-47.186,-38.938,-24.496
-6.9492,-14.1,-5.0484,10.625,-5.2061,-11.52,11.186,-15.76,-32.004,-46.41,-37.839,-23.699
-4.9837,-11.729,-5.2571,7.939,-4.4389,-10.656,9.6915,-16.355,-31.397,-45.44,-36.514,-22.707
-3.3513,-9.4627,-5.8015,5.6553,-3.4282,-9.8506,7.8552,-16.926,-30.649,-44.245,-34.953,-21.514
-1.6239,-7.3873,-6.7817,3.7143,-1.8143,-9.1859,5.6658,-17.453,-29.756,-42.828,-33.188,-20.167
0.56143,-5.5958,-8.2832,2.0183,0.64238,-8.7661,3.1375,-17.963,-28.766,-41.248,-31.307,-18.769
3.4352,-4.1574,-10.32,0.45047,3.9875,-8.6641,0.30528,-18.51,-27.773,-39.629,-29.446,-17.459
7.0312,-3.0829,-12.796,-1.0891,8.0496,-8.8832,-2.7637,-19.134,-26.881,-38.114,-27.738,-16.361
11.165,-2.3122,-15.496,-2.6531,12.475,-9.3361,-5.9477,-19.825,-26.153,-36.799,-26.261,-15.537
15.477,-1.7276,-18.137,-4.2518,16.824,-9.8709,-9.0607,-20.502,-25.574,-35.699,-25.019,-14.975
19.542,-1.193,-20.459,-5.8607,20.719,-10.333,-11.87,-21.038,-25.072,-34.748,-23.955,-14.598
23.023,-0.61421,-22.297,-7.4073,23.972,-10.629,-14.154,-21.311,-24.555,-33.84,-22.993,-14.308
25.824,0.022863,-23.619,-8.7684,26.598,-10.754,-15.796,-21.256,-23.952,-32.881,-22.079,-14.023
28.111,0.65104,-24.476,-9.8354,28.712,-10.759,-16.851,-20.886,-23.242,-31.814,-21.186,-13.693
30.176,1.178,-24.956,-10.616,30.418,-10.697,-17.526,-20.28,-22.438,-30.633,-20.311,-13.306
32.197,1.5589,-25.121,-11.251,31.751,-10.593,-18.063,-19.55,-21.574,-29.371,-19.463,-12.871
34.063,1.8252,-24.966,-11.893,32.636,-10.434,-18.612,-18.795,-20.679,-28.081,-18.651,-12.411
35.393,2.051,-24.413,-12.545,32.827,-10.169,-19.179,-18.08,-19.776,-26.82,-17.891,-11.951
35.663,2.2953,-23.344,-13.027,31.935,-9.7331,-19.656,-17.415,-18.872,-25.637,-17.203,-11.515
34.364,2.5638,-21.656,-13.069,29.6,-9.0704,-19.925,-16.771,-17.96,-24.557,-16.607,-11.124
31.174,2.803,-19.32,-12.43,25.699,-8.1679,-19.945,-16.096,-17.031,-23.577,-16.117,-10.789
26.122,2.9153,-16.432,-10.986,20.433,-7.0773,-19.759,-15.35,-16.09,-22.68,-15.74,-10.519
19.627,2.7893,-13.229,-8.7671,14.289,-5.914,-19.454,-14.542,-15.171,-21.857,-15.485,-10.326
12.407,2.3424,-10.045,-5.9629,7.9535,-4.8315,-19.135,-13.737,-14.334,-21.126,-15.369,-10.238
5.289,1.5638,-7.238,-2.8848,2.175,-3.975,-18.9,-13.031,-13.645,-20.522,-15.399,-10.283
-0.99331,0.53475,-5.0709,0.11398,-2.4204,-3.4292,-18.816,-12.511,-13.14,-20.068,-15.559,-10.459
-5.9559,-0.59729,-3.6259,2.7344,-5.5198,-3.1857,-18.887,-12.194,-12.803,-19.754,-15.803,-10.719
-9.4332,-1.6765,-2.7951,4.7998,-7.2018,-3.1577,-19.05,-12.022,-12.562,-19.521,-16.06,-10.977
-11.526,-2.6113,-2.3473,6.2687,-7.838,-3.2293,-19.198,-11.886,-12.328,-19.289,-16.266,-11.141
-12.453,-3.4107,-2.0556,7.1991,-7.8816,-3.331,-19.242,-11.676,-12.034,-18.993,-16.389,-11.153
-12.432,-4.1649,-1.8044,7.6978,-7.6763,-3.482,-19.136,-11.318,-11.658,-18.607,-16.431,-11.007
-11.662,-4.9831,-1.633,7.8754,-7.3737,-3.7738,-18.884,-10.79,-11.22,-18.147,-16.413,-10.748
-10.328,-5.9237,-1.699,7.8223,-6.9387,-4.3076,-18.513,-10.115,-10.756,-17.659,-16.352,-10.446
-8.5792,-6.9707,-2.1746,7.5953,-6.2018,-5.1229,-18.056,-9.3407,-10.29,-17.178,-16.247,-10.164
-6.5032,-8.0412,-3.1491,7.2204,-4.9696,-6.18,-17.54,-8.5187,-9.8159,-16.726,-16.085,-9.9471
-4.1763,-9.0287,-4.571,6.721,-3.1733,-7.3718,-16.991,-7.6906,-9.3076,-16.301,-15.861,-9.8112
-1.7496,-9.857,-6.27,6.1554,-0.95061,-8.5683,-16.425,-6.8793,-8.7441,-15.895,-15.59,-9.7547
0.49615,-10.516,-8.0225,5.6378,1.3804,-9.6618,-15.837,-6.0942,-8.1276,-15.501,-15.304,-9.7601
2.1772,-11.059,-9.6225,5.3229,3.4183,-10.596,-15.206,-5.3267,-7.4744,-15.111,-15.024,-9.7941
2.9122,-11.569,-10.938,5.3585,4.8002,-11.373,-14.524,-4.5562,-6.809,-14.7,-14.743,-9.8086
2.4709,-12.11,-11.945,5.8228,5.3179,-12.041,-13.814,-3.7546,-6.1457,-14.23,-14.427,-9.7504
0.89447,-12.702,-12.733,6.6781,4.9929,-12.674,-13.119,-2.9067,-5.4945,-13.665,-14.037,-9.5907
-1.4767,-13.308,-13.466,7.7656,4.0803,-13.343,-12.478,-2.0273,-4.8598,-12.992,-13.561,-9.3363
-4.0749,-13.849,-14.31,8.8447,2.9963,-14.082,-11.912,-1.1678,-4.2454,-12.229,-13.02,-9.0304
-6.2478,-14.237,-15.352,9.6601,2.2034,-14.869,-11.432,-0.40203,-3.6638,-11.414,-12.463,-8.7245
-7.4249,-14.414,-16.566,10.009,2.0855,-15.631,-11.045,0.20006,-3.123,-10.587,-11.937,-8.4588
-7.2424,-14.369,-17.822,9.7848,2.8295,-16.278,-10.747,0.60082,-2.6238,-9.7798,-11.474,-8.2501
-5.6018,-14.14,-18.966,8.9878,4.385,-16.744,-10.515,0.80124,-2.1639,-9.0098,-11.082,-8.0953
-2.6653,-13.781,-19.907,7.6953,6.5548,-17.016,-10.313,0.83796,-1.7478,-8.2918,-10.751,-7.9845
1.2159,-13.342,-20.666,6.0296,9.117,-17.141,-10.097,0.76148,-1.4002,-7.6532,-10.471,-7.9193
5.593,-12.841,-21.354,4.1356,11.871,-17.195,-9.8314,0.60924,-1.1724,-7.1414,-10.25,-7.9231
9.9934,-12.264,-22.095,2.1683,14.618,-17.243,-9.4916,0.38865,-1.1301,-6.8133,-10.118,-8.0326
13.994,-11.583,-22.961,0.27837,17.15,-17.312,-9.0674,0.079124,-1.3246,-6.7084,-10.109,-8.2746
17.288,-10.781,-23.946,-1.4001,19.255,-17.393,-8.562,-0.35273,-1.7664,-6.8269,-10.24,-8.645
19.702,-9.8989,-24.986,-2.7531,20.763,-17.466,-7.9963,-0.93749,-2.423,-7.1307,-10.498,-9.1056
21.128,-9.0491,-25.991,-3.6765,21.581,-17.535,-7.4097,-1.6908,-3.2361,-7.5601,-10.85,-9.5961
21.467,-8.3964,-26.861,-4.0678,21.726,-17.633,-6.848,-2.5996,-4.1372,-8.0465,-11.235,-10.049
20.733,-8.0912,-27.494,-3.8583,21.327,-17.792,-6.3407,-3.6123,-5.0518,-8.5131,-11.574,-10.398
19.283,-8.1962,-27.793,-3.1256,20.612,-18.014,-5.8893,-4.6474,-5.9055,-8.8815,-11.779,-10.594
17.839,-8.6546,-27.707,-2.1821,19.875,-18.261,-5.4774,-5.6269,-6.6446,-9.0972,-11.785,-10.62
17.111,-9.3295,-27.283,-1.4453,19.395,-18.487,-5.0944,-6.5105,-7.2578,-9.1562,-11.588,-10.509
17.321,-10.086,-26.652,-1.1435,19.36,-18.662,-4.749,-7.3004,-7.7759,-9.1082,-11.247,-10.329
18.125,-10.857,-25.967,-1.17,19.754,-18.787,-4.4629,-8.014,-8.2441,-9.0273,-10.854,-10.156
18.855,-11.658,-25.31,-1.1835,20.233,-18.886,-4.251,-8.6466,-8.6861,-8.9673,-10.486,-10.032
18.68,-12.556,-24.649,-0.78145,20.167,-18.978,-4.1066,-9.1562,-9.0819,-8.9313,-10.169,-9.9467
16.751,-13.62,-23.873,0.36983,18.901,-19.072,-4.0021,-9.4796,-9.3756,-8.8688,-9.8718,-9.8453
12.566,-14.87,-22.861,2.4326,16.053,-19.154,-3.9011,-9.5673,-9.5029,-8.7013,-9.5304,-9.6542
6.2707,-16.255,-21.546,5.3341,11.666,-19.194,-3.7748,-9.4094,-9.4235,-8.3591,-9.0821,-9.3171
-1.4,-17.659,-19.949,8.7723,6.1974,-19.157,-3.6115,-9.0414,-9.1413,-7.8123,-8.4958,-8.8178
-9.3815,-18.918,-18.183,12.278,0.40322,-19.01,-3.4169,-8.5266,-8.7039,-7.0807,-7.7843,-8.1834
-16.483,-19.871,-16.421,15.31,-4.8429,-18.739,-3.2041,-7.9309,-8.183,-6.224,-6.9957,-7.4681
-21.587,-20.41,-14.853,17.388,-8.7547,-18.358,-2.9826,-7.3004,-7.6468,-5.3217,-6.1943,-6.7329
-23.918,-20.528,-13.635,18.237,-10.814,-17.924,-2.754,-6.6591,-7.1427,-4.4577,-5.4429,-6.0321
-23.297,-20.332,-12.862,17.871,-10.908,-17.527,-2.5173,-6.024,-6.6969,-3.7094,-4.7924,-5.4078
-20.185,-20.014,-12.546,16.572,-9.3647,-17.275,-2.2771,-5.4263,-6.3264,-3.1362,-4.2748,-4.8882
-15.509,-19.773,-12.63,14.769,-6.8369,-17.251,-2.0454,-4.9206,-6.0497,-2.7653,-3.9002,-4.4863
-10.404,-19.748,-13.014,12.906,-4.0831,-17.488,-1.8373,-4.5761,-5.8879,-2.5866,-3.6598,-4.205
-5.9712,-19.975,-13.608,11.356,-1.7359,-17.966,-1.669,-4.4587,-5.8621,-2.5632,-3.5375,-4.0451
-2.969,-20.408,-14.373,10.349,-0.13555,-18.636,-1.5568,-4.6154,-5.9907,-2.6543,-3.5235,-4.0137
-1.5744,-20.956,-15.33,9.9319,0.72346,-19.449,-1.5162,-5.0594,-6.2831,-2.8287,-3.6178,-4.123
-1.4476,-21.516,-16.515,9.9994,1.1328,-20.355,-1.5537,-5.7579,-6.7255,-3.0609,-3.8187,-4.3758
-1.9948,-22.008,-17.912,10.371,1.5119,-21.289,-1.6572,-6.6281,-7.2693,-3.316,-4.1037,-4.7482
-2.6369,-22.393,-19.426,10.875,2.231,-22.158,-1.7906,-7.5549,-7.8335,-3.5437,-4.4212,-5.1837
-2.9635,-22.689,-20.899,11.406,3.4913,-22.862,-1.8983,-8.4241,-8.3256,-3.6875,-4.702,-5.6076
-2.8041,-22.956,-22.16,11.944,5.259,-23.322,-1.9188,-9.1539,-8.6698,-3.7061,-4.8863,-5.9534
-2.2885,-23.248,-23.077,12.537,7.2782,-23.51,-1.7997,-9.707,-8.8286,-3.5917,-4.9478,-6.1858
-1.7728,-23.57,-23.577,13.232,9.1483,-23.436,-1.5053,-10.078,-8.8075,-3.3755,-4.9008,-6.3066
-1.6502,-23.844,-23.627,14.013,10.43,-23.122,-1.0122,-10.262,-8.6415,-3.1141,-4.7867,-6.3426
-2.1978,-23.934,-23.208,14.777,10.746,-22.585,-0.30162,-10.234,-8.3738,-2.8649,-4.6484,-6.3246
-3.5048,-23.693,-22.31,15.363,9.8763,-21.84,0.64555,-9.9501,-8.0398,-2.6645,-4.5083,-6.2706
-5.4527,-22.999,-20.964,15.589,7.8131,-20.903,1.8472,-9.3737,-7.6641,-2.521,-4.3622,-6.1822
-7.7346,-21.782,-19.239,15.306,4.7776,-19.787,3.318,-8.5023,-7.2599,-2.4155,-4.1866,-6.0484
-9.9203,-20.045,-17.229,14.438,1.1728,-18.479,5.0676,-7.372,-6.8213,-2.3032,-3.9453,-5.8439
-11.563,-17.86,-15.022,13.008,-2.4912,-16.95,7.0986,-6.0429,-6.3129,-2.1123,-3.5899,-5.5238
-12.304,-15.358,-12.677,11.137,-5.7007,-15.162,9.4006,-4.5816,-5.6714,-1.7524,-3.0622,-5.0273
-11.941,-12.698,-10.239,9.0136,-8.0565,-13.091,11.936,-3.0507,-4.8244,-1.1373,-2.3059,-4.2974
-10.429,-10.048,-7.7597,6.8569,-9.3308,-10.755,14.633,-1.5057,-3.7155,-0.20984,-1.2823,-3.3038
-7.8854,-7.558,-5.3221,4.8626,-9.4505,-8.2244,17.386,0.0043654,-2.3246,1.0405,0.016972,-2.0548
-4.6047,-5.3321,-3.0065,3.1663,-8.5084,-5.6073,20.073,1.4363,-0.67996,2.5732,1.5637,-0.59788
-1.0499,-3.4058,-0.8359,1.8303,-6.8208,-3.006,22.573,2.747,1.1397,4.3029,3.2899,0.98737
2.2131,-1.7388,1.2666,0.85931,-4.9166,-0.48024,24.788,3.8939,3.0152,6.1164,5.0939,2.6034
4.6171,-0.23664,3.4714,0.23248,-3.4272,1.9604,26.663,4.8423,4.8216,7.8997,6.8598,4.1536
5.6692,1.2082,5.9819,-0.063542,-2.9818,4.342,28.19,5.5733,6.4591,9.5675,8.4884,5.5741
5.0007,2.6737,8.9475,-0.016198,-4.1167,6.7006,29.406,6.0847,7.8768,11.081,9.9266,6.848
2.4262,4.1871,12.394,0.40508,-7.1271,9.058,30.366,6.3842,9.0728,12.436,11.173,7.9991
-1.9928,5.7532,16.195,1.2053,-11.919,11.418,31.103,6.4825,10.075,13.656,12.269,9.0684
-7.8934,7.4109,20.096,2.2939,-17.975,13.781,31.596,6.3924,10.914,14.76,13.273,10.09
-14.588,9.2664,23.779,3.4372,-24.482,16.146,31.778,6.1267,11.603,15.748,14.228,11.081
-21.124,11.427,26.967,4.285,-30.581,18.485,31.575,5.6907,12.116,16.589,15.146,12.038
-26.469,13.895,29.513,4.4989,-35.582,20.724,30.936,5.0764,12.384,17.226,15.993,12.918
-29.762,16.514,31.446,3.9044,-38.965,22.771,29.855,4.2692,12.341,17.604,16.71,13.655
-30.476,19.044,32.925,2.5401,-40.337,24.58,28.375,3.2692,11.965,17.711,17.253,14.177
-28.441,21.317,34.157,0.54505,-39.559,26.188,26.577,2.1111,11.322,17.588,17.609,14.452
-23.81,23.305,35.324,-1.9488,-36.904,27.714,24.553,0.85741,10.536,17.33,17.814,14.517
-17.114,25.1,36.517,-4.8324,-32.952,29.271,22.382,-0.42218,9.7514,17.051,17.939,14.467
-9.2287,26.805,37.676,-7.9583,-28.3,30.893,20.114,-1.6716,9.0801,16.855,18.064,14.415
-1.1666,28.44,38.596,-11.088,-23.374,32.504,17.786,-2.8598,8.5733,16.801,18.242,14.427
6.1204,29.922,39.06,-13.895,-18.533,33.949,15.431,-3.9839,8.2195,16.895,18.476,14.492
11.779,31.087,39.006,-16.021,-14.228,35.085,13.091,-5.061,7.9643,17.091,18.717,14.549
15.109,31.761,38.594,-17.164,-11.077,35.826,10.817,-6.1113,7.7361,17.314,18.887,14.518
15.711,31.825,38.129,-17.138,-9.7224,36.148,8.6762,-7.1281,7.4637,17.469,18.902,14.335
13.57,31.26,37.913,-15.932,-10.568,36.057,6.7497,-8.0547,7.0826,17.438,18.671,13.94
9.0411,30.169,38.121,-13.732,-13.581,35.568,5.1438,-8.781,6.524,17.067,18.09,13.274
2.7801,28.723,38.739,-10.886,-18.315,34.701,3.9974,-9.1589,5.7325,16.178,17.057,12.274
-4.3697,27.032,39.606,-7.7906,-24.062,33.472,3.4765,-9.0302,4.6899,14.627,15.527,10.91
-11.511,25.041,40.505,-4.7259,-30.035,31.883,3.7524,-8.2676,3.4189,12.363,13.534,9.1861
-17.837,22.55,41.263,-1.7709,-35.528,29.93,4.9723,-6.8239,1.9547,9.4098,11.111,7.098
-22.769,19.388,41.79,1.116,-40.027,27.623,7.2122,-4.7561,0.31874,5.8199,8.2269,4.6061
-26.061,15.535,42.077,3.9455,-43.256,25.014,10.233,-2.1808,-1.4631,1.651,4.8022,1.6713
-27.971,11.138,42.178,6.6989,-45.191,22.202,12.394,0.8473,-3.2775,-2.9724,0.82584,-1.6883
-29.456,6.421,42.21,9.4489,-46.061,19.343,12.168,4.4544,-4.8236,-7.7577,-3.553,-5.3581
-31.799,1.6402,42.35,12.378,-46.241,16.641,12.536,8.6883,-5.521,-12.186,-8.0162,-9.1425
-35.259,-2.8905,42.797,15.589,-46.087,14.339,16.459,9.8276,-4.3998,-15.486,-12.087,-12.732
-38.809,-6.7763,43.693,18.999,-45.889,12.697,25.734,-3.3802,0.14892,-16.531,-14.98,-15.556
-41.762,-9.5846,45.069,22.443,-45.932,11.971,41.089,2.5318,8.2645,-14.342,-15.848,-16.892
-44.62,-11.023,46.872,25.794,-46.484,12.444,62.03,14.684,0.99317,-22.222,-19.464,-18.354
-49.718,-12.077,49.101,29.882,-47.827,14.387,87.445,29.115,-4.0172,-77.331,-71.852,-45.925
-68.118,-27.686,51.976,47.7,-50.122,16.685,116.24,43.381,-10.747,-109.56,-111.78,-86.698
-93.588,-57.558,56.029,72.719,-53.902,9.8606,147.97,55.046,-17.542,-138.75,-141.04,-109.22
-114.54,-71.255,61.839,90.151,-60.24,-11.06,178.7,64.005,-21.066,-158.88,-161.33,-124.74
-132.43,-77.262,68.859,101.88,-67.021,-19.026,201.78,83.198,-16.52,-161.88,-164.68,-127.83
-143.24,-72.362,72.915,103.79,-70.361,-10.67,220.34,122.97,4.0129,-138.4,-142.57,-112.3
-141.71,-51.863,74.796,91.328,-71.862,8.3147,240.84,192.48,54.41,-77.992,-86.944,-72.495
-121.21,-12.236,88.212,60.138,-81.637,38.018,264.78,295.71,154.17,29.633,8.0633,-4.5199
-76.764,48.075,104.09,7.1935,-84.713,78.059,289.59,422.7,306.85,191.13,144.63,92.881
-7.849,128.7,119.16,-67.94,-57.439,127.03,308.76,549.85,481.05,404.52,320.5,218.29
81.245,227.55,134.52,-161.92,-18.174,184.03,314.23,651.6,663.28,656.76,527.71,367.06
180.6,340.11,153.57,-267.22,23.097,249.35,301.69,706.12,837.25,928.36,754.22,531.09
276.05,459.01,181.17,-373.34,55.428,323.14,271.52,701.29,988.62,1200.8,986.95,700.14
352.23,575.55,224.02,-468.77,68.306,403.78,228.03,638.57,1108.9,1459.5,1213,863.49
396.16,681.04,289.3,-542.9,53.908,488.32,185.32,532.35,1196.4,1692.6,1419.2,1010.5
400.14,767.71,377.38,-587.73,9.0323,572.75,150.96,405.46,1253,1887.8,1590.8,1130.3
363.6,829.17,476.75,-599.73,-62.811,650.93,129.56,280.34,1279.7,2029,1711.2,1212.1
293.2,860.11,575.12,-579.88,-151.39,714.57,120.98,171.02,1272.9,2096.5,1764.1,1246.3
200.47,856.45,659.37,-532.03,-243.51,754.77,118.47,80.441,1225.2,2072.2,1737.6,1226.8
97.852,816.68,716.33,-461.72,-325.09,764.24,114.46,2.597,1129.2,1946,1628.5,1153
-3.7578,743.01,737.44,-375.56,-384.98,739.32,102.86,-72.603,981.5,1721.2,1444.6,1030.9
-95.447,641.21,720.2,-280.4,-417.27,680.95,79.543,-153.52,786.81,1416.3,1204.2,871.91
-170.62,519.68,667.77,-182.91,-421.92,594.33,43.719,-242.36,558.09,1062.5,932.21,690.95
-225.64,388.33,587.34,-89.455,-403.48,488.04,0.2751,-335.95,314.61,697.84,655.32,503.85
-259.84,257.95,488.65,-7.2729,-367.94,373.03,-40.253,-425.79,79.917,359.94,398.58,326.15
-274.25,138.79,383.08,58.333,-321.56,261.14,-70.535,-498.72,-122.2,79.658,181.95,171.25
-270.38,43.442,282.08,104.26,-270.03,162.32,-89.275,-542,-272.54,-120.07,16.871,47.397
-250.31,-20.968,194.5,129.2,-217.15,83.997,-94.77,-546.91,-360.01,-228.76,-84.671,-36.903
-216.94,-58.179,124.39,134.86,-165.43,29.492,-84.63,-510.22,-384.16,-262.61,-128.73,-80.839
-174.83,-73.874,70.965,124.98,-117.65,-4.6232,-60.344,-436.91,-355.79,-243.07,-133.5,-94.171
-130.37,-73.953,30.828,104.55,-76.736,-23.767,-31.247,-339,-293.7,-193.1,-116.07,-88.253
-89.308,-65.344,1.0686,78.535,-43.404,-33.204,-10.126,-234.09,-216.12,-136.02,-90.591,-73.422
-55.988,-55.144,-20.231,49.57,-17.787,-37.773,-0.64257,-139.13,-134.56,-88.132,-66.451,-57.531
-33.532,-45.934,-34.843,38.876,0.12615,-41.039,2.3132,-62.578,-69.244,-54.013,-48.01,-44.456
-20.811,-41.86,-44.664,36.871,11.056,-41.396,4.2779,-7.9889,-31.793,-37.511,-29.256,-27.202
-14.833,-49.653,-48.609,36.174,16.706,-36.761,7.2459,21.189,-15.419,-50.773,-38.233,-32.327
-13.233,-55.567,-40.072,35.945,18.897,-43.118,9.8517,30.142,-15.711,-55.895,-46.635,-39.474
-13.573,-59.144,-39.001,35.929,16.234,-49.929,11.045,27.955,-23.91,-57.044,-50.72,-43.638
-11.905,-61.018,-44.118,35.793,10.915,-54.568,11.667,21.588,-31.873,-56.183,-51.834,-45.427
-10.783,-61.735,-49.325,35.549,10.79,-57.376,12.531,15.083,-39.285,-53.587,-51.335,-45.742
-12.404,-61.817,-53.224,35.545,11.842,-58.936,13.474,10.151,-41.624,-50.519,-50.409,-45.401
-15.166,-61.754,-55.807,36.04,12.759,-59.74,14.179,2.5247,-37.132,-48.382,-49.949,-45.059
-18.121,-61.89,-57.352,37.04,13.224,-60.152,14.526,-0.9377,-34.066,-47.871,-50.458,-45.147
-20.756,-62.308,-58.149,38.301,13.183,-60.401,14.567,2.0078,-32.918,-49.052,-52.049,-45.849
-22.702,-62.845,-58.438,39.423,12.796,-60.578,14.453,3.3969,-33.292,-51.552,-54.52,-47.122
-23.631,-63.211,-58.386,39.992,12.342,-60.66,14.362,3.5189,-34.625,-54.763,-57.481,-48.751
-23.248,-63.135,-58.065,39.695,12.101,-60.559,14.453,3.0585,-36.305,-58.06,-60.472,-50.432
-21.369,-62.461,-57.458,38.412,12.242,-60.181,14.85,2.6236,-37.837,-60.951,-63.093,-51.87
-18.073,-61.19,-56.504,36.257,12.774,-59.471,15.616,2.5829,-38.919,-63.157,-65.085,-52.875
-13.785,-59.468,-55.157,33.57,13.557,-58.432,16.732,3.0421,-39.462,-64.623,-66.372,-53.402
-9.2432,-57.532,-53.442,30.824,14.343,-57.132,18.116,3.9162,-39.544,-65.471,-67.043,-53.545
-5.3363,-55.634,-51.464,28.498,14.825,-55.677,19.654,5.0466,-39.335,-65.917,-67.286,-53.466
-2.9032,-53.959,-49.381,26.957,14.702,-54.172,21.263,6.3119,-39.004,-66.161,-67.306,-53.319
-2.5552,-52.573,-47.341,26.378,13.754,-52.684,22.927,7.6915,-38.642,-66.321,-67.245,-53.178
-4.5087,-51.413,-45.438,26.716,11.909,-51.213,24.714,9.2643,-38.247,-66.414,-67.15,-53.024
-8.4993,-50.33,-43.702,27.739,9.2769,-49.712,26.756,11.154,-37.754,-66.387,-66.982,-52.775
-13.867,-49.165,-42.134,29.126,6.1443,-48.143,29.21,13.455,-37.086,-66.181,-66.676,-52.352
-19.728,-47.841,-40.754,30.564,2.9377,-46.534,32.216,16.169,-36.21,-65.786,-66.205,-51.734
-25.088,-46.407,-39.608,31.761,0.14657,-45.002,35.848,19.189,-35.163,-65.261,-65.611,-50.986
-28.983,-45.005,-38.742,32.446,-1.7914,-43.698,40.062,22.326,-34.041,-64.717,-64.992,-50.231
-30.697,-43.784,-38.146,32.41,-2.6013,-42.726,44.663,25.373,-32.961,-64.258,-64.457,-49.597
-29.892,-42.829,-37.751,31.578,-2.2121,-42.089,49.348,28.186,-32.012,-63.939,-64.068,-49.156
-26.646,-42.129,-37.467,30.021,-0.70851,-41.703,53.821,30.729,-31.233,-63.746,-63.823,-48.895
-21.474,-41.592,-37.246,27.926,1.7249,-41.448,57.888,33.057,-30.604,-63.611,-63.659,-48.729
-15.261,-41.09,-37.102,25.556,4.7957,-41.224,61.474,35.252,-30.071,-63.454,-63.493,-48.54
-9.0281,-40.5,-37.074,23.201,8.0836,-40.959,64.546,37.364,-29.562,-63.206,-63.244,-48.223
-3.7145,-39.734,-37.16,21.125,11.088,-40.595,67.042,39.37,-29.007,-62.831,-62.858,-47.709
-0.10691,-38.763,-37.298,19.531,13.322,-40.09,68.854,41.178,-28.356,-62.329,-62.315,-46.987
1.2452,-37.631,-37.403,18.56,14.421,-39.44,69.845,42.666,-27.598,-61.728,-61.642,-46.104
0.19098,-36.44,-37.426,18.28,14.224,-38.699,69.879,43.735,-26.768,-61.072,-60.896,-45.143
-2.9531,-35.319,-37.392,18.672,12.832,-37.973,68.839,44.343,-25.934,-60.396,-60.147,-44.194
-7.5063,-34.362,-37.385,19.598,10.606,-37.375,66.643,44.506,-25.176,-59.716,-59.451,-43.321
-12.561,-33.586,-37.506,20.779,8.107,-36.978,63.276,44.274,-24.563,-59.024,-58.829,-42.549
-17.103,-32.925,-37.816,21.838,5.9723,-36.777,58.828,43.708,-24.117,-58.29,-58.256,-41.847
-20.207,-32.265,-38.299,22.398,4.7444,-36.697,53.503,42.873,-23.804,-57.458,-57.654,-41.139
-21.25,-31.486,-38.848,22.196,4.7189,-36.608,47.617,41.843,-23.531,-56.456,-56.908,-40.317
-20.021,-30.52,-39.301,21.156,5.9052,-36.373,41.538,40.697,-23.182,-55.207,-55.885,-39.271
-16.714,-29.359,-39.504,19.39,8.0985,-35.886,35.595,39.497,-22.654,-53.646,-54.476,-37.926
-11.855,-28.055,-39.371,17.144,10.982,-35.108,30.01,38.264,-21.893,-51.746,-52.631,-36.266
-6.1974,-26.676,-38.935,14.716,14.202,-34.071,24.874,36.996,-20.905,-49.526,-50.375,-34.341
-0.56945,-25.276,-38.334,12.383,17.411,-32.86,20.182,35.694,-19.745,-47.059,-47.811,-32.255
4.3005,-23.867,-37.74,10.343,20.3,-31.577,15.889,34.4,-18.492,-44.455,-45.096,-30.129
7.8886,-22.418,-37.247,8.6941,22.586,-30.294,11.962,33.2,-17.21,-41.833,-42.396,-28.057
9.904,-20.868,-36.816,7.4456,24.008,-29.024,8.407,32.215,-15.926,-39.283,-39.839,-26.083
10.301,-19.151,-36.307,6.5562,24.354,-27.725,5.2601,31.556,-14.619,-36.846,-37.481,-24.196
9.2609,-17.228,-35.558,5.9542,23.52,-26.331,2.5488,31.292,-13.239,-34.506,-35.298,-22.354
7.1211,-15.104,-34.472,5.5408,21.572,-24.802,0.25951,31.421,-11.742,-32.219,-33.212,-20.516
4.3326,-12.843,-33.052,5.1904,18.798,-23.153,-1.667,31.861,-10.121,-29.937,-31.136,-18.667
1.4418,-10.55,-31.405,4.7676,15.676,-21.452,-3.3135,32.486,-8.419,-27.633,-29.009,-16.828
-0.98398,-8.3371,-29.689,4.1633,12.768,-19.79,-4.7572,33.181,-6.6981,-25.304,-26.814,-15.032
-2.4638,-6.2964,-28.056,3.3264,10.572,-18.235,-6.0468,33.898,-4.998,-22.949,-24.559,-13.298
-2.6499,-4.4837,-26.609,2.2593,9.4461,-16.817,-7.192,34.68,-3.2992,-20.557,-22.258,-11.617
-1.3408,-2.9133,-25.395,0.97802,9.554,-15.526,-8.1677,35.646,-1.5185,-18.088,-19.902,-9.9506
1.4515,-1.5571,-24.41,-0.51576,10.837,-14.333,-8.9354,36.926,0.46107,-15.492,-17.471,-8.2551
5.4205,-0.36068,-23.618,-2.2081,13.012,-13.213,-9.4757,38.592,2.7411,-12.73,-14.948,-6.5046
9.9868,0.72086,-22.975,-4.0179,15.633,-12.17,-9.8117,40.595,5.3604,-9.8074,-12.343,-4.7078
14.428,1.6848,-22.455,-5.7721,18.19,-11.243,-10.004,42.766,8.2685,-6.7838,-9.7058,-2.9053
18.033,2.4705,-22.053,-7.2322,20.225,-10.502,-10.118,44.88,11.33,-3.7528,-7.1036,-1.148
20.227,2.9864,-21.758,-8.1556,21.401,-10.012,-10.188,46.766,14.365,-0.80407,-4.5919,0.5284
20.654,3.1599,-21.54,-8.3617,21.529,-9.7977,-10.201,48.365,17.211,2.0121,-2.1853,2.1227
19.23,2.9799,-21.345,-7.7802,20.576,-9.8238,-10.112,49.718,19.783,4.6992,0.15003,3.6732
16.147,2.5088,-21.117,-6.47,18.669,-10.002,-9.8768,50.918,22.08,7.2996,2.4831,5.2466
11.826,1.859,-20.828,-4.6078,16.08,-10.229,-9.4852,52.045,24.15,9.8632,4.8913,6.9143
6.8527,1.1562,-20.477,-2.4529,13.186,-10.422,-8.9775,53.123,26.042,12.417,7.4288,8.7216
1.8912,0.51175,-20.088,-0.2974,10.391,-10.531,-8.4408,54.105,27.766,14.961,10.107,10.683
-2.435,0.01037,-19.667,1.5923,8.0265,-10.528,-7.9844,54.891,29.317,17.492,12.904,12.8
-5.6645,-0.29399,-19.179,3.0247,6.2811,-10.385,-7.7103,55.364,30.713,20.041,15.801,15.099
-7.5532,-0.37694,-18.556,3.8981,5.1919,-10.071,-7.6935,55.426,32.013,22.694,18.828,17.662
-8.04,-0.23688,-17.749,4.1773,4.7031,-9.5733,-7.9817,55.021,33.296,25.576,22.073,20.634
-7.1867,0.11776,-16.78,3.8672,4.7389,-8.9086,-8.6137,54.133,34.614,28.812,25.678,24.201
-5.1809,0.68548,-15.739,3.0109,5.2253,-8.1208,-9.6469,52.773,35.955,32.495,29.812,28.566
-2.3807,1.49,-14.733,1.6983,6.0534,-7.2513,-11.177,50.956,37.229,36.662,34.663,33.914
0.71638,2.5885,-13.803,0.058683,7.0423,-6.2992,-13.33,48.701,38.306,41.284,40.423,40.382
3.6019,4.0566,-12.893,-1.7594,7.9501,-5.2039,-16.218,46.024,39.06,46.279,47.279,48.008
5.8684,5.9562,-11.869,-3.6094,8.5197,-3.8667,-19.876,42.95,39.427,51.531,55.346,56.67
7.2564,8.3123,-10.598,-5.3721,8.5422,-2.2008,-24.239,39.495,39.423,56.937,64.582,66.067
7.6735,11.118,-9.013,-6.9911,7.9176,-0.16931,-29.194,35.662,39.141,62.457,74.749,75.786
7.2071,14.369,-7.1444,-8.5111,6.6868,2.2105,-34.642,31.457,38.731,68.16,85.473,85.465
6.123,18.107,-5.0912,-10.106,5.0197,4.8932,-40.482,26.946,38.372,74.217,96.387,94.901
4.8339,22.45,-2.9722,-12.081,3.1683,7.8396,-46.578,22.283,38.222,80.847,107.23,104.05
3.8283,27.592,-0.87568,-14.813,1.4018,11.045,-52.737,17.677,38.375,88.205,117.83,112.94
3.5586,33.731,1.1781,-18.623,-0.05573,14.556,-58.759,13.304,38.844,96.292,128.12,121.59
4.3142,40.957,3.2495,-23.593,-1.0668,18.474,-64.492,9.2508,39.588,104.93,138.06,130.04
6.1465,49.154,5.4616,-29.465,-1.594,22.941,-69.831,5.5251,40.559,113.87,147.7,138.34
8.9029,58.002,7.9547,-35.756,-1.6751,28.101,-74.686,2.1005,41.744,122.85,157.13,146.6
12.344,67.092,10.833,-42.025,-1.3689,34.029,-78.975,-1.0529,43.165,131.75,166.48,154.93
16.254,76.075,14.127,-48.041,-0.71811,40.654,-82.674,-3.9563,44.838,140.51,175.89,163.39
20.458,84.743,17.78,-53.773,0.22553,47.729,-85.834,-6.6258,46.732,149.12,185.43,172.02
24.785,93.02,21.657,-59.325,1.3446,54.883,-88.554,-9.0796,48.748,157.54,195.1,180.77
29.02,100.93,25.603,-64.866,2.4255,61.773,-90.929,-11.341,50.741,165.67,204.81,189.56
32.897,108.54,29.509,-70.548,3.164,68.226,-93.017,-13.438,52.565,173.41,214.43,198.26
36.115,115.95,33.364,-76.398,3.2112,74.299,-94.841,-15.398,54.122,180.63,223.81,206.78
38.365,123.14,37.231,-82.23,2.2735,80.187,-96.406,-17.248,55.379,187.29,232.8,215.02
39.383,130,41.185,-87.673,0.23824,86.061,-97.726,-19.01,56.373,193.42,241.34,222.93
39.072,136.32,45.254,-92.354,-2.7395,91.944,-98.832,-20.701,57.196,199.11,249.38,230.51
37.65,141.97,49.404,-96.12,-6.2329,97.702,-99.768,-22.326,57.985,204.51,256.98,237.8
35.709,146.99,53.57,-99.124,-9.6334,103.17,-100.56,-23.88,58.891,209.78,264.25,244.88
34.093,151.55,57.737,-101.74,-12.316,108.29,-101.21,-25.345,60.047,215.03,271.33,251.87
33.632,155.95,61.979,-104.39,-13.809,113.14,-101.66,-26.704,61.531,220.3,278.35,258.84
34.873,160.5,66.43,-107.39,-13.888,117.84,-101.81,-27.951,63.326,225.56,285.38,265.84
37.904,165.4,71.178,-110.89,-12.624,122.54,-101.55,-29.101,65.327,230.73,292.42,272.78
42.321,170.68,76.211,-114.79,-10.384,127.29,-100.78,-30.188,67.366,235.67,299.42,279.55
47.352,176.24,81.431,-118.85,-7.7733,132.13,-99.48,-31.248,69.274,240.27,306.26,285.98
52.105,181.91,86.727,-122.78,-5.5021,137.03,-97.684,-32.311,70.92,244.45,312.81,291.98
55.841,187.55,92.025,-126.39,-4.2152,141.93,-95.497,-33.391,72.241,248.14,318.95,297.48
58.161,193.09,97.292,-129.65,-4.35,146.78,-93.051,-34.486,73.23,251.36,324.59,302.48
59.014,198.49,102.52,-132.62,-6.0692,151.52,-90.464,-35.579,73.922,254.13,329.67,306.98
58.578,203.78,107.67,-135.38,-9.2549,156.11,-87.823,-36.659,74.373,256.48,334.17,310.99
57.143,208.96,112.7,-137.94,-13.532,160.52,-85.191,-37.735,74.628,258.44,338.02,314.48
55.04,214,117.5,-140.25,-18.35,164.73,-82.645,-38.845,74.703,259.99,341.17,317.38
52.584,218.75,121.96,-142.12,-23.125,168.68,-80.317,-40.049,74.585,261.11,343.57,319.61
50.023,222.95,125.96,-143.34,-27.389,172.3,-78.399,-41.399,74.25,261.76,345.17,321.07
47.501,226.27,129.39,-143.8,-30.876,175.48,-77.067,-42.919,73.69,261.93,345.98,321.72
45.035,228.43,132.17,-143.52,-33.526,178.07,-76.373,-44.599,72.915,261.61,346.03,321.53
42.554,229.39,134.21,-142.62,-35.41,179.93,-76.189,-46.403,71.939,260.78,345.31,320.5
39.974,229.22,135.4,-141.22,-36.612,180.94,-76.267,-48.282,70.761,259.34,343.8,318.58
37.297,228.07,135.66,-139.39,-37.177,181.03,-76.376,-50.172,69.36,257.17,341.38,315.74
34.675,226.04,134.94,-137.26,-37.124,180.16,-76.441,-51.989,67.7,254.15,337.93,311.96
32.382,223.17,133.35,-134.92,-36.453,178.36,-76.538,-53.643,65.737,250.2,333.34,307.3
30.742,219.45,131.08,-132.52,-35.132,175.72,-76.757,-55.062,63.425,245.36,327.54,301.85
30.064,214.93,128.31,-130.12,-33.113,172.39,-77.09,-56.207,60.705,239.67,320.52,295.71
30.524,209.76,125.19,-127.81,-30.388,168.53,-77.422,-57.079,57.505,233.17,312.29,288.9
32.018,204.16,121.76,-125.62,-27.062,164.25,-77.586,-57.693,53.756,225.84,302.88,281.31
34.116,198.31,117.97,-123.55,-23.444,159.61,-77.415,-58.047,49.452,217.59,292.29,272.78
36.159,192.28,113.79,-121.47,-20.057,154.63,-76.764,-58.111,44.712,208.35,280.55,263.15
37.413,186.07,109.15,-119.13,-17.505,149.32,-75.519,-57.827,39.784,198.13,267.78,252.44
37.233,179.62,104.08,-116.16,-16.252,143.7,-73.589,-57.142,34.976,187.08,254.2,240.8
35.24,172.92,98.651,-112.26,-16.457,137.75,-70.908,-56.039,30.535,175.5,240.15,228.54
31.452,165.93,92.997,-107.26,-17.917,131.47,-67.422,-54.557,26.577,163.71,226.02,216.02
26.327,158.7,87.171,-101.27,-20.087,124.86,-63.094,-52.775,23.084,151.98,212.15,203.57
20.688,151.21,81.115,-94.648,-22.202,117.91,-57.963,-50.795,19.96,140.35,198.73,191.43
15.531,143.48,74.707,-87.845,-23.492,110.63,-52.205,-48.711,17.079,128.76,185.72,179.72
11.723,135.48,67.877,-81.241,-23.387,103.01,-46.147,-46.606,14.333,117.02,173.01,168.42
9.7011,127.13,60.66,-74.956,-21.665,95.003,-40.186,-44.535,11.645,105.01,160.38,157.42
9.3367,118.27,53.209,-68.786,-18.508,86.555,-34.656,-42.529,8.9893,92.678,147.61,146.61
10.051,108.65,45.765,-62.268,-14.427,77.652,-29.724,-40.59,6.3864,80.19,134.44,135.86
11.112,98.018,38.6,-54.914,-10.078,68.369,-25.373,-38.711,3.8823,67.876,120.67,125.08
11.909,86.285,31.935,-46.583,-6.098,58.913,-21.48,-36.889,1.5198,56.164,106.16,114.13
12.052,73.773,25.875,-37.811,-2.955,49.598,-17.92,-35.135,-0.67956,45.43,91.06,102.9
11.344,61.281,20.407,-29.591,-0.86274,40.758,-14.619,-33.469,-2.7184,35.887,75.9,91.25
9.7413,49.772,15.47,-22.658,0.21323,32.644,-11.564,-31.915,-4.6127,27.571,61.558,79.129
7.3322,39.86,11.036,-17.12,0.4613,25.391,-8.7588,-30.481,-6.3742,20.398,48.879,66.692
4.3017,31.623,7.1112,-12.682,0.11925,19.058,-6.2036,-29.157,-7.9941,14.239,38.35,54.513
0.86868,24.811,3.6895,-8.9588,-0.58447,13.645,-3.8776,-27.908,-9.4448,8.9597,30.004,43.506
-2.771,19.116,0.72193,-5.6388,-1.4728,9.0964,-1.7457,-26.702,-10.7,4.4327,23.545,34.432
-6.4553,14.31,-1.8784,-2.5542,-2.4339,5.2975,0.23703,-25.525,-11.758,0.54052,18.544,27.459
-10.012,10.253,-4.2208,0.29704,-3.3792,2.0969,2.1201,-24.395,-12.654,-2.8266,14.598,22.26
-13.185,6.8692,-6.426,2.7757,-4.1897,-0.66006,3.9535,-23.362,-13.451,-5.7731,11.394,18.354
-15.602,4.1045,-8.6218,4.6823,-4.6859,-3.1084,5.7839,-22.483,-14.22,-8.3987,8.7127,15.324
-16.863,1.9019,-10.927,5.8601,-4.6205,-5.3513,7.6537,-21.801,-15.014,-10.793,6.398,12.859
-16.688,0.1896,-13.415,6.264,-3.7053,-7.4531,9.5999,-21.324,-15.856,-13.023,4.338,10.752
-14.985,-1.1213,-16.071,5.9591,-1.7014,-9.4391,11.653,-21.02,-16.736,-15.127,2.4563,8.88
-11.765,-2.1345,-18.787,5.059,1.4266,-11.303,13.831,-20.824,-17.615,-17.108,0.70884,7.191
-7.0797,-2.9644,-21.413,3.6742,5.4813,-13.021,16.134,-20.668,-18.447,-18.956,-0.92794,5.6745
-1.1445,-3.7252,-23.838,1.9334,10.184,-14.576,18.537,-20.504,-19.195,-20.668,-2.4763,4.3198
5.5118,-4.5157,-26.02,0.053934,15.24,-15.966,21,-20.316,-19.85,-22.263,-3.9717,3.0846
12.056,-5.4031,-27.977,-1.6389,20.292,-17.209,23.473,-20.112,-20.424,-23.778,-5.4599,1.8938
17.504,-6.413,-29.712,-2.7901,24.848,-18.324,25.927,-19.904,-20.939,-25.241,-6.9803,0.66798
20.91,-7.53,-31.162,-3.12,28.261,-19.323,28.361,-19.687,-21.411,-26.659,-8.549,-0.6396
21.515,-8.7134,-32.199,-2.4732,29.803,-20.199,30.816,-19.428,-21.849,-28.021,-10.156,-2.0249
18.903,-9.9219,-32.663,-0.81122,28.891,-20.926,33.378,-19.065,-22.252,-29.307,-11.775,-3.4468
13.157,-11.129,-32.418,1.7988,25.32,-21.465,36.166,-18.524,-22.612,-30.51,-13.382,-4.8576
4.9408,-12.324,-31.395,5.1677,19.398,-21.779,39.32,-17.734,-22.925,-31.634,-14.96,-6.2288
-4.6358,-13.5,-29.624,8.9678,11.917,-21.85,42.957,-16.653,-23.192,-32.697,-16.506,-7.5604
-14.265,-14.658,-27.254,12.768,3.9355,-21.703,47.108,-15.292,-23.422,-33.725,-18.025,-8.875
-22.655,-15.81,-24.528,16.125,-3.4961,-21.4,51.646,-13.713,-23.629,-34.744,-19.525,-10.204
-28.672,-16.983,-21.72,18.687,-9.4692,-21.02,56.302,-12.016,-23.827,-35.776,-21.008,-11.57
-31.567,-18.189,-19.065,20.285,-13.227,-20.619,60.84,-10.297,-24.015,-36.822,-22.465,-12.972
-31.309,-19.405,-16.699,20.996,-14.416,-20.203,65.222,-8.6216,-24.183,-37.868,-23.876,-14.379
-28.784,-20.572,-14.639,21.121,-13.499,-19.747,69.534,-7.0078,-24.319,-38.893,-25.227,-15.751
-25.463,-21.621,-12.814,21.055,-11.688,-19.225,73.83,-5.4321,-24.426,-39.898,-26.535,-17.062
-22.761,-22.509,-11.116,21.158,-10.292,-18.644,78.099,-3.8493,-24.542,-40.939,-27.877,-18.337
-21.847,-23.247,-9.4561,21.706,-10.237,-18.051,82.296,-2.2119,-24.739,-42.135,-29.39,-19.667
-23.526,-23.915,-7.7959,22.88,-11.924,-17.525,86.386,-0.48758,-25.114,-43.654,-31.257,-21.198
-27.82,-24.648,-6.162,24.73,-15.24,-17.157,90.465,1.323,-25.763,-45.676,-33.664,-23.096
-34.13,-25.591,-4.6351,27.171,-19.71,-17.031,95.166,3.1731,-26.769,-48.343,-36.754,-25.5
-41.628,-26.844,-3.314,29.982,-24.624,-17.197,101.64,4.9764,-28.182,-51.699,-40.558,-28.466
-49.321,-28.407,-2.264,32.846,-29.178,-17.635,108.79,6.6468,-29.995,-55.657,-44.936,-31.91
-56.073,-30.161,-1.4646,35.429,-32.665,-18.232,113.82,8.1749,-32.106,-59.982,-49.561,-35.578
-60.788,-31.893,-0.77216,37.496,-34.677,-18.763,117.54,9.7383,-34.265,-64.347,-54,-39.082
-62.816,-33.33,0.074676,38.993,-35.243,-18.927,122.02,11.821,-36.007,-68.412,-57.856,-42.019
-62.425,-34.187,1.3967,40.029,-34.829,-18.412,128.77,15.238,-36.619,-71.698,-60.667,-43.981
-60.636,-34.174,3.494,40.77,-34.174,-16.986,139.09,19.813,-35.264,-73.064,-61.464,-44.347
-58.937,-32.987,6.5951,41.283,-34.075,-14.542,154.2,4.6041,-32.771,-70.907,-58.742,-42.208
-59.322,-30.399,10.844,41.498,-35.264,-11.137,174.16,2.7652,-53.074,-74.724,-56.193,-38.869
-63.483,-28.545,16.29,42.006,-38.137,-7.6279,196.83,14.665,-62.59,-112.43,-91.982,-62.032
-77.071,-47.729,22.914,55.877,-42.507,-9.186,219.04,28.115,-73.028,-142.71,-123.87,-92.554
-100.27,-69.015,30.753,78.739,-47.978,-20.419,238.77,40.555,-84.508,-172.39,-151.15,-113.56
-120.17,-77.368,39.906,94.031,-55.074,-26.277,255.6,52.015,-93.549,-194.46,-169.55,-127.55
-136.93,-77.983,50.214,103.55,-63.948,-21.419,270.09,65.088,-93.545,-199.49,-171.26,-128.98
-147.27,-67.694,60.666,103.57,-71.291,-8.6429,283.27,83.746,-73.826,-177.08,-148.58,-112.1
-146.69,-42.283,69.865,89.398,-74.03,12.091,295.55,117.99,-22.112,-117.19,-94.398,-71.599
-129.62,2.4787,81.344,56.394,-75.46,42.161,307.68,179.69,67.811,-11.276,-1.6039,-2.6236
-88.841,69.713,98.044,1.2493,-85.125,82.649,322.45,275.53,197.49,147.21,136.06,98.39
-21.569,159.26,115.12,-76.22,-80.394,133.69,338.59,401.43,365.86,360.52,317.19,230.34
67.325,265.58,130.74,-171.79,-51.173,193.77,351.44,542.72,561.67,616.57,527.88,384.79
167.65,379.74,145.8,-277.32,-11.5,259.52,359.51,675.26,768.62,892.93,752.54,549.83
265.99,493.43,163.38,-382.21,29.474,327.63,360.72,769.27,968.16,1173.2,978.8,714.67
347.16,599.67,189.78,-475.13,60.444,397.16,352.1,808.8,1144.4,1444,1194.3,869.47
396.94,691.66,233.74,-545.57,70.334,468,338.94,795.86,1287.7,1689.9,1385.5,1004.4
406.13,762.83,300.59,-585.88,51.391,538.27,332.2,740.91,1392.3,1892.3,1537.5,1109.2
372.9,807.96,386.04,-592.78,1.8758,603.35,338.05,658.13,1452.1,2029.3,1634.5,1174.1
302.82,823.83,477.99,-567.44,-73.163,656.66,353.92,559.2,1457.9,2078.5,1661.6,1190.7
207.11,809.08,564.49,-514.15,-163.03,691,370.14,450.12,1400.3,2022.6,1609.2,1154
99.952,763.68,632.84,-439.26,-254.23,699.91,374.72,331.32,1274.2,1855.9,1477.2,1064.6
-4.9252,689.17,671.38,-349.84,-332.17,679.36,359.18,201.35,1083,1589.1,1276.3,929.48
-97.89,589.6,673.76,-252.48,-386.6,629.34,322.15,61.864,840.62,1248.7,1026.7,760.81
-174.29,472.19,640.79,-153.39,-413.09,554.01,267.76,-82.466,569.87,872.65,753.87,574.24
-231.75,346.89,578.97,-60.199,-412.99,460.68,201.88,-224.82,297.05,503.07,484.17,386.52
-268.89,224.75,497.48,17.846,-391.64,358.59,132.01,-352.02,47.031,178.6,241.54,214.08
-286.55,115.51,406.14,76.786,-355.23,257.75,67.158,-451.74,-158.94,-72.542,44.955,70.589
-286.49,31.776,314.11,115.68,-309.37,166.62,15.229,-515.84,-306.47,-237.11,-88.549,-31.031
-270.63,-20.454,228.35,134.59,-258.81,93.143,-18.283,-538.26,-390.5,-318.43,-157.56,-86.953
-241.98,-47.366,153.57,135.65,-207.31,42.568,-31.695,-517.64,-415.21,-332.48,-178.61,-108.46
-204.69,-57.039,94.265,123.27,-158.01,11.106,-28.375,-458.77,-391.51,-300.55,-168.4,-107.44
-164.02,-56.529,51.241,102.75,-114.16,-7.7821,-14.083,-371.64,-332.85,-243.39,-141.52,-94.031
-124.7,-51.345,19.946,75.654,-77.441,-19.028,6.3338,-271.14,-254.56,-179.52,-110.75,-76.885
-89.697,-45.201,-3.4299,50.852,-46.481,-26.084,27.911,-173.24,-173.69,-124.85,-85.404,-62.235
-61.612,-36.598,-21.017,43.025,-21.639,-31.228,36.183,-86.835,-104.91,-88.596,-69.1,-50.315
-40.789,-35.078,-34.345,39.989,-3.2463,-32.697,29.139,-20.858,-58.868,-83.989,-73.601,-49.733
-26.648,-42.087,-43.439,37.843,9.5423,-30.565,28.494,16.234,-36.815,-93.546,-83.093,-57.349
-18.652,-47.271,-43.937,36.117,17.874,-36.065,29.269,29.196,-32.24,-94.827,-86.631,-61.244
-15.776,-50.305,-41.111,34.692,22.353,-42.781,29.835,28.83,-35.321,-96.239,-87.124,-62.432
-16.328,-51.817,-43.325,33.366,21.258,-48.052,29.853,22.98,-40.636,-98.121,-86.039,-62.07
-16.261,-52.406,-47.863,32.151,15.692,-51.83,29.645,16.338,-47.776,-98.671,-84.215,-60.976
-14.754,-52.568,-52.399,31.259,13.496,-54.542,29.366,11.038,-57.33,-96.849,-82.267,-59.762
-15.566,-52.703,-56.119,30.787,12.899,-56.61,28.777,5.2707,-62.585,-94.237,-80.714,-58.861
-17.552,-53.089,-58.967,30.66,12.571,-58.363,27.588,-3.3406,-60.545,-92.404,-79.869,-58.499
-19.374,-53.852,-61.194,30.751,12.404,-60.014,25.795,-1.1411,-58.98,-91.81,-79.796,-58.705
-20.46,-54.978,-63.086,30.941,12.537,-61.668,23.607,0.023224,-58.822,-92.279,-80.369,-59.369
-20.681,-56.365,-64.858,31.146,13.101,-63.35,21.223,-0.22786,-59.695,-93.413,-81.374,-60.328
-20.121,-57.901,-66.645,31.322,14.163,-65.05,18.779,-1.3754,-61.115,-94.802,-82.589,-61.412
-18.972,-59.494,-68.519,31.479,15.718,-66.759,16.366,-2.8806,-62.657,-96.136,-83.833,-62.479
-17.47,-61.096,-70.523,31.668,17.704,-68.463,14.043,-4.3394,-64.017,-97.207,-84.952,-63.424
-15.847,-62.694,-72.664,31.958,20.019,-70.149,11.852,-5.5198,-65.03,-97.922,-85.839,-64.175
-14.298,-64.292,-74.93,32.41,22.548,-71.805,9.8216,-6.3335,-65.652,-98.27,-86.437,-64.701
-12.955,-65.911,-77.285,33.062,25.18,-73.427,7.9686,-6.7949,-65.926,-98.299,-86.735,-65.009
-11.893,-67.578,-79.679,33.914,27.807,-75.031,6.2988,-6.9781,-65.943,-98.095,-86.762,-65.133
-11.151,-69.312,-82.064,34.926,30.32,-76.654,4.8085,-6.9865,-65.829,-97.765,-86.575,-65.127
-10.76,-71.097,-84.397,36.017,32.599,-78.335,3.4842,-6.9333,-65.708,-97.406,-86.241,-65.041
-10.755,-72.855,-86.624,37.07,34.511,-80.084,2.3056,-6.9085,-65.66,-97.081,-85.818,-64.911
-11.173,-74.456,-88.656,37.959,35.898,-81.849,1.2504,-6.9498,-65.696,-96.791,-85.332,-64.742
-12.019,-75.745,-90.371,38.581,36.595,-83.515,0.30082,-7.0256,-65.755,-96.473,-84.768,-64.509
-13.219,-76.6,-91.645,38.881,36.511,-84.929,-0.55547,-7.0527,-65.728,-96.015,-84.077,-64.167
-14.592,-76.972,-92.402,38.863,35.718,-85.954,-1.3271,-6.9393,-65.513,-95.302,-83.206,-63.672
-15.867,-76.891,-92.653,38.56,34.496,-86.51,-2.0243,-6.6408,-65.053,-94.266,-82.121,-62.997
-16.745,-76.45,-92.516,38.008,33.276,-86.599,-2.6615,-6.179,-64.343,-92.887,-80.838,-62.151
-16.944,-75.739,-92.197,37.23,32.529,-86.306,-3.261,-5.631,-63.421,-91.213,-79.406,-61.168
-16.266,-74.839,-91.931,36.226,32.619,-85.761,-3.8436,-5.0942,-62.352,-89.348,-77.899,-60.104
-14.652,-73.801,-91.89,34.983,33.696,-85.102,-4.4134,-4.6421,-61.21,-87.419,-76.393,-59.01
-12.206,-72.648,-92.11,33.499,35.645,-84.418,-4.9415,-4.285,-60.041,-85.524,-74.922,-57.9
-9.1798,-71.366,-92.472,31.798,38.132,-83.712,-5.3605,-3.9586,-58.848,-83.696,-73.455,-56.739
-5.9143,-69.904,-92.736,29.936,40.7,-82.895,-5.5807,-3.5431,-57.576,-81.902,-71.911,-55.468
-2.7734,-68.215,-92.648,28.003,42.902,-81.828,-5.5165,-2.9107,-56.151,-80.052,-70.197,-54.025
-0.071919,-66.279,-92.028,26.103,44.418,-80.416,-5.1156,-1.9778,-54.525,-78.082,-68.287,-52.393
1.9711,-64.115,-90.841,24.338,45.112,-78.647,-4.3673,-0.73632,-52.707,-75.971,-66.23,-50.617
3.2456,-61.786,-89.186,22.785,45.033,-76.602,-3.2942,0.75027,-50.759,-73.744,-64.123,-48.779
3.7366,-59.376,-87.242,21.493,44.365,-74.417,-1.9378,2.3908,-48.759,-71.448,-62.07,-46.97
3.5012,-56.964,-85.19,20.48,43.328,-72.226,-0.34615,4.1146,-46.771,-69.127,-60.135,-45.255
2.643,-54.595,-83.142,19.736,42.061,-70.112,1.4365,5.9099,-44.803,-66.795,-58.324,-43.645
1.2913,-52.263,-81.1,19.217,40.554,-68.075,3.3789,7.8342,-42.816,-64.423,-56.583,-42.121
-0.40254,-49.908,-78.941,18.833,38.685,-66.035,5.4604,9.9795,-40.738,-61.95,-54.819,-40.629
-2.2547,-47.452,-76.477,18.449,36.339,-63.862,7.6589,12.422,-38.495,-59.304,-52.932,-39.107
-4.0362,-44.84,-73.552,17.906,33.506,-61.447,9.9336,15.18,-36.047,-56.438,-50.851,-37.501
-5.4672,-42.069,-70.136,17.06,30.318,-58.758,12.212,18.195,-33.412,-53.358,-48.553,-35.789
-6.2356,-39.199,-66.353,15.827,27.045,-55.862,14.386,21.34,-30.665,-50.127,-46.066,-33.976
-6.0686,-36.349,-62.44,14.212,24.063,-52.908,16.317,24.449,-27.909,-46.835,-43.439,-32.085
-4.8567,-33.666,-58.66,12.327,21.755,-50.069,17.865,27.364,-25.244,-43.566,-40.713,-30.135
-2.76,-31.284,-55.231,10.382,20.354,-47.474,18.917,29.986,-22.729,-40.355,-37.886,-28.116
-0.21625,-29.27,-52.258,8.6366,19.832,-45.157,19.417,32.296,-20.361,-37.171,-34.908,-25.987
2.1529,-27.608,-49.705,7.3346,19.866,-43.048,19.375,34.335,-18.078,-33.928,-31.711,-23.693
3.6869,-26.211,-47.409,6.6462,19.927,-41.013,18.854,36.164,-15.781,-30.524,-28.261,-21.206
3.8528,-24.971,-45.169,6.6346,19.461,-38.938,17.938,37.826,-13.37,-26.878,-24.601,-18.55
2.4044,-23.808,-42.844,7.2482,18.093,-36.793,16.691,39.334,-10.776,-22.969,-20.84,-15.793
-0.53195,-22.697,-40.419,8.3341,15.737,-34.659,15.14,40.677,-7.9743,-18.837,-17.105,-13.018
-4.4899,-21.655,-37.991,9.6612,12.587,-32.679,13.285,41.836,-4.9869,-14.557,-13.485,-10.286
-8.7848,-20.712,-35.699,10.951,9.0448,-30.989,11.13,42.791,-1.8643,-10.206,-9.9971,-7.6205
-12.664,-19.883,-33.668,11.932,5.6209,-29.657,8.695,43.523,1.3383,-5.8244,-6.5915,-5.0106
-15.468,-19.157,-31.969,12.409,2.8159,-28.66,6.0083,44.003,4.5714,-1.4025,-3.1687,-2.4167
-16.783,-18.486,-30.593,12.315,0.98594,-27.893,3.0972,44.204,7.8073,3.119,0.39638,0.22621
-16.534,-17.795,-29.443,11.7,0.24827,-27.19,-0.014445,44.11,11.049,7.837,4.2397,3.0115
-14.974,-16.99,-28.373,10.693,0.47107,-26.372,-3.3215,43.732,14.323,12.87,8.497,6.0604
-12.584,-15.978,-27.255,9.4524,1.3459,-25.299,-6.864,43.099,17.661,18.322,13.301,9.5124
-9.9489,-14.691,-26.042,8.1135,2.4923,-23.914,-10.754,42.247,21.054,24.258,18.765,13.514
-7.6078,-13.081,-24.774,6.7519,3.5579,-22.253,-15.179,41.196,24.445,30.702,24.972,18.213
-5.9063,-11.123,-23.546,5.3554,4.3014,-20.413,-20.345,39.952,27.737,37.653,31.968,23.762
-4.894,-8.8064,-22.441,3.8271,4.6381,-18.498,-26.319,38.519,30.87,45.139,39.782,30.328
-4.3237,-6.1059,-21.479,2.002,4.6296,-16.564,-32.885,36.923,33.863,53.263,48.483,38.1
-3.7695,-2.966,-20.59,-0.31974,4.4361,-14.587,-39.628,35.229,36.845,62.213,58.224,47.263
-2.809,0.71136,-19.63,-3.3236,4.2609,-12.468,-46.25,33.523,39.999,72.185,69.196,57.888
-1.14,5.0534,-18.443,-7.1272,4.296,-10.075,-52.7,31.897,43.485,83.277,81.456,69.76
1.4244,10.181,-16.943,-11.77,4.6826,-7.2985,-59.002,30.412,47.37,95.346,94.771,82.304
4.9708,16.184,-15.156,-17.246,5.5023,-4.0831,-65.081,29.076,51.572,107.99,108.61,94.805
9.4583,23.094,-13.202,-23.559,6.7706,-0.43468,-70.803,27.841,55.88,120.71,122.39,106.77
14.722,30.884,-11.214,-30.738,8.3983,3.5864,-76.102,26.611,60.034,133.09,135.75,118.08
20.536,39.487,-9.2633,-38.774,10.167,7.8807,-81.018,25.264,63.821,144.9,148.61,128.8
26.652,48.823,-7.3232,-47.525,11.766,12.354,-85.635,23.706,67.137,156.07,161.06,139.12
32.732,58.821,-5.2745,-56.649,12.881,16.998,-90.022,21.909,69.999,166.64,173.22,149.22
38.258,69.389,-2.9546,-65.658,13.292,21.939,-94.219,19.933,72.515,176.71,185.2,159.3
42.719,80.34,-0.23896,-74.115,12.945,27.399,-98.245,17.891,74.837,186.4,197.11,169.56
46.001,91.358,2.8778,-81.814,12.006,33.579,-102.12,15.871,77.105,195.79,208.97,180.13
48.532,102.06,6.256,-88.819,10.835,40.529,-105.89,13.893,79.392,204.94,220.77,191.01
51.016,112.14,9.6629,-95.356,9.8862,48.086,-109.65,11.895,81.699,213.84,232.43,202.06
54.04,121.42,12.878,-101.65,9.5331,55.93,-113.53,9.7845,83.976,222.46,243.87,213.08
57.777,129.87,15.804,-107.79,9.9081,63.743,-117.64,7.4771,86.163,230.81,255.03,223.85
61.935,137.54,18.532,-113.69,10.833,71.355,-122.04,4.9361,88.219,238.89,265.97,234.29
65.933,144.58,21.334,-119.15,11.886,78.764,-126.67,2.1656,90.117,246.71,276.76,244.36
69.19,151.12,24.573,-123.98,12.571,86.044,-131.37,-0.80553,91.828,254.26,287.47,254.1
71.361,157.29,28.575,-128.07,12.508,93.21,-135.93,-3.9396,93.319,261.45,298.07,263.5
72.416,163.18,33.49,-131.46,11.569,100.14,-140.19,-7.197,94.546,268.17,308.4,272.48
72.601,168.8,39.194,-134.3,9.8918,106.61,-144.13,-10.536,95.467,274.31,318.18,280.89
72.333,174.12,45.308,-136.8,7.7973,112.45,-147.83,-13.918,96.048,279.75,327.11,288.54
72.037,179.12,51.375,-139.11,5.6474,117.57,-151.4,-17.308,96.264,284.43,334.97,295.36
71.99,183.84,57.101,-141.34,3.7099,122.06,-154.89,-20.673,96.118,288.34,341.66,301.35
72.207,188.33,62.481,-143.43,2.0568,126.13,-158.21,-23.979,95.652,291.51,347.23,306.59
72.469,192.67,67.76,-145.27,0.55167,130.04,-161.17,-27.177,94.945,294.03,351.81,311.19
72.436,196.92,73.267,-146.73,-1.0641,134.03,-163.59,-30.202,94.098,295.99,355.55,315.23
71.759,201.1,79.209,-147.71,-3.0393,138.23,-165.35,-32.975,93.212,297.5,358.57,318.73
70.21,205.13,85.506,-148.21,-5.4995,142.61,-166.44,-35.431,92.345,298.61,360.95,321.65
67.827,208.88,91.773,-148.32,-8.3839,146.96,-166.88,-37.533,91.499,299.35,362.68,323.87
64.993,212.21,97.486,-148.22,-11.441,150.99,-166.72,-39.275,90.635,299.64,363.74,325.3
62.314,215.02,102.21,-148.12,-14.296,154.43,-165.96,-40.657,89.707,299.44,364.08,325.86
60.357,217.33,105.77,-148.18,-16.59,157.14,-164.53,-41.676,88.694,298.69,363.69,325.54
59.443,219.2,108.23,-148.49,-18.131,159.14,-162.29,-42.33,87.593,297.34,362.58,324.39
59.561,220.71,109.83,-149.03,-18.96,160.57,-159.08,-42.63,86.401,295.37,360.8,322.49
60.385,221.89,110.87,-149.68,-19.272,161.6,-154.83,-42.604,85.096,292.72,358.35,319.86
61.378,222.71,111.59,-150.23,-19.294,162.3,-149.56,-42.275,83.654,289.35,355.19,316.5
62,223.04,112.09,-150.49,-19.194,162.69,-143.39,-41.639,82.075,285.21,351.21,312.36
61.951,222.71,112.32,-150.31,-19.035,162.64,-136.49,-40.665,80.395,280.32,346.31,307.42
61.27,221.51,112.14,-149.65,-18.759,162.01,-129.01,-39.309,78.68,274.71,340.37,301.66
60.23,219.22,111.38,-148.49,-18.219,160.62,-121.13,-37.554,76.981,268.45,333.34,295.09
59.144,215.73,109.91,-146.82,-17.271,158.38,-113.04,-35.433,75.313,261.6,325.23,287.71
58.214,211.04,107.75,-144.58,-15.907,155.33,-104.85,-33.02,73.645,254.18,316.06,279.5
57.441,205.35,105.01,-141.79,-14.313,151.62,-96.626,-30.402,71.925,246.19,305.88,270.42
56.575,199.01,101.86,-138.49,-12.847,147.42,-88.334,-27.649,70.112,237.65,294.72,260.44
55.144,192.3,98.465,-134.72,-11.919,142.88,-79.922,-24.801,68.179,228.55,282.68,249.62
52.589,185.25,94.912,-130.36,-11.845,137.98,-71.362,-21.867,66.105,218.92,269.86,238.08
48.497,177.69,91.142,-125.16,-12.734,132.62,-62.654,-18.847,63.856,208.77,256.39,225.98
42.83,169.39,86.976,-118.88,-14.433,126.58,-53.773,-15.741,61.391,198.09,242.45,213.53
36.026,160.26,82.189,-111.43,-16.561,119.69,-44.616,-12.548,58.698,186.9,228.26,200.95
28.852,150.42,76.631,-103.01,-18.61,111.86,-35.109,-9.2602,55.83,175.29,214.08,188.5
22.124,140.14,70.348,-94.082,-20.09,103.19,-25.507,-5.8693,52.912,163.42,200.17,176.4
16.459,129.69,63.62,-85.209,-20.656,93.972,-16.461,-2.3745,50.094,151.46,186.7,164.79
12.145,119.29,56.866,-76.771,-20.188,84.636,-8.5576,1.211,47.51,139.54,173.69,153.67
9.1202,108.99,50.451,-68.797,-18.786,75.584,-1.8266,4.8729,45.252,127.69,160.99,142.94
7.0657,98.696,44.543,-60.974,-16.714,67.021,4.1432,8.6146,43.375,115.92,148.39,132.44
5.5647,88.16,39.117,-52.838,-14.321,58.927,9.7676,12.454,41.903,104.25,135.62,121.98
4.2595,77.186,34.055,-44.155,-11.954,51.187,15.194,16.396,40.803,92.839,122.45,111.37
2.9231,65.889,29.263,-35.358,-9.883,43.772,20.401,20.407,39.975,81.877,108.82,100.5
1.4622,54.902,24.775,-27.384,-8.2652,36.851,25.576,24.402,39.265,71.578,94.925,89.354
-0.068501,45.153,20.766,-20.844,-7.1514,30.742,31.187,28.272,38.52,62.108,81.225,78.069
-1.4512,37.24,17.482,-15.753,-6.5205,25.714,37.54,31.9,37.622,53.582,68.337,66.99
-2.3819,31.147,15.111,-11.959,-6.3118,21.819,44.399,35.176,36.505,46.066,56.797,56.601
-2.645,26.541,13.711,-9.3939,-6.4553,18.898,51.117,37.989,35.13,39.546,46.897,47.36
-2.2772,23.056,13.185,-7.9366,-6.9108,16.686,57.066,40.226,33.459,33.917,38.644,39.509
-1.6017,20.34,13.311,-7.2605,-7.7096,14.911,61.87,41.772,31.457,29.007,31.834,33.009
-1.1225,18.065,13.785,-6.8758,-8.9724,13.349,65.358,42.528,29.129,24.647,26.183,27.662
-1.416,15.962,14.305,-6.301,-10.86,11.854,67.507,42.451,26.554,20.716,21.433,23.237
-3.0624,13.867,14.648,-5.1891,-13.464,10.364,68.333,41.605,23.884,17.162,17.384,19.536
-6.4547,11.736,14.727,-3.3617,-16.721,8.8961,67.704,40.164,21.288,13.983,13.895,16.4
-11.512,9.6091,14.563,-0.81003,-20.385,7.5176,65.403,38.343,18.896,11.196,10.867,13.698
-17.6,7.5612,14.213,2.3081,-24.018,6.3077,61.397,36.3,16.751,8.8053,8.2233,11.314
-23.729,5.6545,13.707,5.6889,-26.989,5.3156,55.909,34.087,14.804,6.7656,5.8901,9.1448
-28.828,3.9189,13.037,8.9329,-28.649,4.5297,49.277,31.664,12.928,4.9735,3.7918,7.0953
-31.913,2.3467,12.176,11.62,-28.629,3.8717,41.85,28.964,10.942,3.2747,1.8554,5.0917
-32.233,0.89378,11.097,13.397,-26.884,3.2229,33.999,25.955,8.6747,1.4998,0.01931,3.0914
-29.527,-0.50243,9.7958,14.063,-23.543,2.4779,26.208,22.699,6.0325,-0.48552,-1.77,1.0848
-24.256,-1.8804,8.3382,13.642,-18.929,1.5959,19.179,19.361,3.0509,-2.7389,-3.5677,-0.91496
-17.538,-3.2214,6.8922,12.394,-13.681,0.61396,13.571,16.159,-0.1178,-5.2276,-5.4282,-2.8829
-10.768,-4.4689,5.7117,10.766,-8.7421,-0.38524,9.5005,13.275,-3.273,-7.8503,-7.388,-4.7864
-5.2622,-5.5806,5.0461,9.2782,-5.1926,-1.3194,6.6121,10.784,-6.2453,-10.481,-9.4492,-6.5899
-2.1657,-6.5585,5.0307,8.3728,-3.9959,-2.1346,4.5145,8.6363,-8.9443,-13.012,-11.576,-8.2661
-2.3058,-7.4396,5.6344,8.3265,-5.6607,-2.8133,2.9441,6.6951,-11.36,-15.372,-13.699,-9.7919
-5.8062,-8.2755,6.6855,9.2282,-10.026,-3.3715,1.7144,4.8034,-13.53,-17.521,-15.728,-11.15
-11.933,-9.1142,7.937,11,-16.294,-3.8474,0.67513,2.8562,-15.494,-19.431,-17.557,-12.318
-19.497,-9.9861,9.1345,13.432,-23.274,-4.2842,-0.28528,0.83515,-17.269,-21.077,-19.089,-13.269
-27.333,-10.892,10.06,16.228,-29.74,-4.7122,-1.232,-1.2112,-18.854,-22.433,-20.251,-13.98
-34.438,-11.802,10.551,19.04,-34.753,-5.1396,-2.1927,-3.2211,-20.242,-23.492,-21.015,-14.438
-39.932,-12.666,10.516,21.53,-37.723,-5.5579,-3.1772,-5.1638,-21.444,-24.286,-21.407,-14.663
-43.136,-13.438,9.9418,23.427,-38.341,-5.96,-4.1861,-7.0488,-22.495,-24.889,-21.506,-14.704
-43.718,-14.105,8.8922,24.57,-36.609,-6.3597,-5.2053,-8.9046,-23.448,-25.411,-21.429,-14.64
-41.716,-14.682,7.4774,24.9,-32.918,-6.8025,-6.2083,-10.746,-24.365,-25.97,-21.313,-14.566
-37.561,-15.2,5.7983,24.436,-27.998,-7.3563,-7.1663,-12.552,-25.292,-26.66,-21.29,-14.572
-32.083,-15.684,3.9036,23.262,-22.683,-8.0811,-8.0487,-14.26,-26.249,-27.519,-21.469,-14.727
-26.187,-16.128,1.8106,21.528,-17.58,-8.9907,-8.8117,-15.784,-27.206,-28.512,-21.9,-15.063
-20.371,-16.489,-0.41679,19.408,-12.91,-10.033,-9.3907,-17.034,-28.101,-29.542,-22.563,-15.556
-14.682,-16.716,-2.6312,17.074,-8.683,-11.111,-9.709,-17.941,-28.855,-30.489,-23.38,-16.139
-9.2009,-16.777,-4.6629,14.707,-4.9293,-12.137,-9.6977,-18.475,-29.407,-31.259,-24.238,-16.725
-4.3479,-16.681,-6.4057,12.502,-1.7819,-13.059,-9.3151,-18.648,-29.732,-31.813,-25.014,-17.224
-0.73401,-16.47,-7.8307,10.666,0.54516,-13.863,-8.5559,-18.501,-29.838,-32.163,-25.587,-17.551
1.0684,-16.204,-8.9374,9.4049,1.7883,-14.534,-7.4506,-18.087,-29.76,-32.345,-25.862,-17.646
0.66718,-15.947,-9.7101,8.9063,1.7156,-15.043,-6.0602,-17.452,-29.549,-32.406,-25.799,-17.489
-2.0326,-15.752,-10.118,9.2926,0.24338,-15.358,-4.4699,-16.642,-29.256,-32.397,-25.446,-17.123
-6.7485,-15.658,-10.16,10.554,-2.4746,-15.471,-2.7789,-15.705,-28.933,-32.377,-24.936,-16.649
-12.788,-15.67,-9.9095,12.498,-6.0043,-15.421,-1.0881,-14.702,-28.622,-32.401,-24.444,-16.198
-19.129,-15.762,-9.5337,14.748,-9.6751,-15.286,0.50827,-13.706,-28.357,-32.511,-24.13,-15.884
-24.634,-15.877,-9.2507,16.827,-12.714,-15.163,1.9265,-12.795,-28.165,-32.726,-24.083,-15.765
-28.282,-15.951,-9.2622,18.265,-14.428,-15.14,3.1057,-12.035,-28.057,-33.036,-24.309,-15.838
-29.35,-15.944,-9.6905,18.727,-14.388,-15.268,4.0202,-11.475,-28.037,-33.415,-24.748,-16.061
-27.567,-15.854,-10.551,18.089,-12.544,-15.566,4.6732,-11.138,-28.101,-33.838,-25.321,-16.382
-23.18,-15.723,-11.767,16.461,-9.2077,-16.02,5.0791,-11.027,-28.245,-34.296,-25.966,-16.769
-16.921,-15.611,-13.216,14.136,-4.9189,-16.6,5.2549,-11.126,-28.473,-34.805,-26.669,-17.219
-9.8504,-15.571,-14.766,11.511,-0.30389,-17.265,5.2247,-11.404,-28.789,-35.39,-27.457,-17.752
-3.0894,-15.634,-16.3,9.0053,4.0483,-17.969,5.0251,-11.815,-29.197,-36.075,-28.374,-18.395
2.469,-15.802,-17.732,6.9725,7.6812,-18.668,4.7045,-12.306,-29.692,-36.868,-29.454,-19.159
6.2845,-16.064,-19.006,5.6408,10.321,-19.331,4.3157,-12.819,-30.258,-37.755,-30.685,-20.028
8.1407,-16.412,-20.091,5.0999,11.871,-19.942,3.9074,-13.309,-30.871,-38.7,-32.008,-20.948
8.1181,-16.846,-20.965,5.3267,12.377,-20.496,3.5169,-13.748,-31.498,-39.644,-33.32,-21.842
6.5366,-17.38,-21.613,6.2203,11.988,-20.992,3.1663,-14.134,-32.112,-40.522,-34.506,-22.636
3.8147,-18.03,-22.029,7.6277,10.91,-21.432,2.8629,-14.488,-32.699,-41.283,-35.481,-23.296
0.36862,-18.804,-22.214,9.365,9.3265,-21.831,2.6046,-14.845,-33.265,-41.912,-36.218,-23.84
-3.4334,-19.706,-22.191,11.252,7.3694,-22.22,2.3901,-15.227,-33.821,-42.424,-36.741,-24.324
-7.3098,-20.727,-22.012,13.153,5.147,-22.647,2.2271,-15.638,-34.371,-42.853,-37.097,-24.802
-11.071,-21.844,-21.748,14.981,2.7761,-23.15,2.1314,-16.049,-34.902,-43.224,-37.318,-25.288
-14.569,-23.009,-21.472,16.668,0.39463,-23.736,2.1198,-16.418,-35.386,-43.542,-37.409,-25.745
-17.64,-24.154,-21.244,18.144,-1.8283,-24.383,2.2006,-16.709,-35.79,-43.799,-37.361,-26.106
-20.076,-25.207,-21.124,19.324,-3.6803,-25.053,2.3646,-16.913,-36.098,-43.991,-37.177,-26.313
-21.651,-26.105,-21.183,20.129,-4.9124,-25.718,2.5799,-17.056,-36.311,-44.132,-36.904,-26.357
-22.162,-26.811,-21.509,20.494,-5.2774,-26.37,2.7958,-17.191,-36.455,-44.265,-36.63,-26.294
-21.472,-27.313,-22.189,20.377,-4.5912,-27.025,2.958,-17.367,-36.56,-44.44,-36.46,-26.218
-19.561,-27.617,-23.274,19.776,-2.7938,-27.704,3.0324,-17.601,-36.64,-44.684,-36.465,-26.217
-16.543,-27.741,-24.749,18.732,0.019082,-28.414,3.0264,-17.855,-36.679,-44.966,-36.64,-26.32
-12.664,-27.712,-26.527,17.336,3.6024,-29.139,2.9933,-18.044,-36.621,-45.199,-36.895,-26.484
-8.2758,-27.57,-28.463,15.72,7.6017,-29.848,3.0162,-18.06,-36.392,-45.262,-37.088,-26.614
-3.7798,-27.382,-30.401,14.048,11.617,-30.521,3.1766,-17.816,-35.93,-45.053,-37.084,-26.623
0.42735,-27.256,-32.229,12.491,15.283,-31.188,3.5243,-17.265,-35.211,-44.534,-36.81,-26.481
4.0137,-27.337,-33.905,11.21,18.327,-31.94,4.0602,-16.419,-34.263,-43.742,-36.288,-26.241
6.7478,-27.767,-35.45,10.328,20.601,-32.894,4.7385,-15.333,-33.157,-42.773,-35.611,-26.012
8.4997,-28.627,-36.915,9.9216,22.073,-34.138,5.4882,-14.077,-31.979,-41.74,-34.901,-25.9
9.2126,-29.888,-38.343,10.013,22.791,-35.67,6.2457,-12.7,-30.793,-40.717,-34.248,-25.954
8.8628,-31.416,-39.745,10.583,22.841,-37.382,6.9811,-11.206,-29.615,-39.719,-33.686,-26.141
7.4246,-33.032,-41.097,11.588,22.293,-39.108,7.7026,-9.5654,-28.41,-38.705,-33.187,-26.362
4.8549,-34.607,-42.359,13.009,21.198,-40.695,8.4349,-7.7529,-27.126,-37.617,-32.697,-26.509
1.1478,-36.121,-43.506,14.875,19.627,-42.076,9.1909,-5.7896,-25.727,-36.418,-32.17,-26.508
-3.517,-37.65,-44.555,17.206,17.735,-43.277,9.9534,-3.7645,-24.222,-35.118,-31.598,-26.349
-8.6771,-39.282,-45.57,19.916,15.774,-44.382,10.672,-1.816,-22.667,-33.774,-31.016,-26.091
-13.657,-41.016,-46.632,22.754,14.077,-45.464,11.273,-0.082008,-21.146,-32.467,-30.489,-25.821
-17.718,-42.716,-47.8,25.33,13.009,-46.528,11.678,1.355,-19.728,-31.26,-30.071,-25.614
-20.166,-44.148,-49.083,27.211,12.91,-47.504,11.827,2.495,-18.431,-30.158,-29.76,-25.491
-20.463,-45.074,-50.449,28.022,14.019,-48.294,11.691,3.4059,-17.208,-29.095,-29.477,-25.399
-18.358,-45.353,-51.863,27.556,16.412,-48.838,11.28,4.1817,-15.976,-27.961,-29.088,-25.235
-13.992,-44.989,-53.295,25.83,19.968,-49.147,10.633,4.8991,-14.652,-26.652,-28.463,-24.9
-7.8919,-44.119,-54.72,23.077,24.376,-49.286,9.7925,5.593,-13.201,-25.119,-27.532,-24.351
-0.84648,-42.941,-56.092,19.68,29.175,-49.328,8.7949,6.255,-11.655,-23.399,-26.326,-23.626
6.2756,-41.636,-57.33,16.075,33.845,-49.312,7.6694,6.8563,-10.093,-21.598,-24.959,-22.818
12.713,-40.304,-58.325,12.656,37.906,-49.21,6.4569,7.3848,-8.6027,-19.843,-23.578,-22.027
17.924,-38.953,-58.952,9.7197,41.005,-48.939,5.2271,7.871,-7.2348,-18.23,-22.297,-21.305
21.601,-37.529,-59.087,7.4413,42.943,-48.388,4.0795,8.3881,-5.9802,-16.78,-21.153,-20.64
23.647,-35.974,-58.637,5.8849,43.668,-47.457,3.1262,9.027,-4.7772,-15.446,-20.095,-19.964
24.146,-34.284,-57.548,5.0427,43.234,-46.105,2.4579,9.8589,-3.5421,-14.134,-19.022,-19.193
23.302,-32.538,-55.818,4.8704,41.762,-44.37,2.1128,10.901,-2.2122,-12.76,-17.827,-18.266
21.369,-30.887,-53.491,5.2894,39.41,-42.362,2.0683,12.098,-0.78233,-11.287,-16.463,-17.184
18.607,-29.485,-50.654,6.172,36.358,-40.215,2.2563,13.328,0.68274,-9.7535,-14.963,-16.003
15.239,-28.407,-47.416,7.3631,32.785,-38.038,2.5923,14.437,2.0668,-8.2604,-13.432,-14.822
11.425,-27.608,-43.898,8.7194,28.826,-35.874,3.0067,15.294,3.2464,-6.9245,-12.01,-13.739
7.3085,-26.933,-40.212,10.117,24.573,-33.705,3.4646,15.832,4.1512,-5.827,-10.807,-12.815
3.0481,-26.182,-36.445,11.434,20.099,-31.479,3.9659,16.076,4.7894,-4.9736,-9.8588,-12.045
-1.1847,-25.192,-32.659,12.551,15.499,-29.149,4.525,16.109,5.2498,-4.2914,-9.1128,-11.368
-5.1922,-23.892,-28.892,13.371,10.909,-26.711,5.1406,16.024,5.6546,-3.6719,-8.4407,-10.687
-8.7333,-22.306,-25.171,13.834,6.5057,-24.188,5.771,15.87,6.0975,-3.0133,-7.7056,-9.915
-11.532,-20.519,-21.515,13.907,2.5004,-21.612,6.3313,15.623,6.6028,-2.2702,-6.8268,-9.0173
-13.3,-18.604,-17.956,13.575,-0.86136,-18.997,6.7113,15.202,7.1232,-1.465,-5.814,-8.0197
-13.761,-16.602,-14.546,12.826,-3.3219,-16.341,6.8133,14.513,7.5709,-0.66988,-4.7556,-6.9933
-12.731,-14.52,-11.348,11.653,-4.6845,-13.64,6.5879,13.503,7.852,0.026508,-3.775,-6.0266
-10.257,-12.375,-8.4051,10.08,-4.919,-10.913,6.0473,12.184,7.9077,0.54862,-2.9815,-5.1925
-6.6964,-10.214,-5.6955,8.1948,-4.2421,-8.2143,5.2493,10.628,7.7212,0.85166,-2.4361,-4.5389
-2.6729,-8.1063,-3.129,6.1676,-3.1104,-5.6145,4.2676,8.9326,7.2997,0.92949,-2.1409,-4.0822
1.0448,-6.1171,-0.57578,4.2377,-2.1316,-3.1707,3.1708,7.2102,6.6811,0.81888,-2.0447,-3.8017
3.6807,-4.2847,2.0846,2.6699,-1.9344,-0.8962,2.0166,5.5747,5.9308,0.59688,-2.0621,-3.6402
4.5816,-2.6101,4.92,1.6925,-3.0183,1.2451,0.8564,4.1283,5.1492,0.36432,-2.1024,-3.5167
3.3469,-1.0585,7.9219,1.4396,-5.6096,3.3167,-0.25746,2.9339,4.441,0.21819,-2.0958,-3.3475
-0.046631,0.42599,11,1.9186,-9.5739,5.3737,-1.2746,2.0003,3.888,0.22607,-2.0095,-3.0663
-5.186,1.8988,13.994,3.0038,-14.436,7.4306,-2.1631,1.2816,3.5323,0.40851,-1.8334,-2.6372
-11.275,3.3796,16.707,4.4444,-19.508,9.4393,-2.9232,0.69813,3.3765,0.75096,-1.5698,-2.0587
-17.289,4.8324,18.951,5.9003,-24.063,11.293,-3.5794,0.1694,3.3951,1.2095,-1.2235,-1.3611
-22.196,6.1724,20.591,7.0205,-27.49,12.851,-4.1571,-0.35968,3.5462,1.7232,-0.80242,-0.60328
-25.171,7.3,21.573,7.5277,-29.375,13.982,-4.665,-0.91289,3.7701,2.2264,-0.32327,0.13551
-25.724,8.1559,21.932,7.2538,-29.532,14.621,-5.0937,-1.4975,4.0013,2.6623,0.18789,0.77467
-23.752,8.7677,21.777,6.1405,-28.028,14.806,-5.4244,-2.1104,4.1646,2.9942,0.70553,1.2688
-19.542,9.2288,21.243,4.2454,-25.176,14.659,-5.6398,-2.7452,4.1866,3.2133,1.2025,1.6191
-13.732,9.6365,20.428,1.7539,-21.457,14.313,-5.7332,-3.3992,4.0121,3.3199,1.6528,1.8544
-7.1916,10.026,19.338,-1.034,-17.371,13.833,-5.7161,-4.0887,3.621,3.3189,2.0275,1.9985
-0.77882,10.351,17.896,-3.7572,-13.292,13.209,-5.6166,-4.8527,3.0377,3.2227,2.3037,2.0599
4.8566,10.525,16.055,-6.0698,-9.4366,12.415,-5.4744,-5.734,2.3333,3.0674,2.4921,2.0542
9.2886,10.482,13.889,-7.7061,-5.9352,11.485,-5.3306,-6.7449,1.6222,2.9272,2.6631,2.0344
12.257,10.213,11.609,-8.515,-2.9201,10.53,-5.2189,-7.8536,1.0242,2.9054,2.9375,2.0832
13.666,9.7798,9.4898,-8.4677,-0.53832,9.7128,-5.1584,-8.9905,0.6306,3.0982,3.4362,2.2871
13.581,9.284,7.7922,-7.6511,1.0722,9.1858,-5.1509,-10.069,0.48534,3.5491,4.2137,2.6939
12.191,8.8367,6.7237,-6.255,1.8018,9.0522,-5.1807,-11.018,0.5627,4.2166,5.2103,3.2822
9.7661,8.5231,6.4209,-4.5425,1.5785,9.3399,-5.2166,-11.804,0.77976,4.9773,6.2572,3.9581
6.614,8.3752,6.9382,-2.7898,0.37351,9.9939,-5.2128,-12.43,1.0094,5.6652,7.1407,4.584
3.0348,8.3677,8.2316,-1.2092,-1.7911,10.887,-5.1174,-12.923,1.1248,6.1297,7.6968,5.0258
-0.72088,8.4571,10.147,0.083213,-4.8296,11.855,-4.8884,-13.322,1.0395,6.2884,7.8767,5.2004
-4.4526,8.6381,12.442,1.0236,-8.5735,12.76,-4.5078,-13.665,0.73483,6.1524,7.7461,5.1029
-7.9726,8.9539,14.853,1.5531,-12.761,13.54,-3.9887,-13.983,0.25795,5.815,7.4359,4.8042
-11.07,9.44,17.192,1.6452,-17.046,14.222,-3.3739,-14.289,-0.3068,5.4079,7.0868,4.4197
-13.513,10.065,19.373,1.3614,-21.024,14.868,-2.7236,-14.576,-0.87204,5.0548,6.8129,4.0694
-15.08,10.729,21.364,0.84357,-24.269,15.526,-2.0937,-14.822,-1.3691,4.8415,6.6875,3.8502
-15.577,11.313,23.127,0.24049,-26.423,16.198,-1.5164,-14.992,-1.7559,4.8082,6.7445,3.8231
-14.87,11.735,24.599,-0.36033,-27.274,16.853,-0.99674,-15.067,-2.0188,4.9524,6.9838,4.0073
-12.959,11.959,25.713,-0.93631,-26.772,17.446,-0.52447,-15.055,-2.1727,5.2347,7.3747,4.3782
-10.049,11.983,26.411,-1.4807,-25.035,17.924,-0.086676,-15.001,-2.2603,5.5843,7.8596,4.8725
-6.5578,11.799,26.655,-1.9504,-22.359,18.23,0.32656,-14.972,-2.3458,5.908,8.3561,5.3976
-3.0482,11.375,26.428,-2.2443,-19.207,18.286,0.71918,-15.033,-2.5041,6.1016,8.7605,5.8456
-0.1288,10.652,25.771,-2.2151,-16.151,18.005,1.087,-15.234,-2.8036,6.067,8.9556,6.1101
1.6419,9.5572,24.79,-1.704,-13.778,17.315,1.4195,-15.594,-3.2907,5.731,8.8286,6.1069
1.8521,8.0392,23.628,-0.59102,-12.569,16.185,1.706,-16.102,-3.9784,5.0638,8.3045,5.7971
0.31882,6.0998,22.398,1.1569,-12.775,14.641,1.9431,-16.722,-4.8431,4.093,7.3855,5.2032
-2.8689,3.817,21.146,3.4627,-14.349,12.762,2.1389,-17.399,-5.8292,2.9057,6.1708,4.4082
-7.3643,1.3332,19.852,6.1538,-16.947,10.666,2.3113,-18.073,-6.864,1.6311,4.8336,3.5309
-12.636,-1.1805,18.472,9.0031,-20.017,8.4876,2.4789,-18.696,-7.8796,0.40387,3.5654,2.6876
-18.07,-3.563,16.982,11.773,-22.969,6.3553,2.6509,-19.238,-8.8284,-0.67234,2.5197,1.9605
-23.043,-5.6892,15.404,14.247,-25.344,4.3787,2.8257,-19.689,-9.6838,-1.5427,1.7786,1.3866
-26.978,-7.48,13.806,16.245,-26.874,2.641,3.0007,-20.037,-10.428,-2.1966,1.3457,0.96358
-29.411,-8.8966,12.266,17.632,-27.398,1.1937,3.1851,-20.259,-11.041,-2.6521,1.1602,0.66307
-30.053,-9.9242,10.824,18.307,-26.819,0.049986,3.4055,-20.323,-11.505,-2.944,1.1212,0.43888
-28.832,-10.557,9.4578,18.21,-25.133,-0.81698,3.7004,-20.208,-11.814,-3.1181,1.1159,0.23298
-25.911,-10.798,8.0804,17.331,-22.461,-1.468,4.1074,-19.922,-11.993,-3.2273,1.0459,-0.01659
-21.654,-10.668,6.5785,15.732,-19.001,-1.9809,4.6502,-19.505,-12.093,-3.3244,0.84539,-0.36324
-16.504,-10.219,4.8712,13.541,-14.975,-2.4294,5.3312,-19.019,-12.171,-3.4504,0.48915,-0.83848
-10.883,-9.531,2.9553,10.943,-10.624,-2.8672,6.1332,-18.525,-12.265,-3.6219,-0.010558,-1.4442
-5.1926,-8.696,0.90441,8.1563,-6.2413,-3.3257,7.0276,-18.06,-12.376,-3.8269,-0.61297,-2.1543
0.14042,-7.8102,-1.169,5.413,-2.1629,-3.8217,7.9888,-17.629,-12.467,-4.0325,-1.2615,-2.9243
4.6823,-6.9756,-3.1574,2.9436,1.2834,-4.369,9.0076,-17.204,-12.488,-4.2065,-1.9009,-3.7072
8.0776,-6.3019,-4.9896,0.95977,3.8507,-4.988,10.1,-16.735,-12.407,-4.3476,-2.5013,-4.4737
10.126,-5.8986,-6.6482,-0.37196,5.4336,-5.7111,11.306,-16.163,-12.239,-4.5145,-3.0837,-5.2338
10.812,-5.8611,-8.1705,-0.95876,6.0912,-6.5838,12.682,-15.436,-12.053,-4.8372,-3.7352,-6.0501
10.293,-6.2574,-9.6243,-0.80168,6.0276,-7.6537,14.298,-14.512,-11.957,-5.4973,-4.598,-7.0318
8.8727,-7.1212,-11.066,0.0025046,5.5342,-8.9511,16.246,-13.359,-12.06,-6.6789,-5.8345,-8.3085
6.9614,-8.4581,-12.504,1.2868,4.9102,-10.474,18.666,-11.952,-12.433,-8.5147,-7.5845,-9.9939
5.0077,-10.263,-13.887,2.8748,4.3903,-12.185,21.68,-10.262,-13.078,-11.051,-9.9361,-12.153
3.3594,-12.534,-15.127,4.6602,4.1134,-14.031,24.41,-8.2331,-13.903,-14.225,-12.898,-14.777
2.1166,-15.266,-16.139,6.6543,4.121,-15.942,23.654,-5.7411,-14.704,-17.851,-16.37,-17.776
1.082,-18.419,-16.856,8.9497,4.3492,-17.836,20.934,-2.6108,-15.155,-21.601,-20.146,-20.996
-0.12248,-21.859,-17.23,11.62,4.6048,-19.594,21.81,0.8915,-14.762,-25.022,-23.954,-24.24
-1.8371,-25.325,-17.207,14.66,4.5636,-21.032,28.338,-0.27871,-12.771,-27.461,-27.375,-27.184
-4.3032,-28.409,-16.7,18.035,3.8101,-21.897,40.97,-12.521,-7.9608,-27.905,-29.581,-29.201
-7.9518,-30.591,-15.582,21.698,1.9226,-21.889,59.858,-6.3511,-2.7537,-25.379,-29.568,-29.445
-13.644,-31.374,-13.698,25.538,-1.3922,-20.74,84.399,6.2119,-14.591,-33.01,-31.98,-28.995
-22.273,-31.375,-10.876,30.213,-6.1468,-18.471,112.05,21.215,-20.206,-88.189,-79.667,-51.498
-38.175,-43.765,-6.9229,47.923,-12.068,-16.835,140.52,36.531,-27.251,-119.1,-116.73,-89.009
-72.378,-69.059,-1.5708,73.523,-18.876,-23.921,169.26,51.922,-33.884,-147.36,-145.4,-110.95
-97.164,-81.448,5.5866,90.839,-26.274,-34.366,197.43,69.321,-35.692,-166.64,-164.93,-126.02
-113.04,-86.308,15.07,101.72,-32.891,-32.405,223.31,90.552,-26.029,-167.51,-166.72,-128.3
-117.41,-79.881,27.366,101.73,-36.207,-21.853,246.67,124.72,2.2567,-138.67,-141.73,-111.26
-108.19,-57.756,43.208,86.75,-35.604,-3.0455,269.85,182.59,57.143,-68.81,-82.209,-69.437
-83.91,-16.56,61.961,53.534,-35.076,25.461,295.09,269.46,152.94,49.099,16.262,0.28374
-41.346,45.352,81.413,-0.35111,-44.89,64.207,320.41,383.89,296.86,213.49,153.78,98.163
21.751,127.52,100.65,-75.601,-44.268,112.47,341.66,514.35,466.56,416.28,325.69,221.72
103.26,227.08,119.34,-169.15,-15.353,168.75,353.04,639.42,655.45,649.56,524.27,365.7
196.19,338.37,138.43,-273.7,21.054,231.64,348.64,734.06,849.17,907.61,741.46,522.93
288.96,453.42,161.08,-379.2,54.878,300.1,326.28,777.77,1029.1,1180.6,968.03,685.41
367.43,564.62,192.37,-474.7,75.899,373.5,288.72,761.77,1181.2,1453.9,1192.9,844.82
418.14,666.69,239,-550.78,76.365,451.21,242.93,692.06,1299.8,1711.5,1403.4,992.29
431.74,755.26,306.62,-601.34,50.677,531.53,197.92,586.26,1384.1,1936.8,1584.8,1117.8
404.78,824.61,393.36,-622.92,-3.7655,610.73,161.02,465.38,1432.4,2110.4,1720.3,1210.1
339.61,868,490.57,-613.03,-83.138,682.66,135.57,344.87,1439.7,2210.1,1792.5,1258.4
244.34,879.55,587.87,-571.04,-176.6,739.26,118.48,232.32,1398.3,2215.1,1787.2,1255
132.61,856.21,671.85,-501.06,-270.09,771.99,104.32,128.96,1300.8,2111.7,1698.8,1197.7
20.355,798.94,729.42,-412.09,-348.89,774.08,88.702,30.865,1144.3,1900.2,1532.8,1090.6
-79.085,712.42,751.43,-314.59,-403.73,742.88,68.511,-67.752,934.47,1597.7,1305.9,943.88
-158.18,604.49,734.89,-217.47,-430.61,681,41.509,-172.78,686.77,1236.4,1042.1,771.27
-213.46,485.78,683.29,-127.21,-430.48,595.58,5.9494,-281.17,424.54,857.07,767.79,588.35
-244.46,368.09,605.03,-50.394,-407.67,496.42,-36.032,-382.99,172.71,499.92,507.45,410.4
-252.94,261.11,511,4.4525,-367.97,394.01,-76.687,-471.05,-48.789,196.19,280.22,250.39
-241.82,169.93,412.21,38.749,-317.27,297.64,-106.88,-534.78,-223.76,-36.449,96.6,116.62
-215.23,96.661,318.12,57.193,-261.15,213.81,-120.48,-564,-339.35,-183.9,-33.606,14.043
-179.04,44.878,235.5,63.086,-204.9,145.26,-115.87,-552.91,-392.31,-254.7,-102,-49.203
-138.89,15.526,167.86,59.895,-153.24,93.081,-96.536,-502.26,-388.72,-262.73,-123.24,-76.154
-100.01,3.1998,115.64,47.099,-109.86,57.258,-71.825,-419.63,-341.08,-225.56,-115.27,-78.175
-66.733,-0.002168,76.643,9.3697,-75.253,35.083,-52.421,-317.62,-266.38,-167.08,-93.733,-67.016
-41.138,0.66635,47.758,5.9473,-46.996,22.253,-42.929,-213.06,-182.08,-110.54,-69.865,-51.685
-24.638,10.153,26.174,7.1846,-24.606,14.483,-40.569,-120.89,-104.69,-67.749,-49.8,-37.412
-14.108,25.676,10.022,6.9591,-8.6676,9.4986,-39.519,-49.668,-51.471,-39.882,-27.059,-14.697
-6.5834,18.335,-1.6273,6.3552,1.7094,12.232,-36.584,-3.0351,-23.987,-47.93,-22.673,-9.4446
0.13873,7.167,-5.34,5.8276,9.2281,16.71,-31.582,19.153,-16.056,-54.191,-31.743,-16.326
4.9915,0.18879,1.6118,5.6474,13.684,8.6285,-25.396,24.075,-20.059,-54.561,-36.426,-20.544
6.0166,-4.0707,-0.87506,6.0163,9.9073,0.94032,-18.988,19.783,-26.361,-52.399,-37.674,-22.373
3.8582,-6.8621,-5.5547,7.0309,7.1161,-3.9001,-13.554,11.858,-32.655,-48.372,-36.884,-22.632
-0.55698,-8.8267,-8.4911,8.6339,4.6732,-6.9737,-9.9659,4.1207,-38.739,-43.619,-35.3,-22.157
-6.3593,-10.298,-9.9587,10.603,1.1008,-9.0237,-7.7449,-1.4967,-35.717,-39.615,-33.86,-21.633
-12.559,-11.422,-10.505,12.594,-3.2072,-10.447,-6.2272,-11.814,-30.478,-37.177,-33.123,-21.49
-18.104,-12.232,-10.576,14.234,-7.4218,-11.459,-5.0985,-9.0796,-27.398,-36.471,-33.282,-21.894
-22.078,-12.735,-10.53,15.237,-10.716,-12.191,-4.2102,-5.6567,-26.094,-37.221,-34.238,-22.781
-23.919,-12.977,-10.645,15.483,-12.483,-12.753,-3.4732,-3.6269,-26.074,-38.904,-35.718,-23.948
-23.531,-13.073,-11.113,15.048,-12.469,-13.256,-2.8388,-2.5284,-26.76,-40.946,-37.398,-25.145
-21.234,-13.187,-12.015,14.151,-10.809,-13.807,-2.2952,-1.9211,-27.636,-42.883,-38.98,-26.154
-17.631,-13.474,-13.33,13.075,-7.9263,-14.485,-1.8562,-1.4917,-28.366,-44.437,-40.25,-26.841
-13.464,-14.018,-14.964,12.082,-4.367,-15.317,-1.5347,-1.0636,-28.802,-45.509,-41.11,-27.172
-9.4432,-14.801,-16.811,11.345,-0.63841,-16.283,-1.3136,-0.57207,-28.944,-46.153,-41.576,-27.211
-6.0543,-15.713,-18.798,10.916,2.9111,-17.332,-1.136,-0.019408,-28.884,-46.514,-41.759,-27.085
-3.4699,-16.608,-20.912,10.736,6.1431,-18.429,-0.92233,0.5749,-28.748,-46.772,-41.828,-26.944
-1.6282,-17.387,-23.171,10.699,9.0713,-19.579,-0.60546,1.1964,-28.655,-47.093,-41.96,-26.926
-0.36808,-18.058,-25.573,10.727,11.735,-20.831,-0.16172,1.8212,-28.685,-47.594,-42.306,-27.133
0.46537,-18.739,-28.06,10.806,14.113,-22.255,0.37964,2.3983,-28.878,-48.328,-42.959,-27.619
0.95594,-19.601,-30.539,10.977,16.116,-23.907,0.95298,2.8535,-29.237,-49.294,-43.941,-28.396
1.0977,-20.79,-32.912,11.309,17.614,-25.807,1.4878,3.1139,-29.739,-50.446,-45.211,-29.427
0.80745,-22.349,-35.108,11.859,18.472,-27.926,1.9427,3.1401,-30.354,-51.719,-46.69,-30.651
-0.035821,-24.19,-37.121,12.651,18.63,-30.191,2.3265,2.9549,-31.038,-53.038,-48.284,-31.983
-1.5311,-26.121,-39.023,13.653,18.171,-32.493,2.6956,2.6539,-31.743,-54.331,-49.9,-33.331
-3.6916,-27.923,-40.936,14.789,17.321,-34.72,3.1293,2.3839,-32.406,-55.527,-51.452,-34.601
-6.3705,-29.447,-42.979,15.98,16.404,-36.791,3.6924,2.2911,-32.968,-56.561,-52.867,-35.719
-9.2103,-30.676,-45.23,17.164,15.773,-38.699,4.4049,2.4635,-33.38,-57.389,-54.081,-36.637
-11.703,-31.724,-47.717,18.296,15.728,-40.501,5.2296,2.8994,-33.62,-57.991,-55.049,-37.353
-13.353,-32.773,-50.442,19.316,16.482,-42.301,6.0856,3.5161,-33.693,-58.369,-55.743,-37.897
-13.798,-33.976,-53.391,20.131,18.18,-44.191,6.8823,4.1959,-33.629,-58.547,-56.157,-38.323
-12.809,-35.384,-56.534,20.608,20.936,-46.204,7.5651,4.8479,-33.465,-58.559,-56.307,-38.683
-10.251,-36.912,-59.811,20.596,24.818,-48.293,8.1513,5.4594,-33.226,-58.433,-56.233,-39.016
-6.142,-38.382,-63.137,19.973,29.767,-50.351,8.7369,6.111,-32.911,-58.18,-55.987,-39.34
-0.75208,-39.605,-66.41,18.722,35.521,-52.262,9.462,6.9443,-32.498,-57.794,-55.626,-39.654
5.3856,-40.496,-69.517,16.978,41.594,-53.959,10.452,8.0989,-31.965,-57.273,-55.216,-39.964
11.539,-41.126,-72.347,15.039,47.362,-55.456,11.763,9.6499,-31.314,-56.635,-54.829,-40.293
16.877,-41.703,-74.797,13.305,52.187,-56.819,13.365,11.579,-30.579,-55.921,-54.527,-40.679
20.607,-42.459,-76.773,12.183,55.53,-58.125,15.157,13.797,-29.801,-55.171,-54.341,-41.14
22.136,-43.532,-78.192,11.968,57.031,-59.398,17.012,16.193,-28.996,-54.395,-54.244,-41.652
21.215,-44.895,-79.001,12.76,56.573,-60.596,18.817,18.688,-28.146,-53.569,-54.162,-42.146
17.992,-46.391,-79.197,14.449,54.296,-61.64,20.492,21.238,-27.214,-52.648,-54.01,-42.539
12.946,-47.822,-78.85,16.767,50.532,-62.457,22,23.818,-26.178,-51.604,-53.727,-42.776
6.749,-49.039,-78.087,19.39,45.746,-63.016,23.327,26.399,-25.056,-50.443,-53.299,-42.846
0.13693,-49.987,-77.079,22.029,40.511,-63.342,24.464,28.939,-23.903,-49.204,-52.75,-42.78
-6.186,-50.709,-76.004,24.467,35.474,-63.499,25.417,31.382,-22.797,-47.948,-52.135,-42.633
-11.638,-51.301,-75.02,26.572,31.235,-63.575,26.204,33.661,-21.813,-46.739,-51.513,-42.459
-15.81,-51.859,-74.25,28.264,28.192,-63.645,26.841,35.716,-20.994,-45.624,-50.933,-42.292
-18.427,-52.416,-73.764,29.475,26.497,-63.742,27.314,37.513,-20.338,-44.625,-50.411,-42.128
-19.303,-52.916,-73.586,30.126,26.144,-63.842,27.587,39.043,-19.802,-43.729,-49.92,-41.923
-18.382,-53.236,-73.699,30.143,27.074,-63.88,27.624,40.305,-19.322,-42.903,-49.403,-41.609
-15.805,-53.231,-74.059,29.494,29.201,-63.777,27.414,41.283,-18.847,-42.103,-48.793,-41.122
-11.911,-52.802,-74.595,28.205,32.368,-63.483,26.963,41.939,-18.354,-41.296,-48.039,-40.423
-7.1284,-51.937,-75.223,26.373,36.297,-62.999,26.279,42.229,-17.869,-40.472,-47.133,-39.519
-1.894,-50.726,-75.85,24.158,40.589,-62.378,25.367,42.121,-17.45,-39.648,-46.108,-38.451
3.3652,-49.336,-76.385,21.774,44.765,-61.702,24.237,41.606,-17.167,-38.861,-45.024,-37.28
8.2039,-47.951,-76.721,19.459,48.344,-61.042,22.9,40.717,-17.065,-38.142,-43.932,-36.055
12.165,-46.695,-76.734,17.432,50.895,-60.417,21.363,39.529,-17.125,-37.483,-42.839,-34.792
14.827,-45.605,-76.285,15.871,52.086,-59.779,19.628,38.145,-17.263,-36.821,-41.692,-33.457
15.871,-44.641,-75.262,14.893,51.717,-59.041,17.686,36.661,-17.354,-36.052,-40.389,-31.988
15.127,-43.744,-73.631,14.56,49.754,-58.13,15.518,35.129,-17.277,-35.061,-38.819,-30.315
12.602,-42.893,-71.452,14.889,46.345,-57.018,13.09,33.531,-16.962,-33.757,-36.899,-28.393
8.4894,-42.101,-68.847,15.863,41.799,-55.716,10.374,31.827,-16.394,-32.088,-34.592,-26.207
3.1584,-41.384,-65.928,17.419,36.525,-54.225,7.37,30.015,-15.586,-30.022,-31.896,-23.752
-2.8729,-40.701,-62.748,19.428,30.971,-52.492,4.1273,28.176,-14.537,-27.528,-28.817,-21.019
-9.0021,-39.939,-59.286,21.682,25.555,-50.404,0.74788,26.462,-13.221,-24.571,-25.356,-17.989
-14.63,-38.918,-55.482,23.907,20.621,-47.818,-2.6304,25.032,-11.585,-21.122,-21.502,-14.636
-19.247,-37.433,-51.301,25.785,16.417,-44.623,-5.863,23.996,-9.585,-17.179,-17.241,-10.919
-22.488,-35.287,-46.794,26.99,13.093,-40.805,-8.8409,23.374,-7.205,-12.776,-12.559,-6.7776
-24.163,-32.329,-42.127,27.219,10.682,-36.481,-11.533,23.09,-4.4819,-7.9822,-7.4439,-2.1229
-24.23,-28.451,-37.518,26.236,9.0768,-31.847,-14.004,22.998,-1.5,-2.8744,-1.8686,3.1495
-22.785,-23.584,-33.109,23.919,8.0464,-27.063,-16.401,22.934,1.6277,2.4863,4.2163,9.1326
-20.062,-17.739,-28.888,20.303,7.3107,-22.182,-18.925,22.771,4.7914,8.0743,10.878,15.878
-16.393,-11.104,-24.729,15.609,6.6326,-17.188,-21.804,22.447,7.9123,13.898,18.185,23.381
-12.102,-4.0163,-20.493,10.201,5.8845,-12.065,-25.268,21.966,10.955,19.985,26.18,31.588
-7.415,3.2292,-16.117,4.4596,5.0738,-6.8179,-29.48,21.374,13.927,26.362,34.884,40.413
-2.4556,10.528,-11.646,-1.352,4.3182,-1.4586,-34.416,20.73,16.865,33.058,44.309,49.764
2.6641,17.962,-7.198,-7.1334,3.773,4.006,-39.772,20.074,19.843,40.136,54.521,59.583
7.7367,25.749,-2.9101,-12.923,3.5322,9.5867,-45.077,19.415,22.965,47.743,65.67,69.874
12.458,34.197,1.1243,-18.853,3.5523,15.325,-50.015,18.716,26.344,56.113,77.939,80.684
16.51,43.596,4.8815,-25.105,3.6415,21.289,-54.583,17.898,30.047,65.493,91.373,91.994
19.617,54.028,8.4098,-31.808,3.5249,27.553,-58.966,16.866,34.035,75.993,105.7,103.63
21.536,65.166,11.812,-38.821,2.9558,34.177,-63.328,15.553,38.154,87.461,120.34,115.3
22.098,76.35,15.221,-45.609,1.8215,41.201,-67.685,13.965,42.209,99.484,134.65,126.64
21.379,86.973,18.774,-51.575,0.1998,48.671,-71.909,12.188,46.055,111.54,148.21,137.44
19.86,96.754,22.595,-56.57,-1.6563,56.621,-75.819,10.358,49.64,123.18,160.84,147.59
18.373,105.67,26.774,-60.98,-3.3939,64.981,-79.288,8.6079,52.966,134.09,172.55,157.09
17.839,113.79,31.349,-65.391,-4.6646,73.48,-82.292,7.0199,56.044,144.14,183.41,166.01
18.908,121.16,36.28,-70.228,-5.2294,81.686,-84.901,5.6017,58.86,153.29,193.53,174.45
21.678,127.92,41.457,-75.6,-5.0514,89.207,-87.227,4.3018,61.398,161.62,203.02,182.53
25.692,134.2,46.775,-81.358,-4.3559,95.89,-89.368,3.046,63.663,169.28,212.04,190.38
30.177,140.22,52.215,-87.23,-3.6109,101.86,-91.365,1.7738,65.689,176.42,220.75,198.14
34.343,146.13,57.821,-92.909,-3.3902,107.4,-93.213,0.45645,67.527,183.19,229.27,205.9
37.555,152.08,63.621,-98.109,-4.162,112.79,-94.899,-0.90873,69.21,189.7,237.73,213.7
39.399,158.12,69.594,-102.66,-6.0997,118.2,-96.449,-2.3168,70.733,195.99,246.15,221.53
39.763,164.22,75.674,-106.62,-9.0144,123.67,-97.941,-3.7717,72.053,202.06,254.52,229.34
38.964,170.31,81.762,-110.24,-12.426,129.14,-99.469,-5.2904,73.128,207.88,262.82,237.07
37.748,176.37,87.742,-113.83,-15.72,134.52,-101.11,-6.8968,73.942,213.42,271.02,244.7
37.039,182.44,93.51,-117.6,-18.322,139.76,-102.89,-8.6173,74.534,218.64,279.04,252.2
37.523,188.49,98.972,-121.46,-19.825,144.83,-104.82,-10.479,74.98,223.52,286.78,259.52
39.325,194.35,104.05,-125.15,-20.06,149.69,-106.89,-12.505,75.372,228.05,294.08,266.53
42.034,199.77,108.67,-128.48,-19.174,154.35,-109.07,-14.693,75.782,232.25,300.82,273.11
44.899,204.6,112.88,-131.37,-17.692,158.85,-111.27,-17.001,76.245,236.15,306.91,279.15
47.057,208.84,116.78,-133.66,-16.438,163.22,-113.35,-19.342,76.754,239.8,312.36,284.59
47.775,212.58,120.53,-135.1,-16.278,167.51,-115.15,-21.606,77.279,243.18,317.17,289.45
46.643,215.99,124.26,-135.59,-17.795,171.72,-116.5,-23.675,77.788,246.26,321.42,293.78
43.727,219.22,128.02,-135.32,-21.064,175.82,-117.31,-25.448,78.268,249.03,325.21,297.67
39.584,222.42,131.72,-134.74,-25.656,179.69,-117.56,-26.848,78.733,251.51,328.66,301.25
35.167,225.7,135.21,-134.4,-30.784,183.24,-117.24,-27.832,79.218,253.79,331.91,304.6
31.636,229.16,138.31,-134.75,-35.506,186.42,-116.34,-28.399,79.771,255.98,335.07,307.82
30.061,232.82,140.91,-136.07,-38.969,189.25,-114.84,-28.581,80.442,258.19,338.22,310.91
31.043,236.56,142.95,-138.38,-40.645,191.72,-112.71,-28.432,81.268,260.5,341.32,313.83
34.483,240.1,144.41,-141.44,-40.448,193.77,-109.98,-27.997,82.276,262.92,344.27,316.46
39.622,243.1,145.3,-144.76,-38.701,195.29,-106.72,-27.285,83.49,265.41,346.95,318.68
45.263,245.25,145.64,-147.77,-35.984,196.19,-102.98,-26.263,84.938,267.9,349.25,320.38
50.131,246.39,145.45,-149.94,-32.945,196.42,-98.782,-24.867,86.65,270.33,351.11,321.51
53.306,246.54,144.72,-151.05,-30.129,196.01,-94.076,-23.027,88.644,272.68,352.51,322.07
54.562,245.82,143.47,-151.21,-27.828,195.01,-88.728,-20.702,90.908,274.9,353.42,322.03
54.303,244.3,141.69,-150.62,-26.033,193.44,-82.586,-17.898,93.387,276.91,353.78,321.34
53.19,241.92,139.31,-149.4,-24.573,191.25,-75.62,-14.667,95.989,278.57,353.44,319.89
51.781,238.53,136.33,-147.47,-23.292,188.33,-68.065,-11.09,98.598,279.7,352.23,317.6
50.333,234.05,132.81,-144.73,-22.116,184.63,-60.325,-7.2268,101.09,280.13,350.04,314.38
48.774,228.52,128.88,-141.22,-21.051,180.17,-52.67,-3.0775,103.39,279.74,346.82,310.24
46.83,222.1,124.78,-137.14,-20.191,175.08,-45.068,1.4104,105.45,278.53,342.58,305.2
44.221,215.01,120.69,-132.66,-19.669,169.6,-37.298,6.2927,107.29,276.56,337.37,299.31
40.837,207.5,116.71,-127.93,-19.566,163.9,-29.172,11.59,108.96,273.94,331.26,292.56
36.83,199.79,112.81,-123.05,-19.845,158.12,-20.721,17.261,110.49,270.77,324.29,284.97
32.585,192.04,108.82,-118.11,-20.346,152.3,-12.236,23.185,111.88,267.09,316.47,276.56
28.579,184.3,104.51,-113.19,-20.834,146.43,-4.093,29.148,113.08,262.92,307.81,267.37
25.202,176.59,99.663,-108.35,-21.063,140.42,3.4835,34.889,114.05,258.22,298.31,257.47
22.651,168.91,94.149,-103.53,-20.846,134.13,10.442,40.173,114.72,252.94,288.01,247
20.926,161.22,87.958,-98.621,-20.083,127.45,16.764,44.863,115.1,247.07,277.02,236.09
19.894,153.4,81.25,-93.447,-18.773,120.25,22.388,48.928,115.18,240.57,265.49,224.93
19.35,145.27,74.319,-87.82,-16.991,112.54,27.238,52.384,114.96,233.47,253.64,213.69
19.077,136.67,67.468,-81.586,-14.865,104.4,31.3,55.244,114.41,225.84,241.69,202.5
18.883,127.52,60.84,-74.688,-12.531,95.971,34.674,57.501,113.5,217.76,229.74,191.39
18.599,117.8,54.355,-67.211,-10.095,87.356,37.518,59.155,112.18,209.27,217.82,180.37
18.042,107.57,47.807,-59.393,-7.6431,78.566,39.935,60.235,110.41,200.4,205.91,169.38
16.991,96.932,41.076,-51.547,-5.2905,69.592,41.919,60.791,108.19,191.09,193.92,158.37
15.188,86.028,34.258,-43.887,-3.2324,60.503,43.361,60.884,105.52,181.28,181.8,147.3
12.397,75.005,27.645,-36.398,-1.7221,51.488,44.122,60.565,102.43,170.91,169.49,136.12
8.5173,63.994,21.564,-28.957,-0.97647,42.82,44.112,59.879,98.958,159.95,156.91,124.75
3.7088,53.195,16.233,-21.582,-1.074,34.773,43.337,58.86,95.137,148.43,144.01,113.11
-1.5776,42.952,11.712,-14.554,-1.8958,27.542,41.901,57.536,91.005,136.4,130.72,101.13
-6.7054,33.696,7.9492,-8.3014,-3.1302,21.226,39.954,55.925,86.602,123.94,117.06,88.832
-10.997,25.759,4.854,-3.1875,-4.3481,15.842,37.644,54.029,81.957,111.16,103.1,76.429
-13.832,19.26,2.3422,0.59347,-5.1298,11.357,35.08,51.839,77.087,98.219,89.112,64.357
-14.725,14.108,0.34069,3.003,-5.1749,7.6999,32.334,49.34,72.008,85.409,75.543,53.192
-13.485,10.08,-1.2266,4.1399,-4.3418,4.7697,29.45,46.513,66.758,73.152,62.977,43.418
-10.404,6.9237,-2.4389,4.2626,-2.6682,2.4567,26.469,43.341,61.436,61.923,51.922,35.257
-6.2761,4.4417,-3.354,3.7864,-0.41492,0.67992,23.442,39.845,56.207,52.098,42.641,28.665
-2.1514,2.5313,-3.9786,3.1858,1.9232,-0.59088,20.449,36.119,51.273,43.829,35.101,23.443
0.91852,1.1681,-4.2681,2.8596,3.7034,-1.3533,17.595,32.319,46.791,37.04,29.063,19.344
1.9966,0.34025,-4.1688,3.0692,4.3016,-1.6241,14.989,28.601,42.801,31.502,24.199,16.124
0.48518,-0.020836,-3.6784,3.9387,3.3109,-1.4885,12.704,25.048,39.192,26.919,20.188,13.57
-3.5804,-0.065165,-2.883,5.4488,0.68795,-1.112,10.763,21.656,35.732,22.991,16.767,11.492
-9.5007,0.0083178,-1.9472,7.4251,-3.2277,-0.70413,9.1383,18.377,32.165,19.459,13.752,9.7325
-16.135,0.016902,-1.0607,9.5576,-7.7867,-0.45018,7.7764,15.179,28.326,16.136,11.031,8.1763
-22.217,-0.13156,-0.37337,11.452,-12.137,-0.44347,6.6269,12.082,24.239,12.936,8.5549,6.7616
-26.579,-0.39157,0.042043,12.691,-15.412,-0.65807,5.663,9.1435,20.104,9.8693,6.3216,5.4848
-28.297,-0.61224,0.18747,12.938,-16.983,-0.97657,4.8823,6.4227,16.205,7.0175,4.368,4.3869
-26.921,-0.63193,0.11079,12.059,-16.606,-1.2478,4.2875,3.9629,12.774,4.4939,2.7536,3.5267
-22.672,-0.36015,-0.12839,10.2,-14.397,-1.3453,3.861,1.7814,9.9225,2.3947,1.5336,2.9504
-16.428,0.18575,-0.48252,7.7423,-10.781,-1.2136,3.5499,-0.14912,7.6325,0.75569,0.7226,2.6636
-9.481,0.8767,-0.92461,5.1943,-6.4346,-0.89387,3.2719,-1.9073,5.781,-0.47549,0.26596,2.613
-3.1894,1.4983,-1.4433,3.0633,-2.138,-0.51203,2.9377,-3.5968,4.1755,-1.4345,0.037371,2.688
1.3736,1.8164,-2.0242,1.7409,1.3945,-0.22858,2.4836,-5.3009,2.6099,-2.2981,-0.12866,2.7498
3.6451,1.6728,-2.6215,1.4149,3.6543,-0.16745,1.8983,-7.0433,0.92697,-3.2247,-0.386,2.6763
3.5947,1.077,-3.1385,2.0257,4.4042,-0.35658,1.2267,-8.7786,-0.94226,-4.3098,-0.83373,2.4028
1.6449,0.23517,-3.4404,3.289,3.6742,-0.70953,0.54968,-10.421,-2.9833,-5.5736,-1.4978,1.9384
-1.5006,-0.54193,-3.4019,4.7882,1.7333,-1.0703,-0.050913,-11.899,-5.1379,-6.9817,-2.3394,1.3479
-5.1025,-1.019,-2.9689,6.1199,-0.97179,-1.3067,-0.52513,-13.201,-7.3501,-8.4804,-3.2818,0.71194
-8.5366,-1.1806,-2.1979,7.0496,-3.9445,-1.3896,-0.87211,-14.389,-9.5917,-10.03,-4.2418,0.088355
-11.401,-1.2376,-1.248,7.6122,-6.7742,-1.4027,-1.1339,-15.566,-11.857,-11.617,-5.154,-0.49812
-13.604,-1.492,-0.32022,8.0695,-9.2027,-1.4811,-1.3686,-16.822,-14.138,-13.237,-5.9795,-1.0533
-15.324,-2.1627,0.43088,8.7305,-11.135,-1.7283,-1.6167,-18.163,-16.396,-14.875,-6.7016,-1.5839
-16.837,-3.2959,0.9549,9.78,-12.616,-2.165,-1.8788,-19.509,-18.564,-16.486,-7.3174,-2.0805
-18.353,-4.7783,1.299,11.23,-13.771,-2.7267,-2.1161,-20.731,-20.562,-18.009,-7.8337,-2.5187
-19.951,-6.3889,1.5484,12.946,-14.713,-3.2979,-2.2742,-21.717,-22.329,-19.388,-8.2691,-2.8746
-21.556,-7.8541,1.7582,14.676,-15.469,-3.7597,-2.3104,-22.42,-23.838,-20.603,-8.6581,-3.1395
-22.955,-8.9173,1.9141,16.115,-15.966,-4.0368,-2.2101,-22.882,-25.113,-21.676,-9.0517,-3.3303
-23.851,-9.4248,1.9363,16.999,-16.064,-4.1303,-1.98,-23.206,-26.217,-22.671,-9.5138,-3.4863
-24.014,-9.3885,1.7171,17.201,-15.642,-4.1232,-1.6327,-23.52,-27.238,-23.67,-10.109,-3.6712
-23.364,-8.9825,1.1785,16.766,-14.671,-4.1478,-1.1754,-23.917,-28.259,-24.746,-10.896,-3.9619
-21.973,-8.4547,0.31796,15.867,-13.227,-4.3189,-0.60583,-24.433,-29.322,-25.94,-11.902,-4.4233
-20.005,-8.0025,-0.78383,14.717,-11.453,-4.6731,0.084766,-25.036,-30.421,-27.244,-13.11,-5.0816
-17.676,-7.71,-1.9948,13.496,-9.5123,-5.1552,0.90212,-25.642,-31.515,-28.61,-14.462,-5.9129
-15.192,-7.5566,-3.1776,12.306,-7.5443,-5.6636,1.8452,-26.154,-32.54,-29.967,-15.876,-6.852
-12.673,-7.458,-4.2248,11.164,-5.6423,-6.0957,2.899,-26.509,-33.441,-31.25,-17.268,-7.8175
-10.14,-7.3039,-5.0718,10.018,-3.8563,-6.3819,4.0337,-26.696,-34.179,-32.418,-18.575,-8.7393
-7.5722,-7.0081,-5.7031,8.802,-2.2208,-6.504,5.2064,-26.752,-34.749,-33.456,-19.767,-9.5818
-5.0121,-6.563,-6.1376,7.5009,-0.78805,-6.502,6.3652,-26.749,-35.174,-34.383,-20.856,-10.354
-2.6223,-6.0607,-6.4111,6.1957,0.35235,-6.463,7.4557,-26.765,-35.495,-35.236,-21.884,-11.101
-0.68687,-5.6703,-6.561,5.0669,1.0812,-6.486,8.4301,-26.865,-35.765,-36.059,-22.911,-11.886
0.43239,-5.5701,-6.6234,4.3546,1.2768,-6.6461,9.2541,-27.084,-36.03,-36.888,-23.991,-12.768
0.37502,-5.8696,-6.6479,4.2802,0.85047,-6.9749,9.9069,-27.425,-36.326,-37.743,-25.158,-13.773
-1.124,-6.5666,-6.7125,4.9627,-0.21573,-7.468,10.375,-27.875,-36.677,-38.632,-26.415,-14.898
-4.1419,-7.5627,-6.9209,6.3777,-1.8454,-8.1059,10.65,-28.419,-37.093,-39.556,-27.742,-16.117
-8.4697,-8.7193,-7.3699,8.3667,-3.8647,-8.8689,10.727,-29.052,-37.574,-40.506,-29.098,-17.387
-13.549,-9.9157,-8.1082,10.67,-6.0105,-9.7394,10.621,-29.785,-38.107,-41.46,-30.421,-18.653
-18.547,-11.08,-9.1226,12.968,-7.9301,-10.703,10.361,-30.65,-38.679,-42.39,-31.643,-19.861
-22.585,-12.19,-10.36,14.931,-9.2041,-11.753,10.001,-31.685,-39.281,-43.275,-32.701,-20.968
-24.947,-13.26,-11.769,16.272,-9.4469,-12.903,9.5969,-32.925,-39.921,-44.122,-33.567,-21.959
-25.143,-14.319,-13.34,16.792,-8.4321,-14.18,9.1975,-34.385,-40.628,-44.97,-34.266,-22.853
-22.957,-15.389,-15.105,16.41,-6.124,-15.611,8.8367,-36.061,-41.438,-45.881,-34.865,-23.684
-18.57,-16.479,-17.1,15.201,-2.6479,-17.194,8.5326,-37.91,-42.392,-46.914,-35.456,-24.49
-12.591,-17.596,-19.315,13.404,1.7106,-18.893,8.2932,-39.862,-43.504,-48.098,-36.124,-25.295
-5.9306,-18.735,-21.657,11.385,6.5146,-20.634,8.1259,-41.821,-44.758,-49.416,-36.912,-26.1
0.42129,-19.888,-23.956,9.5529,11.222,-22.31,8.0378,-43.693,-46.105,-50.805,-37.803,-26.884
5.5682,-21.041,-25.999,8.2702,15.255,-23.81,8.0343,-45.39,-47.471,-52.172,-38.736,-27.61
8.8033,-22.184,-27.586,7.7939,18.098,-25.046,8.1096,-46.85,-48.777,-53.43,-39.626,-28.243
9.7028,-23.328,-28.574,8.2462,19.384,-25.987,8.2392,-48.044,-49.954,-54.517,-40.413,-28.758
8.2013,-24.484,-28.922,9.6021,18.973,-26.658,8.3816,-48.971,-50.959,-55.42,-41.076,-29.154
4.5908,-25.653,-28.701,11.695,16.978,-27.133,8.4899,-49.64,-51.787,-56.165,-41.635,-29.456
-0.56498,-26.819,-28.069,14.254,13.726,-27.509,8.528,-50.054,-52.457,-56.8,-42.133,-29.7
-6.5694,-27.959,-27.208,16.972,9.6606,-27.87,8.4835,-50.206,-52.99,-57.37,-42.613,-29.924
-12.725,-29.061,-26.241,19.581,5.2362,-28.255,8.37,-50.08,-53.396,-57.886,-43.087,-30.141
-18.422,-30.13,-25.187,21.909,0.84925,-28.638,8.2175,-49.661,-53.65,-58.317,-43.528,-30.332
-23.194,-31.161,-23.977,23.893,-3.1836,-28.934,8.0579,-48.942,-53.698,-58.589,-43.862,-30.437
-26.757,-32.12,-22.549,25.526,-6.6224,-29.043,7.9094,-47.94,-53.475,-58.613,-43.992,-30.376
-28.999,-32.921,-20.95,26.796,-9.2821,-28.901,7.7642,-46.708,-52.946,-58.322,-43.836,-30.076
-29.966,-33.465,-19.365,27.656,-11.032,-28.528,7.5835,-45.343,-52.141,-57.712,-43.366,-29.512
-29.838,-33.68,-18.067,28.049,-11.803,-28.028,7.3062,-43.977,-51.164,-56.857,-42.634,-28.732
-28.853,-33.565,-17.314,27.939,-11.597,-27.557,6.8774,-42.746,-50.174,-55.896,-41.761,-27.847
-27.222,-33.192,-17.261,27.342,-10.505,-27.268,6.286,-41.75,-49.341,-55.003,-40.915,-27.009
-25.11,-32.685,-17.931,26.32,-8.7009,-27.277,5.5942,-41.005,-48.787,-54.342,-40.267,-26.376
-22.631,-32.183,-19.237,24.97,-6.4113,-27.644,4.9406,-40.43,-48.555,-54.042,-39.965,-26.078
-19.855,-31.802,-21.01,23.401,-3.861,-28.361,4.5177,-39.85,-48.604,-54.176,-40.115,-26.203
-16.813,-31.619,-23.027,21.718,-1.2332,-29.366,4.5287,-39.053,-48.85,-54.772,-40.783,-26.79
-13.486,-31.689,-25.05,20.025,1.3496,-30.563,5.1443,-37.87,-49.218,-55.835,-42.001,-27.844
-9.8395,-32.072,-26.882,18.443,3.8385,-31.865,6.4758,-36.249,-49.68,-57.362,-43.775,-29.351
-5.9182,-32.828,-28.435,17.133,6.2621,-33.224,8.5543,-34.255,-50.246,-59.342,-46.069,-31.275
-2.006,-33.973,-29.726,16.29,8.6805,-34.606,11.064,-32.006,-50.892,-61.721,-48.802,-33.56
1.3359,-35.428,-30.79,16.08,11.098,-35.927,12.432,-29.611,-51.434,-64.354,-51.842,-36.122
3.462,-36.973,-31.555,16.575,13.357,-36.974,11.686,-27.544,-51.404,-66.904,-54.975,-38.803
3.8893,-38.248,-31.785,17.775,15.035,-37.379,11.37,-30.008,-50.06,-68.62,-57.67,-41.216
2.2021,-38.791,-31.131,19.667,15.472,-36.682,14.256,-44.66,-47.049,-68.111,-58.722,-42.534
-2.2298,-38.15,-29.276,22.226,13.988,-34.479,22.534,-43.561,-55.256,-64.464,-56.481,-41.622
-10.075,-36.367,-26.035,25.673,10.193,-30.762,37.298,-32.05,-75.412,-77.968,-55.365,-39.695
-22.08,-39.924,-21.364,34.955,4.2085,-26.975,58.038,-15.705,-81.368,-116.83,-93.184,-62.231
-44.922,-64.471,-15.22,62.509,-3.3521,-29.836,83.391,2.0935,-86.887,-144.91,-125.23,-93.066
-78.158,-79.616,-7.372,82.12,-11.643,-39.301,112.04,18.439,-90.832,-170.79,-152.74,-114.62
-100.42,-87.029,2.7584,96.036,-19.628,-38.92,143.03,33.732,-90.139,-187.29,-170.67,-129
-113.64,-85.569,16.233,101.71,-25.813,-30.233,172.71,52.686,-78.873,-184.93,-170.41,-130.05
-114.45,-70.547,34.177,94.271,-28.892,-14.048,195.86,84.907,-47.863,-152.76,-143.18,-111.37
-101.04,-37.65,54.96,70.103,-29.404,11.348,214.21,140.41,14.297,-80.025,-81.564,-67.682
-72.314,15.289,75.677,27.976,-30.921,47.103,233.05,225.47,117.5,40.691,18.828,4.0067
-26.129,87.587,95.895,-31.752,-44.826,92.665,255.26,339.8,264.58,210.96,159.07,104.25
38.835,176.2,115.38,-108.31,-38.241,146.02,279.4,471.62,446.45,427.54,336.52,231.43
120.18,277.39,134.63,-199.4,-8.8403,205.36,299.83,597.49,645.83,681.05,544.26,381.16
210.95,387.45,156.22,-299.51,25.076,270.43,308.93,692.04,843.49,956.57,771.89,545.67
299.93,501.78,184.54,-400.7,54.063,341.89,301.16,735.83,1021.6,1237,1006.5,714.78
373.7,614.68,225.46,-493.64,67.993,419.99,275.69,718.03,1167.9,1505.8,1234.1,877.68
419.51,719.56,285.07,-568.61,59.631,503.48,237.47,643.86,1276.9,1747.5,1440.5,1023.6
428.05,808.97,364.85,-616.85,25.724,588.65,198.29,531.95,1346.3,1945.9,1610.3,1141.9
396.27,874.52,459.02,-632.5,-33.236,668.9,167.4,404.27,1374.4,2082.4,1726.8,1221.7
328.28,908.28,558.56,-614.01,-112.96,735.59,148.8,277.39,1357.5,2137.3,1774.1,1253.3
233.52,905.33,650.53,-564.47,-205.47,779.61,140.72,160.11,1290.1,2093.3,1740.5,1230.6
124.78,865.17,720.28,-490.56,-295.09,793.59,136.54,53.968,1168.1,1942.8,1623.4,1153.1
15.465,791.21,756.61,-400.36,-367.05,773.89,127.42,-45.831,991.83,1692.3,1431.7,1027.1
-83.784,689.64,754.67,-301.78,-414.94,721.52,107.08,-145.3,768.69,1364.5,1184.7,864.67
-165.94,568.84,715.99,-202.07,-436.25,641.62,74.232,-247.38,515.03,995.21,908.85,681.69
-226.88,438.95,647,-107.3,-432.27,542.36,31.301,-347.87,256.45,626.4,632.49,495.05
-265.19,311.15,557.26,-24.923,-407.31,433.85,-14.195,-439.75,19.694,296.86,380.79,320.38
-282.1,194.63,457.62,39.054,-367.09,326.68,-51.418,-513,-174.8,33.951,171.39,169.63
-279.88,95.851,358.56,84.167,-317.12,229.8,-74.272,-555.11,-313.28,-148.91,12.145,48.748
-260.59,25.946,268.54,110.47,-262.36,147.87,-79.869,-557.74,-389.25,-252.03,-87.364,-35.09
-226.76,-15.004,192.56,118.42,-207.25,84.495,-66.478,-519.82,-405.03,-286.23,-132.93,-80.002
-182.84,-34.589,131.64,110.06,-155.67,41.545,-39.338,-447,-371.82,-266.91,-139.51,-94.434
-135.62,-39.643,84.651,90.5,-111.08,15.48,-13.933,-350.59,-307.04,-214.11,-122.24,-89.073
-92.397,-36.581,49.65,65.769,-74.325,1.1529,-1.1012,-246.69,-229.04,-150.94,-95.926,-74.369
-59.244,-31.251,24.223,36.922,-44.779,-6.195,3.2977,-150.48,-152,-97.127,-71.215,-58.473
-38.329,-25.674,6.1438,30.811,-22.857,-10.662,5.2974,-72.458,-87.012,-60.307,-52.698,-45.298
-27.108,-18.46,-6.4703,30.86,-8.7957,-13.8,7.0489,-16.235,-45.002,-46.94,-35.065,-27.337
-23.159,-24.671,-15.172,31.186,-1.3552,-11,8.9205,16.359,-25.719,-59.65,-43.141,-31.096
-24.606,-30.328,-16.377,31.251,1.7378,-13.895,10.435,29.06,-21.665,-61.582,-49.212,-36.779
-28.495,-33.561,-12.72,30.801,2.2289,-20.026,11.292,29.93,-24.143,-60.197,-50.926,-39.415
-27.344,-34.919,-16.488,29.782,-0.89351,-24.881,11.899,25.277,-28.311,-57.446,-49.859,-39.759
-22.987,-34.992,-21.471,28.244,-1.0836,-28.398,12.619,19.522,-33.722,-52.856,-47.332,-38.733
-20.739,-34.291,-25.833,26.168,1.0466,-30.848,13.434,15.173,-39.9,-47.44,-44.392,-37.099
-18.177,-33.22,-29.287,23.557,3.7521,-32.507,14.221,11.895,-37.18,-42.741,-41.794,-35.437
-14.325,-32.062,-31.818,20.563,6.6995,-33.606,14.912,7.375,-32.076,-39.536,-39.972,-34.121
-9.5157,-30.996,-33.593,17.45,9.6354,-34.335,15.51,11.476,-28.922,-37.953,-39.062,-33.325
-4.4394,-30.13,-34.893,14.522,12.456,-34.856,16.019,14.277,-27.384,-37.753,-38.973,-33.056
0.26972,-29.538,-36.008,12.058,15.155,-35.316,16.407,15.391,-27.02,-38.503,-39.487,-33.215
4.1554,-29.281,-37.158,10.277,17.717,-35.831,16.638,15.307,-27.35,-39.737,-40.348,-33.659
6.9248,-29.406,-38.427,9.3094,20.042,-36.473,16.691,14.585,-27.97,-41.078,-41.337,-34.242
8.4158,-29.932,-39.776,9.1964,21.947,-37.262,16.553,13.644,-28.625,-42.297,-42.304,-34.845
8.5708,-30.843,-41.102,9.897,23.21,-38.193,16.223,12.711,-29.211,-43.31,-43.185,-35.391
7.4022,-32.096,-42.321,11.303,23.634,-39.268,15.715,11.856,-29.736,-44.151,-43.997,-35.873
4.9746,-33.648,-43.422,13.265,23.112,-40.516,15.046,11.051,-30.274,-44.931,-44.828,-36.353
1.4059,-35.48,-44.483,15.638,21.68,-41.985,14.217,10.225,-30.915,-45.782,-45.799,-36.949
-3.1323,-37.589,-45.612,18.324,19.528,-43.699,13.216,9.3147,-31.715,-46.793,-47.005,-37.774
-8.3903,-39.948,-46.877,21.26,16.969,-45.613,12.048,8.3194,-32.658,-47.968,-48.456,-38.871
-13.988,-42.473,-48.252,24.374,14.377,-47.598,10.767,7.3223,-33.649,-49.207,-50.048,-40.176
-19.404,-45.024,-49.634,27.53,12.12,-49.485,9.4753,6.472,-34.54,-50.346,-51.6,-41.531
-24.051,-47.437,-50.923,30.509,10.517,-51.129,8.291,5.9233,-35.195,-51.232,-52.922,-42.751
-27.367,-49.543,-52.083,33.029,9.8234,-52.45,7.306,5.7717,-35.536,-51.784,-53.895,-43.702
-28.899,-51.168,-53.162,34.779,10.223,-53.434,6.5695,6.025,-35.565,-52.02,-54.509,-44.343
-28.391,-52.149,-54.243,35.483,11.778,-54.109,6.1,6.6192,-35.346,-52.037,-54.842,-44.723
-25.866,-52.376,-55.396,34.981,14.387,-54.522,5.9047,7.461,-34.965,-51.941,-55.01,-44.934
-21.645,-51.844,-56.63,33.281,17.783,-54.729,5.9872,8.4713,-34.491,-51.804,-55.104,-45.064
-16.269,-50.67,-57.888,30.58,21.575,-54.79,6.3425,9.618,-33.949,-51.629,-55.155,-45.152
-10.364,-49.062,-59.068,27.215,25.339,-54.752,6.9477,10.914,-33.325,-51.374,-55.127,-45.182
-4.5208,-47.254,-60.066,23.589,28.719,-54.637,7.7528,12.385,-32.589,-50.973,-54.945,-45.096
0.7747,-45.447,-60.81,20.092,31.498,-54.451,8.6768,14.028,-31.714,-50.373,-54.525,-44.813
5.1641,-43.779,-61.282,17.047,33.611,-54.184,9.6144,15.803,-30.697,-49.541,-53.797,-44.248
8.4155,-42.323,-61.511,14.67,35.102,-53.828,10.451,17.641,-29.55,-48.475,-52.725,-43.347
10.417,-41.119,-61.55,13.074,36.066,-53.39,11.08,19.462,-28.306,-47.199,-51.328,-42.106
11.171,-40.205,-61.443,12.293,36.576,-52.897,11.424,21.188,-27.005,-45.764,-49.678,-40.589
10.752,-39.629,-61.207,12.316,36.63,-52.401,11.45,22.765,-25.688,-44.23,-47.879,-38.908
9.2487,-39.44,-60.834,13.101,36.144,-51.963,11.175,24.175,-24.384,-42.648,-46.031,-37.184
6.7382,-39.66,-60.307,14.554,34.982,-51.641,10.661,25.437,-23.098,-41.047,-44.198,-35.508
3.3036,-40.274,-59.619,16.534,33.032,-51.477,9.9813,26.593,-21.815,-39.439,-42.409,-33.928
-0.9335,-41.22,-58.801,18.883,30.287,-51.492,9.189,27.677,-20.516,-37.831,-40.672,-32.455
-5.7791,-42.412,-57.932,21.452,26.9,-51.683,8.3069,28.696,-19.193,-36.234,-38.992,-31.085
-10.944,-43.738,-57.114,24.097,23.182,-52.017,7.3458,29.631,-17.847,-34.644,-37.37,-29.799
-16.045,-45.061,-56.438,26.647,19.539,-52.427,6.3297,30.471,-16.468,-33.025,-35.785,-28.558
-20.641,-46.211,-55.952,28.908,16.398,-52.811,5.3058,31.252,-15.016,-31.294,-34.176,-27.291
-24.275,-47.017,-55.669,30.677,14.139,-53.056,4.3349,32.07,-13.412,-29.336,-32.448,-25.909
-26.535,-47.329,-55.584,31.766,13.038,-53.071,3.4733,33.066,-11.558,-27.043,-30.5,-24.324
-27.108,-47.022,-55.675,32.011,13.22,-52.782,2.7612,34.365,-9.3668,-24.351,-28.256,-22.48
-25.844,-45.987,-55.893,31.282,14.642,-52.134,2.2217,36.028,-6.7837,-21.263,-25.697,-20.372
-22.809,-44.147,-56.166,29.51,17.126,-51.091,1.8638,38.019,-3.7973,-17.837,-22.863,-18.039
-18.293,-41.499,-56.413,26.718,20.41,-49.656,1.6828,40.239,-0.43321,-14.162,-19.836,-15.548
-12.718,-38.158,-56.568,23.044,24.189,-47.894,1.6569,42.559,3.2567,-10.326,-16.706,-12.973
-6.4888,-34.355,-56.592,18.731,28.166,-45.918,1.7399,44.867,7.1985,-6.3953,-13.555,-10.383
0.075052,-30.378,-56.477,14.09,32.092,-43.863,1.8588,47.079,11.296,-2.4131,-10.439,-7.8312
6.7082,-26.481,-56.236,9.4184,35.786,-41.851,1.9194,49.152,15.438,1.6012,-7.3934,-5.3588
13.148,-22.816,-55.91,4.9525,39.11,-39.959,1.8194,51.082,19.53,5.6545,-4.4267,-2.9793
19.113,-19.42,-55.542,0.85656,41.952,-38.199,1.4579,52.891,23.531,9.7856,-1.5148,-0.67191
24.313,-16.264,-55.148,-2.7404,44.192,-36.523,0.73209,54.603,27.483,14.072,1.4033,1.6223
28.496,-13.293,-54.685,-5.7227,45.683,-34.829,-0.48298,56.213,31.516,18.64,4.429,3.9973
31.446,-10.46,-54.032,-7.9995,46.247,-32.984,-2.3586,57.683,35.806,23.681,7.7058,6.5783
32.953,-7.7226,-53.032,-9.5437,45.751,-30.862,-5.0949,58.957,40.516,29.462,11.425,9.5242
32.879,-5.0352,-51.541,-10.46,44.217,-28.384,-8.8229,59.986,45.7,36.323,15.843,13.04
31.346,-2.3022,-49.504,-11.067,41.878,-25.561,-13.477,60.744,51.24,44.62,21.313,17.395
28.873,0.67076,-46.973,-11.916,39.132,-22.491,-18.779,61.23,56.854,54.592,28.299,22.927
26.279,4.1954,-44.092,-13.643,36.438,-19.295,-24.388,61.464,62.211,66.153,37.286,29.982
24.434,8.6412,-41.03,-16.657,34.208,-16.038,-30.065,61.491,67.079,78.78,48.502,38.738
24.033,14.28,-37.914,-20.962,32.729,-12.676,-35.73,61.372,71.395,91.671,61.591,49.013
25.464,21.106,-34.787,-26.343,32.108,-9.0909,-41.402,61.188,75.242,104.13,75.619,60.244
28.775,28.865,-31.629,-32.668,32.244,-5.1804,-47.125,61.025,78.783,115.83,89.581,71.747
33.704,37.307,-28.394,-39.9,32.862,-0.93438,-52.924,60.956,82.189,126.81,102.89,83.02
39.743,46.314,-25.058,-47.922,33.602,3.5714,-58.767,61.015,85.596,137.25,115.45,93.829
46.247,55.814,-21.639,-56.484,34.129,8.2261,-64.507,61.189,89.074,147.37,127.4,104.14
52.549,65.724,-18.202,-65.279,34.231,12.932,-69.881,61.415,92.613,157.32,138.94,113.98
58.066,75.941,-14.835,-74.017,33.849,17.636,-74.615,61.597,96.14,167.14,150.19,123.42
62.377,86.322,-11.625,-82.402,33.067,22.349,-78.561,61.634,99.565,176.85,161.23,132.55
65.33,96.651,-8.6231,-90.115,32.051,27.167,-81.764,61.439,102.83,186.47,172.16,141.54
67.132,106.66,-5.8224,-96.916,31.008,32.291,-84.44,60.958,105.95,196.03,183.14,150.57
68.268,116.11,-3.1573,-102.78,30.152,38.036,-86.882,60.177,108.97,205.55,194.36,159.87
69.229,124.81,-0.52353,-107.9,29.647,44.789,-89.337,59.124,111.98,215.05,205.93,169.61
70.32,132.67,2.1972,-112.47,29.525,52.861,-91.94,57.856,115,224.45,217.87,179.83
71.649,139.71,5.135,-116.56,29.644,62.239,-94.735,56.423,118,233.64,230.02,190.43
73.17,146.1,8.4556,-120.21,29.765,72.4,-97.732,54.841,120.86,242.46,242.07,201.15
74.659,152.12,12.376,-123.43,29.593,82.471,-100.94,53.077,123.46,250.76,253.69,211.7
75.709,157.97,17.141,-126.23,28.744,91.686,-104.34,51.063,125.72,258.45,264.67,221.84
75.826,163.75,22.969,-128.54,26.783,99.764,-107.9,48.718,127.61,265.49,274.9,231.47
74.612,169.43,29.987,-130.28,23.371,106.89,-111.58,45.962,129.13,271.93,284.44,240.6
71.968,175.05,38.198,-131.54,18.423,113.44,-115.34,42.733,130.32,277.82,293.43,249.33
68.223,180.68,47.423,-132.58,12.182,119.72,-119.18,38.997,131.2,283.25,302.04,257.8
64.054,186.43,57.271,-133.76,5.176,125.91,-123.13,34.792,131.76,288.25,310.42,266.07
60.239,192.43,67.225,-135.38,-1.9064,132.13,-127.2,30.265,132.01,292.87,318.64,274.17
57.421,198.75,76.861,-137.57,-8.3635,138.43,-131.33,25.628,131.92,297.06,326.66,282.06
55.981,205.4,85.967,-140.26,-13.612,144.86,-135.39,21.018,131.48,300.82,334.37,289.67
55.992,212.23,94.459,-143.26,-17.284,151.4,-139.26,16.425,130.73,304.15,341.58,296.92
57.21,219,102.26,-146.28,-19.292,157.98,-142.89,11.783,129.74,307.07,348.15,303.76
59.125,225.42,109.27,-149.01,-19.844,164.49,-146.24,7.0648,128.59,309.64,353.99,310.14
61.067,231.24,115.4,-151.2,-19.384,170.76,-149.31,2.283,127.31,311.91,359.09,316.01
62.381,236.32,120.65,-152.76,-18.46,176.64,-152.05,-2.5409,125.86,313.86,363.45,321.31
62.645,240.62,125.1,-153.7,-17.572,181.95,-154.44,-7.3801,124.18,315.47,367.1,325.97
61.825,244.22,128.87,-154.17,-17.093,186.57,-156.48,-12.188,122.19,316.7,370.07,329.9
60.18,247.22,132.14,-154.29,-17.291,190.48,-158.25,-16.885,119.9,317.54,372.42,333.07
58.001,249.74,135.13,-154.17,-18.403,193.75,-159.78,-21.366,117.37,318,374.22,335.54
55.423,251.86,138.01,-153.85,-20.593,196.5,-161.09,-25.517,114.66,318.13,375.58,337.37
52.439,253.58,140.86,-153.36,-23.85,198.79,-162.15,-29.264,111.85,317.95,376.57,338.7
49.023,254.83,143.64,-152.75,-27.946,200.62,-162.9,-32.585,108.96,317.49,377.26,339.6
45.25,255.51,146.19,-151.99,-32.494,201.94,-163.29,-35.524,105.99,316.73,377.65,340.14
41.338,255.61,148.34,-151.08,-37.031,202.75,-163.28,-38.155,102.94,315.61,377.73,340.34
37.608,255.26,149.99,-150.05,-41.103,203.11,-162.79,-40.55,99.797,314.11,377.47,340.18
34.423,254.68,151.13,-149.03,-44.311,203.16,-161.73,-42.741,96.62,312.18,376.84,339.63
32.128,254.11,151.81,-148.2,-46.337,203.03,-160,-44.717,93.462,309.78,375.78,338.62
30.993,253.64,152.08,-147.74,-46.987,202.76,-157.5,-46.456,90.379,306.9,374.21,337.01
31.133,253.14,151.86,-147.68,-46.24,202.21,-154.17,-47.953,87.399,303.46,372,334.65
32.439,252.27,151.03,-147.89,-44.254,201.12,-150.01,-49.225,84.505,299.4,369.01,331.39
34.554,250.58,149.45,-148.08,-41.31,199.22,-145.1,-50.298,81.63,294.64,365.13,327.16
36.946,247.7,147.05,-147.85,-37.754,196.33,-139.64,-51.196,78.663,289.11,360.28,321.99
39.021,243.49,143.92,-146.86,-33.972,192.47,-133.87,-51.941,75.48,282.77,354.46,316
40.235,238.06,140.26,-144.86,-30.391,187.81,-127.9,-52.535,71.975,275.65,347.68,309.27
40.153,231.64,136.3,-141.74,-27.443,182.6,-121.71,-52.952,68.098,267.79,339.97,301.84
38.507,224.47,132.28,-137.49,-25.502,177.07,-115.26,-53.127,63.867,259.28,331.36,293.7
35.236,216.76,128.33,-132.18,-24.794,171.4,-108.57,-52.984,59.353,250.22,321.87,284.81
30.498,208.65,124.52,-125.95,-25.334,165.68,-101.68,-52.469,54.643,240.65,311.49,275.13
24.624,200.23,120.83,-119.02,-26.914,159.9,-94.593,-51.566,49.812,230.59,300.21,264.66
18.049,191.55,117.18,-111.62,-29.156,154.01,-87.286,-50.304,44.898,220.01,288.06,253.44
11.263,182.64,113.52,-103.95,-31.639,147.98,-79.724,-48.743,39.92,208.89,275.09,241.6
4.7624,173.51,109.81,-96.138,-34.02,141.77,-71.915,-46.965,34.889,197.21,261.42,229.31
-0.98047,164.2,106.06,-88.171,-36.071,135.39,-63.897,-45.067,29.835,184.95,247.22,216.71
-5.557,154.72,102.25,-79.992,-37.649,128.78,-55.689,-43.145,24.82,172.12,232.65,203.92
-8.6936,145.11,98.299,-71.533,-38.662,121.83,-47.27,-41.281,19.938,158.78,217.88,191.05
-10.359,135.28,94.044,-62.714,-39.069,114.37,-38.664,-39.524,15.285,145.04,203.13,178.21
-10.842,125.01,89.3,-53.463,-38.892,106.22,-30.134,-37.888,10.933,131.01,188.56,165.54
-10.708,114.02,83.911,-43.944,-38.214,97.316,-22.266,-36.372,6.8981,116.85,174.29,153.15
-10.626,102.23,77.806,-34.735,-37.167,87.779,-15.67,-34.988,3.147,102.7,160.33,141.07
-11.179,89.847,71.016,-26.488,-35.909,77.877,-10.568,-33.781,-0.39186,88.714,146.54,129.25
-12.727,77.373,63.668,-19.388,-34.597,67.944,-6.7616,-32.814,-3.8092,75.065,132.73,117.56
-15.318,65.315,55.94,-13.161,-33.341,58.243,-3.8977,-32.147,-7.1955,61.945,118.66,105.78
-18.679,53.934,48.014,-7.4478,-32.141,48.899,-1.6787,-31.813,-10.623,49.585,104.18,93.715
-22.298,43.222,40.056,-2.0636,-30.858,39.925,0.10056,-31.805,-14.127,38.227,89.249,81.194
-25.556,33.095,32.227,2.9591,-29.287,31.315,1.5895,-32.076,-17.695,28.043,74.129,68.251
-27.861,23.567,24.716,7.4433,-27.269,23.128,2.9174,-32.539,-21.257,19.091,59.366,55.244
-28.824,14.79,17.752,11.193,-24.74,15.513,4.2019,-33.079,-24.691,11.332,45.724,42.883
-28.431,6.9637,11.565,14.12,-21.708,8.6753,5.5403,-33.573,-27.849,4.6862,33.914,31.972
-27.088,0.22038,6.3147,16.315,-18.246,2.8086,6.9976,-33.92,-30.598,-0.92861,24.296,23.014
-25.384,-5.408,2.0715,18.01,-14.59,-1.9652,8.6027,-34.069,-32.852,-5.5965,16.804,16.043
-23.867,-9.9458,-1.1393,19.48,-11.258,-5.621,10.357,-34.019,-34.591,-9.4169,11.102,10.766
-23.191,-13.44,-3.2882,20.962,-9.0203,-8.216,12.253,-33.808,-35.851,-12.516,6.7797,6.7866
-24.122,-15.966,-4.343,22.612,-8.6167,-9.8559,14.291,-33.485,-36.712,-15.042,3.4649,3.7464
-27.072,-17.633,-4.316,24.467,-10.449,-10.673,16.479,-33.086,-37.268,-17.144,0.86016,1.3675
-31.805,-18.577,-3.3057,26.422,-14.425,-10.823,18.816,-32.624,-37.602,-18.94,-1.252,-0.54158
-37.606,-18.923,-1.5038,28.236,-19.987,-10.471,21.26,-32.093,-37.775,-20.506,-3.0135,-2.0964
-43.431,-18.729,0.8252,29.577,-26.247,-9.7526,23.724,-31.48,-37.819,-21.872,-4.5045,-3.3565
-48.056,-17.986,3.3734,30.104,-32.179,-8.7635,26.093,-30.783,-37.744,-23.046,-5.7664,-4.3523
-50.498,-16.676,5.828,29.604,-36.866,-7.575,28.26,-30.025,-37.557,-24.032,-6.8245,-5.1092
-50.44,-14.852,7.9261,28.08,-39.738,-6.2614,30.124,-29.248,-37.258,-24.831,-7.699,-5.6593
-48.239,-12.665,9.508,25.764,-40.657,-4.9,31.594,-28.498,-36.851,-25.443,-8.4054,-6.0411
-44.59,-10.335,10.541,23.033,-39.804,-3.5558,32.58,-27.809,-36.341,-25.859,-8.952,-6.2922
-40.25,-8.1002,11.102,20.297,-37.556,-2.2716,33.021,-27.203,-35.738,-26.066,-9.3404,-6.4416
-35.941,-6.1603,11.336,17.895,-34.453,-1.0696,32.902,-26.686,-35.053,-26.056,-9.5677,-6.5025
-32.175,-4.6276,11.391,16.018,-31.082,0.041932,32.257,-26.252,-34.295,-25.83,-9.6298,-6.4719
-28.996,-3.4966,11.339,14.666,-27.789,1.0604,31.152,-25.886,-33.466,-25.408,-9.534,-6.3424
-25.995,-2.6522,11.134,13.663,-24.541,1.9745,29.665,-25.57,-32.578,-24.851,-9.3179,-6.1269
-22.733,-1.9259,10.655,12.757,-21.182,2.7479,27.879,-25.285,-31.671,-24.268,-9.0678,-5.8825
-19.181,-1.1819,9.8282,11.746,-17.788,3.3119,25.895,-25.003,-30.814,-23.824,-8.9218,-5.7172
-15.755,-0.40385,8.73,10.573,-14.754,3.5753,23.855,-24.684,-30.104,-23.72,-9.0559,-5.7758
-13.095,0.25932,7.5641,9.371,-12.628,3.4495,21.935,-24.28,-29.644,-24.17,-9.6604,-6.2104
-11.781,0.52845,6.5419,8.432,-11.908,2.8746,20.309,-23.752,-29.538,-25.375,-10.912,-7.1481
-12.178,0.1161,5.7915,8.1054,-12.864,1.8372,19.129,-23.095,-29.883,-27.486,-12.943,-8.665
-14.387,-1.1408,5.3375,8.6473,-15.436,0.37352,18.516,-22.341,-30.747,-30.538,-15.801,-10.771
-18.262,-3.2268,5.1178,10.121,-19.212,-1.4374,18.557,-21.52,-32.131,-34.388,-19.403,-13.405
-23.489,-5.979,5.0128,12.394,-23.507,-3.482,19.318,-20.603,-33.918,-38.686,-23.495,-16.415
-29.68,-9.1487,4.8912,15.202,-27.547,-5.6147,20.854,-19.412,-35.832,-42.937,-27.673,-19.57
-36.332,-12.453,4.6713,18.226,-30.661,-7.6544,23.081,-17.551,-37.378,-46.695,-31.56,-22.628
-42.327,-15.619,4.3651,21.172,-32.38,-9.3873,25.379,-14.433,-37.792,-49.59,-34.87,-25.374
-45.981,-18.402,4.0814,23.91,-32.482,-10.587,26.532,-10.941,-36.179,-50.796,-36.914,-27.352
-46.83,-20.576,3.9906,26.586,-31.125,-11.051,26.51,-27.844,-33.264,-48.948,-36.422,-27.706
-46.383,-21.942,4.2917,29.445,-29.057,-10.66,28.212,-25.933,-49.782,-55.905,-38.413,-27.782
-47.948,-23.19,5.2313,32.907,-27.462,-9.6144,34.936,-14.041,-58.975,-98.591,-81.904,-53.364
-58.053,-37.143,7.1672,44.717,-27.434,-10.445,47.624,-1.224,-71.249,-131.08,-117.11,-88.061
-82.572,-65.513,10.563,70.319,-29.463,-23.265,66.235,9.6738,-85.791,-161.92,-147,-111.44
-105.67,-81.258,15.702,90.255,-33.634,-35.048,91.028,17.929,-97.582,-183.61,-167.21,-127.5
-126.45,-89.477,22.407,104.98,-39.149,-33.812,119.07,27.284,-98.339,-186.64,-169.15,-130
-141.85,-85.488,33.101,110.09,-43.925,-23.521,143.32,49.256,-77.239,-160.47,-144.11,-112.63
-147.49,-64.691,51.582,101.18,-47.332,-2.9304,162.35,95.274,-22.467,-95.073,-84.667,-70.177
-136.35,-23.807,72.411,73.997,-53.221,28.989,179.94,173.95,76.114,17.862,14.375,0.82228
-98.643,38.97,92.904,24.319,-69.943,71.884,198.35,284.65,222.32,184.22,156.04,102.4
-31.711,124.2,112.97,-50.504,-60.365,124.92,215.76,415.18,407.11,402.52,339.88,234.46
58.195,230.53,133.53,-147.85,-29.604,187.86,228.94,544.58,613.28,659.01,557.16,391.62
160.03,352.24,157.15,-258.6,7.3271,260.45,236,647.48,821.21,937.11,791.96,562.54
259.6,479.8,189.66,-370.36,40.31,340.67,235.73,701.25,1010.4,1220.4,1028.6,734.5
341.12,602.73,239.61,-470.41,57.842,425.56,226.87,693.78,1164,1491.2,1253,896.01
390.36,711.04,312.51,-547.25,48.43,512.1,211.03,628.21,1271.7,1730.9,1451,1036.2
398.08,796.53,404.97,-592.38,6.139,595.77,195.82,519.79,1328.5,1920.3,1606.7,1144.2
362.79,852.54,503.93,-601.77,-64.909,669.53,187.48,388.57,1331.9,2038.8,1703.6,1209.5
291.17,873.32,594.69,-576.08,-152.82,724.07,185.92,251.81,1279.7,2066.8,1726.9,1223.6
195.56,854.79,663.11,-519.91,-244.53,749.51,187.92,118.79,1170.7,1990.1,1667.5,1182
90.214,796.3,698.48,-440.55,-323.71,738.81,187.84,-7.801,1007.7,1805.5,1525.2,1085.8
-11.924,701.71,695.98,-346.49,-379.17,690.65,178.91,-128.74,799.47,1524.7,1310.8,942.16
-102.13,579.15,656.81,-245.69,-406.43,609.81,157.05,-244.67,559.82,1174.8,1045.3,764.39
-176.28,440.02,587.2,-144.77,-405.81,505.57,122.86,-352.45,304.14,795.29,757.53,570.02
-231.82,297.72,496.66,-50.674,-383.6,389.44,81.946,-446.56,55.68,430.62,478.6,378.53
-266.75,165.4,395.74,29.474,-347.1,273.38,41.987,-517.73,-154.42,119.49,235.84,207.81
-281.97,54.389,294.21,91.831,-300.79,167.99,7.7516,-555.71,-305.42,-111.74,46.367,69.509
-279.84,-28.39,200.11,134.63,-248.47,81.496,-18.126,-553.21,-390.57,-253.1,-79.582,-28.77
-262.56,-82.819,119.84,156.91,-194.71,17.841,-32.633,-511.88,-413.08,-313,-145.75,-85.612
-232.58,-111.8,57.073,159.36,-143.78,-25.228,-33.125,-438.82,-384.94,-310.66,-166.28,-108.96
-193.26,-120.06,10.373,145.61,-98.801,-52.4,-19.901,-343.2,-323.89,-266.66,-155.61,-108.56
-149.99,-113.99,-23.922,121.47,-61.472,-68.028,0.44929,-239.49,-247.54,-201.14,-128.57,-94.69
-108.29,-100.32,-48.786,91.813,-30.391,-75.942,11.805,-142.73,-169.9,-136.53,-98.744,-76.987
-71.398,-84.763,-66.759,62.686,-3.8748,-79.407,13.097,-64.836,-102.4,-89.242,-75.21,-62.311
-42.245,-70.057,-80.035,47.205,18.826,-80.579,12.799,-10.34,-56.676,-63.368,-60.81,-51.534
-21.707,-71.861,-89.808,38.887,37.58,-75.503,12.818,19.997,-34.62,-75.184,-70.352,-55.549
-9.081,-79.942,-92.297,33.354,51.921,-75.595,13.198,30.771,-30.075,-83.402,-80.188,-63.809
-3.4713,-87.177,-88.35,32.198,60.908,-84.056,13.753,29.671,-33.572,-86.799,-84.439,-68.151
-3.3691,-93.224,-92.066,35.532,59.981,-92.776,14.241,22.959,-39.706,-90.121,-85.871,-70.132
-5.6174,-97.948,-98.341,40.987,49.94,-100.32,14.49,15.115,-47.944,-91.96,-85.936,-70.89
-6.4823,-101.71,-104.37,45.863,45.401,-106.6,14.418,8.4134,-58.214,-90.868,-85.541,-71.152
-9.4225,-105.1,-109.67,49.451,44.966,-111.95,14.002,0.80932,-64.607,-88.758,-85.396,-71.425
-14.505,-108.83,-114.16,52.514,44.819,-116.77,13.272,-7.2478,-63.138,-87.797,-85.98,-72.049
-19.224,-113.3,-117.88,55.445,44.521,-121.25,12.318,-5.4315,-62.223,-88.53,-87.414,-73.143
-22.223,-118.32,-120.81,58.147,44.453,-125.37,11.276,-4.6345,-62.688,-90.608,-89.485,-74.612
-23.208,-123.19,-122.92,60.415,44.784,-128.98,10.279,-4.8818,-63.983,-93.395,-91.815,-76.232
-22.575,-127.25,-124.17,62.04,45.322,-131.87,9.4226,-5.6524,-65.518,-96.275,-94.052,-77.779
-21.087,-130.28,-124.56,62.914,45.652,-133.95,8.7432,-6.5628,-66.867,-98.816,-95.968,-79.095
-19.637,-132.46,-124.14,63.161,45.353,-135.25,8.2291,-7.4182,-67.824,-100.81,-97.469,-80.11
-18.975,-134.03,-123.1,63.055,44.198,-135.9,7.8482,-8.1628,-68.36,-102.23,-98.564,-80.827
-19.46,-135.03,-121.66,62.825,42.224,-136.09,7.578,-8.7973,-68.552,-103.16,-99.315,-81.29
-20.993,-135.38,-120.04,62.592,39.699,-135.96,7.4236,-9.3205,-68.509,-103.69,-99.803,-81.558
-23.118,-134.97,-118.45,62.362,37.033,-135.58,7.4123,-9.7125,-68.33,-103.92,-100.11,-81.682
-25.174,-133.81,-117.07,62.032,34.714,-134.93,7.5713,-9.948,-68.088,-103.93,-100.28,-81.7
-26.459,-131.96,-116.05,61.439,33.257,-134,7.9009,-10.018,-67.825,-103.79,-100.37,-81.635
-26.366,-129.62,-115.56,60.443,33.137,-132.78,8.3635,-9.9459,-67.556,-103.53,-100.38,-81.499
-24.516,-127.01,-115.67,58.981,34.658,-131.35,8.8916,-9.779,-67.279,-103.16,-100.3,-81.291
-20.9,-124.36,-116.36,57.086,37.802,-129.78,9.4133,-9.5748,-66.974,-102.68,-100.11,-81
-15.946,-121.8,-117.45,54.892,42.163,-128.12,9.88,-9.3723,-66.614,-102.08,-99.774,-80.608
-10.429,-119.36,-118.64,52.627,47.012,-126.38,10.287,-9.1704,-66.165,-101.34,-99.255,-80.098
-5.2766,-117.02,-119.57,50.566,51.468,-124.46,10.676,-8.9207,-65.595,-100.42,-98.54,-79.454
-1.345,-114.68,-119.89,48.945,54.722,-122.26,11.114,-8.5358,-64.869,-99.327,-97.634,-78.667
0.743,-112.22,-119.35,47.884,56.251,-119.7,11.674,-7.9182,-63.967,-98.06,-96.559,-77.744
0.70578,-109.53,-117.88,47.342,55.897,-116.82,12.403,-6.9923,-62.89,-96.662,-95.36,-76.714
-1.3525,-106.59,-115.59,47.145,53.789,-113.73,13.322,-5.7217,-61.653,-95.187,-94.089,-75.623
-4.9871,-103.51,-112.67,47.061,50.228,-110.61,14.429,-4.1062,-60.267,-93.679,-92.786,-74.521
-9.5277,-100.41,-109.31,46.894,45.613,-107.54,15.706,-2.1678,-58.725,-92.144,-91.454,-73.436
-14.176,-97.406,-105.63,46.514,40.455,-104.52,17.121,0.046072,-57.001,-90.536,-90.054,-72.351
-18.122,-94.494,-101.71,45.832,35.37,-101.43,18.624,2.468,-55.059,-88.767,-88.502,-71.195
-20.7,-91.596,-97.59,44.78,30.97,-98.089,20.15,5.0238,-52.87,-86.731,-86.699,-69.868
-21.484,-88.59,-93.328,43.325,27.71,-94.324,21.625,7.6478,-50.426,-84.348,-84.558,-68.268
-20.368,-85.373,-88.998,41.506,25.73,-90.098,22.955,10.302,-47.761,-81.594,-82.035,-66.332
-17.632,-81.923,-84.706,39.43,24.82,-85.561,24.025,12.968,-44.948,-78.522,-79.154,-64.06
-13.913,-78.299,-80.586,37.248,24.602,-80.987,24.711,15.628,-42.081,-75.242,-76.007,-61.52
-10.036,-74.596,-76.709,35.108,24.729,-76.618,24.915,18.26,-39.243,-71.876,-72.723,-58.814
-6.8129,-70.87,-73.021,33.114,24.868,-72.534,24.581,20.835,-36.476,-68.513,-69.422,-56.038
-4.8691,-67.092,-69.386,31.306,24.617,-68.643,23.699,23.31,-33.77,-65.176,-66.163,-53.236
-4.5184,-63.161,-65.627,29.671,23.555,-64.769,22.277,25.614,-31.081,-61.835,-62.934,-50.396
-5.7095,-58.965,-61.551,28.165,21.388,-60.733,20.324,27.638,-28.364,-58.439,-59.689,-47.48
-8.0565,-54.441,-57.017,26.71,18.079,-56.432,17.847,29.249,-25.613,-54.957,-56.405,-44.473
-10.935,-49.61,-52.038,25.167,13.912,-51.873,14.865,30.33,-22.879,-51.409,-53.1,-41.413
-13.608,-44.553,-46.831,23.345,9.4457,-47.181,11.402,30.825,-20.249,-47.857,-49.83,-38.375
-15.362,-39.381,-41.76,21.064,5.3719,-42.547,7.4815,30.76,-17.812,-44.375,-46.652,-35.439
-15.66,-34.21,-37.189,18.225,2.3085,-38.147,3.1272,30.243,-15.616,-41.021,-43.598,-32.651
-14.27,-29.159,-33.323,14.859,0.60906,-34.079,-1.6314,29.431,-13.642,-37.799,-40.656,-30.015
-11.321,-24.341,-30.129,11.119,0.26363,-30.337,-6.7409,28.482,-11.804,-34.676,-37.781,-27.487
-7.2532,-19.847,-27.394,7.2434,0.94886,-26.833,-12.102,27.511,-9.9804,-31.575,-34.9,-25.001
-2.6847,-15.723,-24.868,3.4887,2.1996,-23.47,-17.554,26.564,-8.0508,-28.413,-31.962,-22.49
1.7812,-11.974,-22.394,0.078267,3.6038,-20.2,-22.917,25.629,-5.9504,-25.13,-28.958,-19.925
5.7407,-8.5891,-19.979,-2.8429,4.9288,-17.061,-28.094,24.66,-3.6965,-21.73,-25.942,-17.338
9.078,-5.562,-17.765,-5.2345,6.1274,-14.154,-33.137,23.615,-1.3812,-18.279,-23.016,-14.812
11.88,-2.8846,-15.937,-7.1646,7.2624,-11.595,-38.199,22.495,0.87063,-14.873,-20.283,-12.437
14.274,-0.52954,-14.613,-8.784,8.4036,-9.452,-43.423,21.359,2.973,-11.577,-17.788,-10.263
16.324,1.5618,-13.795,-10.268,9.5381,-7.7243,-48.813,20.34,4.9444,-8.3809,-15.484,-8.2623
17.992,3.4786,-13.369,-11.755,10.521,-6.3343,-54.169,19.619,6.9247,-5.188,-13.226,-6.3273
19.149,5.3335,-13.141,-13.337,11.093,-5.1518,-59.124,19.377,9.1375,-1.8486,-10.823,-4.3035
19.671,7.2568,-12.893,-15.112,10.987,-4.0299,-63.327,19.729,11.816,1.7958,-8.0964,-2.0323
19.561,9.3944,-12.43,-17.256,10.069,-2.8353,-66.612,20.703,15.135,5.8848,-4.9271,0.61907
19.005,11.906,-11.639,-19.991,8.4437,-1.4682,-69.038,22.227,19.167,10.546,-1.2546,3.7612
18.333,14.948,-10.526,-23.456,6.4621,0.12679,-70.793,24.162,23.873,15.929,2.9724,7.5147
17.996,18.625,-9.2122,-27.586,4.6456,1.9633,-72.091,26.356,29.125,22.239,7.8628,12.042
18.559,22.913,-7.8604,-32.167,3.5461,4.0302,-73.095,28.706,34.742,29.717,13.624,17.534
20.605,27.607,-6.5973,-36.998,3.5733,6.3069,-73.897,31.193,40.549,38.555,20.534,24.133
24.492,32.366,-5.4615,-41.928,4.8741,8.7626,-74.519,33.85,46.436,48.777,28.842,31.829
30.086,36.853,-4.407,-46.774,7.3083,11.346,-74.944,36.704,52.367,60.188,38.627,40.433
36.692,40.877,-3.3365,-51.296,10.488,13.991,-75.161,39.718,58.343,72.443,49.739,49.674
43.294,44.464,-2.1343,-55.329,13.847,16.64,-75.21,42.781,64.338,85.185,61.865,59.344
48.967,47.836,-0.68948,-58.913,16.73,19.282,-75.184,45.724,70.272,98.124,74.664,69.35
53.112,51.324,1.0811,-62.24,18.507,21.963,-75.218,48.37,76.033,111.04,87.841,79.663
55.417,55.275,3.2117,-65.507,18.701,24.78,-75.455,50.585,81.532,123.73,101.16,90.23
55.746,59.996,5.6872,-68.805,17.109,27.87,-76.002,52.313,86.728,136.07,114.41,100.93
54.101,65.691,8.4655,-72.029,13.86,31.402,-76.897,53.569,91.628,147.98,127.44,111.58
50.671,72.33,11.507,-74.859,9.3808,35.546,-78.107,54.412,96.261,159.44,140.15,122.03
45.997,79.529,14.791,-76.942,4.2984,40.412,-79.559,54.913,100.66,170.48,152.49,132.19
40.948,86.618,18.309,-78.183,-0.69108,45.956,-81.189,55.122,104.83,181.12,164.46,142.01
36.438,92.985,22.046,-78.839,-4.9576,51.926,-82.967,55.049,108.74,191.38,176.04,151.45
33.247,98.371,25.949,-79.363,-8.0155,57.915,-84.911,54.662,112.33,201.2,187.23,160.5
31.927,102.9,29.924,-80.222,-9.6276,63.516,-87.078,53.886,115.49,210.5,198,169.13
32.595,106.9,33.84,-81.762,-9.9367,68.463,-89.538,52.617,118.12,219.18,208.3,177.3
34.882,110.67,37.554,-84.111,-9.429,72.687,-92.336,50.753,120.14,227.14,218.11,185.03
38.12,114.42,40.971,-87.163,-8.7045,76.298,-95.467,48.229,121.55,234.3,227.38,192.35
41.548,118.26,44.089,-90.638,-8.2447,79.509,-98.869,45.052,122.39,240.66,236.13,199.35
44.501,122.19,46.952,-94.199,-8.2855,82.552,-102.44,41.324,122.74,246.3,244.39,206.12
46.608,126.17,49.553,-97.584,-8.7887,85.598,-106.08,37.213,122.71,251.31,252.24,212.76
47.899,130.1,51.813,-100.69,-9.4828,88.715,-109.67,32.899,122.38,255.82,259.78,219.35
48.736,133.86,53.629,-103.56,-9.9686,91.865,-113.15,28.498,121.81,259.93,267.09,225.91
49.648,137.38,54.941,-106.33,-9.8708,94.95,-116.48,24.034,121.04,263.68,274.18,232.41
51.121,140.56,55.769,-109.09,-8.9773,97.854,-119.65,19.485,120.08,267.08,281.06,238.77
53.364,143.36,56.214,-111.81,-7.3211,100.48,-122.67,14.841,118.92,270.06,287.63,244.87
56.192,145.73,56.446,-114.35,-5.1812,102.72,-125.53,10.14,117.54,272.56,293.75,250.55
59.116,147.56,56.644,-116.47,-2.9997,104.5,-128.21,5.4645,115.9,274.52,299.23,255.59
61.563,148.78,56.913,-118.01,-1.2478,105.69,-130.65,0.91017,113.97,275.89,303.87,259.82
63.072,149.34,57.203,-118.88,-0.28584,106.21,-132.72,-3.4241,111.78,276.68,307.48,263.08
63.441,149.29,57.303,-119.12,-0.25758,106,-134.31,-7.4485,109.37,276.89,309.9,265.29
62.785,148.76,56.928,-118.86,-1.0619,105.06,-135.35,-11.097,106.81,276.55,311.1,266.45
61.449,147.93,55.868,-118.31,-2.4112,103.45,-135.83,-14.341,104.17,275.67,311.09,266.57
59.832,146.95,54.096,-117.62,-3.9323,101.34,-135.76,-17.193,101.5,274.23,309.95,265.72
58.284,145.91,51.802,-116.88,-5.2431,98.944,-135.17,-19.681,98.821,272.23,307.81,263.95
57.085,144.82,49.318,-116.14,-6.0082,96.527,-134,-21.827,96.17,269.62,304.75,261.29
56.427,143.67,46.956,-115.35,-6.0094,94.29,-132.17,-23.631,93.554,266.41,300.84,257.78
56.41,142.35,44.874,-114.47,-5.1865,92.271,-129.62,-25.074,90.97,262.56,296.07,253.44
57.093,140.77,43.05,-113.5,-3.6038,90.344,-126.34,-26.139,88.394,258.06,290.41,248.28
58.472,138.83,41.327,-112.47,-1.4031,88.28,-122.37,-26.814,85.792,252.91,283.82,242.37
60.405,136.46,39.502,-111.39,1.2077,85.855,-117.76,-27.109,83.132,247.11,276.3,235.72
62.566,133.66,37.43,-110.26,3.9543,82.928,-112.56,-27.046,80.389,240.7,267.89,228.35
64.49,130.38,35.101,-108.95,6.5153,79.464,-106.79,-26.661,77.547,233.72,258.69,220.3
65.656,126.53,32.653,-107.19,8.5592,75.517,-100.45,-26.003,74.589,226.17,248.84,211.61
65.569,121.93,30.326,-104.65,9.7957,71.198,-93.561,-25.123,71.493,218.07,238.49,202.4
63.844,116.38,28.373,-100.95,10.034,66.649,-86.189,-24.075,68.236,209.41,227.82,192.83
60.311,109.75,26.985,-95.89,9.2286,62.03,-78.434,-22.893,64.814,200.21,217,183.06
55.149,102.15,26.24,-89.534,7.4913,57.508,-70.413,-21.577,61.266,190.54,206.19,173.3
48.888,93.954,26.086,-82.265,5.061,53.213,-62.199,-20.099,57.663,180.49,195.49,163.66
42.155,85.615,26.362,-74.578,2.2231,49.194,-53.772,-18.427,54.071,170.12,184.91,154.16
35.337,77.429,26.853,-66.8,-0.80137,45.408,-44.993,-16.547,50.513,159.43,174.38,144.75
28.45,69.411,27.37,-58.956,-3.9422,41.762,-35.688,-14.474,46.973,148.41,163.75,135.28
21.245,61.392,27.807,-50.802,-7.2816,38.185,-25.923,-12.24,43.445,137.06,152.91,125.65
13.501,53.228,28.154,-42.027,-10.971,34.671,-16.241,-9.8863,39.977,125.44,141.77,115.78
5.283,44.995,28.46,-32.563,-15.106,31.278,-7.3743,-7.4639,36.663,113.68,130.27,105.65
-3.0432,37.017,28.755,-22.854,-19.58,28.089,0.34279,-5.0308,33.599,101.94,118.38,95.293
-10.972,29.731,29.008,-13.78,-24.035,25.181,7.0476,-2.6512,30.837,90.431,106.08,84.793
-17.971,23.492,29.122,-6.1472,-27.945,22.613,13.005,-0.38734,28.366,79.353,93.481,74.288
-23.513,18.474,28.981,-0.31784,-30.781,20.423,18.396,1.7079,26.124,68.911,80.831,63.985
-27.096,14.68,28.492,3.7074,-32.134,18.607,23.295,3.5954,24.017,59.254,68.574,54.148
-28.346,11.986,27.609,6.0703,-31.811,17.116,27.706,5.2541,21.954,50.459,57.22,45.08
-27.162,10.178,26.332,6.9649,-29.895,15.848,31.597,6.6791,19.866,42.537,47.165,37.047
-23.801,8.9964,24.729,6.6394,-26.752,14.68,34.929,7.8729,17.734,35.458,38.56,30.191
-18.868,8.1852,22.945,5.4066,-22.951,13.514,37.659,8.8299,15.588,29.176,31.331,24.483
-13.185,7.5614,21.182,3.6267,-19.113,12.324,39.744,9.525,13.481,23.637,25.288,19.794
-7.5851,7.0456,19.63,1.6542,-15.763,11.168,41.134,9.9097,11.457,18.783,20.223,15.952
-2.701,6.6406,18.387,-0.22426,-13.219,10.131,41.77,9.9249,9.5228,14.531,15.948,12.797
1.0788,6.3686,17.418,-1.812,-11.573,9.2555,41.605,9.5212,7.6467,10.773,12.29,10.178
3.5224,6.2073,16.594,-2.9734,-10.752,8.5175,40.616,8.6838,5.7702,7.3859,9.1001,7.9555
4.5067,6.0667,15.779,-3.5955,-10.599,7.8523,38.82,7.4531,3.8594,4.2652,6.2587,6.0174
4.0156,5.8226,14.914,-3.5755,-10.935,7.2091,36.289,5.9276,1.9387,1.3593,3.7023,4.2916
2.1248,5.3801,14.027,-2.8399,-11.607,6.5905,33.162,4.2418,0.087696,-1.3227,1.4091,2.7478
-0.99849,4.7241,13.209,-1.3888,-12.523,6.0503,29.637,2.526,-1.5994,-3.7289,-0.61627,1.3888
-5.0652,3.9231,12.558,0.6619,-13.633,5.6584,25.921,0.87001,-3.0661,-5.8254,-2.3731,0.21933
-9.6392,3.096,12.148,3.0698,-14.889,5.4598,22.19,-0.68901,-4.3258,-7.6281,-3.8883,-0.77756
-14.164,2.3549,12.009,5.5055,-16.206,5.4541,18.568,-2.1501,-5.4588,-9.2093,-5.2216,-1.6483
-18.041,1.7751,12.116,7.6207,-17.449,5.585,15.158,-3.5167,-6.5611,-10.67,-6.4541,-2.4604
-20.727,1.3878,12.387,9.1134,-18.435,5.7606,12.056,-4.7729,-7.6974,-12.098,-7.6726,-3.2833
-21.816,1.1952,12.692,9.7655,-18.97,5.8815,9.3406,-5.8787,-8.8811,-13.536,-8.9401,-4.1697
-21.114,1.1864,12.885,9.4713,-18.892,5.8682,7.055,-6.78,-10.075,-14.978,-10.285,-5.1432
-18.716,1.333,12.849,8.2716,-18.133,5.6787,5.2204,-7.4227,-11.213,-16.369,-11.69,-6.1953
-15.005,1.5729,12.54,6.3654,-16.762,5.3127,3.8487,-7.7655,-12.217,-17.623,-13.089,-7.2923
-10.579,1.8226,12.001,4.079,-14.987,4.8042,2.9419,-7.7831,-13.008,-18.647,-14.382,-8.3722
-6.1291,2.0004,11.326,1.7943,-13.095,4.2168,2.4799,-7.4704,-13.519,-19.36,-15.46,-9.3519
-2.2997,2.0512,10.606,-0.13705,-11.365,3.6163,2.4128,-6.8485,-13.71,-19.721,-16.242,-10.151
0.42402,1.9515,9.865,-1.4597,-9.9872,3.042,2.6596,-5.9689,-13.581,-19.742,-16.708,-10.722
1.7893,1.692,9.05,-2.0422,-9.0218,2.4881,3.1193,-4.9044,-13.176,-19.494,-16.905,-11.061
1.7964,1.2514,8.0689,-1.8639,-8.4117,1.9051,3.6901,-3.7306,-12.575,-19.087,-16.936,-11.222
0.66207,0.58395,6.8489,-0.98477,-8.0296,1.2206,4.2915,-2.5044,-11.882,-18.638,-16.905,-11.292
-1.2626,-0.36709,5.3749,0.47239,-7.732,0.363,4.8788,-1.2539,-11.187,-18.236,-16.899,-11.367
-3.5757,-1.6367,3.6866,2.328,-7.3937,-0.71655,5.4459,0.016495,-10.551,-17.927,-16.966,-11.517
-5.8874,-3.216,1.8567,4.3682,-6.9309,-2.0315,6.0196,1.3152,-9.9986,-17.713,-17.12,-11.773
-7.8774,-5.0545,-0.026674,6.389,-6.3153,-3.5578,6.6419,2.6551,-9.5234,-17.569,-17.341,-12.119
-9.3397,-7.0818,-1.8683,8.2391,-5.5786,-5.2429,7.3427,4.0414,-9.1003,-17.477,-17.594,-12.518
-10.196,-9.2293,-3.5754,9.8357,-4.8015,-7.0215,8.1183,5.4561,-8.7055,-17.42,-17.855,-12.933
-10.48,-11.446,-5.0767,11.156,-4.0866,-8.8344,8.926,6.8441,-8.3346,-17.402,-18.112,-13.341
-10.309,-13.688,-6.3405,12.217,-3.5241,-10.645,9.695,8.1157,-8.0131,-17.45,-18.381,-13.751
-9.8611,-15.92,-7.3785,13.068,-3.1698,-12.432,10.347,9.1664,-7.804,-17.606,-18.695,-14.195
-9.3482,-18.108,-8.2289,13.792,-3.0435,-14.175,10.826,9.9151,-7.7848,-17.909,-19.087,-14.708
-8.9882,-20.214,-8.9313,14.482,-3.1466,-15.848,11.121,10.341,-8.0005,-18.369,-19.577,-15.303
-8.9737,-22.196,-9.5111,15.231,-3.4822,-17.408,11.286,10.5,-8.4391,-18.945,-20.156,-15.952
-9.4566,-24.019,-9.9739,16.12,-4.062,-18.805,11.42,10.505,-9.0285,-19.573,-20.796,-16.588
-10.539,-25.662,-10.327,17.203,-4.8953,-20.007,11.632,10.477,-9.6767,-20.18,-21.468,-17.138
-12.255,-27.141,-10.6,18.509,-5.9666,-21.019,12.001,10.495,-10.313,-20.727,-22.167,-17.562
-14.542,-28.503,-10.852,20.027,-7.2207,-21.895,12.546,10.564,-10.92,-21.218,-22.909,-17.884
-17.222,-29.815,-11.152,21.707,-8.5531,-22.717,13.225,10.623,-11.536,-21.7,-23.723,-18.172
-20.005,-31.138,-11.554,23.457,-9.8136,-23.562,13.96,10.581,-12.223,-22.244,-24.62,-18.52
-22.53,-32.496,-12.096,25.142,-10.82,-24.481,14.67,10.37,-13.027,-22.907,-25.582,-18.999
-24.44,-33.86,-12.806,26.604,-11.386,-25.486,15.312,9.9881,-13.948,-23.715,-26.555,-19.633
-25.458,-35.157,-13.714,27.688,-11.355,-26.56,15.897,9.4908,-14.941,-24.658,-27.503,-20.409
-25.451,-36.296,-14.849,28.28,-10.643,-27.677,16.486,8.9642,-15.945,-25.708,-28.415,-21.296
-24.458,-37.222,-16.225,28.35,-9.2686,-28.818,17.154,8.485,-16.911,-26.841,-29.324,-22.277
-22.66,-37.958,-17.827,27.966,-7.3567,-29.987,17.945,8.0974,-17.82,-28.05,-30.298,-23.359
-20.322,-38.613,-19.602,27.284,-5.106,-31.217,18.859,7.8049,-18.676,-29.336,-31.397,-24.556
-17.725,-39.323,-21.471,26.496,-2.7327,-32.54,19.853,7.5718,-19.493,-30.694,-32.645,-25.871
-15.115,-40.177,-23.352,25.766,-0.41188,-33.959,20.865,7.3358,-20.279,-32.1,-34.01,-27.268
-12.668,-41.149,-25.181,25.178,1.7623,-35.415,21.83,7.0329,-21.029,-33.498,-35.407,-28.673
-10.496,-42.106,-26.93,24.731,3.7729,-36.807,22.71,6.6279,-21.709,-34.804,-36.722,-29.978
-8.6921,-42.89,-28.594,24.382,5.6303,-38.027,23.493,6.1283,-22.271,-35.927,-37.837,-31.077
-7.3587,-43.423,-30.175,24.11,7.3135,-39.022,24.194,5.5743,-22.669,-36.804,-38.678,-31.902
-6.6143,-43.764,-31.673,23.965,8.745,-39.83,24.83,5.0136,-22.892,-37.426,-39.24,-32.456
-6.5557,-44.084,-33.085,24.051,9.809,-40.563,25.401,4.4767,-22.969,-37.851,-39.587,-32.817
-7.2095,-44.582,-34.41,24.466,10.401,-41.357,25.879,3.9632,-22.974,-38.177,-39.82,-33.098
-8.5029,-45.382,-35.655,25.235,10.481,-42.313,26.224,3.4452,-22.995,-38.503,-40.026,-33.407
-10.26,-46.479,-36.835,26.283,10.109,-43.453,26.389,2.8789,-23.108,-38.9,-40.242,-33.796
-12.226,-47.751,-37.98,27.448,9.4476,-44.724,26.338,2.2186,-23.359,-39.393,-40.459,-34.262
-14.106,-49.027,-39.142,28.538,8.7421,-46.043,26.046,1.4292,-23.755,-39.974,-40.655,-34.767
-15.623,-50.163,-40.399,29.379,8.269,-47.346,25.507,0.49377,-24.28,-40.614,-40.834,-35.275
-16.565,-51.093,-41.837,29.868,8.2824,-48.609,24.728,-0.58074,-24.908,-41.282,-41.038,-35.777
-16.814,-51.828,-43.515,29.991,8.9617,-49.84,23.722,-1.7623,-25.612,-41.948,-41.337,-36.286
-16.356,-52.439,-45.439,29.82,10.373,-51.058,22.508,-2.9996,-26.369,-42.586,-41.779,-36.819
-15.268,-53.016,-47.554,29.485,12.454,-52.272,21.108,-4.2354,-27.156,-43.17,-42.354,-37.364
-13.683,-53.624,-49.759,29.112,15.036,-53.463,19.556,-5.4224,-27.948,-43.671,-42.982,-37.874
-11.752,-54.268,-51.939,28.771,17.924,-54.587,17.903,-6.5391,-28.716,-44.06,-43.535,-38.278
-9.5986,-54.885,-54.017,28.444,20.973,-55.592,16.216,-7.5999,-29.44,-44.319,-43.9,-38.52
-7.2793,-55.376,-55.969,28.043,24.111,-56.445,14.562,-8.6518,-30.115,-44.462,-44.032,-38.594
-4.7798,-55.665,-57.81,27.454,27.303,-57.155,12.999,-9.757,-30.765,-44.536,-43.977,-38.552
-2.0698,-55.735,-59.533,26.607,30.463,-57.751,11.562,-10.965,-31.428,-44.618,-43.85,-38.489
0.80319,-55.644,-61.048,25.529,33.398,-58.257,10.271,-12.284,-32.145,-44.786,-43.782,-38.504
3.6529,-55.497,-62.187,24.356,35.823,-58.662,9.1429,-13.672,-32.935,-45.085,-43.863,-38.661
6.1561,-55.402,-62.765,23.302,37.423,-58.925,8.1914,-15.047,-33.787,-45.513,-44.111,-38.964
7.9232,-55.425,-62.66,22.589,37.951,-59.005,7.4291,-16.324,-34.655,-46.018,-44.475,-39.358
8.6062,-55.582,-61.873,22.383,37.308,-58.897,6.8575,-17.449,-35.477,-46.52,-44.868,-39.754
7.9746,-55.86,-60.522,22.761,35.543,-58.638,6.4615,-18.408,-36.181,-46.938,-45.201,-40.056
5.9404,-56.254,-58.79,23.724,32.776,-58.294,6.2082,-19.219,-36.705,-47.203,-45.408,-40.186
2.5591,-56.767,-56.844,25.224,29.13,-57.926,6.0531,-19.905,-37.002,-47.279,-45.454,-40.094
-1.9711,-57.396,-54.778,27.185,24.745,-57.551,5.953,-20.468,-37.054,-47.165,-45.33,-39.761
-7.317,-58.089,-52.606,29.489,19.831,-57.126,5.8834,-20.881,-36.872,-46.889,-45.036,-39.186
-13.035,-58.743,-50.29,31.977,14.685,-56.561,5.8509,-21.087,-36.485,-46.489,-44.567,-38.378
-18.614,-59.245,-47.792,34.457,9.6618,-55.763,5.8915,-21.026,-35.931,-46.001,-43.904,-37.353
-23.537,-59.521,-45.104,36.747,5.1285,-54.677,6.0566,-20.657,-35.25,-45.452,-43.026,-36.14
-27.335,-59.578,-42.275,38.698,1.4199,-53.324,6.3937,-19.989,-34.484,-44.86,-41.926,-34.792
-29.666,-59.474,-39.44,40.206,-1.1984,-51.794,6.9311,-19.082,-33.672,-44.238,-40.63,-33.382
-30.392,-59.272,-36.803,41.202,-2.585,-50.222,7.6693,-18.033,-32.852,-43.604,-39.202,-31.993
-29.644,-58.979,-34.567,41.635,-2.7929,-48.734,8.5815,-16.956,-32.063,-42.981,-37.735,-30.699
-27.789,-58.52,-32.829,41.485,-2.0977,-47.382,9.6183,-15.947,-31.334,-42.393,-36.324,-29.547
-25.319,-57.754,-31.494,40.767,-0.9396,-46.098,10.714,-15.056,-30.681,-41.862,-35.046,-28.548
-22.734,-56.518,-30.304,39.538,0.19114,-44.711,11.796,-14.28,-30.104,-41.39,-33.942,-27.68
-20.451,-54.681,-28.961,37.894,0.87917,-43.02,12.789,-13.578,-29.581,-40.961,-33.014,-26.897
-18.75,-52.195,-27.262,35.95,0.88573,-40.892,13.626,-12.906,-29.078,-40.534,-32.233,-26.139
-17.744,-49.102,-25.18,33.811,0.19905,-38.314,14.246,-12.248,-28.556,-40.049,-31.545,-25.347
-17.369,-45.529,-22.851,31.563,-0.98537,-35.392,14.59,-11.628,-27.975,-39.432,-30.88,-24.469
-17.414,-41.634,-20.482,29.266,-2.3468,-32.284,14.61,-11.096,-27.296,-38.616,-30.16,-23.472
-17.576,-37.576,-18.249,26.947,-3.5503,-29.123,14.261,-10.71,-26.496,-37.549,-29.303,-22.339
-17.522,-33.459,-16.218,24.595,-4.3455,-25.976,13.508,-10.515,-25.567,-36.231,-28.257,-21.087
-16.953,-29.317,-14.342,22.161,-4.624,-22.83,12.329,-10.53,-24.529,-34.715,-27.015,-19.761
-15.669,-25.142,-12.485,19.576,-4.4269,-19.632,10.721,-10.752,-23.431,-33.087,-25.627,-18.427
-13.621,-20.924,-10.492,16.789,-3.9086,-16.343,8.7025,-11.164,-22.339,-31.453,-24.187,-17.154
-10.914,-16.694,-8.2591,13.796,-3.2714,-12.977,6.3091,-11.745,-21.323,-29.901,-22.806,-16.002
-7.773,-12.519,-5.7818,10.649,-2.6975,-9.6129,3.5846,-12.481,-20.443,-28.493,-21.576,-14.999
-4.4953,-8.4961,-3.1751,7.4519,-2.2992,-6.3666,0.56919,-13.366,-19.737,-27.239,-20.539,-14.141
-1.4003,-4.7266,-0.63965,4.334,-2.1066,-3.3713,-2.7092,-14.394,-19.206,-26.11,-19.671,-13.379
1.2254,-1.2829,1.5922,1.4223,-2.0923,-0.74361,-6.2445,-15.558,-18.823,-25.058,-18.902,-12.641
3.183,1.8061,3.3409,-1.181,-2.224,1.4512,-10.056,-16.855,-18.546,-24.037,-18.146,-11.857
4.4057,4.5467,4.5596,-3.4065,-2.5026,3.225,-14.165,-18.276,-18.329,-23.012,-17.332,-10.978
4.9563,6.9617,5.3604,-5.2134,-2.9478,4.6699,-18.554,-19.815,-18.137,-21.964,-16.42,-9.9894
4.9732,9.0799,5.9533,-6.5858,-3.5421,5.9292,-23.122,-21.462,-17.943,-20.888,-15.402,-8.9088
4.6376,10.942,6.5294,-7.5465,-4.1877,7.1428,-27.725,-23.197,-17.729,-19.784,-14.291,-7.776
4.2187,12.609,7.1654,-8.1915,-4.7038,8.3957,-32.229,-24.98,-17.489,-18.662,-13.112,-6.6358
4.1051,14.157,7.8021,-8.7121,-4.854,9.6933,-36.535,-26.745,-17.229,-17.544,-11.891,-5.5273
4.7016,15.649,8.2947,-9.3559,-4.406,10.97,-40.531,-28.399,-16.96,-16.464,-10.661,-4.4824
6.2418,17.109,8.4981,-10.323,-3.2311,12.125,-44.084,-29.846,-16.697,-15.476,-9.46,-3.5294
8.668,18.511,8.3493,-11.667,-1.3972,13.073,-47.065,-31.001,-16.46,-14.636,-8.3343,-2.694
11.644,19.797,7.9165,-13.274,0.81748,13.786,-49.416,-31.809,-16.266,-13.983,-7.3259,-1.9941
14.652,20.894,7.3887,-14.891,2.9962,14.293,-51.162,-32.254,-16.122,-13.528,-6.4677,-1.4396
17.132,21.688,7.0027,-16.178,4.7,14.652,-52.391,-32.352,-16.009,-13.228,-5.7606,-1.017
18.652,22.041,6.9593,-16.834,5.5955,14.897,-53.202,-32.132,-15.89,-13.012,-5.1752,-0.69582
19.089,21.904,7.3428,-16.778,5.5508,15.036,-53.644,-31.611,-15.703,-12.788,-4.6533,-0.42806
18.643,21.424,8.0964,-16.244,4.6623,15.085,-53.688,-30.783,-15.369,-12.465,-4.1169,-0.15303
17.679,20.898,9.0548,-15.627,3.2051,15.093,-53.239,-29.613,-14.812,-11.968,-3.489,0.18845
16.499,20.578,10.018,-15.221,1.5224,15.128,-52.173,-28.053,-13.962,-11.247,-2.7224,0.63325
15.234,20.554,10.836,-15.075,-0.10585,15.24,-50.397,-26.066,-12.783,-10.303,-1.8142,1.1879
13.818,20.757,11.44,-15.017,-1.5517,15.444,-47.89,-23.665,-11.276,-9.1786,-0.81949,1.8177
12.051,21.01,11.856,-14.749,-2.8426,15.712,-44.733,-20.927,-9.4827,-7.9328,0.17866,2.4674
9.7364,21.092,12.163,-13.99,-4.0882,15.98,-41.102,-17.981,-7.4747,-6.6227,1.103,3.0788
6.8353,20.803,12.453,-12.605,-5.3824,16.159,-37.243,-14.98,-5.3417,-5.2885,1.9061,3.6025
3.5765,20.036,12.767,-10.66,-6.7193,16.169,-33.416,-12.059,-3.1693,-3.955,2.5726,3.9985
0.44218,18.836,13.071,-8.4226,-7.9576,15.962,-29.845,-9.3118,-1.0373,-2.6442,3.1036,4.2324
-1.9433,17.403,13.26,-6.317,-8.8532,15.53,-26.668,-6.7704,0.98677,-1.3896,3.4957,4.2746
-3.004,16.002,13.21,-4.7953,-9.1488,14.896,-23.913,-4.4259,2.8606,-0.23865,3.7327,4.1086
-2.4334,14.823,12.854,-4.1477,-8.6835,14.095,-21.525,-2.2548,4.5591,0.75978,3.7946,3.7418
-0.34252,13.878,12.214,-4.3674,-7.4806,13.153,-19.419,-0.24626,6.0796,1.5762,3.6783,3.2096
2.7386,13.014,11.381,-5.1446,-5.7661,12.086,-17.52,1.5861,7.4277,2.2123,3.4093,2.5645
5.9989,12.009,10.462,-5.9868,-3.9123,10.896,-15.791,3.1996,8.6158,2.6982,3.0366,1.8601
8.5676,10.683,9.5281,-6.403,-2.3411,9.5862,-14.232,4.542,9.6559,3.079,2.6161,1.1426
9.7317,8.9796,8.6154,-6.058,-1.4215,8.1807,-12.863,5.5759,10.558,3.4033,2.1985,0.45077
9.0914,6.9858,7.75,-4.8397,-1.3793,6.7448,-11.704,6.3039,11.338,3.7184,1.8264,-0.1816
6.6392,4.8954,6.9744,-2.8461,-2.2421,5.3857,-10.752,6.7769,12.025,4.0671,1.532,-0.72954
2.7432,2.9342,6.3415,-0.32681,-3.8424,4.2177,-9.9764,7.0808,12.654,4.4798,1.331,-1.1863
-1.9659,1.2656,5.8801,2.3922,-5.8704,3.3012,-9.3305,7.3038,13.244,4.9584,1.2123,-1.5721
-6.7539,-0.084793,5.5576,4.9821,-7.9522,2.5928,-8.7667,7.5012,13.773,5.4618,1.1342,-1.9348
-10.93,-1.2427,5.274,7.1882,-9.7381,1.947,-8.2554,7.6718,14.165,5.9053,1.033,-2.3382
-13.979,-2.4142,4.8979,8.8891,-10.977,1.1825,-7.7903,7.7591,14.309,6.1847,0.8435,-2.8412
-15.664,-3.7554,4.327,10.079,-11.562,0.17342,-7.3777,7.684,14.108,6.2152,0.52121,-3.476
-16.025,-5.2806,3.5376,10.793,-11.536,-1.0934,-7.0211,7.3904,13.528,5.9651,0.056145,-4.2363
-15.305,-6.887,2.5924,11.078,-11.056,-2.5276,-6.7135,6.874,12.613,5.4592,-0.53159,-5.0845
-13.862,-8.4481,1.6051,11.033,-10.328,-3.99,-6.4377,6.1797,11.458,4.7553,-1.2096,-5.9691
-12.081,-9.8845,0.68658,10.808,-9.5373,-5.353,-6.1723,5.377,10.172,3.9165,-1.9478,-6.8376
-10.279,-11.18,-0.10094,10.563,-8.7894,-6.5412,-5.8953,4.535,8.8479,3.0004,-2.7157,-7.641
-8.6343,-12.364,-0.76579,10.427,-8.0907,-7.544,-5.5876,3.7115,7.5528,2.0662,-3.469,-8.3303
-7.2222,-13.483,-1.3786,10.477,-7.3632,-8.4024,-5.2391,2.9508,6.3397,1.1808,-4.1423,-8.858
-6.1091,-14.572,-2.0392,10.754,-6.5088,-9.1809,-4.8562,2.2879,5.2521,0.41196,-4.6621,-9.1867
-5.4106,-15.645,-2.8333,11.277,-5.5016,-9.9388,-4.4692,1.7387,4.3182,-0.1918,-4.9746,-9.3044
-5.3082,-16.694,-3.7952,12.052,-4.46,-10.714,-4.121,1.2925,3.5454,-0.61679,-5.0683,-9.235
-6.0424,-17.7,-4.8853,13.09,-3.6503,-11.515,-3.8532,0.91417,2.9213,-0.88062,-4.9718,-9.0324
-7.8297,-18.642,-5.9964,14.392,-3.3993,-12.324,-3.6857,0.55915,2.4201,-1.032,-4.7472,-8.7746
-10.686,-19.499,-6.9959,15.912,-3.9501,-13.109,-3.6052,0.19487,2.0078,-1.13,-4.4647,-8.5395
-14.299,-20.243,-7.782,17.513,-5.3338,-13.841,-3.571,-0.18568,1.6431,-1.2312,-4.1856,-8.3859
-18.078,-20.836,-8.3323,18.974,-7.3044,-14.503,-3.5341,-0.56596,1.2783,-1.3821,-3.9542,-8.3414
-21.307,-21.239,-8.723,20.026,-9.3575,-15.099,-3.4626,-0.91947,0.86575,-1.6154,-3.7954,-8.4002
-23.285,-21.414,-9.1044,20.416,-10.854,-15.641,-3.3582,-1.2259,0.37299,-1.9447,-3.7137,-8.529
-23.43,-21.32,-9.6473,19.96,-11.206,-16.136,-3.2559,-1.4819,-0.1988,-2.3557,-3.694,-8.6757
-21.428,-20.919,-10.48,18.599,-10.048,-16.569,-3.2075,-1.7,-0.80456,-2.7996,-3.7031,-8.779
-17.371,-20.201,-11.643,16.436,-7.3493,-16.912,-3.2603,-1.901,-1.3671,-3.2036,-3.6961,-8.7817
-11.772,-19.212,-13.072,13.717,-3.4427,-17.131,-3.4414,-2.1077,-1.8106,-3.4955,-3.6284,-8.6508
-5.448,-18.061,-14.62,10.788,1.0864,-17.217,-3.7506,-2.3422,-2.0948,-3.6317,-3.467,-8.3936
0.69002,-16.9,-16.117,8.0155,5.5686,-17.19,-4.158,-2.617,-2.2276,-3.6092,-3.195,-8.0565
5.8523,-15.878,-17.412,5.7119,9.4064,-17.096,-4.6029,-2.9191,-2.2491,-3.4567,-2.8102,-7.7031
9.5487,-15.098,-18.415,4.0774,12.203,-16.99,-5.0014,-3.2014,-2.2041,-3.2158,-2.3246,-7.386
11.656,-14.599,-19.091,3.1671,13.825,-16.917,-5.2677,-3.3937,-2.1225,-2.9259,-1.7677,-7.132
12.367,-14.367,-19.451,2.8904,14.376,-16.909,-5.3413,-3.4347,-2.0193,-2.6221,-1.1925,-6.9459
12.073,-14.359,-19.542,3.0543,14.111,-16.989,-5.204,-3.3023,-1.9088,-2.3415,-0.67416,-6.8275
11.19,-14.553,-19.442,3.4515,13.345,-17.18,-4.8744,-3.0314,-1.8174,-2.1252,-0.29603,-6.7856
9.9908,-14.968,-19.246,3.9637,12.343,-17.506,-4.3864,-2.695,-1.78,-2.0097,-0.12461,-6.8375
8.4942,-15.653,-19.014,4.6243,11.2,-17.971,-3.7701,-2.3696,-1.8279,-2.0116,-0.1855,-6.996
6.4816,-16.645,-18.738,5.5976,9.7829,-18.539,-3.0334,-2.1032,-1.9739,-2.1245,-0.46001,-7.2569
3.6012,-17.936,-18.339,7.0835,7.8413,-19.128,-2.1575,-1.9004,-2.2034,-2.3112,-0.88362,-7.5817
-0.43124,-19.448,-17.71,9.2009,5.1827,-19.63,-1.1113,-1.7314,-2.48,-2.5288,-1.3838,-7.9141
-5.595,-21.061,-16.804,11.915,1.8017,-19.967,0.12025,-1.5589,-2.7665,-2.7551,-1.9172,-8.2099
-11.49,-22.653,-15.688,15.025,-2.0624,-20.13,1.5077,-1.368,-3.0455,-3.0056,-2.491,-8.464
-17.462,-24.11,-14.547,18.194,-5.9508,-20.183,2.9706,-1.1824,-3.3244,-3.3222,-3.15,-8.7134
-22.74,-25.332,-13.623,21.014,-9.2897,-20.22,4.3977,-1.0542,-3.6178,-3.7376,-3.9345,-9.0083
-26.554,-26.219,-13.11,23.091,-11.537,-20.309,5.6843,-1.0355,-3.9218,-4.2363,-4.8354,-9.3712
-28.297,-26.671,-13.078,24.127,-12.33,-20.44,6.7684,-1.1487,-4.2002,-4.7418,-5.7743,-9.7729
-27.697,-26.599,-13.442,23.995,-11.594,-20.524,7.6466,-1.3735,-4.392,-5.1367,-6.6196,-10.138
-24.886,-25.931,-13.996,22.743,-9.5463,-20.41,8.3678,-1.6534,-4.4324,-5.3025,-7.2276,-10.371
-20.361,-24.633,-14.494,20.555,-6.6097,-19.949,9.0115,-1.9129,-4.2724,-5.1575,-7.4876,-10.383
-14.858,-22.714,-14.733,17.697,-3.2832,-19.037,9.6628,-2.0781,-3.8919,-4.682,-7.3548,-10.112
-9.1648,-20.215,-14.609,14.446,-0.0095322,-17.646,10.391,-2.096,-3.3043,-3.9231,-6.8609,-9.5323
-3.894,-17.19,-14.116,11.035,2.9155,-15.802,11.238,-1.945,-2.5527,-2.9803,-6.0947,-8.6589
0.66531,-13.687,-13.311,7.6062,5.3613,-13.561,12.223,-1.6287,-1.6978,-1.9727,-5.1619,-7.5316
4.5076,-9.755,-12.255,4.215,7.3051,-10.972,13.356,-1.1592,-0.79963,-0.99891,-4.1433,-6.1965
7.7601,-5.4467,-10.966,0.85268,8.7466,-8.0688,14.64,-0.54351,0.097437,-0.10763,-3.0699,-4.688
10.579,-0.82513,-9.4085,-2.5219,9.6472,-4.8792,16.059,0.21702,0.96948,0.7062,-1.9286,-3.0249
13.082,4.0336,-7.5057,-5.9608,9.9156,-1.4519,17.57,1.1152,1.8054,1.4807,-0.6899,-1.2207
15.277,9.0314,-5.1846,-9.4993,9.425,2.1312,19.103,2.1199,2.5937,2.2557,0.66001,0.69864
17.042,14.042,-2.4253,-13.12,8.0746,5.7618,20.562,3.1609,3.3113,3.0489,2.1003,2.6773
18.198,18.92,0.70222,-16.731,5.8836,9.3258,21.817,4.1306,3.9244,3.8481,3.5792,4.6252
18.654,23.531,4.0357,-20.189,3.0532,12.726,22.72,4.9094,4.404,4.6247,5.0351,6.4337
18.494,27.784,7.3566,-23.356,-0.05307,15.902,23.144,5.4034,4.7501,5.3585,6.4228,8.0088
17.977,31.645,10.453,-26.15,-2.9924,18.84,23.002,5.5723,5.006,6.0569,7.7274,9.3088
17.447,35.129,13.184,-28.554,-5.3496,21.581,22.263,5.4307,5.2497,6.7568,8.9612,10.365
17.219,38.274,15.516,-30.589,-6.8316,24.204,20.933,5.0259,5.5633,7.5073,10.149,11.272
17.493,41.107,17.515,-32.272,-7.3225,26.8,19.038,4.4074,5.9945,8.3443,11.313,12.156
18.277,43.616,19.304,-33.592,-6.8957,29.428,16.625,3.6058,6.5271,9.2648,12.459,13.123
19.391,45.741,21.005,-34.5,-5.7963,32.074,13.762,2.6284,7.0749,10.213,13.557,14.219
20.54,47.377,22.684,-34.933,-4.3972,34.621,10.554,1.4767,7.5093,11.087,14.511,15.399
21.407,48.421,24.32,-34.875,-3.1255,36.858,7.138,0.1783,7.7164,11.777,15.175,16.529
21.715,48.849,25.819,-34.395,-2.3751,38.554,3.6876,-1.1867,7.6554,12.218,15.409,17.438
21.257,48.772,27.069,-33.642,-2.4378,39.571,0.4009,-2.4852,7.3833,12.427,15.171,18.007
19.916,48.42,27.993,-32.811,-3.4601,39.925,-2.5215,-3.5608,7.0299,12.499,14.549,18.232
17.707,48.053,28.563,-32.093,-5.4157,39.758,-4.9238,-4.2796,6.7391,12.562,13.718,18.212
14.828,47.87,28.793,-31.649,-8.1016,39.257,-6.7375,-4.574,6.6112,12.726,12.864,18.092
11.674,47.95,28.721,-31.587,-11.163,38.582,-7.9821,-4.4602,6.6782,13.047,12.132,17.994
8.7651,48.263,28.385,-31.943,-14.122,37.838,-8.7275,-4.0239,6.9162,13.53,11.607,17.998
6.6366,48.712,27.812,-32.684,-16.423,37.089,-9.0555,-3.377,7.2805,14.139,11.325,18.135
5.7367,49.186,27.014,-33.749,-17.537,36.371,-9.0387,-2.6086,7.7424,14.829,11.292,18.413
6.3827,49.613,25.991,-35.101,-17.111,35.711,-8.7321,-1.7544,8.3094,15.559,11.495,18.819
8.744,49.996,24.739,-36.764,-15.08,35.13,-8.1715,-0.79986,9.0178,16.31,11.901,19.329
12.795,50.405,23.261,-38.795,-11.649,34.635,-7.3814,0.28525,9.9027,17.072,12.46,19.903
18.253,50.911,21.554,-41.219,-7.2077,34.19,-6.3924,1.5052,10.962,17.833,13.089,20.486
24.588,51.499,19.617,-43.944,-2.245,33.708,-5.2581,2.8168,12.138,18.567,13.68,21.017
31.11,52.036,17.467,-46.741,2.725,33.069,-4.0551,4.1399,13.328,19.24,14.128,21.462
37.105,52.325,15.168,-49.29,7.2198,32.169,-2.8595,5.3893,14.424,19.823,14.365,21.822
41.957,52.209,12.843,-51.297,10.844,30.974,-1.7206,6.5063,15.352,20.301,14.386,22.123
45.264,51.664,10.649,-52.611,13.341,29.543,-0.6497,7.4779,16.084,20.665,14.239,22.373
46.912,50.806,8.7283,-53.265,14.642,27.999,0.37284,8.337,16.633,20.9,13.988,22.533
47.064,49.797,7.1747,-53.406,14.859,26.485,1.3827,9.1468,17.026,20.986,13.683,22.535
46.059,48.744,6.0206,-53.168,14.235,25.104,2.418,9.9736,17.277,20.904,13.35,22.313
44.282,47.625,5.2537,-52.57,13.062,23.899,3.511,10.863,17.379,20.648,12.992,21.843
42.038,46.285,4.8353,-51.469,11.607,22.841,4.6834,11.827,17.311,20.22,12.601,21.147
39.488,44.504,4.7045,-49.629,10.073,21.844,5.943,12.846,17.04,19.628,12.163,20.276
36.695,42.098,4.7756,-46.846,8.5862,20.79,7.2815,13.873,16.534,18.867,11.653,19.283
33.69,39.036,4.9449,-43.094,7.1978,19.575,8.6749,14.843,15.761,17.92,11.031,18.201
30.475,35.476,5.1167,-38.567,5.8773,18.161,10.089,15.689,14.705,16.761,10.246,17.049
27.031,31.695,5.2349,-33.621,4.5232,16.593,11.491,16.355,13.381,15.386,9.2471,15.831
23.332,27.971,5.2931,-28.648,3.0103,14.971,12.853,16.811,11.845,13.823,8.0008,14.547
19.369,24.486,5.3093,-23.951,1.2659,13.393,14.156,17.059,10.184,12.133,6.504,13.206
15.175,21.3,5.2794,-19.662,-0.67188,11.905,15.38,17.123,8.4758,10.388,4.7872,11.821
10.864,18.361,5.1472,-15.757,-2.643,10.484,16.498,17.033,6.7615,8.65,2.9081,10.414
6.6472,15.549,4.812,-12.144,-4.4029,9.0524,17.474,16.798,5.0418,6.9616,0.93796,9.0054
2.8197,12.742,4.1711,-8.7668,-5.689,7.5219,18.267,16.395,3.2945,5.3354,-1.0531,7.6103
-0.29639,9.8865,3.1642,-5.6584,-6.2942,5.8361,18.844,15.779,1.4971,3.7538,-3.0106,6.229
-2.4303,7.0154,1.7994,-2.9362,-6.1282,3.9914,19.19,14.921,-0.35999,2.172,-4.9063,4.8449
-3.4406,4.2288,0.15229,-0.74376,-5.2476,2.0315,19.331,13.842,-2.2731,0.52332,-6.7494,3.4214
-3.3622,1.6325,-1.6531,0.82727,-3.8406,0.023571,19.346,12.638,-4.2294,-1.2747,-8.5971,1.8998
-2.4063,-0.72461,-3.4718,1.7946,-2.1792,-1.9704,19.37,11.49,-6.2094,-3.3138,-10.555,0.20552
-0.91196,-2.8844,-5.16,2.2993,-0.55577,-3.9111,19.593,10.629,-8.187,-5.6868,-12.76,-1.7368
0.74135,-4.9647,-6.5945,2.5773,0.78376,-5.7811,20.272,10.298,-10.133,-8.4756,-15.352,-3.9865
2.2165,-7.1118,-7.7003,2.9078,1.6934,-7.5769,21.733,10.701,-12.019,-11.732,-18.434,-6.5763
3.2469,-9.45,-8.4788,3.5584,2.1445,-9.3089,24.107,11.975,-13.815,-15.453,-22.043,-9.5089
3.6013,-12.043,-9.0057,4.7325,2.1942,-10.996,24.963,14.19,-15.459,-19.543,-26.129,-12.755
3.0552,-14.865,-9.3762,6.5246,1.9201,-12.642,21.566,17.334,-16.79,-23.777,-30.545,-16.242
1.4392,-17.778,-9.6215,8.901,1.3344,-14.184,20.22,20.903,-17.455,-27.757,-35.05,-19.838
-1.2879,-20.531,-9.6543,11.727,0.29503,-15.46,24.045,20.66,-16.808,-30.872,-39.24,-23.285
-5.0902,-22.785,-9.2819,14.841,-1.5015,-16.213,33.797,5.2408,-13.764,-32.196,-42.333,-26.068
-10.076,-24.159,-8.2772,18.114,-4.3838,-16.147,50.366,7.902,-7.1956,-30.464,-43.035,-27.367
-16.612,-24.294,-6.4643,21.433,-8.5061,-15,73.694,18.965,-14.952,-26.354,-40.846,-26.808
-24.953,-23.088,-3.7627,24.818,-13.731,-12.603,101.39,33.181,-19.913,-65.527,-54.492,-32.558
-37.07,-24.115,-0.16059,33.121,-19.7,-9.052,130.67,48.762,-23.603,-105.87,-103.23,-74.999
-68.164,-48.833,4.3842,61.833,-26.043,-6.7649,160.47,64.896,-28.008,-134.12,-132.17,-100.72
-94.821,-68.528,10.087,80.551,-32.23,-16.331,190.01,82.097,-31.207,-157.33,-155.67,-118.61
-110.25,-76.581,17.398,92.97,-36.832,-27.609,217.52,102.43,-28.409,-168.15,-168.03,-127.41
-114.7,-76.007,26.623,96.198,-37.701,-24.374,242.08,133.37,-11.929,-157.2,-161.24,-121.4
-105.71,-62.626,37.218,85.83,-33.966,-12.147,265.31,184.74,27.3,-113.72,-126.56,-94.514
-82.316,-32.438,49.563,58.31,-27.681,8.5221,289.94,264.27,99.901,-27.364,-56.527,-41.633
-42.921,17.556,64.93,11.366,-22.592,38.722,316.61,373.02,220.36,106.93,52.535,39.806
13.248,88.995,81.646,-55.369,-22.849,79.172,341.46,500.34,380.19,286.31,200.54,149.16
84.594,181.22,98.601,-139.39,-15.049,130.52,356.55,624.99,561.8,506.16,384.76,283.16
166.3,289.48,115.8,-235.46,15.973,193.04,356.07,728.2,752.14,758.71,597.94,436.29
251.73,405.51,134.44,-336.41,51.309,264.33,339.59,790.79,932.42,1028.8,827.81,600.54
332.15,520.72,158.41,-433.92,80.266,339.85,309.31,797.18,1088.9,1300.5,1060.4,766.14
396.77,627.56,195.44,-519.01,93.261,416.82,270.62,748.27,1215.7,1559.5,1281.9,922.68
434.61,719.16,253.72,-582.67,82.824,493.65,233.49,659.25,1312.9,1791.6,1478,1059.4
436.97,789.21,333.57,-617.71,46.223,567.45,209.01,551.68,1380.7,1980.2,1633.4,1165.2
400.53,832.56,422.93,-620.51,-13.564,633.09,198.59,443.85,1414.8,2105.6,1731.7,1229.8
329.29,845.6,511.1,-591.48,-89.009,683.79,196.26,344.39,1405.5,2147.1,1757.6,1244.4
233.48,826.3,589.06,-534.44,-170.75,712.47,194.35,252.09,1341.4,2088.1,1701.5,1204.7
126.34,774.67,645.07,-455.63,-248.71,713.13,185.87,160.34,1215.3,1922.7,1563,1111.7
20.434,693.19,669.6,-362.58,-312.64,682.62,166.74,62.317,1029.3,1660.3,1353.5,973.31
-73.894,587.12,658.58,-263.11,-357.48,622.06,136.29,-45.55,796,1325,1094.2,802.37
-150.66,464.85,614.23,-164.55,-380.55,537.26,94.711,-162.55,533.65,952.53,812.51,615.01
-206.44,338.1,544.15,-73.266,-380.89,437.85,44.501,-281.41,266.29,583.76,536.54,428.01
-240.75,219.34,459.15,0.87654,-360.38,335.27,-6.0015,-388.66,23.05,257.05,291.2,256.82
-255.1,117.45,370.35,54.108,-324.43,239.95,-48.202,-472.08,-173.53,0.21391,93.469,112.99
-251.71,42.306,286.38,88.234,-279.58,158.92,-76.945,-520.56,-310.8,-171.61,-45.517,4.0013
-233.26,-2.3157,211.72,104.49,-230.55,96.911,-88.495,-528.02,-384.6,-260.63,-121.06,-62.615
-202.69,-23.258,148.22,104.98,-180.08,55.908,-81.26,-494.56,-399.52,-281.78,-147.24,-91.964
-162.64,-29.265,99.315,93.846,-130.64,31.804,-58.784,-427.37,-367.19,-253.83,-141.25,-95.628
-118.35,-27.88,64.876,75.82,-87.312,18.058,-28.047,-338.75,-303.04,-198.27,-118.7,-84.963
-78.585,-24.355,40.355,43.613,-57.307,9.5874,2.4746,-241.56,-223.6,-137.57,-92.184,-69.281
-48.319,-18.322,22.792,27.338,-37.161,3.7016,23.117,-147.48,-143.17,-88.225,-69.731,-54.866
-31.215,-7.3356,10.863,25.86,-23.401,2.6945,33.746,-67.606,-76.523,-55.485,-52.865,-39.773
-23.463,-11.966,5.2294,25.094,-14.306,9.1083,41.116,-9.6703,-36.013,-53.518,-48.891,-29.356
-21.053,-17.098,10.145,24.079,-8.8352,4.2207,49.738,22.438,-18.146,-64.277,-59.208,-36.441
-21.515,-19.876,12.214,22.777,-6.9186,-2.8088,57.531,35.133,-14.498,-65.819,-64.242,-41.296
-20.497,-20.918,6.7333,21.284,-10.252,-7.325,61.851,37.954,-16.704,-64.312,-65.441,-43.326
-18.067,-20.839,1.8343,19.768,-13.252,-10.044,64.044,37.026,-20.336,-61.174,-64.382,-43.465
-17.224,-20.164,-1.2553,18.35,-13.6,-11.595,66.866,35.413,-25.453,-56.691,-62.238,-42.61
-17.109,-19.273,-3.0895,17.045,-13.366,-12.36,70.278,34.278,-28.487,-51.939,-59.869,-41.453
-16.511,-18.379,-4.1542,15.813,-12.663,-12.598,72.945,32.944,-22.013,-47.965,-57.826,-40.432
-15.034,-17.563,-4.7987,14.616,-11.376,-12.511,74.219,35.663,-16.328,-45.219,-56.362,-39.739
-12.841,-16.839,-5.2898,13.441,-9.567,-12.273,74.052,42.418,-12.588,-43.701,-55.506,-39.387
-10.349,-16.205,-5.814,12.308,-7.4733,-12.043,72.626,46.072,-10.413,-43.177,-55.167,-39.299
-8.0349,-15.674,-6.4696,11.271,-5.4342,-11.946,70.156,47.692,-9.3949,-43.328,-55.216,-39.382
-6.3097,-15.268,-7.2812,10.406,-3.7795,-12.058,66.813,48.237,-9.0956,-43.854,-55.532,-39.572
-5.4285,-15.006,-8.2369,9.7812,-2.7242,-12.405,62.733,48.219,-9.1514,-44.535,-56.021,-39.848
-5.4295,-14.895,-9.3327,9.4339,-2.295,-12.979,58.058,47.874,-9.3472,-45.252,-56.618,-40.227
-6.1186,-14.943,-10.605,9.3518,-2.3072,-13.766,52.974,47.292,-9.6085,-45.961,-57.284,-40.749
-7.1139,-15.164,-12.132,9.4748,-2.3936,-14.767,47.704,46.503,-9.9361,-46.662,-57.991,-41.449
-7.942,-15.581,-14.005,9.7071,-2.0947,-15.992,42.473,45.55,-10.33,-47.348,-58.716,-42.331
-8.149,-16.21,-16.273,9.935,-0.99675,-17.438,37.465,44.524,-10.742,-47.982,-59.428,-43.345
-7.3914,-17.032,-18.903,10.047,1.1261,-19.063,32.808,43.561,-11.08,-48.503,-60.083,-44.399
-5.5129,-17.997,-21.772,9.9599,4.2335,-20.785,28.581,42.796,-11.243,-48.848,-60.637,-45.379
-2.6048,-19.038,-24.714,9.6392,8.0545,-22.517,24.834,42.303,-11.168,-48.986,-61.05,-46.194
0.99596,-20.091,-27.583,9.1138,12.198,-24.196,21.594,42.069,-10.856,-48.937,-61.299,-46.799
4.7932,-21.106,-30.285,8.4693,16.258,-25.796,18.879,42.006,-10.365,-48.762,-61.386,-47.207
8.2604,-22.055,-32.775,7.8304,19.872,-27.316,16.701,42.002,-9.7824,-48.547,-61.346,-47.473
10.953,-22.943,-35.033,7.3366,22.772,-28.774,15.058,41.972,-9.1967,-48.379,-61.257,-47.68
12.581,-23.815,-37.054,7.114,24.805,-30.198,13.931,41.896,-8.6887,-48.333,-61.236,-47.924
13.047,-24.73,-38.848,7.2447,25.948,-31.62,13.278,41.807,-8.3248,-48.461,-61.411,-48.298
12.434,-25.734,-40.429,7.7455,26.281,-33.057,13.049,41.778,-8.1418,-48.785,-61.875,-48.857
10.98,-26.836,-41.797,8.5621,25.958,-34.489,13.191,41.888,-8.127,-49.283,-62.635,-49.6
9.0108,-27.995,-42.931,9.5807,25.169,-35.861,13.639,42.198,-8.214,-49.887,-63.601,-50.46
6.8794,-29.133,-43.805,10.656,24.122,-37.097,14.299,42.719,-8.3098,-50.506,-64.618,-51.337
4.8778,-30.163,-44.421,11.655,23.009,-38.135,15.047,43.383,-8.3399,-51.051,-65.532,-52.148
3.1734,-31.037,-44.83,12.495,21.978,-38.959,15.749,44.049,-8.2817,-51.471,-66.255,-52.866
1.7947,-31.781,-45.109,13.174,21.104,-39.616,16.289,44.557,-8.1684,-51.755,-66.797,-53.53
0.67693,-32.495,-45.337,13.756,20.399,-40.196,16.601,44.806,-8.0599,-51.929,-67.237,-54.214
-0.26357,-33.316,-45.582,14.333,19.847,-40.809,16.686,44.798,-8.0061,-52.034,-67.677,-54.979
-1.0674,-34.364,-45.904,14.978,19.452,-41.556,16.601,44.637,-8.0238,-52.108,-68.194,-55.844
-1.7029,-35.707,-46.366,15.721,19.255,-42.504,16.425,44.47,-8.1011,-52.181,-68.809,-56.778
-2.0759,-37.339,-47.019,16.538,19.329,-43.681,16.218,44.421,-8.2158,-52.274,-69.491,-57.729
-2.087,-39.185,-47.901,17.375,19.746,-45.067,15.999,44.532,-8.3564,-52.393,-70.181,-58.64
-1.7158,-41.127,-49.029,18.172,20.533,-46.605,15.758,44.745,-8.534,-52.536,-70.82,-59.478
-1.0822,-43.048,-50.395,18.909,21.639,-48.227,15.469,44.923,-8.7804,-52.697,-71.377,-60.237
-0.44592,-44.885,-51.96,19.628,22.911,-49.876,15.113,44.911,-9.1341,-52.88,-71.861,-60.934
-0.15412,-46.654,-53.643,20.439,24.115,-51.514,14.685,44.605,-9.6196,-53.094,-72.307,-61.596
-0.53743,-48.43,-55.334,21.494,24.997,-53.125,14.211,44.004,-10.227,-53.349,-72.755,-62.243
-1.782,-50.298,-56.915,22.913,25.37,-54.691,13.746,43.216,-10.903,-53.645,-73.22,-62.871
-3.8458,-52.294,-58.294,24.723,25.185,-56.188,13.364,42.427,-11.558,-53.965,-73.677,-63.453
-6.4555,-54.384,-59.425,26.825,24.552,-57.592,13.13,41.826,-12.09,-54.275,-74.07,-63.944
-9.1661,-56.486,-60.318,29.015,23.708,-58.885,13.074,41.518,-12.418,-54.534,-74.327,-64.303
-11.464,-58.496,-61.022,31.035,22.934,-60.065,13.175,41.467,-12.507,-54.703,-74.396,-64.508
-12.901,-60.328,-61.584,32.653,22.452,-61.141,13.373,41.507,-12.379,-54.754,-74.256,-64.565
-13.228,-61.949,-62.013,33.747,22.338,-62.12,13.588,41.418,-12.109,-54.681,-73.93,-64.509
-12.482,-63.395,-62.268,34.357,22.478,-63.013,13.751,41.016,-11.807,-54.509,-73.476,-64.386
-11.009,-64.751,-62.285,34.68,22.609,-63.83,13.827,40.218,-11.582,-54.289,-72.963,-64.24
-9.3831,-66.109,-62.026,35,22.413,-64.584,13.822,39.058,-11.514,-54.081,-72.443,-64.093
-8.2612,-67.523,-61.516,35.582,21.631,-65.281,13.782,37.648,-11.633,-53.935,-71.934,-63.944
-8.2191,-68.991,-60.851,36.603,20.13,-65.923,13.768,36.134,-11.921,-53.875,-71.426,-63.771
-9.644,-70.454,-60.164,38.121,17.927,-66.501,13.833,34.631,-12.332,-53.894,-70.892,-63.549
-12.641,-71.818,-59.583,40.072,15.183,-67.001,13.989,33.182,-12.809,-53.964,-70.307,-63.26
-16.974,-72.987,-59.202,42.303,12.182,-67.411,14.201,31.734,-13.306,-54.043,-69.663,-62.893
-22.107,-73.924,-59.078,44.618,9.2938,-67.74,14.393,30.162,-13.785,-54.095,-68.965,-62.449
-27.315,-74.666,-59.238,46.814,6.9192,-68.03,14.472,28.339,-14.226,-54.098,-68.23,-61.934
-31.778,-75.289,-59.686,48.685,5.414,-68.339,14.362,26.206,-14.626,-54.042,-67.469,-61.365
-34.712,-75.833,-60.395,50.015,5.011,-68.706,14.026,23.8,-15.006,-53.934,-66.676,-60.754
-35.544,-76.256,-61.313,50.592,5.7871,-69.129,13.482,21.231,-15.397,-53.784,-65.828,-60.102
-34.048,-76.447,-62.367,50.267,7.6811,-69.555,12.795,18.641,-15.828,-53.602,-64.886,-59.387
-30.402,-76.276,-63.479,49.002,10.529,-69.898,12.045,16.158,-16.312,-53.382,-63.808,-58.566
-25.139,-75.667,-64.579,46.901,14.082,-70.078,11.297,13.852,-16.843,-53.1,-62.568,-57.589
-18.992,-74.634,-65.604,44.206,18.021,-70.049,10.57,11.711,-17.415,-52.731,-61.159,-56.421
-12.712,-73.278,-66.493,41.247,21.989,-69.805,9.8381,9.6424,-18.026,-52.254,-59.591,-55.06
-6.9819,-71.734,-67.195,38.381,25.639,-69.37,9.0509,7.5208,-18.676,-51.657,-57.885,-53.527
-2.3859,-70.115,-67.664,35.901,28.669,-68.776,8.1661,5.2513,-19.353,-50.933,-56.054,-51.859
0.63186,-68.471,-67.856,33.97,30.845,-68.033,7.1809,2.8155,-20.02,-50.074,-54.102,-50.083
1.8554,-66.775,-67.712,32.59,32.01,-67.116,6.1457,0.28194,-20.621,-49.061,-52.022,-48.2
1.3591,-64.942,-67.148,31.641,32.093,-65.956,5.1539,-2.2173,-21.089,-47.873,-49.805,-46.191
-0.52767,-62.862,-66.069,30.954,31.114,-64.466,4.3111,-4.5321,-21.379,-46.502,-47.456,-44.033
-3.328,-60.454,-64.39,30.384,29.196,-62.569,3.7006,-6.5469,-21.475,-44.951,-45.001,-41.725
-6.4992,-57.704,-62.065,29.829,26.565,-60.229,3.3603,-8.2151,-21.385,-43.232,-42.472,-39.288
-9.4897,-54.677,-59.1,29.208,23.533,-57.462,3.2808,-9.5583,-21.122,-41.346,-39.877,-36.749
-11.824,-51.49,-55.554,28.447,20.436,-54.327,3.4179,-10.643,-20.685,-39.264,-37.178,-34.112
-13.184,-48.257,-51.538,27.482,17.571,-50.912,3.7099,-11.554,-20.05,-36.938,-34.293,-31.346
-13.432,-45.035,-47.202,26.27,15.149,-47.3,4.0897,-12.367,-19.192,-34.31,-31.12,-28.391
-12.617,-41.801,-42.701,24.788,13.27,-43.536,4.4921,-13.142,-18.101,-31.349,-27.581,-25.186
-10.971,-38.473,-38.165,23.037,11.895,-39.622,4.8584,-13.909,-16.811,-28.073,-23.654,-21.697
-8.8744,-34.95,-33.676,21.05,10.833,-35.546,5.1364,-14.682,-15.398,-24.558,-19.395,-17.941
-6.7908,-31.178,-29.263,18.894,9.771,-31.323,5.2815,-15.471,-13.977,-20.925,-14.924,-13.993
-5.1726,-27.171,-24.92,16.671,8.3669,-27.02,5.2603,-16.297,-12.664,-17.312,-10.379,-9.9579
-4.3769,-23.009,-20.631,14.504,6.3594,-22.735,5.0506,-17.181,-11.523,-13.814,-5.8606,-5.926
-4.5892,-18.783,-16.398,12.508,3.661,-18.547,4.6311,-18.133,-10.537,-10.442,-1.378,-1.9213
-5.7708,-14.552,-12.241,10.751,0.38832,-14.478,3.9624,-19.159,-9.6088,-7.1158,3.17,2.1362
-7.6571,-10.31,-8.189,9.2266,-3.1702,-10.481,2.9772,-20.285,-8.6082,-3.7053,7.9704,6.4291
-9.8128,-5.9881,-4.2555,7.8444,-6.6298,-6.4542,1.5913,-21.559,-7.439,-0.094167,13.256,11.21
-11.726,-1.4619,-0.42766,6.4475,-9.6024,-2.2614,-0.28314,-23.059,-6.0841,3.7742,19.27,16.758
-12.912,3.4216,3.3396,4.8454,-11.781,2.2425,-2.742,-24.869,-4.6149,7.8889,26.239,23.318
-13.008,8.8147,7.1246,2.8609,-12.997,7.1959,-5.8982,-27.059,-3.1632,12.195,34.316,31.023
-11.851,14.83,11.039,0.36885,-13.264,12.712,-9.8847,-29.658,-1.872,16.624,43.509,39.811
-9.5223,21.505,15.216,-2.6879,-12.785,18.846,-14.845,-32.649,-0.84936,21.108,53.629,49.377
-6.3335,28.778,19.781,-6.2931,-11.931,25.543,-20.875,-35.969,-0.13946,25.585,64.305,59.241
-2.7596,36.495,24.808,-10.354,-11.164,32.61,-27.884,-39.547,0.27737,29.989,75.082,68.901
0.67352,44.456,30.295,-14.71,-10.936,39.761,-35.466,-43.328,0.46003,34.267,85.53,77.988
3.5108,52.486,36.152,-19.175,-11.579,46.752,-43.03,-47.284,0.46994,38.392,95.334,86.324
5.4623,60.501,42.232,-23.604,-13.216,53.481,-50.195,-51.401,0.34633,42.385,104.33,93.903
6.4471,68.527,48.354,-27.961,-15.734,59.983,-57.073,-55.668,0.1118,46.329,112.51,100.84
6.5849,76.681,54.341,-32.354,-18.81,66.369,-64.089,-60.076,-0.19804,50.379,120.06,107.31
6.1474,85.113,60.045,-37.014,-21.995,72.776,-71.477,-64.622,-0.5079,54.758,127.26,113.54
5.489,93.886,65.37,-42.199,-24.84,79.312,-78.929,-69.279,-0.70212,59.719,134.43,119.71
4.9768,102.83,70.276,-48.025,-27.009,85.987,-85.81,-73.911,-0.65196,65.471,141.82,125.95
4.9276,111.54,74.743,-54.299,-28.341,92.663,-91.702,-78.294,-0.25587,72.08,149.49,132.29
5.5537,119.5,78.748,-60.555,-28.821,99.07,-96.563,-82.254,0.5254,79.399,157.36,138.65
6.9234,126.42,82.248,-66.326,-28.533,104.91,-100.53,-85.734,1.6519,87.074,165.2,144.84
8.9693,132.22,85.193,-71.41,-27.621,109.95,-103.76,-88.725,3.0123,94.632,172.68,150.64
11.565,137.01,87.55,-75.864,-26.252,114.1,-106.36,-91.216,4.4567,101.62,179.49,155.81
14.612,140.96,89.334,-79.858,-24.576,117.36,-108.35,-93.175,5.8472,107.74,185.36,160.12
18.045,144.23,90.637,-83.539,-22.699,119.83,-109.64,-94.521,7.1065,112.87,190.16,163.47
21.761,146.95,91.636,-86.95,-20.701,121.67,-109.97,-95.142,8.2388,117.09,193.85,165.82
25.536,149.18,92.565,-89.979,-18.68,123.06,-109.03,-94.978,9.3118,120.58,196.51,167.2
29,150.9,93.642,-92.341,-16.782,124.16,-106.6,-94.093,10.422,123.52,198.25,167.68
64.298,177.4,100.93,-119.16,-15.632,138.79,-116.45,-114.81,27.825,149.44,208.39,183.36
74.752,187.62,100.61,-129.19,-9.9545,143.51,-105.4,-108.51,32.096,156.21,217.99,190.17
79.418,190.98,99.213,-133.01,-6.8587,144.28,-94.315,-101.53,34.603,159.93,224.45,193.58
76.805,186.63,97.395,-129.52,-7.3847,141.09,-84.3,-94.552,35.739,160.51,226.86,193.12
67.311,176.13,96.298,-119.69,-11.803,135.26,-75.855,-88.322,36.129,158.55,225.11,189.06
52.75,162.54,97.183,-105.85,-19.71,128.9,-68.793,-83.524,36.35,155.04,219.75,182.23
35.201,149.05,101.15,-90.463,-30.5,124.07,-62.393,-80.668,36.744,151.08,211.77,173.64
16.13,137.78,108.87,-75.143,-43.686,122.12,-55.792,-79.905,37.384,147.49,202.26,164.17
-3.6606,129.31,120.1,-60.525,-58.743,123.23,-48.428,-80.882,38.175,144.59,192.1,154.43
-23.638,122.81,133.49,-46.563,-74.808,126.33,-40.261,-82.739,39.049,142.29,181.93,144.74
