I,II,III,aVR,aVL,aVF,V1,V2,V3,V4,V5,V6
-23.314,65.312,86.823,-25.236,-84.031,74.842,260.56,263.04,-68.915,41.439,-59.873,55.571
-25.985,64.847,89.169,-24.636,-85.721,75.416,251.61,255.19,-72.403,38.397,-59.048,54.337
-29.622,62.339,90.437,-22.311,-87.382,74.559,244.37,248.64,-74.653,35.287,-58.601,52.823
-34.882,56.54,90.038,-17.165,-89.101,71.403,240.39,244.63,-74.494,31.975,-59.181,50.502
-41.618,47.227,87.599,-9.1273,-90.663,65.586,240.64,244.11,-70.997,28.396,-61.336,46.681
-48.86,35.432,83.186,0.73266,-91.635,57.541,245.27,247.35,-63.703,24.771,-65.316,40.715
-55.172,23.327,77.532,10.491,-91.645,48.625,253.49,253.88,-52.723,21.955,-70.761,32.508
-59.25,13.652,72.073,17.996,-90.722,40.905,263.8,262.54,-38.521,21.729,-76.318,23.054
-60.441,8.8125,68.563,21.612,-89.382,36.501,274.47,271.89,-21.464,26.767,-79.412,14.6
-58.725,10.067,68.241,20.632,-88.198,36.726,284.06,280.7,-1.3142,40.341,-76.249,10.361
-54.03,17.529,71.146,14.924,-87.118,41.693,291.85,288.32,23.33,66.217,-61.88,14.196
-33.823,3.6576,106.95,28.685,-82.014,49.288,296.58,293.43,61.684,85.595,-17.755,7.0872
-20.632,25.244,114,8.5005,-80.877,59.976,303.06,300.16,105.67,164,37.891,49.062
-0.91056,59.269,119.83,-21.064,-74.993,79.643,312.52,310.04,165.95,267.93,122.03,111.58
26.841,108.4,125.09,-61.25,-67.416,110.04,327.92,325.59,247.66,392.37,238.66,193.17
63.57,173.8,134.83,-113.61,-58.851,152.08,351.62,348.58,351.96,528.49,387,293.03
109.7,252.64,157.1,-177.59,-48.903,204.46,383.72,379.47,475.79,702.28,559.54,420.42
165.96,336.73,182.33,-246.8,-36.263,261.19,421.25,415.96,625.71,926.95,752.63,554.26
221.67,413.43,198.64,-311.91,-18.959,310.77,458.65,453.1,777.23,1123.6,932.5,678.29
268.9,469.43,200.54,-363.61,4.5882,342.09,488.02,483.24,896,1290.3,1081.9,780.54
306.1,495.64,185.85,-395.26,33.974,348.7,500.24,497.06,965.73,1404.4,1184.9,849.14
330.37,489.73,156.17,-404.26,65.862,329.98,486.54,485.26,967.02,1447.2,1229.6,877.29
339.01,455.28,116.72,-391.46,94.39,290.75,440.29,440.63,886.99,1405.2,1209.9,863.35
329.64,399.25,74.666,-359.53,112.95,238.89,358.79,360.01,720.84,1271.7,1123.7,809.68
300.77,328.68,36.355,-311.34,116.71,181.89,244.88,246.05,473.3,1046.3,972.67,720.3
252.84,248.43,4.9186,-249.43,104.79,124.18,107.62,107.94,160.6,738.16,762.05,599.76
189.07,161.55,-19.983,-176.62,80.436,67.16,-38.708,-39.613,-189.47,367.48,503.23,453.71
115.4,71.089,-40.322,-96.958,49.376,11.142,-177.66,-179.61,-540.08,-33.396,215.63,290.75
39.505,-19.167,-57.634,-15.72,17.632,-43.22,-294.9,-297.27,-852.33,-424.54,-74.117,122.66
-30.64,-105.08,-71.835,61.362,-10.158,-94.644,-381.72,-383.74,-1094.7,-765.83,-337.53,-37.614
-88.53,-181.82,-79.834,129.01,-31.784,-140.95,-436.01,-437.21,-1250.4,-1026.1,-550.77,-178.6
-130.88,-243.93,-71.246,183.1,-47.02,-178.78,-460.86,-461.34,-1319.2,-1189.8,-700.03,-291.71
-157.89,-287.52,-49.359,221.33,-56.577,-204.97,-462.17,-462.57,-1314.8,-1259,-783.05,-371.89
-171.99,-312.38,-39.645,243.74,-62.704,-219.26,-446.66,-447.95,-1257.5,-1250.1,-808.03,-418.51
-176.38,-320.95,-37.159,252.18,-67.436,-222.81,-420.69,-423.65,-1168.3,-1187.5,-789.86,-435.68
-174,-315.79,-36.259,249.15,-71.045,-213.64,-388.7,-393.28,-1064.2,-1095.1,-744.54,-430.23
-167.01,-298.35,-34.841,236.8,-70.882,-188.61,-352.38,-357.91,-955.63,-990.87,-684.9,-409.38
-156.61,-269.01,-32.107,216.82,-65.664,-157.65,-312.42,-317.99,-847.95,-884.32,-618.88,-378.84
-143.44,-230.19,-27.967,190.66,-64.466,-129.49,-268.5,-273.39,-744.02,-777.57,-550.51,-342.39
-128.28,-184.78,-22.759,159.95,-64.318,-100.33,-222,-226.36,-646.36,-668.73,-481.99,-301.77
-112.61,-138.54,-17.361,128.24,-64.41,-71.259,-178.42,-182.53,-557.61,-561.77,-415.64,-252.33
-98.338,-101.12,-13.064,101.27,-64.11,-48.643,-141.77,-145.16,-477.33,-469.53,-356.27,-196.03
-85.77,-75.252,-10.82,80.432,-62.26,-35.007,-111.45,-113.86,-402.65,-393.53,-305.76,-157.83
-74.217,-59.532,-10.567,64.567,-58.294,-29.824,-86.046,-87.573,-333.34,-328.44,-260.64,-132.82
-63.134,-52.284,-11.232,53.056,-52.353,-30.947,-65.374,-66.238,-271.71,-272.89,-219.37,-113.89
-52.505,-51.429,-11.538,45.633,-45.083,-34.01,-49.62,-50.081,-220.49,-227.32,-183.53,-99.228
-42.778,-52.819,-10.988,41.647,-37.378,-34.476,-38.583,-38.91,-180.64,-191.85,-154.54,-88.583
-34.586,-50.954,-10.046,39.216,-30.161,-32.003,-31.568,-31.992,-151.36,-165.64,-132.27,-81.416
-28.327,-45.727,-9.533,35.61,-24.19,-28.666,-28.291,-28.822,-130.78,-147.25,-115.76,-75.876
-23.651,-40.144,-9.9684,30.841,-19.762,-25.88,-28.147,-28.93,-116.73,-134.96,-103.97,-68.939
-19.584,-35.764,-11.327,26.509,-16.487,-24.24,-23.385,-24.958,-107.3,-127.04,-95.833,-60.285
-16.241,-33.031,-13.263,23.306,-13.531,-23.822,-15.085,-17.219,-101.03,-120.96,-89.296,-52.262
-13.943,-31.837,-15.384,21.236,-10.506,-24.367,-7.328,-9.7151,-95.297,-111.88,-82.061,-45.939
-12.393,-31.799,-17.364,20.085,-7.9347,-25.492,-1.6215,-4.0619,-87.346,-100.55,-75.205,-41.263
-11.344,-32.494,-19.013,19.617,-6.1713,-26.871,1.798,-0.64042,-80.239,-92.127,-70.023,-37.961
-10.706,-33.591,-20.296,19.641,-4.9562,-28.277,3.2457,0.77202,-75.59,-86.732,-66.263,-35.746
-10.467,-34.865,-21.262,20.009,-4.0985,-29.579,3.1458,0.56088,-72.565,-83.196,-63.463,-34.333
-10.593,-36.151,-21.967,20.591,-3.6007,-30.707,1.897,-0.88911,-70.477,-80.784,-61.299,-33.439
-10.992,-37.301,-22.449,21.247,-3.4613,-31.616,-0.12014,-3.2015,-68.95,-79.069,-59.541,-32.803
-11.532,-38.175,-22.73,21.831,-3.6068,-32.261,-2.5429,-6.005,-67.743,-77.773,-58.018,-32.213
-12.073,-38.65,-22.823,22.217,-3.9152,-32.596,-5.0744,-8.9711,-66.688,-76.714,-56.615,-31.529
-12.493,-38.666,-22.747,22.328,-4.2501,-32.605,-7.5376,-11.866,-65.674,-75.79,-55.27,-30.688
-12.706,-38.261,-22.546,22.161,-4.4861,-32.332,-9.8826,-14.567,-64.647,-74.963,-53.961,-29.706
-12.672,-37.576,-22.298,21.78,-4.5277,-31.89,-12.137,-17.033,-63.589,-74.222,-52.686,-28.644
-12.391,-36.798,-22.094,21.283,-4.3217,-31.423,-14.338,-19.252,-62.501,-73.56,-51.437,-27.585
-11.891,-36.095,-22.013,20.764,-3.8594,-31.06,-16.484,-21.214,-61.385,-72.951,-50.189,-26.601
-11.21,-35.567,-22.095,20.278,-3.1665,-30.878,-18.531,-22.904,-60.241,-72.355,-48.906,-25.737
-10.384,-35.218,-22.336,19.828,-2.2854,-30.884,-20.417,-24.319,-59.067,-71.732,-47.553,-25.004
-9.4319,-34.966,-22.695,19.369,-1.2577,-31.022,-22.086,-25.474,-57.86,-71.047,-46.106,-24.38
-8.3489,-34.677,-23.112,18.819,-0.11137,-31.2,-23.505,-26.407,-56.614,-70.271,-44.552,-23.825
-7.1098,-34.215,-23.529,18.1,1.141,-31.321,-24.673,-27.16,-55.315,-69.376,-42.881,-23.282
-5.6866,-33.496,-23.905,17.165,2.4961,-31.321,-25.616,-27.768,-53.941,-68.337,-41.079,-22.692
-4.0703,-32.518,-24.236,16.026,3.9445,-31.191,-26.377,-28.258,-52.465,-67.144,-39.124,-22.008
-2.2896,-31.368,-24.544,14.758,5.4539,-30.978,-26.997,-28.645,-50.865,-65.816,-37.001,-21.218
-0.4162,-30.19,-24.866,13.473,6.9611,-30.756,-27.497,-28.935,-49.133,-64.403,-34.716,-20.356
1.4459,-29.121,-25.231,12.283,8.3856,-30.595,-27.871,-29.126,-47.279,-62.972,-32.303,-19.501
3.1883,-28.238,-25.633,11.259,9.6561,-30.52,-28.092,-29.214,-45.327,-61.587,-29.813,-18.746
4.7322,-27.518,-26.03,10.413,10.731,-30.492,-28.137,-29.195,-43.298,-60.292,-27.302,-18.169
6.0517,-26.859,-26.358,9.7028,11.601,-30.429,-28.008,-29.079,-41.205,-59.1,-24.819,-17.802
7.1699,-26.141,-26.557,9.0666,12.281,-30.241,-27.743,-28.884,-39.053,-57.992,-22.398,-17.627
8.1313,-25.297,-26.599,8.4603,12.798,-29.886,-27.409,-28.634,-36.83,-56.917,-20.057,-17.593
8.9659,-24.361,-26.503,7.8827,13.181,-29.392,-27.079,-28.341,-34.508,-55.795,-17.789,-17.632
9.6658,-23.449,-26.318,7.3714,13.454,-28.848,-26.81,-28.002,-32.04,-54.532,-15.569,-17.683
10.189,-22.694,-26.099,6.9774,13.625,-28.357,-26.622,-27.599,-29.371,-53.033,-13.353,-17.706
10.491,-22.179,-25.882,6.7326,13.688,-27.986,-26.492,-27.11,-26.462,-51.228,-11.099,-17.678
10.56,-21.902,-25.673,6.63,13.636,-27.743,-26.362,-26.522,-23.309,-49.082,-8.7751,-17.587
10.444,-21.773,-25.459,6.6194,13.463,-27.579,-26.167,-25.839,-19.946,-46.605,-6.3691,-17.427
10.234,-21.645,-25.216,6.6207,13.183,-27.41,-25.854,-25.079,-16.442,-43.837,-3.8835,-17.193
10.048,-21.359,-24.921,6.5458,12.827,-27.14,-25.394,-24.257,-12.864,-40.834,-1.323,-16.879
9.9877,-20.786,-24.561,6.3237,12.442,-26.691,-24.776,-23.372,-9.2625,-37.647,1.3164,-16.477
10.119,-19.866,-24.136,5.9206,12.079,-26.018,-24.013,-22.4,-5.6575,-34.313,4.0502,-15.971
10.46,-18.628,-23.66,5.3487,11.792,-25.124,-23.134,-21.319,-2.0467,-30.844,6.9011,-15.337
10.975,-17.182,-23.156,4.661,11.618,-24.063,-22.176,-20.123,1.5837,-27.227,9.8909,-14.551
11.594,-15.679,-22.643,3.9325,11.577,-22.913,-21.169,-18.831,5.2518,-23.436,13.035,-13.595
12.232,-14.255,-22.124,3.2378,11.66,-21.75,-20.128,-17.474,8.9738,-19.453,16.34,-12.465
12.816,-13.001,-21.589,2.6322,11.834,-20.625,-19.042,-16.069,12.757,-15.299,19.799,-11.174
13.301,-11.955,-21.023,2.1444,12.054,-19.566,-17.886,-14.618,16.596,-11.055,23.392,-9.7559
13.681,-11.121,-20.435,1.7775,12.278,-18.604,-16.642,-13.124,20.466,-6.8507,27.075,-8.2564
13.978,-10.49,-19.862,1.5147,12.481,-17.782,-15.321,-11.604,24.336,-2.8209,30.785,-6.7215
14.243,-10.035,-19.37,1.323,12.654,-17.143,-13.959,-10.102,28.172,0.9407,34.461,-5.1775
14.534,-9.6978,-19.011,1.1509,12.797,-16.692,-12.606,-8.6728,31.947,4.4098,38.059,-3.6178
14.907,-9.3687,-18.798,0.9293,12.906,-16.372,-11.288,-7.3581,35.65,7.6286,41.573,-2.0012
15.41,-8.9071,-18.699,0.58184,12.966,-16.071,-9.997,-6.1698,39.295,10.682,45.027,-0.26614
16.074,-8.1897,-18.666,0.047523,12.96,-15.675,-8.6929,-5.0908,42.911,13.671,48.457,1.6469
16.91,-7.1669,-18.668,-0.69661,12.887,-15.116,-7.3213,-4.0846,46.537,16.687,51.891,3.7729
17.899,-5.8872,-18.708,-1.6286,12.777,-14.405,-5.8393,-3.1043,50.194,19.795,55.339,6.1111
19.004,-4.4695,-18.814,-2.6965,12.691,-13.616,-4.2326,-2.1,53.869,23.023,58.794,8.6307
20.2,-3.044,-19.015,-3.8444,12.723,-12.845,-2.5201,-1.0251,57.513,26.363,62.24,11.288
21.496,-1.6994,-19.314,-5.0339,12.977,-12.162,-0.74885,0.15227,61.05,29.776,65.66,14.043
22.934,-0.46262,-19.679,-6.2515,13.552,-11.582,1.0152,1.4337,64.39,33.216,69.039,16.868
24.565,0.69144,-20.055,-7.5032,14.503,-11.068,2.6979,2.7804,67.453,36.642,72.365,19.735
26.412,1.8134,-20.375,-8.802,15.815,-10.55,4.2287,4.1204,70.184,40.023,75.625,22.611
28.462,2.9531,-20.583,-10.155,17.386,-9.9512,5.5546,5.3726,72.566,43.33,78.811,25.451
30.66,4.144,-20.65,-11.558,19.064,-9.2201,6.6495,6.4727,74.614,46.528,81.909,28.205
32.921,5.4006,-20.58,-13,20.699,-8.3379,7.5163,7.3864,76.369,49.574,84.901,30.823
35.139,6.7259,-20.405,-14.466,22.181,-7.3192,8.1796,8.109,77.878,52.422,87.766,33.269
37.209,8.1218,-20.168,-15.949,23.442,-6.1928,8.6754,8.6615,79.18,55.034,90.492,35.517
39.039,9.5938,-19.895,-17.445,24.441,-4.9759,9.0431,9.0864,80.303,57.389,93.084,37.551
40.564,11.147,-19.569,-18.943,25.157,-3.6582,9.3214,9.4422,81.26,59.481,95.578,39.366
41.751,12.776,-19.138,-20.419,25.58,-2.2092,9.5444,9.7882,82.05,61.31,98.028,40.962
42.604,14.447,-18.53,-21.831,25.721,-0.60884,9.7331,10.161,82.666,62.869,100.48,42.332
43.154,16.099,-17.697,-23.124,25.606,1.1182,9.888,10.554,83.094,64.139,102.96,43.461
43.446,17.649,-16.64,-24.243,25.265,2.8928,9.9907,10.923,83.32,65.104,105.41,44.334
43.521,19.02,-15.403,-25.147,24.736,4.6071,10.018,11.209,83.338,65.756,107.79,44.948
43.416,20.162,-14.059,-25.816,24.061,6.1693,9.9605,11.37,83.154,66.112,110.04,45.33
43.171,21.072,-12.669,-26.265,23.29,7.5403,9.8381,11.402,82.789,66.212,112.12,45.538
42.828,21.798,-11.264,-26.544,22.472,8.7442,9.6991,11.349,82.281,66.119,114.06,45.65
42.438,22.418,-9.829,-26.729,21.652,9.8509,9.6053,11.278,81.676,65.906,115.94,45.735
42.047,23.016,-8.3204,-26.903,20.866,10.943,9.6067,11.264,81.021,65.64,117.79,45.826
41.697,23.66,-6.6906,-27.138,20.142,12.078,9.7219,11.361,80.356,65.374,119.65,45.917
41.416,24.379,-4.9141,-27.48,19.5,13.271,9.936,11.594,79.71,65.144,121.49,45.972
41.221,25.167,-3.0059,-27.939,18.952,14.494,10.216,11.957,79.101,64.975,123.28,45.959
41.124,25.998,-1.0255,-28.504,18.507,15.692,10.533,12.426,78.546,64.888,124.96,45.869
41.131,26.84,0.93362,-29.143,18.172,16.815,10.885,12.98,78.06,64.902,126.51,45.727
41.251,27.67,2.7714,-29.828,17.949,17.826,11.302,13.616,77.667,65.039,127.96,45.579
41.486,28.477,4.4154,-30.532,17.835,18.715,11.838,14.352,77.397,65.315,129.37,45.473
41.829,29.26,5.8495,-31.233,17.811,19.492,12.556,15.22,77.284,65.746,130.83,45.435
42.253,30.019,7.1155,-31.915,17.84,20.185,13.499,16.245,77.353,66.347,132.4,45.476
42.715,30.753,8.286,-32.557,17.868,20.824,14.673,17.433,77.613,67.122,134.14,45.596
43.166,31.458,9.4253,-33.145,17.843,21.434,16.04,18.757,78.051,68.069,136.01,45.803
43.558,32.129,10.564,-33.665,17.727,22.027,17.539,20.179,78.637,69.167,137.95,46.111
43.857,32.758,11.702,-34.112,17.502,22.605,19.114,21.661,79.329,70.381,139.87,46.528
44.034,33.342,12.834,-34.483,17.168,23.167,20.729,23.18,80.088,71.664,141.71,47.041
44.076,33.88,13.974,-34.772,16.736,23.72,22.372,24.729,80.876,72.957,143.41,47.599
43.975,34.376,15.154,-34.966,16.213,24.277,24.041,26.302,81.651,74.201,144.91,48.115
43.727,34.83,16.411,-35.041,15.603,24.853,25.727,27.882,82.369,75.341,146.14,48.479
43.334,35.235,17.75,-34.965,14.904,25.455,27.405,29.436,82.983,76.336,147.01,48.59
42.79,35.569,19.129,-34.71,14.107,26.066,29.037,30.916,83.453,77.156,147.43,48.373
42.084,35.799,20.479,-34.256,13.198,26.651,30.576,32.27,83.751,77.787,147.32,47.798
41.19,35.894,21.737,-33.6,12.152,27.165,31.985,33.459,83.864,78.223,146.6,46.881
40.073,35.834,22.862,-32.753,10.947,27.57,33.243,34.464,83.788,78.465,145.24,45.675
38.7,35.616,23.841,-31.732,9.5747,27.852,34.35,35.285,83.526,78.506,143.24,44.254
37.053,35.251,24.684,-30.562,8.0415,28.017,35.321,35.939,83.087,78.332,140.61,42.683
35.132,34.757,25.421,-29.275,6.3512,28.086,36.176,36.453,82.482,77.922,137.42,40.988
32.941,34.151,26.089,-27.9,4.4932,28.084,36.936,36.861,81.722,77.252,133.71,39.146
30.476,33.451,26.719,-26.449,2.4564,28.034,37.613,37.193,80.804,76.302,129.54,37.079
27.721,32.672,27.332,-24.915,0.25977,27.95,38.206,37.476,79.709,75.06,124.91,34.69
24.663,31.818,27.929,-23.285,-2.0186,27.839,38.706,37.719,78.409,73.521,119.87,31.886
21.333,30.896,28.494,-21.55,-4.2397,27.699,39.098,37.922,76.873,71.682,114.48,28.612
17.818,29.909,29.007,-19.714,-6.2459,27.527,39.368,38.069,75.081,69.545,108.87,24.867
14.245,28.861,29.458,-17.797,-7.9341,27.321,39.512,38.142,73.031,67.117,103.21,20.707
10.732,27.756,29.853,-15.82,-9.3046,27.083,39.533,38.126,70.742,64.42,97.672,16.24
7.3536,26.595,30.215,-13.798,-10.454,26.818,39.441,38.015,68.255,61.496,92.382,11.612
4.1415,25.373,30.569,-11.738,-11.526,26.525,39.254,37.816,65.625,58.415,87.395,6.9841
1.1128,24.082,30.92,-9.6463,-12.658,26.199,38.995,37.547,62.92,55.273,82.709,2.5141
-1.707,22.718,31.251,-7.5401,-13.938,25.829,38.692,37.235,60.215,52.174,78.292,-1.6554
-4.2813,21.29,31.521,-5.4581,-15.375,25.406,38.377,36.911,57.587,49.217,74.102,-5.4098
-6.5739,19.826,31.694,-3.4591,-16.893,24.932,38.089,36.607,55.109,46.474,70.102,-8.6763
-8.5606,18.384,31.759,-1.6133,-18.368,24.424,37.859,36.349,52.832,43.982,66.275,-11.437
-10.235,17.041,31.741,0.013581,-19.685,23.92,37.711,36.157,50.783,41.742,62.621,-13.732
-11.611,15.874,31.689,1.3776,-20.778,23.466,37.645,36.037,48.965,39.741,59.155,-15.644
-12.714,14.935,31.648,2.4694,-21.633,23.099,37.64,35.982,47.364,37.963,55.89,-17.282
-13.576,14.228,31.642,3.314,-22.28,22.834,37.655,35.977,45.954,36.396,52.822,-18.761
-14.225,13.717,31.671,3.956,-22.779,22.661,37.643,36.004,44.699,35.033,49.925,-20.182
-14.678,13.349,31.716,4.441,-23.193,22.554,37.564,36.041,43.558,33.868,47.165,-21.608
-14.944,13.077,31.753,4.8014,-23.548,22.485,37.396,36.069,42.5,32.895,44.519,-23.048
-15.03,12.876,31.766,5.051,-23.797,22.435,37.143,36.073,41.516,32.106,42,-24.436
-14.942,12.744,31.754,5.1902,-23.844,22.399,36.841,36.049,40.632,31.501,39.655,-25.647
-14.702,12.691,31.729,5.2177,-23.62,22.383,36.538,36.005,39.893,31.085,37.557,-26.532
-14.344,12.725,31.719,5.1444,-23.141,22.399,36.282,35.955,39.346,30.872,35.782,-26.958
-13.925,12.843,31.752,4.9995,-22.509,22.454,36.103,35.916,39.018,30.88,34.383,-26.845
-13.505,13.027,31.848,4.8213,-21.858,22.552,36.001,35.899,38.905,31.123,33.38,-26.176
-13.138,13.261,32.014,4.6383,-21.305,22.691,35.955,35.909,38.97,31.6,32.748,-25.005
-12.855,13.543,32.247,4.4545,-20.931,22.87,35.929,35.943,39.156,32.285,32.42,-23.433
-12.666,13.885,32.539,4.2502,-20.773,23.09,35.896,35.99,39.396,33.127,32.303,-21.599
-12.569,14.302,32.882,3.998,-20.844,23.35,35.839,36.038,39.629,34.058,32.295,-19.647
-12.559,14.797,33.274,3.6855,-21.145,23.649,35.76,36.074,39.808,35.003,32.308,-17.707
-12.64,15.347,33.709,3.3303,-21.668,23.975,35.665,36.086,39.907,35.9,32.282,-15.882
-12.82,15.906,34.188,2.9793,-22.404,24.313,35.558,36.066,39.918,36.703,32.186,-14.235
-13.106,16.426,34.715,2.6923,-23.35,24.648,35.435,36.01,39.839,37.396,32.003,-12.789
-13.493,16.866,35.3,2.5199,-24.507,24.973,35.284,35.912,39.666,37.972,31.707,-11.533
-13.958,17.213,35.957,2.4846,-25.874,25.288,35.093,35.765,39.38,38.43,31.259,-10.43
-14.458,17.48,36.698,2.5725,-27.431,25.599,34.852,35.559,38.946,38.761,30.609,-9.4269
-14.94,17.697,37.525,2.7392,-29.121,25.914,34.561,35.291,38.33,38.95,29.719,-8.4676
-15.359,17.901,38.419,2.9258,-30.843,26.236,34.239,34.965,37.51,38.989,28.581,-7.4979
-15.69,18.118,39.345,3.0817,-32.48,26.562,33.914,34.595,36.49,38.881,27.236,-6.4774
-15.937,18.356,40.253,3.1799,-33.942,26.883,33.619,34.205,35.301,38.643,25.749,-5.3945
-16.131,18.603,41.1,3.2228,-35.194,27.184,33.363,33.81,33.977,38.293,24.185,-4.2798
-16.315,18.839,41.87,3.2363,-36.263,27.455,33.132,33.413,32.537,37.836,22.575,-3.2096
-16.532,19.038,42.576,3.2578,-37.222,27.692,32.882,33.003,30.974,37.254,20.905,-2.2891
-16.809,19.188,43.261,3.32,-38.157,27.896,32.564,32.559,29.26,36.512,19.134,-1.6211
-17.15,19.292,43.987,3.4358,-39.121,28.081,32.147,32.066,27.371,35.566,17.218,-1.2722
-17.53,19.375,44.823,3.5898,-40.123,28.264,31.633,31.524,25.303,34.389,15.137,-1.2545
-17.911,19.476,45.842,3.7427,-41.136,28.469,31.054,30.945,23.089,32.981,12.91,-1.5277
-18.255,19.64,47.128,3.8451,-42.128,28.719,30.458,30.349,20.79,31.384,10.594,-2.0169
-18.546,19.908,48.774,3.8533,-43.085,29.035,29.885,29.761,18.483,29.674,8.2637,-2.6349
-18.793,20.311,50.895,3.7372,-44.027,29.441,29.357,29.198,16.253,27.949,5.9969,-3.298
-19.022,20.873,53.626,3.4776,-44.995,29.967,28.875,28.674,14.173,26.307,3.8537,-3.9299
-19.256,21.618,57.116,3.0551,-46.031,30.657,28.423,28.191,12.295,24.829,1.873,-4.458
-19.501,22.574,61.501,2.4407,-47.164,31.584,27.989,27.744,10.644,23.572,0.078673,-4.8089
-19.735,23.775,66.863,1.595,-48.403,32.873,27.571,27.334,9.22,22.564,-1.5097,-4.9085
-19.914,25.261,73.188,0.47961,-49.75,34.739,27.186,26.973,8.0145,21.818,-2.8669,-4.6884
-19.989,27.083,80.334,-0.92791,-51.2,37.533,26.868,26.688,7.0257,21.332,-3.9595,-4.0962
-19.912,29.32,88.028,-2.6223,-52.736,41.743,26.66,26.522,6.2698,21.091,-4.7505,-3.1082
-19.659,32.096,95.933,-4.5715,-54.325,47.819,26.606,26.512,5.7763,21.076,-5.2104,-1.7373
-19.221,35.587,103.74,-6.731,-55.925,55.847,26.73,26.681,5.5748,21.259,-5.3315,-0.032348
-18.606,40.024,111.22,-9.0684,-57.506,65.4,27.03,27.023,5.6813,21.613,-5.1374,1.9347
-17.826,45.696,118.26,-11.586,-59.06,75.821,27.481,27.505,6.0929,22.113,-4.682,4.0888
-16.894,52.992,124.81,-14.335,-60.603,86.584,28.036,28.073,6.7912,22.751,-4.0337,6.3731
-15.814,62.395,130.85,-17.407,-62.164,97.356,28.642,28.668,7.75,23.531,-3.2528,8.7645
-14.585,74.224,136.39,-20.929,-63.775,107.87,29.248,29.236,8.9366,24.47,-2.3745,11.278
-13.192,88.064,141.44,-25.045,-65.446,117.87,29.807,29.728,10.305,25.585,-1.405,13.954
-11.611,102.52,146.05,-29.905,-67.144,127.09,30.268,30.103,11.783,26.877,-0.33326,16.84
-9.8244,116.02,150.31,-35.605,-68.797,135.44,30.579,30.322,13.266,28.324,0.84806,19.958
-7.8326,127.88,154.31,-42.088,-70.315,142.94,30.691,30.352,14.627,29.87,2.1257,23.285
-5.6671,138.25,158.09,-49.081,-71.631,149.72,30.571,30.175,15.737,31.431,3.4616,26.748
-3.381,147.55,161.63,-56.198,-72.727,155.93,30.203,29.778,16.492,32.902,4.8023,30.232
-1.0277,156.08,164.9,-63.121,-73.626,161.62,29.594,29.162,16.831,34.174,6.0951,33.611
1.3516,163.95,167.86,-69.688,-74.366,166.78,28.764,28.332,16.741,35.154,7.2995,36.773
3.7236,171.13,170.52,-75.866,-74.983,171.38,27.726,27.287,16.241,35.78,8.3891,39.64
6.0569,177.55,172.93,-81.667,-75.504,175.38,26.467,26,15.366,36.027,9.347,42.166
8.3233,183.13,175.15,-87.082,-75.946,178.79,24.92,24.39,14.154,35.908,10.163,44.33
10.502,187.85,177.23,-92.051,-76.314,181.66,22.959,22.31,12.643,35.462,10.833,46.133
12.581,191.72,179.16,-96.474,-76.593,184.05,20.425,19.557,10.87,34.747,11.366,47.598
14.547,194.81,180.85,-100.27,-76.75,185.99,17.173,15.92,8.8809,33.835,11.785,48.776
16.378,197.22,182.14,-103.43,-76.742,187.51,13.129,11.275,6.7298,32.803,12.124,49.737
18.04,199.03,182.89,-105.99,-76.542,188.6,8.325,5.693,4.4712,31.716,12.424,50.559
19.49,200.29,182.96,-108.04,-76.127,189.22,2.9003,-0.52863,2.1466,30.62,12.714,51.3
20.689,201.03,182.3,-109.68,-75.458,189.34,-2.9161,-6.952,-0.23143,29.524,13.004,51.982
21.61,201.3,180.89,-110.96,-74.446,188.96,-8.8262,-13.123,-2.6865,28.404,13.266,52.586
22.236,201.21,178.86,-111.89,-72.979,188.19,-14.481,-18.655,-5.2686,27.209,13.439,53.061
22.552,200.95,176.65,-112.38,-71.032,187.31,-19.519,-23.278,-8.0284,25.878,13.429,53.337
22.548,200.63,174.88,-112.21,-68.771,186.57,-23.657,-26.875,-10.986,24.362,13.131,53.335
22.229,200.02,173.8,-110.98,-66.456,185.85,-26.792,-29.493,-14.104,22.64,12.453,52.982
21.621,198.45,172.81,-108.21,-64.196,184.55,-28.998,-31.278,-17.283,20.722,11.34,52.215
20.772,195.12,170.9,-103.5,-61.903,181.87,-30.437,-32.397,-20.388,18.638,9.7902,50.985
19.733,189.32,167.29,-96.739,-59.411,177.16,-31.279,-33,-23.288,16.42,7.8451,49.257
18.539,180.59,161.57,-88.305,-56.557,169.99,-31.666,-33.21,-25.917,14.087,5.5624,47.011
17.187,168.75,153.57,-78.908,-53.231,160.19,-31.704,-33.122,-28.286,11.635,2.9944,44.239
15.649,153.95,143.41,-69.266,-49.448,147.9,-31.475,-32.812,-30.471,9.0376,0.17571,40.951
13.887,136.73,131.59,-59.823,-45.354,133.59,-31.045,-32.337,-32.569,6.2487,-2.875,37.176
11.877,118.08,118.88,-50.732,-41.168,118.12,-30.474,-31.742,-34.66,3.2161,-6.1488,32.969
9.6264,99.188,106.08,-42.025,-37.093,102.47,-29.825,-31.06,-36.784,-0.11125,-9.6397,28.406
7.1848,81.099,93.822,-33.77,-33.232,87.469,-29.162,-30.315,-38.939,-3.7767,-13.339,23.574
4.6383,64.49,82.478,-26.103,-29.558,73.568,-28.547,-29.531,-41.105,-7.8158,-17.232,18.564
2.0898,49.631,72.154,-19.153,-25.944,60.761,-28.02,-28.739,-43.255,-12.256,-21.291,13.457
-0.36924,36.661,62.594,-12.954,-22.279,48.682,-27.594,-27.98,-45.372,-17.111,-25.477,8.3254
-2.6764,25.897,53.174,-7.4408,-18.7,37.155,-27.249,-27.309,-47.443,-22.359,-29.733,3.2462
-4.807,17.564,43.193,-2.4957,-15.586,27.152,-26.944,-26.776,-49.452,-27.929,-33.978,-1.6962
-6.7621,11.111,33.313,1.9835,-13.184,20.054,-26.638,-26.407,-51.373,-33.679,-38.108,-6.4134
-8.5595,5.4996,26.084,6.0658,-11.399,15.298,-26.3,-26.19,-53.169,-39.412,-42.009,-10.831
-10.216,0.065146,21.835,9.8011,-10.001,11.315,-25.928,-26.084,-54.802,-44.903,-45.569,-14.907
-11.731,-5.3214,18.866,13.229,-8.8248,7.3146,-25.55,-26.046,-56.245,-49.949,-48.706,-18.631
-13.091,-10.547,16.192,16.381,-7.7856,3.231,-25.223,-26.057,-57.49,-54.414,-51.379,-22.015
-14.273,-15.493,13.565,19.282,-6.8318,-0.7851,-25.015,-26.128,-58.55,-58.243,-53.583,-25.075
-15.268,-20.105,10.968,21.955,-5.9299,-4.6188,-24.98,-26.284,-59.449,-61.451,-55.338,-27.824
-16.085,-24.379,8.4063,24.414,-5.0696,-8.2249,-25.136,-26.541,-60.218,-64.091,-56.684,-30.263
-16.756,-28.316,5.8738,26.666,-4.2632,-11.587,-25.456,-26.891,-60.873,-66.22,-57.646,-32.379
-17.32,-31.899,3.3764,28.7,-3.5336,-14.673,-25.87,-27.295,-61.409,-67.885,-58.251,-34.156
-17.811,-35.087,0.94773,30.493,-2.8945,-17.44,-26.287,-27.689,-61.802,-69.133,-58.526,-35.581
-18.255,-37.831,-1.3516,32.021,-2.3444,-19.842,-26.599,-27.984,-62.018,-70.001,-58.516,-36.665
-18.662,-40.096,-3.4491,33.267,-1.8792,-21.855,-26.688,-28.073,-62.018,-70.536,-58.288,-37.461
-19.028,-41.885,-5.2839,34.235,-1.4856,-23.488,-26.428,-27.832,-61.765,-70.793,-57.931,-38.076
-19.342,-43.229,-6.8133,34.94,-1.1519,-24.764,-25.684,-27.131,-61.217,-70.822,-57.544,-38.654
-19.589,-44.177,-8.005,35.417,-0.8791,-25.707,-24.328,-25.852,-60.323,-70.644,-57.2,-39.343
-19.76,-44.778,-8.8434,35.708,-0.6653,-26.343,-22.271,-23.915,-59.013,-70.219,-56.908,-40.226
-19.859,-45.092,-9.3244,35.861,-0.50112,-26.69,-19.509,-21.313,-57.176,-69.41,-56.572,-41.266
-19.886,-45.144,-9.4555,35.898,-0.37762,-26.758,-16.152,-18.122,-54.638,-67.925,-55.961,-42.272
-19.821,-44.888,-9.2293,35.793,-0.27699,-26.509,-12.415,-14.492,-51.127,-65.236,-54.663,-42.905
-19.607,-44.122,-8.572,35.401,-0.17153,-25.797,-8.5475,-10.604,-46.281,-60.397,-51.994,-42.668
-19.137,-42.421,-7.2869,34.431,-0.028962,-24.303,-4.7694,-6.6416,-39.982,-52.27,-46.879,-40.874
-18.255,-39.131,-5.049,32.464,0.17706,-21.514,-1.2752,-2.8276,-34.201,-44.806,-39.075,-36.772
-16.829,-33.722,-1.5768,29.183,0.46473,-16.945,1.6898,0.52321,-39.502,-65.158,-47.164,-32.745
-15.522,-28.454,2.7734,25.998,0.8644,-11.566,3.8046,3.0272,-57.459,-74.487,-64.134,-53.254
-21.808,-39.16,5.9003,33.882,1.4508,-14.015,5.5143,5.0801,-49.502,-70.791,-69.032,-65.712
-34.163,-57.529,4.7236,49.96,2.3382,-29.601,11.129,10.828,-32.159,-62.908,-71.372,-71.604
-36.93,-61.416,2.4957,53.926,3.5395,-35.71,23.797,23.498,-11.664,-48.535,-67.696,-73.131
-36.129,-59.53,4.8479,52.89,4.5977,-34.834,37.416,37.138,12.358,-24.49,-53.422,-66.808
-31.184,-51.646,11.475,46.718,3.7425,-29.127,49.446,49.056,41.546,13.601,-22.949,-48.524
-20.564,-34.308,18.988,33.004,2.2584,-16.533,60.878,60.302,79.496,71.173,29.69,-13.877
-2.6555,-2.8613,25.726,8.7293,4.34,6.3782,73.188,72.519,132.61,154.09,109.73,40.892
24.194,46.711,39.058,-29.02,7.1738,42.362,88.54,88.003,208.06,268.66,220.68,118
60.763,115.83,65.935,-81.773,10.74,91.911,108.47,108.19,307.91,417.7,362.91,216.96
106.42,201.41,101.2,-148.56,14.872,152.03,133.4,133.27,428.31,596.02,531.35,335.91
159.96,292.73,136.86,-222.82,20.38,214.83,163.22,163.07,567.38,800.14,721.67,473.84
213.75,374.94,164.6,-291.74,30.769,269.37,197.68,197.23,721.81,1005.5,906.14,605.55
260.28,434.82,176.19,-345.64,48.487,305.21,234.74,233.62,851.2,1181.1,1063.9,717.81
297.1,463.24,166.63,-378.52,73.258,315.29,265.73,263.82,938.14,1308.8,1177.6,798.09
321.29,458.28,137.1,-388.19,101.89,298.69,277.78,275.33,964.15,1369.8,1234,838.19
330.27,424.55,94.548,-375.94,127.13,260.79,262.1,259.43,913.23,1350,1226.1,835.54
321.8,369.87,48.398,-344.65,142.46,210.2,214.42,211.79,776.95,1241,1151.7,792.05
294.26,301.24,6.5809,-296.93,145.26,154.78,134.83,132.43,557.13,1039.7,1012.3,711.48
247.66,222.37,-27.124,-234.51,135.44,98.617,29.266,27.268,266.99,752.07,812.88,598.11
184.77,134.56,-53.182,-159.2,115.31,42.216,-90.794,-92.253,-67.929,395.36,563.82,457.18
111.43,40.055,-74.296,-74.975,88.903,-14.749,-210.66,-211.55,-412.88,0.069233,282.71,296.62
35.544,-55.351,-92.741,11.12,60.914,-70.725,-316.37,-316.79,-729.24,-393.43,-6.1162,127.73
-34.615,-143.18,-109.13,90.43,35.488,-122.28,-398.26,-398.43,-983.73,-742.45,-275.72,-36.287
-92.389,-216.26,-122.63,156,15.308,-166.1,-452.71,-452.83,-1156.3,-1012.7,-501.81,-182.78
-134.24,-271,-129.03,204.53,1.3741,-199.83,-481.47,-481.65,-1243.5,-1186,-667.78,-301.78
-160.18,-307.02,-121.25,235.95,-7.1158,-222.53,-489.35,-489.55,-1256.6,-1263.4,-767.77,-387.2
-172.84,-326.1,-109.27,252.33,-11.054,-234.79,-481.82,-481.93,-1215,-1261.3,-807.15,-437.95
-175.84,-330.84,-104.14,256.49,-11.596,-237.73,-463.51,-463.49,-1139.5,-1204,-799.58,-458.41
-172.42,-323.3,-101.96,250.94,-11.193,-231.9,-437.92,-437.84,-1047.2,-1115.5,-760.97,-455.65
-164.67,-304.74,-97.514,237.37,-11.587,-217.49,-407.07,-407.12,-948.68,-1013.7,-704.68,-436.85
-153.57,-276.04,-88.635,216.87,-11.856,-195.03,-371.58,-372.03,-848.34,-908.77,-639.88,-407.59
-139.62,-238.88,-75.39,190.74,-13.273,-165.65,-331.83,-333.02,-746.37,-805.11,-571.84,-371.61
-123.02,-197.07,-59.379,161.34,-14.585,-132.39,-289.54,-291.69,-643.01,-704.07,-503.59,-331.43
-105.29,-157.35,-43.338,133.4,-15.357,-100.73,-246.75,-249.65,-543.64,-608.22,-437.69,-288.99
-90.482,-124.76,-30.166,110.83,-15.695,-74.631,-206.22,-209.29,-455.12,-522.32,-378.04,-247.72
-79.262,-99.441,-21.899,93.378,-15.657,-54.905,-169.68,-172.32,-377.75,-445.12,-326.72,-212.76
-70.237,-80.308,-18.946,79.471,-15.305,-41.661,-137.13,-139.07,-310.29,-374.2,-280.9,-183.98
-62.466,-67.405,-19.576,68.522,-14.696,-35.527,-109.14,-110.33,-253.28,-311.45,-237.8,-158.47
-55.654,-61.367,-21.03,60.801,-13.848,-36.551,-86.63,-87.042,-207.1,-258.92,-198.74,-135.12
-49.809,-61.905,-21.613,56.583,-12.751,-41.536,-69.826,-69.485,-171.39,-216.85,-166.2,-114.71
-44.939,-66.083,-21.216,55.314,-11.401,-44.74,-58.098,-57.192,-144.95,-184.42,-140.78,-98.517
-40.87,-68.228,-20.385,54.992,-9.8284,-44.414,-50.251,-49.202,-126.07,-160.46,-121.64,-87.141
-37.198,-66.698,-19.625,53.489,-8.1166,-42.502,-45.054,-44.382,-112.96,-143.6,-107.65,-79.949
-33.783,-63.939,-19.217,51.087,-6.3811,-40.524,-42.297,-42.257,-104.15,-132.35,-97.85,-73.825
-31.021,-61.425,-19.212,48.784,-4.7396,-39.02,-41.64,-41.972,-97.991,-125.06,-90.675,-64.705
-29.012,-59.525,-19.51,46.936,-3.2724,-38.076,-38.968,-39.426,-89.583,-118.1,-82.857,-54.99
-27.528,-58.233,-19.972,45.541,-1.9792,-37.612,-35.06,-35.754,-79.409,-106.4,-74.551,-47.372
-26.342,-57.425,-20.514,44.501,-0.77605,-37.502,-31.411,-32.395,-72.607,-95.189,-68.246,-41.845
-25.295,-56.948,-21.116,43.701,0.45157,-37.643,-28.583,-29.821,-68.242,-88.045,-63.887,-37.954
-24.299,-56.682,-21.789,43.042,1.7734,-37.952,-26.756,-28.167,-65.254,-83.634,-60.885,-35.31
-23.32,-56.531,-22.529,42.455,3.1738,-38.351,-25.807,-27.3,-63.193,-80.79,-58.831,-33.564
-22.362,-56.419,-23.304,41.885,4.5723,-38.766,-25.41,-26.915,-61.764,-78.868,-57.4,-32.407
-21.461,-56.264,-24.051,41.302,5.8627,-39.126,-25.221,-26.686,-60.72,-77.453,-56.32,-31.576
-20.662,-56,-24.683,40.699,6.9498,-39.351,-25.001,-26.37,-59.871,-76.254,-55.384,-30.865
-20.006,-55.599,-25.113,40.088,7.7757,-39.385,-24.655,-25.85,-59.101,-75.09,-54.462,-30.135
-19.512,-55.075,-25.302,39.486,8.3321,-39.221,-24.208,-25.132,-58.348,-73.873,-53.489,-29.311
-19.171,-54.475,-25.274,38.913,8.6586,-38.906,-23.742,-24.31,-57.584,-72.584,-52.444,-28.381
-18.955,-53.864,-25.111,38.387,8.8265,-38.522,-23.339,-23.511,-56.798,-71.242,-51.335,-27.38
-18.826,-53.317,-24.918,37.929,8.9138,-38.16,-23.041,-22.846,-55.988,-69.879,-50.19,-26.377
-18.753,-52.897,-24.781,37.566,8.9807,-37.901,-22.839,-22.365,-55.166,-68.533,-49.051,-25.437
-18.714,-52.638,-24.753,37.313,9.0571,-37.793,-22.689,-22.047,-54.36,-67.237,-47.967,-24.608
-18.691,-52.524,-24.833,37.157,9.1421,-37.829,-22.529,-21.814,-53.599,-66.014,-46.986,-23.903
-18.668,-52.48,-24.979,37.045,9.209,-37.951,-22.307,-21.571,-52.909,-64.861,-46.133,-23.304
-18.62,-52.389,-25.118,36.889,9.2194,-38.06,-21.997,-21.243,-52.301,-63.752,-45.4,-22.769
-18.513,-52.123,-25.185,36.588,9.1434,-38.051,-21.601,-20.796,-51.763,-62.639,-44.742,-22.245
-18.304,-51.582,-25.148,36.053,8.9825,-37.854,-21.15,-20.245,-51.261,-61.463,-44.086,-21.68
-17.94,-50.717,-25.025,35.222,8.7804,-37.452,-20.688,-19.638,-50.733,-60.164,-43.341,-21.031
-17.366,-49.536,-24.872,34.079,8.6207,-36.878,-20.246,-19.025,-50.097,-58.685,-42.416,-20.274
-16.532,-48.082,-24.752,32.646,8.6131,-36.189,-19.818,-18.425,-49.258,-56.979,-41.243,-19.403
-15.405,-46.407,-24.706,30.974,8.868,-35.429,-19.354,-17.811,-48.126,-55.018,-39.791,-18.424
-13.989,-44.547,-24.732,29.133,9.4551,-34.606,-18.789,-17.113,-46.629,-52.814,-38.09,-17.355
-12.342,-42.517,-24.792,27.2,10.365,-33.691,-18.073,-16.257,-44.739,-50.428,-36.224,-16.213
-10.552,-40.342,-24.824,25.254,11.507,-32.646,-17.201,-15.2,-42.478,-47.964,-34.308,-15.01
-8.6904,-38.08,-24.779,23.36,12.764,-31.474,-16.223,-13.967,-39.93,-45.535,-32.452,-13.749
-6.7966,-35.843,-24.654,21.562,14.029,-30.248,-15.23,-12.657,-37.223,-43.226,-30.726,-12.431
-4.9031,-33.774,-24.508,19.889,15.224,-29.105,-14.325,-11.417,-34.505,-41.072,-29.15,-11.072
-3.0683,-32.019,-24.425,18.379,16.279,-28.2,-13.57,-10.386,-31.904,-39.058,-27.701,-9.7064
-1.3894,-30.688,-24.463,17.083,17.127,-27.641,-12.964,-9.64,-29.494,-37.138,-26.339,-8.38
0.013655,-29.843,-24.626,16.06,17.709,-27.464,-12.44,-9.1692,-27.269,-35.257,-25.03,-7.13
1.0414,-29.476,-24.877,15.348,18.001,-27.624,-11.896,-8.8821,-25.165,-33.362,-23.757,-5.9689
1.6608,-29.504,-25.16,14.939,18.028,-28.021,-11.242,-8.6405,-23.086,-31.408,-22.527,-4.8766
1.9244,-29.767,-25.43,14.762,17.86,-28.524,-10.431,-8.3016,-20.949,-29.354,-21.345,-3.8054
1.9493,-30.048,-25.661,14.692,17.596,-28.997,-9.469,-7.7608,-18.71,-27.169,-20.205,-2.6951
1.8651,-30.117,-25.854,14.585,17.331,-29.314,-8.4137,-6.9837,-16.364,-24.846,-19.081,-1.4919
1.7675,-29.805,-26.03,14.33,17.138,-29.389,-7.3448,-6.0142,-13.932,-22.399,-17.938,-0.16277
1.7185,-29.056,-26.21,13.884,17.048,-29.196,-6.3361,-4.9494,-11.437,-19.859,-16.743,1.302
1.7777,-27.937,-26.398,13.273,17.053,-28.77,-5.4251,-3.8905,-8.8937,-17.256,-15.476,2.8961
2.011,-26.598,-26.578,12.563,17.134,-28.194,-4.5933,-2.8919,-6.3007,-14.606,-14.125,4.6111
2.4694,-25.198,-26.726,11.807,17.287,-27.556,-3.7681,-1.9381,-3.6493,-11.902,-12.679,6.4464
3.1844,-23.854,-26.827,11.024,17.541,-26.931,-2.8536,-0.96229,-0.93423,-9.1238,-11.126,8.4112
4.1911,-22.623,-26.889,10.198,17.942,-26.373,-1.775,0.10705,1.8374,-6.2485,-9.4427,10.518
5.5425,-21.521,-26.947,9.3011,18.529,-25.922,-0.50952,1.3026,4.6464,-3.2714,-7.6076,12.771
7.3004,-20.528,-27.044,8.3028,19.335,-25.598,0.91136,2.6051,7.4715,-0.21073,-5.601,15.161
9.5084,-19.594,-27.211,7.1715,20.374,-25.393,2.4249,3.9623,10.3,2.8979,-3.414,17.661
12.154,-18.639,-27.445,5.885,21.63,-25.264,3.9674,5.321,13.134,6.0174,-1.0533,20.228
15.14,-17.576,-27.714,4.444,23.037,-25.134,5.4952,6.6518,15.993,9.1251,1.4591,22.817
18.293,-16.338,-27.967,2.8776,24.497,-24.922,6.9895,7.9549,18.91,12.219,4.0928,25.392
21.398,-14.886,-28.158,1.2338,25.9,-24.567,8.4479,9.2518,21.922,15.313,6.8194,27.93
24.265,-13.215,-28.261,-0.43949,27.159,-24.033,9.8725,10.569,25.058,18.425,9.6209,30.417
26.77,-11.34,-28.285,-2.1113,28.228,-23.314,11.26,11.924,28.322,21.562,12.494,32.839
28.881,-9.2829,-28.261,-3.7726,29.11,-22.42,12.601,13.308,31.688,24.707,15.445,35.183
30.624,-7.0956,-28.226,-5.4184,29.854,-21.373,13.877,14.686,35.097,27.822,18.487,37.426
32.041,-4.8808,-28.211,-7.0178,30.518,-20.218,15.065,16.003,38.461,30.854,21.618,39.543
33.161,-2.7994,-28.224,-8.4952,31.136,-19.032,16.143,17.194,41.68,33.756,24.82,41.5
33.997,-1.0278,-28.249,-9.7432,31.685,-17.913,17.092,18.207,44.667,36.489,28.052,43.273
34.558,0.31074,-28.25,-10.666,32.103,-16.946,17.904,19.018,47.365,39.032,31.256,44.851
34.862,1.1969,-28.186,-11.23,32.328,-16.167,18.584,19.628,49.748,41.371,34.371,46.242
34.94,1.7156,-28.028,-11.487,32.34,-15.553,19.145,20.063,51.812,43.49,37.34,47.467
34.845,2.0145,-27.777,-11.555,32.18,-15.043,19.605,20.36,53.556,45.363,40.111,48.547
34.65,2.2511,-27.457,-11.575,31.922,-14.565,19.979,20.558,54.971,46.953,42.64,49.488
34.441,2.5577,-27.099,-11.673,31.641,-14.053,20.278,20.689,56.04,48.217,44.894,50.287
34.289,3.0256,-26.716,-11.929,31.376,-13.444,20.517,20.78,56.756,49.124,46.857,50.935
34.234,3.6978,-26.3,-12.366,31.121,-12.682,20.717,20.847,57.124,49.658,48.536,51.427
34.284,4.5662,-25.823,-12.953,30.833,-11.725,20.899,20.893,57.168,49.832,49.949,51.771
34.421,5.5806,-25.256,-13.625,30.459,-10.564,21.08,20.911,56.922,49.686,51.118,51.983
34.622,6.6706,-24.578,-14.308,29.957,-9.2176,21.26,20.888,56.417,49.272,52.061,52.084
34.857,7.7717,-23.781,-14.943,29.319,-7.7314,21.425,20.811,55.682,48.647,52.791,52.092
35.088,8.8425,-22.871,-15.504,28.572,-6.1589,21.554,20.679,54.737,47.86,53.317,52.019
35.277,9.8682,-21.864,-15.993,27.777,-4.551,21.623,20.502,53.595,46.952,53.653,51.871
35.388,10.854,-20.793,-16.432,26.998,-2.9496,21.617,20.3,52.271,45.961,53.817,51.651
35.399,11.815,-19.696,-16.848,26.283,-1.3855,21.539,20.096,50.785,44.937,53.838,51.367
35.302,12.765,-18.619,-17.271,25.646,0.12284,21.409,19.912,49.167,43.932,53.757,51.032
35.109,13.716,-17.599,-17.723,25.069,1.5725,21.26,19.769,47.469,42.995,53.616,50.663
34.842,14.676,-16.64,-18.215,24.515,2.9787,21.126,19.679,45.759,42.159,53.454,50.283
34.525,15.646,-15.7,-18.742,23.94,4.3685,21.027,19.648,44.114,41.437,53.298,49.914
34.18,16.618,-14.696,-19.281,23.308,5.7639,20.969,19.67,42.597,40.821,53.158,49.574
33.831,17.57,-13.533,-19.794,22.607,7.1652,20.939,19.732,41.25,40.299,53.03,49.268
33.508,18.471,-12.144,-20.239,21.858,8.5462,20.92,19.819,40.087,39.86,52.909,48.984
33.236,19.299,-10.51,-20.591,21.106,9.8685,20.902,19.92,39.105,39.502,52.8,48.686
33.025,20.045,-8.6609,-20.846,20.408,11.104,20.893,20.041,38.308,39.244,52.726,48.331
32.854,20.727,-6.6495,-21.028,19.808,12.251,20.92,20.195,37.711,39.117,52.719,47.88
32.687,21.379,-4.5345,-21.181,19.318,13.327,21.016,20.399,37.338,39.159,52.804,47.315
32.485,22.043,-2.3717,-21.36,18.902,14.361,21.198,20.657,37.208,39.4,52.98,46.645
32.233,22.755,-0.21301,-21.611,18.491,15.374,21.458,20.962,37.315,39.851,53.221,45.898
31.932,23.533,1.9003,-21.96,17.999,16.376,21.764,21.297,37.63,40.497,53.486,45.108
31.593,24.378,3.9479,-22.399,17.362,17.369,22.076,21.643,38.11,41.298,53.736,44.296
31.216,25.267,5.9343,-22.89,16.551,18.346,22.365,21.983,38.702,42.19,53.937,43.459
30.79,26.162,7.8824,-23.37,15.586,19.302,22.621,22.308,39.352,43.094,54.063,42.569
30.302,27.018,9.8172,-23.766,14.522,20.225,22.856,22.612,40.003,43.925,54.087,41.579
29.726,27.789,11.746,-24.019,13.431,21.105,23.092,22.897,40.608,44.607,53.982,40.446
29.017,28.436,13.648,-24.09,12.371,21.93,23.351,23.165,41.13,45.081,53.72,39.14
28.1,28.939,15.477,-23.97,11.364,22.687,23.635,23.418,41.547,45.314,53.273,37.637
26.898,29.293,17.188,-23.673,10.38,23.37,23.929,23.653,41.844,45.295,52.614,35.915
25.369,29.514,18.747,-23.228,9.3568,23.978,24.199,23.856,42.006,45.034,51.721,33.943
23.537,29.629,20.132,-22.679,8.2384,24.512,24.411,24.01,42.017,44.548,50.583,31.694
21.482,29.663,21.328,-22.079,7.0183,24.971,24.542,24.097,41.86,43.857,49.208,29.156
19.315,29.631,22.324,-21.469,5.7236,25.345,24.589,24.116,41.526,42.975,47.616,26.342
17.15,29.535,23.124,-20.868,4.3725,25.624,24.574,24.085,41.008,41.918,45.83,23.286
15.058,29.369,23.75,-20.262,2.9655,25.804,24.532,24.031,40.298,40.702,43.861,20.038
13.04,29.118,24.243,-19.611,1.5077,25.89,24.491,23.98,39.383,39.345,41.696,16.647
11.043,28.767,24.644,-18.86,0.02858,25.893,24.462,23.942,38.249,37.853,39.302,13.159
9.0014,28.296,24.988,-17.957,-1.4171,25.826,24.436,23.909,36.888,36.226,36.645,9.6148
6.8886,27.689,25.293,-16.862,-2.7656,25.697,24.394,23.862,35.312,34.456,33.707,6.0477
4.7403,26.939,25.563,-15.559,-3.9614,25.511,24.319,23.786,33.56,32.548,30.514,2.488
2.636,26.052,25.794,-14.064,-4.967,25.272,24.207,23.678,31.699,30.529,27.136,-1.0389
0.64422,25.046,25.982,-12.422,-5.7758,24.984,24.067,23.545,29.813,28.446,23.667,-4.5092
-1.214,23.949,26.127,-10.695,-6.4337,24.653,23.919,23.403,27.991,26.362,20.207,-7.8951
-2.9597,22.789,26.232,-8.9443,-7.0363,24.284,23.78,23.268,26.305,24.338,16.843,-11.159
-4.6312,21.596,26.305,-7.2245,-7.6926,23.883,23.666,23.152,24.806,22.431,13.646,-14.252
-6.2588,20.402,26.349,-5.5872,-8.4758,23.456,23.591,23.067,23.522,20.691,10.665,-17.122
-7.8401,19.244,26.361,-4.0842,-9.3887,23.009,23.568,23.025,22.459,19.152,7.9238,-19.721
-9.3269,18.164,26.337,-2.764,-10.359,22.557,23.612,23.037,21.6,17.831,5.4206,-22.019
-10.645,17.2,26.269,-1.6592,-11.269,22.115,23.73,23.106,20.915,16.727,3.1311,-24.009
-11.735,16.374,26.155,-0.76993,-12.004,21.697,23.911,23.224,20.367,15.815,1.0215,-25.703
-12.584,15.672,26.001,-0.056667,-12.506,21.311,24.129,23.362,19.92,15.061,-0.93773,-27.134
-13.224,15.058,25.831,0.54922,-12.784,20.959,24.346,23.486,19.547,14.432,-2.7631,-28.349
-13.711,14.484,25.683,1.1246,-12.903,20.647,24.524,23.562,19.235,13.913,-4.4562,-29.406
-14.102,13.917,25.6,1.7327,-12.934,20.387,24.628,23.567,18.984,13.509,-6.0055,-30.358
-14.442,13.351,25.614,2.4022,-12.924,20.197,24.643,23.493,18.808,13.236,-7.3884,-31.23
-14.748,12.812,25.727,3.1103,-12.888,20.086,24.566,23.351,18.732,13.117,-8.5744,-32.003
-14.995,12.351,25.908,3.7807,-12.821,20.052,24.417,23.164,18.788,13.17,-9.5295,-32.607
-15.126,12.026,26.108,4.3058,-12.692,20.079,24.228,22.968,19.006,13.408,-10.222,-32.944
-15.092,11.882,26.276,4.5858,-12.468,20.145,24.034,22.798,19.406,13.841,-10.627,-32.918
-14.88,11.94,26.384,4.5677,-12.157,20.239,23.859,22.679,19.985,14.468,-10.736,-32.463
-14.534,12.199,26.442,4.2608,-11.825,20.363,23.707,22.615,20.718,15.278,-10.56,-31.567
-14.14,12.638,26.49,3.7257,-11.579,20.54,23.554,22.592,21.562,16.239,-10.133,-30.27
-13.789,13.232,26.588,3.0456,-11.519,20.795,23.368,22.58,22.457,17.31,-9.5003,-28.66
-13.548,13.95,26.784,2.2987,-11.697,21.148,23.116,22.546,23.345,18.438,-8.7053,-26.846
-13.427,14.761,27.096,1.5395,-12.09,21.598,22.784,22.466,24.175,19.577,-7.7751,-24.932
-13.383,15.632,27.505,0.79248,-12.598,22.119,22.382,22.335,24.916,20.697,-6.716,-22.998
-13.328,16.533,27.962,0.05116,-13.075,22.675,21.939,22.161,25.559,21.785,-5.5202,-21.092
-13.151,17.445,28.404,-0.71674,-13.378,23.226,21.488,21.967,26.121,22.854,-4.1769,-19.24
-12.749,18.361,28.774,-1.5575,-13.415,23.746,21.061,21.773,26.634,23.928,-2.6878,-17.459
-12.065,19.284,29.044,-2.5089,-13.17,24.228,20.671,21.595,27.134,25.031,-1.078,-15.765
-11.108,20.212,29.224,-3.5749,-12.707,24.676,20.316,21.442,27.644,26.171,0.59824,-14.18
-9.9589,21.131,29.353,-4.7126,-12.139,25.098,19.979,21.311,28.167,27.328,2.2632,-12.723
-8.7499,22.015,29.481,-5.8463,-11.591,25.503,19.638,21.193,28.676,28.451,3.833,-11.404
-7.6164,22.842,29.639,-6.9031,-11.15,25.89,19.278,21.077,29.121,29.47,5.241,-10.208
-6.642,23.6,29.829,-7.8464,-10.82,26.254,18.894,20.952,29.441,30.319,6.4565,-9.0992
-5.8178,24.294,30.019,-8.6899,-10.509,26.584,18.491,20.812,29.586,30.95,7.4899,-8.0309
-5.0518,24.933,30.156,-9.4817,-10.078,26.867,18.078,20.649,29.534,31.348,8.3835,-6.9745
-4.2365,25.523,30.196,-10.267,-9.442,27.094,17.657,20.455,29.29,31.524,9.1948,-5.9356
-3.3242,26.061,30.128,-11.058,-8.6237,27.266,17.22,20.214,28.879,31.505,9.9783,-4.9525
-2.3573,26.54,29.984,-11.827,-7.727,27.396,16.75,19.906,28.337,31.321,10.772,-4.0764
-1.4449,26.957,29.826,-12.527,-6.8975,27.506,16.234,19.513,27.698,30.997,11.591,-3.3449
-0.70909,27.321,29.73,-13.127,-6.2902,27.62,15.671,19.022,26.986,30.552,12.426,-2.7645
-0.23123,27.658,29.761,-13.628,-6.0277,27.77,15.074,18.434,26.217,30.008,13.253,-2.3068
-0.019401,28.013,29.968,-14.069,-6.1534,27.985,14.469,17.76,25.399,29.394,14.045,-1.917
-0.0043672,28.444,30.382,-14.525,-6.6119,28.303,13.883,17.025,24.543,28.753,14.787,-1.5276
-0.060738,29.022,31.02,-15.083,-7.2736,28.767,13.336,16.266,23.674,28.14,15.487,-1.0708
-0.049105,29.823,31.922,-15.832,-7.9955,29.441,12.838,15.53,22.834,27.611,16.182,-0.48399
0.13183,30.938,33.189,-16.83,-8.6864,30.432,12.387,14.864,22.07,27.21,16.929,0.28882
0.50363,32.492,35.049,-18.09,-9.3455,31.944,11.975,14.306,21.418,26.955,17.786,1.2951
0.99921,34.68,37.9,-19.589,-10.059,34.327,11.595,13.879,20.897,26.834,18.791,2.5671
1.4988,37.792,42.227,-21.282,-10.967,38.105,11.26,13.589,20.51,26.814,19.953,4.1137
1.8999,42.185,48.276,-23.141,-12.24,43.806,11.007,13.434,20.249,26.858,21.242,5.9153
2.1852,48.181,55.826,-25.176,-14.042,51.573,10.892,13.41,20.108,26.949,22.607,7.9266
2.4471,55.957,64.403,-27.452,-16.456,61.017,10.969,13.508,20.092,27.095,23.993,10.087
2.8559,65.522,73.576,-30.102,-19.405,71.482,11.265,13.716,20.211,27.325,25.357,12.334
3.5997,76.731,83.018,-33.333,-22.678,82.376,11.755,14.007,20.471,27.677,26.676,14.619
4.8286,89.184,92.441,-37.428,-26.043,93.267,12.372,14.342,20.863,28.175,27.949,16.915
6.6126,102.14,101.6,-42.717,-29.322,103.84,13.01,14.656,21.353,28.82,29.197,19.221
8.9025,114.7,110.31,-49.421,-32.4,113.84,13.557,14.873,21.882,29.584,30.452,21.548
11.515,126.24,118.46,-57.346,-35.199,123.15,13.909,14.909,22.368,30.413,31.735,23.905
14.202,136.61,125.96,-65.753,-37.69,131.72,13.992,14.697,22.706,31.232,33.042,26.29
16.782,146.05,132.8,-73.759,-39.884,139.64,13.746,14.194,22.785,31.955,34.33,28.672
19.226,154.82,138.95,-80.881,-41.76,147.06,13.121,13.365,22.509,32.505,35.523,31
21.619,163,144.35,-87.096,-43.199,154,12.055,12.164,21.813,32.824,36.541,33.211
24.07,170.5,148.88,-92.567,-44.056,160.31,10.473,10.496,20.688,32.885,37.318,35.247
26.632,177.12,152.4,-97.442,-44.303,165.77,8.2597,8.1701,19.17,32.695,37.825,37.071
29.273,182.77,154.98,-101.79,-44.055,170.22,5.2352,4.8747,17.331,32.283,38.062,38.674
31.884,187.47,156.82,-105.61,-43.505,173.71,1.1628,0.28738,15.25,31.692,38.055,40.08
34.331,191.34,158.17,-108.9,-42.841,176.43,-4.1356,-5.7117,13.004,30.963,37.846,41.342
36.489,194.55,159.24,-111.67,-42.206,178.58,-10.603,-12.89,10.657,30.135,37.496,42.529
38.281,197.24,160.11,-113.98,-41.669,180.33,-17.863,-20.685,8.2647,29.243,37.079,43.714
39.682,199.53,160.83,-115.91,-41.222,181.79,-25.283,-28.351,5.8655,28.32,36.688,44.956
40.722,201.5,161.35,-117.55,-40.795,182.99,-32.141,-35.144,3.4826,27.398,36.415,46.283
41.47,203.17,161.64,-118.97,-40.289,183.94,-37.83,-40.501,1.1191,26.495,36.33,47.69
42.024,204.53,161.68,-120.22,-39.613,184.63,-42.019,-44.166,-1.2408,25.605,36.444,49.14
42.476,205.51,161.46,-121.31,-38.707,185.01,-44.723,-46.249,-3.6293,24.699,36.693,50.578
42.89,206.03,160.99,-122.22,-37.558,185.05,-46.243,-47.168,-6.0867,23.724,36.943,51.937
43.279,206.06,160.31,-122.92,-36.204,184.77,-46.994,-47.436,-8.6486,22.623,37.023,53.15
43.617,205.77,159.51,-123.37,-34.739,184.33,-47.318,-47.448,-11.333,21.352,36.757,54.149
43.855,205.39,158.65,-123.6,-33.26,183.9,-47.415,-47.396,-14.128,19.893,36.014,54.875
43.929,205.03,157.62,-123.58,-31.788,183.46,-47.371,-47.316,-16.987,18.257,34.728,55.28
43.753,204.28,155.91,-123.12,-30.227,182.49,-47.22,-47.176,-19.826,16.473,32.912,55.341
43.235,202.23,152.76,-121.84,-28.426,180.06,-46.977,-46.94,-22.543,14.579,30.644,55.047
42.286,197.83,147.48,-119.21,-26.287,175.27,-46.649,-46.591,-25.041,12.603,28.036,54.408
40.843,190.21,139.76,-114.77,-23.816,167.5,-46.231,-46.133,-27.256,10.554,25.202,53.436
38.884,178.99,129.7,-108.25,-21.118,156.58,-45.715,-45.58,-29.172,8.4095,22.225,52.146
36.436,164.25,117.77,-99.672,-18.332,142.82,-45.094,-44.955,-30.825,6.1182,19.142,50.542
33.563,146.67,104.74,-89.286,-15.569,127.11,-44.38,-44.284,-32.297,3.6066,15.943,48.61
30.356,127.42,91.555,-77.578,-12.892,110.67,-43.604,-43.596,-33.705,0.79463,12.585,46.314
26.906,107.9,79.077,-65.22,-10.318,94.656,-42.814,-42.92,-35.171,-2.3898,9.0231,43.609
23.294,89.281,67.778,-52.954,-7.8307,79.809,-42.064,-42.288,-36.808,-5.999,5.2341,40.452
19.585,72.133,57.604,-41.444,-5.3768,66.318,-41.392,-41.73,-38.685,-10.061,1.2277,36.81
15.83,56.485,48.1,-31.207,-2.8958,53.9,-40.823,-41.273,-40.814,-14.575,-2.9575,32.668
12.082,42.228,38.725,-22.599,-0.37271,42.078,-40.355,-40.922,-43.139,-19.506,-7.2647,28.051
8.4258,29.78,29.394,-15.693,2.1319,30.845,-39.966,-40.656,-45.561,-24.77,-11.627,23.052
4.9846,20.125,20.975,-10.124,4.5067,21.336,-39.612,-40.427,-47.96,-30.221,-15.97,17.849
1.8978,13.237,14.384,-5.3309,6.6382,14.541,-39.25,-40.178,-50.225,-35.653,-20.209,12.679
-0.74628,7.6955,9.0961,-0.98182,8.4427,9.5147,-38.846,-39.867,-52.275,-40.837,-24.257,7.7681
-2.9587,2.3715,4.0653,2.9799,9.8751,4.7892,-38.394,-39.483,-54.071,-45.579,-28.03,3.2696
-4.8319,-3.0188,-0.9563,6.5461,10.928,-0.18089,-37.911,-39.051,-55.613,-49.76,-31.466,-0.75992
-6.4793,-8.3554,-5.5885,9.7478,11.63,-5.2181,-37.433,-38.618,-56.929,-53.354,-34.535,-4.3371
-7.9863,-13.468,-9.4935,12.647,12.043,-9.9893,-37.004,-38.242,-58.058,-56.401,-37.231,-7.5209
-9.3933,-18.254,-12.625,15.305,12.253,-14.295,-36.663,-37.967,-59.037,-58.974,-39.559,-10.39
-10.708,-22.679,-15.119,17.768,12.347,-18.092,-36.433,-37.814,-59.888,-61.147,-41.526,-13.028
-11.929,-26.747,-17.139,20.07,12.395,-21.412,-36.319,-37.772,-60.616,-62.984,-43.136,-15.514
-13.075,-30.472,-18.793,22.249,12.424,-24.297,-36.297,-37.8,-61.21,-64.533,-44.406,-17.912
-14.188,-33.88,-20.118,24.359,12.418,-26.77,-36.312,-37.833,-61.651,-65.825,-45.383,-20.275
-15.327,-36.992,-21.102,26.462,12.33,-28.837,-36.277,-37.781,-61.921,-66.885,-46.147,-22.647
-16.532,-39.818,-21.719,28.596,12.107,-30.507,-36.074,-37.538,-62.001,-67.723,-46.797,-25.071
-17.797,-42.345,-21.977,30.733,11.707,-31.804,-35.569,-36.991,-61.864,-68.33,-47.417,-27.583
-19.056,-44.531,-21.951,32.767,11.128,-32.78,-34.635,-36.039,-61.463,-68.668,-48.043,-30.198
-20.209,-46.332,-21.781,34.554,10.442,-33.511,-33.182,-34.602,-60.723,-68.654,-48.636,-32.883
-21.165,-47.705,-21.623,35.963,9.7904,-34.075,-31.181,-32.626,-59.529,-68.127,-49.058,-35.523
-21.88,-48.616,-21.579,36.904,9.3132,-34.506,-28.654,-30.077,-57.703,-66.789,-49.046,-37.91
-22.359,-48.976,-21.611,37.32,9.0185,-34.732,-25.656,-26.948,-54.972,-64.084,-48.161,-39.724
-22.634,-48.561,-21.498,37.121,8.7561,-34.509,-22.241,-23.268,-50.955,-59.071,-45.697,-40.515
-22.729,-46.939,-20.852,36.128,8.3394,-33.399,-18.458,-19.143,-45.458,-51.012,-40.71,-39.675
-22.653,-43.458,-19.152,34.079,7.6822,-30.779,-14.415,-14.804,-40.366,-46.715,-34.367,-36.651
-22.606,-38.076,-15.765,31.167,6.8162,-26.159,-10.387,-10.641,-45.552,-69.085,-49.261,-34.726
-24.324,-38.96,-11.004,32,5.8336,-23.134,-6.7727,-6.9908,-59.099,-74.47,-64.754,-55.348
-34.165,-57.709,-12.393,47.763,4.904,-34.608,-3.3778,-3.2145,-50.504,-70.513,-69.191,-66.853
-43.892,-63.334,-16.633,56.018,4.3559,-39.294,2.2764,3.5714,-34.051,-62.425,-71.004,-72.479
-43.946,-62.426,-16.706,56.217,4.6213,-38.471,13.081,15.243,-14.817,-47.897,-66.913,-74.107
-38.807,-56.448,-15.214,51.677,5.889,-34.678,26.394,28.582,7.8927,-23.687,-52.485,-68.625
-28.955,-43.386,-11.353,41.134,7.6398,-26.483,38.826,40.86,37.067,15.231,-21.942,-51.872
-14.009,-19.982,-2.9521,22.411,8.5591,-10.959,50.493,52.523,78.92,76.203,31.647,-18.525
6.6885,18.054,13.038,-7.2027,8.9736,15.892,63.814,66.031,139.53,166.97,115.1,36.816
33.405,74.44,40.181,-50.089,9.0853,57.537,81.223,83.613,218.82,290.71,232.22,117.19
65.464,150.05,79.582,-107.35,7.7766,114.54,101.7,104.18,314.66,442.75,380.38,220.78
104.71,239.18,126.23,-177,5.4513,181.59,124.68,127.07,423.82,613.57,550.9,343.87
155.29,328.22,170.72,-249.03,3.18,247.42,149.73,152.04,547.72,815.24,744.4,485.73
206.73,404.59,203.65,-312.33,6.8491,301.43,175.77,178.43,693.4,1013.9,924.65,616.85
250.45,457,216.64,-359.92,20.427,333.95,201.47,205.09,807.12,1175.6,1073.8,724.36
285.44,477.43,205.1,-386.37,43.416,338.64,223.89,228.31,873.52,1288.6,1176.7,796.7
308.12,464.69,171,-389.79,72.741,315.68,235.2,239.08,881.64,1335.2,1221.7,826.41
315.28,424,122.63,-371.76,102.37,271.66,223.6,225.98,818.05,1301.5,1202.7,812.54
304.64,363.7,70.899,-335.56,123.4,216.04,181.48,182.3,675.77,1178.7,1117.7,758.62
275.01,290.68,24.531,-284,130.53,156.55,108.52,107.86,457.13,964.47,968.24,669.21
226.74,208.51,-12.69,-218.85,123.41,96.82,11.398,9.0926,176.12,665.63,758.98,548.26
162.74,119.09,-41.68,-142.05,104.9,37.588,-98.045,-102.22,-141.47,301.27,500.47,400.45
89.222,25.823,-65.542,-57.965,80.468,-20.495,-205.87,-211.79,-460.98,-95.813,211.48,233.64
14.594,-65.396,-86.886,26.052,55.793,-75.472,-299.64,-306.84,-745.9,-482.92,-81.237,60.025
-52.79,-148.4,-106.5,101.95,34.438,-125.06,-371.35,-379.15,-967.24,-816.94,-347.66,-105
-106.58,-218.68,-123.63,164.09,18.25,-167.78,-419.07,-426.66,-1110.1,-1064.9,-561.74,-246.79
-143.86,-272.96,-137.62,209.95,8.4432,-202.12,-445.22,-451.79,-1175.5,-1212.8,-708.85,-355.72
-165.56,-309.39,-147.6,239.39,4.272,-226.3,-453.92,-458.92,-1177,-1266.8,-788.27,-429.02
-174.84,-328.63,-152.2,254.1,2.4428,-239.91,-449.12,-452.39,-1133.7,-1248,-810.37,-469.34
-175.33,-333.15,-151.97,256.77,1.3772,-243.89,-434.14,-435.84,-1064.2,-1181.4,-790.85,-482.63
-170.16,-325.27,-147.91,250.02,0.28382,-239.01,-411.11,-411.61,-981.65,-1089.4,-745.31,-475.8
-161.44,-306.49,-139.19,235.76,0.46352,-225.41,-382.24,-381.95,-892.94,-987.56,-685.82,-455.34
-150.09,-277.81,-124.64,215.12,0.11832,-203.25,-349.45,-348.78,-799.91,-884.08,-619.91,-426.08
-136.34,-240.68,-104.26,189.2,-2.3306,-173.57,-312.56,-311.68,-702.16,-781.66,-551.53,-391.42
-120.1,-198.48,-80.145,159.93,-4.4431,-139.63,-271.57,-270.36,-600.18,-680.68,-483.04,-353.76
-102.93,-157.51,-56.259,131.51,-5.6129,-106.83,-228.69,-227.35,-497.9,-584.16,-417.19,-315.18
-88.484,-123.5,-36.396,108.12,-5.925,-79.667,-187.04,-185.88,-407.44,-497.85,-359.07,-279.1
-77.172,-97.75,-22.68,90.189,-5.5997,-59.515,-150.44,-149.53,-333.9,-421.48,-309.97,-248.61
-67.987,-79.314,-15.949,76.539,-4.8587,-45.929,-120.52,-119.54,-273.94,-353.02,-265.72,-222.39
-60.375,-67.546,-16.752,66.5,-3.8723,-38.527,-96.933,-95.645,-225.11,-293.64,-224.39,-198.69
-54.166,-62.503,-23.776,60.024,-2.7429,-37.774,-78.961,-77.393,-186.41,-244.55,-187.89,-176.74
-49.253,-64.149,-30.559,57.096,-1.5191,-43.956,-65.859,-64.21,-156.99,-205.83,-158.31,-155.98
-45.36,-69.895,-33.238,56.799,-0.19462,-51.604,-56.631,-55.18,-135.54,-176.66,-135.69,-137.08
-41.871,-73.041,-33.723,56.583,1.3039,-54.378,-50.157,-49.212,-120.39,-155.63,-118.98,-121.76
-38.008,-71.99,-33.76,54.695,3.0658,-54.028,-45.771,-45.564,-109.95,-141.1,-106.97,-111.04
-33.813,-69.665,-33.907,51.998,5.0913,-52.984,-43.811,-44.224,-102.9,-131.46,-98.614,-104.73
-30.08,-67.497,-34.243,49.447,7.2476,-52.064,-42.824,-43.559,-97.543,-125.08,-92.338,-101.43
-27.089,-65.808,-34.712,47.348,9.3453,-51.431,-40.196,-41.338,-90.441,-119.02,-85.97,-98.763
-24.7,-64.606,-35.261,45.733,11.244,-51.081,-36.681,-38.328,-82.21,-109.55,-79.471,-95.166
-22.732,-63.796,-35.87,44.506,12.886,-50.955,-33.208,-35.376,-76.136,-99.481,-74.291,-90.857
-21.042,-63.231,-36.544,43.521,14.263,-50.981,-30.188,-32.828,-72.087,-92.353,-70.626,-86.705
-19.525,-62.78,-37.272,42.628,15.384,-51.082,-27.795,-30.826,-69.286,-87.805,-68.075,-83.212
-18.109,-62.343,-38.006,41.699,16.256,-51.186,-26.018,-29.361,-67.325,-84.885,-66.285,-80.45
-16.769,-61.837,-38.66,40.648,16.9,-51.235,-24.707,-28.309,-65.961,-82.966,-64.996,-78.287
-15.541,-61.215,-39.139,39.434,17.351,-51.188,-23.69,-27.509,-64.995,-81.651,-64.022,-76.545
-14.492,-60.452,-39.378,38.1,17.666,-51.02,-22.824,-26.818,-64.254,-80.658,-63.238,-75.065
-13.672,-59.578,-39.379,36.764,17.898,-50.729,-22.035,-26.152,-63.596,-79.783,-62.567,-73.733
-13.079,-58.666,-39.199,35.562,18.088,-50.342,-21.297,-25.481,-62.91,-78.882,-61.962,-72.476
-12.669,-57.798,-38.923,34.593,18.263,-49.9,-20.609,-24.809,-62.116,-77.864,-61.387,-71.259
-12.395,-57.028,-38.618,33.888,18.435,-49.439,-19.965,-24.153,-61.167,-76.686,-60.812,-70.082
-12.234,-56.377,-38.307,33.432,18.585,-48.977,-19.359,-23.524,-60.054,-75.35,-60.22,-68.975
-12.191,-55.834,-37.968,33.18,18.664,-48.513,-18.798,-22.935,-58.825,-73.914,-59.614,-67.978
-12.277,-55.377,-37.557,33.075,18.604,-48.043,-18.307,-22.402,-57.568,-72.472,-59.025,-67.125
-12.495,-54.973,-37.04,33.055,18.342,-47.56,-17.919,-21.935,-56.389,-71.127,-58.497,-66.421
-12.823,-54.578,-36.403,33.049,17.845,-47.054,-17.656,-21.533,-55.363,-69.94,-58.061,-65.837
-13.219,-54.136,-35.658,32.984,17.125,-46.511,-17.513,-21.174,-54.503,-68.901,-57.709,-65.303
-13.62,-53.581,-34.828,32.784,16.24,-45.907,-17.455,-20.816,-53.751,-67.932,-57.385,-64.725
-13.957,-52.853,-33.934,32.387,15.287,-45.215,-17.426,-20.412,-53,-66.907,-56.99,-63.998
-14.178,-51.905,-32.988,31.763,14.367,-44.414,-17.357,-19.927,-52.124,-65.692,-56.409,-63.05
-14.263,-50.716,-31.994,30.931,13.558,-43.484,-17.183,-19.353,-51.013,-64.176,-55.546,-61.867
-14.227,-49.296,-30.967,29.954,12.895,-42.421,-16.846,-18.695,-49.604,-62.291,-54.358,-60.506
-14.103,-47.678,-29.952,28.915,12.374,-41.225,-16.314,-17.971,-47.888,-60.03,-52.875,-59.076
-13.92,-45.904,-28.993,27.888,11.979,-39.899,-15.588,-17.198,-45.913,-57.448,-51.199,-57.692
-13.688,-44.024,-28.078,26.91,11.68,-38.457,-14.704,-16.389,-43.772,-54.654,-49.468,-56.436
-13.391,-42.085,-27.168,25.974,11.446,-36.928,-13.721,-15.545,-41.561,-51.78,-47.803,-55.331
-12.999,-40.138,-26.258,25.039,11.25,-35.379,-12.703,-14.652,-39.355,-48.934,-46.263,-54.332
-12.48,-38.226,-25.404,24.054,11.091,-33.892,-11.697,-13.677,-37.176,-46.157,-44.816,-53.344
-11.825,-36.378,-24.669,22.98,10.976,-32.539,-10.72,-12.578,-34.994,-43.404,-43.359,-52.26
-11.066,-34.618,-24.08,21.821,10.89,-31.356,-9.7536,-11.319,-32.739,-40.564,-41.761,-50.998
-10.275,-32.971,-23.611,20.627,10.79,-30.34,-8.7594,-9.8856,-30.329,-37.504,-39.917,-49.534
-9.541,-31.478,-23.214,19.483,10.634,-29.472,-7.701,-8.2996,-27.699,-34.129,-37.786,-47.9
-8.9448,-30.182,-22.848,18.478,10.417,-28.733,-6.5676,-6.6187,-24.828,-30.42,-35.404,-46.167
-8.5248,-29.108,-22.504,17.669,10.178,-28.11,-5.3808,-4.9178,-21.749,-26.442,-32.86,-44.41
-8.2648,-28.241,-22.194,17.061,9.9778,-27.586,-4.1821,-3.2634,-18.536,-22.329,-30.26,-42.688
-8.1046,-27.522,-21.943,16.613,9.8697,-27.133,-3.0124,-1.6965,-15.283,-18.246,-27.689,-41.027
-7.9719,-26.874,-21.768,16.255,9.8863,-26.711,-1.8979,-0.23173,-12.073,-14.344,-25.193,-39.414
-7.8181,-26.242,-21.675,15.93,10.026,-26.291,-0.84864,1.1298,-8.9551,-10.725,-22.782,-37.811
-7.6376,-25.619,-21.65,15.617,10.248,-25.871,0.13883,2.3906,-5.9392,-7.4177,-20.444,-36.168
-7.4637,-25.055,-21.662,15.336,10.483,-25.483,1.0793,3.5574,-2.9985,-4.3861,-18.16,-34.444
-7.3481,-24.616,-21.676,15.125,10.654,-25.168,1.9972,4.6493,-0.082517,-1.5563,-15.911,-32.623
-7.3304,-24.343,-21.659,15.013,10.708,-24.95,2.92,5.6992,2.8654,1.1534,-13.673,-30.718
-7.4113,-24.221,-21.593,14.99,10.64,-24.821,3.8649,6.7446,5.8916,3.8086,-11.417,-28.769
-7.5381,-24.183,-21.489,15.008,10.5,-24.746,4.8294,7.8104,9.022,6.451,-9.1,-26.825
-7.6152,-24.14,-21.392,14.993,10.376,-24.693,5.7948,8.8987,12.262,9.1031,-6.6733,-24.926
-7.5391,-24.017,-21.361,14.874,10.359,-24.647,6.7374,9.9881,15.6,11.778,-4.0925,-23.093
-7.2446,-23.784,-21.438,14.617,10.504,-24.604,7.6406,11.041,19.016,14.486,-1.3323,-21.326
-6.7363,-23.452,-21.619,14.241,10.794,-24.557,8.4981,12.012,22.476,17.234,1.5986,-19.617
-6.0907,-23.063,-21.846,13.807,11.149,-24.489,9.311,12.862,25.943,20.026,4.6547,-17.957
-5.4282,-22.664,-22.029,13.392,11.471,-24.366,10.081,13.563,29.379,22.859,7.7664,-16.34
-4.8658,-22.28,-22.072,13.054,11.684,-24.149,10.808,14.105,32.753,25.727,10.865,-14.753
-4.4738,-21.899,-21.918,12.81,11.754,-23.803,11.485,14.497,36.044,28.62,13.906,-13.176
-4.253,-21.475,-21.563,12.63,11.696,-23.31,12.105,14.77,39.233,31.522,16.887,-11.579
-4.1472,-20.954,-21.052,12.454,11.558,-22.673,12.66,14.961,42.302,34.41,19.839,-9.9184
-4.0845,-20.305,-20.458,12.232,11.409,-21.921,13.151,15.11,45.23,37.255,22.824,-8.1451
-4.0231,-19.544,-19.847,11.952,11.296,-21.099,13.582,15.247,47.993,40.035,25.904,-6.208
-3.978,-18.736,-19.256,11.654,11.216,-20.257,13.96,15.388,50.568,42.737,29.123,-4.0628
-4.0129,-17.961,-18.679,11.404,11.111,-19.431,14.292,15.538,52.938,45.358,32.493,-1.6797
-4.2022,-17.28,-18.083,11.257,10.893,-18.638,14.583,15.698,55.09,47.894,35.984,0.95293
-4.5836,-16.705,-17.431,11.221,10.489,-17.871,14.841,15.867,57.013,50.327,39.527,3.828
-5.1293,-16.203,-16.719,11.253,9.88,-17.119,15.068,16.04,58.692,52.617,43.021,6.9209
-5.7511,-15.709,-15.989,11.273,9.1155,-16.38,15.266,16.198,60.1,54.708,46.359,10.187
-6.3348,-15.163,-15.308,11.203,8.2917,-15.66,15.435,16.321,61.211,56.546,49.44,13.563
-6.7827,-14.52,-14.726,10.992,7.5098,-14.958,15.581,16.388,62.007,58.094,52.204,16.968
-7.0445,-13.754,-14.226,10.637,6.8417,-14.241,15.72,16.4,62.489,59.339,54.631,20.329
-7.1242,-12.86,-13.724,10.175,6.3201,-13.44,15.876,16.371,62.676,60.291,56.744,23.592
-7.0634,-11.833,-13.094,9.6526,5.9471,-12.461,16.059,16.322,62.599,60.969,58.586,26.737
-6.9103,-10.667,-12.207,9.1073,5.6979,-11.215,16.26,16.263,62.286,61.396,60.201,29.768
-6.6934,-9.3544,-10.968,8.5459,5.5216,-9.6539,16.447,16.188,61.762,61.595,61.617,32.7
-6.412,-7.8924,-9.3368,7.949,5.3551,-7.7897,16.578,16.081,61.041,61.589,62.847,35.531
-6.0465,-6.3007,-7.369,7.2856,5.1558,-5.7071,16.613,15.922,60.13,61.396,63.885,38.236
-5.5803,-4.6235,-5.2197,6.5321,4.9269,-3.5456,16.525,15.696,59.035,61.027,64.714,40.771
-5.0165,-2.9176,-3.0972,5.683,4.7025,-1.4528,16.299,15.393,57.764,60.491,65.313,43.085
-4.3814,-1.227,-1.1729,4.7468,4.5034,0.46981,15.939,15.006,56.329,59.792,65.66,45.142
-3.7122,0.43917,0.48497,3.7327,4.3105,2.2006,15.457,14.539,54.755,58.941,65.753,46.922
-3.037,2.1149,1.9178,2.6353,4.0775,3.7966,14.881,14.006,53.086,57.952,65.609,48.431
-2.3605,3.8641,3.2402,1.4317,3.7578,5.3622,14.243,13.437,51.384,56.855,65.273,49.69
-1.6631,5.7515,4.5921,0.091173,3.3256,7.006,13.581,12.875,49.723,55.69,64.806,50.731
-0.9106,7.8123,6.0947,-1.4069,2.7852,8.799,12.934,12.362,48.172,54.513,64.265,51.6
-0.067807,10.036,7.8159,-3.061,2.1721,10.751,12.332,11.929,46.781,53.387,63.696,52.345
0.88891,12.37,9.7528,-4.8442,1.5405,12.812,11.796,11.583,45.577,52.376,63.122,53.008
1.9623,14.739,11.837,-6.7076,0.93936,14.896,11.341,11.313,44.57,51.529,62.558,53.616
3.1313,17.069,13.96,-8.5897,0.3913,16.913,10.975,11.111,43.764,50.873,62.019,54.179
4.3591,19.298,16.007,-10.429,-0.10908,18.79,10.698,10.973,43.156,50.407,61.523,54.7
5.6106,21.384,17.879,-12.176,-0.57437,20.483,10.499,10.905,42.734,50.109,61.085,55.184
6.8674,23.297,19.514,-13.803,-1.0001,21.969,10.348,10.91,42.471,49.941,60.703,55.644
8.1299,25.024,20.888,-15.3,-1.3637,23.245,10.212,10.984,42.323,49.861,60.351,56.096
9.4021,26.559,22.019,-16.672,-1.6488,24.327,10.065,11.116,42.239,49.833,59.985,56.544
10.674,27.913,22.948,-17.924,-1.8675,25.243,9.9081,11.298,42.178,49.829,59.562,56.972
11.912,29.105,23.727,-19.061,-2.0597,26.031,9.7729,11.532,42.113,49.824,59.049,57.348
13.059,30.158,24.407,-20.078,-2.2768,26.727,9.7174,11.825,42.036,49.792,58.428,57.631
14.047,31.09,25.026,-20.962,-2.5625,27.36,9.808,12.188,41.952,49.704,57.697,57.783
14.809,31.902,25.607,-21.694,-2.9372,27.941,10.097,12.628,41.867,49.532,56.859,57.779
15.292,32.58,26.15,-22.25,-3.3922,28.465,10.602,13.141,41.79,49.25,55.914,57.605
15.453,33.1,26.639,-22.606,-3.8971,28.911,11.294,13.708,41.71,48.839,54.849,57.253
15.257,33.438,27.053,-22.743,-4.42,29.254,12.098,14.297,41.596,48.285,53.629,56.713
14.685,33.577,27.374,-22.646,-4.9476,29.477,12.917,14.864,41.388,47.573,52.203,55.97
13.738,33.505,27.597,-22.303,-5.4866,29.575,13.658,15.36,41.011,46.682,50.509,55.009
12.452,33.213,27.722,-21.709,-6.0511,29.546,14.259,15.749,40.401,45.588,48.493,53.812
10.897,32.696,27.748,-20.87,-6.6483,29.391,14.701,16.005,39.519,44.262,46.122,52.363
9.1493,31.96,27.68,-19.804,-7.2744,29.11,14.994,16.125,38.358,42.683,43.39,50.642
7.2763,31.027,27.53,-18.539,-7.9174,28.714,15.164,16.12,36.93,40.845,40.31,48.612
5.3308,29.932,27.321,-17.104,-8.5558,28.223,15.239,16.012,35.258,38.761,36.914,46.226
3.3645,28.724,27.075,-15.539,-9.1568,27.669,15.236,15.833,33.367,36.461,33.248,43.434
1.4387,27.46,26.816,-13.896,-9.6794,27.088,15.173,15.616,31.295,33.99,29.375,40.212
-0.38101,26.194,26.558,-12.24,-10.09,26.517,15.074,15.402,29.089,31.407,25.377,36.577
-2.041,24.972,26.31,-10.635,-10.377,25.981,14.972,15.228,26.811,28.78,21.351,32.607
-3.5129,23.82,26.072,-9.1279,-10.559,25.487,14.906,15.127,24.535,26.183,17.394,28.435
-4.7953,22.738,25.835,-7.7386,-10.678,25.026,14.908,15.12,22.337,23.685,13.589,24.23
-5.9065,21.703,25.584,-6.4609,-10.783,24.573,14.99,15.209,20.283,21.335,9.9935,20.165
-6.874,20.681,25.3,-5.2714,-10.914,24.097,15.134,15.377,18.415,19.157,6.6378,16.378
-7.7235,19.632,24.964,-4.1435,-11.091,23.572,15.304,15.592,16.748,17.148,3.5268,12.954
-8.4702,18.534,24.565,-3.0612,-11.305,22.979,15.464,15.825,15.268,15.288,0.64923,9.9171
-9.1152,17.39,24.099,-2.0289,-11.516,22.319,15.602,16.062,13.948,13.543,-2.0085,7.2498
-9.6454,16.234,23.573,-1.072,-11.669,21.612,15.737,16.31,12.759,11.888,-4.4477,4.9171
-10.04,15.132,23.007,-0.22927,-11.707,20.901,15.912,16.591,11.685,10.312,-6.6481,2.8879
-10.283,14.156,22.433,0.46475,-11.584,20.235,16.173,16.923,10.734,8.833,-8.5698,1.143
-10.368,13.359,21.881,0.99571,-11.274,19.657,16.546,17.31,9.9355,7.4986,-10.169,-0.33099
-10.313,12.756,21.378,1.375,-10.786,19.19,17.029,17.744,9.3235,6.375,-11.423,-1.5536
-10.15,12.328,20.937,1.63,-10.159,18.834,17.587,18.205,8.9221,5.5255,-12.338,-2.5558
-9.9192,12.047,20.565,1.7862,-9.4584,18.583,18.166,18.667,8.7334,4.9867,-12.953,-3.3725
-9.6479,11.892,20.262,1.8511,-8.7521,18.427,18.704,19.106,8.7399,4.7538,-13.312,-4.0243
-9.3384,11.86,20.026,1.8073,-8.0862,18.357,19.156,19.504,8.9168,4.7826,-13.444,-4.5035
-8.9665,11.964,19.841,1.6199,-7.4732,18.36,19.504,19.851,9.2413,5.0084,-13.352,-4.7756
-8.496,12.211,19.692,1.2575,-6.898,18.423,19.76,20.152,9.6938,5.3719,-13.028,-4.7982
-7.9034,12.591,19.558,0.71819,-6.3383,18.526,19.958,20.414,10.253,5.8369,-12.469,-4.5463
-7.2002,13.066,19.426,0.044188,-5.785,18.647,20.132,20.646,10.889,6.3908,-11.695,-4.029
-6.4383,13.577,19.297,-0.68547,-5.2551,18.77,20.304,20.847,11.562,7.0274,-10.76,-3.2925
-5.697,14.067,19.188,-1.38,-4.7927,18.888,20.468,21.003,12.224,7.73,-9.7394,-2.4083
-5.0548,14.5,19.134,-1.9671,-4.4531,19.007,20.605,21.095,12.831,8.4656,-8.709,-1.4524
-4.5576,14.874,19.179,-2.4166,-4.2726,19.149,20.694,21.108,13.347,9.1955,-7.723,-0.48657
-4.2002,15.225,19.353,-2.7498,-4.2454,19.34,20.73,21.043,13.762,9.8902,-6.796,0.45153
-3.9338,15.613,19.668,-3.0277,-4.3273,19.609,20.72,20.908,14.084,10.539,-5.9044,1.3433
-3.6953,16.094,20.105,-3.3242,-4.4587,19.971,20.68,20.717,14.335,11.15,-5.004,2.1751
-3.4386,16.696,20.625,-3.6968,-4.5887,20.423,20.615,20.478,14.539,11.744,-4.0571,2.9289
-3.1517,17.408,21.173,-4.166,-4.6903,20.938,20.519,20.192,14.715,12.342,-3.054,3.5883
-2.8583,18.178,21.702,-4.7116,-4.768,21.477,20.377,19.863,14.879,12.959,-2.0185,4.1548
-2.6073,18.942,22.183,-5.2828,-4.8577,22.001,20.178,19.501,15.044,13.589,-0.99646,4.6597
-2.4542,19.643,22.616,-5.821,-5.016,22.484,19.923,19.123,15.225,14.21,-0.034715,5.1593
-2.4358,20.257,23.021,-6.2821,-5.2946,22.921,19.626,18.754,15.429,14.787,0.83444,5.7131
-2.5494,20.789,23.427,-6.6518,-5.709,23.322,19.311,18.41,15.649,15.281,1.5976,6.3607
-2.7465,21.26,23.851,-6.9445,-6.221,23.7,19.007,18.097,15.862,15.665,2.2523,7.1065
-2.9483,21.695,24.288,-7.1913,-6.7517,24.065,18.744,17.808,16.033,15.932,2.7953,7.9209
-3.0801,22.108,24.72,-7.423,-7.218,24.416,18.54,17.53,16.126,16.1,3.2182,8.7518
-3.105,22.5,25.128,-7.6571,-7.5735,24.752,18.398,17.248,16.121,16.205,3.5139,9.5425
-3.0368,22.874,25.513,-7.8985,-7.8305,25.078,18.302,16.957,16.022,16.288,3.6875,10.248
-2.9244,23.25,25.9,-8.1525,-8.0534,25.415,18.224,16.662,15.86,16.38,3.763,10.847
-2.8218,23.669,26.334,-8.4407,-8.3263,25.798,18.138,16.383,15.68,16.495,3.78,11.338
-2.7623,24.193,26.864,-8.8052,-8.7126,26.269,18.031,16.149,15.526,16.631,3.7823,11.742
-2.7497,24.881,27.53,-9.2966,-9.2317,26.862,17.9,15.988,15.423,16.776,3.8062,12.087
-2.7635,25.768,28.357,-9.9542,-9.8631,27.598,17.755,15.911,15.37,16.918,3.8744,12.406
-2.7704,26.858,29.37,-10.792,-10.569,28.487,17.614,15.909,15.348,17.051,3.997,12.731
-2.7369,28.136,30.616,-11.8,-11.323,29.55,17.494,15.955,15.339,17.181,4.1799,13.101
-2.6418,29.594,32.204,-12.958,-12.144,30.848,17.412,16.022,15.34,17.326,4.4345,13.569
-2.4823,31.274,34.358,-14.256,-13.116,32.545,17.383,16.101,15.373,17.515,4.7828,14.214
-2.272,33.307,37.496,-15.707,-14.392,34.999,17.423,16.21,15.479,17.781,5.255,15.117
-2.0299,35.995,42.208,-17.35,-16.174,38.901,17.542,16.389,15.701,18.15,5.8808,16.342
-1.764,39.931,48.917,-19.247,-18.627,45.249,17.752,16.686,16.072,18.638,6.6789,17.892
-1.4565,46.071,57.382,-21.485,-21.755,54.66,18.061,17.137,16.602,19.247,7.6534,19.71
-1.0613,55.384,66.928,-24.189,-25.381,66.41,18.469,17.749,17.286,19.976,8.7966,21.692
-0.51587,67.888,77.008,-27.503,-29.265,78.96,18.967,18.493,18.111,20.82,10.098,23.731
0.23939,82.158,87.261,-31.568,-33.225,91.251,19.537,19.313,19.062,21.782,11.552,25.759
1.245,96.365,97.386,-36.478,-37.14,102.85,20.15,20.143,20.131,22.867,13.163,27.758
2.5135,109.44,107.13,-42.256,-40.936,113.58,20.773,20.929,21.307,24.073,14.938,29.757
4.0309,121.17,116.29,-48.839,-44.576,123.36,21.364,21.625,22.57,25.388,16.88,31.796
5.7671,131.74,124.74,-56.071,-48.035,132.23,21.873,22.189,23.875,26.781,18.975,33.9
7.689,141.46,132.41,-63.687,-51.274,140.31,22.239,22.577,25.137,28.202,21.181,36.061
9.7667,150.61,139.33,-71.339,-54.22,147.79,22.405,22.747,26.236,29.58,23.424,38.234
11.971,159.31,145.54,-78.674,-56.785,154.84,22.335,22.674,27.035,30.835,25.619,40.362
14.269,167.56,151.11,-85.432,-58.919,161.51,22.027,22.363,27.415,31.885,27.687,42.397
16.617,175.27,156.09,-91.501,-60.634,167.76,21.496,21.836,27.306,32.661,29.576,44.308
18.969,182.32,160.5,-96.887,-61.987,173.46,20.757,21.113,26.703,33.125,31.265,46.081
21.272,188.64,164.38,-101.65,-63.05,178.52,19.775,20.167,25.659,33.274,32.749,47.704
23.48,194.19,167.76,-105.86,-63.891,182.89,18.413,18.851,24.262,33.145,34.028,49.154
25.555,198.96,170.71,-109.53,-64.564,186.57,16.389,16.865,22.597,32.795,35.094,50.404
27.466,202.97,173.27,-112.67,-65.09,189.6,13.323,13.814,20.729,32.294,35.947,51.423
29.194,206.29,175.41,-115.28,-65.453,192.06,8.917,9.3906,18.696,31.7,36.604,52.202
30.733,208.97,177.07,-117.38,-65.596,193.97,3.1255,3.541,16.52,31.057,37.109,52.758
32.09,211.06,178.18,-119.04,-65.435,195.38,-3.7833,-3.4684,14.215,30.389,37.525,53.132
33.28,212.6,178.65,-120.32,-64.895,196.28,-11.299,-11.104,11.792,29.698,37.915,53.372
34.323,213.6,178.43,-121.28,-63.945,196.67,-18.779,-18.681,9.2626,28.965,38.312,53.515
35.234,214.08,177.54,-122,-62.637,196.58,-25.565,-25.502,6.6402,28.152,38.703,53.572
36.03,214.04,176.04,-122.51,-61.115,196.01,-31.099,-31.003,3.9355,27.212,39.029,53.523
36.726,213.5,174.15,-122.85,-59.554,195.03,-35.07,-34.911,1.1541,26.101,39.199,53.32
37.336,212.54,172.23,-123.05,-58.051,193.79,-37.549,-37.341,-1.7045,24.79,39.114,52.893
37.865,211.35,170.65,-123.14,-56.57,192.53,-38.939,-38.718,-4.6437,23.274,38.68,52.162
38.301,210.15,169.46,-123.11,-54.996,191.45,-39.704,-39.503,-7.6589,21.569,37.834,51.038
38.598,209.01,168.17,-122.89,-53.221,190.42,-40.126,-39.967,-10.722,19.708,36.556,49.441
38.67,207.59,166.07,-122.23,-51.193,188.91,-40.305,-40.195,-13.771,17.73,34.876,47.304
38.394,205.13,162.53,-120.68,-48.913,186.21,-40.256,-40.19,-16.706,15.671,32.857,44.585
37.627,200.78,157.18,-117.72,-46.404,181.68,-39.983,-39.946,-19.416,13.561,30.573,41.271
36.253,193.87,149.9,-112.93,-43.677,174.87,-39.502,-39.48,-21.808,11.413,28.087,37.39
34.22,183.95,140.8,-106.12,-40.729,165.52,-38.836,-38.822,-23.838,9.2152,25.437,33.011
31.555,170.98,130.24,-97.34,-37.572,153.68,-38.011,-38.01,-25.529,6.9242,22.636,28.245
28.345,155.27,118.74,-86.858,-34.258,139.79,-37.059,-37.089,-26.969,4.4636,19.679,23.225
24.707,137.57,106.84,-75.162,-30.884,124.69,-36.018,-36.101,-28.288,1.734,16.547,18.081
20.761,118.95,95.029,-62.92,-27.551,109.34,-34.943,-35.092,-29.63,-1.3673,13.212,12.919
16.62,100.48,83.738,-50.881,-24.349,94.512,-33.896,-34.108,-31.121,-4.926,9.6535,7.8067
12.403,82.858,73.182,-39.729,-21.375,80.576,-32.942,-33.189,-32.849,-8.9977,5.8562,2.7823
8.2379,66.385,63.226,-29.941,-18.749,67.489,-32.129,-32.367,-34.853,-13.6,1.8205,-2.1343
4.2628,51.211,53.408,-21.711,-16.516,54.897,-31.471,-31.659,-37.118,-18.706,-2.436,-6.9273
0.59404,37.892,43.399,-14.905,-14.593,42.681,-30.955,-31.067,-39.583,-24.23,-6.8757,-11.578
-2.6925,27.368,33.982,-9.1378,-12.848,31.919,-30.547,-30.58,-42.148,-30.022,-11.439,-16.061
-5.5557,19.697,26.7,-4.0113,-11.202,24.068,-30.216,-30.178,-44.697,-35.864,-16.044,-20.342
-7.9808,13.684,21.642,0.67254,-9.6395,18.711,-29.948,-29.845,-47.126,-41.501,-20.579,-24.37
-9.9962,8.2102,17.686,4.9412,-8.1832,14.398,-29.748,-29.58,-49.36,-46.701,-24.907,-28.075
-11.68,2.8351,13.959,8.7882,-6.8648,10.218,-29.635,-29.401,-51.363,-51.298,-28.875,-31.381
-13.125,-2.4693,10.117,12.233,-5.7055,5.8959,-29.636,-29.343,-53.128,-55.226,-32.354,-34.22
-14.402,-7.605,6.1258,15.311,-4.6951,1.4638,-29.767,-29.432,-54.67,-58.493,-35.266,-36.554
-15.536,-12.473,2.0868,18.057,-3.7811,-2.9466,-30.026,-29.677,-56.009,-61.157,-37.602,-38.381
-16.518,-17.004,-1.8687,20.491,-2.8798,-7.2029,-30.392,-30.056,-57.165,-63.296,-39.408,-39.745
-17.321,-21.159,-5.6177,22.624,-1.9069,-11.206,-30.835,-30.531,-58.155,-64.991,-40.764,-40.728
-17.924,-24.934,-9.066,24.474,-0.81059,-14.897,-31.314,-31.05,-58.991,-66.323,-41.77,-41.441
-18.321,-28.354,-12.165,26.07,0.40797,-18.262,-31.775,-31.556,-59.687,-67.366,-42.533,-42.013
-18.527,-31.47,-14.911,27.462,1.6937,-21.323,-32.14,-31.977,-60.253,-68.19,-43.167,-42.579
-18.573,-34.34,-17.324,28.71,2.9552,-24.117,-32.308,-32.225,-60.686,-68.852,-43.78,-43.265
-18.503,-36.999,-19.413,29.864,4.103,-26.665,-32.162,-32.193,-60.966,-69.379,-44.458,-44.169
-18.361,-39.424,-21.165,30.942,5.0923,-28.937,-31.587,-31.766,-61.044,-69.767,-45.238,-45.334
-18.177,-41.53,-22.557,31.913,5.9419,-30.865,-30.491,-30.839,-60.844,-69.961,-46.083,-46.723
-17.945,-43.181,-23.588,32.698,6.7159,-32.366,-28.827,-29.341,-60.255,-69.845,-46.861,-48.22
-17.618,-44.249,-24.287,33.179,7.4915,-33.381,-26.595,-27.241,-59.117,-69.201,-47.325,-49.626
-17.123,-44.609,-24.707,33.227,8.3327,-33.873,-23.834,-24.554,-57.185,-67.643,-47.09,-50.669
-16.389,-44.102,-24.871,32.699,9.2581,-33.78,-20.591,-21.321,-54.09,-64.464,-45.57,-50.989
-15.354,-42.456,-24.713,31.407,10.216,-32.936,-16.93,-17.634,-49.431,-58.535,-41.894,-50.098
-13.939,-39.204,-24.029,29.098,11.092,-30.992,-13.012,-13.699,-43.751,-50.002,-35.349,-47.369
-12.03,-33.931,-22.466,25.618,11.748,-27.451,-9.2407,-9.9602,-43.219,-55.42,-32.942,-42.541
-9.6888,-28.943,-19.667,22.173,12.082,-22.805,-6.2277,-6.9875,-57.33,-74.542,-59.309,-43.611
-10.212,-41.367,-16.99,28.961,12.077,-26.154,-3.666,-4.3079,-55.657,-73.096,-66.73,-62.104
-25.888,-59.837,-19.4,48.885,11.836,-37.965,2.2345,1.7512,-40.634,-67.573,-70.329,-69.814
-34.034,-62.798,-20.899,54.026,11.555,-39.846,14.485,13.799,-22.498,-57.126,-70.024,-74.606
-34.778,-59.916,-19.727,52.861,11.405,-37.758,28.42,27.59,-1.3385,-39.037,-62.045,-74.772
-31.214,-50.755,-16.668,46.091,11.308,-32.152,40.797,40.009,24.829,-9.3332,-41.361,-66.836
-22.126,-33.421,-10.865,32.167,10.469,-21.472,52.232,51.592,60.754,38.081,-1.6504,-46.129
-6.5019,-5.5216,-0.57293,9.5265,7.4149,-3.2405,65.067,64.844,113.51,111.36,63.937,-6.6205
16.69,36.272,17.244,-23.662,7.3727,26.125,81.899,82.348,186.91,218.11,161.23,57.776
48.379,95.791,46.885,-69.362,8.7026,70.742,102.85,103.57,280.28,359.35,292.55,149.52
89.006,174.81,89.084,-128.81,10.435,131.91,127.7,128.01,389.84,527.37,453.22,264.1
138.45,266.18,136.04,-198.81,12.993,202.25,155.93,155.32,511.46,714.42,635.36,399.24
192.16,356.05,177.23,-269.22,16.902,269.18,186.63,184.92,652.87,926.29,828.59,547.36
242.63,430.85,203.2,-330.62,24.515,320.53,218.21,215.49,781.43,1106.5,996.87,669.48
286.19,478.08,206.68,-375.13,38.459,345.96,244.39,241.08,863.78,1245,1127,759.89
319.02,490.8,186.04,-397.42,59.633,341.25,253.36,250,891.04,1323.2,1204.3,810.38
337.88,469.78,146.25,-396.17,86.601,309.63,235.43,232.29,849.26,1325.8,1219.5,817.57
340.45,421.79,96.827,-373.46,113.76,259.7,186.82,183.91,729.88,1242.1,1169.2,782.91
325.34,355.74,47.605,-332.92,133.54,201.06,108.22,105.55,532.14,1067.5,1053,710.29
292.07,278.36,4.7773,-277.73,141.7,140.29,5.0471,2.6734,265.26,804.04,873.82,604.17
241.43,193.09,-30.276,-210.08,137.18,79.864,-112.5,-114.49,-50.013,464.84,639.19,468.94
176.35,102.01,-59.18,-132.49,122.07,19.949,-231.09,-232.65,-382.83,76.193,363.6,310.72
102.57,8.4522,-83.994,-49.437,100.35,-38.933,-337.55,-338.67,-696.64,-323.08,69.762,139.25
27.85,-82.27,-105.92,32.481,76.155,-94.749,-422.37,-423.06,-957.82,-688.16,-213.55,-31.657
-40.066,-164.39,-125.2,106.48,52.997,-144.77,-481.36,-481.63,-1143,-979.48,-457.54,-186.09
-95.388,-233.11,-141.46,167.5,33.606,-186.73,-515.36,-515.25,-1244.2,-1173.2,-641.12,-311.23
-135.32,-284.9,-154.24,212.75,19.626,-218.65,-527.89,-527.37,-1268.8,-1267.1,-756.44,-401.18
-159.93,-318.15,-162.78,241.56,11.129,-239.25,-523.28,-522.32,-1235.4,-1276.9,-808.27,-456.78
-171.24,-333.8,-166.1,255.3,6.8696,-248.57,-505.89,-504.51,-1165.2,-1227.3,-809.7,-483.21
-172.33,-334.09,-163.7,256.42,5.3565,-247.35,-479.46,-477.76,-1075.5,-1142.2,-776.36,-486.98
-166.35,-321.01,-155.47,247.42,5.0672,-236.12,-446.98,-445.21,-977.43,-1040.1,-722.19,-474.19
-155.73,-296.04,-141.17,230.14,4.9928,-215.38,-410.39,-408.82,-876.34,-932.8,-657.48,-449.93
-141.84,-260.86,-121.22,205.95,7.2158,-186.72,-370.79,-369.6,-775.16,-827.17,-588.62,-418.05
-125.33,-218.56,-97.601,176.26,7.7674,-153.65,-329.32,-328.38,-674.97,-726.98,-519.32,-381.98
-105.63,-174.66,-73.319,143.73,6.7036,-120.89,-287.46,-286.58,-577.72,-635.04,-451.49,-344.31
-84.22,-135.8,-51.183,114.14,5.5586,-92.078,-247.36,-246.53,-488.4,-553.54,-388.62,-307.19
-68.204,-105.32,-33.138,91.531,4.8056,-68.875,-210.35,-209.53,-409.1,-479.85,-335.1,-273.88
-57.203,-83.08,-20.329,75.276,4.6262,-51.592,-176.39,-175.4,-338.54,-409.58,-288.96,-245.44
-48.738,-68.225,-13.443,63.84,5.054,-40.249,-145.4,-144.06,-277.05,-342.9,-246,-220.05
-41.761,-60.361,-13.247,56.428,6.0075,-35.001,-118.09,-116.32,-225.98,-284.14,-206.29,-196.73
-36.016,-59.344,-20.636,52.723,7.3231,-36.414,-95.729,-93.501,-185.78,-236.06,-172.52,-175.16
-31.225,-64.136,-31.543,51.856,8.8004,-44.458,-79.053,-76.406,-155.72,-198.83,-146,-155.24
-26.88,-68.558,-37.279,50.812,10.25,-52.005,-67.604,-64.72,-134.23,-171.33,-126.13,-138.07
-23.182,-67.291,-38.471,47.8,11.54,-53.227,-60.026,-57.253,-119.32,-151.86,-111.7,-125.3
-20.406,-64.3,-38.52,44.539,12.63,-52.089,-54.982,-52.666,-109.18,-138.66,-101.54,-117.51
-18.351,-61.978,-38.623,41.983,13.566,-51.056,-52.128,-50.403,-102.43,-130.06,-94.422,-113.7
-16.786,-60.639,-39.011,40.241,14.426,-50.606,-51.389,-50.013,-97.011,-124.27,-88.088,-111.63
-15.556,-60.126,-39.665,39.198,15.264,-50.689,-50.674,-49.293,-89.977,-118.4,-81.124,-109.17
-14.553,-60.162,-40.486,38.647,16.1,-51.117,-49.214,-47.815,-83.006,-110.29,-75,-105.65
-13.697,-60.459,-41.351,38.367,16.929,-51.684,-47.662,-46.293,-78.192,-102.3,-70.484,-101.53
-12.941,-60.794,-42.141,38.162,17.721,-52.229,-46.39,-45.054,-75.028,-96.363,-67.26,-97.429
-12.276,-61.012,-42.775,37.911,18.421,-52.651,-45.468,-44.157,-72.831,-92.319,-64.956,-93.788
-11.715,-61.031,-43.233,37.553,18.964,-52.899,-44.841,-43.556,-71.222,-89.559,-63.326,-90.769
-11.282,-60.805,-43.494,37.081,19.3,-52.943,-44.403,-43.169,-69.997,-87.616,-62.2,-88.347
-10.988,-60.341,-43.516,36.508,19.412,-52.758,-44.042,-42.908,-69.035,-86.19,-61.436,-86.389
-10.826,-59.673,-43.277,35.864,19.317,-52.349,-43.673,-42.692,-68.26,-85.07,-60.917,-84.717
-10.765,-58.863,-42.816,35.188,19.064,-51.767,-43.25,-42.456,-67.614,-84.112,-60.546,-83.166
-10.765,-57.983,-42.206,34.524,18.718,-51.083,-42.757,-42.158,-67.045,-83.212,-60.243,-81.612
-10.784,-57.093,-41.51,33.905,18.339,-50.362,-42.194,-41.77,-66.492,-82.291,-59.946,-79.987
-10.797,-56.223,-40.751,33.351,17.963,-49.636,-41.556,-41.274,-65.887,-81.283,-59.6,-78.27
-10.799,-55.373,-39.92,32.858,17.585,-48.91,-40.829,-40.657,-65.166,-80.141,-59.163,-76.461
-10.794,-54.516,-38.996,32.4,17.174,-48.161,-39.995,-39.912,-64.288,-78.843,-58.614,-74.566
-10.793,-53.606,-37.962,31.932,16.688,-47.359,-39.035,-39.034,-63.248,-77.399,-57.956,-72.592
-10.796,-52.586,-36.818,31.398,16.097,-46.467,-37.937,-38.024,-62.087,-75.847,-57.222,-70.554
-10.792,-51.391,-35.584,30.738,15.396,-45.454,-36.7,-36.879,-60.868,-74.232,-56.461,-68.482
-10.759,-49.966,-34.295,29.897,14.613,-44.301,-35.338,-35.602,-59.654,-72.591,-55.722,-66.416
-10.666,-48.276,-32.996,28.839,13.805,-43.009,-33.883,-34.198,-58.472,-70.937,-55.032,-64.396
-10.48,-46.323,-31.739,27.562,13.044,-41.602,-32.38,-32.689,-57.311,-69.256,-54.388,-62.45
-10.185,-44.154,-30.58,26.114,12.397,-40.127,-30.866,-31.106,-56.126,-67.514,-53.758,-60.587
-9.7876,-41.861,-29.561,24.585,11.908,-38.637,-29.348,-29.48,-54.863,-65.665,-53.093,-58.803
-9.3168,-39.57,-28.704,23.09,11.583,-37.184,-27.797,-27.823,-53.485,-63.666,-52.339,-57.087
-8.8163,-37.404,-27.995,21.734,11.399,-35.802,-26.158,-26.124,-51.983,-61.487,-51.443,-55.414
-8.3256,-35.465,-27.394,20.58,11.31,-34.517,-24.381,-24.353,-50.375,-59.121,-50.367,-53.753
-7.8651,-33.806,-26.855,19.64,11.27,-33.347,-22.446,-22.483,-48.687,-56.585,-49.093,-52.055
-7.428,-32.424,-26.352,18.875,11.24,-32.31,-20.374,-20.496,-46.935,-53.907,-47.623,-50.262
-6.9869,-31.257,-25.885,18.207,11.207,-31.407,-18.211,-18.395,-45.112,-51.114,-45.982,-48.312
-6.5097,-30.2,-25.466,17.546,11.173,-30.613,-16.015,-16.199,-43.187,-48.216,-44.207,-46.161
-5.9788,-29.132,-25.101,16.814,11.147,-29.879,-13.826,-13.95,-41.115,-45.207,-42.336,-43.794
-5.4014,-27.961,-24.783,15.973,11.125,-29.15,-11.66,-11.705,-38.855,-42.08,-40.406,-41.235
-4.8078,-26.652,-24.498,15.035,11.096,-28.388,-9.5123,-9.5286,-36.382,-38.834,-38.443,-38.539
-4.238,-25.228,-24.233,14.049,11.048,-27.583,-7.3816,-7.4805,-33.694,-35.484,-36.466,-35.781
-3.7237,-23.746,-23.977,13.078,10.983,-26.742,-5.2849,-5.5944,-30.808,-32.047,-34.476,-33.034
-3.2718,-22.27,-23.723,12.169,10.912,-25.881,-3.2591,-3.8636,-27.757,-28.532,-32.452,-30.358
-2.8553,-20.847,-23.464,11.338,10.858,-25.01,-1.3467,-2.2463,-24.573,-24.937,-30.352,-27.778
-2.4201,-19.507,-23.201,10.576,10.845,-24.144,0.41938,-0.69412,-21.282,-21.26,-28.117,-25.288
-1.91,-18.28,-22.948,9.862,10.893,-23.317,2.0242,0.81523,-17.903,-17.52,-25.7,-22.856
-1.3011,-17.209,-22.724,9.1925,11.003,-22.588,3.4728,2.267,-14.46,-13.761,-23.092,-20.434
-0.62512,-16.347,-22.542,8.5925,11.154,-22.019,4.7904,3.6296,-10.983,-10.05,-20.321,-17.985
0.029374,-15.737,-22.391,8.1084,11.305,-21.641,6.0199,4.8893,-7.5038,-6.4582,-17.448,-15.491
0.54617,-15.384,-22.232,7.7853,11.414,-21.425,7.2127,6.0697,-4.0495,-3.0408,-14.542,-12.963
0.82993,-15.24,-22.019,7.6417,11.444,-21.293,8.4108,7.2231,-0.62899,0.17706,-11.658,-10.447
0.85063,-15.206,-21.717,7.6536,11.38,-21.14,9.6315,8.4035,2.7641,3.1986,-8.8362,-8.0047
0.65647,-15.163,-21.319,7.7584,11.232,-20.874,10.865,9.6398,6.1478,6.0487,-6.0936,-5.6926
0.34471,-15.002,-20.845,7.8755,11.029,-20.44,12.087,10.927,9.5458,8.7664,-3.4273,-3.541
0.0091589,-14.654,-20.325,7.9356,10.809,-19.818,13.273,12.234,12.984,11.398,-0.81354,-1.5393
-0.30329,-14.106,-19.784,7.9049,10.59,-19.024,14.406,13.519,16.486,13.993,1.784,0.35828
-0.60594,-13.405,-19.234,7.795,10.36,-18.107,15.479,14.745,20.07,16.599,4.403,2.2104
-0.95384,-12.651,-18.687,7.6527,10.073,-17.148,16.489,15.891,23.746,19.259,7.074,4.0625
-1.405,-11.956,-18.15,7.5349,9.6667,-16.243,17.437,16.948,27.507,22.011,9.8193,5.9305
-1.9805,-11.405,-17.633,7.4807,9.1012,-15.469,18.332,17.929,31.327,24.879,12.656,7.8019
-2.6424,-11.02,-17.143,7.4903,8.3861,-14.857,19.189,18.858,35.161,27.866,15.594,9.6553
-3.296,-10.754,-16.686,7.5194,7.5971,-14.381,20.029,19.768,38.96,30.957,18.633,11.485
-3.8117,-10.505,-16.269,7.4914,6.8594,-13.973,20.871,20.682,42.682,34.113,21.753,13.316
-4.0588,-10.155,-15.901,7.3233,6.3089,-13.549,21.726,21.608,46.294,37.289,24.915,15.191
-3.9412,-9.6093,-15.585,6.9559,6.0446,-13.036,22.591,22.534,49.776,40.445,28.068,17.155
-3.4218,-8.8197,-15.304,6.3697,6.0935,-12.378,23.451,23.436,53.107,43.555,31.17,19.229
-2.5288,-7.7816,-15.015,5.5811,6.4071,-11.535,24.286,24.298,56.275,46.603,34.207,21.408
-1.3369,-6.5171,-14.659,4.6217,6.8904,-10.481,25.08,25.118,59.265,49.583,37.202,23.671
0.067098,-5.0535,-14.183,3.5155,7.4449,-9.2029,25.829,25.906,62.067,52.484,40.197,25.997
1.621,-3.4088,-13.562,2.2652,8.0013,-7.7102,26.534,26.671,64.662,55.288,43.226,28.373
3.3075,-1.59,-12.815,0.85386,8.5343,-6.0312,27.2,27.412,67.027,57.963,46.29,30.797
5.1453,0.39739,-11.977,-0.73826,9.0587,-4.2047,27.83,28.115,69.135,60.465,49.35,33.265
7.1561,2.5331,-11.076,-2.5105,9.6025,-2.2688,28.423,28.768,70.963,62.743,52.344,35.775
9.3242,4.7671,-10.101,-4.4224,10.171,-0.26044,28.981,29.364,72.496,64.749,55.198,38.306
11.572,7.0172,-9.0213,-6.3906,10.73,1.7749,29.502,29.901,73.731,66.442,57.846,40.817
13.768,9.1852,-7.8078,-8.3053,11.218,3.7774,29.98,30.384,74.665,67.799,60.229,43.242
15.761,11.183,-6.4549,-10.061,11.574,5.6815,30.408,30.809,75.303,68.814,62.312,45.505
17.435,12.958,-4.9862,-11.591,11.754,7.4342,30.777,31.171,75.65,69.5,64.085,47.538
18.741,14.505,-3.4476,-12.883,11.744,9.0127,31.08,31.457,75.728,69.89,65.576,49.302
19.712,15.867,-1.8958,-13.984,11.555,10.43,31.313,31.658,75.571,70.026,66.832,50.794
20.445,17.113,-0.38611,-14.973,11.225,11.726,31.469,31.767,75.221,69.958,67.912,52.044
21.06,18.309,1.0353,-15.929,10.804,12.941,31.537,31.782,74.722,69.737,68.86,53.095
21.649,19.491,2.3364,-16.899,10.336,14.102,31.512,31.712,74.105,69.406,69.706,53.988
22.249,20.655,3.5045,-17.889,9.8561,15.211,31.402,31.575,73.387,68.996,70.466,54.748
22.845,21.771,4.5554,-18.869,9.3911,16.253,31.229,31.401,72.575,68.52,71.148,55.386
23.403,22.804,5.5353,-19.796,8.9735,17.216,31.031,31.223,71.684,67.988,71.762,55.912
23.903,23.734,6.5064,-20.638,8.6485,18.095,30.849,31.07,70.743,67.404,72.309,56.344
24.366,24.561,7.5191,-21.385,8.4646,18.895,30.721,30.962,69.805,66.784,72.785,56.711
24.844,25.306,8.5902,-22.051,8.4522,19.629,30.668,30.908,68.934,66.155,73.177,57.041
25.393,26.001,9.7031,-22.667,8.6095,20.313,30.7,30.909,68.198,65.556,73.47,57.348
26.043,26.676,10.828,-23.26,8.901,20.961,30.814,30.965,67.646,65.03,73.656,57.627
26.774,27.349,11.939,-23.845,9.2611,21.583,31,31.076,67.313,64.62,73.734,57.858
27.524,28.022,13.016,-24.417,9.6029,22.183,31.243,31.244,67.204,64.355,73.712,58.024
28.21,28.684,14.038,-24.955,9.8378,22.755,31.53,31.46,67.303,64.244,73.593,58.117
28.756,29.312,14.985,-25.436,9.8982,23.289,31.844,31.711,67.57,64.271,73.385,58.144
29.112,29.89,15.846,-25.838,9.7496,23.775,32.167,31.976,67.954,64.404,73.096,58.129
29.26,30.406,16.629,-26.149,9.3881,24.217,32.482,32.237,68.399,64.6,72.741,58.097
29.198,30.864,17.367,-26.366,8.826,24.626,32.77,32.477,68.855,64.815,72.338,58.072
28.928,31.271,18.104,-26.491,8.076,25.025,33.015,32.687,69.276,65.006,71.895,58.067
28.433,31.632,18.887,-26.521,7.1453,25.431,33.206,32.861,69.623,65.139,71.407,58.083
27.68,31.94,19.736,-26.449,6.0439,25.849,33.338,33,69.863,65.183,70.843,58.11
26.636,32.174,20.636,-26.256,4.8006,26.264,33.417,33.107,69.97,65.11,70.159,58.127
25.298,32.304,21.534,-25.924,3.4721,26.644,33.455,33.186,69.928,64.894,69.308,58.108
23.703,32.305,22.367,-25.443,2.1347,26.957,33.465,33.241,69.721,64.508,68.245,58.02
21.917,32.168,23.085,-24.823,0.85526,27.179,33.453,33.266,69.336,63.926,66.938,57.826
20.009,31.894,23.661,-24.086,-0.33456,27.301,33.408,33.252,68.753,63.122,65.372,57.488
18.025,31.489,24.091,-23.246,-1.4404,27.321,33.306,33.179,67.943,62.066,63.54,56.972
15.985,30.95,24.379,-22.302,-2.4855,27.238,33.112,33.026,66.869,60.73,61.44,56.244
13.878,30.266,24.542,-21.23,-3.4903,27.049,32.796,32.776,65.48,59.087,59.071,55.276
11.683,29.423,24.603,-19.998,-4.4587,26.756,32.34,32.42,63.724,57.118,56.424,54.036
9.4061,28.412,24.584,-18.585,-5.3651,26.363,31.742,31.958,61.557,54.825,53.494,52.498
7.1167,27.239,24.497,-17.002,-6.1517,25.882,31.017,31.396,58.958,52.226,50.275,50.645
4.9364,25.936,24.338,-15.304,-6.7525,25.326,30.192,30.744,55.942,49.359,46.777,48.471
2.9698,24.549,24.096,-13.575,-7.1346,24.713,29.302,30.017,52.566,46.273,43.027,45.986
1.2467,23.133,23.765,-11.898,-7.3282,24.059,28.379,29.235,48.922,43.034,39.071,43.207
-0.28185,21.727,23.365,-10.319,-7.424,23.381,27.45,28.421,45.132,39.718,34.978,40.157
-1.7095,20.352,22.935,-8.8367,-7.5493,22.697,26.539,27.6,41.329,36.408,30.821,36.865
-3.131,19.01,22.527,-7.4185,-7.8278,22.021,25.662,26.798,37.639,33.184,26.679,33.372
-4.6035,17.696,22.19,-6.0258,-8.3306,21.372,24.829,26.036,34.162,30.11,22.623,29.737
-6.1229,16.407,21.948,-4.6384,-9.0389,20.761,24.044,25.33,30.958,27.23,18.709,26.046
-7.6248,15.145,21.792,-3.2619,-9.8465,20.192,23.308,24.688,28.048,24.56,14.972,22.393
-9.0111,13.914,21.689,-1.9197,-10.604,19.659,22.624,24.112,25.418,22.097,11.429,18.863
-10.193,12.718,21.588,-0.63802,-11.18,19.146,21.999,23.601,23.03,19.821,8.0784,15.523
-11.13,11.548,21.451,0.56859,-11.511,18.63,21.436,23.145,20.848,17.704,4.9203,12.413
-11.84,10.387,21.253,1.7031,-11.609,18.085,20.941,22.733,18.851,15.722,1.9627,9.5582
-12.382,9.2175,20.993,2.7794,-11.553,17.492,20.512,22.351,17.047,13.872,-0.77038,6.9729
-12.83,8.039,20.684,3.8048,-11.45,16.85,20.152,21.992,15.465,12.169,-3.242,4.6635
-13.239,6.8923,20.353,4.7611,-11.393,16.187,19.866,21.654,14.148,10.653,-5.412,2.6298
-13.628,5.862,20.031,5.5968,-11.43,15.562,19.661,21.346,13.133,9.3713,-7.2497,0.86979
-13.982,5.051,19.742,6.2417,-11.545,15.042,19.541,21.078,12.437,8.3624,-8.7455,-0.61473
-14.254,4.5326,19.491,6.6404,-11.658,14.671,19.499,20.861,12.049,7.6412,-9.9163,-1.8156
-14.394,4.3064,19.268,6.789,-11.654,14.45,19.516,20.701,11.931,7.1896,-10.804,-2.7252
-14.38,4.287,19.053,6.7549,-11.445,14.335,19.57,20.6,12.022,6.9649,-11.469,-3.3478
-14.244,4.336,18.83,6.6587,-11.018,14.258,19.64,20.555,12.252,6.9164,-11.97,-3.7059
-14.051,4.3194,18.607,6.6251,-10.437,14.16,19.715,20.556,12.557,7.0007,-12.363,-3.8374
-13.864,4.1606,18.402,6.7274,-9.8099,14.014,19.788,20.584,12.891,7.1883,-12.688,-3.787
-13.716,3.8647,18.239,6.959,-9.2399,13.824,19.856,20.615,13.232,7.4601,-12.973,-3.5981
-13.602,3.5082,18.13,7.2443,-8.7935,13.622,19.913,20.626,13.572,7.8035,-13.231,-3.3065
-13.498,3.2029,18.07,7.477,-8.497,13.45,19.957,20.601,13.918,8.2085,-13.458,-2.9357
-13.382,3.0501,18.049,7.5654,-8.3457,13.34,19.991,20.535,14.278,8.668,-13.635,-2.4965
-13.24,3.1042,18.052,7.4642,-8.3128,13.307,20.026,20.434,14.664,9.1758,-13.733,-1.993
-13.075,3.3628,18.067,7.1815,-8.3543,13.35,20.07,20.307,15.085,9.7256,-13.717,-1.4313
-12.89,3.7845,18.085,6.7607,-8.4144,13.459,20.12,20.16,15.54,10.31,-13.555,-0.82425
-12.682,4.322,18.105,6.2503,-8.435,13.631,20.16,19.99,16.017,10.918,-13.235,-0.18839
-12.435,4.9466,18.141,5.68,-8.3673,13.875,20.159,19.793,16.485,11.538,-12.77,0.46225
-12.115,5.6532,18.212,5.0546,-8.1821,14.204,20.09,19.564,16.904,12.151,-12.206,1.1202
-11.684,6.4455,18.334,4.3642,-7.8734,14.626,19.936,19.303,17.227,12.73,-11.612,1.7835
-11.113,7.3173,18.507,3.6006,-7.4548,15.13,19.694,19.018,17.42,13.241,-11.058,2.4517
-10.4,8.2397,18.714,2.7729,-6.9527,15.682,19.376,18.724,17.466,13.647,-10.596,3.1197
-9.5704,9.161,18.924,1.9116,-6.3987,16.231,19.003,18.434,17.367,13.919,-10.245,3.7717
-8.672,10.02,19.1,1.0616,-5.8205,16.727,18.601,18.157,17.137,14.045,-9.9941,4.378
-7.7558,10.766,19.212,0.26431,-5.2296,17.131,18.188,17.892,16.792,14.028,-9.8087,4.8985
-6.856,11.38,19.237,-0.46028,-4.6143,17.425,17.779,17.626,16.352,13.892,-9.6432,5.2921
-5.9805,11.874,19.165,-1.1202,-3.9478,17.615,17.373,17.341,15.833,13.66,-9.4524,5.5277
-5.1212,12.289,19.004,-1.7404,-3.2093,17.727,16.962,17.022,15.244,13.355,-9.2018,5.5913
-4.2792,12.668,18.78,-2.3398,-2.4102,17.797,16.53,16.663,14.59,12.993,-8.8726,5.4902
-3.4902,13.036,18.548,-2.9091,-1.6144,17.862,16.064,16.27,13.865,12.58,-8.46,5.2535
-2.8311,13.398,18.389,-3.4074,-0.94001,17.956,15.556,15.86,13.06,12.126,-7.9687,4.9284
-2.3997,13.743,18.395,-3.7821,-0.53248,18.114,15.005,15.449,12.169,11.641,-7.4126,4.5704
-2.2713,14.077,18.64,-4.0017,-0.51556,18.369,14.42,15.042,11.192,11.141,-6.8154,4.2296
-2.4576,14.433,19.156,-4.086,-0.94058,18.754,13.807,14.633,10.136,10.646,-6.208,3.9416
-2.8938,14.88,19.917,-4.1154,-1.7564,19.297,13.173,14.2,9.0239,10.186,-5.6163,3.7293
-3.4609,15.507,20.852,-4.2157,-2.8252,20.016,12.524,13.725,7.8872,9.7986,-5.0445,3.6118
-4.0316,16.393,21.906,-4.5214,-3.9952,20.917,11.875,13.199,6.7712,9.5274,-4.4646,3.6126
-4.5129,17.587,23.062,-5.1337,-5.1841,22.005,11.254,12.64,5.7346,9.4173,-3.8201,3.7611
-4.8664,19.1,24.372,-6.0937,-6.4093,23.302,10.711,12.096,4.8463,9.5022,-3.0453,4.0859
-5.0996,20.929,25.963,-7.3853,-7.7568,24.875,10.307,11.634,4.175,9.795,-2.0905,4.6049
-5.2373,23.105,28.061,-8.9627,-9.324,26.881,10.103,11.327,3.7733,10.284,-0.94202,5.3159
-5.2939,25.731,31.027,-10.782,-11.169,29.613,10.142,11.225,3.6618,10.941,0.37541,6.1915
-5.2532,29.013,35.331,-12.823,-13.304,33.516,10.438,11.341,3.8268,11.736,1.8138,7.1838
-5.0564,33.239,41.326,-15.098,-15.72,39.073,10.972,11.644,4.2309,12.647,3.3247,8.239
-4.6035,38.751,48.957,-17.658,-18.401,46.565,11.7,12.08,4.8298,13.665,4.8764,9.3179
-3.7811,45.915,57.762,-20.593,-21.287,55.857,12.558,12.583,5.5852,14.787,6.4606,10.413
-2.505,55.049,67.23,-24.03,-24.267,66.488,13.472,13.102,6.47,16.009,8.0911,11.555
-0.75292,66.255,76.968,-28.123,-27.244,77.86,14.371,13.605,7.4664,17.324,9.7988,12.807
1.4268,79.149,86.726,-33.039,-30.189,89.414,15.187,14.071,8.5588,18.72,11.626,14.25
3.9288,92.788,96.328,-38.898,-33.117,100.7,15.851,14.468,9.7206,20.178,13.616,15.956
6.621,106.07,105.61,-45.651,-36.009,111.4,16.297,14.743,10.902,21.664,15.796,17.962
9.3876,118.3,114.4,-53.021,-38.764,121.31,16.478,14.835,12.026,23.129,18.161,20.261
12.174,129.41,122.54,-60.64,-41.206,130.43,16.373,14.689,12.989,24.503,20.658,22.788
15.007,139.74,129.87,-68.27,-43.174,138.83,15.976,14.254,13.683,25.703,23.188,25.434
17.947,149.59,136.29,-75.819,-44.578,146.63,15.272,13.469,14.009,26.647,25.624,28.064
21.003,158.99,141.71,-83.157,-45.399,153.79,14.198,12.229,13.898,27.265,27.834,30.554
24.075,167.58,146.1,-89.992,-45.655,160.11,12.579,10.347,13.321,27.52,29.717,32.818
27.003,174.94,149.53,-95.969,-45.404,165.38,10.086,7.5327,12.289,27.417,31.221,34.832
29.653,180.89,152.12,-100.88,-44.777,169.57,6.2985,3.4621,10.852,26.998,32.353,36.63
31.974,185.55,154.08,-104.76,-43.984,172.79,0.93486,-2.0431,9.0831,26.342,33.183,38.278
33.984,189.17,155.58,-107.79,-43.239,175.27,-5.9307,-8.8734,7.0726,25.542,33.819,39.846
35.736,192.05,156.75,-110.21,-42.636,177.2,-13.853,-16.612,4.9108,24.687,34.383,41.382
37.287,194.4,157.65,-112.25,-42.127,178.72,-22.151,-24.601,2.6708,23.846,34.975,42.903
38.69,196.35,158.28,-114.05,-41.574,179.89,-30.046,-32.062,0.39448,23.053,35.649,44.398
39.981,197.97,158.6,-115.71,-40.831,180.74,-36.801,-38.257,-1.9133,22.301,36.397,45.83
41.172,199.24,158.57,-117.25,-39.801,181.27,-41.875,-42.687,-4.2779,21.553,37.152,47.148
42.23,200.16,158.2,-118.64,-38.471,181.47,-45.072,-45.261,-6.7387,20.752,37.807,48.291
43.088,200.72,157.5,-119.81,-36.908,181.38,-46.626,-46.348,-9.3297,19.84,38.236,49.196
43.655,201.02,156.55,-120.71,-35.212,181.11,-47.079,-46.576,-12.061,18.773,38.322,49.798
43.848,201.18,155.44,-121.26,-33.475,180.78,-47.006,-46.48,-14.906,17.53,37.975,50.032
43.615,201.15,154.17,-121.33,-31.768,180.36,-46.764,-46.316,-17.801,16.116,37.143,49.834
42.945,200.48,152.46,-120.71,-30.126,179.42,-46.467,-46.111,-20.65,14.557,35.82,49.146
41.863,198.4,149.7,-119.11,-28.509,177.17,-46.094,-45.814,-23.347,12.888,34.034,47.918
40.414,194.06,145.25,-116.18,-26.823,172.83,-45.605,-45.38,-25.803,11.135,31.837,46.109
38.629,186.77,138.72,-111.56,-24.99,165.86,-44.985,-44.805,-27.972,9.3082,29.289,43.689
36.514,176.09,130.1,-105.01,-22.997,156,-44.251,-44.11,-29.863,7.3901,26.446,40.649
34.047,161.95,119.6,-96.431,-20.872,143.37,-43.433,-43.333,-31.537,5.3315,23.356,37.006
31.196,144.77,107.66,-86.008,-18.648,128.5,-42.564,-42.514,-33.085,3.0572,20.058,32.814
27.941,125.61,94.905,-74.234,-16.357,112.38,-41.677,-41.69,-34.605,0.47776,16.576,28.161
24.288,105.89,82.161,-61.853,-14.036,96.18,-40.807,-40.896,-36.182,-2.4912,12.918,23.154
20.282,86.957,70.271,-49.675,-11.741,80.886,-39.994,-40.163,-37.877,-5.9065,9.0911,17.912
16.021,69.567,59.67,-38.372,-9.5295,67.01,-39.278,-39.514,-39.722,-9.7795,5.1057,12.56
11.68,53.884,50.161,-28.367,-7.4409,54.458,-38.686,-38.959,-41.72,-14.07,0.99093,7.2254
7.4769,39.795,41.133,-19.83,-5.4659,42.745,-38.22,-38.492,-43.852,-18.696,-3.206,2.0432
3.6078,27.437,32.053,-12.704,-3.5366,31.586,-37.858,-38.097,-46.079,-23.553,-7.4263,-2.8543
0.18978,17.354,23.202,-6.7561,-1.5582,21.639,-37.558,-37.747,-48.34,-28.531,-11.608,-7.3516
-2.741,9.6796,15.766,-1.7117,0.50696,14.04,-37.273,-37.411,-50.564,-33.509,-15.696,-11.372
-5.2013,3.6032,9.9914,2.6341,2.5747,8.519,-36.966,-37.057,-52.674,-38.357,-19.639,-14.889
-7.2343,-1.8283,4.7349,6.4053,4.4828,3.7124,-36.618,-36.664,-54.605,-42.934,-23.392,-17.928
-8.8941,-7.0488,-0.57793,9.6903,6.0953,-1.1543,-36.228,-36.226,-56.312,-47.115,-26.91,-20.543
-10.237,-12.088,-5.5685,12.569,7.3584,-6.0464,-35.809,-35.758,-57.785,-50.822,-30.141,-22.805
-11.314,-16.845,-9.7637,15.116,8.2933,-10.661,-35.381,-35.289,-59.04,-54.032,-33.037,-24.774
-12.165,-21.221,-13.014,17.387,8.9684,-14.766,-34.962,-34.849,-60.109,-56.764,-35.551,-26.488
-12.811,-25.137,-15.416,19.406,9.4746,-18.262,-34.555,-34.452,-61.024,-59.052,-37.645,-27.953
-13.26,-28.521,-17.156,21.16,9.9033,-21.134,-34.153,-34.091,-61.806,-60.916,-39.287,-29.141
-13.511,-31.304,-18.426,22.602,10.328,-23.407,-33.736,-33.735,-62.456,-62.362,-40.453,-30.004
-13.571,-33.434,-19.371,23.682,10.788,-25.117,-33.27,-33.336,-62.96,-63.384,-41.138,-30.502
-13.468,-34.901,-20.082,24.376,11.279,-26.314,-32.697,-32.824,-63.289,-63.985,-41.377,-30.624
-13.266,-35.762,-20.598,24.718,11.751,-27.058,-31.934,-32.111,-63.404,-64.186,-41.253,-30.412
-13.061,-36.14,-20.921,24.808,12.127,-27.421,-30.872,-31.085,-63.258,-64.03,-40.891,-29.965
-12.963,-36.215,-21.028,24.801,12.323,-27.503,-29.383,-29.617,-62.797,-63.57,-40.431,-29.429
-13.059,-36.202,-20.915,24.86,12.281,-27.423,-27.343,-27.581,-61.962,-62.847,-39.993,-28.965
-13.377,-36.293,-20.619,25.114,11.995,-27.313,-24.669,-24.893,-60.69,-61.865,-39.635,-28.697
-13.863,-36.596,-20.228,25.594,11.514,-27.286,-21.359,-21.555,-58.899,-60.546,-39.312,-28.663
-14.398,-37.076,-19.838,26.211,10.941,-27.371,-17.52,-17.692,-56.467,-58.654,-38.831,-28.766
-14.855,-37.502,-19.481,26.758,10.395,-27.459,-13.345,-13.506,-53.167,-55.67,-37.783,-28.734
-15.122,-37.452,-19.068,26.935,9.9484,-27.275,-9.0624,-9.213,-48.639,-50.659,-35.479,-28.095
-15.111,-36.32,-18.36,26.37,9.5952,-26.371,-4.9337,-5.0376,-42.674,-42.572,-30.967,-26.157
-14.733,-33.36,-16.976,24.669,9.2651,-24.141,-1.3669,-1.3409,-37.251,-34.534,-24.018,-22.142
-13.953,-28.036,-14.369,21.691,8.8824,-19.925,1.0024,1.2572,-43.741,-55.307,-27.614,-16.698
-13.767,-23.002,-10.035,19.339,8.423,-14.343,2.3689,2.7054,-58.723,-73.844,-61.525,-31.431
-22.804,-38.009,-5.5659,31.222,7.9412,-17.791,8.3768,8.0841,-48.021,-70.63,-67.52,-59.698
-35.985,-58.418,-7.8728,50.152,7.5674,-34.129,22.565,21.994,-30.065,-63.107,-70.173,-66.023
-39.66,-62.061,-12.129,54.451,7.4724,-38.083,36.978,36.528,-9.1171,-49.185,-67.464,-68.46
-39.399,-59.949,-12.06,53.425,7.7603,-36.781,49.503,49.015,15.366,-25.784,-55.04,-64.099
-34.372,-51.368,-9.2088,46.502,8.2446,-31.595,61.176,60.582,45.4,11.271,-27.582,-48.882
-22.932,-33.569,-2.9018,31.521,7.9355,-20.634,73.002,72.339,85.247,67.311,20.716,-18.194
-3.5975,-2.9018,7.4267,6.0116,6.1578,-0.60126,86.992,86.334,141.45,148.49,95.584,32.156
24.56,44.617,23.279,-32.45,7.5679,32.312,105.26,104.73,219.74,261.99,201.96,105.55
61.276,111.48,50.781,-85.15,10.364,80.715,128.42,128.04,321.4,410.82,341.29,202.57
105.51,196.45,90.696,-151.24,13.448,143.57,157.04,156.68,443.5,589.24,507.87,321.12
157.07,290.18,135.13,-224.86,16.918,213.04,192.61,191.98,584.95,792.92,698.06,459.6
209.32,376.9,174,-293.91,21.733,276.33,235.44,234.42,738.1,1000.5,886.54,593.74
255.13,441.84,197.76,-348.57,31,320.87,276.48,275.43,864.08,1177.7,1047.6,708.21
291.91,474.56,199.66,-382.23,46.942,337.89,301.03,300.36,946.78,1307.1,1165.9,791.09
316.45,472.36,178.36,-392.28,69.698,325.52,300.22,300.16,967.09,1369.7,1228.1,834.11
325.94,439.55,138.64,-379.86,96.746,288.75,268.37,269.03,909.45,1351.7,1226.6,834.42
318.2,384.16,89.609,-348.08,120.3,236.48,202.46,203.78,765.81,1244.6,1158.9,793.75
291.76,313.72,40.91,-299.9,132.85,177.43,104.1,105.9,538.2,1045.7,1025.8,715.75
246.52,232.72,-1.0425,-237.31,132.6,116.85,-19.118,-17.218,240.19,760.16,831.41,604.62
184.91,143.13,-34.622,-162.15,120.48,56.224,-154.35,-152.8,-102.35,404.39,584.91,465.26
112.46,47.425,-61.671,-78.101,99.797,-4.3257,-285.88,-284.93,-453.72,8.3051,303.09,305.01
36.892,-48.841,-84.531,8.1563,75.141,-63.302,-399.47,-399.08,-774.26,-387.41,10.818,134.85
-33.777,-137.83,-104.36,88.117,50.798,-117.5,-485.66,-485.61,-1030.1,-739.21,-263.11,-31.318
-92.657,-212.77,-121.5,154.62,30.022,-163.9,-541.49,-541.48,-1201.3,-1011.9,-492.64,-179.29
-135.43,-269.8,-135.86,204.02,14.931,-200.46,-569.11,-568.86,-1285.4,-1187,-660.72,-298.11
-161.48,-307.71,-146.52,236.01,6.2078,-225.7,-573.35,-572.71,-1294.6,-1265.5,-762.18,-382.17
-173.31,-327.63,-151.83,252.42,2.275,-239.29,-559.45,-558.45,-1249,-1263.8,-802.83,-431.53
-174.71,-331.87,-150.82,255.93,0.70205,-241.96,-532.14,-530.96,-1169.7,-1206.4,-796.14,-451.13
-169.16,-322.49,-144.59,249.04,0.2965,-234.56,-495.36,-494.31,-1073.6,-1117.3,-757.84,-448.01
-158.97,-300.87,-133.94,233.45,-0.024573,-217.69,-452.54,-451.74,-970.57,-1014.3,-701.35,-429.17
-145.26,-268.2,-118.91,210.16,0.3827,-192.3,-406,-405.55,-864.67,-907.96,-636.05,-399.95
-128.46,-226.52,-99.995,180.12,-0.32703,-160.6,-357.48,-357.38,-757.23,-802.69,-567.22,-363.92
-108.12,-180.65,-78.615,145.59,-2.6175,-126.77,-309.29,-309.63,-651.12,-699.54,-497.38,-323.22
-86.588,-139,-56.785,113.91,-4.6688,-95.667,-264.59,-265.3,-553.3,-601.44,-427.74,-278.07
-71.608,-106.76,-36.683,90.781,-6.1527,-70.034,-224.7,-225.52,-467.62,-515.03,-362.77,-230.76
-61.784,-83.446,-20.501,74.767,-7.0854,-50.49,-188.93,-189.59,-391.56,-439.43,-308.56,-192.55
-54.285,-67.569,-10.362,63.499,-7.4853,-37.245,-156.48,-156.84,-323.13,-370.11,-262.58,-164.09
-47.978,-58.679,-7.814,56.039,-7.3875,-30.843,-127.08,-127.01,-263.06,-307.62,-221.4,-140.68
-42.607,-56.732,-12.118,52.176,-6.8728,-31.844,-101.52,-100.96,-213.25,-254.52,-185.48,-120.81
-38.132,-60.27,-18.366,51.053,-6.0536,-38.205,-81.339,-80.372,-174.66,-212.14,-156.2,-104.9
-34.366,-63.435,-21.728,50.155,-5.0394,-42.572,-67.109,-65.946,-146.59,-180.23,-133.66,-93.533
-31.279,-62.133,-22.284,47.978,-3.9137,-42.183,-57.798,-56.743,-127.14,-157.47,-117.06,-86.431
-28.962,-59.045,-21.829,45.411,-2.7354,-40.152,-51.696,-51.084,-114.04,-142.02,-105.32,-81.553
-27.278,-56.226,-21.406,43.155,-1.5391,-38.333,-47.909,-47.886,-105.4,-131.97,-97.284,-75.741
-26,-54.197,-21.397,41.379,-0.32012,-37.22,-46.649,-46.988,-99.585,-125.46,-91.159,-68.755
-24.95,-53,-21.845,40.073,0.96596,-36.855,-45.709,-46.277,-93.418,-119.67,-84.872,-62.304
-24.019,-52.517,-22.623,39.174,2.3571,-37.095,-43.542,-44.345,-85.33,-111.17,-78.498,-57.085
-23.145,-52.533,-23.556,38.581,3.8237,-37.722,-41.041,-42.076,-78.617,-101.73,-73.158,-53.007
-22.291,-52.806,-24.501,38.177,5.268,-38.516,-38.82,-40.073,-74.049,-94.436,-69.026,-49.836
-21.438,-53.142,-25.374,37.858,6.5933,-39.308,-37.092,-38.53,-70.844,-89.408,-65.85,-47.378
-20.584,-53.413,-26.137,37.551,7.7528,-39.994,-35.883,-37.462,-68.488,-85.903,-63.403,-45.473
-19.748,-53.568,-26.772,37.223,8.7376,-40.529,-35.097,-36.777,-66.73,-83.388,-61.526,-44.009
-18.961,-53.605,-27.275,36.874,9.546,-40.912,-34.579,-36.331,-65.413,-81.519,-60.084,-42.884
-18.256,-53.542,-27.644,36.51,10.181,-41.161,-34.183,-35.991,-64.422,-80.061,-58.956,-41.985
-17.652,-53.393,-27.885,36.122,10.65,-41.295,-33.815,-35.669,-63.642,-78.841,-58.012,-41.202
-17.148,-53.155,-28.015,35.691,10.975,-41.327,-33.441,-35.324,-62.967,-77.723,-57.129,-40.41
-16.721,-52.795,-28.055,35.181,11.192,-41.26,-33.045,-34.931,-62.297,-76.603,-56.193,-39.515
-16.334,-52.282,-28.038,34.549,11.342,-41.085,-32.608,-34.461,-61.538,-75.395,-55.119,-38.474
-15.947,-51.591,-27.996,33.777,11.468,-40.807,-32.105,-33.883,-60.621,-74.044,-53.866,-37.309
-15.531,-50.743,-27.966,32.862,11.6,-40.449,-31.52,-33.174,-59.528,-72.536,-52.457,-36.095
-15.069,-49.777,-27.976,31.838,11.751,-40.061,-30.866,-32.343,-58.309,-70.913,-50.978,-34.919
-14.563,-48.757,-28.035,30.759,11.915,-39.684,-30.187,-31.439,-57.063,-69.258,-49.546,-33.858
-14.024,-47.748,-28.123,29.693,12.073,-39.341,-29.54,-30.539,-55.898,-67.666,-48.271,-32.953
-13.467,-46.793,-28.193,28.694,12.209,-39.025,-28.968,-29.719,-54.89,-66.206,-47.215,-32.206
-12.898,-45.897,-28.191,27.787,12.328,-38.696,-28.484,-29.023,-54.049,-64.896,-46.377,-31.583
-12.305,-45.024,-28.079,26.954,12.453,-38.309,-28.077,-28.447,-53.327,-63.702,-45.696,-31.024
-11.65,-44.111,-27.859,26.139,12.615,-37.825,-27.72,-27.95,-52.637,-62.546,-45.068,-30.465
-10.88,-43.096,-27.569,25.272,12.849,-37.233,-27.368,-27.467,-51.873,-61.327,-44.382,-29.857
-9.959,-41.937,-27.264,24.296,13.173,-36.544,-26.953,-26.916,-50.945,-59.945,-43.55,-29.186
-8.8909,-40.613,-26.983,23.186,13.581,-35.776,-26.39,-26.215,-49.783,-58.319,-42.531,-28.476
-7.7179,-39.11,-26.73,21.939,14.029,-34.933,-25.614,-25.296,-48.358,-56.413,-41.348,-27.766
-6.5022,-37.4,-26.475,20.565,14.447,-33.997,-24.602,-24.133,-46.685,-54.252,-40.073,-27.093
-5.2976,-35.452,-26.177,19.076,14.768,-32.936,-23.39,-22.748,-44.819,-51.911,-38.806,-26.467
-4.1277,-33.247,-25.802,17.48,14.947,-31.728,-22.056,-21.209,-42.839,-49.483,-37.638,-25.872
-2.9789,-30.796,-25.344,15.792,14.977,-30.372,-20.688,-19.597,-40.823,-47.042,-36.62,-25.28
-1.8147,-28.16,-24.821,14.039,14.89,-28.898,-19.348,-17.976,-38.818,-44.611,-35.747,-24.672
-0.60905,-25.45,-24.263,12.276,14.739,-27.364,-18.053,-16.378,-36.82,-42.161,-34.959,-24.047
0.61592,-22.827,-23.696,10.594,14.581,-25.843,-16.783,-14.803,-34.773,-39.631,-34.161,-23.415
1.7717,-20.473,-23.133,9.1074,14.454,-24.418,-15.503,-13.252,-32.59,-36.959,-33.262,-22.782
2.7244,-18.55,-22.572,7.9294,14.364,-23.157,-14.182,-11.736,-30.182,-34.099,-32.203,-22.142
3.3498,-17.15,-22.007,7.1345,14.291,-22.099,-12.804,-10.271,-27.492,-31.025,-30.97,-21.475
3.5966,-16.261,-21.435,6.7255,14.204,-21.246,-11.368,-8.8563,-24.509,-27.734,-29.585,-20.752
3.5209,-15.769,-20.864,6.6217,14.078,-20.559,-9.8781,-7.4575,-21.263,-24.246,-28.075,-19.949
3.2613,-15.492,-20.319,6.6814,13.904,-19.976,-8.3478,-6.0247,-17.815,-20.613,-26.456,-19.04
2.9652,-15.241,-19.835,6.7523,13.683,-19.443,-6.8117,-4.5283,-14.234,-16.914,-24.733,-18.011
2.7181,-14.886,-19.443,6.731,13.414,-18.93,-5.3221,-2.9872,-10.585,-13.247,-22.91,-16.865
2.5157,-14.399,-19.143,6.598,13.079,-18.432,-3.9272,-1.459,-6.9184,-9.707,-21.002,-15.629
2.2815,-13.835,-18.902,6.4114,12.654,-17.957,-2.64,-0.0011869,-3.2674,-6.3653,-19.037,-14.351
1.9136,-13.291,-18.655,6.2653,12.124,-17.503,-1.4234,1.3639,0.34849,-3.2598,-17.045,-13.092
1.3419,-12.849,-18.346,6.2398,11.512,-17.059,-0.20378,2.6544,3.917,-0.39204,-15.051,-11.912
0.57152,-12.553,-17.95,6.3685,10.875,-16.611,1.0947,3.9082,7.4288,2.2644,-13.065,-10.854
-0.30953,-12.405,-17.486,6.631,10.289,-16.162,2.5178,5.1582,10.88,4.7529,-11.082,-9.943
-1.1634,-12.367,-17.003,6.9646,9.8288,-15.724,4.0645,6.4186,14.278,7.1256,-9.0801,-9.1772
-1.8572,-12.378,-16.551,7.2878,9.541,-15.306,5.6898,7.6851,17.65,9.4391,-7.0171,-8.5326
-2.3099,-12.363,-16.153,7.5272,9.4214,-14.897,7.3244,8.9424,21.039,11.753,-4.8441,-7.9723
-2.5102,-12.259,-15.797,7.6384,9.4102,-14.475,8.9014,10.172,24.495,14.125,-2.5193,-7.4568
-2.5052,-12.03,-15.446,7.6136,9.4112,-14.016,10.378,11.358,28.057,16.606,-0.022579,-6.9533
-2.3669,-11.676,-15.069,7.4685,9.3328,-13.514,11.745,12.488,31.742,19.232,2.6408,-6.4415
-2.1502,-11.203,-14.667,7.2161,9.1309,-12.974,13.024,13.563,35.531,22.013,5.4471,-5.915
-1.857,-10.601,-14.274,6.8394,8.8358,-12.405,14.252,14.595,39.376,24.927,8.3692,-5.375
-1.4192,-9.8143,-13.945,6.2824,8.5468,-11.796,15.461,15.603,43.211,27.921,11.392,-4.8194
-0.7147,-8.7595,-13.724,5.4685,8.3925,-11.107,16.668,16.606,46.967,30.928,14.518,-4.232
0.3828,-7.3631,-13.614,4.3417,8.4686,-10.277,17.864,17.602,50.577,33.89,17.765,-3.5819
1.9396,-5.6122,-13.571,2.9058,8.7928,-9.2452,19.019,18.574,53.981,36.77,21.148,-2.8333
3.9146,-3.5776,-13.515,1.2337,9.3088,-7.9766,20.094,19.49,57.128,39.566,24.661,-1.96
6.1573,-1.3962,-13.356,-0.55698,9.9283,-6.4827,21.059,20.321,59.985,42.289,28.272,-0.957
8.4646,0.77576,-13.029,-2.3445,10.573,-4.8302,21.893,21.051,62.536,44.948,31.917,0.15821
10.67,2.8078,-12.528,-4.0364,11.196,-3.1327,22.596,21.683,64.782,47.544,35.517,1.354
12.705,4.6196,-11.922,-5.585,11.778,-1.5254,23.177,22.227,66.728,50.053,38.99,2.5979
14.6,6.1828,-11.342,-6.9858,12.334,-0.1279,23.642,22.696,68.375,52.434,42.261,3.8681
16.434,7.5111,-10.92,-8.2612,12.897,0.9898,23.996,23.097,69.717,54.629,45.271,5.1596
18.264,8.6422,-10.721,-9.4368,13.49,1.8243,24.239,23.433,70.749,56.573,47.988,6.4841
20.078,9.6176,-10.711,-10.518,14.093,2.4308,24.372,23.7,71.475,58.208,50.406,7.8629
21.777,10.464,-10.781,-11.481,14.643,2.8944,24.399,23.892,71.913,59.495,52.538,9.3173
23.212,11.187,-10.8,-12.279,15.061,3.2957,24.328,24.003,72.09,60.416,54.405,10.859
24.24,11.775,-10.675,-12.864,15.282,3.6888,24.169,24.028,72.041,60.972,56.03,12.486
24.771,12.221,-10.363,-13.214,15.274,4.1004,23.939,23.972,71.806,61.184,57.438,14.182
24.793,12.542,-9.8712,-13.346,15.044,4.546,23.661,23.852,71.432,61.091,58.655,15.923
24.38,12.788,-9.2254,-13.325,14.633,5.0482,23.364,23.697,70.969,60.748,59.714,17.685
23.661,13.033,-8.4509,-13.238,14.103,5.6407,23.077,23.539,70.465,60.228,60.642,19.449
22.78,13.346,-7.5604,-13.166,13.514,6.3526,22.824,23.4,69.946,59.617,61.45,21.194
21.854,13.755,-6.5642,-13.154,12.908,7.1826,22.614,23.283,69.413,58.993,62.132,22.891
20.95,14.237,-5.4829,-13.201,12.301,8.0861,22.447,23.179,68.842,58.41,62.667,24.502
20.092,14.738,-4.3511,-13.274,11.692,8.9909,22.316,23.073,68.2,57.885,63.036,25.988
19.28,15.199,-3.2035,-13.336,11.075,9.8302,22.214,22.964,67.473,57.405,63.233,27.329
18.519,15.599,-2.0601,-13.378,10.456,10.573,22.145,22.861,66.682,56.946,63.28,28.532
17.849,15.958,-0.92103,-13.426,9.8589,11.232,22.127,22.788,65.886,56.502,63.225,29.638
17.356,16.337,0.22542,-13.543,9.3235,11.859,22.192,22.777,65.167,56.097,63.135,30.708
17.146,16.815,1.3964,-13.803,8.8914,12.516,22.381,22.856,64.605,55.788,63.085,31.802
17.292,17.457,2.6152,-14.262,8.5913,13.259,22.727,23.049,64.256,55.646,63.14,32.95
17.783,18.287,3.9085,-14.928,8.421,14.117,23.247,23.363,64.142,55.734,63.339,34.149
18.528,19.278,5.2881,-15.753,8.3428,15.079,23.927,23.785,64.248,56.087,63.679,35.364
19.395,20.36,6.7243,-16.649,8.2999,16.095,24.731,24.286,64.533,56.695,64.12,36.542
20.264,21.446,8.1385,-17.526,8.243,17.093,25.602,24.824,64.941,57.509,64.588,37.62
21.058,22.462,9.4306,-18.314,8.1467,18.001,26.483,25.361,65.415,58.449,65,38.539
21.746,23.362,10.527,-18.984,8.0051,18.778,27.329,25.87,65.907,59.426,65.285,39.24
22.314,24.133,11.416,-19.532,7.8128,19.42,28.112,26.341,66.377,60.361,65.397,39.677
22.743,24.785,12.153,-19.97,7.55,19.954,28.826,26.777,66.794,61.199,65.318,39.816
22.99,25.331,12.829,-20.301,7.1851,20.419,29.479,27.19,67.133,61.912,65.054,39.646
22.996,25.774,13.526,-20.513,6.6899,20.846,30.086,27.592,67.37,62.49,64.62,39.181
22.703,26.108,14.278,-20.584,6.0553,21.245,30.656,27.99,67.487,62.925,64.032,38.463
22.078,26.321,15.068,-20.495,5.2967,21.609,31.186,28.383,67.47,63.203,63.294,37.54
21.128,26.412,15.857,-20.248,4.4461,21.927,31.654,28.76,67.305,63.296,62.403,36.454
19.897,26.4,16.612,-19.868,3.536,22.197,32.028,29.103,66.971,63.166,61.343,35.216
18.458,26.314,17.327,-19.396,2.5834,22.428,32.276,29.387,66.438,62.771,60.094,33.801
16.881,26.184,18.004,-18.87,1.5846,22.63,32.38,29.589,65.672,62.074,58.632,32.151
15.221,26.019,18.642,-18.302,0.5219,22.805,32.343,29.692,64.627,61.053,56.935,30.194
13.49,25.798,19.235,-17.668,-0.62512,22.937,32.183,29.691,63.262,59.693,54.979,27.867
11.664,25.481,19.779,-16.919,-1.8648,23.004,31.93,29.595,61.543,57.998,52.742,25.146
9.7173,25.024,20.266,-16.003,-3.1773,22.986,31.609,29.422,59.46,55.982,50.209,22.07
7.6592,24.399,20.69,-14.89,-4.5066,22.872,31.232,29.192,57.034,53.67,47.383,18.742
5.5546,23.604,21.038,-13.593,-5.7748,22.662,30.807,28.924,54.318,51.091,44.29,15.303
3.4927,22.669,21.304,-12.166,-6.9167,22.372,30.332,28.63,51.384,48.279,40.975,11.894
1.5353,21.644,21.499,-10.676,-7.9099,22.029,29.81,28.316,48.307,45.272,37.495,8.6113
-0.31229,20.577,21.651,-9.1768,-8.7814,21.667,29.246,27.985,45.157,42.122,33.915,5.5002
-2.0902,19.5,21.796,-7.6869,-9.5877,21.315,28.654,27.638,41.991,38.897,30.3,2.5587
-3.8486,18.416,21.953,-6.1964,-10.384,20.978,28.049,27.275,38.863,35.678,26.71,-0.23279
-5.612,17.301,22.109,-4.6827,-11.198,20.634,27.446,26.899,35.819,32.548,23.204,-2.8837
-7.3622,16.109,22.215,-3.1322,-12.018,20.234,26.85,26.504,32.897,29.571,19.829,-5.3779
-9.0449,14.794,22.2,-1.5519,-12.801,19.719,26.257,26.086,30.126,26.788,16.613,-7.6799
-10.593,13.329,22.007,0.029513,-13.482,19.042,25.658,25.641,27.52,24.21,13.561,-9.7541
-11.951,11.72,21.599,1.5717,-14.006,18.178,25.051,25.173,25.079,21.827,10.659,-11.582
-13.086,9.9989,20.971,3.0361,-14.346,17.132,24.439,24.693,22.801,19.622,7.8907,-13.17
-13.992,8.2167,20.136,4.3959,-14.51,15.929,23.84,24.223,20.698,17.584,5.2528,-14.538
-14.675,6.4253,19.118,5.6376,-14.514,14.604,23.281,23.789,18.801,15.719,2.7615,-15.711
-15.143,4.6767,17.95,6.7525,-14.362,13.206,22.789,23.414,17.153,14.046,0.44989,-16.706
-15.402,3.0279,16.673,7.7252,-14.035,11.797,22.387,23.117,15.794,12.593,-1.6428,-17.525
-15.451,1.5469,15.347,8.5268,-13.501,10.455,22.082,22.901,14.748,11.39,-3.4813,-18.154
-15.285,0.30728,14.033,9.1181,-12.725,9.2606,21.864,22.761,14.016,10.456,-5.0392,-18.561
-14.904,-0.62872,12.789,9.4632,-11.695,8.2783,21.707,22.68,13.576,9.7976,-6.3031,-18.713
-14.315,-1.2314,11.651,9.5462,-10.426,7.5359,21.582,22.637,13.393,9.4043,-7.2758,-18.591
-13.544,-1.5149,10.634,9.3847,-8.9785,7.0217,21.468,22.614,13.418,9.2523,-7.9776,-18.209
-12.645,-1.5309,9.7463,9.0275,-7.4498,6.6973,21.354,22.598,13.605,9.3151,-8.4426,-17.618
-11.683,-1.3466,8.9912,8.5379,-5.9592,6.5171,21.24,22.582,13.907,9.5709,-8.71,-16.885
-10.727,-1.0187,8.3732,7.9696,-4.6151,6.4467,21.132,22.565,14.284,10.002,-8.8185,-16.066
-9.8295,-0.58073,7.8936,7.3541,-3.4907,6.4697,21.031,22.543,14.695,10.59,-8.8065,-15.199
-9.0243,-0.04997,7.5486,6.7069,-2.6172,6.5818,20.927,22.503,15.096,11.298,-8.715,-14.296
-8.3366,0.55195,7.3333,6.0472,-1.9952,6.7771,20.8,22.42,15.445,12.076,-8.5879,-13.356
-7.7941,1.1842,7.2491,5.4157,-1.6161,7.0401,20.628,22.266,15.701,12.854,-8.4663,-12.379
-7.4311,1.7893,7.3112,4.874,-1.4793,7.3483,20.394,22.016,15.838,13.568,-8.374,-11.382
-7.2768,2.3145,7.5478,4.4843,-1.5912,7.6836,20.094,21.659,15.853,14.174,-8.3045,-10.397
-7.3346,2.7385,7.9874,4.2787,-1.9445,8.046,19.734,21.2,15.768,14.663,-8.2154,-9.4623
-7.5706,3.0884,8.6422,4.236,-2.4992,8.4576,19.332,20.661,15.63,15.062,-8.0412,-8.6067
-7.9229,3.4322,9.4982,4.2854,-3.1862,8.955,18.909,20.072,15.486,15.416,-7.7198,-7.8369
-8.3299,3.8446,10.518,4.3396,-3.9353,9.569,18.482,19.464,15.367,15.764,-7.2248,-7.1438
-8.7576,4.3637,11.646,4.3398,-4.7057,10.301,18.054,18.856,15.273,16.115,-6.5859,-6.5159
-9.2095,4.9617,12.818,4.2872,-5.4936,11.107,17.612,18.256,15.17,16.441,-5.8863,-5.9499
-9.7159,5.5484,13.959,4.242,-6.3111,11.906,17.132,17.661,15.003,16.692,-5.2354,-5.4485
-10.31,6.0014,14.992,4.2944,-7.1559,12.594,16.598,17.063,14.712,16.814,-4.7316,-5.0101
-10.999,6.2052,15.843,4.5251,-7.9949,13.079,16.004,16.458,14.253,16.773,-4.4317,-4.6219
-11.75,6.0859,16.457,4.9714,-8.7682,13.296,15.359,15.839,13.61,16.561,-4.3391,-4.2638
-12.491,5.6343,16.805,5.6085,-9.4091,13.229,14.67,15.2,12.796,16.198,-4.4143,-3.9188
-13.131,4.9156,16.894,6.3525,-9.8675,12.912,13.936,14.529,11.846,15.714,-4.5992,-3.5803
-13.601,4.0581,16.763,7.0851,-10.125,12.425,13.143,13.816,10.806,15.143,-4.8417,-3.2497
-13.869,3.217,16.477,7.6939,-10.2,11.874,12.28,13.054,9.718,14.511,-5.1076,-2.9266
-13.955,2.5233,16.107,8.1104,-10.134,11.356,11.35,12.252,8.6156,13.84,-5.3786,-2.5995
-13.912,2.045,15.711,8.3237,-9.9751,10.936,10.386,11.438,7.5234,13.153,-5.6423,-2.2419
-13.799,1.7862,15.323,8.3647,-9.7555,10.634,9.4486,10.655,6.4569,12.478,-5.8857,-1.8185
-13.651,1.7238,14.958,8.2683,-9.4786,10.452,8.614,9.962,5.426,11.845,-6.0954,-1.2989
-13.464,1.8559,14.632,8.0384,-9.1207,10.399,7.9491,9.416,4.4374,11.284,-6.2634,-0.66934
-13.187,2.2272,14.382,7.6344,-8.6464,10.517,7.4901,9.0575,3.4943,10.815,-6.3928,0.063751
-12.746,2.9164,14.278,6.9884,-8.0334,10.874,7.2253,8.8892,2.5911,10.436,-6.4995,0.87759
-12.074,3.9895,14.406,6.0439,-7.2987,11.529,7.0934,8.8664,1.7082,10.122,-6.6086,1.7386
-11.149,5.4543,14.836,4.7927,-6.5151,12.5,7.0015,8.9071,0.81518,9.8327,-6.7434,2.6082
-10.01,7.2501,15.591,3.2832,-5.8038,13.75,6.8601,8.9187,-0.11562,9.5337,-6.9094,3.4556
-8.7415,9.282,16.635,1.5926,-5.2981,15.21,6.619,8.8305,-1.0888,9.215,-7.0805,4.278
-7.441,11.476,17.897,-0.21713,-5.0968,16.818,6.2914,8.6193,-2.0701,8.9046,-7.1932,5.1194
-6.1816,13.817,19.317,-2.1323,-5.2393,18.555,5.9548,8.3188,-2.9832,8.6659,-7.1555,6.0683
-4.9953,16.363,20.887,-4.1932,-5.7205,20.469,5.7266,8.0096,-3.725,8.5772,-6.8718,7.2308
-3.8797,19.22,22.69,-6.4692,-6.5252,22.681,5.7208,7.7931,-4.1944,8.7005,-6.2744,8.6837
-2.8177,22.515,24.957,-9.013,-7.6569,25.391,6.0056,7.7587,-4.3262,9.056,-5.3497,10.435
-1.7963,26.356,28.127,-11.818,-9.1498,28.887,6.5856,7.9571,-4.1123,9.6168,-4.1414,12.411
-0.81903,30.811,32.786,-14.806,-11.07,33.503,7.4128,8.3883,-3.5999,10.326,-2.7287,14.487
0.094477,35.901,39.302,-17.853,-13.491,39.501,8.4148,9.0083,-2.8676,11.127,-1.1918,16.533
0.92091,41.651,47.473,-20.852,-16.438,46.946,9.519,9.7481,-1.994,11.979,0.41925,18.465
1.6536,48.198,56.706,-23.769,-19.836,55.727,10.66,10.534,-1.0341,12.875,2.0959,20.272
2.3214,55.907,66.463,-26.675,-23.539,65.678,11.778,11.299,-0.013734,13.828,3.8634,22.013
2.9927,65.355,76.43,-29.744,-27.414,76.576,12.807,11.99,1.0593,14.861,5.7602,23.787
3.7596,76.985,86.432,-33.248,-31.376,88.044,13.68,12.553,2.1766,15.988,7.8147,25.698
4.7078,90.47,96.307,-37.523,-35.346,99.533,14.327,12.934,3.3113,17.197,10.027,27.82
5.8893,104.48,105.84,-42.858,-39.206,110.5,14.68,13.068,4.4055,18.448,12.359,30.17
7.3113,117.54,114.8,-49.279,-42.782,120.59,14.682,12.885,5.3702,19.671,14.738,32.702
8.9468,129,122.99,-56.389,-45.86,129.7,14.291,12.32,6.0976,20.783,17.075,35.319
10.763,138.96,130.31,-63.551,-48.251,137.88,13.484,11.314,6.4832,21.706,19.28,37.91
12.744,147.77,136.73,-70.263,-49.856,145.22,12.247,9.8161,6.4506,22.387,21.289,40.384
14.893,155.68,142.2,-76.351,-50.701,151.78,10.559,7.7839,5.9672,22.807,23.066,42.688
17.215,162.84,146.67,-81.871,-50.911,157.55,8.3491,5.1713,5.0446,22.98,24.6,44.801
19.681,169.28,150.14,-86.937,-50.665,162.52,5.4314,1.8807,3.7263,22.947,25.895,46.718
22.225,174.99,152.71,-91.611,-50.133,166.67,1.51,-2.2669,2.0712,22.759,26.967,48.431
24.748,179.9,154.52,-95.865,-49.445,170.03,-3.6663,-7.446,0.14463,22.468,27.845,49.935
27.142,183.97,155.74,-99.62,-48.67,172.63,-10.088,-13.654,-1.9824,22.119,28.574,51.227
29.318,187.18,156.47,-102.82,-47.815,174.55,-17.411,-20.599,-4.2321,21.751,29.21,52.326
31.223,189.64,156.74,-105.47,-46.833,175.86,-25.056,-27.733,-6.5245,21.389,29.814,53.266
32.843,191.44,156.58,-107.65,-45.651,176.65,-32.36,-34.385,-8.7899,21.048,30.433,54.095
34.191,192.7,155.98,-109.45,-44.179,177.01,-38.717,-39.931,-10.984,20.721,31.083,54.848
35.293,193.53,154.9,-110.94,-42.33,176.98,-43.671,-43.959,-13.099,20.377,31.734,55.541
36.177,193.98,153.33,-112.13,-40.042,176.59,-46.984,-46.374,-15.164,19.963,32.309,56.159
36.863,194.11,151.22,-113.01,-37.317,175.84,-48.71,-47.426,-17.228,19.417,32.697,56.658
37.36,193.88,148.49,-113.48,-34.276,174.66,-49.204,-47.59,-19.344,18.684,32.79,56.98
37.665,193.11,144.99,-113.38,-31.136,172.8,-48.982,-47.331,-21.543,17.735,32.503,57.058
37.764,191.37,140.46,-112.44,-28.086,169.8,-48.49,-46.932,-23.817,16.578,31.806,56.829
37.642,188.02,134.64,-110.32,-25.195,165.12,-47.958,-46.481,-26.114,15.251,30.718,56.243
37.276,182.38,127.48,-106.56,-22.438,158.41,-47.431,-45.963,-28.346,13.804,29.293,55.259
36.638,173.9,119.09,-100.81,-19.771,149.53,-46.874,-45.347,-30.411,12.283,27.582,53.848
35.692,162.29,109.67,-93.1,-17.165,138.62,-46.241,-44.62,-32.221,10.712,25.615,51.984
34.398,147.74,99.487,-83.942,-14.622,126.01,-45.508,-43.79,-33.724,9.0822,23.4,49.645
32.718,130.93,88.782,-74.109,-12.168,112.22,-44.667,-42.874,-34.917,7.3549,20.934,46.818
30.627,112.93,77.876,-64.25,-9.8488,97.859,-43.729,-41.891,-35.844,5.4729,18.229,43.506
28.106,94.914,67.164,-54.74,-7.7124,83.557,-42.717,-40.861,-36.59,3.3732,15.306,39.741
25.143,77.838,57.05,-45.758,-5.7996,69.869,-41.668,-39.812,-37.269,0.99699,12.2,35.592
21.738,62.382,47.783,-37.398,-4.1315,57.223,-40.627,-38.78,-38.005,-1.705,8.9411,31.158
17.929,48.919,39.415,-29.713,-2.7016,45.899,-39.643,-37.806,-38.909,-4.773,5.5612,26.551
13.821,37.536,31.984,-22.704,-1.4752,36.079,-38.755,-36.928,-40.059,-8.2396,2.091,21.878
9.5961,28.072,25.704,-16.314,-0.40561,27.917,-37.983,-36.174,-41.488,-12.127,-1.4389,17.239
5.463,20.166,20.74,-10.461,0.54526,21.414,-37.325,-35.557,-43.176,-16.434,-5.0015,12.729
1.5929,13.341,16.777,-5.0776,1.4004,16.202,-36.771,-35.081,-45.064,-21.114,-8.5732,8.4431
-1.9214,7.1227,13.138,-0.12702,2.1728,11.628,-36.315,-34.741,-47.068,-26.057,-12.131,4.4674
-5.0602,1.1595,9.3287,4.4201,2.8655,7.124,-35.961,-34.523,-49.089,-31.08,-15.646,0.86183
-7.8468,-4.7309,5.3044,8.6091,3.4661,2.4346,-35.721,-34.414,-51.034,-35.961,-19.076,-2.3504
-10.321,-10.581,1.2877,12.504,3.9511,-2.3989,-35.599,-34.406,-52.826,-40.491,-22.361,-5.1776
-12.522,-16.337,-2.498,16.17,4.3011,-7.2055,-35.59,-34.498,-54.419,-44.538,-25.436,-7.6427
-14.481,-21.908,-5.9339,19.645,4.5159,-11.819,-35.675,-34.7,-55.8,-48.068,-28.24,-9.7688
-16.213,-27.187,-8.9794,22.926,4.621,-16.117,-35.839,-35.015,-56.985,-51.128,-30.734,-11.573
-17.718,-32.06,-11.627,25.968,4.6658,-20.013,-36.071,-35.434,-58.008,-53.797,-32.898,-13.072
-18.99,-36.421,-13.885,28.71,4.7086,-23.45,-36.361,-35.932,-58.902,-56.141,-34.717,-14.281
-20.027,-40.209,-15.785,31.103,4.8027,-26.41,-36.693,-36.461,-59.68,-58.182,-36.18,-15.225
-20.846,-43.427,-17.378,33.138,4.979,-28.915,-37.025,-36.95,-60.331,-59.903,-37.283,-15.937
-21.486,-46.123,-18.717,34.85,5.2366,-31.016,-37.28,-37.314,-60.82,-61.275,-38.046,-16.459
-21.999,-48.373,-19.846,36.296,5.5413,-32.769,-37.338,-37.446,-61.101,-62.279,-38.537,-16.855
-22.439,-50.239,-20.776,37.529,5.839,-34.213,-37.051,-37.224,-61.124,-62.924,-38.859,-17.199
-22.84,-51.752,-21.498,38.576,6.0776,-35.362,-36.262,-36.512,-60.839,-63.224,-39.129,-17.574
-23.212,-52.909,-21.987,39.433,6.225,-36.202,-34.847,-35.192,-60.182,-63.167,-39.429,-18.038
-23.531,-53.685,-22.233,40.07,6.2802,-36.719,-32.756,-33.201,-59.061,-62.658,-39.746,-18.6
-23.752,-54.056,-22.247,40.445,6.2758,-36.909,-30.047,-30.568,-57.333,-61.467,-39.919,-19.182
-23.825,-53.99,-22.062,40.515,6.2692,-36.774,-26.899,-27.447,-54.764,-59.135,-39.609,-19.588
-23.697,-53.419,-21.69,40.209,6.3183,-36.283,-23.544,-24.069,-51.013,-54.867,-38.227,-19.463
-23.314,-52.147,-21.065,39.382,6.4539,-35.298,-20.161,-20.643,-45.871,-47.664,-34.898,-18.254
-22.593,-49.772,-19.998,37.768,6.6707,-33.512,-16.853,-17.304,-40.852,-39.243,-28.914,-15.24
-21.448,-45.682,-18.161,34.999,6.9451,-30.444,-13.605,-14.021,-44.932,-51.272,-26.043,-10.174
-20.214,-39.972,-15.143,31.352,7.2615,-25.783,-9.4147,-9.7947,-59.261,-74.071,-56.833,-13.171
-24.073,-41.414,-10.97,33.835,7.6233,-22.679,-0.73528,-1.2433,-50.977,-71.978,-66.386,-53.988
-36.278,-57.969,-8.2049,49.703,8.0301,-32.04,13.998,13.281,-33.681,-65.438,-69.955,-63.185
-39.204,-62.474,-9.8844,54.473,8.411,-38.193,29.605,28.904,-13.208,-53.061,-69.461,-66.414
-38.536,-61.477,-10.593,53.97,8.4348,-37.869,43.09,42.409,10.687,-31.901,-60.981,-63.806
-34.256,-55.736,-7.4442,48.948,6.9137,-34.291,55.218,54.433,39.473,1.9256,-39.542,-51.511
-24.989,-42.768,-0.66382,37.55,5.0347,-26.125,66.972,66.082,76.348,53.378,0.76877,-24.97
-9.068,-18.638,8.207,17.226,7.0561,-10.162,79.815,78.858,126.93,127.99,66.146,20.2
15.068,21.338,19.692,-14.806,10.045,17.682,96.081,95.18,197.96,231.96,161.78,87.54
48.044,80.685,40.892,-60.57,14.065,60.481,117.58,116.78,292.53,368.27,289.6,177.96
89.48,159.5,73.535,-120.37,19.638,118.01,145.04,144.09,407.92,532.5,445.09,289.72
139.63,250.95,111.61,-191.11,26.566,184.1,179.18,177.71,542.54,720.55,621.92,424.08
194.74,340.43,145.98,-262.64,35.231,246.96,221.14,218.99,700.96,933.99,813.18,561.01
245.5,413.82,167.26,-324.57,48.019,294.84,265.86,263.56,838.98,1120.1,982.17,680.81
288.65,459.55,168.97,-369.22,68.11,318.59,298.3,296.59,937.29,1266.6,1116.3,772.34
320.37,471.45,149.55,-391.37,95.925,314.35,306.41,305.56,977.51,1352.8,1199.9,825.76
337.49,450.81,113,-389.97,125.44,285,283.75,283.97,942.97,1362.8,1222.9,836.83
338.04,404.48,67.506,-367.36,149.43,238.39,227.25,228.64,824.54,1286.8,1180.6,806.47
320.9,340.74,22.02,-327.03,163.8,183.41,137.64,140.09,621.58,1120.2,1072.9,738.4
285.41,265.36,-17.235,-271.62,165.53,126.08,20.654,23.656,343.38,865.03,902.21,636.93
232.19,180.79,-48.357,-202.89,154.1,68.355,-113.03,-110.11,11.003,532.94,675.5,506.4
164.61,88.576,-72.911,-123.5,131.83,9.8869,-248.86,-246.65,-343.42,148.5,406.18,352.64
89.118,-7.3588,-93.435,-38.74,102.88,-48.769,-371.87,-370.69,-681.08,-251.35,115.82,184.95
13.857,-99.909,-111.22,43.937,72.01,-104.47,-470.52,-470.25,-965.18,-623.2,-167.86,16.398
-53.535,-181.53,-126.38,117.41,43.437,-153.18,-539.07,-539.23,-1170.1,-928.09,-417.11,-138.35
-107.65,-246.89,-138.44,176.73,20.006,-192.11,-577.64,-577.68,-1286.5,-1140.8,-610.77,-267.03
-145.97,-293.44,-146.1,219.4,3.0057,-219.75,-590.04,-589.57,-1320.9,-1255,-738.59,-362.28
-168.73,-321.41,-147.81,245.41,-7.4362,-235.99,-581.68,-580.5,-1290.7,-1281.2,-801.83,-422.38
-178.34,-332.96,-144.46,256.82,-11.871,-241.79,-558.02,-556.15,-1217.4,-1240.8,-811.36,-450.82
-178.27,-330.54,-137.76,256.43,-11.861,-238.09,-523.66,-521.29,-1120.5,-1158.6,-782.8,-454.17
-171.83,-315.84,-127.38,246.56,-10.167,-225.41,-482.24,-479.69,-1013.8,-1055.7,-731.2,-439.73
-161.21,-290,-112.75,228.72,-9.4484,-204.18,-436.47,-433.9,-905.15,-946.56,-667.86,-413.62
-147.42,-254.32,-94.185,203.97,-9.217,-175.54,-388.61,-386.11,-797.89,-838.56,-599.6,-380.2
-130.74,-211.5,-73.162,173.69,-8.6674,-142.24,-340.89,-338.61,-694.32,-734.71,-530.13,-342.08
-111.34,-167.22,-51.969,141.13,-9.7956,-108.92,-295.63,-293.78,-597.82,-636.09,-461,-300.14
-92.285,-128.78,-33.131,112.55,-10.56,-79.945,-254.17,-252.58,-511.05,-545.49,-394.25,-255.53
-77.912,-99.386,-19.021,91.138,-10.682,-57.415,-215.97,-214.36,-432.5,-465.97,-336.22,-215.6
-67.45,-78.458,-11.584,75.631,-10.216,-41.828,-180.72,-178.85,-360.44,-394.31,-287.65,-184.6
-59.09,-64.99,-11.508,64.413,-9.2122,-33.331,-148.51,-146.32,-295.2,-329.02,-244.15,-158.99
-51.818,-58.578,-16.49,56.838,-7.7508,-32.124,-119.48,-116.94,-239.1,-272.42,-204.92,-136.41
-45.303,-58.853,-21.304,52.788,-5.934,-37.506,-94.581,-91.793,-194.2,-226.43,-171.76,-116.96
-39.635,-63.292,-22.964,51.537,-3.8534,-43.291,-75.303,-72.462,-160.66,-191.21,-145.61,-101.65
-34.756,-64.236,-22.564,50.109,-1.5836,-43.34,-61.961,-59.274,-136.91,-165.57,-125.91,-91.021
-30.229,-60.403,-21.769,46.557,0.77488,-40.706,-53.312,-51.064,-120.67,-147.7,-111.56,-84.471
-26.305,-56.156,-21.414,42.634,3.0511,-38.317,-47.705,-46.222,-109.75,-135.73,-101.48,-79.562
-23.364,-53.016,-21.689,39.414,5.0364,-36.934,-44.66,-44.105,-102.51,-127.94,-94.404,-73.342
-21.209,-51.166,-22.413,37.078,6.5996,-36.546,-43.924,-43.741,-96.844,-122.24,-88.12,-66.14
-19.564,-50.366,-23.306,35.522,7.7768,-36.856,-42.076,-41.821,-88.803,-114.77,-81.279,-59.67
-18.225,-50.208,-24.177,34.506,8.7302,-37.509,-38.992,-38.826,-80.331,-104.54,-75.182,-54.458
-17.041,-50.292,-24.956,33.755,9.634,-38.223,-35.827,-35.841,-74.533,-95.84,-70.558,-50.362
-15.906,-50.337,-25.657,33.053,10.606,-38.842,-33.052,-33.246,-70.669,-89.947,-67.129,-47.154
-14.775,-50.232,-26.328,32.291,11.696,-39.328,-30.847,-31.186,-67.917,-86.042,-64.554,-44.655
-13.669,-49.986,-27.032,31.478,12.881,-39.714,-29.243,-29.678,-65.897,-83.403,-62.616,-42.747
-12.651,-49.685,-27.799,30.702,14.083,-40.051,-28.148,-28.64,-64.41,-81.607,-61.179,-41.345
-11.802,-49.422,-28.577,30.059,15.193,-40.362,-27.402,-27.932,-63.302,-80.357,-60.129,-40.368
-11.178,-49.241,-29.245,29.597,16.095,-40.625,-26.848,-27.408,-62.441,-79.422,-59.356,-39.715
-10.795,-49.123,-29.681,29.295,16.702,-40.792,-26.382,-26.959,-61.719,-78.619,-58.757,-39.271
-10.632,-49.01,-29.821,29.097,16.98,-40.817,-25.941,-26.534,-61.052,-77.818,-58.235,-38.916
-10.634,-48.83,-29.676,28.939,16.956,-40.684,-25.488,-26.106,-60.375,-76.943,-57.708,-38.553
-10.732,-48.548,-29.32,28.777,16.714,-40.397,-24.994,-25.657,-59.642,-75.965,-57.123,-38.129
-10.861,-48.151,-28.859,28.578,16.368,-39.999,-24.424,-25.16,-58.821,-74.884,-56.455,-37.639
-10.969,-47.65,-28.395,28.313,16.018,-39.536,-23.744,-24.571,-57.897,-73.722,-55.716,-37.1
-11.025,-47.034,-27.983,27.949,15.715,-39.05,-22.929,-23.843,-56.872,-72.506,-54.938,-36.54
-11.011,-46.269,-27.624,27.448,15.446,-38.534,-21.973,-22.948,-55.769,-71.261,-54.166,-35.974
-10.911,-45.287,-27.274,26.761,15.152,-37.942,-20.896,-21.891,-54.615,-69.998,-53.43,-35.41
-10.689,-43.996,-26.872,25.833,14.76,-37.196,-19.744,-20.711,-53.436,-68.708,-52.741,-34.85
-10.285,-42.303,-26.361,24.61,14.235,-36.219,-18.585,-19.471,-52.24,-67.356,-52.075,-34.302
-9.6166,-40.158,-25.729,23.059,13.607,-34.983,-17.49,-18.24,-51.017,-65.896,-51.384,-33.775
-8.581,-37.589,-25.025,21.181,12.976,-33.532,-16.504,-17.065,-49.731,-64.279,-50.602,-33.272
-7.0834,-34.706,-24.346,19.029,12.498,-31.967,-15.616,-15.958,-48.338,-62.457,-49.665,-32.792
-5.0742,-31.67,-23.796,16.7,12.349,-30.408,-14.742,-14.885,-46.791,-60.395,-48.529,-32.327
-2.5912,-28.646,-23.438,14.311,12.677,-28.941,-13.762,-13.783,-45.05,-58.072,-47.18,-31.865
0.22514,-25.751,-23.281,11.978,13.539,-27.594,-12.568,-12.585,-43.086,-55.491,-45.632,-31.386
3.1685,-23.045,-23.278,9.796,14.854,-26.331,-11.121,-11.256,-40.884,-52.688,-43.918,-30.86
6.0342,-20.54,-23.347,7.8288,16.417,-25.087,-9.4617,-9.8059,-38.45,-49.734,-42.086,-30.254
8.6728,-18.229,-23.389,6.0996,17.999,-23.809,-7.6979,-8.2879,-35.816,-46.723,-40.184,-29.541
11.012,-16.105,-23.33,4.5912,19.429,-22.499,-5.9609,-6.7853,-33.041,-43.75,-38.255,-28.723
13.05,-14.178,-23.159,3.2631,20.605,-21.22,-4.3631,-5.3891,-30.204,-40.876,-36.333,-27.829
14.818,-12.475,-22.924,2.0809,21.468,-20.072,-2.9703,-4.171,-27.383,-38.108,-34.434,-26.913
16.332,-11.03,-22.685,1.0422,21.976,-19.137,-1.7969,-3.1631,-24.64,-35.398,-32.55,-26.018
17.545,-9.8806,-22.464,0.1843,22.106,-18.444,-0.82103,-2.3535,-21.997,-32.657,-30.649,-25.162
18.341,-9.046,-22.239,-0.42822,21.865,-17.961,-0.0082705,-1.6977,-19.435,-29.793,-28.687,-24.335
18.564,-8.5246,-21.968,-0.7318,21.292,-17.622,0.6707,-1.1385,-16.914,-26.738,-26.624,-23.509
18.081,-8.2851,-21.608,-0.69467,20.449,-17.347,1.2358,-0.62468,-14.395,-23.472,-24.437,-22.656
16.859,-8.2662,-21.141,-0.33839,19.4,-17.067,1.7004,-0.12467,-11.861,-20.036,-22.125,-21.76
15.015,-8.3881,-20.583,0.2603,18.217,-16.741,2.0721,0.36701,-9.316,-16.518,-19.713,-20.814
12.801,-8.5711,-19.982,0.98821,16.987,-16.365,2.354,0.83314,-6.7733,-13.031,-17.243,-19.814
10.523,-8.7504,-19.402,1.7258,15.799,-15.974,2.5516,1.2492,-4.2392,-9.6793,-14.774,-18.756
8.4417,-8.8796,-18.889,2.375,14.711,-15.604,2.6891,1.6091,-1.7086,-6.5375,-12.365,-17.632
6.7218,-8.9236,-18.447,2.8739,13.742,-15.263,2.8224,1.9479,0.83494,-3.6351,-10.066,-16.43
5.4349,-8.854,-18.037,3.1971,12.896,-14.919,3.0362,2.3454,3.4148,-0.95598,-7.8943,-15.133
4.5947,-8.6497,-17.612,3.3421,12.191,-14.516,3.419,2.9008,6.0568,1.5522,-5.825,-13.722
4.203,-8.2985,-17.157,3.3095,11.684,-14.016,4.0286,3.6921,8.7852,3.9626,-3.7988,-12.185
4.2789,-7.7918,-16.71,3.0874,11.442,-13.417,4.87,4.744,11.62,6.3503,-1.7415,-10.521
4.8599,-7.118,-16.348,2.6487,11.521,-12.747,5.8945,6.0196,14.575,8.7744,0.41106,-8.7461
5.9797,-6.261,-16.147,1.9643,11.949,-12.039,7.018,7.4367,17.654,11.268,2.6929,-6.8978
7.6332,-5.2111,-16.137,1.0243,12.719,-11.308,8.1492,8.8969,20.845,13.837,5.1001,-5.0214
9.7451,-3.9811,-16.283,-0.14363,13.758,-10.542,9.2164,10.313,24.129,16.467,7.5973,-3.1566
12.164,-2.617,-16.503,-1.4735,14.935,-9.7298,10.188,11.628,27.479,19.136,10.136,-1.3207
14.697,-1.1919,-16.711,-2.8789,16.094,-8.8779,11.077,12.82,30.882,21.825,12.675,0.49553
17.172,0.2145,-16.868,-4.2823,17.106,-8.0286,11.935,13.899,34.333,24.524,15.198,2.3182
19.486,1.5436,-16.995,-5.6392,17.906,-7.2458,12.829,14.901,37.832,27.224,17.706,4.1734
21.621,2.7773,-17.145,-6.9467,18.497,-6.5803,13.811,15.866,41.371,29.906,20.214,6.074
23.602,3.9372,-17.362,-8.229,18.935,-6.0392,14.893,16.818,44.92,32.54,22.732,8.014
25.442,5.0613,-17.646,-9.5065,19.294,-5.581,16.039,17.758,48.422,35.085,25.262,9.971
27.108,6.1718,-17.954,-10.766,19.633,-5.1373,17.183,18.661,51.803,37.506,27.798,11.913
28.528,7.2518,-18.217,-11.95,19.965,-4.6444,18.252,19.495,54.986,39.783,30.335,13.811
29.638,8.244,-18.367,-12.969,20.257,-4.072,19.19,20.23,57.909,41.916,32.872,15.64
30.407,9.0681,-18.359,-13.734,20.442,-3.4391,19.966,20.853,60.526,43.914,35.413,17.387
30.834,9.6486,-18.179,-14.182,20.47,-2.8079,20.575,21.358,62.802,45.786,37.95,19.043
30.937,9.945,-17.844,-14.298,20.334,-2.2548,21.027,21.743,64.717,47.525,40.45,20.591
30.745,9.9736,-17.395,-14.123,20.07,-1.8264,21.336,21.998,66.254,49.099,42.844,22
30.298,9.812,-16.864,-13.744,19.726,-1.5051,21.518,22.116,67.41,50.457,45.046,23.235
29.64,9.5809,-16.252,-13.267,19.327,-1.2086,21.589,22.09,68.196,51.544,46.98,24.271
28.81,9.4032,-15.529,-12.785,18.874,-0.82847,21.57,21.932,68.637,52.314,48.607,25.111
27.831,9.3598,-14.657,-12.357,18.343,-0.28673,21.485,21.666,68.77,52.751,49.938,25.793
26.713,9.4669,-13.632,-11.997,17.712,0.42658,21.361,21.329,68.632,52.873,51.029,26.389
25.475,9.6895,-12.493,-11.698,16.97,1.2575,21.221,20.968,68.262,52.733,51.955,26.984
24.159,9.976,-11.319,-11.448,16.132,2.1253,21.083,20.629,67.7,52.405,52.794,27.66
22.843,10.292,-10.189,-11.254,15.231,2.9651,20.951,20.348,66.985,51.969,53.606,28.468
21.624,10.635,-9.1486,-11.135,14.312,3.7547,20.82,20.144,66.154,51.49,54.423,29.424
20.596,11.028,-8.1953,-11.122,13.421,4.5144,20.675,20.007,65.24,51.007,55.245,30.516
19.828,11.498,-7.2885,-11.233,12.597,5.2826,20.498,19.905,64.264,50.532,56.047,31.711
19.347,12.053,-6.3862,-11.469,11.881,6.085,20.276,19.8,63.232,50.053,56.794,32.973
19.148,12.676,-5.4748,-11.815,11.31,6.9183,20.008,19.661,62.144,49.551,57.452,34.271
19.201,13.332,-4.5693,-12.241,10.917,7.7575,19.71,19.485,61.008,49.014,58.002,35.583
19.476,13.993,-3.6926,-12.723,10.722,8.5765,19.413,19.288,59.856,48.454,58.443,36.899
19.941,14.646,-2.8526,-13.244,10.727,9.3652,19.152,19.101,58.745,47.91,58.785,38.218
20.578,15.305,-2.0393,-13.802,10.906,10.133,18.962,18.955,57.75,47.437,59.045,39.548
21.381,16.003,-1.2384,-14.416,11.221,10.902,18.873,18.874,56.943,47.089,59.242,40.899
22.35,16.775,-0.44661,-15.113,11.627,11.69,18.904,18.879,56.377,46.902,59.402,42.273
23.477,17.644,0.32394,-15.912,12.078,12.503,19.069,18.988,56.077,46.886,59.556,43.655
24.724,18.597,1.0492,-16.812,12.526,13.322,19.367,19.22,56.034,47.034,59.74,45.019
26.011,19.59,1.6989,-17.777,12.917,14.111,19.784,19.588,56.221,47.328,59.972,46.33
27.238,20.56,2.2453,-18.753,13.208,14.828,20.287,20.084,56.59,47.75,60.246,47.554
28.315,21.451,2.6785,-19.683,13.368,15.447,20.837,20.684,57.086,48.286,60.522,48.661
29.185,22.234,3.0213,-20.518,13.393,15.966,21.397,21.354,57.655,48.924,60.745,49.628
29.832,22.904,3.3357,-21.231,13.293,16.409,21.949,22.06,58.25,49.647,60.857,50.437
30.267,23.477,3.7174,-21.799,13.088,16.815,22.49,22.772,58.834,50.423,60.817,51.071
30.507,23.971,4.2765,-22.208,12.796,17.228,23.027,23.468,59.376,51.207,60.605,51.518
30.553,24.395,5.1045,-22.438,12.424,17.675,23.571,24.13,59.847,51.94,60.214,51.765
30.383,24.741,6.2352,-22.471,11.962,18.159,24.125,24.738,60.214,52.558,59.636,51.796
29.945,24.988,7.619,-22.295,11.381,18.656,24.683,25.279,60.446,53.004,58.852,51.597
29.17,25.11,9.1325,-21.908,10.643,19.125,25.233,25.745,60.52,53.231,57.832,51.147
28.007,25.088,10.623,-21.327,9.7157,19.523,25.76,26.142,60.412,53.211,56.546,50.42
26.449,24.92,11.959,-20.582,8.6135,19.818,26.246,26.482,60.1,52.931,54.97,49.393
24.556,24.613,13.052,-19.716,7.4093,19.992,26.669,26.776,59.558,52.393,53.097,48.045
22.421,24.177,13.862,-18.764,6.1898,20.035,27.013,27.031,58.753,51.594,50.929,46.369
20.136,23.615,14.388,-17.746,4.9885,19.944,27.264,27.244,57.654,50.533,48.476,44.362
17.756,22.925,14.672,-16.655,3.7687,19.724,27.414,27.403,56.231,49.205,45.743,42.023
15.289,22.1,14.795,-15.463,2.4678,19.391,27.462,27.494,54.466,47.617,42.739,39.351
12.711,21.131,14.863,-14.128,1.0549,18.973,27.406,27.503,52.374,45.793,39.48,36.352
10.009,20.014,14.97,-12.615,-0.44038,18.5,27.248,27.416,50.002,43.774,36.006,33.053
7.2262,18.753,15.158,-10.915,-1.9347,17.995,26.991,27.229,47.429,41.606,32.375,29.514
4.4747,17.359,15.398,-9.0535,-3.3153,17.461,26.644,26.943,44.742,39.331,28.662,25.819
1.8932,15.846,15.613,-7.0862,-4.465,16.885,26.221,26.568,42.015,36.979,24.945,22.06
-0.41736,14.23,15.718,-5.081,-5.3041,16.239,25.742,26.121,39.3,34.571,21.29,18.319
-2.4306,12.517,15.656,-3.0925,-5.8445,15.493,25.227,25.622,36.626,32.121,17.74,14.655
-4.1885,10.711,15.419,-1.1494,-6.1985,14.627,24.689,25.095,34.013,29.65,14.318,11.101
-5.772,8.8177,15.041,0.74063,-6.5312,13.642,24.134,24.558,31.474,27.184,11.029,7.6726
-7.2656,6.8614,14.587,2.5746,-6.9915,12.566,23.563,24.022,29.021,24.758,7.8733,4.3796
-8.7222,4.8915,14.129,4.3364,-7.6565,11.449,22.979,23.5,26.664,22.409,4.8499,1.2345
-10.141,2.9867,13.721,5.9885,-8.5064,10.359,22.4,23.007,24.416,20.174,1.9642,-1.7416
-11.471,1.2463,13.391,7.4763,-9.4383,9.3673,21.857,22.566,22.301,18.091,-0.76321,-4.5152
-12.643,-0.23245,13.148,8.7467,-10.318,8.5414,21.392,22.2,20.352,16.197,-3.2914,-7.0403
-13.612,-1.3849,12.999,9.7715,-11.038,7.9277,21.041,21.928,18.622,14.535,-5.5623,-9.2638
-14.376,-2.2029,12.958,10.561,-11.556,7.5408,20.825,21.757,17.167,13.146,-7.5138,-11.138
-14.976,-2.7317,13.04,11.155,-11.896,7.3623,20.748,21.687,16.035,12.059,-9.1,-12.64
-15.457,-3.0404,13.247,11.602,-12.134,7.354,20.792,21.706,15.25,11.279,-10.306,-13.778
-15.85,-3.1884,13.561,11.934,-12.353,7.4728,20.927,21.798,14.802,10.781,-11.152,-14.596
-16.153,-3.2074,13.938,12.155,-12.609,7.6792,21.118,21.943,14.648,10.522,-11.677,-15.152
-16.343,-3.1033,14.315,12.243,-12.907,7.9375,21.337,22.12,14.724,10.456,-11.932,-15.503
-16.381,-2.8713,14.627,12.164,-13.202,8.2162,21.562,22.309,14.957,10.537,-11.964,-15.69
-16.223,-2.5143,14.829,11.898,-13.401,8.4885,21.786,22.491,15.27,10.734,-11.824,-15.734
-15.846,-2.0584,14.898,11.456,-13.399,8.7318,22.006,22.654,15.6,11.034,-11.56,-15.645
-15.264,-1.5552,14.839,10.893,-13.133,8.9286,22.223,22.788,15.9,11.431,-11.215,-15.425
-14.537,-1.0687,14.679,10.289,-12.615,9.0697,22.433,22.885,16.15,11.927,-10.828,-15.072
-13.753,-0.65073,14.468,9.7283,-11.922,9.1631,22.631,22.938,16.348,12.519,-10.423,-14.581
-13.007,-0.31785,14.28,9.2706,-11.168,9.2392,22.81,22.939,16.512,13.197,-10.012,-13.948
-12.38,-0.044812,14.19,8.9356,-10.469,9.346,22.97,22.888,16.673,13.948,-9.5838,-13.169
-11.926,0.22143,14.258,8.7078,-9.9198,9.5318,23.123,22.79,16.865,14.756,-9.1129,-12.244
-11.669,0.53336,14.499,8.5513,-9.5757,9.8236,23.284,22.662,17.119,15.605,-8.5572,-11.184
-11.599,0.91659,14.886,8.4298,-9.4471,10.215,23.462,22.522,17.45,16.478,-7.8702,-10.012
-11.688,1.3603,15.362,8.3195,-9.5122,10.672,23.645,22.385,17.845,17.356,-7.0185,-8.7715
-11.897,1.8269,15.858,8.2126,-9.7358,11.146,23.801,22.258,18.259,18.221,-6,-7.5161
-12.186,2.2714,16.316,8.1125,-10.08,11.593,23.884,22.134,18.614,19.05,-4.8557,-6.3009
-12.523,2.6598,16.694,8.0258,-10.508,11.976,23.849,21.989,18.825,19.815,-3.6656,-5.1753
-12.89,2.98,16.978,7.9531,-10.98,12.282,23.666,21.79,18.818,20.488,-2.5297,-4.1788
-13.269,3.2475,17.188,7.8836,-11.474,12.52,23.328,21.504,18.551,21.038,-1.5389,-3.3367
-13.64,3.5004,17.375,7.798,-12,12.726,22.852,21.115,18.03,21.445,-0.7475,-2.6525
-13.976,3.7855,17.61,7.6792,-12.585,12.956,22.272,20.628,17.303,21.703,-0.15824,-2.1027
-14.257,4.1384,17.969,7.5256,-13.234,13.266,21.635,20.074,16.448,21.819,0.2738,-1.6399
-14.476,4.5676,18.496,7.355,-13.907,13.69,20.982,19.49,15.555,21.81,0.61833,-1.2098
-14.632,5.0514,19.176,7.1954,-14.516,14.224,20.339,18.912,14.698,21.693,0.93874,-0.77517
-14.711,5.5519,19.935,7.0654,-14.966,14.825,19.711,18.354,13.912,21.483,1.2679,-0.33028
-14.685,6.0355,20.674,6.961,-15.198,15.433,19.088,17.814,13.195,21.188,1.6023,0.10312
-14.533,6.4881,21.32,6.8588,-15.217,16,18.461,17.287,12.513,20.815,1.9157,0.49482
-14.274,6.9156,21.842,6.7329,-15.086,16.505,17.83,16.774,11.828,20.375,2.1806,0.82549
-13.97,7.3347,22.259,6.572,-14.916,16.954,17.205,16.288,11.107,19.882,2.3833,1.0955
-13.713,7.7609,22.613,6.3858,-14.834,17.368,16.593,15.842,10.323,19.345,2.5241,1.3204
-13.593,8.2015,22.956,6.1968,-14.952,17.771,15.989,15.436,9.4563,18.77,2.6049,1.5182
-13.672,8.658,23.33,6.0256,-15.339,18.184,15.373,15.047,8.4907,18.155,2.6151,1.6995
-13.957,9.1335,23.759,5.8783,-15.996,18.619,14.716,14.634,7.414,17.491,2.5277,1.8684
-14.403,9.6387,24.249,5.7425,-16.876,19.084,13.992,14.152,6.2257,16.774,2.3087,2.0303
-14.933,10.193,24.792,5.5937,-17.912,19.588,13.19,13.557,4.9434,16.012,1.9363,2.2002
-15.466,10.823,25.38,5.4034,-19.066,20.14,12.321,12.823,3.6101,15.23,1.4224,2.4028
-15.945,11.566,26.023,5.1404,-20.342,20.762,11.418,11.956,2.2965,14.469,0.82494,2.6717
-16.345,12.47,26.769,4.766,-21.784,21.494,10.543,10.999,1.0943,13.786,0.24508,3.0489
-16.665,13.6,27.708,4.2293,-23.481,22.39,9.7719,10.048,0.099533,13.243,-0.19163,3.5868
-16.908,15.024,28.984,3.4695,-25.56,23.515,9.1848,9.2311,-0.61165,12.899,-0.36576,4.3439
-17.075,16.796,30.819,2.4252,-28.131,24.946,8.8414,8.6768,-1.0041,12.799,-0.19897,5.368
-17.147,18.96,33.571,1.0425,-31.174,26.809,8.7622,8.4608,-1.0939,12.953,0.31823,6.6731
-17.095,21.573,37.733,-0.7205,-34.457,29.374,8.9206,8.5782,-0.9413,13.333,1.1212,8.2224
-16.875,24.766,43.669,-2.8911,-37.627,33.152,9.2552,8.9557,-0.62409,13.881,2.0974,9.9339
-16.441,28.778,51.236,-5.4725,-40.454,38.768,9.6971,9.495,-0.20285,14.529,3.1361,11.712
-15.759,33.921,59.92,-8.4348,-42.934,46.5,10.194,10.117,0.30299,15.232,4.1761,13.485
-14.828,40.459,69.268,-11.723,-45.199,55.987,10.716,10.78,0.91494,15.972,5.2272,15.23
-13.675,48.532,78.97,-15.285,-47.388,66.549,11.251,11.467,1.6737,16.763,6.3578,16.972
-12.344,58.145,88.773,-19.094,-49.583,77.603,11.786,12.162,2.6098,17.635,7.6595,18.762
-10.877,69.168,98.457,-23.158,-51.793,88.758,12.299,12.83,3.7188,18.61,9.2093,20.646
-9.3118,81.271,107.82,-27.507,-53.976,99.734,12.751,13.405,4.9497,19.69,11.042,22.65
-7.6731,93.894,116.69,-32.176,-56.062,110.29,13.089,13.811,6.2077,20.847,13.139,24.76
-5.9743,106.38,124.85,-37.187,-57.985,120.22,13.255,13.976,7.3705,22.026,15.434,26.932
-4.2093,118.25,132.16,-42.55,-59.687,129.39,13.187,13.846,8.314,23.154,17.826,29.1
-2.3441,129.32,138.54,-48.286,-61.1,137.78,12.823,13.38,8.9377,24.155,20.208,31.196
-0.3141,139.65,143.99,-54.438,-62.136,145.48,12.091,12.536,9.1819,24.969,22.487,33.164
1.9611,149.33,148.57,-61.047,-62.71,152.55,10.913,11.251,9.0317,25.554,24.592,34.96
4.5435,158.27,152.32,-68.053,-62.776,158.94,9.1846,9.4047,8.5081,25.894,26.478,36.554
7.4378,166.3,155.25,-75.212,-62.364,164.53,6.7432,6.7709,7.6528,25.988,28.116,37.931
10.57,173.18,157.42,-82.102,-61.595,169.17,3.3584,3.0375,6.5163,25.854,29.493,39.09
13.807,178.78,158.93,-88.283,-60.64,172.8,-1.1743,-2.0435,5.1536,25.522,30.622,40.049
17.012,183.17,159.96,-93.486,-59.613,175.51,-6.8591,-8.4474,3.6245,25.039,31.55,40.845
20.099,186.51,160.59,-97.687,-58.507,177.46,-13.398,-15.789,1.9933,24.469,32.359,41.536
23.045,189.04,160.87,-101.05,-57.242,178.78,-20.241,-23.401,0.32337,23.888,33.158,42.188
25.865,190.96,160.75,-103.81,-55.731,179.59,-26.74,-30.512,-1.3359,23.366,34.051,42.866
28.576,192.47,160.21,-106.19,-53.919,179.98,-32.326,-36.438,-2.961,22.949,35.098,43.6
31.166,193.7,159.26,-108.35,-51.782,180.03,-36.655,-40.761,-4.5603,22.632,36.274,44.383
33.589,194.71,157.96,-110.37,-49.331,179.83,-39.666,-43.435,-6.1671,22.363,37.47,45.162
35.775,195.56,156.39,-112.26,-46.636,179.45,-41.541,-44.76,-7.8242,22.049,38.512,45.857
37.641,196.29,154.57,-113.96,-43.846,178.96,-42.59,-45.213,-9.5642,21.588,39.207,46.383
39.113,196.86,152.37,-115.36,-41.14,178.26,-43.112,-45.227,-11.396,20.903,39.399,46.668
40.137,196.86,149.48,-116.19,-38.627,176.93,-43.312,-45.053,-13.296,19.966,39.001,46.66
40.667,195.32,145.53,-115.86,-36.268,174.23,-43.301,-44.771,-15.206,18.798,38.014,46.335
40.625,191.11,140.27,-113.67,-33.87,169.45,-43.126,-44.369,-17.047,17.45,36.512,45.684
39.871,183.51,133.66,-109.14,-31.185,162.2,-42.804,-43.817,-18.732,15.977,34.61,44.704
38.24,172.4,125.77,-102.23,-28.121,152.47,-42.333,-43.102,-20.206,14.418,32.423,43.38
35.635,158.11,116.77,-93.215,-24.927,140.55,-41.7,-42.228,-21.464,12.778,30.042,41.69
32.083,141.33,106.87,-82.551,-22.063,126.95,-40.893,-41.212,-22.555,11.031,27.524,39.616
27.726,122.98,96.318,-70.805,-19.837,112.36,-39.913,-40.075,-23.567,9.1266,24.9,37.156
22.773,104.15,85.428,-58.647,-18.281,97.522,-38.791,-38.846,-24.594,7.0102,22.178,34.334
17.471,85.85,74.592,-46.781,-17.272,83.063,-37.585,-37.558,-25.724,4.6323,19.35,31.198
12.085,68.794,64.19,-35.811,-16.628,69.399,-36.38,-36.259,-27.022,1.9563,16.398,27.801
6.8827,53.363,54.382,-26.143,-16.155,56.668,-35.268,-35.002,-28.532,-1.0429,13.296,24.186
2.1009,39.793,45.113,-17.94,-15.676,44.869,-34.322,-33.846,-30.288,-4.3869,10.019,20.39
-2.0926,28.402,36.561,-11.118,-15.058,34.302,-33.576,-32.841,-32.308,-8.1013,6.5534,16.45
-5.6294,19.449,29.456,-5.388,-14.228,25.785,-33.017,-32.017,-34.586,-12.216,2.9024,12.421
-8.5329,12.566,24.286,-0.38696,-13.174,19.698,-32.599,-31.375,-37.086,-16.748,-0.90357,8.3855
-10.879,6.7503,20.509,4.156,-11.95,15.199,-32.258,-30.878,-39.726,-21.668,-4.809,4.4389
-12.766,1.1332,17.239,8.3716,-10.653,11.14,-31.93,-30.462,-42.385,-26.863,-8.7356,0.6751
-14.3,-4.5679,14,12.291,-9.3894,6.9587,-31.563,-30.055,-44.927,-32.118,-12.585,-2.8336
-15.582,-10.19,10.74,15.881,-8.2423,2.6595,-31.123,-29.604,-47.229,-37.16,-16.24,-6.0432
-16.687,-15.433,7.5727,19.074,-7.2509,-1.5229,-30.594,-29.092,-49.213,-41.73,-19.584,-8.9349
-17.65,-20.081,4.5981,21.813,-6.4148,-5.3793,-29.985,-28.541,-50.856,-45.657,-22.52,-11.51
-18.483,-24.065,1.8444,24.089,-5.7139,-8.8207,-29.321,-28.002,-52.186,-48.884,-25,-13.786
-19.193,-27.444,-0.71155,25.949,-5.1179,-11.858,-28.652,-27.536,-53.265,-51.453,-27.032,-15.791
-19.798,-30.343,-3.1024,27.483,-4.5995,-14.558,-28.037,-27.194,-54.168,-53.461,-28.663,-17.557
-20.326,-32.892,-5.3356,28.795,-4.1402,-16.986,-27.528,-26.998,-54.952,-55.023,-29.961,-19.11
-20.806,-35.19,-7.3791,29.973,-3.7427,-19.184,-27.136,-26.917,-55.643,-56.239,-30.999,-20.475
-21.251,-37.274,-9.174,31.062,-3.4335,-21.147,-26.805,-26.861,-56.225,-57.184,-31.853,-21.679
-21.659,-39.126,-10.663,32.068,-3.232,-22.842,-26.407,-26.681,-56.647,-57.903,-32.603,-22.768
-22.01,-40.706,-11.815,32.966,-3.1314,-24.237,-25.762,-26.191,-56.839,-58.419,-33.33,-23.817
-22.283,-41.971,-12.625,33.725,-3.1003,-25.312,-24.673,-25.195,-56.718,-58.735,-34.098,-24.923
-22.469,-42.91,-13.097,34.332,-3.1109,-26.069,-22.966,-23.519,-56.193,-58.83,-34.935,-26.17
-22.586,-43.553,-13.234,34.817,-3.1631,-26.524,-20.534,-21.059,-55.165,-58.638,-35.792,-27.592
-22.666,-43.964,-13.044,35.23,-3.2767,-26.712,-17.389,-17.852,-53.503,-58.011,-36.52,-29.139
-22.736,-44.192,-12.559,35.599,-3.455,-26.667,-13.697,-14.106,-51.02,-56.651,-36.828,-30.64
-22.775,-44.191,-11.824,35.861,-3.6494,-26.378,-9.7542,-10.149,-47.435,-53.985,-36.227,-31.778
-22.701,-43.701,-10.841,35.801,-3.763,-25.707,-5.8678,-6.2749,-42.403,-49.038,-33.981,-32.065
-22.38,-42.193,-9.4771,35.026,-3.6955,-24.305,-2.2907,-2.7003,-36.095,-40.876,-29.173,-30.832
-21.649,-38.875,-7.4194,33.014,-3.3888,-21.594,0.6944,0.30165,-32.084,-33.92,-22.393,-27.37
-20.497,-33.106,-4.2682,29.428,-2.8401,-16.977,2.7469,2.3658,-44.429,-59.451,-35.278,-23.228
-20.943,-27.728,0.030456,26.716,-2.082,-11.233,4.766,4.4891,-57.157,-73.801,-63.684,-43.458
-31.42,-41.831,4.2439,39.528,-1.152,-13.064,12.449,12.65,-43.874,-70.062,-68.532,-63.115
-37.776,-59.089,5.5683,52.112,-0.10262,-29.567,26.826,27.347,-25.07,-61.885,-70.451,-69.106
-40.257,-62.118,4.3855,54.88,0.85509,-36.087,40.797,41.315,-3.0564,-46.876,-66.129,-71.165
-39.758,-59.862,6.1974,53.321,0.86165,-35.305,53.342,53.751,22.882,-21.809,-50.914,-66.164
-34.47,-51.249,12.112,45.982,-0.96367,-29.657,65.284,65.616,54.633,17.462,-19.317,-50.042
-22.538,-32.614,18.097,30.39,0.31169,-16.818,77.201,77.54,95.565,75.853,34.172,-17.879
-2.4885,0.75164,22.709,3.8653,3.5205,7.1107,90.629,91.113,150.9,158.98,114.17,35.279
26.426,52.507,35.506,-35.562,8.2037,45.087,107.27,108.16,227.26,273.5,223.84,112.65
63.947,123.11,62.583,-88.156,15.513,97.301,128.22,129.53,327.5,422.56,363.48,213.22
109.51,208.62,98.98,-152.52,24.698,159.7,155.01,156.48,448.92,600.86,528.22,333.5
162.83,298.12,134.01,-223.16,34.904,222.54,190.59,192.09,594.37,806.54,718.9,471.59
216.65,378.1,156.62,-289.74,46.85,274.38,235.9,237.5,749.63,1012.2,903.11,602.81
265.14,436.86,160.06,-344.12,62.957,305.89,279.96,281.15,878.48,1188.9,1061.6,713.95
304.91,465.34,142.61,-379.54,85.676,311.29,307.96,308.41,964.72,1317.5,1177.2,793.45
332.34,460.76,107.91,-392.37,114.06,290.7,311.5,311.25,987.91,1378.9,1236.4,833.18
344.67,427.07,63.82,-382.76,142.04,250.16,284.28,283.41,932.28,1359.2,1231.5,830.35
340.12,372.08,19.19,-353.41,163.92,198.5,222.92,221.51,790,1250,1160.2,786.76
317.61,303.04,-19.718,-307.45,175.3,142.93,128.58,126.81,563.25,1049.2,1024.1,706.18
276.97,224.06,-50.762,-247.28,173.42,86.711,8.0356,6.0198,265.46,762.49,827.88,592.85
220.16,136.9,-75.031,-175.2,158.48,29.965,-127.11,-129.23,-78.149,406.56,581.48,451.77
151.77,43.923,-94.899,-94.916,133.4,-27.467,-261.92,-264.04,-432.61,11.411,301.88,290.54
78.022,-49.876,-111.92,-11.919,102.6,-83.608,-381.86,-383.82,-758.78,-382.85,13.063,120.41
5.6249,-137.53,-126.44,67.374,70.658,-134.66,-476.34,-477.87,-1022.5,-733.57,-257.95,-44.776
-59.041,-212.31,-138.2,136.79,41.271,-177.23,-540.63,-541.43,-1202.5,-1006.4,-486.53,-191.23
-110.98,-269.43,-146.34,191.37,17.079,-209.15,-575.45,-575.27,-1294.4,-1183.2,-655.54,-308.25
-147.58,-307.31,-149.62,228.7,-0.26591,-229.79,-584.94,-583.72,-1308.9,-1264,-758.56,-390.3
-168.93,-327.39,-148.26,249.58,-10.235,-239.84,-574.52,-572.42,-1266,-1264.6,-800.33,-437.65
-177.34,-332.41,-143.56,256.69,-13.53,-240.42,-549.44,-546.81,-1187.2,-1208.8,-794.14,-455.63
-176.05,-324.77,-135.71,252.97,-11.914,-232.44,-513.82,-511.11,-1089.9,-1120.8,-755.91,-451.48
-168.1,-306.1,-124.32,240.51,-8.6969,-216.54,-470.85,-468.49,-985.23,-1018.6,-699.26,-432.16
-155.66,-277.42,-108.98,220.54,-7.5354,-193.31,-423.27,-421.56,-878.34,-912.83,-633.61,-402.83
-140,-239.85,-89.868,193.92,-7.1863,-163.81,-373.69,-372.73,-771.61,-808.19,-564.39,-366.98
-121.73,-196.05,-68.389,161.84,-6.3082,-130.75,-324.65,-324.52,-668.2,-706.19,-494.03,-326.87
-100.87,-152.33,-46.923,128.37,-7.45,-98.556,-278.8,-279.28,-573.6,-608.63,-422.46,-283.52
-81.612,-115.8,-28.094,100.65,-8.2367,-71.13,-237.3,-237.86,-489.34,-520.9,-353.43,-239.77
-67.683,-88.667,-14.267,80.709,-8.1638,-50.244,-199.64,-199.91,-412.51,-443.59,-296.6,-203.26
-57.153,-69.983,-7.3203,66.544,-7.2281,-36.407,-165.34,-165.18,-342.02,-373.43,-250.15,-174.67
-48.326,-58.895,-8.0786,56.675,-5.5602,-29.849,-134.3,-133.63,-279.11,-310.77,-209.73,-150.36
-40.716,-55.029,-14.662,50.672,-3.4302,-30.726,-106.82,-105.58,-226.09,-257.57,-175.07,-128.98
-34.504,-57.486,-21.304,48.175,-1.1687,-37.451,-84.159,-82.346,-184.26,-214.86,-147.06,-111.14
-29.776,-61.474,-23.852,47.229,0.95773,-42.284,-67.488,-65.211,-153.33,-182.45,-125.68,-97.935
-26.117,-60.108,-23.563,44.755,2.805,-41.192,-56.513,-54.065,-131.63,-159.13,-110.12,-89.614
-23.311,-55.855,-22.548,41.168,4.3251,-38.262,-49.614,-47.443,-116.92,-143.17,-99.347,-84.897
-21.371,-52.032,-21.797,37.964,5.5232,-35.842,-45.431,-43.913,-107.18,-132.74,-91.914,-80.415
-20.116,-49.481,-21.607,35.642,6.4397,-34.481,-44.148,-43.133,-100.78,-126.04,-84.963,-74.316
-19.321,-48.275,-21.908,34.245,7.1327,-34.153,-43.241,-42.122,-94.888,-120.42,-77.014,-68.156
-18.826,-48.168,-22.488,33.633,7.6391,-34.602,-40.7,-39.361,-86.594,-112.26,-70.068,-63.158
-18.531,-48.797,-23.157,33.601,7.9628,-35.499,-37.832,-36.25,-79.252,-102.58,-64.827,-59.443
-18.376,-49.79,-23.8,33.932,8.1167,-36.561,-35.343,-33.462,-74.414,-94.957,-60.909,-56.796
-18.321,-50.856,-24.366,34.431,8.1565,-37.587,-33.443,-31.254,-71.207,-89.817,-57.996,-55.001
-18.322,-51.806,-24.834,34.934,8.1585,-38.463,-32.122,-29.705,-68.99,-86.402,-55.905,-53.857
-18.33,-52.533,-25.228,35.311,8.1895,-39.146,-31.227,-28.724,-67.419,-84.094,-54.492,-53.168
-18.3,-52.976,-25.603,35.463,8.293,-39.62,-30.539,-28.107,-66.263,-82.474,-53.595,-52.743
-18.196,-53.066,-25.98,35.336,8.4903,-39.864,-29.869,-27.635,-65.335,-81.23,-53.049,-52.411
-17.995,-52.766,-26.305,34.918,8.7842,-39.851,-29.1,-27.129,-64.491,-80.117,-52.71,-52.024
-17.685,-52.104,-26.506,34.248,9.1675,-39.588,-28.201,-26.489,-63.633,-78.952,-52.462,-51.482
-17.262,-51.188,-26.565,33.419,9.6314,-39.141,-27.21,-25.681,-62.701,-77.617,-52.227,-50.737
-16.73,-50.184,-26.529,32.535,10.17,-38.611,-26.182,-24.714,-61.674,-76.05,-51.948,-49.799
-16.095,-49.238,-26.469,31.682,10.776,-38.11,-25.151,-23.623,-60.558,-74.238,-51.595,-48.708
-15.373,-48.447,-26.453,30.915,11.429,-37.733,-24.113,-22.452,-59.378,-72.213,-51.161,-47.518
-14.59,-47.849,-26.517,30.249,12.09,-37.519,-23.033,-21.254,-58.176,-70.047,-50.662,-46.272
-13.777,-47.413,-26.655,29.664,12.701,-37.454,-21.864,-20.086,-56.994,-67.828,-50.133,-44.997
-12.968,-47.055,-26.822,29.109,13.199,-37.47,-20.58,-18.999,-55.861,-65.639,-49.61,-43.706
-12.189,-46.648,-26.943,28.509,13.534,-37.462,-19.195,-18.028,-54.785,-63.528,-49.11,-42.408
-11.451,-46.058,-26.939,27.783,13.682,-37.318,-17.779,-17.18,-53.74,-61.486,-48.626,-41.108
-10.75,-45.174,-26.761,26.863,13.655,-36.951,-16.437,-16.435,-52.672,-59.451,-48.121,-39.816
-10.066,-43.937,-26.41,25.72,13.5,-36.325,-15.266,-15.748,-51.505,-57.325,-47.545,-38.538
-9.3801,-42.36,-25.934,24.38,13.285,-35.46,-14.302,-15.06,-50.158,-55.005,-46.857,-37.288
-8.6791,-40.516,-25.404,22.914,13.081,-34.418,-13.505,-14.308,-48.568,-52.41,-46.046,-36.085
-7.9595,-38.5,-24.885,21.407,12.942,-33.266,-12.774,-13.441,-46.717,-49.52,-45.143,-34.957
-7.223,-36.393,-24.408,19.929,12.894,-32.051,-12.013,-12.452,-44.642,-46.39,-44.214,-33.925
-6.4693,-34.243,-23.972,18.513,12.934,-30.79,-11.183,-11.389,-42.436,-43.157,-43.342,-32.994
-5.6918,-32.087,-23.556,17.17,13.04,-29.494,-10.334,-10.354,-40.221,-40.002,-42.599,-32.155
-4.8765,-29.974,-23.149,15.897,13.184,-28.193,-9.5836,-9.4725,-38.111,-37.098,-42.022,-31.386
-4.0044,-27.977,-22.764,14.689,13.342,-26.95,-9.068,-8.8553,-36.181,-34.551,-41.599,-30.677
-3.0578,-26.163,-22.436,13.542,13.503,-25.841,-8.8737,-8.5585,-34.448,-32.373,-41.285,-30.037
-2.0285,-24.576,-22.196,12.453,13.665,-24.924,-8.9931,-8.5659,-32.873,-30.488,-41.009,-29.493
-0.92778,-23.216,-22.049,11.421,13.834,-24.207,-9.3138,-8.7915,-31.378,-28.771,-40.706,-29.069
0.2096,-22.05,-21.971,10.452,14.021,-23.657,-9.6503,-9.1038,-29.861,-27.083,-40.33,-28.769
1.3293,-21.026,-21.92,9.5561,14.235,-23.209,-9.8061,-9.3581,-28.22,-25.311,-39.867,-28.567
2.3721,-20.085,-21.858,8.7439,14.475,-22.792,-9.64,-9.4272,-26.378,-23.376,-39.324,-28.418
3.2947,-19.172,-21.758,8.0143,14.73,-22.343,-9.1057,-9.2192,-24.294,-21.229,-38.709,-28.267
4.0877,-18.232,-21.612,7.3496,14.985,-21.814,-8.2509,-8.6884,-21.969,-18.853,-38.009,-28.057
4.7801,-17.226,-21.43,6.7165,15.23,-21.181,-7.1802,-7.8415,-19.437,-16.261,-37.186,-27.734
5.4245,-16.141,-21.242,6.078,15.458,-20.458,-6.0003,-6.7392,-16.746,-13.499,-36.19,-27.249
6.0707,-14.993,-21.081,5.4083,15.66,-19.69,-4.774,-5.4819,-13.948,-10.638,-34.972,-26.566
6.7424,-13.823,-20.968,4.7022,15.814,-18.941,-3.501,-4.1768,-11.091,-7.7575,-33.505,-25.666
7.4275,-12.683,-20.902,3.977,15.895,-18.263,-2.1328,-2.8995,-8.2111,-4.9245,-31.784,-24.55
8.0846,-11.623,-20.854,3.2678,15.877,-17.682,-0.61462,-1.6736,-5.3236,-2.1758,-29.82,-23.239
8.6601,-10.695,-20.796,2.6215,15.761,-17.208,1.0686,-0.47934,-2.4277,0.48861,-27.637,-21.76
9.1109,-9.9608,-20.717,2.0902,15.579,-16.855,2.8684,0.72107,0.48845,3.0982,-25.265,-20.145
9.4224,-9.4841,-20.644,1.7195,15.387,-16.661,4.6895,1.9615,3.439,5.6955,-22.734,-18.416
9.6142,-9.3026,-20.622,1.5311,15.249,-16.656,6.4331,3.2635,6.4348,8.3208,-20.069,-16.593
9.7352,-9.3926,-20.683,1.5063,15.218,-16.835,8.037,4.6373,9.4826,11.003,-17.28,-14.685
9.8476,-9.6491,-20.821,1.5814,15.313,-17.12,9.4907,6.0846,12.587,13.757,-14.371,-12.691
10.008,-9.9056,-20.99,1.6643,15.517,-17.379,10.823,7.5963,15.753,16.588,-11.347,-10.599
10.25,-9.9899,-21.123,1.6669,15.779,-17.471,12.074,9.1465,18.991,19.496,-8.2201,-8.3857
10.57,-9.7892,-21.159,1.5357,16.034,-17.3,13.265,10.69,22.311,22.47,-5.0101,-6.0293
10.938,-9.2842,-21.069,1.2624,16.219,-16.852,14.388,12.171,25.714,25.488,-1.7424,-3.5245
11.325,-8.5352,-20.869,0.8707,16.302,-16.188,15.412,13.54,29.186,28.513,1.5596,-0.88977
11.724,-7.6363,-20.614,0.391,16.283,-15.409,16.303,14.766,32.694,31.496,4.8799,1.8376
12.17,-6.673,-20.373,-0.15665,16.2,-14.62,17.041,15.846,36.197,34.38,8.2114,4.6134
12.713,-5.7061,-20.206,-0.76153,16.111,-13.899,17.624,16.794,39.648,37.114,11.552,7.3964
13.391,-4.7741,-20.138,-1.4113,16.072,-13.286,18.069,17.639,43.006,39.671,14.899,10.155
14.199,-3.8986,-20.15,-2.0848,16.108,-12.777,18.399,18.403,46.236,42.047,18.241,12.87
15.093,-3.0828,-20.183,-2.757,16.212,-12.328,18.638,19.102,49.308,44.26,21.557,15.533
16.009,-2.3084,-20.165,-3.4098,16.353,-11.867,18.806,19.739,52.189,46.33,24.82,18.143
16.899,-1.5395,-20.039,-4.0429,16.499,-11.323,18.916,20.305,54.845,48.268,27.994,20.704
17.75,-0.73306,-19.786,-4.6761,16.632,-10.647,18.983,20.789,57.236,50.07,31.039,23.21
18.589,0.14848,-19.43,-5.3443,16.76,-9.8307,19.018,21.18,59.323,51.708,33.92,25.64
19.468,1.1328,-19.026,-6.0869,16.899,-8.8913,19.038,21.483,61.074,53.14,36.619,27.963
20.43,2.2401,-18.618,-6.9362,17.07,-7.846,19.067,21.717,62.473,54.319,39.144,30.154
21.49,3.4844,-18.22,-7.9073,17.277,-6.6886,19.138,21.91,63.531,55.206,41.519,32.202
22.627,4.8664,-17.8,-8.9926,17.507,-5.3947,19.279,22.086,64.272,55.786,43.765,34.125
23.799,6.3606,-17.312,-10.162,17.735,-3.9515,19.505,22.253,64.731,56.076,45.885,35.956
24.956,7.9097,-16.72,-11.367,17.935,-2.3899,19.81,22.396,64.941,56.118,47.861,37.724
26.052,9.4322,-16.027,-12.551,18.087,-0.79457,20.171,22.494,64.929,55.969,49.667,39.44
27.049,10.843,-15.286,-13.658,18.187,0.7161,20.557,22.523,64.718,55.68,51.284,41.092
27.928,12.072,-14.589,-14.644,18.239,2.0278,20.944,22.477,64.33,55.289,52.703,42.649
28.682,13.08,-14.028,-15.484,18.249,3.0639,21.315,22.362,63.784,54.811,53.927,44.076
29.317,13.86,-13.66,-16.169,18.222,3.8039,21.662,22.199,63.099,54.249,54.967,45.353
29.831,14.434,-13.474,-16.701,18.157,4.2877,21.976,22.012,62.286,53.597,55.838,46.47
30.22,14.851,-13.383,-17.092,18.046,4.6117,22.255,21.828,61.35,52.858,56.562,47.43
30.471,15.179,-13.246,-17.356,17.879,4.9111,22.497,21.664,60.295,52.045,57.161,48.247
30.576,15.491,-12.91,-17.518,17.649,5.3267,22.706,21.532,59.134,51.186,57.657,48.938
30.533,15.85,-12.256,-17.604,17.359,5.9607,22.889,21.434,57.897,50.327,58.064,49.528
30.354,16.291,-11.234,-17.65,17.027,6.8387,23.05,21.371,56.639,49.52,58.392,50.046
30.059,16.816,-9.8832,-17.686,16.69,7.905,23.192,21.345,55.437,48.823,58.654,50.517
29.671,17.399,-8.3177,-17.738,16.375,9.0554,23.32,21.372,54.374,48.294,58.872,50.956
29.207,18.002,-6.6737,-17.815,16.078,10.189,23.446,21.477,53.534,47.983,59.082,51.368
28.666,18.598,-5.0422,-17.913,15.754,11.249,23.588,21.696,52.984,47.93,59.323,51.749
28.035,19.177,-3.4347,-18.022,15.329,12.226,23.769,22.054,52.765,48.15,59.625,52.096
27.307,19.75,-1.8055,-18.137,14.735,13.145,24.006,22.553,52.88,48.628,59.994,52.413
26.505,20.337,-0.10561,-18.261,13.943,14.038,24.304,23.172,53.294,49.312,60.41,52.699
25.68,20.96,1.6772,-18.409,12.981,14.928,24.653,23.873,53.947,50.129,60.838,52.95
24.901,21.632,3.5152,-18.596,11.92,15.825,25.04,24.618,54.771,50.994,61.247,53.146
24.225,22.35,5.3664,-18.832,10.856,16.729,25.447,25.378,55.704,51.834,61.61,53.262
23.673,23.104,7.2034,-19.109,9.8651,17.639,25.866,26.142,56.689,52.603,61.908,53.272
23.212,23.871,9.0232,-19.406,8.9824,18.552,26.295,26.908,57.677,53.278,62.12,53.158
22.768,24.625,10.835,-19.68,8.1819,19.461,26.738,27.679,58.621,53.863,62.223,52.918
22.237,25.331,12.639,-19.881,7.3844,20.353,27.2,28.451,59.485,54.369,62.19,52.555
21.505,25.951,14.408,-19.952,6.4792,21.202,27.684,29.209,60.241,54.8,61.991,52.076
20.474,26.445,16.091,-19.844,5.3629,21.975,28.19,29.924,60.865,55.149,61.599,51.48
19.096,26.786,17.626,-19.535,3.9862,22.641,28.707,30.561,61.333,55.388,60.984,50.755
17.399,26.957,18.954,-19.032,2.3938,23.174,29.212,31.083,61.617,55.475,60.123,49.88
15.488,26.949,20.035,-18.365,0.71867,23.556,29.678,31.466,61.688,55.352,58.998,48.831
13.492,26.756,20.856,-17.569,-0.88774,23.78,30.078,31.7,61.515,54.966,57.597,47.583
11.488,26.38,21.435,-16.662,-2.3349,23.85,30.394,31.796,61.066,54.272,55.913,46.103
9.4673,25.83,21.816,-15.646,-3.6164,23.784,30.619,31.77,60.313,53.237,53.934,44.355
7.3715,25.125,22.059,-14.513,-4.7806,23.61,30.751,31.643,59.235,51.848,51.651,42.3
5.1736,24.301,22.214,-13.273,-5.882,23.358,30.792,31.43,57.824,50.101,49.059,39.916
2.927,23.405,22.313,-11.976,-6.9403,23.056,30.744,31.138,56.093,48.011,46.165,37.208
0.7643,22.495,22.356,-10.704,-7.9257,22.726,30.612,30.777,54.075,45.619,43.005,34.223
-1.143,21.628,22.323,-9.5505,-8.7739,22.381,30.4,30.358,51.822,43,39.641,31.036
-2.6409,20.852,22.192,-8.5968,-9.4153,22.032,30.117,29.901,49.395,40.253,36.158,27.749
-3.6389,20.187,21.95,-7.8843,-9.7988,21.681,29.778,29.427,46.861,37.489,32.641,24.474
-4.1321,19.627,21.602,-7.4013,-9.9022,21.326,29.401,28.957,44.284,34.799,29.163,21.311
-4.1979,19.131,21.162,-7.0838,-9.7329,20.953,29.002,28.498,41.713,32.237,25.771,18.335
-3.9742,18.634,20.648,-6.8321,-9.3225,20.542,28.597,28.047,39.183,29.814,22.492,15.584
-3.6195,18.068,20.074,-6.5407,-8.7163,20.069,28.191,27.598,36.72,27.51,19.34,13.048
-3.2633,17.387,19.456,-6.1346,-7.9646,19.522,27.79,27.148,34.347,25.292,16.318,10.688
-2.9694,16.591,18.81,-5.5968,-7.1173,18.907,27.398,26.707,32.085,23.131,13.433,8.4485
-2.7358,15.73,18.157,-4.9725,-6.2232,18.257,27.018,26.289,29.962,21.014,10.698,6.289
-2.5352,14.882,17.514,-4.341,-5.3315,17.612,26.651,25.911,28.006,18.945,8.1387,4.199
-2.3643,14.117,16.89,-3.7708,-4.4948,17.009,26.295,25.576,26.24,16.946,5.7846,2.1977
-2.2641,13.458,16.282,-3.2837,-3.7707,16.457,25.948,25.28,24.678,15.052,3.6644,0.31761
-2.3073,12.876,15.688,-2.8455,-3.2205,15.943,25.604,25.006,23.319,13.299,1.7992,-1.4121
-2.5732,12.302,15.109,-2.3839,-2.9017,15.437,25.26,24.735,22.148,11.72,0.20051,-2.9739
-3.1236,11.66,14.561,-1.8188,-2.8587,14.914,24.911,24.448,21.147,10.345,-1.1272,-4.3591
-3.9819,10.899,14.071,-1.0923,-3.11,14.364,24.551,24.136,20.301,9.1973,-2.1853,-5.5615
-5.121,10.009,13.68,-0.18538,-3.6361,13.799,24.174,23.796,19.599,8.2932,-2.9825,-6.5758
-6.466,9.0141,13.423,0.8836,-4.3758,13.246,23.777,23.432,19.036,7.6416,-3.5378,-7.4002
-7.9138,7.9563,13.324,2.073,-5.2384,12.732,23.356,23.049,18.608,7.2381,-3.8818,-8.0399
-9.3577,6.8704,13.375,3.3326,-6.1256,12.268,22.909,22.648,18.308,7.0599,-4.0585,-8.5074
-10.706,5.7776,13.542,4.6108,-6.9549,11.846,22.433,22.224,18.123,7.0643,-4.1231,-8.822
-11.894,4.6929,13.772,5.8554,-7.6755,11.446,21.928,21.767,18.036,7.1932,-4.1347,-9.0079
-12.879,3.6439,14.016,7.0107,-8.2738,11.06,21.396,21.266,18.025,7.3871,-4.1413,-9.0908
-13.643,2.6864,14.242,8.0162,-8.7664,10.7,20.843,20.723,18.064,7.5996,-4.1636,-9.0897
-14.183,1.9065,14.447,8.808,-9.1839,10.404,20.282,20.148,18.135,7.8076,-4.1857,-9.0103
-14.518,1.4024,14.648,9.3269,-9.5528,10.229,19.731,19.566,18.224,8.0101,-4.161,-8.8453
-14.67,1.2498,14.871,9.5335,-9.8823,10.221,19.203,19.004,18.326,8.2213,-4.0318,-8.5863
-14.662,1.4671,15.128,9.4267,-10.156,10.399,18.699,18.473,18.431,8.4585,-3.755,-8.2371
-14.506,1.999,15.412,9.0525,-10.332,10.739,18.203,17.961,18.516,8.7329,-3.3225,-7.8197
-14.216,2.7329,15.695,8.4962,-10.364,11.181,17.68,17.434,18.545,9.0426,-2.7671,-7.3674
-13.812,3.5405,15.947,7.8552,-10.216,11.656,17.094,16.85,18.475,9.3707,-2.1505,-6.9086
-13.312,4.3251,16.145,7.2051,-9.8862,12.114,16.419,16.177,18.275,9.6882,-1.5412,-6.4515
-12.728,5.0524,16.289,6.5747,-9.4047,12.536,15.649,15.407,17.937,9.9621,-0.99481,-5.9784
-12.064,5.7483,16.395,5.9446,-8.8221,12.937,14.798,14.559,17.467,10.161,-0.54631,-5.4556
-11.328,6.4627,16.481,5.2732,-8.1944,13.34,13.901,13.663,16.87,10.255,-0.21493,-4.8546
-10.543,7.2174,16.547,4.5378,-7.5714,13.749,12.994,12.74,16.135,10.216,-0.012317,-4.1728
-9.7549,7.974,16.566,3.7629,-6.9902,14.128,12.101,11.782,15.241,10.018,0.0547,-3.4418
-9.0241,8.6469,16.492,3.0149,-6.4687,14.416,11.223,10.752,14.164,9.6433,-0.010947,-2.716
-8.3971,9.1496,16.279,2.3673,-5.9964,14.554,10.333,9.5971,12.902,9.0907,-0.19,-2.0515
-7.8821,9.4397,15.897,1.8625,-5.5304,14.517,9.388,8.273,11.471,8.3797,-0.44671,-1.4903
-7.4418,9.5378,15.351,1.4938,-5.0092,14.325,8.3466,6.7643,9.9005,7.5476,-0.73679,-1.0551
-7.0114,9.516,14.68,1.2149,-4.382,14.04,7.1786,5.0883,8.2196,6.6421,-1.0195,-0.754
-6.5349,9.4688,13.962,0.96617,-3.638,13.744,5.8711,3.2853,6.4461,5.712,-1.2684,-0.58618
-5.9926,9.4812,13.302,0.69997,-2.8166,13.524,4.4282,1.4006,4.5871,4.8004,-1.4775,-0.5468
-5.4054,9.611,12.802,0.38875,-1.9948,13.445,2.8687,-0.52779,2.6487,3.9408,-1.6588,-0.6286
-4.8161,9.8894,12.545,0.018392,-1.2593,13.549,1.2243,-2.4689,0.64942,3.1574,-1.8321,-0.81677
-4.2628,10.333,12.571,-0.42474,-0.67959,13.847,-0.46098,-4.3877,-1.3702,2.4678,-2.01,-1.0763
-3.7597,10.957,12.885,-0.96414,-0.29146,14.342,-2.1326,-6.2354,-3.3467,1.8876,-2.1851,-1.3404
-3.2866,11.786,13.466,-1.6383,-0.095749,15.028,-3.7304,-7.9512,-5.2027,1.4349,-2.3246,-1.5141
-2.7889,12.854,14.283,-2.5011,-0.068965,15.908,-5.1963,-9.4734,-6.86,1.1301,-2.3776,-1.4967
-2.1869,14.208,15.306,-3.6165,-0.18196,16.99,-6.4828,-10.754,-8.2555,0.98825,-2.2924,-1.2133
-1.3952,15.891,16.514,-5.0466,-0.41852,18.291,-7.5626,-11.766,-9.3551,1.0099,-2.0353,-0.63992
-0.3493,17.937,17.896,-6.8332,-0.78606,19.828,-8.4317,-12.512,-10.159,1.1761,-1.5997,0.19369
0.96863,20.369,19.453,-8.9795,-1.3163,21.629,-9.0987,-13.01,-10.689,1.4562,-1.0004,1.2211
2.5141,23.225,21.21,-11.446,-2.0568,23.76,-9.5617,-13.275,-10.961,1.8254,-0.25659,2.3699
4.1884,26.605,23.265,-14.165,-3.0513,26.376,-9.7879,-13.292,-10.955,2.2844,0.62405,3.592
5.8771,30.703,25.829,-17.078,-4.3136,29.758,-9.7177,-13.004,-10.606,2.8681,1.652,4.8841
7.4995,35.761,29.249,-20.146,-5.8107,34.274,-9.2972,-12.335,-9.8291,3.6348,2.8469,6.2871
9.0376,41.956,33.916,-23.344,-7.4763,40.232,-8.5235,-11.241,-8.5699,4.6376,4.2196,7.865
10.524,49.325,40.104,-26.651,-9.2526,47.748,-7.4712,-9.7624,-6.8467,5.8955,5.7566,9.6724
12.002,57.829,47.829,-30.059,-11.135,56.727,-6.2798,-8.0215,-4.7621,7.3808,7.4181,11.731
13.493,67.469,56.819,-33.601,-13.196,66.937,-5.1152,-6.1991,-2.4717,9.0298,9.1514,14.022
14.969,78.286,66.622,-37.37,-15.572,78.03,-4.1387,-4.4986,-0.13876,10.764,10.91,16.499
16.365,90.194,76.795,-41.51,-18.405,89.536,-3.4952,-3.1253,2.1004,12.509,12.662,19.104
17.606,102.76,87.012,-46.185,-21.727,100.93,-3.3014,-2.2611,4.1462,14.197,14.392,21.773
18.638,115.27,97.018,-51.496,-25.414,111.77,-3.6263,-2.0293,5.9297,15.767,16.078,24.446
19.449,127.01,106.55,-57.397,-29.274,121.75,-4.4804,-2.4719,7.4013,17.164,17.684,27.054
20.074,137.62,115.39,-63.665,-33.163,130.79,-5.8224,-3.5486,8.523,18.341,19.156,29.524
20.584,147.06,123.4,-69.995,-36.986,138.9,-7.5724,-5.1461,9.2653,19.271,20.431,31.779
21.059,155.39,130.53,-76.106,-40.639,146.18,-9.6391,-7.1202,9.6084,19.946,21.453,33.752
21.573,162.7,136.8,-81.801,-43.995,152.67,-11.995,-9.4199,9.5461,20.383,22.194,35.402
22.17,169.04,142.2,-86.948,-46.929,158.39,-14.782,-12.223,9.0907,20.617,22.663,36.73
22.863,174.48,146.75,-91.461,-49.336,163.34,-18.322,-15.888,8.2772,20.69,22.915,37.787
23.644,179.06,150.46,-95.299,-51.144,167.51,-22.916,-20.694,7.1647,20.647,23.037,38.657
24.499,182.86,153.4,-98.484,-52.322,170.93,-28.585,-26.612,5.8289,20.523,23.129,39.44
25.416,185.96,155.64,-101.09,-52.891,173.65,-34.967,-33.253,4.3455,20.338,23.272,40.218
26.393,188.47,157.25,-103.25,-52.907,175.75,-41.425,-39.977,2.7695,20.098,23.509,41.031
27.428,190.52,158.27,-105.07,-52.449,177.31,-47.258,-46.074,1.1191,19.796,23.837,41.868
28.514,192.2,158.74,-106.7,-51.594,178.41,-51.892,-50.943,-0.62738,19.415,24.211,42.665
29.625,193.58,158.67,-108.2,-50.405,179.1,-55.011,-54.222,-2.5194,18.938,24.557,43.33
30.716,194.7,158.07,-109.59,-48.925,179.4,-56.627,-55.886,-4.6126,18.346,24.788,43.765
31.72,195.54,157.03,-110.8,-47.179,179.35,-57.074,-56.276,-6.9415,17.623,24.82,43.893
32.564,196.06,155.64,-111.69,-45.176,178.99,-56.855,-55.955,-9.4968,16.758,24.579,43.663
33.173,196.03,153.77,-112.01,-42.924,178.14,-56.397,-55.426,-12.212,15.75,24.018,43.058
33.486,195.02,151.03,-111.47,-40.437,176.38,-55.906,-54.939,-14.972,14.609,23.124,42.083
33.455,192.4,146.96,-109.71,-37.721,173.13,-55.401,-54.51,-17.634,13.365,21.918,40.766
33.042,187.57,141.29,-106.4,-34.746,167.92,-54.837,-54.065,-20.072,12.055,20.45,39.147
32.21,180.01,133.98,-101.27,-31.467,160.43,-54.183,-53.535,-22.209,10.717,18.778,37.264
30.916,169.32,125.13,-94.223,-27.92,150.51,-53.446,-52.894,-24.045,9.3625,16.943,35.138
29.113,155.37,114.9,-85.415,-24.28,138.21,-52.659,-52.156,-25.644,7.9714,14.958,32.755
26.77,138.51,103.51,-75.281,-20.787,123.95,-51.859,-51.359,-27.116,6.4859,12.808,30.076
23.899,119.72,91.413,-64.428,-17.607,108.5,-51.079,-50.547,-28.58,4.8249,10.46,27.052
20.567,100.4,79.28,-53.496,-14.788,92.859,-50.341,-49.757,-30.13,2.9038,7.8699,23.646
16.884,81.848,67.837,-43.037,-12.315,77.938,-49.661,-49.018,-31.824,0.65402,4.9972,19.855
12.981,64.902,57.452,-33.434,-10.16,64.237,-49.058,-48.342,-33.678,-1.9612,1.8204,15.723
8.9898,49.872,47.992,-24.867,-8.2973,51.774,-48.538,-47.728,-35.683,-4.9381,-1.6525,11.333
5.04,36.786,39.093,-17.337,-6.6775,40.356,-48.097,-47.161,-37.812,-8.2337,-5.3803,6.8009
1.2542,25.677,30.651,-10.724,-5.2176,30.086,-47.715,-46.624,-40.034,-11.782,-9.2954,2.2582
-2.2686,16.569,23.209,-4.8722,-3.8331,21.557,-47.369,-46.101,-42.318,-15.515,-13.317,-2.1657
-5.4622,9.1961,17.487,0.35539,-2.4836,15.16,-47.036,-45.586,-44.627,-19.382,-17.362,-6.3601
-8.2931,2.9573,13.263,5.0585,-1.1791,10.345,-46.701,-45.085,-46.913,-23.345,-21.344,-10.251
-10.753,-2.7606,9.5835,9.3112,0.050316,6.115,-46.359,-44.612,-49.113,-27.358,-25.176,-13.807
-12.854,-8.3068,5.8056,13.169,1.1718,1.8191,-46.017,-44.185,-51.155,-31.338,-28.763,-17.02
-14.621,-13.753,1.832,16.665,2.1436,-2.6933,-45.683,-43.816,-52.98,-35.163,-32.015,-19.894
-16.088,-19.003,-2.1432,19.811,2.9159,-7.2752,-45.361,-43.503,-54.555,-38.698,-34.859,-22.431
-17.292,-23.9,-5.8413,22.6,3.4507,-11.673,-45.044,-43.231,-55.881,-41.838,-37.25,-24.638
-18.268,-28.293,-9.0195,25.021,3.7488,-15.644,-44.724,-42.982,-56.985,-44.535,-39.179,-26.533
-19.042,-32.071,-11.547,27.064,3.8659,-19.017,-44.402,-42.74,-57.907,-46.798,-40.656,-28.144
-19.634,-35.18,-13.426,28.736,3.906,-21.72,-44.088,-42.493,-58.681,-48.666,-41.709,-29.507
-20.054,-37.617,-14.755,30.054,3.989,-23.766,-43.791,-42.234,-59.323,-50.173,-42.375,-30.658
-20.305,-39.421,-15.666,31.041,4.2058,-25.225,-43.492,-41.945,-59.822,-51.342,-42.709,-31.632
-20.396,-40.653,-16.274,31.729,4.5919,-26.183,-43.137,-41.589,-60.147,-52.188,-42.794,-32.476
-20.345,-41.398,-16.665,32.155,5.1208,-26.728,-42.638,-41.099,-60.252,-52.735,-42.745,-33.245
-20.194,-41.764,-16.894,32.379,5.716,-26.952,-41.884,-40.382,-60.082,-53.013,-42.689,-34.005
-20.01,-41.894,-16.99,32.493,6.2727,-26.974,-40.764,-39.327,-59.575,-53.049,-42.73,-34.817
-19.867,-41.974,-16.986,32.604,6.6873,-26.939,-39.18,-37.825,-58.664,-52.83,-42.913,-35.718
-19.831,-42.173,-16.939,32.816,6.8842,-26.995,-37.065,-35.787,-57.266,-52.273,-43.185,-36.703
-19.93,-42.578,-16.901,33.173,6.8498,-27.221,-34.395,-33.158,-55.262,-51.16,-43.37,-37.7
-20.124,-43.108,-16.894,33.604,6.655,-27.573,-31.203,-29.932,-52.455,-49.071,-43.144,-38.556
-20.299,-43.482,-16.89,33.89,6.4434,-27.856,-27.558,-26.141,-48.536,-45.297,-41.987,-38.993
-20.291,-43.225,-16.793,33.68,6.3779,-27.75,-23.565,-21.904,-43.167,-38.904,-39.126,-38.56
-19.917,-41.697,-16.418,32.523,6.5656,-26.807,-19.397,-17.488,-36.779,-30.102,-33.638,-36.61
-19.066,-38.146,-15.478,29.988,6.9909,-24.477,-15.411,-13.402,-34.378,-29.784,-27.095,-32.558
-18.425,-32.429,-13.578,26.409,7.5134,-20.263,-11.89,-10.021,-49.845,-67.012,-46.219,-29.758
-25.681,-30.568,-10.319,28.357,7.9411,-15.259,-7.1301,-5.5294,-55.957,-72.627,-64.721,-52.571
-37.228,-49.632,-5.8449,46.752,8.0823,-18.524,3.9294,5.2445,-41.005,-67.925,-69.281,-65.558
-40.444,-61.02,-1.7844,54.403,7.6072,-32.029,20.227,21.139,-21.699,-58.272,-70.875,-71.038
-40.381,-62.634,0.59669,55.408,5.907,-36.693,35.406,35.944,0.938,-40.805,-65.803,-72.317
-35.998,-59.144,3.781,51.532,5.0264,-35.535,48.487,48.644,27.766,-11.956,-49.235,-65.967
-25.833,-48.565,9.3399,40.956,7.273,-29.562,60.525,60.392,60.784,32.387,-15.634,-47.845
-8.7064,-27.247,14.573,21.562,10.657,-16.163,72.328,72.145,103.25,96.109,40.293,-13.414
16.12,8.9991,18.354,-8.6626,16.16,8.3231,85.852,85.886,159.87,183.23,122.91,41.623
48.54,63.247,24.5,-51.081,24.091,46.442,103.49,103.94,236.9,299.16,235.38,120.32
88.151,135.97,39.091,-106.07,32.859,98.561,126.28,127.03,337.13,447.2,377.94,222.17
137.4,223.1,68.964,-172.35,41.972,161.28,154.77,155.49,458.29,622.97,545.61,344.7
192.85,312.66,108.62,-242.47,52.685,224.42,190.59,190.9,606.42,834.27,737.82,484.71
244.37,390.83,137.24,-306.74,67.743,275.5,234.57,234.15,760.22,1037,920.03,615.16
289.48,445.52,143.24,-357.3,89.454,304.85,277.47,276.31,886.31,1211,1074.9,723.9
324.77,468.5,127.13,-387.74,115.67,307.31,304.51,302.68,968.65,1335.3,1185.3,799.79
347.15,458.45,93.934,-395.24,142.14,284.15,307.04,304.45,986.92,1390.7,1238.5,835.65
354.15,420.37,51.301,-380.66,165.62,242.04,278.83,275.48,925.64,1363.4,1227.4,829.24
344.15,362.26,7.6391,-347.02,181.54,189.65,216.39,212.45,777.23,1245.3,1149.7,782.4
316.42,291.03,-30.782,-297.46,186.11,133.81,121.08,116.87,544.56,1034.9,1007,698.83
271.46,210.38,-61.619,-234.49,178.32,77.317,0.22359,-3.9291,242.38,739.48,804.66,582.91
211.72,122,-85.864,-160.77,159.89,19.916,-133.89,-137.68,-102.54,377.48,553.38,439.84
141.78,28.559,-105.46,-80.341,133.89,-38.379,-265.98,-269.27,-454.53,-19.666,271.01,277.45
67.809,-64.404,-121.22,1.1853,103.58,-94.574,-381.75,-384.59,-774.9,-411.64,-17.77,107.15
-3.6694,-149.61,-133.4,77.756,71.975,-144.03,-471.24,-473.73,-1030.7,-756.5,-285.67,-56.965
-66.827,-220.81,-141.94,143.94,42.037,-183.68,-530.62,-532.77,-1202.2,-1021.2,-508.38,-201.27
-117.09,-274.35,-145.64,195.64,16.682,-212.42,-561.43,-563.16,-1286.4,-1189,-669.99,-315.79
-152.03,-309.4,-143.7,230.9,-1.8076,-230.36,-568.39,-569.58,-1295.3,-1261.8,-765.64,-395.81
-171.91,-327.45,-138.37,250.47,-12.779,-238.3,-557.03,-557.59,-1249.1,-1256.1,-801.32,-441.87
-179.36,-331.01,-130.87,256.82,-17.283,-237.07,-532.23,-532.25,-1169.1,-1196.1,-790.88,-459.11
-177.89,-322.18,-120.67,252.67,-17.235,-227.2,-497.46,-497.27,-1072.5,-1106.2,-750.44,-454.64
-170.53,-302.4,-107.56,240.01,-15.166,-209.3,-455.74,-455.71,-969.65,-1004,-693.42,-435.39
-159.3,-272.8,-91.85,220.1,-13.913,-184.35,-409.85,-410.2,-864.75,-899.55,-628.71,-406.51
-145.15,-235.02,-74.341,194.04,-13.861,-154.14,-361.99,-362.77,-759.45,-796.28,-560.96,-371.59
-128.42,-192.62,-56.397,163.55,-12.887,-122.41,-313.82,-315.27,-656.76,-694.15,-492.49,-333.59
-109.42,-152.26,-39.814,132.86,-13.472,-93.51,-267.91,-270.06,-562.28,-595.04,-424.58,-294.65
-91.642,-119.28,-26.829,107.61,-14.109,-69.649,-226.51,-228.93,-477.86,-505.42,-360.51,-256.59
-78.354,-94.153,-19.444,88.872,-14.263,-51.248,-189.53,-191.75,-401.14,-426.79,-305.62,-222.8
-68.435,-75.755,-17.563,74.887,-13.746,-38.836,-156.17,-157.87,-331.45,-357.3,-258.74,-194.17
-60.325,-63.861,-18.833,64.448,-12.563,-33.469,-126.1,-127.04,-270.48,-297.41,-217.59,-168.64
-53.273,-58.916,-20.857,57.427,-10.894,-35.298,-99.83,-99.977,-219.96,-247.76,-182.61,-145.23
-47.165,-60.51,-22.403,53.97,-8.9374,-40.939,-78.594,-78.034,-180.31,-208.17,-154.32,-124.44
-42.193,-65.259,-23.231,53.309,-6.8473,-44.897,-63.171,-62.07,-150.8,-177.91,-132.29,-107.42
-38.383,-67.791,-23.611,53.224,-4.7393,-45.674,-53.012,-51.702,-129.84,-155.85,-115.65,-94.989
-35.338,-67.185,-23.885,52.087,-2.7119,-44.952,-46.58,-45.532,-115.49,-140.57,-103.53,-87.2
-32.709,-65.509,-24.238,50.325,-0.84519,-44.024,-42.869,-42.363,-105.91,-130.51,-95.028,-82.31
-30.586,-63.915,-24.695,48.622,0.82705,-43.345,-41.952,-41.815,-99.522,-123.84,-88.076,-76.731
-29.013,-62.721,-25.213,47.229,2.3327,-42.996,-40.232,-40.074,-92.456,-116.42,-80.155,-69.967
-27.841,-61.956,-25.76,46.175,3.7309,-42.951,-36.774,-36.45,-82.651,-104.84,-72.477,-63.902
-26.906,-61.555,-26.323,45.421,5.0582,-43.139,-33.065,-32.607,-75.053,-94.356,-66.419,-59.158
-26.092,-61.42,-26.908,44.897,6.317,-43.484,-29.74,-29.2,-69.963,-87.264,-61.676,-55.53
-25.329,-61.444,-27.513,44.524,7.4909,-43.914,-27.072,-26.536,-66.223,-82.398,-57.802,-52.715
-24.58,-61.523,-28.112,44.22,8.5568,-44.356,-25.148,-24.698,-63.28,-78.803,-54.534,-50.487
-23.827,-61.553,-28.653,43.9,9.483,-44.727,-23.876,-23.549,-60.877,-75.988,-51.728,-48.716
-23.068,-61.417,-29.05,43.491,10.225,-44.93,-23.077,-22.854,-58.849,-73.68,-49.302,-47.307
-22.309,-61.019,-29.212,42.936,10.743,-44.881,-22.547,-22.376,-57.087,-71.703,-47.205,-46.192
-21.562,-60.303,-29.083,42.211,11.018,-44.527,-22.141,-21.959,-55.527,-69.943,-45.401,-45.309
-20.842,-59.286,-28.67,41.314,11.072,-43.868,-21.783,-21.545,-54.147,-68.338,-43.86,-44.605
-20.163,-58.027,-28.045,40.269,10.961,-42.965,-21.451,-21.143,-52.945,-66.859,-42.558,-44.041
-19.54,-56.61,-27.311,39.117,10.759,-41.912,-21.144,-20.786,-51.918,-65.488,-41.466,-43.588
-18.982,-55.121,-26.562,37.904,10.53,-40.811,-20.847,-20.483,-51.038,-64.19,-40.552,-43.218
-18.498,-53.617,-25.86,36.674,10.311,-39.727,-20.528,-20.21,-50.254,-62.9,-39.784,-42.9
-18.09,-52.117,-25.223,35.462,10.108,-38.686,-20.143,-19.924,-49.506,-61.54,-39.132,-42.597
-17.757,-50.615,-24.632,34.299,9.8953,-37.672,-19.653,-19.591,-48.737,-60.043,-38.584,-42.274
-17.492,-49.102,-24.037,33.208,9.6333,-36.651,-19.037,-19.214,-47.921,-58.384,-38.147,-41.922
-17.29,-47.598,-23.381,32.217,9.2813,-35.598,-18.304,-18.827,-47.063,-56.589,-37.837,-41.557
-17.142,-46.157,-22.634,31.349,8.8171,-34.527,-17.494,-18.476,-46.195,-54.736,-37.659,-41.214
-17.039,-44.851,-21.814,30.62,8.2506,-33.483,-16.679,-18.191,-45.35,-52.914,-37.584,-40.923
-16.963,-43.735,-20.977,30.03,7.6269,-32.524,-15.928,-17.967,-44.542,-51.197,-37.545,-40.69
-16.898,-42.828,-20.199,29.563,7.0186,-31.696,-15.286,-17.771,-43.752,-49.6,-37.45,-40.487
-16.82,-42.106,-19.552,29.178,6.508,-31.02,-14.742,-17.547,-42.929,-48.072,-37.203,-40.269
-16.701,-41.498,-19.08,28.812,6.1658,-30.48,-14.237,-17.229,-41.997,-46.509,-36.722,-39.983
-16.509,-40.888,-18.796,28.375,6.0347,-30.025,-13.68,-16.75,-40.865,-44.788,-35.945,-39.576
-16.206,-40.142,-18.682,27.768,6.1203,-29.578,-12.976,-16.055,-39.456,-42.812,-34.83,-39
-15.756,-39.143,-18.715,26.913,6.3924,-29.073,-12.057,-15.116,-37.726,-40.543,-33.367,-38.219
-15.134,-37.852,-18.875,25.782,6.7915,-28.486,-10.908,-13.942,-35.68,-38.021,-31.581,-37.219
-14.322,-36.336,-19.156,24.421,7.2448,-27.863,-9.5781,-12.583,-33.381,-35.352,-29.536,-36.025
-13.318,-34.748,-19.545,22.932,7.6978,-27.293,-8.1627,-11.118,-30.921,-32.665,-27.321,-34.707
-12.135,-33.262,-20.004,21.442,8.1558,-26.856,-6.7621,-9.6293,-28.391,-30.065,-25.034,-33.368
-10.817,-31.998,-20.47,20.066,8.694,-26.574,-5.4443,-8.1791,-25.847,-27.597,-22.757,-32.108
-9.4432,-30.985,-20.879,18.872,9.3954,-26.404,-4.232,-6.7947,-23.297,-25.245,-20.54,-31
-8.0865,-30.169,-21.188,17.872,10.279,-26.262,-3.1178,-5.4748,-20.716,-22.949,-18.39,-30.064
-6.7855,-29.449,-21.377,17.034,11.299,-26.066,-2.0867,-4.2011,-18.071,-20.639,-16.278,-29.277
-5.5477,-28.717,-21.446,16.299,12.384,-25.752,-1.1264,-2.946,-15.348,-18.25,-14.15,-28.572
-4.3758,-27.889,-21.398,15.606,13.444,-25.287,-0.22652,-1.677,-12.569,-15.741,-11.943,-27.863
-3.2898,-26.922,-21.246,14.907,14.382,-24.667,0.62457,-0.369,-9.7739,-13.097,-9.6013,-27.058
-2.3366,-25.812,-20.997,14.184,15.092,-23.917,1.4405,0.98036,-6.9983,-10.324,-7.0978,-26.08
-1.5824,-24.586,-20.648,13.442,15.476,-23.072,2.239,2.3437,-4.2592,-7.4435,-4.4453,-24.885
-1.0899,-23.27,-20.178,12.701,15.459,-22.155,3.0443,3.6784,-1.5493,-4.4951,-1.6955,-23.474
-0.88927,-21.877,-19.549,11.979,15.01,-21.163,3.8863,4.9544,1.1539,-1.5298,1.0784,-21.887
-0.95892,-20.398,-18.734,11.28,14.17,-20.067,4.7927,6.1724,3.8747,1.3965,3.8091,-20.196
-1.2295,-18.828,-17.746,10.596,13.056,-18.848,5.7762,7.3587,6.6262,4.2336,6.4561,-18.484
-1.6073,-17.19,-16.654,9.9217,11.838,-17.526,6.8254,8.543,9.4036,6.9434,9.011,-16.826
-2.0041,-15.557,-15.564,9.2634,10.693,-16.168,7.9055,9.7369,12.189,9.5032,11.493,-15.273
-2.3516,-14.022,-14.579,8.642,9.7551,-14.864,8.969,10.925,14.965,11.908,13.938,-13.844
-2.5964,-12.666,-13.761,8.0791,9.0759,-13.686,9.9702,12.073,17.725,14.17,16.397,-12.524
-2.6915,-11.518,-13.108,7.5824,8.6258,-12.651,10.88,13.141,20.475,16.323,18.92,-11.267
-2.5965,-10.543,-12.563,7.1354,8.3464,-11.724,11.693,14.104,23.236,18.414,21.554,-10.007
-2.2754,-9.6645,-12.063,6.6927,8.1967,-10.848,12.43,14.957,26.033,20.499,24.337,-8.6619
-1.683,-8.7864,-11.594,6.1831,8.1639,-9.9857,13.13,15.713,28.885,22.631,27.296,-7.1465
-0.75145,-7.8201,-11.217,5.518,8.268,-9.1371,13.839,16.405,31.803,24.848,30.453,-5.3828
0.60738,-6.6975,-11.044,4.6108,8.5652,-8.3264,14.599,17.07,34.786,27.163,33.821,-3.3081
2.4769,-5.3815,-11.167,3.4023,9.1305,-7.5763,15.437,17.747,37.829,29.569,37.404,-0.87833
4.8891,-3.8751,-11.609,1.8862,10.018,-6.8907,16.356,18.462,40.924,32.042,41.195,1.9277
7.7736,-2.2288,-12.314,0.12124,11.217,-6.2573,17.333,19.221,44.05,34.553,45.16,5.102
10.941,-0.53141,-13.168,-1.7778,12.645,-5.6586,18.325,20.001,47.171,37.076,49.24,8.599
14.138,1.1135,-14.038,-3.6693,14.169,-5.0825,19.277,20.76,50.219,39.578,53.351,12.335
17.146,2.6149,-14.81,-5.4247,15.655,-4.5306,20.137,21.45,53.109,42.018,57.395,16.198
19.857,3.9128,-15.428,-6.9653,16.997,-4.0249,20.864,22.023,55.745,44.342,61.28,20.079
22.267,4.9852,-15.907,-8.2785,18.145,-3.6079,21.434,22.445,58.049,46.492,64.928,23.891
24.433,5.8467,-16.318,-9.4055,19.103,-3.3248,21.842,22.695,59.969,48.419,68.278,27.575
26.417,6.5432,-16.741,-10.412,19.909,-3.1938,22.099,22.773,61.489,50.096,71.293,31.091
28.237,7.1451,-17.208,-11.361,20.599,-3.1792,22.23,22.699,62.624,51.522,73.953,34.395
29.849,7.7358,-17.682,-12.292,21.192,-3.185,22.273,22.51,63.409,52.712,76.26,37.447
31.176,8.3906,-18.081,-13.22,21.676,-3.0808,22.266,22.253,63.889,53.69,78.227,40.213
32.159,9.155,-18.32,-14.135,22.025,-2.7491,22.237,21.967,64.104,54.479,79.871,42.679
32.801,10.036,-18.357,-15.024,22.218,-2.1286,22.2,21.678,64.083,55.093,81.205,44.851
33.17,11.011,-18.194,-15.878,22.263,-1.2274,22.151,21.397,63.843,55.542,82.24,46.754
33.374,12.047,-17.86,-16.705,22.2,-0.10311,22.078,21.125,63.393,55.831,83,48.417
33.534,13.117,-17.386,-17.521,22.092,1.1687,21.968,20.86,62.742,55.964,83.524,49.861
33.753,14.201,-16.789,-18.34,21.993,2.5178,21.813,20.606,61.905,55.945,83.868,51.101
34.09,15.278,-16.07,-19.165,21.931,3.8857,21.612,20.362,60.905,55.785,84.078,52.141
34.553,16.326,-15.237,-19.985,21.909,5.2206,21.371,20.127,59.773,55.499,84.179,52.986
35.108,17.322,-14.318,-20.784,21.911,6.4752,21.097,19.893,58.539,55.113,84.163,53.646
35.705,18.249,-13.367,-21.555,21.92,7.617,20.801,19.652,57.232,54.648,83.996,54.14
36.306,19.115,-12.441,-22.31,21.916,8.6428,20.491,19.405,55.877,54.123,83.64,54.497
36.893,19.952,-11.565,-23.076,21.879,9.5854,20.183,19.161,54.504,53.557,83.079,54.757
37.466,20.809,-10.716,-23.882,21.791,10.503,19.89,18.942,53.152,52.974,82.334,54.966
38.025,21.733,-9.8413,-24.741,21.64,11.455,19.633,18.772,51.878,52.414,81.462,55.177
38.563,22.746,-8.8843,-25.642,21.43,12.475,19.432,18.678,50.75,51.933,80.544,55.438
39.071,23.837,-7.8075,-26.554,21.176,13.562,19.312,18.684,49.827,51.581,79.658,55.777
39.54,24.964,-6.5921,-27.435,20.899,14.682,19.295,18.813,49.143,51.393,78.862,56.197
39.956,26.072,-5.2293,-28.242,20.606,15.791,19.393,19.073,48.695,51.373,78.179,56.674
40.297,27.102,-3.7219,-28.938,20.295,16.842,19.603,19.452,48.447,51.499,77.587,57.166
40.535,28.006,-2.0952,-29.488,19.952,17.797,19.9,19.918,48.347,51.736,77.031,57.633
40.644,28.753,-0.39906,-29.866,19.564,18.633,20.252,20.432,48.355,52.053,76.437,58.036
40.602,29.331,1.3136,-30.055,19.117,19.342,20.632,20.96,48.455,52.428,75.743,58.353
40.397,29.749,3.0154,-30.051,18.59,19.938,21.03,21.49,48.669,52.851,74.912,58.567
40.017,30.029,4.7105,-29.862,17.964,20.448,21.456,22.031,49.032,53.314,73.943,58.672
39.453,30.194,6.4107,-29.503,17.227,20.9,21.929,22.598,49.579,53.804,72.859,58.672
38.695,30.256,8.1007,-28.992,16.378,21.305,22.469,23.2,50.314,54.3,71.687,58.582
37.723,30.212,9.7278,-28.337,15.43,21.66,23.078,23.829,51.197,54.774,70.451,58.424
36.505,30.046,11.224,-27.542,14.397,21.944,23.738,24.467,52.151,55.182,69.157,58.226
34.991,29.739,12.542,-26.597,13.282,22.137,24.411,25.083,53.063,55.464,67.792,58.003
33.129,29.279,13.682,-25.493,12.071,22.23,25.05,25.649,53.806,55.553,66.321,57.746
30.874,28.668,14.685,-24.222,10.734,22.234,25.613,26.14,54.257,55.385,64.693,57.416
28.213,27.923,15.609,-22.79,9.2362,22.173,26.078,26.539,54.326,54.91,62.845,56.951
25.17,27.066,16.495,-21.219,7.5536,22.067,26.443,26.842,53.974,54.103,60.707,56.28
21.804,26.117,17.354,-19.536,5.6843,21.931,26.729,27.056,53.217,52.965,58.206,55.335
18.198,25.088,18.174,-17.763,3.6521,21.764,26.96,27.196,52.114,51.511,55.271,54.058
14.459,23.983,18.934,-15.911,1.5097,21.562,27.151,27.278,50.735,49.769,51.848,52.397
10.709,22.797,19.608,-13.979,-0.65357,21.309,27.297,27.309,49.144,47.774,47.918,50.315
7.0845,21.516,20.166,-11.971,-2.7097,20.988,27.381,27.286,47.388,45.566,43.517,47.801
3.716,20.129,20.571,-9.9064,-4.518,20.575,27.379,27.2,45.499,43.189,38.741,44.88
0.70874,18.631,20.788,-7.8297,-5.9788,20.046,27.282,27.046,43.509,40.69,33.733,41.614
-1.8777,17.037,20.801,-5.8014,-7.0752,19.389,27.101,26.83,41.448,38.111,28.644,38.093
-4.0293,15.383,20.617,-3.8854,-7.8654,18.609,26.865,26.571,39.344,35.493,23.604,34.418
-5.7679,13.718,20.266,-2.1334,-8.4386,17.733,26.606,26.291,37.215,32.872,18.702,30.678
-7.1403,12.1,19.788,-0.57497,-8.871,16.796,26.346,26.006,35.059,30.278,13.982,26.941
-8.2044,10.571,19.219,0.78193,-9.2007,15.838,26.088,25.721,32.861,27.737,9.452,23.245
-9.0121,9.1593,18.582,1.9431,-9.4204,14.888,25.823,25.426,30.607,25.278,5.0915,19.597
-9.595,7.8794,17.889,2.917,-9.4845,13.966,25.542,25.111,28.298,22.925,0.86578,15.98
-9.9637,6.7492,17.152,3.7073,-9.3339,13.094,25.25,24.779,25.967,20.702,-3.2598,12.372
-10.12,5.7955,16.402,4.314,-8.9321,12.302,24.972,24.451,23.676,18.63,-7.305,8.7666
-10.077,5.0483,15.694,4.7412,-8.2967,11.631,24.744,24.163,21.511,16.734,-11.262,5.1984
-9.874,4.5215,15.1,5.0093,-7.5074,11.12,24.599,23.952,19.561,15.042,-15.093,1.7452
-9.5784,4.1951,14.68,5.1613,-6.69,10.786,24.55,23.846,17.908,13.58,-18.731,-1.4886
-9.2777,4.0136,14.465,5.2582,-5.9815,10.613,24.585,23.855,16.605,12.371,-22.098,-4.4057
-9.0567,3.9012,14.443,5.363,-5.491,10.556,24.671,23.966,15.667,11.417,-25.126,-6.9439
-8.9754,3.7832,14.565,5.5236,-5.2717,10.557,24.765,24.154,15.063,10.706,-27.763,-9.0818
-9.0562,3.6049,14.761,5.7608,-5.3145,10.555,24.832,24.385,14.732,10.215,-29.974,-10.826
-9.2836,3.3441,14.959,6.0651,-5.5664,10.503,24.859,24.624,14.604,9.9235,-31.736,-12.194
-9.6179,3.0145,15.111,6.4053,-5.9585,10.382,24.856,24.848,14.621,9.8217,-33.036,-13.205
-10.018,2.6579,15.208,6.7458,-6.4317,10.206,24.846,25.045,14.751,9.9077,-33.883,-13.88
-10.463,2.3234,15.282,7.0661,-6.953,10.017,24.86,25.212,14.979,10.184,-34.314,-14.25
-10.957,2.0448,15.395,7.3704,-7.5218,9.868,24.91,25.354,15.293,10.649,-34.391,-14.354
-11.519,1.828,15.603,7.6804,-8.1566,9.8011,24.99,25.469,15.669,11.281,-34.193,-14.232
-12.151,1.6571,15.921,8.0147,-8.8623,9.827,25.07,25.55,16.068,12.041,-33.807,-13.93
-12.82,1.514,16.309,8.368,-9.5992,9.9267,25.113,25.58,16.445,12.869,-33.313,-13.491
-13.457,1.4004,16.693,8.7027,-10.282,10.067,25.087,25.543,16.764,13.705,-32.765,-12.962
-13.974,1.347,17.001,8.9569,-10.81,10.221,24.982,25.432,17.011,14.497,-32.184,-12.383
-14.293,1.4038,17.193,9.0668,-11.104,10.387,24.807,25.255,17.195,15.219,-31.556,-11.781
-14.367,1.6157,17.281,8.993,-11.128,10.58,24.582,25.034,17.345,15.874,-30.843,-11.157
-14.196,1.9985,17.316,8.736,-10.899,10.829,24.328,24.792,17.49,16.487,-30.003,-10.491
-13.817,2.5298,17.365,8.3329,-10.478,11.151,24.054,24.552,17.649,17.101,-29.018,-9.7508
-13.294,3.1591,17.48,7.8395,-9.9409,11.548,23.769,24.324,17.82,17.748,-27.902,-8.9111
-12.689,3.8319,17.676,7.3054,-9.3597,12.001,23.479,24.113,17.984,18.434,-26.699,-7.9748
-12.04,4.5138,17.938,6.7546,-8.7799,12.486,23.199,23.915,18.11,19.132,-25.467,-6.976
-11.351,5.2043,18.241,6.1782,-8.2289,12.989,22.946,23.72,18.164,19.788,-24.259,-5.9679
-10.619,5.9333,18.567,5.5454,-7.7321,13.511,22.733,23.521,18.116,20.34,-23.112,-5.0037
-9.8484,6.7417,18.911,4.8243,-7.3245,14.066,22.56,23.306,17.94,20.739,-22.056,-4.1226
-9.0683,7.6596,19.281,3.9999,-7.0482,14.666,22.412,23.072,17.617,20.957,-21.112,-3.3461
-8.3257,8.6936,19.692,3.0798,-6.9383,15.322,22.263,22.816,17.14,20.988,-20.301,-2.682
-7.6697,9.8246,20.153,2.0898,-7.0127,16.034,22.085,22.536,16.508,20.846,-19.634,-2.133
-7.1346,11.013,20.661,1.0648,-7.2652,16.787,21.854,22.229,15.725,20.55,-19.115,-1.7026
-6.7273,12.21,21.199,0.040744,-7.6639,17.558,21.557,21.885,14.794,20.12,-18.737,-1.3971
-6.4223,13.368,21.734,-0.95319,-8.1493,18.313,21.192,21.495,13.727,19.573,-18.489,-1.2216
-6.1688,14.451,22.231,-1.8987,-8.641,19.022,20.768,21.05,12.541,18.922,-18.351,-1.172
-5.9083,15.439,22.663,-2.7858,-9.056,19.663,20.304,20.551,11.272,18.19,-18.295,-1.2265
-5.5996,16.328,23.029,-3.6038,-9.3345,20.23,19.829,20.013,9.9683,17.408,-18.284,-1.3395
-5.2414,17.118,23.352,-4.3333,-9.4602,20.733,19.371,19.468,8.6933,16.615,-18.271,-1.445
-4.8789,17.814,23.676,-4.9469,-9.4643,21.197,18.959,18.956,7.5112,15.855,-18.211,-1.4683
-4.5857,18.432,24.05,-5.4232,-9.4108,21.653,18.617,18.52,6.4759,15.157,-18.067,-1.3439
-4.4262,19.007,24.524,-5.7692,-9.3699,22.146,18.359,18.185,5.6173,14.537,-17.806,-1.0319
-4.4208,19.606,25.141,-6.0371,-9.3952,22.721,18.192,17.954,4.9372,13.995,-17.401,-0.52627
-4.5388,20.321,25.947,-6.3241,-9.5245,23.435,18.12,17.813,4.4163,13.525,-16.825,0.15193
-4.7224,21.257,27.015,-6.7495,-9.8171,24.345,18.144,17.742,4.0304,13.129,-16.055,0.97074
-4.9217,22.504,28.479,-7.4209,-10.416,25.524,18.268,17.727,3.7641,12.823,-15.085,1.9032
-5.113,24.119,30.644,-8.4031,-11.576,27.094,18.492,17.763,3.6159,12.64,-13.936,2.9328
-5.2931,26.154,34.056,-9.7113,-13.556,29.313,18.814,17.856,3.5973,12.615,-12.649,4.0501
-5.4619,28.709,39.198,-11.33,-16.392,32.641,19.229,18.027,3.7285,12.783,-11.273,5.2497
-5.6048,32.005,46.038,-13.244,-19.907,37.615,19.74,18.306,4.0322,13.159,-9.8379,6.5325
-5.6796,36.428,54.225,-15.465,-23.901,44.537,20.35,18.724,4.5227,13.743,-8.3466,7.9098
-5.6127,42.518,63.428,-18.047,-28.243,53.297,21.056,19.302,5.1964,14.512,-6.7846,9.4025
-5.303,50.86,73.341,-21.091,-32.828,63.52,21.833,20.033,6.0286,15.431,-5.1325,11.038
-4.6366,61.788,83.623,-24.768,-37.512,74.73,22.633,20.873,6.9779,16.454,-3.3779,12.846
-3.5138,74.93,93.919,-29.305,-42.076,86.412,23.38,21.74,7.9929,17.537,-1.5177,14.86
-1.883,89.096,103.94,-34.894,-46.249,98.051,23.998,22.523,9.0161,18.638,0.44303,17.11
0.23847,102.88,113.44,-41.511,-49.748,109.19,24.424,23.122,9.9819,19.723,2.4906,19.616
2.7824,115.43,122.18,-48.821,-52.319,119.5,24.631,23.472,10.816,20.762,4.5995,22.369
5.6786,126.6,130,-56.344,-53.799,128.84,24.614,23.552,11.438,21.726,6.7308,25.32
8.8868,136.69,136.9,-63.734,-54.19,137.32,24.381,23.371,11.775,22.593,8.8372,28.375
12.385,146.13,142.96,-70.884,-53.694,145.17,23.929,22.947,11.775,23.339,10.871,31.414
16.129,155.22,148.17,-77.828,-52.663,152.58,23.233,22.275,11.408,23.945,12.787,34.306
20.006,164.02,152.36,-84.593,-51.457,159.51,22.223,21.31,10.671,24.387,14.543,36.948
23.829,172.28,155.36,-91.089,-50.333,165.64,20.777,19.952,9.5814,24.636,16.1,39.28
27.378,179.58,157.31,-97.102,-49.423,170.64,18.729,18.055,8.1683,24.667,17.423,41.291
30.477,185.57,158.58,-102.38,-48.758,174.39,15.908,15.463,6.4775,24.463,18.504,43.019
33.035,190.14,159.42,-106.74,-48.291,177.03,12.219,12.068,4.5719,24.041,19.378,44.53
35.048,193.45,159.96,-110.17,-47.924,178.81,7.7229,7.8876,2.5308,23.453,20.126,45.908
36.579,195.75,160.23,-112.77,-47.543,179.95,2.6597,3.1031,0.44093,22.78,20.864,47.229
37.713,197.27,160.22,-114.68,-47.072,180.61,-2.6143,-1.9634,-1.622,22.111,21.705,48.537
38.522,198.19,159.98,-116.05,-46.49,180.91,-7.7376,-6.9512,-3.6135,21.513,22.716,49.837
39.042,198.67,159.54,-117,-45.817,180.94,-12.433,-11.578,-5.531,21.006,23.892,51.091
39.276,198.78,158.93,-117.59,-45.102,180.71,-16.537,-15.69,-7.4059,20.56,25.151,52.24
39.21,198.63,158.17,-117.84,-44.422,180.3,-19.972,-19.231,-9.2832,20.105,26.351,53.213
38.818,198.29,157.32,-117.73,-43.853,179.73,-22.722,-22.172,-11.2,19.561,27.326,53.945
38.08,197.75,156.43,-117.16,-43.443,179.03,-24.807,-24.488,-13.172,18.866,27.928,54.382
36.977,196.84,155.47,-115.94,-43.176,178.08,-26.282,-26.178,-15.191,17.986,28.057,54.483
35.494,195.22,154.27,-113.79,-42.961,176.63,-27.229,-27.276,-17.233,16.919,27.68,54.217
33.614,192.42,152.54,-110.32,-42.652,174.34,-27.747,-27.851,-19.267,15.672,26.814,53.559
31.305,187.83,149.97,-105.17,-42.102,170.8,-27.94,-27.991,-21.283,14.247,25.508,52.484
28.529,180.72,146.22,-98.116,-41.213,165.51,-27.897,-27.786,-23.294,12.625,23.813,50.966
25.264,170.4,140.93,-89.242,-39.945,157.9,-27.677,-27.318,-25.33,10.77,21.78,48.985
21.532,156.55,133.87,-78.973,-38.315,147.57,-27.307,-26.658,-27.418,8.6385,19.457,46.538
17.423,139.64,125.05,-67.942,-36.409,134.64,-26.789,-25.86,-29.557,6.1947,16.889,43.654
13.083,120.84,114.68,-56.803,-34.38,119.84,-26.125,-24.967,-31.718,3.4232,14.119,40.387
8.7005,101.62,103.25,-46.102,-32.355,104.29,-25.331,-24.015,-33.86,0.32661,11.179,36.803
4.4729,83.24,91.502,-36.227,-30.332,89.059,-24.461,-23.048,-35.951,-3.0865,8.0886,32.95
0.57241,66.418,80.165,-27.401,-28.214,74.813,-23.594,-22.13,-37.99,-6.8191,4.8513,28.845
-2.8858,51.411,69.591,-19.722,-25.899,61.691,-22.814,-21.34,-40.007,-10.896,1.4552,24.49
-5.8473,38.359,59.634,-13.2,-23.354,49.515,-22.175,-20.748,-42.05,-15.351,-2.1128,19.905
-8.3052,27.595,49.907,-7.7548,-20.642,38.317,-21.68,-20.389,-44.161,-20.199,-5.8493,15.164
-10.288,19.403,40.331,-3.2123,-17.886,28.792,-21.282,-20.243,-46.348,-25.399,-9.7207,10.403
-11.852,13.378,31.677,0.66572,-15.204,21.718,-20.916,-20.243,-48.564,-30.821,-13.662,5.7862
-13.077,8.5113,24.949,4.105,-12.671,16.775,-20.526,-20.303,-50.726,-36.258,-17.581,1.465
-14.042,3.9222,20.109,7.2731,-10.337,12.848,-20.1,-20.357,-52.737,-41.465,-21.372,-2.4614
-14.815,-0.82826,16.346,10.282,-8.2426,9.0469,-19.665,-20.375,-54.528,-46.223,-24.927,-5.9523
-15.435,-5.8669,12.946,13.2,-6.3969,4.9528,-19.273,-20.36,-56.067,-50.397,-28.149,-9.0141
-15.918,-11.15,9.4986,16.045,-4.7601,0.4646,-18.968,-20.325,-57.364,-53.951,-30.975,-11.682
-16.275,-16.521,5.7982,18.785,-3.2495,-4.3235,-18.764,-20.282,-58.45,-56.919,-33.38,-14.01
-16.522,-21.74,1.8186,21.344,-1.7748,-9.1687,-18.64,-20.235,-59.361,-59.366,-35.369,-16.055
-16.695,-26.542,-2.2456,23.638,-0.28758,-13.741,-18.551,-20.191,-60.115,-61.355,-36.966,-17.875
-16.853,-30.715,-6.0386,25.611,1.1786,-17.738,-18.441,-20.154,-60.709,-62.929,-38.21,-19.517
-17.068,-34.161,-9.231,27.259,2.5006,-20.994,-18.258,-20.114,-61.124,-64.115,-39.153,-21.011
-17.415,-36.905,-11.669,28.637,3.5245,-23.49,-17.96,-20.026,-61.331,-64.941,-39.868,-22.382
-17.946,-39.05,-13.354,29.832,4.1435,-25.306,-17.504,-19.799,-61.303,-65.439,-40.44,-23.66
-18.666,-40.736,-14.376,30.936,4.3351,-26.567,-16.829,-19.302,-61.014,-65.646,-40.949,-24.894
-19.528,-42.12,-14.878,32.02,4.1531,-27.431,-15.847,-18.393,-60.43,-65.58,-41.449,-26.145
-20.443,-43.355,-15.052,33.127,3.7159,-28.087,-14.464,-16.954,-59.503,-65.213,-41.94,-27.465
-21.311,-44.566,-15.121,34.261,3.1815,-28.712,-12.625,-14.931,-58.157,-64.44,-42.352,-28.856
-22.061,-45.808,-15.26,35.386,2.7046,-29.41,-10.358,-12.359,-56.27,-63.042,-42.511,-30.222
-22.664,-47.003,-15.518,36.414,2.3763,-30.154,-7.7701,-9.3547,-53.642,-60.623,-42.104,-31.333
-23.113,-47.913,-15.768,37.192,2.1835,-30.745,-5.0079,-6.0769,-49.97,-56.502,-40.614,-31.801
-23.398,-48.113,-15.707,37.474,2.0187,-30.807,-2.2074,-2.6817,-44.939,-49.721,-37.262,-31.067
-23.483,-47.005,-14.901,36.919,1.7448,-29.811,0.52594,0.69359,-38.908,-40.56,-31.276,-28.454
-23.365,-43.912,-12.825,35.178,1.2827,-27.152,3.0936,3.9188,-35.95,-41.582,-26.196,-23.862
-23.603,-39.118,-9.0208,32.679,0.67784,-22.619,5.3086,6.8073,-48.125,-70.811,-52.483,-27.758
-28.525,-42.284,-4.3579,36.249,0.11588,-20.84,6.7908,9.0055,-57.162,-73.35,-65.686,-58.585
-40.128,-58.536,-4.4904,51.018,-0.10953,-32.683,7.5674,10.19,-44.374,-68.601,-69.653,-66.768
-44.049,-62.925,-9.4434,56.121,0.31523,-38.084,11.57,12.845,-26.364,-59.195,-70.232,-70.75
-43.22,-62.133,-10.181,55.97,1.5403,-37.589,23.168,22.884,-5.185,-42.481,-63.742,-69.103
-38.422,-56.409,-7.0908,51.187,3.1859,-33.782,36.421,35.968,20.006,-14.948,-45.374,-58.027
-28.829,-43.147,-0.22392,39.942,3.6505,-25.064,48.206,47.712,51.602,28.294,-9.1951,-33.06
-13.243,-18.498,9.707,19.751,3.5188,-8.2221,59.614,58.981,94.462,93.442,51.226,10.306
9.5445,21.689,23.281,-11.898,5.9788,20.463,72.939,72.244,154.86,187.04,141.43,75.59
40.114,80.03,47.335,-56.52,8.5179,63.388,90.283,89.718,236.08,313.08,263.88,163.61
77.933,156.16,83.456,-114.24,11.229,119.85,111.58,111.08,337.41,468.71,415.16,271.4
123.59,244,124.63,-182.7,14.378,184.21,136.72,136.03,455.75,645.07,587.99,398.83
176.24,330.81,161.92,-252.55,19.274,246.44,165.81,164.6,595.69,853.11,780.7,533.59
226.21,404.52,186.37,-314.25,28.834,296.08,198.19,196.26,743.93,1044.7,954.53,654.97
269.79,454.08,190.92,-360.96,45.085,323.73,230.54,227.88,859.06,1202.6,1096,753.04
303.87,472.12,173.16,-387.22,68.418,324.11,253.95,251.05,927.81,1309.2,1189.2,816.88
325.1,457.91,136.63,-390.98,96.534,298.44,256.93,254.42,932.28,1347.4,1223.3,840.25
330.82,416.73,89.683,-373.51,122.11,253.69,232.26,230.3,859.07,1303.9,1193,821.98
319.13,356.58,41.966,-337.77,138.27,198.98,176.78,175.22,702.89,1170.4,1097,764.66
289.09,284.06,0.5222,-286.55,142.2,141.41,91.631,90.271,468.64,945.57,937.4,672.37
241.31,202.68,-32.303,-221.94,133.66,84.061,-15.923,-17.222,172.72,637.48,720.05,549.86
178.71,114.41,-58.147,-146.32,115.18,27.272,-133.43,-134.74,-157.01,266.89,457.18,403.21
106.85,22.597,-79.613,-64.078,91.051,-28.339,-246.3,-247.65,-484.92,-132.25,168.9,241.3
33.154,-67.143,-98.03,18.218,65.683,-80.858,-341.94,-343.21,-774.25,-516.76,-117.99,75.531
-34.753,-148.97,-113.85,93.562,42.562,-128.31,-412.8,-413.71,-996.5,-844.08,-375.46,-81.741
-90.751,-218.26,-127.33,156.57,24.093,-169.27,-457.43,-457.62,-1137.7,-1083.2,-580.52,-219.21
-131.58,-271.5,-137.86,204.04,11.482,-201.82,-479.07,-478.28,-1200,-1222.4,-720.45,-327.92
-157.15,-307.02,-143.38,235.11,4.3037,-224.27,-482.76,-480.92,-1197.2,-1269.6,-794.47,-403.01
-169.64,-325.86,-143.97,251.24,1.1754,-236.63,-473.25,-470.59,-1148.9,-1245.4,-812.27,-444.88
-172.38,-330.51,-142.8,255.14,0.65876,-239.87,-454.26,-451.22,-1074.1,-1174.7,-789.39,-458.78
-168.64,-323.16,-139.83,249.52,0.7881,-234.62,-428.3,-425.31,-986.55,-1079.8,-741.56,-451.9
-160.66,-305.37,-133.36,236.29,0.55635,-221.4,-397.07,-394.36,-893.41,-976.21,-680.93,-430.99
-149.44,-278.45,-122.4,216.65,1.8709,-200.93,-361.77,-359.43,-796.45,-871.83,-614.92,-400.96
-135.41,-244.11,-106.89,191.69,1.3987,-174.55,-323.45,-321.48,-696.14,-769.49,-547.42,-365.18
-118.74,-205.29,-87.835,163,-0.15849,-144.81,-283.6,-281.92,-594.02,-670.16,-480.61,-326.31
-100.1,-166.91,-67.314,134.18,-1.4092,-115.4,-243.25,-241.75,-495.31,-576.4,-417,-286.57
-83.747,-133.58,-47.744,109.81,-2.0451,-89.198,-204.2,-202.75,-408.82,-492.25,-360.81,-248.89
-71.301,-106.46,-31.376,90.801,-2.0757,-67.283,-168.25,-166.54,-335.91,-416.64,-312.21,-216.79
-61.178,-84.968,-20.245,75.773,-1.5853,-50.088,-136.36,-134.24,-274.92,-348.58,-267.5,-189.71
-52.243,-69.167,-15.861,63.944,-0.67644,-38.49,-109.54,-107.02,-224.95,-290.08,-225.67,-165.11
-44.285,-59.882,-17.778,55.473,0.54835,-33.77,-88.437,-85.564,-185.51,-242.13,-189.11,-142.29
-37.552,-57.49,-22.387,50.584,1.999,-36.127,-72.892,-69.731,-155.74,-204.3,-159.64,-122.34
-32.186,-60.094,-25.814,48.497,3.5994,-41.608,-62.059,-58.802,-134.13,-175.54,-136.95,-106.58
-27.94,-62.496,-27.254,47.074,5.2726,-44.522,-54.698,-51.698,-118.87,-154.59,-119.89,-95.435
-24.43,-61.535,-27.624,44.681,6.9215,-44.28,-49.712,-47.357,-108.35,-140.04,-107.41,-88.467
-21.56,-58.753,-27.683,41.616,8.4358,-42.846,-47.031,-45.524,-101.29,-130.42,-98.643,-84.207
-19.349,-55.824,-27.739,38.628,9.7283,-41.374,-46.597,-45.42,-95.167,-124,-92.027,-79.573
-17.688,-53.397,-27.874,36.095,10.769,-40.271,-45.334,-43.999,-85.38,-116.99,-85.052,-73.021
-16.434,-51.681,-28.103,34.162,11.582,-39.645,-43.079,-41.731,-76.226,-106.38,-78.279,-66.428
-15.469,-50.706,-28.433,32.842,12.22,-39.49,-40.893,-39.626,-70.257,-96.752,-73.299,-61.153
-14.707,-50.382,-28.868,32.058,12.737,-39.728,-39.103,-37.942,-66.119,-90.32,-69.887,-57.293
-14.079,-50.523,-29.39,31.671,13.175,-40.229,-37.704,-36.663,-63.053,-86.107,-67.492,-54.571
-13.536,-50.886,-29.944,31.508,13.559,-40.834,-36.587,-35.695,-60.756,-83.196,-65.734,-52.684
-13.05,-51.248,-30.44,31.409,13.891,-41.385,-35.635,-34.935,-59.042,-81.04,-64.356,-51.359
-12.618,-51.436,-30.784,31.259,14.155,-41.745,-34.756,-34.305,-57.755,-79.305,-63.185,-50.361
-12.258,-51.347,-30.902,31.004,14.328,-41.83,-33.896,-33.752,-56.763,-77.775,-62.111,-49.511
-11.998,-50.961,-30.758,30.64,14.388,-41.605,-33.038,-33.246,-55.959,-76.327,-61.077,-48.692
-11.857,-50.303,-30.356,30.195,14.324,-41.091,-32.193,-32.765,-55.246,-74.905,-60.056,-47.854
-11.828,-49.427,-29.741,29.706,14.142,-40.335,-31.376,-32.287,-54.538,-73.486,-59.039,-47.004
-11.88,-48.402,-28.99,29.198,13.863,-39.414,-30.597,-31.786,-53.751,-72.062,-58.014,-46.178
-11.966,-47.298,-28.197,28.677,13.522,-38.422,-29.854,-31.237,-52.828,-70.621,-56.969,-45.408
-12.044,-46.176,-27.447,28.138,13.152,-37.451,-29.13,-30.621,-51.744,-69.144,-55.892,-44.697
-12.093,-45.083,-26.799,27.572,12.775,-36.574,-28.403,-29.923,-50.515,-67.61,-54.765,-44.007
-12.112,-44.045,-26.27,26.973,12.382,-35.826,-27.652,-29.134,-49.181,-65.988,-53.56,-43.278
-12.116,-43.058,-25.835,26.335,11.933,-35.196,-26.864,-28.24,-47.797,-64.242,-52.245,-42.448
-12.115,-42.094,-25.439,25.654,11.382,-34.637,-26.043,-27.234,-46.406,-62.337,-50.777,-41.483
-12.097,-41.108,-25.027,24.919,10.721,-34.084,-25.205,-26.124,-45.033,-60.254,-49.125,-40.397
-12.03,-40.058,-24.566,24.123,10.012,-33.484,-24.382,-24.947,-43.689,-57.993,-47.275,-39.253
-11.871,-38.915,-24.062,23.267,9.3772,-32.805,-23.603,-23.765,-42.37,-55.573,-45.251,-38.153
-11.586,-37.678,-23.544,22.369,8.9448,-32.039,-22.892,-22.653,-41.065,-53.014,-43.114,-37.198
-11.163,-36.354,-23.048,21.457,8.7996,-31.185,-22.26,-21.662,-39.75,-50.331,-40.945,-36.455
-10.611,-34.958,-22.589,20.561,8.9522,-30.238,-21.704,-20.807,-38.39,-47.537,-38.823,-35.938
-9.9569,-33.498,-22.159,19.699,9.3438,-29.19,-21.202,-20.054,-36.94,-44.655,-36.794,-35.603
-9.2358,-31.994,-21.724,18.877,9.8724,-28.044,-20.716,-19.338,-35.354,-41.727,-34.866,-35.367
-8.4844,-30.484,-21.264,18.089,10.426,-26.845,-20.197,-18.58,-33.597,-38.81,-33.018,-35.131
-7.7325,-29.026,-20.8,17.315,10.917,-25.684,-19.595,-17.713,-31.654,-35.954,-31.208,-34.802
-7.0012,-27.679,-20.407,16.535,11.289,-24.676,-18.872,-16.695,-29.524,-33.172,-29.393,-34.326
-6.3048,-26.477,-20.157,15.727,11.515,-23.91,-18.002,-15.515,-27.222,-30.436,-27.535,-33.697
-5.6516,-25.42,-20.068,14.887,11.573,-23.407,-16.966,-14.188,-24.764,-27.68,-25.604,-32.951
-5.0441,-24.483,-20.095,14.028,11.465,-23.115,-15.746,-12.755,-22.163,-24.829,-23.583,-32.142
-4.4812,-23.625,-20.163,13.18,11.226,-22.944,-14.329,-11.273,-19.435,-21.83,-21.474,-31.32
-3.962,-22.813,-20.213,12.38,10.928,-22.799,-12.715,-9.7996,-16.601,-18.668,-19.301,-30.508
-3.4867,-22.015,-20.215,11.657,10.654,-22.6,-10.924,-8.3825,-13.691,-15.383,-17.104,-29.706
-3.0533,-21.202,-20.159,11.023,10.477,-22.291,-9.0005,-7.0436,-10.747,-12.058,-14.929,-28.888
-2.653,-20.347,-20.047,10.47,10.439,-21.834,-7.0101,-5.7801,-7.8114,-8.7954,-12.815,-28.019
-2.2727,-19.433,-19.88,9.9797,10.54,-21.209,-5.0271,-4.5731,-4.9139,-5.6871,-10.794,-27.06
-1.9039,-18.464,-19.644,9.536,10.745,-20.423,-3.1214,-3.3985,-2.0701,-2.7869,-8.8826,-25.977
-1.5528,-17.471,-19.312,9.1303,10.992,-19.514,-1.3445,-2.2334,0.71743,-0.1029,-7.0857,-24.747
-1.2405,-16.508,-18.867,8.7657,11.209,-18.546,0.28145,-1.0553,3.4542,2.3937,-5.3834,-23.356
-0.99176,-15.632,-18.327,8.4502,11.335,-17.6,1.7625,0.15555,6.1502,4.7523,-3.7272,-21.804
-0.81585,-14.887,-17.749,8.188,11.344,-16.749,3.1227,1.4065,8.8179,7.027,-2.0412,-20.106
-0.69557,-14.292,-17.209,7.9713,11.25,-16.054,4.3926,2.6826,11.471,9.2674,-0.23829,-18.291
-0.59024,-13.835,-16.78,7.7764,11.101,-15.541,5.6027,3.9485,14.124,11.518,1.7598,-16.391
-0.45241,-13.461,-16.498,7.5648,10.95,-15.19,6.7818,5.1634,16.798,13.82,4.0071,-14.428
-0.24654,-13.072,-16.337,7.2882,10.828,-14.915,7.953,6.2997,19.515,16.215,6.5284,-12.398
0.042458,-12.536,-16.215,6.8964,10.73,-14.581,9.128,7.3555,22.301,18.742,9.3212,-10.263
0.41612,-11.721,-16.023,6.3476,10.624,-14.028,10.305,8.3543,25.18,21.428,12.36,-7.9692
0.87982,-10.536,-15.672,5.6172,10.48,-13.134,11.472,9.333,28.174,24.288,15.604,-5.4614
1.4599,-8.9802,-15.128,4.7018,10.291,-11.864,12.611,10.326,31.293,27.31,18.997,-2.7131
2.2098,-7.1374,-14.438,3.6157,10.085,-10.293,13.704,11.357,34.523,30.456,22.478,0.26087
3.1996,-5.1485,-13.714,2.3813,9.9158,-8.5802,14.742,12.434,37.817,33.657,25.98,3.4053
4.4933,-3.1542,-13.091,1.0217,9.8461,-6.9106,15.721,13.558,41.107,36.822,29.445,6.6391
6.1199,-1.254,-12.664,-0.43836,9.9281,-5.4203,16.642,14.719,44.315,39.866,32.818,9.8736
8.051,0.5048,-12.443,-1.9649,10.196,-4.159,17.5,15.894,47.376,42.732,36.062,13.027
10.202,2.1166,-12.346,-3.5099,10.659,-3.0934,18.29,17.046,50.249,45.403,39.158,16.037
12.458,3.599,-12.245,-5.0163,11.298,-2.1397,19.001,18.13,52.917,47.902,42.108,18.864
14.709,4.9772,-12.022,-6.4335,12.058,-1.2082,19.627,19.107,55.381,50.272,44.937,21.506
16.869,6.2745,-11.618,-7.7333,12.866,-0.2391,20.164,19.944,57.65,52.55,47.679,23.989
18.894,7.5107,-11.056,-8.9187,13.664,0.78109,20.617,20.631,59.736,54.753,50.361,26.358
20.78,8.7027,-10.427,-10.021,14.422,1.826,20.997,21.174,61.639,56.874,52.981,28.657
22.551,9.8665,-9.8499,-11.088,15.121,2.8523,21.32,21.592,63.349,58.881,55.507,30.911
24.222,11.016,-9.4207,-12.159,15.733,3.8262,21.609,21.918,64.843,60.727,57.884,33.121
25.76,12.159,-9.165,-13.248,16.211,4.7402,21.882,22.19,66.095,62.357,60.056,35.279
27.077,13.283,-9.028,-14.331,16.494,5.6079,22.152,22.448,67.079,63.716,61.977,37.378
28.076,14.352,-8.9083,-15.349,16.535,6.4412,22.412,22.716,67.772,64.757,63.618,39.406
28.708,15.311,-8.7188,-16.231,16.332,7.2282,22.634,22.994,68.152,65.444,64.959,41.345
29.001,16.098,-8.4316,-16.914,15.941,7.9299,22.777,23.256,68.199,65.756,65.991,43.153
29.041,16.672,-8.0826,-17.373,15.462,8.4988,22.8,23.457,67.901,65.691,66.714,44.781
28.942,17.026,-7.7413,-17.621,15.011,8.9068,22.678,23.546,67.256,65.269,67.147,46.187
28.812,17.203,-7.4681,-17.717,14.685,9.1638,22.411,23.488,66.281,64.529,67.321,47.356
28.733,17.275,-7.281,-17.741,14.541,9.3217,22.019,23.264,65.008,63.525,67.281,48.309
28.752,17.335,-7.144,-17.778,14.576,9.4629,21.54,22.881,63.48,62.322,67.073,49.099
28.877,17.465,-6.9776,-17.894,14.743,9.6768,21.013,22.362,61.749,60.987,66.744,49.788
29.091,17.721,-6.6821,-18.125,14.965,10.035,20.473,21.743,59.868,59.581,66.336,50.435
29.371,18.126,-6.1623,-18.477,15.167,10.576,19.942,21.071,57.883,58.144,65.891,51.08
29.702,18.68,-5.3533,-18.935,15.291,11.299,19.437,20.39,55.837,56.695,65.443,51.743
30.078,19.363,-4.2439,-19.473,15.31,12.17,18.965,19.743,53.765,55.239,65.019,52.425
30.509,20.144,-2.8887,-20.062,15.233,13.131,18.534,19.16,51.701,53.773,64.629,53.117
31.006,20.99,-1.397,-20.678,15.1,14.117,18.149,18.655,49.679,52.306,64.274,53.802
31.569,21.864,0.11079,-21.299,14.965,15.073,17.819,18.23,47.742,50.86,63.946,54.465
32.155,22.735,1.5588,-21.902,14.854,15.966,17.547,17.88,45.938,49.467,63.632,55.088
32.684,23.577,2.944,-22.46,14.741,16.789,17.333,17.599,44.316,48.163,63.315,55.662
33.052,24.371,4.3164,-22.939,14.556,17.553,17.162,17.38,42.913,46.975,62.973,56.182
33.173,25.102,5.7309,-23.313,14.214,18.274,17.013,17.213,41.748,45.925,62.581,56.649
33.005,25.761,7.2067,-23.566,13.648,18.961,16.857,17.082,40.817,45.02,62.114,57.061
32.558,26.342,8.7175,-23.699,12.844,19.615,16.673,16.97,40.102,44.263,61.56,57.411
31.893,26.853,10.212,-23.736,11.846,20.237,16.449,16.865,39.58,43.645,60.924,57.688
31.096,27.308,11.642,-23.709,10.743,20.825,16.194,16.763,39.229,43.148,60.23,57.874
30.252,27.721,12.978,-23.651,9.6458,21.384,15.932,16.674,39.024,42.739,59.502,57.954
29.423,28.092,14.21,-23.573,8.6524,21.912,15.7,16.615,38.932,42.379,58.759,57.912
28.626,28.406,15.332,-23.464,7.8228,22.397,15.542,16.609,38.915,42.028,58.003,57.735
27.841,28.633,16.334,-23.29,7.1669,22.817,15.497,16.679,38.939,41.651,57.214,57.41
27.026,28.742,17.202,-23.017,6.6481,23.149,15.586,16.84,38.974,41.226,56.354,56.919
26.137,28.713,17.929,-22.624,6.1992,23.378,15.805,17.092,38.993,40.734,55.373,56.242
25.145,28.552,18.515,-22.123,5.7496,23.506,16.12,17.415,38.965,40.158,54.224,55.358
24.067,28.283,18.964,-21.547,5.2561,23.545,16.482,17.77,38.851,39.483,52.867,54.248
22.963,27.937,19.271,-20.944,4.7253,23.506,16.834,18.108,38.609,38.689,51.278,52.903
21.91,27.532,19.429,-20.347,4.2086,23.394,17.131,18.386,38.201,37.755,49.433,51.309
20.953,27.071,19.439,-19.756,3.7628,23.205,17.346,18.579,37.596,36.663,47.307,49.449
20.062,26.538,19.32,-19.14,3.4066,22.934,17.477,18.689,36.772,35.399,44.873,47.293
19.144,25.913,19.106,-18.444,3.109,22.583,17.539,18.733,35.717,33.956,42.112,44.805
18.087,25.176,18.84,-17.616,2.8129,22.16,17.554,18.731,34.434,32.337,39.035,41.953
16.809,24.317,18.559,-16.627,2.4683,21.678,17.55,18.693,32.94,30.553,35.689,38.727
15.285,23.336,18.286,-15.477,2.0491,21.149,17.544,18.617,31.265,28.623,32.151,35.147
13.547,22.247,18.026,-14.188,1.5511,20.584,17.545,18.491,29.449,26.572,28.505,31.276
11.656,21.065,17.779,-12.796,0.97897,19.988,17.547,18.302,27.533,24.43,24.823,27.21
9.6717,19.808,17.536,-11.335,0.33949,19.363,17.54,18.043,25.563,22.228,21.16,23.08
7.644,18.479,17.277,-9.8256,-0.35329,18.696,17.516,17.72,23.581,20.005,17.555,19.028
5.609,17.068,16.963,-8.2734,-1.0676,17.961,17.472,17.356,21.635,17.802,14.051,15.2
3.5988,15.549,16.541,-6.6752,-1.7519,17.12,17.417,16.989,19.768,15.666,10.692,11.713
1.6466,13.895,15.955,-5.0295,-2.3489,16.137,17.366,16.665,18.025,13.647,7.5288,8.645
-0.21392,12.095,15.175,-3.3457,-2.82,14.991,17.341,16.432,16.441,11.786,4.6103,6.0191
-1.9524,10.168,14.221,-1.6449,-3.1622,13.693,17.358,16.326,15.038,10.11,1.9746,3.8043
-3.5485,8.1562,13.166,0.048096,-3.4058,12.29,17.424,16.355,13.823,8.6196,-0.35648,1.9321
-4.9971,6.1091,12.118,1.7174,-3.5943,10.844,17.535,16.5,12.792,7.298,-2.3824,0.3205
-6.3094,4.0583,11.169,3.3644,-3.7627,9.4097,17.674,16.72,11.936,6.1142,-4.124,-1.1044
-7.509,2.0055,10.367,5.0061,-3.9292,8.0155,17.822,16.977,11.25,5.0377,-5.6189,-2.3981
-8.6232,-0.067426,9.7122,6.6633,-4.1004,6.6644,17.964,17.245,10.729,4.051,-6.9096,-3.5965
-9.6739,-2.1722,9.1809,8.3445,-4.2786,5.3518,18.09,17.512,10.373,3.1601,-8.0275,-4.7165
-10.671,-4.2862,8.7473,10.03,-4.4639,4.0858,18.197,17.777,10.182,2.3967,-8.9794,-5.7569
-11.61,-6.3369,8.3961,11.665,-4.6559,2.8973,18.288,18.04,10.163,1.8107,-9.745,-6.7008
-12.479,-8.2104,8.1255,13.167,-4.86,1.8373,18.373,18.299,10.327,1.454,-10.288,-7.5242
-13.27,-9.7809,7.9503,14.45,-5.0954,0.96749,18.468,18.554,10.682,1.3671,-10.574,-8.2054
-13.981,-10.947,7.9023,15.451,-5.3953,0.34818,18.593,18.805,11.228,1.5709,-10.583,-8.7316
-14.626,-11.652,8.0237,16.144,-5.7968,0.028162,18.762,19.059,11.953,2.0655,-10.312,-9.0968
-15.212,-11.883,8.3506,16.53,-6.3238,0.038477,18.986,19.328,12.837,2.8299,-9.7765,-9.2948
-15.73,-11.652,8.8934,16.622,-6.9692,0.38708,19.262,19.622,13.847,3.824,-9.0045,-9.3155
-16.147,-10.992,9.6265,16.431,-7.6843,1.0526,19.578,19.946,14.941,4.9901,-8.04,-9.1494
-16.408,-9.9551,10.493,15.969,-8.3861,1.9809,19.914,20.291,16.069,6.2569,-6.9414,-8.7976
-16.457,-8.6181,11.421,15.259,-8.9818,3.0923,20.242,20.634,17.17,7.5469,-5.7783,-8.2839
-16.25,-7.0754,12.354,14.341,-9.3976,4.2994,20.53,20.937,18.187,8.7885,-4.6227,-7.6577
-15.764,-5.4213,13.257,13.27,-9.5976,5.5301,20.742,21.158,19.072,9.9318,-3.5372,-6.9874
-15.007,-3.7261,14.13,12.096,-9.5822,6.746,20.846,21.255,19.793,10.962,-2.5636,-6.3452
-14.005,-2.0148,14.988,10.849,-9.3735,7.9482,20.826,21.206,20.339,11.901,-1.7151,-5.7885
-12.789,-0.26539,15.843,9.5192,-8.9986,9.1652,20.689,21.01,20.724,12.799,-0.97363,-5.3466
-11.384,1.5683,16.69,8.0709,-8.4792,10.426,20.463,20.691,20.982,13.712,-0.2924,-5.0154
-9.8013,3.5208,17.498,6.462,-7.824,11.736,20.188,20.287,21.155,14.679,0.39373,-4.763
-8.0575,5.5893,18.225,4.6749,-7.0303,13.07,19.904,19.838,21.288,15.711,1.151,-4.5427
-6.1873,7.7262,18.839,2.735,-6.0982,14.384,19.642,19.38,21.416,16.789,2.0247,-4.31
-4.2566,9.8485,19.325,0.7146,-5.0517,15.627,19.417,18.937,21.552,17.867,3.0196,-4.0404
-2.3604,11.857,19.693,-1.2793,-3.9491,16.755,19.224,18.523,21.68,18.887,4.095,-3.7403
-0.60532,13.662,19.967,-3.1295,-2.8767,17.735,19.037,18.134,21.758,19.789,5.1773,-3.4451
0.91572,15.194,20.18,-4.7352,-1.9293,18.552,18.815,17.752,21.722,20.531,6.1862,-3.2053
2.1423,16.422,20.363,-6.0309,-1.1866,19.206,18.51,17.352,21.508,21.095,7.0596,-3.0681
3.0483,17.341,20.54,-6.9885,-0.69399,19.708,18.086,16.903,21.069,21.487,7.7654,-3.0619
3.6292,17.964,20.726,-7.6074,-0.45837,20.076,17.533,16.382,20.394,21.729,8.3001,-3.1917
3.8883,18.319,20.932,-7.904,-0.46103,20.331,16.867,15.777,19.519,21.855,8.6793,-3.4422
3.8303,18.449,21.172,-7.9103,-0.6788,20.502,16.126,15.092,18.511,21.899,8.9284,-3.7878
3.4651,18.423,21.465,-7.6818,-1.0997,20.634,15.358,14.349,17.452,21.89,9.0739,-4.2026
2.8191,18.338,21.844,-7.3065,-1.725,20.791,14.611,13.587,16.411,21.848,9.1374,-4.6674
1.9444,18.32,22.348,-6.9023,-2.5599,21.049,13.918,12.848,15.438,21.788,9.1334,-5.1687
0.92064,18.498,23.019,-6.6009,-3.5983,21.485,13.302,12.168,14.553,21.718,9.0753,-5.6906
-0.15564,18.975,23.887,-6.5209,-4.8184,22.157,12.768,11.564,13.76,21.644,8.9842,-6.2031
-1.1927,19.804,24.982,-6.7409,-6.1933,23.087,12.313,11.04,13.047,21.569,8.8951,-6.6551
-2.1293,20.984,26.36,-7.2818,-7.709,24.281,11.928,10.59,12.402,21.496,8.8495,-6.9781
-2.9508,22.481,28.158,-8.1072,-9.3797,25.764,11.613,10.218,11.819,21.428,8.8785,-7.0997
-3.6839,24.275,30.683,-9.1429,-11.272,27.648,11.383,9.9544,11.305,21.37,8.9848,-6.9638
-4.3683,26.394,34.474,-10.309,-13.543,30.197,11.27,9.8484,10.883,21.329,9.1391,-6.5461
-5.0188,28.934,40.101,-11.55,-16.412,33.847,11.319,9.9552,10.586,21.323,9.2974,-5.8564
-5.6033,32.051,47.628,-12.865,-19.928,39.082,11.564,10.307,10.457,21.387,9.4328,-4.9266
-6.0532,35.972,56.553,-14.314,-23.806,46.2,12.014,10.89,10.533,21.57,9.5632,-3.7923
-6.295,41.014,66.324,-16.009,-27.748,55.153,12.633,11.644,10.843,21.927,9.7572,-2.4772
-6.2806,47.635,76.549,-18.086,-31.702,65.59,13.356,12.489,11.395,22.505,10.114,-0.98538
-6.0012,56.373,86.919,-20.667,-35.725,76.969,14.111,13.343,12.171,23.32,10.731,0.69828
-5.4831,67.548,97.164,-23.84,-39.816,88.696,14.827,14.142,13.132,24.351,11.666,2.5986
-4.7704,80.746,107.04,-27.652,-43.886,100.23,15.434,14.819,14.205,25.536,12.924,4.7323
-3.9039,94.702,116.33,-32.107,-47.793,111.19,15.851,15.297,15.285,26.778,14.45,7.087
-2.9074,108.06,124.84,-37.134,-51.377,121.32,16.004,15.5,16.24,27.959,16.147,9.6111
-1.7836,120.19,132.47,-42.579,-54.495,130.56,15.836,15.373,16.939,28.967,17.904,12.222
-0.50626,131.17,139.17,-48.289,-57.042,139.02,15.317,14.891,17.283,29.72,19.623,14.831
0.99024,141.31,144.99,-54.214,-58.957,146.81,14.435,14.04,17.232,30.187,21.234,17.364
2.7909,150.7,149.95,-60.4,-60.22,153.95,13.176,12.809,16.805,30.386,22.7,19.78
4.9502,159.22,154.08,-66.861,-60.858,160.29,11.486,11.143,16.063,30.372,24.003,22.065
7.4553,166.64,157.41,-73.455,-60.951,165.7,9.2121,8.8963,15.082,30.215,25.13,24.222
10.227,172.88,160.06,-79.876,-60.643,170.16,6.0989,5.8108,13.931,29.975,26.064,26.256
13.15,178.05,162.17,-85.785,-60.113,173.78,1.8845,1.6099,12.662,29.691,26.794,28.161
16.113,182.35,163.88,-90.975,-59.509,176.71,-3.5454,-3.846,11.307,29.375,27.318,29.923
19.03,185.99,165.24,-95.431,-58.865,179.07,-10.061,-10.447,9.8763,29.025,27.659,31.521
21.842,189.15,166.23,-99.289,-58.128,180.96,-17.285,-17.811,8.3547,28.628,27.855,32.936
24.516,191.92,166.78,-102.72,-57.238,182.42,-24.652,-25.331,6.7062,28.172,27.947,34.147
27.03,194.35,166.86,-105.86,-56.193,183.48,-31.507,-32.287,4.8849,27.64,27.964,35.132
29.356,196.39,166.47,-108.74,-55.034,184.15,-37.225,-38.006,2.851,27.008,27.909,35.866
31.445,198,165.69,-111.34,-53.816,184.44,-41.366,-42.045,0.58469,26.243,27.752,36.331
33.221,199.16,164.68,-113.6,-52.586,184.4,-43.843,-44.359,-1.9068,25.315,27.437,36.512
34.59,199.97,163.63,-115.44,-51.381,184.18,-44.978,-45.335,-4.5891,24.196,26.895,36.396
35.453,200.53,162.68,-116.71,-50.236,183.89,-45.308,-45.559,-7.4051,22.882,26.066,35.963
35.718,200.69,161.79,-117.13,-49.163,183.48,-45.28,-45.489,-10.279,21.386,24.913,35.186
35.317,199.92,160.67,-116.28,-48.139,182.57,-45.115,-45.328,-13.122,19.743,23.434,34.031
34.221,197.43,158.86,-113.7,-47.095,180.56,-44.874,-45.109,-15.851,17.992,21.655,32.469
32.437,192.37,155.92,-109.04,-45.93,176.81,-44.563,-44.817,-18.408,16.16,19.609,30.469
29.98,184.03,151.42,-102.18,-44.532,170.7,-44.191,-44.44,-20.787,14.247,17.32,28.002
26.851,171.96,145.03,-93.252,-42.793,161.73,-43.778,-43.987,-23.033,12.223,14.799,25.049
23.058,156.23,136.58,-82.577,-40.649,149.71,-43.345,-43.472,-25.213,10.026,12.052,21.626
18.678,137.59,126.19,-70.667,-38.122,135.04,-42.908,-42.912,-27.391,7.5759,9.0929,17.792
13.896,117.49,114.3,-58.232,-35.337,118.75,-42.471,-42.32,-29.598,4.7818,5.9449,13.654
8.9668,97.55,101.63,-46.048,-32.472,102.19,-42.029,-41.705,-31.844,1.5577,2.6315,9.327
4.1496,78.982,89.081,-34.725,-29.658,86.511,-41.583,-41.081,-34.134,-2.166,-0.83009,4.9082
-0.35615,62.234,77.392,-24.579,-26.924,72.264,-41.143,-40.471,-36.48,-6.4325,-4.4336,0.45924
-4.4246,47.153,66.753,-15.683,-24.244,59.333,-40.733,-39.904,-38.898,-11.25,-8.1833,-3.9837
-7.9913,33.47,56.85,-7.985,-21.597,47.209,-40.383,-39.408,-41.394,-16.585,-12.089,-8.3899
-11.036,21.351,47.166,-1.3633,-19,35.578,-40.119,-38.996,-43.951,-22.349,-16.154,-12.719
-13.575,11.328,37.514,4.363,-16.496,25.063,-39.948,-38.662,-46.52,-28.398,-20.366,-16.914
-15.655,3.3613,28.643,9.4069,-14.127,16.816,-39.87,-38.388,-49.034,-34.529,-24.678,-20.913
-17.342,-3.4178,21.652,13.951,-11.926,10.784,-39.874,-38.154,-51.418,-40.511,-29.007,-24.652
-18.702,-9.8129,16.516,18.097,-9.9177,5.7735,-39.946,-37.943,-53.611,-46.114,-33.233,-28.086
-19.787,-16.079,12.341,21.857,-8.1117,0.86448,-40.053,-37.741,-55.568,-51.155,-37.219,-31.189
-20.638,-22.099,8.3758,25.203,-6.5017,-4.1873,-40.149,-37.536,-57.269,-55.524,-40.837,-33.955
-21.29,-27.661,4.2965,28.108,-5.0615,-9.2218,-40.185,-37.319,-58.718,-59.191,-43.985,-36.384
-21.78,-32.6,0.12315,30.577,-3.7531,-13.958,-40.132,-37.098,-59.932,-62.189,-46.609,-38.48
-22.145,-36.83,-3.8973,32.633,-2.5415,-18.152,-40.003,-36.898,-60.943,-64.588,-48.705,-40.249
-22.417,-40.325,-7.4501,34.304,-1.4093,-21.661,-39.834,-36.748,-61.776,-66.47,-50.302,-41.696
-22.612,-43.094,-10.332,35.613,-0.35587,-24.445,-39.656,-36.655,-62.445,-67.912,-51.453,-42.825
-22.735,-45.185,-12.528,36.584,0.61514,-26.549,-39.467,-36.592,-62.946,-68.974,-52.222,-43.638
-22.79,-46.69,-14.145,37.259,1.5049,-28.075,-39.221,-36.487,-63.261,-69.706,-52.687,-44.142
-22.792,-47.755,-15.325,37.72,2.3011,-29.157,-38.842,-36.241,-63.373,-70.151,-52.936,-44.367
-22.783,-48.567,-16.188,38.09,2.9678,-29.945,-38.238,-35.748,-63.267,-70.343,-53.068,-44.379
-22.825,-49.33,-16.819,38.517,3.4471,-30.594,-37.319,-34.916,-62.93,-70.307,-53.169,-44.276
-22.968,-50.188,-17.265,39.11,3.6884,-31.226,-36.018,-33.684,-62.339,-70.041,-53.29,-44.16
-23.214,-51.174,-17.558,39.876,3.6799,-31.892,-34.308,-32.023,-61.443,-69.5,-53.413,-44.091
-23.51,-52.184,-17.729,40.708,3.4768,-32.547,-32.2,-29.929,-60.149,-68.566,-53.434,-44.047
-23.783,-53.023,-17.805,41.433,3.2022,-33.084,-29.722,-27.394,-58.294,-67,-53.134,-43.9
-23.974,-53.48,-17.784,41.866,2.9996,-33.358,-26.864,-24.375,-55.612,-64.349,-52.152,-43.4
-24.045,-53.307,-17.59,41.839,2.9481,-33.178,-23.541,-20.793,-51.697,-59.796,-49.892,-42.146
-23.982,-52.18,-17.005,41.167,2.9881,-32.248,-19.637,-16.598,-46.128,-52.21,-45.432,-39.546
-23.813,-49.625,-15.598,39.626,2.9185,-30.106,-15.124,-11.914,-39.616,-43.025,-38.074,-34.93
-23.696,-45.181,-12.711,37.095,2.4916,-26.198,-10.295,-7.1938,-38.997,-53.84,-36.86,-29.322
-24.363,-41.132,-8.1481,34.975,1.5412,-21.616,-5.8584,-3.199,-55.203,-74.171,-61.091,-42.479
-28.633,-51.589,-7.4116,41.602,0.077239,-28.195,-2.5258,-0.49936,-54.456,-72.05,-67.258,-62.931
-39.02,-62.822,-14.338,54.125,-1.6265,-38.376,0.81168,2.4326,-39.218,-65.772,-70.505,-68.997
-46.203,-64.978,-16.149,58.34,-3.0251,-39.425,8.5414,10.339,-20.874,-54.086,-69.374,-71.506
-46.539,-62.457,-15.519,57.658,-3.5417,-37.046,20.987,22.895,0.56468,-34.216,-59.992,-67.648
-41.441,-53.892,-12.667,51.785,-2.8303,-30.869,33.617,35.441,27.343,-2.0235,-37.254,-53.462
-30.779,-36.726,-6.4405,38.829,-0.86,-18.971,45.348,47.133,64.716,48.913,5.3175,-24.301
-14.321,-7.7621,5.1958,16.537,1.7498,1.444,58.52,60.34,119.75,127.08,75.102,24.269
8.1082,36.345,25.272,-17.192,3.9352,33.724,76.402,78.181,194.87,239.67,178.66,95.631
36.192,98.414,57.572,-63.894,3.5315,80.886,97.702,99.5,288.66,385.82,317.76,190.65
68.05,179.48,101.98,-124.95,0.26199,142.89,121.69,123.41,397.67,557.1,485.31,307.42
104.88,271.43,150.88,-198.05,-6.4664,211.8,147.95,149.61,518.86,749.64,674,445.6
152.88,358.74,194.34,-269.74,-15.121,275.96,175.34,177.16,660.81,962.11,867.22,581.93
201.58,428.15,222.35,-328.98,-14.442,324.13,202.42,204.7,784.9,1137.3,1030.1,698.81
242.92,468.56,226.97,-369.45,0.83435,346.76,225.49,228.25,861.71,1267.6,1151,784.6
276.93,474.93,206,-387.26,28.657,340.02,235.96,238.78,882.62,1335,1216.6,830.68
299.1,449.41,164.35,-382.16,62.987,307.14,222.35,224.81,833.79,1324.9,1219.2,833.93
304.86,399.2,112.21,-356.61,95.641,256.6,177.41,179.43,706.96,1226.7,1155.6,795.88
291.05,332.65,60.528,-313.9,118.13,197.85,101.07,102.74,502.22,1036.1,1026,720.21
256.69,255.68,16.53,-256.77,124.98,137.4,0.25577,1.5201,230.59,757.01,833.99,611.23
203.57,171.21,-17.885,-187.23,116.16,77.78,-113.28,-112.52,-84.764,405.36,588.45,473.89
136.35,81.288,-44.832,-107.9,96.125,19.448,-225.92,-225.58,-410.78,10.956,305.95,315.29
62.31,-10.686,-67.756,-23.415,71.615,-37.032,-324.97,-324.83,-710.7,-385.09,11.314,145.89
-10.146,-99.441,-89.117,58.993,48.515,-90.355,-401.74,-401.49,-952.91,-738.27,-265.85,-20.921
-73.618,-179.09,-109.21,131.25,29.736,-138.77,-453.23,-452.49,-1118.1,-1012,-497.93,-171.06
-122.56,-244.45,-126.79,187.66,15.683,-180.4,-481.21,-479.69,-1202.5,-1186.9,-666.84,-293.03
-154.19,-292.15,-141.11,226.42,7.1987,-212.77,-489.89,-487.56,-1216.8,-1264.4,-767.79,-380.45
-170.48,-321.57,-151.14,248.92,4.1091,-233.91,-483.85,-480.92,-1179.2,-1262.1,-807.82,-432.88
-175.96,-334.42,-155.52,257.83,2.6004,-243.83,-467.05,-463.89,-1109.5,-1205.3,-801.18,-454.98
-174.28,-332.95,-154.3,255.82,1.3039,-243.57,-442.73,-439.72,-1023.2,-1118,-763.6,-453.71
-167.56,-318.96,-147.93,244.91,0.21855,-233.89,-413.36,-410.8,-930.2,-1017.5,-708.18,-436.14
-157.09,-293.96,-135.92,226.59,-0.042246,-215.23,-380.56,-378.66,-834.61,-913.63,-644.12,-407.96
-143.75,-259.78,-117.79,202.32,-1.8039,-188.5,-345.09,-343.92,-737.32,-811.09,-576.83,-373.18
-128.04,-219.61,-94.705,174.16,-4.1815,-156.14,-307.47,-307.05,-638.28,-712,-509.63,-334.34
-110.58,-178.4,-69.706,145.28,-6.1181,-122.46,-268.29,-268.51,-539.44,-619.42,-444.99,-292.7
-94.189,-141.39,-46.264,119.6,-7.4653,-91.886,-228.78,-229.33,-448.47,-536.21,-386.11,-250.34
-81.037,-111.13,-27.046,98.867,-8.2504,-66.962,-191.21,-191.6,-370.14,-459.83,-335.01,-213.59
-70.618,-87.845,-13.771,82.596,-8.5033,-48.53,-157.15,-156.95,-303.92,-388.28,-289.37,-184.2
-62.051,-71.391,-7.5651,70.161,-8.2654,-36.845,-127.51,-126.65,-249.11,-323.91,-246.31,-159
-54.943,-61.915,-9.2388,61.449,-7.6007,-32.095,-103.15,-101.75,-205.08,-269.49,-206.78,-136.44
-49.181,-59.532,-17.504,56.576,-6.5908,-34.529,-84.429,-82.598,-171.01,-225.55,-173.39,-117
-44.692,-63.659,-25.436,55.307,-5.3327,-42.827,-70.999,-68.842,-145.65,-191.46,-147.02,-101.74
-41.229,-70.438,-28.547,56.11,-3.9412,-49.439,-61.842,-59.587,-127.44,-166.1,-127.03,-91.144
-38.255,-72.738,-29.1,55.965,-2.5353,-50.343,-55.668,-53.66,-114.7,-148.12,-112.35,-84.61
-35.435,-71.411,-29.12,54.341,-1.1965,-49.27,-51.67,-50.154,-106.03,-136.02,-102,-79.656
-33.116,-69.793,-29.203,52.674,0.070035,-48.32,-50.192,-49.076,-100.08,-128.23,-94.764,-73.122
-31.487,-68.792,-29.46,51.519,1.3303,-47.914,-49.815,-48.819,-93.952,-122.66,-88.345,-65.579
-30.365,-68.418,-29.913,50.862,2.6684,-48.018,-48.37,-47.407,-86.079,-116.04,-81.511,-58.983
-29.54,-68.482,-30.563,50.549,4.1148,-48.492,-46.553,-45.676,-79.772,-107.83,-75.638,-53.816
-28.883,-68.778,-31.385,50.422,5.6092,-49.174,-45.005,-44.248,-75.664,-100.77,-71.264,-49.87
-28.336,-69.15,-32.314,50.368,7.0253,-49.925,-43.862,-43.232,-72.91,-95.794,-68.023,-46.856
-27.876,-69.512,-33.241,50.334,8.2312,-50.637,-43.069,-42.561,-70.954,-92.369,-65.527,-44.532
-27.493,-69.802,-34.062,50.285,9.1376,-51.24,-42.511,-42.125,-69.504,-89.949,-63.521,-42.693
-27.162,-69.971,-34.681,50.192,9.7205,-51.671,-42.064,-41.814,-68.387,-88.163,-61.833,-41.174
-26.847,-69.965,-35.034,50.016,10.019,-51.891,-41.635,-41.541,-67.491,-86.772,-60.341,-39.841
-26.506,-69.756,-35.105,49.732,10.119,-51.876,-41.166,-41.244,-66.739,-85.628,-58.963,-38.588
-26.111,-69.332,-34.933,49.32,10.128,-51.641,-40.643,-40.895,-66.084,-84.64,-57.639,-37.337
-25.65,-68.704,-34.594,48.78,10.143,-51.216,-40.079,-40.49,-65.485,-83.75,-56.334,-36.049
-25.131,-67.9,-34.169,48.121,10.227,-50.639,-39.5,-40.04,-64.899,-82.911,-55.025,-34.729
-24.578,-66.959,-33.718,47.362,10.391,-49.949,-38.917,-39.56,-64.276,-82.072,-53.7,-33.411
-24.028,-65.927,-33.277,46.527,10.601,-49.186,-38.316,-39.058,-63.569,-81.177,-52.349,-32.138
-23.514,-64.844,-32.857,45.639,10.788,-48.383,-37.669,-38.539,-62.75,-80.172,-50.971,-30.936
-23.05,-63.718,-32.443,44.705,10.884,-47.553,-36.944,-38.004,-61.818,-79.019,-49.572,-29.804
-22.618,-62.52,-32,43.704,10.839,-46.683,-36.13,-37.453,-60.802,-77.701,-48.165,-28.725
-22.162,-61.198,-31.491,42.595,10.65,-45.744,-35.234,-36.885,-59.748,-76.226,-46.761,-27.678
-21.609,-59.714,-30.902,41.337,10.362,-44.722,-34.288,-36.291,-58.698,-74.615,-45.354,-26.649
-20.891,-58.065,-30.246,39.909,10.07,-43.623,-33.329,-35.657,-57.67,-72.895,-43.918,-25.632
-19.961,-56.276,-29.555,38.319,9.8809,-42.47,-32.39,-34.969,-56.649,-71.086,-42.413,-24.624
-18.806,-54.38,-28.867,36.598,9.8806,-41.286,-31.474,-34.216,-55.588,-69.176,-40.806,-23.626
-17.451,-52.41,-28.218,34.788,10.102,-40.09,-30.549,-33.389,-54.419,-67.125,-39.087,-22.642
-15.951,-50.387,-27.643,32.924,10.525,-38.896,-29.546,-32.474,-53.066,-64.86,-37.282,-21.676
-14.369,-48.308,-27.169,31.017,11.088,-37.704,-28.387,-31.44,-51.461,-62.303,-35.443,-20.73
-12.758,-46.132,-26.811,29.047,11.719,-36.498,-27.015,-30.246,-49.55,-59.4,-33.637,-19.795
-11.142,-43.786,-26.556,26.964,12.354,-35.241,-25.42,-28.858,-47.314,-56.146,-31.93,-18.852
-9.5126,-41.187,-26.363,24.717,12.949,-33.893,-23.658,-27.267,-44.775,-52.605,-30.373,-17.884
-7.848,-38.319,-26.19,22.309,13.486,-32.452,-21.834,-25.508,-42.009,-48.901,-28.989,-16.886
-6.1458,-35.299,-26.017,19.841,13.968,-30.978,-20.08,-23.664,-39.127,-45.185,-27.778,-15.88
-4.4583,-32.379,-25.831,17.506,14.409,-29.583,-18.496,-21.848,-36.255,-41.594,-26.711,-14.908
-2.8955,-29.857,-25.619,15.518,14.82,-28.382,-17.124,-20.163,-33.49,-38.213,-25.745,-14.01
-1.5927,-27.97,-25.374,14.037,15.192,-27.458,-15.938,-18.67,-30.882,-35.068,-24.832,-13.209
-0.66503,-26.823,-25.107,13.135,15.507,-26.843,-14.875,-17.372,-28.429,-32.13,-23.925,-12.496
-0.16422,-26.375,-24.841,12.789,15.745,-26.514,-13.871,-16.216,-26.089,-29.332,-22.99,-11.835
-0.055494,-26.457,-24.599,12.888,15.892,-26.401,-12.871,-15.107,-23.797,-26.578,-21.998,-11.176
-0.2356,-26.809,-24.393,13.25,15.935,-26.402,-11.835,-13.926,-21.483,-23.771,-20.922,-10.467
-0.58155,-27.147,-24.226,13.658,15.861,-26.403,-10.723,-12.564,-19.079,-20.838,-19.743,-9.6632
-0.99267,-27.227,-24.09,13.914,15.656,-26.311,-9.4997,-10.967,-16.542,-17.751,-18.449,-8.7353
-1.4108,-26.912,-23.968,13.903,15.296,-26.073,-8.1419,-9.1638,-13.853,-14.533,-17.048,-7.6755
-1.8249,-26.206,-23.829,13.625,14.749,-25.687,-6.6489,-7.2494,-11.018,-11.242,-15.566,-6.4953
-2.2588,-25.238,-23.633,13.179,14.001,-25.187,-5.0449,-5.3411,-8.0599,-7.9468,-14.028,-5.2204
-2.7443,-24.197,-23.345,12.706,13.111,-24.621,-3.3718,-3.5173,-5.0008,-4.7102,-12.445,-3.8832
-3.2886,-23.243,-22.952,12.323,12.207,-24.021,-1.6781,-1.7938,-1.8594,-1.5756,-10.8,-2.5157
-3.8458,-22.453,-22.473,12.075,11.442,-23.403,-0.0091413,-0.14409,1.3511,1.4362,-9.0546,-1.1445
-4.3068,-21.816,-21.953,11.938,10.937,-22.766,1.6005,1.4622,4.622,4.3275,-7.1643,0.21377
-4.5345,-21.261,-21.442,11.835,10.758,-22.102,3.1346,3.0328,7.9526,7.122,-5.0881,1.5562
-4.4294,-20.688,-20.963,11.68,10.905,-21.388,4.6034,4.5533,11.353,9.8606,-2.7998,2.8952
-3.9775,-19.995,-20.496,11.401,11.298,-20.583,6.0422,6.0061,14.842,12.596,-0.29502,4.2573
-3.2522,-19.106,-19.982,10.963,11.792,-19.642,7.4955,7.3896,18.444,15.388,2.4076,5.6792
-2.3788,-17.985,-19.358,10.362,12.225,-18.538,8.9943,8.7241,22.18,18.292,5.2736,7.2017
-1.4872,-16.645,-18.602,9.6205,12.463,-17.288,10.54,10.044,26.062,21.357,8.2674,8.8591
-0.66956,-15.141,-17.754,8.7658,12.443,-15.956,12.106,11.384,30.082,24.614,11.367,10.671
0.050061,-13.534,-16.908,7.8179,12.196,-14.625,13.653,12.765,34.214,28.072,14.57,12.642
0.72846,-11.866,-16.163,6.7776,11.828,-13.357,15.145,14.189,38.419,31.715,17.894,14.765
1.4753,-10.147,-15.574,5.6356,11.475,-12.167,16.559,15.637,42.645,35.495,21.36,17.027
2.3798,-8.3741,-15.13,4.3987,11.239,-11.014,17.881,17.071,46.819,39.34,24.974,19.407
3.4383,-6.5552,-14.751,3.1117,11.15,-9.822,19.097,18.444,50.852,43.156,28.712,21.87
4.5349,-4.7298,-14.319,1.8535,11.174,-8.5164,20.186,19.71,54.646,46.847,32.511,24.37
5.5001,-2.9601,-13.72,0.70828,11.237,-7.0557,21.121,20.838,58.113,50.323,36.276,26.861
6.2182,-1.3064,-12.884,-0.2729,11.276,-5.4569,21.88,21.813,61.195,53.518,39.908,29.309
6.7022,0.19967,-11.824,-1.0985,11.261,-3.7946,22.455,22.636,63.868,56.391,43.326,31.703
7.0952,1.572,-10.66,-1.8401,11.207,-2.1721,22.861,23.32,66.142,58.931,46.483,34.047
7.6161,2.8694,-9.5774,-2.6136,11.166,-0.67303,23.137,23.88,68.049,61.146,49.367,36.347
8.4751,4.1778,-8.7345,-3.5426,11.202,0.67872,23.344,24.342,69.623,63.055,51.985,38.6
9.7919,5.5796,-8.1665,-4.7146,11.358,1.9286,23.549,24.736,70.899,64.68,54.36,40.793
11.545,7.1185,-7.7655,-6.1468,11.629,3.1612,23.807,25.097,71.906,66.033,56.52,42.905
13.58,8.7799,-7.3469,-7.7793,11.979,4.4478,24.14,25.451,72.661,67.117,58.484,44.91
15.688,10.496,-6.7465,-9.497,12.363,5.8063,24.534,25.807,73.176,67.927,60.262,46.783
17.698,12.175,-5.8876,-11.168,12.743,7.1962,24.942,26.153,73.458,68.461,61.853,48.501
19.525,13.735,-4.7941,-12.688,13.1,8.5483,25.312,26.467,73.513,68.724,63.251,50.048
21.158,15.134,-3.5571,-14.007,13.427,9.8048,25.609,26.728,73.352,68.734,64.446,51.416
22.631,16.384,-2.2811,-15.141,13.727,10.947,25.825,26.928,72.994,68.517,65.431,52.602
23.986,17.534,-1.0355,-16.154,13.996,11.998,25.975,27.068,72.459,68.111,66.2,53.609
25.243,18.652,0.16995,-17.115,14.205,13.008,26.083,27.158,71.766,67.559,66.743,54.439
26.377,19.784,1.3774,-18.07,14.299,14.027,26.165,27.206,70.93,66.899,67.054,55.092
27.32,20.942,2.6513,-19.015,14.219,15.082,26.227,27.212,69.966,66.164,67.134,55.563
27.983,22.095,4.0408,-19.914,13.915,16.164,26.267,27.174,68.894,65.374,66.994,55.852
28.311,23.194,5.5501,-20.713,13.382,17.238,26.28,27.085,67.746,64.544,66.665,55.97
28.305,24.192,7.1312,-21.374,12.663,18.26,26.269,26.941,66.57,63.694,66.199,55.943
28.031,25.067,8.7043,-21.888,11.843,19.195,26.253,26.752,65.424,62.859,65.67,55.816
27.601,25.827,10.192,-22.28,11.027,20.029,26.263,26.543,64.373,62.096,65.157,55.642
27.136,26.501,11.554,-22.593,10.304,20.768,26.336,26.359,63.48,61.465,64.735,55.468
26.724,27.12,12.792,-22.866,9.7208,21.431,26.502,26.253,62.786,61.022,64.451,55.32
26.397,27.701,13.943,-23.116,9.2616,22.034,26.765,26.271,62.304,60.79,64.319,55.202
26.128,28.243,15.04,-23.334,8.8659,22.587,27.101,26.425,62.015,60.759,64.31,55.103
25.86,28.731,16.096,-23.5,8.46,23.088,27.457,26.693,61.874,60.889,64.365,54.998
25.549,29.152,17.099,-23.603,7.9879,23.536,27.78,27.019,61.833,61.123,64.416,54.866
25.188,29.514,18.035,-23.649,7.427,23.936,28.031,27.34,61.853,61.404,64.399,54.688
24.814,29.846,18.904,-23.674,6.7903,24.312,28.204,27.611,61.913,61.688,64.275,54.446
24.482,30.193,19.722,-23.722,6.1117,24.695,28.324,27.815,62.005,61.94,64.033,54.127
24.227,30.595,20.517,-23.83,5.4173,25.119,28.428,27.966,62.121,62.134,63.679,53.716
24.031,31.07,21.314,-24.001,4.6989,25.6,28.555,28.095,62.243,62.246,63.229,53.197
23.819,31.593,22.127,-24.198,3.9121,26.132,28.722,28.236,62.343,62.252,62.691,52.556
23.471,32.108,22.95,-24.351,3.0013,26.679,28.926,28.407,62.388,62.124,62.06,51.784
22.855,32.539,23.764,-24.375,1.9309,27.19,29.145,28.606,62.341,61.826,61.316,50.866
21.86,32.817,24.541,-24.2,0.69859,27.612,29.346,28.806,62.156,61.32,60.42,49.773
20.429,32.898,25.251,-23.786,-0.67078,27.909,29.492,28.968,61.776,60.566,59.322,48.458
18.577,32.765,25.872,-23.125,-2.1352,28.069,29.553,29.05,61.141,59.526,57.975,46.858
16.39,32.423,26.385,-22.238,-3.6391,28.094,29.506,29.019,60.191,58.171,56.334,44.903
13.997,31.888,26.777,-21.164,-5.1189,27.995,29.343,28.863,58.887,56.477,54.364,42.53
11.527,31.177,27.038,-19.942,-6.5156,27.782,29.068,28.585,57.21,54.436,52.036,39.691
9.0657,30.309,27.167,-18.602,-7.7893,27.465,28.693,28.204,55.164,52.054,49.339,36.362
6.6491,29.297,27.172,-17.156,-8.9225,27.051,28.229,27.741,52.77,49.359,46.285,32.554
4.292,28.151,27.067,-15.607,-9.9058,26.547,27.686,27.213,50.068,46.402,42.916,28.331
2.0191,26.882,26.861,-13.961,-10.72,25.962,27.078,26.64,47.116,43.252,39.309,23.809
-0.12262,25.505,26.562,-12.24,-11.336,25.303,26.421,26.036,43.986,39.989,35.563,19.139
-2.0719,24.048,26.174,-10.487,-11.726,24.583,25.737,25.421,40.756,36.696,31.791,14.482
-3.7714,22.545,25.698,-8.7549,-11.885,23.811,25.048,24.817,37.504,33.456,28.095,9.9785
-5.183,21.025,25.137,-7.0961,-11.831,22.994,24.373,24.243,34.293,30.342,24.552,5.7365
-6.295,19.508,24.489,-5.5452,-11.593,22.131,23.721,23.708,31.166,27.41,21.205,1.8236
-7.1223,17.998,23.747,-4.116,-11.203,21.213,23.088,23.204,28.146,24.69,18.055,-1.7235
-7.699,16.482,22.907,-2.8067,-10.691,20.227,22.465,22.71,25.241,22.186,15.077,-4.89
-8.0703,14.951,21.965,-1.6114,-10.085,19.16,21.839,22.204,22.46,19.878,12.235,-7.6765
-8.2818,13.41,20.927,-0.5327,-9.4148,18.01,21.213,21.677,19.821,17.734,9.5005,-10.098
-8.3716,11.899,19.811,0.41171,-8.717,16.803,20.605,21.141,17.352,15.721,6.8669,-12.18
-8.363,10.496,18.654,1.1915,-8.0199,15.601,20.047,20.625,15.088,13.815,4.3571,-13.954
-8.2655,9.2928,17.521,1.778,-7.336,14.488,19.572,20.162,13.071,12.012,2.0152,-15.448
-8.0817,8.355,16.479,2.1638,-6.6579,13.542,19.205,19.777,11.335,10.326,-0.11028,-16.678
-7.8209,7.688,15.574,2.3763,-5.9654,12.797,18.953,19.478,9.9039,8.7886,-1.9855,-17.656
-7.5094,7.2342,14.819,2.4757,-5.2448,12.236,18.806,19.261,8.7801,7.4378,-3.6027,-18.405
-7.1915,6.9021,14.198,2.537,-4.5087,11.81,18.74,19.111,7.9489,6.3094,-4.9776,-18.96
-6.9141,6.6091,13.699,2.6232,-3.798,11.471,18.725,19.009,7.3826,5.4305,-6.1374,-19.368
-6.7068,6.3142,13.312,2.761,-3.1617,11.191,18.733,18.937,7.0496,4.8142,-7.1094,-19.678
-6.5683,6.0272,13.032,2.9316,-2.6308,10.961,18.75,18.881,6.9198,4.4552,-7.9169,-19.927
-6.4724,5.7922,12.846,3.0846,-2.2072,10.789,18.775,18.833,6.9641,4.3306,-8.581,-20.136
-6.389,5.6545,12.731,3.1684,-1.8741,10.679,18.819,18.789,7.1528,4.4046,-9.1208,-20.309
-6.3014,5.6314,12.66,3.1579,-1.6133,10.626,18.894,18.741,7.4539,4.6357,-9.554,-20.431
-6.211,5.7069,12.608,3.0613,-1.4161,10.615,19.006,18.679,7.8347,4.9812,-9.8975,-20.47
-6.1266,5.8511,12.561,2.904,-1.2799,10.635,19.153,18.592,8.2662,5.4014,-10.166,-20.392
-6.0483,6.0475,12.524,2.7051,-1.2005,10.69,19.323,18.474,8.7298,5.8651,-10.368,-20.171
-5.9582,6.3088,12.525,2.4623,-1.1639,10.806,19.503,18.33,9.2239,6.3548,-10.493,-19.806
-5.8204,6.6699,12.602,2.1537,-1.1446,11.018,19.688,18.181,9.7649,6.8692,-10.51,-19.317
-5.5941,7.1625,12.79,1.7556,-1.112,11.348,19.877,18.063,10.377,7.4198,-10.369,-18.749
-5.2532,7.7878,13.095,1.264,-1.0433,11.794,20.068,18.003,11.072,8.024,-10.024,-18.158
-4.8042,8.5058,13.504,0.70716,-0.93674,12.32,20.251,18.013,11.835,8.6966,-9.4639,-17.602
-4.2927,9.2487,13.987,0.14,-0.81798,12.877,20.406,18.079,12.618,9.4433,-8.7268,-17.122
-3.7904,9.951,14.525,-0.37727,-0.73384,13.429,20.507,18.173,13.357,10.257,-7.8984,-16.738
-3.3663,10.576,15.114,-0.80502,-0.73484,13.96,20.534,18.264,13.994,11.114,-7.0846,-16.442
-3.0548,11.126,15.75,-1.1404,-0.84962,14.481,20.473,18.329,14.493,11.983,-6.379,-16.203
-2.8409,11.628,16.416,-1.4161,-1.0627,15.002,20.321,18.354,14.846,12.826,-5.8379,-15.978
-2.6733,12.122,17.069,-1.6853,-1.3144,15.525,20.091,18.337,15.066,13.611,-5.469,-15.715
-2.4961,12.642,17.665,-2.0023,-1.5317,16.04,19.81,18.291,15.183,14.322,-5.2331,-15.358
-2.2795,13.21,18.178,-2.4031,-1.672,16.539,19.517,18.234,15.228,14.954,-5.0604,-14.853
-2.0341,13.826,18.612,-2.892,-1.7489,17.02,19.249,18.193,15.225,15.508,-4.8752,-14.161
-1.8045,14.473,18.994,-3.4403,-1.828,17.486,19.026,18.183,15.185,15.981,-4.6204,-13.28
-1.6461,15.121,19.363,-4.002,-1.9956,17.945,18.841,18.208,15.095,16.366,-4.2739,-12.247
-1.5918,15.75,19.754,-4.5399,-2.3143,18.405,18.667,18.257,14.929,16.65,-3.853,-11.135
-1.6257,16.364,20.189,-5.0488,-2.7855,18.879,18.468,18.311,14.653,16.823,-3.4058,-10.037
-1.6769,16.991,20.673,-5.5617,-3.3409,19.383,18.218,18.353,14.243,16.878,-2.99,-9.0389
-1.6385,17.68,21.2,-6.138,-3.8715,19.935,17.902,18.367,13.692,16.817,-2.6466,-8.2008
-1.4053,18.476,21.762,-6.8397,-4.2763,20.551,17.531,18.347,13.02,16.653,-2.3814,-7.5368
-0.91205,19.413,22.359,-7.708,-4.5057,21.246,17.125,18.296,12.266,16.414,-2.1624,-7.0132
-0.15652,20.505,23.004,-8.7536,-4.5846,22.03,16.712,18.226,11.488,16.14,-1.9329,-6.557
0.80219,21.76,23.728,-9.9648,-4.6048,22.923,16.319,18.153,10.748,15.875,-1.6289,-6.0689
1.8691,23.195,24.577,-11.325,-4.6903,23.953,15.967,18.09,10.109,15.662,-1.1927,-5.4394
2.9492,24.847,25.605,-12.829,-4.9491,25.164,15.668,18.046,9.6162,15.533,-0.57813,-4.5687
3.9761,26.771,26.889,-14.483,-5.4371,26.625,15.434,18.024,9.2957,15.501,0.24773,-3.3889
4.9226,29.036,28.547,-16.288,-6.1531,28.447,15.273,18.024,9.1427,15.559,1.3026,-1.8837
5.7921,31.715,30.797,-18.227,-7.0713,30.823,15.202,18.049,9.1292,15.687,2.5857,-0.094497
6.597,34.901,34.025,-20.258,-8.1976,34.069,15.249,18.113,9.2174,15.865,4.0788,1.8921
7.3339,38.701,38.712,-22.325,-9.6225,38.586,15.448,18.242,9.3789,16.084,5.7525,3.9701
7.9692,43.235,45.122,-24.377,-11.525,44.707,15.821,18.465,9.6058,16.357,7.5705,6.0429
8.4445,48.643,53.045,-26.398,-14.074,52.492,16.359,18.798,9.9094,16.71,9.4897,8.0451
8.7068,55.136,62.019,-28.416,-17.286,61.711,17.014,19.231,10.312,17.178,11.46,9.9544
8.7457,63.049,71.625,-30.523,-21.025,71.994,17.711,19.731,10.84,17.79,13.436,11.795
8.6141,72.801,81.541,-32.873,-25.125,82.947,18.374,20.251,11.516,18.57,15.388,13.63
8.4219,84.601,91.523,-35.705,-29.464,94.154,18.943,20.735,12.353,19.531,17.314,15.547
8.3117,97.983,101.34,-39.344,-33.94,105.18,19.384,21.131,13.344,20.667,19.24,17.627
8.4281,111.67,110.74,-44.17,-38.426,115.64,19.676,21.388,14.448,21.949,21.195,19.925
8.8879,124.29,119.46,-50.446,-42.754,125.25,19.807,21.461,15.587,23.32,23.189,22.444
9.7563,135.2,127.33,-57.988,-46.724,133.89,19.759,21.313,16.644,24.692,25.187,25.132
11.036,144.5,134.29,-66.007,-50.117,141.62,19.506,20.917,17.475,25.956,27.106,27.888
12.681,152.58,140.38,-73.532,-52.716,148.53,19.021,20.255,17.941,26.998,28.831,30.575
14.626,159.75,145.66,-80.031,-54.356,154.76,18.271,19.317,17.932,27.722,30.252,33.055
16.821,166.24,150.14,-85.538,-55.023,160.35,17.207,18.066,17.396,28.077,31.294,35.213
19.226,172.21,153.81,-90.345,-54.935,165.33,15.69,16.383,16.345,28.069,31.948,36.988
21.8,177.72,156.71,-94.731,-54.465,169.67,13.413,14.008,14.849,27.755,32.269,38.379
24.482,182.77,158.96,-98.852,-53.93,173.4,9.9357,10.577,13.017,27.224,32.362,39.443
27.191,187.34,160.77,-102.74,-53.465,176.55,4.9372,5.7923,10.978,26.571,32.345,40.285
29.828,191.38,162.28,-106.35,-53.06,179.21,-1.5482,-0.39183,8.8521,25.879,32.325,41.032
32.283,194.88,163.54,-109.59,-52.658,181.44,-9.1317,-7.7055,6.7313,25.205,32.381,41.804
34.446,197.83,164.52,-112.42,-52.213,183.27,-17.208,-15.615,4.6624,24.575,32.552,42.683
36.221,200.23,165.13,-114.79,-51.703,184.7,-25.086,-23.429,2.6432,23.983,32.839,43.687
37.54,202.02,165.27,-116.71,-51.127,185.67,-32.092,-30.433,0.63117,23.4,33.199,44.765
38.389,203.18,164.91,-118.18,-50.5,186.13,-37.668,-36.036,-1.4422,22.776,33.55,45.822
38.802,203.69,164.07,-119.25,-49.871,186.06,-41.492,-39.914,-3.6553,22.05,33.778,46.744
38.846,203.68,162.98,-119.94,-49.312,185.59,-43.602,-42.131,-6.0816,21.163,33.754,47.424
38.591,203.38,161.97,-120.3,-48.868,185.01,-44.405,-43.114,-8.7733,20.066,33.362,47.778
38.082,203.06,161.32,-120.31,-48.508,184.57,-44.478,-43.427,-11.744,18.732,32.526,47.746
37.32,202.54,160.78,-119.8,-48.097,184.08,-44.29,-43.49,-14.953,17.161,31.234,47.292
36.249,201.11,159.6,-118.39,-47.436,182.84,-44.062,-43.483,-18.293,15.375,29.539,46.404
34.759,197.75,156.98,-115.49,-46.346,179.94,-43.823,-43.417,-21.607,13.41,27.547,45.087
32.722,191.51,152.37,-110.53,-44.73,174.64,-43.521,-43.247,-24.726,11.306,25.371,43.356
30.056,181.76,145.48,-103.19,-42.567,166.47,-43.086,-42.933,-27.512,9.0945,23.104,41.236
26.767,168.38,136.33,-93.554,-39.911,155.31,-42.474,-42.458,-29.892,6.7933,20.786,38.751
22.954,151.79,125.24,-82.198,-36.889,141.48,-41.669,-41.829,-31.864,4.3972,18.406,35.92
18.779,132.96,112.83,-69.952,-33.684,125.8,-40.69,-41.068,-33.495,1.8734,15.902,32.757
14.42,113.2,99.825,-57.638,-30.479,109.4,-39.583,-40.206,-34.905,-0.83278,13.194,29.281
10.041,93.81,87.087,-45.882,-27.4,93.403,-38.421,-39.28,-36.241,-3.7865,10.209,25.523
5.775,75.735,75.366,-35.077,-24.482,78.561,-37.294,-38.33,-37.65,-7.0503,6.9104,21.529
1.7348,59.374,64.926,-25.427,-21.682,65.124,-36.29,-37.397,-39.241,-10.675,3.2991,17.359
-1.9859,44.693,55.413,-16.994,-18.968,52.815,-35.475,-36.522,-41.064,-14.694,-0.58947,13.089
-5.3217,31.579,46.086,-9.7337,-16.418,41.099,-34.874,-35.739,-43.099,-19.118,-4.6997,8.8018
-8.246,20.311,36.402,-3.5056,-14.137,29.945,-34.471,-35.08,-45.273,-23.922,-8.9643,4.5895
-10.77,11.388,27.249,1.8978,-12.111,20.603,-34.231,-34.563,-47.488,-29.038,-13.307,0.5414
-12.927,4.5056,20.598,6.6988,-10.276,14.124,-34.113,-34.197,-49.644,-34.34,-17.64,-3.2678
-14.755,-1.4566,16.28,11.067,-8.6295,9.4398,-34.085,-33.97,-51.659,-39.647,-21.86,-6.7873
-16.292,-7.2713,12.757,15.081,-7.2137,5.081,-34.126,-33.856,-53.479,-44.738,-25.851,-9.9855
-17.572,-13.012,9.2613,18.724,-6.0451,0.56567,-34.217,-33.823,-55.072,-49.397,-29.501,-12.837
-18.625,-18.437,5.695,21.93,-5.09,-3.9706,-34.346,-33.848,-56.435,-53.459,-32.72,-15.317
-19.474,-23.327,2.1259,24.646,-4.2783,-8.2981,-34.506,-33.923,-57.579,-56.835,-35.469,-17.411
-20.139,-27.602,-1.3744,26.879,-3.5296,-12.28,-34.702,-34.054,-58.524,-59.511,-37.755,-19.127
-20.643,-31.291,-4.7158,28.691,-2.7789,-15.861,-34.944,-34.258,-59.291,-61.526,-39.627,-20.499
-21.016,-34.461,-7.7694,30.173,-1.998,-19.015,-35.244,-34.546,-59.895,-62.957,-41.143,-21.573
-21.293,-37.173,-10.41,31.411,-1.204,-21.724,-35.597,-34.914,-60.346,-63.902,-42.358,-22.394
-21.497,-39.461,-12.571,32.457,-0.43401,-23.982,-35.963,-35.328,-60.65,-64.481,-43.315,-22.995
-21.634,-41.339,-14.279,33.329,0.29454,-25.803,-36.267,-35.72,-60.812,-64.825,-44.054,-23.403
-21.694,-42.82,-15.613,34.021,0.99762,-27.229,-36.401,-35.987,-60.834,-65.048,-44.63,-23.662
-21.66,-43.93,-16.667,34.523,1.7041,-28.313,-36.254,-36.007,-60.707,-65.227,-45.115,-23.852
-21.526,-44.71,-17.519,34.843,2.4303,-29.125,-35.736,-35.663,-60.396,-65.37,-45.588,-24.084
-21.299,-45.226,-18.223,35.009,3.1732,-29.736,-34.788,-34.875,-59.833,-65.402,-46.097,-24.466
-20.993,-45.549,-18.824,35.054,3.9238,-30.213,-33.378,-33.607,-58.911,-65.158,-46.618,-25.049
-20.615,-45.73,-19.361,34.999,4.6837,-30.61,-31.478,-31.855,-57.469,-64.376,-47.014,-25.775
-20.154,-45.767,-19.862,34.817,5.4679,-30.932,-29.055,-29.614,-55.278,-62.65,-47.007,-26.44
-19.567,-45.545,-20.304,34.415,6.2892,-31.102,-26.06,-26.847,-51.997,-59.327,-46.149,-26.684
-18.776,-44.772,-20.58,33.588,7.1351,-30.906,-22.452,-23.501,-47.208,-53.422,-43.751,-25.966
-17.659,-42.93,-20.461,32.008,7.9605,-29.947,-18.304,-19.602,-40.961,-44.496,-38.874,-23.605
-16.069,-39.288,-19.588,29.279,8.705,-27.638,-13.995,-15.466,-36.75,-41.179,-31.843,-19.019
-13.936,-33.406,-17.468,25.333,9.3218,-23.376,-10.322,-11.799,-47.797,-68.209,-41.5,-14.733
-12.261,-29.51,-13.718,22.975,9.7973,-18.525,-7.3827,-8.5691,-57.907,-73.768,-63.644,-41.268
-18.861,-47.077,-10.876,36.147,10.167,-26.047,-1.3618,-2.0638,-45.074,-69.573,-68.501,-61.613
-32.306,-60.292,-14.999,50.959,10.526,-37.381,11.541,10.985,-27.12,-60.964,-70.83,-66.93
-34.611,-61.73,-16.946,53.389,11.007,-38.542,26.322,25.781,-6.1852,-45.421,-67.595,-68.028
-32.102,-58.112,-15.965,50.849,11.667,-36.102,39.216,38.724,18.687,-19.6,-54.451,-61.479
-25.13,-47.96,-12.991,42.513,12.352,-29.786,50.658,50.202,50.172,21.009,-25.873,-42.998
-12.429,-28.236,-6.6999,26.062,12.475,-17.31,62.515,62.226,93.475,81.861,24.441,-8.1673
7.1184,5.0315,4.892,-1.1985,11.032,4.7932,77.499,77.687,154.77,168.76,102.61,46.413
34.086,55.716,24.578,-41.669,10.672,40.202,97.46,98.098,236.79,287.19,213.14,122.68
68.348,125.49,56.068,-96.122,11.768,91.007,122.6,123.23,339.07,438.46,356.31,220.25
110.24,211.18,98.545,-162.35,13.252,155.03,152.39,152.53,458.62,616.22,525.79,339.52
158.93,301.96,143.98,-232.95,15.207,223.28,185.83,185.13,598.97,822.83,717.94,478.06
207.29,384.08,182,-298.02,18.5,283.73,221.5,219.65,748.52,1023.7,903.87,609.7
250.73,444.69,203.21,-349.78,25.678,324.79,253.81,250.71,864.48,1192.9,1060.8,721.26
286.53,474.23,201.34,-382.06,39.13,338.31,270.29,266.49,933.15,1312,1172.9,800.07
311.33,469.89,176.17,-391.86,59.864,322.91,259.3,255.53,936.93,1363.1,1227.6,838.27
322.05,435.74,133.7,-379.68,86.079,284.04,216.08,212.64,862.74,1332.6,1218.3,833.66
316.54,379.81,83.687,-348.42,111.05,230.9,140.22,137.25,704.53,1212.7,1142.7,788.54
293.74,309.7,35.364,-301.26,127.67,171.94,35.529,33.106,465.9,1001.3,1002.1,706.87
253.83,229.84,-5.8551,-240.49,133.02,111.87,-89.055,-90.9,162.02,704.87,800.64,592.85
198.54,142.3,-39.152,-168.03,126.69,51.937,-220.28,-221.67,-180.17,341.74,548.41,451.35
131.77,49.525,-66.46,-87.121,110.57,-7.5394,-343.44,-344.54,-524.65,-56.342,263.08,289.88
59.599,-43.614,-89.815,-3.4024,88.394,-65.084,-446.19,-447.13,-832.84,-447.61,-29.688,119.6
-10.726,-130.67,-110.18,75.835,64.319,-118.01,-520.95,-521.73,-1072.9,-788.85,-300.63,-45.607
-72.201,-205.71,-127.63,143.83,42.036,-163.8,-566.02,-566.55,-1227.3,-1046.7,-523.54,-191.85
-119.64,-264.41,-141.94,196.21,24.42,-200.44,-584.05,-584.18,-1295.7,-1205.6,-682.2,-308.54
-151.1,-304.71,-152.54,231.52,12.946,-226.32,-580.08,-579.78,-1292.1,-1269.4,-773.34,-390.5
-168.03,-327.27,-158.44,250.98,7.0133,-241.12,-559.86,-559.29,-1237.4,-1256.6,-805.02,-438.1
-173.81,-334.39,-158.66,257.26,4.4986,-245.53,-528.87,-528.42,-1152.1,-1192.1,-791.96,-456.37
-171.92,-328.26,-152.8,253.16,3.4034,-240.14,-491.9,-492.09,-1052.3,-1099.4,-749.91,-452.28
-164.77,-310.37,-140.85,240.76,2.3512,-225.26,-451.84,-452.89,-947.33,-995.52,-691.7,-432.63
-153.64,-282.03,-123.23,221.33,1.9031,-201.59,-409.65,-411.65,-840.98,-889.58,-625.73,-402.64
-139.4,-245.06,-101.47,195.95,2.9956,-171.16,-366.24,-369.17,-734.82,-785.19,-556.38,-365.85
-122.7,-202.85,-78.279,166.03,2.867,-137.83,-323.52,-327.34,-631.47,-684.4,-485.98,-324.96
-103.56,-161.15,-56.365,134.83,1.9892,-106.3,-283.08,-287.46,-536.61,-591.3,-417.15,-281.86
-84.613,-125.77,-37.666,107.89,1.2677,-79.794,-245.17,-249.56,-453.06,-509.79,-355.69,-240.33
-69.922,-98.626,-23.475,87.561,1.093,-59.278,-209.94,-213.88,-378.47,-436.5,-304.59,-206.5
-58.711,-78.951,-14.961,72.636,1.5765,-44.708,-177.27,-180.62,-311.6,-367.64,-259.67,-179.4
-49.373,-65.86,-13.483,61.725,2.6615,-36.091,-146.77,-149.54,-253.77,-305.51,-218.53,-155.66
-41.262,-59.174,-19.213,54.306,4.1819,-33.989,-119.26,-121.25,-206.6,-253.16,-182.5,-134.32
-34.41,-59,-26.865,50.313,5.9232,-38.876,-96.626,-97.552,-170.4,-211.58,-153.27,-116.26
-28.893,-63.031,-30.521,48.739,7.6757,-45.488,-79.968,-79.735,-144.12,-180.23,-130.91,-102.66
-24.406,-64.11,-31.146,46.716,9.2652,-46.951,-68.74,-67.624,-125.84,-157.7,-114.49,-93.939
-20.913,-61.699,-30.968,43.658,10.574,-45.687,-61.373,-59.94,-113.43,-142.29,-102.9,-89.149
-18.511,-59.123,-30.836,40.904,11.556,-44.357,-56.452,-55.22,-105.17,-132.22,-94.93,-85.454
-16.973,-57.37,-30.917,38.911,12.239,-43.593,-53.71,-52.771,-99.48,-125.7,-88.412,-80.505
-16.027,-56.451,-31.191,37.635,12.698,-43.385,-53.145,-52.3,-93.271,-120.03,-81.166,-74.922
-15.474,-56.164,-31.627,36.905,13.021,-43.585,-52.418,-51.652,-85.587,-112.25,-74.207,-69.951
-15.172,-56.279,-32.191,36.54,13.286,-44.047,-51.001,-50.279,-79.508,-103.81,-68.712,-65.992
-15.03,-56.617,-32.84,36.397,13.546,-44.643,-49.675,-48.923,-75.453,-97.186,-64.482,-62.965
-14.999,-57.042,-33.524,36.377,13.812,-45.274,-48.692,-47.847,-72.629,-92.476,-61.127,-60.701
-15.049,-57.463,-34.188,36.426,14.069,-45.867,-47.985,-47.03,-70.513,-89.058,-58.411,-59.04
-15.156,-57.831,-34.778,36.518,14.285,-46.369,-47.414,-46.38,-68.841,-86.428,-56.201,-57.842
-15.283,-58.121,-35.241,36.635,14.44,-46.746,-46.855,-45.812,-67.464,-84.284,-54.432,-56.98
-15.381,-58.323,-35.548,36.741,14.537,-46.992,-46.231,-45.263,-66.297,-82.455,-53.047,-56.346
-15.387,-58.413,-35.712,36.789,14.599,-47.12,-45.518,-44.698,-65.297,-80.856,-51.993,-55.845
-15.237,-58.366,-35.774,36.715,14.666,-47.136,-44.738,-44.102,-64.435,-79.446,-51.214,-55.409
-14.885,-58.149,-35.778,36.456,14.776,-47.045,-43.934,-43.478,-63.676,-78.197,-50.642,-55.001
-14.31,-57.74,-35.75,35.97,14.958,-46.846,-43.139,-42.834,-62.973,-77.066,-50.203,-54.597
-13.519,-57.128,-35.698,35.242,15.219,-46.556,-42.348,-42.175,-62.267,-75.992,-49.824,-54.176
-12.548,-56.331,-35.631,34.285,15.546,-46.19,-41.531,-41.487,-61.51,-74.894,-49.444,-53.705
-11.452,-55.38,-35.547,33.141,15.913,-45.77,-40.649,-40.746,-60.678,-73.7,-49.021,-53.143
-10.3,-54.311,-35.432,31.869,16.285,-45.307,-39.677,-39.927,-59.777,-72.358,-48.533,-52.463
-9.1639,-53.139,-35.262,30.525,16.635,-44.787,-38.616,-39.011,-58.837,-70.852,-47.978,-51.661
-8.0955,-51.86,-35,29.151,16.944,-44.176,-37.486,-37.992,-57.885,-69.19,-47.363,-50.759
-7.1095,-50.448,-34.611,27.761,17.207,-43.434,-36.322,-36.876,-56.931,-67.39,-46.695,-49.792
-6.1811,-48.878,-34.084,26.348,17.426,-42.535,-35.149,-35.68,-55.955,-65.46,-45.976,-48.792
-5.2726,-47.144,-33.443,24.902,17.607,-41.483,-33.976,-34.425,-54.915,-63.385,-45.198,-47.777
-4.3691,-45.27,-32.737,23.435,17.753,-40.311,-32.786,-33.136,-53.756,-61.131,-44.349,-46.758
-3.4958,-43.311,-32.016,21.983,17.852,-39.074,-31.546,-31.829,-52.435,-58.66,-43.419,-45.735
-2.7063,-41.326,-31.313,20.592,17.875,-37.822,-30.22,-30.508,-50.929,-55.96,-42.405,-44.71
-2.0564,-39.355,-30.635,19.292,17.783,-36.581,-28.789,-29.163,-49.24,-53.065,-41.313,-43.685
-1.5788,-37.408,-29.961,18.092,17.541,-35.351,-27.262,-27.773,-47.393,-50.055,-40.163,-42.661
-1.2724,-35.465,-29.257,16.978,17.128,-34.105,-25.669,-26.32,-45.422,-47.029,-38.977,-41.644
-1.1043,-33.494,-28.484,15.924,16.553,-32.801,-24.053,-24.792,-43.359,-44.067,-37.779,-40.645
-1.0213,-31.471,-27.619,14.902,15.851,-31.407,-22.451,-23.197,-41.219,-41.2,-36.583,-39.677
-0.96559,-29.397,-26.663,13.899,15.084,-29.911,-20.882,-21.545,-38.996,-38.393,-35.394,-38.751
-0.89012,-27.311,-25.645,12.92,14.32,-28.338,-19.329,-19.843,-36.658,-35.564,-34.202,-37.862
-0.76851,-25.28,-24.615,11.984,13.625,-26.743,-17.737,-18.082,-34.153,-32.61,-32.982,-36.983
-0.59624,-23.377,-23.627,11.117,13.038,-25.195,-16.031,-16.235,-31.418,-29.442,-31.705,-36.069
-0.38391,-21.649,-22.723,10.335,12.569,-23.748,-14.147,-14.276,-28.409,-26.012,-30.339,-35.065
-0.14383,-20.094,-21.923,9.6351,12.199,-22.418,-12.057,-12.187,-25.118,-22.33,-28.858,-33.919
0.12726,-18.654,-21.216,8.9827,11.893,-21.174,-9.7841,-9.9625,-21.587,-18.472,-27.242,-32.598
0.46105,-17.227,-20.579,8.3167,11.622,-19.954,-7.3973,-7.6269,-17.895,-14.563,-25.487,-31.088
0.91715,-15.704,-19.987,7.5614,11.376,-18.697,-4.996,-5.2404,-14.138,-10.734,-23.598,-29.392
1.5672,-14.012,-19.433,6.6525,11.167,-17.374,-2.6779,-2.8941,-10.393,-7.091,-21.599,-27.527
2.4685,-12.147,-18.926,5.5649,11.026,-16.001,-0.50809,-0.67737,-6.7095,-3.6915,-19.521,-25.516
3.6364,-10.182,-18.486,4.3269,10.988,-14.633,1.4936,1.3631,-3.1017,-0.54343,-17.405,-23.39
5.0269,-8.2341,-18.126,3.0114,11.079,-13.333,3.3448,3.2416,0.44016,2.3776,-15.287,-21.186
6.5409,-6.418,-17.839,1.7102,11.306,-12.142,5.0805,5.0174,3.9381,5.1092,-13.196,-18.948
8.0526,-4.8122,-17.596,0.50672,11.65,-11.069,6.7363,6.7577,7.4163,7.6889,-11.156,-16.723
9.4479,-3.4445,-17.354,-0.54263,12.072,-10.093,8.3404,8.5023,10.898,10.151,-9.1759,-14.551
10.653,-2.2948,-17.062,-1.4184,12.521,-9.1685,9.9121,10.249,14.406,12.533,-7.2523,-12.448
11.648,-1.305,-16.673,-2.1407,12.941,-8.2444,11.46,11.966,17.972,14.878,-5.3589,-10.388
12.462,-0.39398,-16.157,-2.7625,13.288,-7.2725,12.983,13.613,21.629,17.24,-3.4509,-8.3042
13.157,0.52182,-15.509,-3.3524,13.531,-6.2213,14.474,15.163,25.415,19.678,-1.4721,-6.0973
13.802,1.5052,-14.753,-3.9735,13.651,-5.0864,15.926,16.607,29.359,22.253,0.63741,-3.6639
14.452,2.5833,-13.946,-4.6678,13.644,-3.892,17.336,17.954,33.473,25.011,2.9349,-0.9272
15.136,3.7477,-13.164,-5.4535,13.517,-2.6846,18.709,19.22,37.742,27.984,5.4672,2.1422
15.869,4.9674,-12.488,-6.3327,13.287,-1.5191,20.051,20.428,42.121,31.171,8.2604,5.5205
16.659,6.2077,-11.987,-7.2996,12.975,-0.44004,21.371,21.599,46.54,34.538,11.31,9.1376
17.516,7.4428,-11.686,-8.3446,12.607,0.53439,22.668,22.751,50.909,38.017,14.579,12.888
18.435,8.6592,-11.555,-9.4534,12.211,1.4191,23.93,23.893,55.132,41.518,17.999,16.647
19.408,9.8526,-11.513,-10.605,11.838,2.2578,25.135,25.02,59.116,44.951,21.486,20.289
20.427,11.023,-11.446,-11.77,11.567,3.1103,26.255,26.117,62.782,48.241,24.955,23.715
21.5,12.169,-11.237,-12.917,11.495,4.032,27.262,27.163,66.079,51.339,28.346,26.876
22.645,13.281,-10.796,-14.01,11.689,5.0525,28.141,28.14,68.989,54.213,31.626,29.776
23.862,14.344,-10.075,-15.018,12.141,6.163,28.885,29.036,71.521,56.853,34.787,32.459
25.124,15.34,-9.0862,-15.919,12.781,7.32,29.501,29.837,73.696,59.258,37.829,34.982
26.382,16.262,-7.8969,-16.712,13.522,8.4648,30,30.528,75.544,61.433,40.749,37.394
27.581,17.118,-6.6157,-17.423,14.285,9.5477,30.403,31.096,77.093,63.389,43.541,39.724
28.679,17.932,-5.3578,-18.089,14.988,10.543,30.739,31.539,78.37,65.131,46.203,41.986
29.649,18.732,-4.2146,-18.751,15.542,11.447,31.039,31.868,79.399,66.662,48.735,44.178
30.462,19.533,-3.2418,-19.43,15.867,12.264,31.328,32.106,80.197,67.982,51.137,46.29
31.084,20.33,-2.4645,-20.119,15.905,12.997,31.621,32.279,80.777,69.088,53.398,48.296
31.475,21.09,-1.8818,-20.782,15.639,13.637,31.92,32.413,81.144,69.979,55.496,50.161
31.607,21.767,-1.4652,-21.363,15.096,14.177,32.212,32.524,81.309,70.661,57.4,51.848
31.48,22.316,-1.1562,-21.806,14.347,14.612,32.484,32.618,81.284,71.138,59.077,53.332
31.122,22.707,-0.86602,-22.063,13.49,14.953,32.718,32.694,81.093,71.42,60.493,54.601
30.577,22.931,-0.48299,-22.107,12.629,15.226,32.902,32.742,80.766,71.512,61.617,55.664
29.876,23.008,0.10806,-21.936,11.848,15.473,33.025,32.747,80.332,71.423,62.425,56.539
29.037,22.975,0.9926,-21.574,11.198,15.741,33.081,32.698,79.811,71.164,62.914,57.251
28.072,22.885,2.1915,-21.076,10.69,16.064,33.079,32.591,79.217,70.752,63.106,57.826
27.007,22.794,3.6418,-20.521,10.305,16.454,33.033,32.437,78.56,70.207,63.049,58.29
25.894,22.742,5.2042,-19.991,9.9943,16.892,32.967,32.252,77.852,69.555,62.801,58.668
24.811,22.75,6.6988,-19.553,9.7046,17.338,32.905,32.058,77.113,68.832,62.414,58.982
23.848,22.816,7.9594,-19.245,9.3992,17.744,32.865,31.876,76.375,68.078,61.929,59.253
23.089,22.921,8.8811,-19.075,9.0716,18.071,32.857,31.723,75.673,67.339,61.375,59.496
22.58,23.048,9.4416,-19.034,8.7377,18.301,32.887,31.613,75.043,66.656,60.782,59.719
22.324,23.188,9.6944,-19.102,8.4185,18.441,32.959,31.561,74.508,66.06,60.185,59.915
22.286,23.341,9.7448,-19.252,8.131,18.521,33.071,31.584,74.08,65.571,59.621,60.073
22.412,23.514,9.7236,-19.458,7.8902,18.58,33.217,31.691,73.756,65.196,59.114,60.182
22.647,23.719,9.7595,-19.696,7.7131,18.661,33.384,31.88,73.523,64.934,58.663,60.236
22.941,23.968,9.9553,-19.948,7.6137,18.801,33.554,32.136,73.364,64.775,58.244,60.232
23.254,24.272,10.37,-20.209,7.5897,19.026,33.708,32.431,73.261,64.71,57.821,60.17
23.546,24.638,11.016,-20.474,7.6124,19.349,33.839,32.737,73.207,64.723,57.369,60.043
23.776,25.064,11.858,-20.74,7.6272,19.766,33.944,33.032,73.194,64.794,56.876,59.846
23.909,25.535,12.834,-20.997,7.5662,20.257,34.034,33.302,73.216,64.9,56.35,59.572
23.916,26.024,13.861,-21.227,7.368,20.79,34.121,33.548,73.253,65.017,55.804,59.221
23.778,26.495,14.859,-21.407,6.9955,21.322,34.223,33.778,73.273,65.124,55.252,58.805
23.487,26.909,15.769,-21.508,6.4432,21.812,34.353,34.007,73.231,65.204,54.701,58.337
23.027,27.227,16.565,-21.504,5.7248,22.227,34.519,34.244,73.076,65.232,54.14,57.829
22.359,27.415,17.258,-21.363,4.8503,22.551,34.714,34.489,72.749,65.174,53.542,57.278
21.415,27.454,17.886,-21.054,3.8118,22.785,34.92,34.726,72.194,64.988,52.864,56.661
20.111,27.333,18.499,-20.546,2.5946,22.945,35.106,34.927,71.36,64.619,52.062,55.944
18.391,27.054,19.125,-19.818,1.2053,23.047,35.235,35.059,70.211,64.006,51.094,55.083
16.265,26.63,19.767,-18.87,-0.31169,23.104,35.272,35.092,68.724,63.087,49.926,54.03
13.804,26.076,20.41,-17.72,-1.8928,23.121,35.195,35.008,66.898,61.816,48.535,52.736
11.103,25.416,21.044,-16.403,-3.495,23.101,34.991,34.804,64.75,60.174,46.898,51.151
8.2501,24.673,21.671,-14.951,-5.1115,23.057,34.665,34.491,62.319,58.178,44.998,49.235
5.3294,23.875,22.303,-13.399,-6.7473,23.002,34.232,34.089,59.662,55.881,42.828,46.974
2.4317,23.05,22.947,-11.789,-8.3863,22.952,33.715,33.623,56.838,53.35,40.399,44.388
-0.34544,22.227,23.59,-10.17,-9.9875,22.915,33.143,33.112,53.891,50.646,37.747,41.532
-2.9099,21.423,24.204,-8.5946,-11.503,22.884,32.541,32.572,50.839,47.802,34.924,38.477
-5.19,20.636,24.741,-7.1079,-12.887,22.836,31.921,32.006,47.681,44.834,31.988,35.3
-7.1445,19.846,25.153,-5.7323,-14.087,22.734,31.284,31.41,44.418,41.749,28.989,32.069
-8.7648,19.018,25.398,-4.4657,-15.053,22.54,30.621,30.774,41.069,38.571,25.973,28.847
-10.067,18.114,25.455,-3.2876,-15.763,22.222,29.924,30.091,37.686,35.351,22.98,25.695
-11.083,17.104,25.326,-2.174,-16.25,21.762,29.189,29.363,34.351,32.158,20.05,22.671
-11.844,15.983,25.031,-1.1122,-16.581,21.155,28.43,28.603,31.156,29.063,17.222,19.825
-12.375,14.767,24.586,-0.10798,-16.809,20.41,27.671,27.836,28.181,26.121,14.526,17.188
-12.693,13.493,23.994,0.81832,-16.924,19.548,26.942,27.091,25.47,23.359,11.983,14.765
-12.805,12.205,23.24,1.6452,-16.852,18.585,26.267,26.39,23.035,20.782,9.6057,12.542
-12.722,10.927,22.296,2.3665,-16.482,17.533,25.658,25.744,20.868,18.386,7.3967,10.498
-12.466,9.6585,21.14,3.002,-15.722,16.394,25.114,25.151,18.955,16.166,5.352,8.6106
-12.09,8.3762,19.779,3.5951,-14.547,15.171,24.628,24.598,17.29,14.123,3.4617,6.8589
-11.671,7.059,18.276,4.1991,-13.03,13.893,24.193,24.07,15.873,12.271,1.7143,5.2242
-11.302,5.7051,16.749,4.86,-11.329,12.613,23.801,23.556,14.706,10.628,0.10569,3.693
-11.066,4.3335,15.339,5.6038,-9.6521,11.397,23.444,23.055,13.782,9.2148,-1.3539,2.2639
-11.012,2.9691,14.154,6.4331,-8.1878,10.288,23.11,22.568,13.082,8.0383,-2.6423,0.94724
-11.153,1.6219,13.221,7.3329,-7.0578,9.2841,22.783,22.1,12.567,7.0842,-3.7396,-0.24421
-11.469,0.27612,12.484,8.2816,-6.3049,8.3317,22.445,21.65,12.184,6.3168,-4.6443,-1.3089
-11.928,-1.1061,11.833,9.2636,-5.9188,7.3496,22.073,21.208,11.878,5.6932,-5.3809,-2.2629
-12.504,-2.5639,11.161,10.274,-5.8644,6.2654,21.647,20.761,11.608,5.1808,-5.9932,-3.1317
-13.183,-4.1097,10.409,11.314,-6.0959,5.0533,21.155,20.296,11.359,4.7682,-6.5296,-3.9361
-13.965,-5.7052,9.6073,12.376,-6.5737,3.7623,20.594,19.81,11.14,4.4625,-7.0274,-4.6809
-14.847,-7.2528,8.8903,13.438,-7.285,2.5218,19.978,19.315,10.977,4.2788,-7.5026,-5.3554
-15.81,-8.6115,8.4609,14.456,-8.2357,1.5143,19.335,18.83,10.899,4.2282,-7.9479,-5.9424
-16.815,-9.6345,8.5144,15.379,-9.4036,0.91756,18.701,18.381,10.918,4.3097,-8.3374,-6.4305
-17.805,-10.219,9.1511,16.163,-10.699,0.84093,18.111,17.985,11.026,4.5092,-8.6349,-6.8272
-18.721,-10.345,10.326,16.789,-11.98,1.2851,17.582,17.644,11.183,4.8023,-8.8051,-7.1645
-19.514,-10.084,11.859,17.265,-13.109,2.143,17.104,17.341,11.338,5.1584,-8.8279,-7.4965
-20.156,-9.572,13.504,17.618,-14.004,3.238,16.646,17.046,11.433,5.5455,-8.7078,-7.8827
-20.637,-8.9621,15.041,17.88,-14.655,4.3798,16.172,16.728,11.424,5.9343,-8.4744,-8.3664
-20.966,-8.3751,16.333,18.068,-15.113,5.4175,15.654,16.371,11.29,6.3013,-8.17,-8.9564
-21.163,-7.8643,17.339,18.178,-15.462,6.2727,15.088,15.979,11.034,6.6307,-7.8306,-9.6191
-21.252,-7.4075,18.092,18.181,-15.79,6.944,14.492,15.582,10.683,6.917,-7.4701,-10.284
-21.252,-6.9311,18.662,18.042,-16.152,7.4845,13.898,15.227,10.27,7.1652,-7.079,-10.859
-21.171,-6.3588,19.116,17.731,-16.538,7.9628,13.349,14.964,9.8257,7.3865,-6.6377,-11.252
-21.016,-5.6581,19.495,17.254,-16.88,8.427,12.878,14.817,9.3708,7.5885,-6.1368,-11.401
-20.787,-4.8592,19.804,16.649,-17.088,8.8877,12.512,14.771,8.9111,7.7684,-5.5907,-11.29
-20.494,-4.0369,20.024,15.977,-17.099,9.3254,12.254,14.773,8.4408,7.9112,-5.0345,-10.96
-20.147,-3.2697,20.134,15.304,-16.894,9.7152,12.09,14.752,7.9467,7.9947,-4.5095,-10.497
-19.759,-2.6014,20.137,14.675,-16.501,10.05,12,14.645,7.4143,7.9975,-4.047,-10.006
-19.342,-2.0248,20.068,14.101,-15.978,10.348,11.965,14.423,6.8327,7.9062,-3.6585,-9.5795
-18.904,-1.4951,19.979,13.568,-15.4,10.641,11.973,14.084,6.1951,7.7184,-3.333,-9.2741
-18.457,-0.96381,19.915,13.053,-14.847,10.952,12.012,13.654,5.4913,7.44,-3.0453,-9.1032
-18.016,-0.41103,19.892,12.54,-14.376,11.28,12.057,13.164,4.6988,7.0796,-2.7712,-9.0414
-17.594,0.14431,19.897,12.031,-14.003,11.596,12.06,12.642,3.7812,6.6433,-2.5032,-9.0416
-17.204,0.66239,19.898,11.54,-13.702,11.866,11.961,12.103,2.7022,6.1323,-2.2583,-9.051
-16.843,1.1185,19.859,11.072,-13.414,12.073,11.7,11.551,1.4451,5.545,-2.0714,-9.0201
-16.497,1.5383,19.776,10.608,-13.085,12.237,11.248,10.985,0.030639,4.8845,-1.9774,-8.903
-16.141,2.0142,19.693,10.097,-12.698,12.433,10.612,10.411,-1.4785,4.1675,-1.9885,-8.6586
-15.746,2.6926,19.687,9.4579,-12.285,12.777,9.8458,9.8473,-2.9848,3.4328,-2.0808,-8.2547
-15.285,3.7327,19.868,8.6046,-11.907,13.403,9.0423,9.3221,-4.3732,2.7422,-2.1944,-7.675
-14.739,5.25,20.333,7.4649,-11.636,14.408,8.3104,8.8662,-5.5348,2.1705,-2.2484,-6.9208
-14.097,7.2724,21.123,5.9998,-11.536,15.809,7.7459,8.5024,-6.3918,1.7867,-2.1636,-6.0059
-13.356,9.7365,22.221,4.2074,-11.65,17.542,7.404,8.2436,-6.9135,1.6344,-1.8813,-4.9481
-12.522,12.532,23.582,2.1128,-12.002,19.516,7.2914,8.0967,-7.1155,1.7218,-1.3736,-3.7643
-11.607,15.573,25.222,-0.25025,-12.605,21.689,7.3786,8.0698,-7.0439,2.023,-0.64285,-2.4728
-10.624,18.855,27.289,-2.8517,-13.484,24.15,7.6217,8.174,-6.7545,2.4909,0.28894,-1.0995
-9.5847,22.493,30.139,-5.6688,-14.69,27.182,7.9798,8.4208,-6.2945,3.0745,1.3929,0.32179
-8.4967,26.709,34.329,-8.681,-16.316,31.264,8.423,8.8165,-5.6917,3.7381,2.6453,1.7594
-7.3593,31.771,40.299,-11.864,-18.463,36.912,8.9322,9.3578,-4.9502,4.472,4.033,3.2001
-6.168,37.91,47.995,-15.193,-21.163,44.371,9.4944,10.029,-4.0571,5.2938,5.553,4.6601
-4.9208,45.274,56.961,-18.649,-24.333,53.469,10.098,10.802,-2.9955,6.2384,7.2088,6.1859
-3.6238,53.97,66.7,-22.234,-27.822,63.788,10.734,11.633,-1.7568,7.3432,9.0053,7.8442
-2.2898,64.097,76.832,-25.979,-31.49,74.88,11.387,12.463,-0.34772,8.6319,10.945,9.7046
-0.93026,75.658,87.076,-29.962,-35.22,86.334,12.026,13.218,1.2064,10.101,13.025,11.818
0.45668,88.369,97.195,-34.318,-38.91,97.759,12.59,13.813,2.8534,11.713,15.232,14.196
1.8943,101.54,106.94,-39.234,-42.461,108.78,13.002,14.163,4.5055,13.398,17.538,16.803
3.4241,114.34,116.07,-44.898,-45.778,119.09,13.194,14.198,6.0392,15.068,19.899,19.56
5.0915,126.2,124.37,-51.393,-48.772,128.54,13.112,13.868,7.312,16.634,22.258,22.365
6.9273,137.02,131.76,-58.589,-51.35,137.14,12.706,13.143,8.1936,18.027,24.56,25.123
8.9348,146.91,138.24,-66.113,-53.423,145.01,11.917,12.004,8.5981,19.207,26.759,27.774
11.089,155.94,143.86,-73.475,-54.924,152.23,10.66,10.419,8.5016,20.162,28.823,30.296
13.349,164.03,148.59,-80.262,-55.83,158.73,8.7678,8.2943,7.9381,20.893,30.719,32.699
15.669,171.05,152.4,-86.251,-56.183,164.33,5.9375,5.3902,6.9769,21.405,32.413,35.006
18.013,176.96,155.3,-91.397,-56.09,168.93,1.7761,1.3307,5.6974,21.698,33.862,37.227
20.36,181.82,157.41,-95.762,-55.689,172.56,-3.9629,-4.1842,4.1729,21.773,35.039,39.358
22.698,185.74,158.86,-99.455,-55.094,175.34,-11.142,-11.099,2.4683,21.647,35.943,41.378
25.023,188.89,159.81,-102.6,-54.348,177.41,-19.229,-18.92,0.64529,21.363,36.62,43.265
27.323,191.43,160.32,-105.3,-53.43,178.91,-27.444,-26.858,-1.236,20.989,37.146,45.013
29.567,193.47,160.44,-107.67,-52.296,179.97,-34.934,-34.06,-3.123,20.599,37.606,46.622
31.706,195.11,160.17,-109.78,-50.903,180.65,-40.949,-39.828,-4.9834,20.248,38.056,48.089
33.677,196.39,159.5,-111.66,-49.218,180.98,-45.041,-43.796,-6.8156,19.954,38.494,49.397
35.426,197.31,158.45,-113.31,-47.213,180.97,-47.217,-46.014,-8.6493,19.68,38.853,50.505
36.923,197.87,157.07,-114.72,-44.876,180.66,-47.951,-46.904,-10.535,19.353,39.013,51.356
38.167,198.11,155.39,-115.87,-42.23,180.09,-47.916,-47.034,-12.526,18.88,38.835,51.884
39.171,198.11,153.3,-116.73,-39.343,179.32,-47.627,-46.877,-14.66,18.185,38.201,52.025
39.948,197.82,150.48,-117.24,-36.293,178.13,-47.301,-46.68,-16.943,17.231,37.046,51.722
40.494,196.87,146.46,-117.22,-33.108,176.01,-46.955,-46.502,-19.334,16.023,35.372,50.926
40.782,194.48,140.88,-116.31,-29.766,172.21,-46.545,-46.308,-21.749,14.595,33.242,49.598
40.749,189.63,133.58,-113.95,-26.271,166.06,-46.041,-46.04,-24.086,12.984,30.742,47.701
40.296,181.45,124.55,-109.57,-22.725,157.09,-45.441,-45.659,-26.259,11.21,27.949,45.199
39.297,169.44,113.94,-102.82,-19.299,145.24,-44.755,-45.148,-28.23,9.2604,24.906,42.068
37.645,153.82,102.09,-93.829,-16.134,130.94,-43.993,-44.519,-30.018,7.1018,21.63,38.31
35.295,135.51,89.583,-83.087,-13.286,115.1,-43.169,-43.803,-31.688,4.6912,18.127,33.972
32.289,115.9,77.21,-71.311,-10.742,98.9,-42.303,-43.044,-33.33,1.9994,14.399,29.148
28.731,96.435,65.703,-59.245,-8.4708,83.359,-41.429,-42.295,-35.035,-0.97625,10.461,23.971
24.76,78.133,55.374,-47.541,-6.4408,69.083,-40.597,-41.608,-36.876,-4.2127,6.331,18.583
20.517,61.491,46.047,-36.696,-4.6066,56.177,-39.86,-41.02,-38.894,-7.6762,2.0405,13.122
16.14,46.603,37.288,-27.031,-2.8866,44.384,-39.257,-40.543,-41.097,-11.344,-2.3708,7.7186
11.767,33.435,28.799,-18.686,-1.1829,33.431,-38.795,-40.162,-43.463,-15.221,-6.855,2.5014
7.5448,22.098,20.792,-11.631,0.5591,23.47,-38.456,-39.842,-45.942,-19.343,-11.36,-2.4116
3.6254,12.838,13.851,-5.6936,2.3199,15.169,-38.2,-39.539,-48.464,-23.754,-15.832,-6.9261
0.13692,5.5698,8.0677,-0.62739,4.0345,8.8706,-37.986,-39.209,-50.938,-28.464,-20.216,-10.99
-2.8379,-0.3981,2.8408,3.7877,5.6309,3.8571,-37.776,-38.815,-53.27,-33.399,-24.449,-14.597
-5.2686,-5.8739,-2.2023,7.6893,7.0438,-0.87955,-37.542,-38.331,-55.377,-38.368,-28.453,-17.777
-7.1793,-11.24,-6.8809,11.148,8.2164,-5.7236,-37.271,-37.756,-57.203,-43.11,-32.131,-20.57
-8.6492,-16.459,-10.902,14.202,9.106,-10.496,-36.961,-37.115,-58.732,-47.373,-35.39,-23.014
-9.7894,-21.331,-14.146,16.873,9.7,-14.894,-36.622,-36.455,-59.983,-50.995,-38.154,-25.135
-10.7,-25.682,-16.656,19.169,10.032,-18.728,-36.265,-35.832,-60.993,-53.925,-40.387,-26.948
-11.441,-29.396,-18.548,21.089,10.181,-21.927,-35.901,-35.291,-61.807,-56.198,-42.091,-28.454
-12.025,-32.411,-19.955,22.616,10.251,-24.484,-35.534,-34.846,-62.456,-57.88,-43.292,-29.653
-12.442,-34.701,-20.991,23.744,10.334,-26.414,-35.149,-34.474,-62.951,-59.037,-44.033,-30.546
-12.69,-36.288,-21.739,24.488,10.49,-27.757,-34.715,-34.105,-63.278,-59.726,-44.373,-31.154
-12.792,-37.247,-22.256,24.913,10.74,-28.578,-34.169,-33.641,-63.41,-60.007,-44.398,-31.53
-12.801,-37.724,-22.582,25.13,11.061,-28.976,-33.417,-32.961,-63.309,-59.952,-44.223,-31.767
-12.79,-37.913,-22.747,25.277,11.401,-29.074,-32.335,-31.931,-62.939,-59.643,-43.977,-31.985
-12.823,-38.011,-22.774,25.477,11.696,-29.01,-30.79,-30.42,-62.257,-59.156,-43.768,-32.31
-12.933,-38.168,-22.678,25.794,11.889,-28.908,-28.663,-28.32,-61.214,-58.516,-43.643,-32.829
-13.11,-38.425,-22.491,26.219,11.945,-28.84,-25.91,-25.596,-59.734,-57.648,-43.554,-33.547
-13.306,-38.701,-22.237,26.652,11.868,-28.797,-22.596,-22.319,-57.694,-56.314,-43.326,-34.363
-13.442,-38.798,-21.92,26.925,11.693,-28.682,-18.888,-18.636,-54.874,-54.018,-42.606,-35.046
-13.419,-38.401,-21.49,26.803,11.468,-28.29,-14.959,-14.708,-50.912,-49.891,-40.819,-35.215
-13.12,-37.053,-20.815,25.99,11.232,-27.3,-10.946,-10.709,-45.462,-42.832,-37.098,-34.312
-12.401,-34.139,-19.665,24.146,10.995,-25.249,-7.0358,-6.9267,-39.662,-34.199,-30.688,-31.623
-11.09,-29.088,-17.688,21.034,10.749,-21.58,-3.6601,-3.9131,-42.475,-46.231,-27.201,-26.998
-9.2862,-22.858,-14.464,17.373,10.498,-16.276,-1.3529,-2.0862,-58.849,-73.495,-56.927,-30.496
-11.622,-27.141,-10.181,20.715,10.276,-14.326,1.9698,1.7348,-51.187,-71.53,-66.307,-58.934
-29.949,-52.491,-8.1431,43.891,10.146,-27.965,13.444,14.329,-33.713,-64.921,-70.04,-67.075
-36.392,-60.726,-10.474,52.616,10.145,-36.485,29.247,30.09,-13.13,-52.328,-69.812,-71.162
-36.553,-60.288,-10.74,52.679,10.089,-36.789,43.107,43.659,10.821,-30.781,-61.713,-69.756
-32.151,-53.979,-7.1226,47.244,8.8813,-33.042,55.445,55.731,39.626,3.6386,-40.748,-59.122
-22.06,-39.576,0.14082,34.656,6.3841,-24.182,67.176,67.352,76.554,55.869,-0.93146,-34.813
-5.3456,-13.774,9.4917,13.044,8.1538,-7.2412,79.913,80.178,127.47,131.42,64.204,8.0544
18.995,27.262,21.492,-19.697,10.914,21.451,96.394,96.911,199.66,236.79,160.6,74.137
51.758,86.584,43.266,-65.471,14.387,64.598,118.56,119.24,296.62,375.4,291.1,165.71
93.327,164.33,76.763,-124.85,19.052,121.95,147.06,147.62,415.51,542.89,451.36,280.15
143.97,254.36,115.76,-194.55,24.95,188.01,182.42,182.66,553.51,734.42,632.88,415.64
198.36,343.71,151.04,-265.14,32.848,251.93,225.19,225.2,711.61,947.07,825.83,556.18
248.81,417.98,172.84,-326.79,44.905,301.39,270.23,269.81,847.68,1131.7,993.92,677.04
292,464.72,174.36,-371.56,63.686,326.18,301.85,301.19,943.25,1275.9,1124.8,768.69
324.21,477.48,154.21,-394.38,90.302,322.15,308.09,307.76,979.85,1359.2,1203.9,822.29
342.44,457.47,116.95,-394.16,119.61,292.35,283.23,283.51,940.96,1365.9,1221.7,833.94
344.43,411.38,71.142,-372.9,143.56,244.94,224.28,225.28,817.53,1286.1,1174,804.07
328.57,347.58,25.619,-333.8,157.84,189.01,132.31,134.02,609.51,1115.4,1060.3,735.76
294.4,272.29,-13.9,-279.63,159.83,130.84,13.511,15.659,327.15,856.26,883.61,633.09
243.12,188.53,-45.999,-212.51,149.85,72.671,-121.27,-118.96,-7.6079,521.24,651.33,500.75
178.13,98.145,-72.272,-135.15,130.74,14.367,-257.44,-255.25,-362.15,135.52,377.75,345.1
105.2,4.4829,-94.708,-52.344,106.36,-43.67,-379.98,-378.15,-697.56,-263.69,85.208,176.07
31.726,-86.544,-114.11,29.239,80.467,-99.002,-477.5,-476.14,-977.57,-633.29,-197.88,7.108
-34.994,-168.32,-130.63,102.93,56.142,-148.16,-544.68,-543.69,-1177.3,-935.13,-443.23,-147.03
-89.599,-235.64,-144.1,163.87,35.603,-188.4,-581.97,-581.08,-1288.5,-1144.9,-630,-274.2
-129.67,-285.35,-153.7,209.33,20.063,-217.87,-593.41,-592.25,-1318.5,-1256.4,-749.6,-367.32
-155.42,-316.66,-158.31,238.62,9.5456,-235.95,-584.51,-582.77,-1285.3,-1280.6,-805.34,-425.03
-168.71,-331.01,-157.21,253.06,3.3414,-243.18,-560.73,-558.37,-1210.5,-1238.8,-809.35,-451.24
-172.31,-330.69,-150.69,255.1,0.61517,-240.41,-526.54,-523.71,-1113.3,-1155.7,-777.37,-452.88
-169.15,-317.66,-139.23,247.27,-0.26739,-228.27,-485.37,-482.45,-1007.2,-1052.4,-723.89,-437.44
-161.54,-293.5,-123.03,231.48,-1.7222,-207.43,-440.13,-437.43,-899.43,-943.38,-659.69,-411.06
-150.64,-259.98,-102.6,209.22,-4.689,-179.3,-393.65,-391.38,-793.22,-836.03,-591.4,-378.04
-137.06,-219.96,-79.661,182.04,-6.8435,-146.86,-348.15,-346.3,-690.84,-733.24,-522.72,-340.82
-121.36,-178.3,-56.767,152.26,-8.2289,-114.63,-304.55,-303.08,-595.26,-635.58,-454.83,-300.06
-104.4,-140.8,-36.21,124.23,-9.7096,-86.265,-263.33,-262.05,-508.52,-545.09,-389.63,-256.32
-88.619,-110.2,-19.655,101.16,-10.666,-63.157,-224.44,-223.17,-429.59,-464.84,-332.69,-215.73
-75.153,-86.364,-8.5357,82.888,-10.635,-45.645,-188.09,-186.64,-357.38,-392.69,-284.33,-183.3
-63.334,-69.055,-4.3989,68.475,-9.4276,-34.276,-154.86,-153.07,-292.42,-327.63,-240.81,-156.78
-52.635,-58.655,-8.3292,57.724,-7.1422,-29.862,-125.03,-122.82,-236.79,-271.46,-201.8,-134.07
-43.136,-55.348,-17.431,50.802,-4.109,-32.809,-99.168,-96.685,-192.22,-225.57,-168.95,-115.07
-35.168,-57.934,-24.054,47.455,-0.7332,-39.869,-78.583,-76.1,-158.85,-190.15,-142.99,-100.43
-28.933,-61.085,-26.024,46.065,2.6197,-43.066,-64.125,-61.848,-135.23,-164.27,-123.41,-90.485
-24.282,-59.583,-26.001,43.916,5.6346,-41.76,-54.973,-53.103,-119.13,-146.33,-109.23,-84.673
-20.848,-55.975,-25.69,40.729,8.0467,-39.574,-49.312,-48.138,-108.42,-134.51,-99.445,-80.133
-18.495,-52.858,-25.63,37.782,9.7221,-37.983,-46.413,-46.103,-101.44,-126.98,-92.482,-73.558
-17.096,-50.867,-25.886,35.613,10.726,-37.262,-45.937,-46.055,-95.495,-121.22,-85.687,-66.458
-16.368,-50.002,-26.357,34.271,11.242,-37.316,-44.675,-44.729,-86.86,-113.22,-78.607,-60.807
-16.074,-50.031,-26.928,33.629,11.422,-37.931,-42.483,-42.634,-78.91,-103.4,-72.783,-56.758
-16.077,-50.664,-27.537,33.523,11.353,-38.866,-40.302,-40.736,-73.701,-95.541,-68.373,-53.963
-16.304,-51.644,-28.145,33.814,11.104,-39.923,-38.485,-39.29,-70.235,-90.176,-64.952,-52.075
-16.721,-52.785,-28.682,34.401,10.756,-40.966,-37.129,-38.307,-67.828,-86.527,-62.228,-50.809
-17.288,-53.954,-29.077,35.193,10.376,-41.907,-36.227,-37.705,-66.176,-83.994,-60.027,-49.933
-17.937,-55.042,-29.325,36.08,10.014,-42.686,-35.695,-37.361,-65.092,-82.21,-58.235,-49.273
-18.578,-55.937,-29.483,36.943,9.7182,-43.254,-35.409,-37.148,-64.409,-80.925,-56.762,-48.684
-19.128,-56.553,-29.565,37.666,9.5094,-43.577,-35.242,-36.963,-63.972,-79.94,-55.525,-48.067
-19.528,-56.843,-29.534,38.164,9.3782,-43.63,-35.104,-36.746,-63.653,-79.097,-54.452,-47.37
-19.749,-56.814,-29.382,38.398,9.3131,-43.438,-34.956,-36.469,-63.35,-78.279,-53.474,-46.576
-19.788,-56.506,-29.15,38.358,9.3153,-43.057,-34.787,-36.13,-62.985,-77.403,-52.526,-45.703
-19.658,-55.973,-28.899,38.057,9.3899,-42.57,-34.58,-35.733,-62.491,-76.415,-51.553,-44.783
-19.377,-55.277,-28.685,37.523,9.5329,-42.049,-34.294,-35.283,-61.818,-75.284,-50.514,-43.857
-18.959,-54.469,-28.547,36.786,9.7281,-41.553,-33.873,-34.777,-60.944,-73.998,-49.393,-42.947
-18.405,-53.587,-28.501,35.873,9.9514,-41.117,-33.268,-34.213,-59.879,-72.567,-48.206,-42.053
-17.714,-52.65,-28.531,34.815,10.176,-40.747,-32.457,-33.592,-58.673,-71.019,-46.991,-41.154
-16.897,-51.668,-28.585,33.655,10.384,-40.412,-31.459,-32.925,-57.396,-69.395,-45.798,-40.228
-15.992,-50.643,-28.588,32.456,10.574,-40.058,-30.333,-32.231,-56.122,-67.737,-44.675,-39.272
-15.064,-49.581,-28.469,31.292,10.763,-39.623,-29.175,-31.536,-54.91,-66.082,-43.653,-38.309
-14.164,-48.494,-28.193,30.222,10.969,-39.07,-28.092,-30.869,-53.782,-64.458,-42.742,-37.378
-13.319,-47.395,-27.78,29.27,11.202,-38.397,-27.179,-30.26,-52.724,-62.876,-41.933,-36.516
-12.532,-46.301,-27.293,28.425,11.464,-37.64,-26.477,-29.734,-51.678,-61.325,-41.207,-35.747
-11.806,-45.223,-26.807,27.657,11.746,-36.848,-25.96,-29.289,-50.562,-59.761,-40.539,-35.066
-11.156,-44.145,-26.374,26.919,12.026,-36.054,-25.551,-28.895,-49.283,-58.119,-39.904,-34.444
-10.608,-43.014,-26.002,26.152,12.258,-35.251,-25.152,-28.49,-47.76,-56.338,-39.267,-33.83
-10.178,-41.733,-25.65,25.288,12.386,-34.385,-24.685,-27.997,-45.942,-54.375,-38.593,-33.161
-9.8632,-40.192,-25.26,24.263,12.36,-33.386,-24.107,-27.342,-43.822,-52.218,-37.842,-32.372
-9.6254,-38.315,-24.789,23.035,12.154,-32.203,-23.408,-26.469,-41.428,-49.873,-36.978,-31.413
-9.4006,-36.098,-24.232,21.607,11.787,-30.838,-22.594,-25.348,-38.805,-47.336,-35.969,-30.261
-9.1117,-33.629,-23.627,20.028,11.314,-29.354,-21.669,-23.984,-35.998,-44.584,-34.795,-28.938
-8.6877,-31.067,-23.03,18.383,10.816,-27.853,-20.637,-22.414,-33.047,-41.575,-33.45,-27.504
-8.0798,-28.59,-22.488,16.767,10.381,-26.434,-19.498,-20.698,-29.994,-38.283,-31.948,-26.041
-7.2737,-26.339,-22.018,15.26,10.082,-25.162,-18.262,-18.899,-26.891,-34.734,-30.325,-24.629
-6.2976,-24.385,-21.597,13.912,9.963,-24.042,-16.95,-17.067,-23.794,-31.015,-28.632,-23.327
-5.218,-22.717,-21.175,12.743,10.032,-23.028,-15.601,-15.237,-20.754,-27.252,-26.929,-22.164
-4.12,-21.268,-20.692,11.747,10.255,-22.038,-14.254,-13.424,-17.799,-23.563,-25.262,-21.143
-3.0796,-19.95,-20.103,10.897,10.567,-21.001,-12.942,-11.618,-14.93,-20.022,-23.658,-20.24
-2.1426,-18.697,-19.405,10.155,10.893,-19.889,-11.68,-9.8006,-12.124,-16.648,-22.121,-19.421
-1.3215,-17.5,-18.649,9.4926,11.183,-18.749,-10.47,-7.9634,-9.3493,-13.421,-20.636,-18.643
-0.61572,-16.406,-17.942,8.898,11.416,-17.695,-9.297,-6.1249,-6.5755,-10.295,-19.178,-17.866
-0.037277,-15.486,-17.403,8.3791,11.593,-16.861,-8.1264,-4.3177,-3.7758,-7.2275,-17.721,-17.059
0.38193,-14.794,-17.103,7.9528,11.705,-16.331,-6.8959,-2.5596,-0.93041,-4.1906,-16.24,-16.203
0.60359,-14.325,-17.022,7.6316,11.715,-16.092,-5.5292,-0.83808,1.9694,-1.183,-14.716,-15.292
0.59873,-14.017,-17.063,7.4165,11.575,-16.04,-3.9663,0.87409,4.9153,1.7716,-13.139,-14.337
0.35404,-13.776,-17.104,7.2989,11.257,-16.028,-2.197,2.5849,7.8803,4.6365,-11.509,-13.365
-0.12762,-13.526,-17.058,7.2691,10.774,-15.93,-0.27469,4.2611,10.828,7.3808,-9.8412,-12.418
-0.82548,-13.239,-16.896,7.3228,10.182,-15.691,1.6988,5.8357,13.73,9.9958,-8.1575,-11.539
-1.6945,-12.948,-16.646,7.4618,9.5606,-15.335,3.6094,7.2385,16.58,12.501,-6.4714,-10.752
-2.6599,-12.716,-16.361,7.6867,8.9868,-14.932,5.3675,8.4276,19.398,14.937,-4.7797,-10.046
-3.622,-12.61,-16.1,7.9881,8.5174,-14.574,6.9277,9.4054,22.23,17.356,-3.0594,-9.3746
-4.4692,-12.66,-15.906,8.3382,8.1807,-14.327,8.2916,10.215,25.132,19.806,-1.2721,-8.6566
-5.0908,-12.844,-15.803,8.6833,7.982,-14.221,9.4995,10.928,28.166,22.328,0.62629,-7.8001
-5.3839,-13.079,-15.801,8.9406,7.9167,-14.234,10.619,11.627,31.38,24.95,2.6756,-6.723
-5.2573,-13.231,-15.9,9.0037,7.9807,-14.31,11.727,12.392,34.795,27.69,4.9042,-5.3678
-4.6417,-13.155,-16.098,8.765,8.1715,-14.375,12.888,13.279,38.392,30.549,7.3255,-3.7053
-3.5058,-12.735,-16.383,8.1499,8.4819,-14.362,14.133,14.305,42.105,33.512,9.9369,-1.7323
-1.8715,-11.922,-16.723,7.1454,8.9022,-14.222,15.445,15.441,45.827,36.542,12.719,0.53094
0.18068,-10.727,-17.07,5.8033,9.4358,-13.914,16.77,16.623,49.43,39.585,15.635,3.0429
2.5209,-9.202,-17.361,4.2175,10.105,-13.394,18.045,17.775,52.8,42.57,18.636,5.7459
5.0019,-7.3997,-17.54,2.4877,10.927,-12.609,19.217,18.844,55.858,45.425,21.665,8.579
7.514,-5.369,-17.569,0.69017,11.878,-11.506,20.26,19.803,58.573,48.082,24.667,11.495
10.022,-3.1628,-17.436,-1.1343,12.913,-10.067,21.174,20.656,60.944,50.489,27.596,14.471
12.542,-0.85485,-17.163,-2.9708,13.983,-8.3421,21.97,21.421,62.988,52.617,30.419,17.507
15.092,1.4567,-16.801,-4.8073,15.044,-6.4569,22.662,22.115,64.72,54.452,33.12,20.611
17.634,3.6647,-16.416,-6.6148,16.044,-4.5806,23.256,22.752,66.147,55.99,35.693,23.778
20.065,5.6783,-16.055,-8.3426,16.909,-2.8619,23.755,23.338,67.279,57.233,38.131,26.983
22.239,7.4444,-15.721,-9.9297,17.558,-1.3769,24.159,23.871,68.123,58.181,40.419,30.186
24.032,8.9564,-15.369,-11.329,17.924,-0.11877,24.469,24.344,68.691,58.839,42.527,33.333
25.39,10.252,-14.94,-12.53,17.986,0.97697,24.69,24.75,68.995,59.221,44.416,36.361
26.35,11.399,-14.397,-13.562,17.785,1.9971,24.824,25.081,69.045,59.352,46.046,39.211
27.016,12.479,-13.736,-14.487,17.41,3.0218,24.878,25.333,68.849,59.266,47.397,41.825
27.51,13.554,-12.974,-15.365,16.971,4.1043,24.863,25.509,68.421,59,48.474,44.167
27.928,14.652,-12.14,-16.229,16.559,5.2596,24.793,25.617,67.784,58.593,49.31,46.225
28.315,15.758,-11.249,-17.072,16.224,6.4665,24.684,25.67,66.971,58.079,49.955,48.018
28.663,16.829,-10.303,-17.858,15.959,7.6831,24.548,25.689,66.031,57.498,50.46,49.58
28.943,17.826,-9.2841,-18.55,15.727,8.871,24.401,25.695,65.022,56.889,50.863,50.954
29.131,18.735,-8.1635,-19.14,15.483,10.013,24.26,25.714,64.007,56.298,51.188,52.176
29.236,19.578,-6.9167,-19.66,15.201,11.119,24.156,25.774,63.052,55.768,51.457,53.274
29.305,20.397,-5.5339,-20.166,14.88,12.209,24.119,25.907,62.215,55.346,51.701,54.268
29.403,21.235,-4.0276,-20.712,14.541,13.298,24.181,26.138,61.548,55.079,51.96,55.182
29.586,22.11,-2.4345,-21.321,14.216,14.381,24.362,26.481,61.091,55.011,52.285,56.037
29.873,23.013,-0.80717,-21.978,13.937,15.435,24.673,26.938,60.869,55.179,52.72,56.847
30.242,23.916,0.80764,-22.639,13.725,16.436,25.114,27.498,60.895,55.603,53.293,57.616
30.633,24.793,2.3964,-23.252,13.57,17.371,25.681,28.147,61.158,56.276,53.997,58.331
30.973,25.622,3.9877,-23.777,13.432,18.247,26.36,28.864,61.631,57.166,54.788,58.967
31.189,26.4,5.6275,-24.198,13.25,19.078,27.129,29.625,62.27,58.221,55.589,59.499
31.227,27.132,7.339,-24.518,12.952,19.883,27.955,30.399,63.024,59.372,56.313,59.91
31.062,27.824,9.1034,-24.755,12.483,20.673,28.801,31.154,63.842,60.552,56.886,60.194
30.691,28.483,10.876,-24.927,11.804,21.449,29.633,31.858,64.678,61.695,57.266,60.352
30.115,29.107,12.612,-25.044,10.899,22.209,30.423,32.49,65.496,62.744,57.447,60.392
29.331,29.687,14.284,-25.098,9.7724,22.949,31.154,33.039,66.264,63.659,57.449,60.319
28.326,30.208,15.874,-25.072,8.439,23.658,31.815,33.51,66.946,64.414,57.296,60.135
27.089,30.65,17.366,-24.943,6.9281,24.322,32.402,33.918,67.512,64.996,57.003,59.84
25.619,30.996,18.744,-24.692,5.2853,24.924,32.916,34.285,67.932,65.408,56.57,59.43
23.928,31.23,19.992,-24.312,3.5738,25.446,33.363,34.627,68.189,65.651,55.979,58.9
22.043,31.344,21.095,-23.805,1.8609,25.875,33.749,34.953,68.271,65.72,55.207,58.237
19.991,31.332,22.054,-23.175,0.19373,26.204,34.083,35.259,68.17,65.602,54.233,57.424
17.792,31.188,22.879,-22.421,-1.4135,26.436,34.363,35.529,67.871,65.273,53.043,56.438
15.474,30.904,23.577,-21.539,-2.9611,26.57,34.584,35.739,67.351,64.706,51.623,55.258
13.083,30.464,24.14,-20.528,-4.4313,26.6,34.734,35.863,66.586,63.877,49.956,53.871
10.694,29.858,24.545,-19.399,-5.7773,26.511,34.806,35.871,65.552,62.765,48.018,52.268
8.3915,29.083,24.763,-18.168,-6.9424,26.288,34.792,35.743,64.225,61.352,45.783,50.437
6.2338,28.147,24.787,-16.852,-7.8859,25.926,34.69,35.465,62.584,59.624,43.23,48.351
4.239,27.067,24.627,-15.457,-8.5927,25.432,34.493,35.035,60.612,57.574,40.362,45.966
2.3967,25.863,24.313,-13.99,-9.0692,24.824,34.19,34.463,58.312,55.208,37.21,43.228
0.69429,24.556,23.878,-12.463,-9.3357,24.128,33.774,33.767,55.707,52.55,33.839,40.103
-0.86964,23.167,23.351,-10.899,-9.4247,23.364,33.244,32.979,52.855,49.643,30.335,36.592
-2.2918,21.715,22.758,-9.3264,-9.3793,22.55,32.611,32.134,49.833,46.556,26.789,32.753
-3.5763,20.215,22.12,-7.7687,-9.2515,21.696,31.897,31.27,46.731,43.375,23.281,28.694
-4.7403,18.677,21.453,-6.2391,-9.0947,20.807,31.134,30.42,43.637,40.19,19.868,24.553
-5.8116,17.106,20.77,-4.7377,-8.956,19.88,30.354,29.603,40.632,37.074,16.592,20.472
-6.8198,15.501,20.077,-3.2572,-8.8678,18.913,29.585,28.829,37.778,34.079,13.479,16.569
-7.7874,13.863,19.375,-1.7939,-8.8438,17.905,28.849,28.09,35.125,31.231,10.551,12.927
-8.7242,12.204,18.664,-0.35666,-8.8821,16.862,28.16,27.375,32.703,28.539,7.8143,9.5916
-9.6284,10.557,17.957,1.0303,-8.974,15.812,27.523,26.674,30.518,26.004,5.2673,6.577
-10.491,8.9809,17.298,2.3329,-9.1141,14.802,26.932,25.986,28.547,23.626,2.8926,3.8725
-11.303,7.5452,16.751,3.5195,-9.3039,13.899,26.374,25.316,26.747,21.406,0.66499,1.4532
-12.059,6.3075,16.38,4.5747,-9.5468,13.157,25.828,24.672,25.069,19.354,-1.4393,-0.7129
-12.762,5.2824,16.207,5.5084,-9.8408,12.594,25.272,24.059,23.485,17.486,-3.4316,-2.659
-13.421,4.432,16.203,6.3536,-10.176,12.177,24.695,23.479,21.993,15.82,-5.302,-4.4155
-14.049,3.6826,16.297,7.1518,-10.536,11.843,24.1,22.936,20.62,14.379,-7.0157,-6.0036
-14.656,2.9606,16.416,7.9327,-10.909,11.527,23.5,22.439,19.404,13.179,-8.5185,-7.4292
-15.239,2.2275,16.505,8.6974,-11.278,11.188,22.912,22.006,18.384,12.227,-9.7488,-8.6782
-15.781,1.499,16.539,9.4122,-11.63,10.827,22.355,21.659,17.584,11.518,-10.655,-9.7182
-16.25,0.84229,16.523,10.017,-11.946,10.477,21.848,21.422,17.015,11.039,-11.213,-10.508
-16.612,0.35012,16.485,10.446,-12.205,10.194,21.418,21.313,16.67,10.774,-11.432,-11.013
-16.842,0.10218,16.459,10.656,-12.393,10.032,21.09,21.338,16.525,10.711,-11.349,-11.212
-16.929,0.13389,16.477,10.637,-12.499,10.021,20.884,21.477,16.537,10.839,-11.024,-11.107
-16.874,0.4295,16.549,10.414,-12.514,10.163,20.801,21.688,16.651,11.147,-10.525,-10.721
-16.684,0.9373,16.669,10.028,-12.431,10.437,20.824,21.915,16.798,11.613,-9.9183,-10.102
-16.365,1.5911,16.815,9.5225,-12.239,10.809,20.915,22.101,16.916,12.208,-9.2619,-9.3247
-15.929,2.325,16.968,8.9396,-11.933,11.238,21.028,22.207,16.959,12.896,-8.5952,-8.4843
-15.395,3.0805,17.113,8.3189,-11.52,11.688,21.119,22.218,16.902,13.641,-7.9343,-7.6829
-14.791,3.81,17.249,7.7004,-11.022,12.127,21.153,22.14,16.742,14.407,-7.2714,-7.0099
-14.156,4.4823,17.388,7.1191,-10.481,12.533,21.106,21.99,16.498,15.158,-6.5797,-6.522
-13.523,5.0874,17.542,6.5951,-9.9441,12.902,20.969,21.781,16.199,15.857,-5.8226,-6.2301
-12.916,5.635,17.721,6.1277,-9.4574,13.241,20.752,21.524,15.881,16.474,-4.9653,-6.0956
-12.352,6.1423,17.92,5.7003,-9.0505,13.559,20.476,21.223,15.578,16.986,-3.9858,-6.0404
-11.847,6.6173,18.118,5.2972,-8.738,13.856,20.173,20.889,15.313,17.382,-2.8804,-5.9676
-11.43,7.0495,18.291,4.9185,-8.5262,14.123,19.872,20.533,15.087,17.659,-1.6644,-5.7886
-11.135,7.417,18.419,4.5838,-8.4198,14.349,19.586,20.17,14.878,17.817,-0.36897,-5.4479
-10.997,7.7046,18.505,4.3187,-8.4235,14.53,19.311,19.812,14.647,17.859,0.96362,-4.9367
-11.028,7.9204,18.573,4.1367,-8.539,14.686,19.028,19.457,14.347,17.783,2.2847,-4.2933
-11.215,8.0965,18.664,4.0296,-8.7591,14.849,18.715,19.091,13.937,17.593,3.5451,-3.59
-11.517,8.2701,18.811,3.9733,-9.0615,15.05,18.35,18.687,13.389,17.293,4.7018,-2.9123
-11.881,8.4583,19.02,3.9436,-9.4049,15.294,17.923,18.211,12.687,16.892,5.725,-2.3373
-12.248,8.644,19.256,3.9282,-9.7321,15.552,17.426,17.632,11.826,16.395,6.603,-1.9195
-12.568,8.7841,19.456,3.9274,-9.9813,15.768,16.859,16.932,10.812,15.809,7.3435,-1.6845
-12.799,8.8342,19.556,3.9451,-10.102,15.888,16.229,16.108,9.6642,15.142,7.9739,-1.6271
-12.91,8.7764,19.515,3.9748,-10.067,15.88,15.547,15.177,8.4194,14.406,8.5384,-1.7116
-12.881,8.6393,19.337,3.9899,-9.8768,15.758,14.828,14.169,7.1315,13.621,9.0914,-1.8747
-12.697,8.5045,19.07,3.9391,-9.5555,15.58,14.087,13.121,5.8596,12.807,9.6837,-2.0348
-12.351,8.4931,18.811,3.7539,-9.1486,15.45,13.333,12.07,4.6526,11.985,10.346,-2.1078
-11.845,8.7366,18.678,3.3643,-8.7112,15.486,12.572,11.049,3.5397,11.177,11.081,-2.024
-11.193,9.3405,18.78,2.7165,-8.2943,15.793,11.808,10.081,2.5302,10.409,11.865,-1.7379
-10.413,10.357,19.175,1.7849,-7.931,16.427,11.044,9.176,1.6218,9.7165,12.665,-1.2305
-9.531,11.776,19.855,0.57402,-7.637,17.382,10.292,8.333,0.81233,9.1452,13.46,-0.50602
-8.5737,13.546,20.767,-0.8912,-7.4288,18.612,9.5798,7.5518,0.10997,8.7444,14.255,0.41278
-7.5682,15.605,21.857,-2.5812,-7.3439,20.065,8.9504,6.846,-0.46147,8.5546,15.073,1.4894
-6.5438,17.921,23.122,-4.4765,-7.4448,21.727,8.4595,6.2493,-0.86559,8.5951,15.947,2.6798
-5.5312,20.506,24.652,-6.5734,-7.8111,23.653,8.1594,5.8093,-1.0644,8.8575,16.895,3.9372
-4.5577,23.426,26.7,-8.8787,-8.5352,26.001,8.0834,5.5736,-1.0311,9.3118,17.914,5.2163
-3.6414,26.811,29.73,-11.397,-9.7235,29.067,8.2379,5.5739,-0.75546,9.9221,18.982,6.4776
-2.7857,30.864,34.314,-14.124,-11.483,33.299,8.6035,5.8179,-0.2405,10.663,20.072,7.6947
-1.9749,35.885,40.785,-17.046,-13.884,39.2,9.141,6.2872,0.50488,11.528,21.165,8.8652
-1.1705,42.287,48.995,-20.168,-16.916,47.11,9.7986,6.9433,1.4708,12.527,22.268,10.017
-0.31059,50.559,58.459,-23.54,-20.462,56.952,10.519,7.7379,2.6457,13.682,23.414,11.209
0.68421,61.061,68.639,-27.288,-24.336,68.191,11.243,8.6208,4.01,15.011,24.655,12.521
1.8994,73.658,79.083,-31.623,-28.346,80.077,11.914,9.5365,5.5263,16.513,26.048,14.037
3.4081,87.49,89.457,-36.809,-32.35,91.944,12.47,10.411,7.1274,18.155,27.624,15.813
5.2471,101.31,99.524,-43.047,-36.242,103.33,12.854,11.146,8.7111,19.867,29.373,17.859
7.3957,114.18,109.11,-50.283,-39.913,113.99,13.01,11.631,10.148,21.547,31.235,20.126
9.7785,125.8,118.06,-58.119,-43.208,123.79,12.903,11.779,11.304,23.082,33.107,22.513
12.302,136.29,126.26,-65.973,-45.919,132.78,12.514,11.541,12.068,24.371,34.87,24.893
14.9,145.93,133.65,-73.39,-47.85,141.07,11.83,10.906,12.374,25.347,36.423,27.146
17.549,154.87,140.14,-80.189,-48.956,148.7,10.818,9.8716,12.211,25.98,37.698,29.187
20.258,163.14,145.61,-86.39,-49.389,155.61,9.3731,8.3973,11.612,26.279,38.674,30.984
23.028,170.66,149.97,-92.068,-49.367,161.68,7.2459,6.3143,10.636,26.279,39.368,32.552
25.828,177.33,153.24,-97.248,-49.04,166.8,4.0324,3.2828,9.3505,26.029,39.827,33.943
28.578,183.05,155.57,-101.88,-48.474,170.96,-0.64855,-1.0811,7.8167,25.585,40.116,35.226
31.165,187.79,157.13,-105.89,-47.7,174.22,-6.8761,-6.9499,6.0895,24.994,40.299,36.464
33.473,191.57,158.08,-109.23,-46.74,176.67,-14.319,-14.122,4.2168,24.299,40.43,37.702
35.426,194.5,158.54,-111.93,-45.613,178.44,-22.36,-22.055,2.2389,23.533,40.545,38.966
37.002,196.68,158.61,-114.07,-44.319,179.64,-30.281,-30.015,0.18487,22.72,40.666,40.258
38.235,198.24,158.36,-115.75,-42.821,180.36,-37.411,-37.246,-1.9319,21.872,40.792,41.558
39.198,199.25,157.8,-117.04,-41.04,180.67,-43.202,-43.107,-4.115,20.99,40.907,42.828
39.976,199.77,156.92,-118.04,-38.881,180.61,-47.311,-47.187,-6.3821,20.062,40.97,44.009
40.647,199.88,155.64,-118.77,-36.291,180.2,-49.68,-49.412,-8.7549,19.066,40.915,45.037
41.256,199.68,153.82,-119.27,-33.324,179.47,-50.597,-50.118,-11.244,17.972,40.655,45.842
41.808,199.24,151.21,-119.52,-30.142,178.34,-50.595,-49.923,-13.835,16.759,40.098,46.353
42.268,198.44,147.51,-119.45,-26.942,176.51,-50.2,-49.421,-16.478,15.418,39.165,46.506
42.565,196.79,142.44,-118.85,-23.866,173.45,-49.731,-48.932,-19.092,13.955,37.818,46.25
42.607,193.55,135.93,-117.35,-20.976,168.61,-49.287,-48.521,-21.587,12.389,36.06,45.548
42.289,187.94,128.08,-114.45,-18.275,161.6,-48.848,-48.13,-23.889,10.736,33.929,44.377
41.514,179.42,119.06,-109.73,-15.741,152.29,-48.366,-47.693,-25.966,8.9924,31.473,42.721
40.212,167.78,109.04,-102.97,-13.348,140.78,-47.807,-47.171,-27.839,7.1313,28.731,40.572
38.368,153.21,98.19,-94.282,-11.08,127.46,-47.149,-46.549,-29.563,5.1041,25.729,37.929
36.022,136.29,86.823,-84.05,-8.9213,112.92,-46.389,-45.829,-31.21,2.8531,22.48,34.803
33.249,117.92,75.398,-72.833,-6.8425,97.912,-45.532,-45.022,-32.842,0.3257,18.992,31.22
30.127,99.188,64.397,-61.263,-4.811,83.13,-44.599,-44.147,-34.507,-2.5148,15.269,27.213
26.711,81.089,54.113,-49.979,-2.8352,69.098,-43.628,-43.233,-36.234,-5.6848,11.319,22.829
23.029,64.386,44.639,-39.536,-0.98728,56.126,-42.668,-42.317,-38.04,-9.1832,7.1546,18.127
19.108,49.572,36.041,-30.304,0.66195,44.388,-41.775,-41.44,-39.928,-12.999,2.8042,13.182
15.01,36.922,28.469,-22.402,2.1238,34.07,-40.986,-40.633,-41.891,-17.118,-1.6907,8.0939
10.867,26.531,22.065,-15.71,3.4768,25.417,-40.31,-39.906,-43.909,-21.52,-6.2782,2.981
6.8604,18.229,16.742,-9.9536,4.795,18.534,-39.726,-39.251,-45.95,-26.177,-10.901,-2.0276
3.1632,11.497,12.097,-4.8517,6.0994,13.081,-39.192,-38.649,-47.97,-31.03,-15.494,-6.8112
-0.11477,5.6209,7.6475,-0.22328,7.3474,8.3557,-38.667,-38.078,-49.916,-35.978,-19.99,-11.273
-2.9482,0.043104,3.1951,4.0026,8.4517,3.7442,-38.123,-37.522,-51.729,-40.874,-24.311,-15.348
-5.39,-5.4476,-1.0926,7.8537,9.3154,-0.9513,-37.55,-36.977,-53.366,-45.544,-28.378,-19.001
-7.5353,-10.8,-4.9309,11.36,9.8703,-5.5852,-36.959,-36.451,-54.803,-49.822,-32.115,-22.226
-9.471,-15.876,-8.1592,14.553,10.104,-9.928,-36.378,-35.958,-56.043,-53.595,-35.459,-25.041
-11.24,-20.557,-10.779,17.448,10.065,-13.83,-35.849,-35.517,-57.11,-56.814,-38.38,-27.48
-12.836,-24.764,-12.879,20.038,9.8468,-17.235,-35.409,-35.144,-58.035,-59.483,-40.873,-29.581
-14.232,-28.444,-14.56,22.3,9.5538,-20.139,-35.084,-34.853,-58.847,-61.629,-42.953,-31.377
-15.407,-31.582,-15.907,24.227,9.2666,-22.563,-34.875,-34.652,-59.559,-63.289,-44.639,-32.888
-16.372,-34.203,-16.979,25.847,9.0229,-24.539,-34.759,-34.532,-60.165,-64.497,-45.951,-34.136
-17.172,-36.383,-17.799,27.235,8.811,-26.115,-34.685,-34.457,-60.642,-65.294,-46.918,-35.147
-17.872,-38.222,-18.364,28.492,8.587,-27.34,-34.572,-34.356,-60.954,-65.738,-47.586,-35.974
-18.539,-39.807,-18.652,29.717,8.2996,-28.264,-34.31,-34.113,-61.057,-65.903,-48.029,-36.688
-19.216,-41.195,-18.648,30.955,7.9047,-28.916,-33.768,-33.577,-60.894,-65.858,-48.334,-37.367
-19.9,-42.397,-18.369,32.189,7.3796,-29.328,-32.808,-32.582,-60.403,-65.646,-48.584,-38.073
-20.543,-43.387,-17.898,33.337,6.753,-29.548,-31.306,-30.976,-59.51,-65.261,-48.826,-38.832
-21.063,-44.142,-17.38,34.289,6.142,-29.646,-29.182,-28.678,-58.125,-64.616,-49.03,-39.614
-21.388,-44.623,-16.983,34.934,5.7291,-29.689,-26.422,-25.719,-56.117,-63.491,-49.049,-40.305
-21.473,-44.749,-16.81,35.171,5.6581,-29.678,-23.083,-22.237,-53.267,-61.434,-48.559,-40.678
-21.308,-44.333,-16.796,34.872,5.9159,-29.473,-19.285,-18.405,-49.235,-57.592,-46.983,-40.366
-20.911,-43.017,-16.654,33.864,6.3085,-28.74,-15.246,-14.403,-43.796,-50.723,-43.402,-38.827
-20.312,-40.259,-15.919,31.911,6.5819,-26.956,-11.412,-10.536,-38.635,-41.992,-36.958,-35.38
-19.646,-35.483,-14.024,28.875,6.6082,-23.49,-8.4719,-7.355,-44.162,-54.977,-35.457,-30.258
-19.905,-29.584,-10.451,25.798,6.4621,-18.183,-6.3575,-4.9656,-59.4,-74.522,-60.909,-37.8
-26.263,-33.365,-5.5769,30.451,6.3584,-15.372,-0.47956,0.44087,-49.189,-71.718,-67.31,-61.758
-38.714,-54.352,-3.3943,48.068,6.5674,-27.51,13.857,14.218,-31.059,-64.642,-70.729,-68.723
-42.415,-61.766,-6.7785,54.923,7.2891,-36.51,29.887,30.248,-9.8018,-51.403,-69.518,-72.219
-40.45,-61.613,-8.0507,54.838,8.4062,-37.155,43.643,44.015,14.948,-29.003,-59.611,-69.893
-33.928,-55.928,-4.8168,49.565,8.836,-33.658,55.958,56.292,44.785,6.5906,-35.877,-57.98
-22.447,-42.194,1.7042,37.388,7.5497,-24.798,67.679,67.978,83,60.538,7.8186,-31.725
-5.6213,-16.561,9.5092,16.197,10.665,-7.3456,80.373,80.665,135.4,138.85,78.091,14.347
17.39,25.113,21.611,-16.242,14.311,22.314,96.842,97.263,209.47,248.62,180.74,85.165
47.664,85.916,45.034,-62.077,17.83,66.456,119.29,119.79,308.58,393.21,317.57,182.12
86.414,166.07,79.014,-122.65,21.547,124.42,148.22,148.48,429.39,567.13,482.76,301.21
135.46,258.39,117.19,-194.78,25.739,189.92,184.08,183.83,570.74,764.63,668.12,440.68
189.69,347.49,150.07,-266.97,31.851,250.95,227.79,227.25,729.66,973.61,857.53,579.21
239.56,418.23,168.46,-327.95,43.061,295.57,273.39,272.89,863.24,1154.4,1021.2,695.49
282.07,459.29,166.65,-370.06,62.549,315.14,304.46,304.08,955.64,1291.6,1145.3,780.37
313.59,466.22,143.97,-389.15,92.041,306.97,310.01,309.97,987.34,1365.4,1215.9,825.72
330.67,441.76,105.17,-385.13,124.12,274.92,284.47,284.99,942.12,1360.9,1224.2,828.43
330.86,393.14,58.711,-360.59,148.21,227.04,224.68,225.85,811.36,1268.6,1166.2,789.88
312.79,328.27,13.379,-318.83,161.2,171.81,131.71,133.45,595.87,1084.9,1042.1,713.59
276.29,252.4,-24.828,-262.47,160.78,114.72,12.113,14.064,307.05,813.36,855.46,603.77
222.56,167.73,-54.351,-193.29,147.06,57.321,-122.83,-121.09,-31.906,468.59,615.09,465.24
154.78,75.627,-77.409,-113.69,123.18,-0.66006,-258.49,-257.26,-387.5,78.013,337.05,305.1
78.977,-20.147,-96.717,-28.423,93.895,-58.289,-380.18,-379.46,-720.5,-319.67,45.088,134.13
3.5341,-112.22,-113.35,54.841,63.61,-112.32,-476.84,-476.38,-995.17,-681.35,-232.61,-33.509
-63.206,-192.12,-127.4,127.69,35.795,-158.99,-543.27,-542.67,-1188,-970.45,-469.48,-183.07
-115.47,-254.34,-137.92,184.57,13.206,-195.68,-579.92,-578.82,-1292.2,-1165.3,-646.78,-303.16
-151.16,-297.36,-142.25,223.95,-2.6197,-221.13,-590.77,-588.94,-1316.5,-1262.8,-757.37,-388.18
-171.34,-322.39,-139.73,247.15,-11.546,-235.53,-581.24,-578.6,-1279.5,-1276.1,-805.64,-438.41
-179.09,-331.77,-134.98,256.63,-14.536,-239.83,-556.73,-553.42,-1202.9,-1227.8,-804.51,-458.92
-178.04,-327.63,-128.91,254.9,-13.775,-234.85,-521.6,-517.95,-1105.4,-1142.3,-769.79,-456.79
-171.26,-311.49,-119.5,243.96,-12.212,-221.07,-479.22,-475.65,-999.8,-1039.3,-715.36,-439.05
-160.74,-284.58,-105.66,225.27,-12.121,-199.13,-432.49,-429.35,-892.44,-931.29,-651.2,-411.21
-147.38,-248.64,-87.712,200.24,-12.684,-170.39,-384.39,-381.89,-786.52,-825.09,-583.37,-377.18
-131.58,-207.07,-67.34,170.93,-13.726,-137.91,-337.56,-335.72,-684.62,-723.79,-515.31,-339.7
-114.03,-165.74,-47.134,141.06,-15.064,-106.25,-293.49,-292.11,-590.21,-628.65,-448.11,-300.24
-97.687,-130.28,-29.729,115.49,-16.003,-78.868,-252.36,-251.19,-504.6,-541.78,-383.85,-260.6
-84.893,-102.25,-17.438,95.638,-16.383,-57.097,-213.91,-212.77,-426.21,-463.87,-327.86,-225.44
-74.875,-81.109,-11.795,80.278,-16.045,-41.614,-178.34,-177.12,-354.38,-392.3,-280.01,-196.54
-66.405,-66.752,-12.456,68.42,-14.959,-33.219,-145.99,-144.58,-289.99,-327.35,-236.86,-171.38
-58.84,-59.518,-16.593,59.94,-13.235,-32.411,-117.16,-115.46,-235.05,-271.56,-198.44,-148.34
-52.016,-59.257,-20.492,55.047,-11.059,-37.857,-92.705,-90.758,-191.04,-226.23,-166.36,-127.68
-46.075,-63.791,-22.348,53.41,-8.6456,-43.884,-73.823,-71.774,-158.02,-191.24,-141.14,-110.67
-41.207,-67.161,-22.638,53.176,-6.2025,-45.509,-60.863,-58.903,-134.66,-165.56,-122.16,-98.337
-37.327,-66.301,-22.391,51.961,-3.9127,-44.286,-52.65,-51.064,-118.8,-147.63,-108.42,-90.708
-34.079,-63.858,-22.235,49.795,-1.9011,-42.644,-47.522,-46.627,-108.3,-135.69,-98.903,-86.319
-31.322,-61.663,-22.374,47.685,-0.19978,-41.471,-45.407,-45.146,-101.46,-128.01,-92.039,-81.912
-29.177,-60.163,-22.774,46.04,1.2567,-40.921,-44.806,-44.676,-95.682,-122.45,-85.178,-76.029
-27.63,-59.359,-23.327,44.908,2.576,-40.901,-42.572,-42.554,-87.44,-115.5,-77.878,-70.192
-26.53,-59.096,-23.948,44.212,3.8223,-41.254,-39.783,-39.878,-79.482,-106.45,-71.856,-65.518
-25.711,-59.172,-24.6,43.811,4.9837,-41.815,-37.231,-37.373,-73.981,-98.656,-67.375,-62.114
-25.051,-59.378,-25.255,43.554,6.0174,-42.422,-35.083,-35.202,-70.145,-93.229,-64.016,-59.734
-24.477,-59.548,-25.864,43.313,6.898,-42.95,-33.304,-33.355,-67.277,-89.57,-61.463,-58.09
-23.952,-59.574,-26.372,43.002,7.6087,-43.311,-31.782,-31.764,-65.063,-87.016,-59.504,-56.945
-23.468,-59.394,-26.736,42.585,8.1313,-43.458,-30.408,-30.355,-63.337,-85.135,-57.993,-56.109
-23.027,-58.996,-26.921,42.06,8.4582,-43.38,-29.126,-29.098,-61.998,-83.66,-56.823,-55.459
-22.628,-58.423,-26.921,41.463,8.6127,-43.112,-27.959,-28.006,-60.972,-82.428,-55.91,-54.923
-22.251,-57.749,-26.775,40.836,8.6518,-42.734,-26.969,-27.123,-60.195,-81.342,-55.179,-54.468
-21.863,-57.059,-26.562,40.208,8.6586,-42.326,-26.213,-26.468,-59.592,-80.343,-54.557,-54.084
-21.429,-56.392,-26.355,39.587,8.7128,-41.944,-25.689,-26.008,-59.072,-79.394,-53.973,-53.777
-20.932,-55.756,-26.19,38.96,8.8571,-41.595,-25.317,-25.66,-58.542,-78.464,-53.362,-53.551
-20.383,-55.109,-26.062,38.304,9.0839,-41.258,-24.955,-25.319,-57.924,-77.534,-52.687,-53.398
-19.81,-54.405,-25.944,37.602,9.3499,-40.889,-24.455,-24.895,-57.181,-76.589,-51.943,-53.285
-19.244,-53.597,-25.802,36.837,9.6033,-40.45,-23.705,-24.336,-56.316,-75.615,-51.159,-53.161
-18.702,-52.643,-25.61,35.984,9.8031,-39.908,-22.671,-23.634,-55.359,-74.594,-50.381,-52.96
-18.18,-51.498,-25.344,35.007,9.9283,-39.239,-21.397,-22.812,-54.353,-73.495,-49.644,-52.619
-17.652,-50.117,-24.989,33.861,9.978,-38.419,-19.985,-21.899,-53.335,-72.284,-48.953,-52.087
-17.075,-48.466,-24.536,32.51,9.9678,-37.433,-18.558,-20.916,-52.317,-70.928,-48.278,-51.326
-16.408,-46.544,-23.991,30.951,9.9251,-36.28,-17.226,-19.881,-51.284,-69.403,-47.56,-50.322
-15.624,-44.395,-23.371,29.227,9.8825,-34.986,-16.046,-18.821,-50.197,-67.693,-46.737,-49.083
-14.717,-42.102,-22.708,27.422,9.8703,-33.595,-15.006,-17.769,-49.009,-65.784,-45.77,-47.647
-13.701,-39.766,-22.034,25.625,9.9092,-32.162,-14.036,-16.749,-47.682,-63.667,-44.648,-46.07
-12.605,-37.466,-21.373,23.904,10.005,-30.731,-13.057,-15.782,-46.2,-61.34,-43.398,-44.412
-11.463,-35.241,-20.731,22.288,10.149,-29.323,-12.026,-14.891,-44.576,-58.824,-42.063,-42.715
-10.312,-33.09,-20.099,20.77,10.318,-27.937,-10.945,-14.094,-42.838,-56.164,-40.691,-40.998
-9.178,-30.984,-19.464,19.322,10.484,-26.556,-9.8506,-13.386,-41.017,-53.42,-39.32,-39.254
-8.0828,-28.885,-18.811,17.912,10.62,-25.162,-8.7855,-12.727,-39.119,-50.643,-37.965,-37.467
-7.0406,-26.763,-18.135,16.514,10.707,-23.738,-7.7684,-12.048,-37.126,-47.843,-36.622,-35.616
-6.0691,-24.617,-17.431,15.127,10.732,-22.28,-6.7812,-11.274,-34.995,-44.968,-35.271,-33.692
-5.1981,-22.5,-16.708,13.791,10.687,-20.813,-5.7757,-10.343,-32.683,-41.921,-33.892,-31.693
-4.4727,-20.526,-15.991,12.582,10.574,-19.405,-4.7025,-9.2275,-30.166,-38.603,-32.474,-29.632
-3.944,-18.848,-15.322,11.592,10.401,-18.158,-3.5452,-7.9393,-27.466,-34.967,-31.021,-27.54
-3.649,-17.604,-14.761,10.902,10.186,-17.182,-2.3381,-6.5304,-24.645,-31.059,-29.551,-25.461
-3.5917,-16.865,-14.359,10.539,9.9506,-16.549,-1.1577,-5.0736,-21.793,-27.009,-28.074,-23.442
-3.7364,-16.598,-14.139,10.47,9.7148,-16.26,-0.097807,-3.6457,-18.995,-22.986,-26.584,-21.517
-4.0192,-16.682,-14.091,10.606,9.4941,-16.245,0.75758,-2.3186,-16.305,-19.139,-25.059,-19.695
-4.3714,-16.949,-14.175,10.84,9.2928,-16.395,1.3584,-1.1565,-13.734,-15.554,-23.481,-17.956
-4.7397,-17.247,-14.337,11.077,9.1011,-16.608,1.7042,-0.20759,-11.252,-12.237,-21.84,-16.26
-5.0946,-17.481,-14.521,11.264,8.9005,-16.815,1.8503,0.5141,-8.8025,-9.1415,-20.141,-14.561
-5.4249,-17.625,-14.688,11.391,8.6808,-16.986,1.9005,1.0478,-6.316,-6.1971,-18.389,-12.814
-5.722,-17.698,-14.826,11.469,8.4554,-17.123,1.9852,1.4889,-3.735,-3.343,-16.585,-10.993
-5.9625,-17.728,-14.947,11.508,8.2655,-17.237,2.2216,1.9656,-1.0318,-0.54534,-14.723,-9.0953
-6.0967,-17.731,-15.089,11.501,8.1704,-17.342,2.6723,2.5977,1.7825,2.201,-12.807,-7.1514
-6.0504,-17.696,-15.3,11.42,8.2309,-17.447,3.3255,3.4562,4.6684,4.8844,-10.859,-5.21
-5.7402,-17.595,-15.622,11.219,8.4889,-17.556,4.1108,4.5422,7.5792,7.4943,-8.9134,-3.3215
-5.096,-17.384,-16.073,10.854,8.9493,-17.663,4.9384,5.7889,10.48,10.035,-7.0083,-1.5144
-4.0793,-17.021,-16.643,10.289,9.5727,-17.753,5.7388,7.0892,13.36,12.528,-5.1658,0.22267
-2.6914,-16.479,-17.288,9.5159,10.288,-17.808,6.4842,8.3365,16.231,15.012,-3.3816,1.9455
-0.97173,-15.748,-17.95,8.5476,11.021,-17.806,7.1921,9.4623,19.13,17.529,-1.6228,3.7431
1.0135,-14.829,-18.567,7.413,11.725,-17.722,7.9165,10.456,22.108,20.121,0.1721,5.7142
3.1919,-13.719,-19.09,6.1381,12.404,-17.52,8.7304,11.359,25.219,22.815,2.0772,7.9384
5.5125,-12.394,-19.495,4.7313,13.101,-17.154,9.6986,12.245,28.501,25.62,4.1609,10.456
7.9665,-10.814,-19.786,3.1797,13.876,-16.577,10.849,13.185,31.963,28.525,6.4674,13.262
10.582,-8.9457,-19.989,1.4637,14.771,-15.756,12.152,14.205,35.565,31.497,9.0047,16.304
13.38,-6.8047,-20.136,-0.41646,15.799,-14.686,13.528,15.284,39.221,34.491,11.742,19.495
16.322,-4.4765,-20.252,-2.4187,16.931,-13.404,14.874,16.355,42.807,37.462,14.617,22.723
19.28,-2.1049,-20.34,-4.4565,18.1,-11.987,16.099,17.345,46.201,40.368,17.548,25.877
22.074,0.15206,-20.379,-6.4188,19.212,-10.526,17.152,18.201,49.31,43.173,20.457,28.869
24.547,2.1696,-20.336,-8.2015,20.169,-9.1138,18.02,18.901,52.089,45.846,23.285,31.651
26.621,3.8815,-20.19,-9.7364,20.894,-7.8252,18.724,19.446,54.534,48.353,25.992,34.212
28.302,5.2822,-19.951,-11.005,21.356,-6.7064,19.293,19.85,56.664,50.659,28.56,36.567
29.646,6.4137,-19.655,-12.037,21.575,-5.7699,19.761,20.128,58.498,52.729,30.987,38.74
30.723,7.3468,-19.342,-12.889,21.613,-4.9919,20.156,20.302,60.048,54.54,33.29,40.764
31.584,8.1604,-19.039,-13.619,21.547,-4.3152,20.509,20.403,61.322,56.082,35.508,42.676
32.248,8.9222,-18.739,-14.269,21.434,-3.6628,20.851,20.47,62.33,57.359,37.692,44.515
32.709,9.6739,-18.418,-14.852,21.295,-2.962,21.209,20.542,63.084,58.39,39.885,46.317
32.951,10.425,-18.044,-15.361,21.115,-2.1685,21.599,20.649,63.595,59.196,42.114,48.099
32.975,11.16,-17.601,-15.783,20.867,-1.2797,22.019,20.799,63.868,59.8,44.37,49.86
32.803,11.85,-17.092,-16.112,20.537,-0.33098,22.452,20.979,63.904,60.218,46.614,51.573
32.488,12.472,-16.536,-16.362,20.132,0.62189,22.865,21.16,63.693,60.456,48.783,53.19
32.105,13.023,-15.973,-16.564,19.683,1.5248,23.218,21.301,63.228,60.507,50.796,54.657
31.742,13.516,-15.442,-16.763,19.236,2.3449,23.468,21.365,62.503,60.368,52.567,55.921
31.482,13.982,-14.972,-17.004,18.842,3.0798,23.585,21.326,61.528,60.044,54.036,56.949
31.38,14.454,-14.564,-17.322,18.543,3.7565,23.563,21.186,60.338,59.556,55.179,57.732
31.459,14.965,-14.188,-17.735,18.363,4.4234,23.425,20.975,58.99,58.948,56.016,58.288
31.708,15.541,-13.779,-18.247,18.3,5.1413,23.214,20.748,57.562,58.271,56.605,58.659
32.096,16.202,-13.243,-18.846,18.319,5.9686,22.982,20.564,56.146,57.584,57.018,58.898
32.584,16.96,-12.483,-19.511,18.373,6.945,22.772,20.471,54.825,56.939,57.319,59.061
33.141,17.819,-11.427,-20.217,18.411,8.076,22.606,20.491,53.673,56.372,57.556,59.189
33.744,18.767,-10.059,-20.941,18.403,9.3276,22.492,20.62,52.739,55.912,57.756,59.299
34.371,19.784,-8.4392,-21.666,18.337,10.636,22.428,20.845,52.055,55.578,57.941,59.383
34.997,20.84,-6.6928,-22.386,18.212,11.927,22.418,21.153,51.631,55.39,58.132,59.414
35.584,21.898,-4.968,-23.098,18.025,13.136,22.47,21.536,51.463,55.368,58.345,59.364
36.083,22.926,-3.3901,-23.797,17.758,14.226,22.597,21.993,51.534,55.527,58.581,59.214
36.446,23.9,-2.0298,-24.475,17.39,15.185,22.802,22.517,51.817,55.87,58.819,58.96
36.646,24.811,-0.88859,-25.129,16.9,16.031,23.078,23.093,52.285,56.388,59.028,58.615
36.683,25.664,0.099899,-25.756,16.284,16.8,23.409,23.702,52.916,57.057,59.175,58.193
36.587,26.479,1.0536,-26.365,15.566,17.544,23.774,24.328,53.693,57.84,59.243,57.705
36.403,27.28,2.1079,-26.965,14.804,18.313,24.158,24.957,54.598,58.688,59.227,57.15
36.184,28.079,3.3666,-27.564,14.083,19.133,24.555,25.585,55.602,59.55,59.126,56.524
35.986,28.875,4.8512,-28.154,13.484,19.993,24.97,26.215,56.659,60.375,58.931,55.821
35.855,29.637,6.4745,-28.713,13.071,20.843,25.417,26.852,57.711,61.119,58.624,55.045
35.826,30.323,8.0659,-29.196,12.879,21.612,25.918,27.501,58.703,61.742,58.18,54.204
35.907,30.88,9.4438,-29.554,12.897,22.235,26.484,28.154,59.582,62.209,57.564,53.308
36.077,31.27,10.491,-29.742,13.071,22.673,27.113,28.794,60.299,62.483,56.74,52.354
36.287,31.472,11.19,-29.737,13.304,22.921,27.778,29.388,60.804,62.529,55.676,51.319
36.469,31.493,11.604,-29.546,13.484,23.008,28.44,29.905,61.051,62.315,54.346,50.161
36.553,31.354,11.832,-29.197,13.515,22.973,29.059,30.314,60.999,61.82,52.742,48.837
36.478,31.08,11.96,-28.719,13.346,22.851,29.601,30.6,60.623,61.031,50.867,47.312
36.201,30.69,12.034,-28.136,12.985,22.665,30.042,30.763,59.916,59.946,48.733,45.564
35.687,30.198,12.065,-27.459,12.484,22.423,30.369,30.815,58.884,58.57,46.351,43.588
34.906,29.605,12.042,-26.687,11.914,22.123,30.577,30.772,57.546,56.908,43.726,41.39
33.823,28.915,11.954,-25.809,11.334,21.764,30.664,30.655,55.93,54.959,40.852,38.984
32.409,28.128,11.805,-24.814,10.774,21.348,30.637,30.483,54.067,52.728,37.729,36.389
30.657,27.242,11.614,-23.685,10.227,20.883,30.506,30.275,51.991,50.226,34.378,33.626
28.585,26.253,11.42,-22.405,9.6501,20.374,30.287,30.043,49.735,47.487,30.847,30.711
26.229,25.145,11.26,-20.956,8.9779,19.82,29.993,29.796,47.327,44.571,27.21,27.659
23.606,23.892,11.159,-19.32,8.1485,19.207,29.637,29.53,44.803,41.56,23.555,24.5
20.717,22.465,11.117,-17.485,7.1269,18.514,29.225,29.239,42.207,38.549,19.962,21.285
17.562,20.849,11.109,-15.446,5.9126,17.724,28.771,28.918,39.602,35.629,16.507,18.093
14.184,19.048,11.113,-13.22,4.5388,16.832,28.293,28.567,37.065,32.878,13.251,15.017
10.694,17.099,11.126,-10.848,3.0594,15.861,27.823,28.206,34.676,30.353,10.245,12.15
7.2562,15.067,11.179,-8.4048,1.5267,14.859,27.4,27.867,32.5,28.085,7.5258,9.564
4.0288,13.048,11.345,-5.9901,-0.023952,13.907,27.061,27.594,30.576,26.084,5.1157,7.3072
1.1051,11.155,11.703,-3.7032,-1.5683,13.103,26.833,27.424,28.913,24.339,3.024,5.401
-1.5012,9.4918,12.303,-1.6167,-3.0868,12.529,26.726,27.375,27.504,22.833,1.2517,3.8431
-3.8347,8.1092,13.124,0.24317,-4.5762,12.213,26.73,27.442,26.332,21.542,-0.20963,2.6033
-5.9655,6.9842,14.085,1.899,-6.064,12.108,26.821,27.596,25.38,20.445,-1.3802,1.6179
-7.9617,6.0349,15.086,3.405,-7.5987,12.125,26.968,27.797,24.625,19.521,-2.2935,0.79372
-9.8667,5.1625,16.046,4.8187,-9.2184,12.172,27.14,28.005,24.044,18.756,-2.9899,0.029877
-11.685,4.2986,16.922,6.174,-10.921,12.19,27.312,28.197,23.612,18.146,-3.5052,-0.74909
-13.38,3.4363,17.709,7.4634,-12.656,12.166,27.472,28.373,23.312,17.698,-3.8579,-1.5656
-14.895,2.6366,18.431,8.64,-14.339,12.141,27.628,28.551,23.138,17.426,-4.044,-2.3857
-16.176,2.0032,19.131,9.637,-15.879,12.186,27.797,28.756,23.091,17.343,-4.0424,-3.1407
-17.201,1.6349,19.853,10.401,-17.215,12.376,27.996,29.003,23.173,17.454,-3.8299,-3.7587
-17.979,1.5792,20.623,10.913,-18.322,12.753,28.228,29.28,23.371,17.747,-3.4013,-4.1891
-18.542,1.8158,21.426,11.195,-19.222,13.308,28.476,29.554,23.662,18.191,-2.7844,-4.4143
-18.926,2.276,22.219,11.286,-19.967,13.986,28.705,29.772,24.007,18.739,-2.0411,-4.4516
-19.159,2.8752,22.941,11.228,-20.621,14.712,28.876,29.89,24.358,19.336,-1.2525,-4.3484
-19.261,3.5364,23.548,11.052,-21.226,15.414,28.956,29.88,24.668,19.923,-0.49458,-4.1713
-19.245,4.1977,24.017,10.79,-21.754,16.041,28.93,29.743,24.894,20.454,0.18139,-3.9908
-19.116,4.811,24.348,10.474,-22.108,16.558,28.796,29.5,25.003,20.891,0.7577,-3.8664
-18.876,5.3435,24.554,10.136,-22.188,16.954,28.561,29.177,24.978,21.211,1.2457,-3.8362
-18.527,5.7831,24.657,9.7963,-21.956,17.235,28.23,28.789,24.815,21.411,1.6714,-3.9151
-18.082,6.1406,24.679,9.4585,-21.45,17.419,27.811,28.336,24.519,21.499,2.0569,-4.0977
-17.567,6.4451,24.641,9.1105,-20.76,17.534,27.31,27.809,24.095,21.495,2.4054,-4.3649
-17.019,6.73,24.559,8.7371,-19.993,17.61,26.739,27.199,23.545,21.425,2.6996,-4.6908
-16.49,7.02,24.444,8.3327,-19.246,17.667,26.113,26.51,22.876,21.316,2.915,-5.0447
-16.03,7.3263,24.307,7.9058,-18.587,17.718,25.455,25.769,22.109,21.19,3.0413,-5.3871
-15.676,7.6519,24.162,7.4736,-18.053,17.773,24.793,25.017,21.28,21.065,3.0991,-5.6661
-15.442,7.9965,24.025,7.0517,-17.654,17.838,24.155,24.3,20.43,20.942,3.1393,-5.8237
-15.309,8.354,23.906,6.6508,-17.369,17.917,23.561,23.648,19.591,20.806,3.2199,-5.8167
-15.236,8.703,23.806,6.2807,-17.151,18.003,23.011,23.06,18.77,20.623,3.3726,-5.6409
-15.178,9.0029,23.712,5.9588,-16.948,18.075,22.48,22.498,17.939,20.35,3.5777,-5.3436
-15.097,9.2043,23.609,5.7107,-16.716,18.106,21.929,21.91,17.049,19.945,3.7642,-5.0139
-14.976,9.2683,23.479,5.5595,-16.431,18.073,21.322,21.248,16.048,19.382,3.8344,-4.7547
-14.812,9.1818,23.313,5.5123,-16.089,17.962,20.643,20.498,14.908,18.658,3.7018,-4.6524
-14.613,8.9572,23.104,5.5573,-15.704,17.77,19.907,19.677,13.632,17.789,3.3236,-4.7518
-14.399,8.6247,22.849,5.6705,-15.298,17.503,19.149,18.83,12.248,16.81,2.7155,-5.0439
-14.189,8.2279,22.553,5.8206,-14.9,17.178,18.406,18.008,10.803,15.763,1.9422,-5.4708
-14,7.8281,22.231,5.9666,-14.53,16.829,17.701,17.251,9.3423,14.688,1.091,-5.9466
-13.832,7.511,21.916,6.0519,-14.199,16.511,17.037,16.583,7.9064,13.623,0.24294,-6.3857
-13.667,7.3818,21.656,6.0081,-13.903,16.3,16.395,16.007,6.5196,12.599,-0.54672,-6.7243
-13.477,7.5423,21.513,5.7715,-13.632,16.278,15.751,15.512,5.1883,11.635,-1.2508,-6.9273
-13.236,8.056,21.546,5.3057,-13.383,16.508,15.078,15.077,3.9057,10.748,-1.858,-6.9839
-12.933,8.9296,21.791,4.6117,-13.162,17.015,14.364,14.675,2.6656,9.947,-2.3551,-6.8963
-12.573,10.124,22.257,3.7159,-12.995,17.784,13.619,14.288,1.4805,9.2439,-2.7159,-6.6685
-12.169,11.593,22.935,2.6438,-12.933,18.789,12.875,13.916,0.38958,8.6496,-2.902,-6.2974
-11.735,13.31,23.832,1.3983,-13.05,20.012,12.184,13.577,-0.55046,8.1713,-2.8754,-5.7703
-11.284,15.283,24.991,-0.042491,-13.448,21.465,11.602,13.298,-1.2875,7.81,-2.6143,-5.0692
-10.829,17.551,26.545,-1.7107,-14.264,23.215,11.175,13.105,-1.7941,7.5627,-2.1251,-4.182
-10.384,20.175,28.802,-3.6274,-15.675,25.425,10.937,13.012,-2.0705,7.4291,-1.4415,-3.111
-9.96,23.26,32.333,-5.7903,-17.852,28.431,10.903,13.028,-2.1313,7.4203,-0.60931,-1.8751
-9.5563,26.964,37.743,-8.1785,-20.822,32.748,11.074,13.163,-1.9845,7.5606,0.3391,-0.50326
-9.1429,31.509,45.125,-10.778,-24.371,38.877,11.438,13.427,-1.6217,7.8823,1.4024,0.97526
-8.6562,37.197,54.023,-13.612,-28.19,46.997,11.969,13.826,-1.0239,8.4127,2.6124,2.5403
-8.0097,44.446,63.877,-16.752,-32.085,56.86,12.633,14.352,-0.17802,9.1633,4.021,4.1883
-7.1164,53.761,74.231,-20.315,-35.997,67.96,13.391,14.974,0.90809,10.124,5.6802,5.9389
-5.9074,65.477,84.717,-24.468,-39.905,79.724,14.181,15.636,2.1985,11.263,7.6237,7.8333
-4.3428,79.226,95.047,-29.431,-43.749,91.619,14.922,16.255,3.6298,12.533,9.851,9.9213
-2.418,93.741,105.01,-35.422,-47.395,103.19,15.526,16.742,5.117,13.871,12.318,12.238
-0.17197,107.57,114.42,-42.452,-50.646,114.07,15.928,17.012,6.5599,15.203,14.934,14.784
2.3144,119.99,123.11,-50.152,-53.296,124.07,16.092,16.995,7.8514,16.445,17.57,17.512
4.9424,131.05,130.95,-57.939,-55.203,133.16,15.996,16.637,8.8867,17.514,20.08,20.338
7.6575,141.18,137.87,-65.41,-56.338,141.5,15.622,15.9,9.5771,18.338,22.323,23.149
10.49,150.72,143.86,-72.46,-56.773,149.27,14.943,14.763,9.8626,18.868,24.191,25.829
13.502,159.78,148.84,-79.129,-56.623,156.45,13.915,13.207,9.7204,19.088,25.621,28.283
16.7,168.16,152.73,-85.425,-56.01,162.84,12.409,11.146,9.1635,19.016,26.609,30.461
19.996,175.54,155.48,-91.254,-55.056,168.16,10.124,8.3009,8.2313,18.697,27.198,32.362
23.226,181.69,157.2,-96.452,-53.902,172.29,6.5537,4.1901,6.9786,18.192,27.466,34.026
26.213,186.5,158.15,-100.87,-52.691,175.28,1.2381,-1.5803,5.4697,17.57,27.507,35.517
28.817,190.07,158.55,-104.46,-51.522,177.28,-5.85,-8.9624,3.7753,16.891,27.422,36.902
30.975,192.56,158.56,-107.28,-50.412,178.49,-14.215,-17.408,1.9668,16.202,27.306,38.236
32.696,194.19,158.24,-109.47,-49.304,179.1,-23.075,-26.064,0.10492,15.526,27.235,39.548
34.041,195.16,157.56,-111.17,-48.091,179.21,-31.583,-34.018,-1.7742,14.863,27.251,40.84
35.091,195.63,156.48,-112.5,-46.645,178.92,-38.938,-40.495,-3.669,14.197,27.348,42.088
35.926,195.68,154.93,-113.52,-44.834,178.26,-44.493,-45.025,-5.6109,13.499,27.459,43.256
36.592,195.38,152.81,-114.22,-42.562,177.22,-47.963,-47.579,-7.6534,12.731,27.462,44.298
37.086,194.74,150,-114.52,-39.845,175.72,-49.6,-48.581,-9.8553,11.848,27.207,45.159
37.352,193.56,146.35,-114.21,-36.86,173.56,-50.044,-48.671,-12.265,10.807,26.552,45.775
37.302,191.33,141.71,-112.89,-33.879,170.28,-49.924,-48.397,-14.91,9.5662,25.404,46.068
36.827,187.16,135.96,-109.98,-31.101,165.27,-49.613,-48.057,-17.778,8.0963,23.751,45.955
35.81,180.05,129.04,-104.82,-28.549,158.02,-49.252,-47.751,-20.811,6.3853,21.657,45.36
34.146,169.36,120.97,-97.133,-26.113,148.31,-48.879,-47.477,-23.903,4.4407,19.237,44.214
31.784,155.06,111.85,-87.351,-23.659,136.34,-48.492,-47.194,-26.913,2.2884,16.618,42.468
28.764,137.87,101.8,-76.447,-21.161,122.6,-48.072,-46.853,-29.698,-0.0336,13.906,40.105
25.201,119.05,90.973,-65.32,-18.738,107.78,-47.589,-46.409,-32.151,-2.4865,11.163,37.158
21.235,99.977,79.641,-54.49,-16.565,92.635,-47.02,-45.844,-34.225,-5.0472,8.405,33.716
17.006,81.82,68.305,-44.218,-14.735,77.908,-46.359,-45.166,-35.948,-7.7233,5.6091,29.909
12.657,65.289,57.61,-34.689,-13.216,64.202,-45.625,-44.412,-37.418,-10.56,2.7264,25.859
8.3436,50.682,48.036,-26.072,-11.909,51.876,-44.865,-43.642,-38.777,-13.631,-0.29641,21.647
4.232,38.039,39.663,-18.502,-10.702,41.013,-44.14,-42.927,-40.183,-17.016,-3.5005,17.303
0.48412,27.306,32.279,-12.037,-9.4963,31.539,-43.516,-42.344,-41.766,-20.773,-6.9069,12.831
-2.7625,18.442,25.664,-6.6207,-8.2133,23.437,-43.048,-41.946,-43.598,-24.916,-10.517,8.2504
-5.4215,11.361,19.758,-2.0843,-6.7727,16.8,-42.754,-41.76,-45.673,-29.398,-14.314,3.6219
-7.4728,5.7323,14.569,1.801,-5.1031,11.582,-42.617,-41.77,-47.912,-34.11,-18.26,-0.9528
-8.9586,0.91795,9.9205,5.2386,-3.1867,7.3072,-42.591,-41.924,-50.187,-38.889,-22.293,-5.3502
-9.9649,-3.7039,5.484,8.3561,-1.0944,3.2795,-42.624,-42.148,-52.357,-43.543,-26.314,-9.4594
-10.598,-8.3869,1.1501,11.203,1.0307,-0.87812,-42.675,-42.372,-54.311,-47.891,-30.194,-13.21
-10.968,-13.005,-2.8738,13.769,3.029,-5.0612,-42.725,-42.553,-55.983,-51.798,-33.793,-16.581
-11.172,-17.286,-6.3528,16.014,4.7764,-8.9708,-42.77,-42.681,-57.36,-55.199,-36.991,-19.588
-11.298,-21.019,-9.2196,17.9,6.2051,-12.398,-42.824,-42.774,-58.465,-58.094,-39.721,-22.269
-11.416,-24.128,-11.533,19.418,7.2941,-15.287,-42.9,-42.865,-59.34,-60.524,-41.98,-24.659
-11.58,-26.64,-13.379,20.594,8.0516,-17.672,-43.008,-42.986,-60.031,-62.54,-43.811,-26.781
-11.822,-28.641,-14.831,21.49,8.503,-19.61,-43.152,-43.156,-60.579,-64.185,-45.28,-28.637
-12.159,-30.237,-15.941,22.185,8.6883,-21.164,-43.322,-43.381,-61.009,-65.482,-46.454,-30.217
-12.591,-31.53,-16.76,22.764,8.6569,-22.389,-43.5,-43.65,-61.336,-66.44,-47.384,-31.512
-13.109,-32.602,-17.337,23.301,8.4714,-23.344,-43.655,-43.937,-61.56,-67.067,-48.117,-32.54
-13.699,-33.536,-17.729,23.859,8.2001,-24.087,-43.742,-44.187,-61.678,-67.387,-48.701,-33.355
-14.346,-34.408,-17.983,24.483,7.8988,-24.681,-43.697,-44.323,-61.683,-67.437,-49.191,-34.046
-15.03,-35.288,-18.136,25.21,7.5998,-25.189,-43.447,-44.253,-61.547,-67.264,-49.644,-34.707
-15.729,-36.238,-18.217,26.063,7.3066,-25.669,-42.912,-43.889,-61.217,-66.9,-50.095,-35.413
-16.423,-37.281,-18.245,27.041,7.0043,-26.157,-42.02,-43.169,-60.6,-66.331,-50.533,-36.182
-17.091,-38.401,-18.232,28.115,6.6762,-26.67,-40.718,-42.059,-59.548,-65.465,-50.864,-36.964
-17.705,-39.517,-18.187,29.201,6.3238,-27.179,-38.977,-40.533,-57.85,-64.066,-50.886,-37.621
-18.214,-40.449,-18.095,30.144,5.9837,-27.58,-36.788,-38.543,-55.195,-61.655,-50.232,-37.913
-18.531,-40.868,-17.89,30.685,5.7287,-27.667,-34.129,-36.024,-51.181,-57.35,-48.29,-37.458
-18.519,-40.264,-17.425,30.453,5.6465,-27.093,-30.981,-32.899,-45.636,-49.969,-44.104,-35.686
-18.004,-37.938,-16.459,28.993,5.8055,-25.373,-27.364,-29.168,-40.817,-41.88,-37.35,-31.93
-16.897,-33.274,-14.664,26.019,6.2227,-21.956,-23.538,-25.11,-48.142,-59.999,-42.84,-27.251
-16.719,-27.803,-11.705,23.211,6.8489,-16.907,-20.013,-21.196,-59.798,-74.591,-63.446,-42.425
-28.422,-36.331,-7.6644,33.696,7.5643,-15.115,-15.415,-16.07,-47.994,-71.172,-68.484,-63.216
-37.203,-57.11,-3.9552,50.885,8.141,-27.387,-4.0932,-4.8776,-29.915,-63.485,-71.076,-69.193
-38.935,-62.136,-2.1559,54.566,7.9679,-35.984,12.983,11.715,-8.7467,-49.325,-68.067,-71.411
-37.161,-61.087,-0.12031,53.294,5.8,-36.553,28.826,27.528,16.023,-25.603,-55.005,-66.977
-30.584,-54.234,4.6554,46.448,5.599,-32.59,41.853,40.663,46.068,11.844,-26.485,-52.003
-17.803,-38.313,10.561,31.812,8.171,-22.35,53.452,52.326,84.823,68.254,23.321,-21.822
2.5801,-8.6702,15.515,6.7766,11.646,-2.1877,66.08,65.106,138.3,149.68,99.959,28.339
31.504,38.976,21.767,-31.079,17.004,30.98,83.506,82.906,214.04,263.06,207.83,102.19
68.844,106.36,34.029,-82.797,24.308,78.358,107.42,106.92,315.08,411.46,347.8,200.02
114.57,191.19,58.877,-147.3,32.874,138.55,137.17,136.08,438.08,589.3,514.29,319.06
168.55,283.54,97.479,-218.97,42.746,203.62,171.34,169,581.72,792.02,703.16,458.01
222.01,367.73,131.91,-286.89,55.535,259.98,208.16,204.22,739.02,998.81,889.12,592.16
269.81,430.49,144.75,-342.33,74.235,296.53,246.31,240.66,870.61,1176.6,1049,706.03
308.94,462.41,134.18,-378.66,99.81,306.63,277.38,271.8,959.63,1307.8,1167.1,788.54
335.78,460.79,104.92,-392.48,127.23,290,282.37,278.91,986.16,1372.8,1229.8,831.47
347.5,429.6,64.198,-384.01,151.96,252.33,252.75,251.27,934.26,1357.7,1229.1,831.82
342.19,376.41,20.267,-355.8,170.54,202.13,188.24,188.34,795.74,1253.6,1162,791.18
319.02,308.48,-20.053,-310.81,179.38,146.82,91.126,92.402,572.22,1057.6,1029.1,713.2
278.3,229.94,-53.319,-251.31,176.52,90.116,-31.899,-30.014,276.58,774.56,834.84,602.1
221.97,142.39,-79.749,-179.5,162.36,32.182,-169.45,-167.58,-66.202,420.8,588.8,462.77
154.12,47.96,-101.37,-98.978,139.37,-27.298,-305.91,-304.62,-421.36,26.034,308.04,302.46
80.73,-47.839,-119.12,-15.509,110.99,-85.605,-425.89,-425.54,-749.68,-369.55,17.077,132.11
8.7529,-136.74,-132.99,64.031,80.581,-137.47,-518.29,-518.84,-1016.7,-722.93,-256.09,-34.317
-55.38,-211.46,-143.23,133.43,51.266,-179.19,-578.89,-579.92,-1200.3,-999.2,-485.88,-182.47
-107,-267.98,-149.51,188.15,25.807,-209.67,-609.48,-610.36,-1295.6,-1179.5,-654.75,-301.2
-143.8,-305.42,-150.83,226.01,6.1682,-229.12,-615.2,-615.32,-1312.8,-1263.5,-756.58,-384.83
-165.93,-325.32,-147.07,247.62,-6.8277,-238.32,-602.41,-601.3,-1271.4,-1266.4,-796.68,-433.6
-175.56,-330.39,-139.11,255.54,-13.405,-238.11,-576.38,-573.88,-1192.8,-1212.3,-788.72,-452.71
-175.82,-322.91,-127.49,252.71,-14.883,-229.03,-541.53,-537.94,-1095.1,-1125,-748.77,-449.41
-169.76,-304.38,-112.54,241.29,-13.777,-211.53,-500.53,-496.64,-989.77,-1022.9,-690.57,-430.71
-159.53,-275.8,-94.871,222.6,-12.944,-186.43,-455.62,-452.49,-882.47,-916.72,-623.61,-401.94
-146.24,-238.61,-75.719,197.66,-13.019,-155.59,-409.14,-407.7,-776.05,-811.62,-553.21,-366.65
-130.44,-196,-56.755,167.81,-11.665,-123.03,-364.92,-365.21,-674.08,-709.49,-481.08,-327.04
-112.25,-154.41,-39.594,136.29,-11.518,-93.531,-324.55,-325.9,-581.86,-611.79,-405.55,-283.51
-93.368,-119.85,-25.915,108.92,-11.999,-69.429,-287.21,-288.87,-499.47,-523.61,-331.66,-237.79
-77.865,-93.407,-17.883,88.083,-12.102,-50.982,-251.45,-252.92,-423.11,-445.98,-274.16,-199.6
-66.123,-74.252,-16.596,72.639,-11.771,-38.507,-216.36,-217.32,-352.03,-375.55,-228.41,-170.75
-56.812,-62.207,-19.195,61.562,-10.972,-33.02,-182.98,-183.26,-288,-312.62,-188.68,-146.82
-49.101,-57.41,-21.633,54.541,-9.6755,-34.735,-152.29,-151.91,-233.94,-259.35,-155.04,-126.16
-42.671,-58.968,-22.71,51.248,-7.9256,-40.002,-124.92,-124.04,-191.18,-216.69,-128.59,-109.26
-37.478,-62.979,-22.92,50.435,-5.8429,-43.028,-102.31,-101.07,-159.15,-184.24,-108.99,-96.893
-33.344,-63.661,-22.838,49.305,-3.584,-42.695,-85.725,-84.274,-136.17,-160.69,-95.014,-89.153
-29.666,-60.98,-22.788,46.498,-1.3334,-41.009,-74.773,-73.394,-120.22,-144.36,-85.319,-84.548
-26.602,-57.739,-22.906,43.341,0.69121,-39.341,-67.807,-66.902,-109.4,-133.52,-76.594,-79.743
-24.524,-55.151,-23.197,40.713,2.3085,-38.187,-63.418,-63.178,-102.25,-126.47,-63.699,-73.647
-23.171,-53.484,-23.607,38.809,3.5004,-37.645,-61.353,-61.44,-96.442,-120.73,-50.78,-67.89
-22.233,-52.691,-24.094,37.6,4.4322,-37.653,-60.927,-60.705,-88.478,-112.34,-40.211,-63.322
-21.516,-52.576,-24.643,36.959,5.3208,-38.066,-60.227,-59.531,-81.007,-102.1,-31.522,-59.855
-20.899,-52.895,-25.251,36.715,6.2937,-38.721,-59.193,-58.212,-76.122,-93.979,-24.377,-57.184
-20.31,-53.42,-25.904,36.703,7.3656,-39.471,-58.339,-57.183,-72.914,-88.42,-18.473,-55.048
-19.705,-53.968,-26.575,36.771,8.4887,-40.198,-57.795,-56.468,-70.606,-84.563,-13.5,-53.287
-19.074,-54.392,-27.229,36.801,9.5893,-40.812,-57.479,-55.965,-68.797,-81.768,-9.1964,-51.798
-18.426,-54.593,-27.811,36.699,10.584,-41.244,-57.267,-55.568,-67.268,-79.639,-5.3621,-50.531
-17.786,-54.505,-28.252,36.405,11.386,-41.449,-57.052,-55.208,-65.893,-77.899,-1.8539,-49.465
-17.185,-54.093,-28.492,35.877,11.917,-41.404,-56.769,-54.845,-64.607,-76.333,1.4454,-48.583
-16.643,-53.359,-28.504,35.095,12.137,-41.101,-56.402,-54.462,-63.383,-74.786,4.647,-47.865
-16.16,-52.319,-28.3,34.067,12.074,-40.559,-55.975,-54.059,-62.207,-73.155,7.8627,-47.278
-15.706,-51.014,-27.93,32.826,11.831,-39.823,-55.538,-53.648,-61.064,-71.391,11.199,-46.778
-15.245,-49.518,-27.467,31.442,11.543,-38.967,-55.136,-53.244,-59.935,-69.487,14.742,-46.314
-14.752,-47.936,-26.997,30.019,11.336,-38.073,-54.795,-52.859,-58.797,-67.47,18.549,-45.824
-14.211,-46.388,-26.589,28.674,11.288,-37.225,-54.511,-52.501,-57.632,-65.388,22.637,-45.241
-13.608,-44.984,-26.278,27.502,11.417,-36.479,-54.261,-52.168,-56.428,-63.291,26.967,-44.499
-12.936,-43.784,-26.057,26.541,11.68,-35.848,-54.009,-51.855,-55.174,-61.214,31.457,-43.556
-12.207,-42.781,-25.87,25.773,11.985,-35.3,-53.717,-51.549,-53.852,-59.166,36.007,-42.402
-11.461,-41.912,-25.643,25.136,12.228,-34.781,-53.352,-51.231,-52.446,-57.138,40.518,-41.068
-10.743,-41.098,-25.321,24.556,12.325,-34.243,-52.901,-50.885,-50.941,-55.121,44.913,-39.629
-10.096,-40.275,-24.91,23.969,12.243,-33.668,-52.368,-50.499,-49.334,-53.117,49.135,-38.188
-9.5439,-39.41,-24.467,23.33,12.017,-33.074,-51.781,-50.074,-47.64,-51.147,53.143,-36.856
-9.0878,-38.496,-24.072,22.616,11.737,-32.493,-51.169,-49.623,-45.878,-49.231,56.908,-35.73
-8.7087,-37.536,-23.791,21.827,11.512,-31.955,-50.552,-49.166,-44.061,-47.374,60.41,-34.861
-8.3869,-36.529,-23.645,20.985,11.42,-31.458,-49.937,-48.719,-42.191,-45.562,63.651,-34.243
-8.1236,-35.47,-23.603,20.148,11.475,-30.965,-49.328,-48.291,-40.26,-43.775,66.662,-33.81
-7.9403,-34.379,-23.595,19.395,11.634,-30.415,-48.729,-47.88,-38.261,-42.01,69.5,-33.456
-7.8602,-33.315,-23.53,18.804,11.824,-29.764,-48.141,-47.477,-36.201,-40.295,72.235,-33.063
-7.888,-32.364,-23.331,18.417,11.967,-29.022,-47.56,-47.066,-34.107,-38.674,74.938,-32.546
-8.0055,-31.609,-22.978,18.229,12.005,-28.26,-46.968,-46.624,-32.017,-37.19,77.664,-31.882
-8.1833,-31.104,-22.524,18.202,11.905,-27.584,-46.352,-46.131,-29.963,-35.852,80.454,-31.119
-8.3998,-30.865,-22.059,18.294,11.664,-27.083,-45.703,-45.572,-27.943,-34.625,83.333,-30.346
-8.6526,-30.875,-21.653,18.472,11.295,-26.8,-45.021,-44.945,-25.912,-33.427,86.321,-29.652
-8.9525,-31.077,-21.333,18.711,10.824,-26.715,-44.302,-44.256,-23.787,-32.154,89.441,-29.092
-9.3044,-31.372,-21.077,18.979,10.284,-26.751,-43.543,-43.515,-21.478,-30.702,92.722,-28.673
-9.6894,-31.62,-20.834,19.22,9.7069,-26.791,-42.739,-42.731,-18.931,-28.986,96.221,-28.369
-10.058,-31.661,-20.548,19.358,9.1331,-26.706,-41.883,-41.903,-16.143,-26.951,100.04,-28.126
-10.345,-31.362,-20.186,19.315,8.6057,-26.396,-40.966,-41.021,-13.166,-24.581,104.32,-27.877
-10.49,-30.653,-19.743,19.041,8.1661,-25.811,-39.973,-40.072,-10.079,-21.895,109.24,-27.547
-10.466,-29.552,-19.232,18.533,7.836,-24.965,-38.886,-39.046,-6.9523,-18.941,114.97,-27.061
-10.28,-28.145,-18.667,17.835,7.6044,-23.916,-37.69,-37.94,-3.8255,-15.782,121.63,-26.34
-9.969,-26.553,-18.048,17.013,7.4347,-22.74,-36.375,-36.748,-0.69884,-12.481,129.26,-25.317
-9.5794,-24.887,-17.372,16.135,7.2868,-21.499,-34.939,-35.462,2.4551,-9.0891,137.72,-23.939
-9.144,-23.225,-16.649,15.245,7.1413,-20.24,-33.383,-34.062,5.6733,-5.6451,146.77,-22.185
-8.6656,-21.615,-15.917,14.36,7.0139,-18.998,-31.705,-32.518,8.9855,-2.1767,156.2,-20.073
-8.1118,-20.08,-15.25,13.472,6.9564,-17.82,-29.897,-30.797,12.405,1.2949,166.09,-17.656
-7.4245,-18.634,-14.742,12.56,7.0391,-16.757,-27.949,-28.867,15.928,4.7529,176.97,-15.003
-6.5452,-17.278,-14.468,11.601,7.3156,-15.856,-25.852,-26.712,19.532,8.1852,189.4,-12.183
-5.443,-16,-14.451,10.58,7.7878,-15.131,-23.606,-24.338,23.183,11.587,203.4,-9.2517
-4.1293,-14.77,-14.641,9.497,8.3946,-14.553,-21.222,-21.783,26.839,14.963,218.38,-6.2345
-2.6529,-13.549,-14.939,8.3629,9.0372,-14.057,-18.73,-19.118,30.469,18.327,233.73,-3.1272
-1.075,-12.287,-15.239,7.1883,9.6258,-13.557,-16.168,-16.43,34.06,21.7,249.17,0.094948
0.56226,-10.926,-15.461,5.9673,10.119,-12.969,-13.566,-13.791,37.616,25.101,264.68,3.4562
2.2599,-9.4065,-15.575,4.6705,10.533,-12.226,-10.928,-11.224,41.145,28.541,280.26,6.9631
4.0636,-7.6761,-15.589,3.2534,10.932,-11.28,-8.2333,-8.7072,44.645,32.004,295.86,10.598
6.036,-5.7179,-15.535,1.6817,11.391,-10.114,-5.4673,-6.1961,48.09,35.447,311.32,14.322
8.2114,-3.5744,-15.444,-0.041727,11.969,-8.754,-2.6546,-3.6698,51.431,38.806,326.38,18.08
10.559,-1.3496,-15.334,-1.8636,12.678,-7.2647,0.11948,-1.1583,54.597,42.009,340.73,21.811
12.978,0.82146,-15.201,-3.6924,13.482,-5.7359,2.7276,1.2664,57.512,44.993,354.22,25.446
15.343,2.8174,-15.024,-5.4293,14.311,-4.2571,5.0475,3.5252,60.106,47.713,366.85,28.921
17.547,4.565,-14.784,-7.0018,15.09,-2.8983,7.0029,5.5614,62.33,50.142,378.8,32.171
19.545,6.0507,-14.481,-8.3839,15.762,-1.699,8.5763,7.3469,64.164,52.267,390.27,35.14
21.349,7.3135,-14.143,-9.5995,16.3,-0.66273,9.7981,8.8736,65.612,54.087,401.22,37.773
23.006,8.4302,-13.801,-10.709,16.704,0.24498,10.73,10.147,66.701,55.61,411.36,40.036
24.564,9.4963,-13.467,-11.788,16.989,1.0945,11.451,11.19,67.475,56.85,420.29,41.921
26.035,10.601,-13.108,-12.895,17.173,1.9772,12.049,12.044,67.987,57.827,427.72,43.456
27.386,11.798,-12.667,-14.052,17.269,2.9768,12.607,12.769,68.29,58.563,433.62,44.706
28.56,13.089,-12.082,-15.233,17.28,4.135,13.184,13.428,68.425,59.087,438.18,45.753
29.509,14.422,-11.324,-16.377,17.21,5.4314,13.807,14.071,68.418,59.432,441.69,46.68
30.216,15.718,-10.407,-17.413,17.067,6.7906,14.468,14.725,68.281,59.634,444.42,47.555
30.702,16.898,-9.3813,-18.288,16.866,8.1127,15.136,15.393,68.013,59.725,446.59,48.416
31.006,17.909,-8.3179,-18.979,16.627,9.311,15.771,16.058,67.608,59.725,448.33,49.269
31.173,18.729,-7.282,-19.494,16.368,10.335,16.335,16.689,67.056,59.64,449.72,50.094
31.234,19.364,-6.3159,-19.853,16.097,11.171,16.797,17.256,66.352,59.462,450.78,50.865
31.201,19.829,-5.4347,-20.073,15.814,11.835,17.134,17.726,65.504,59.182,451.53,51.556
31.074,20.149,-4.634,-20.173,15.513,12.353,17.341,18.084,64.536,58.803,451.96,52.152
30.85,20.354,-3.897,-20.17,15.194,12.763,17.434,18.334,63.486,58.344,452.12,52.645
30.53,20.48,-3.1942,-20.091,14.86,13.112,17.452,18.507,62.403,57.842,452.03,53.04
30.131,20.575,-2.4809,-19.973,14.521,13.45,17.445,18.649,61.339,57.347,451.74,53.351
29.69,20.693,-1.7066,-19.861,14.191,13.829,17.46,18.812,60.348,56.907,451.25,53.6
29.257,20.886,-0.83556,-19.803,13.883,14.285,17.535,19.028,59.475,56.567,450.59,53.821
28.895,21.193,0.13467,-19.843,13.614,14.827,17.69,19.313,58.761,56.365,449.72,54.047
28.663,21.63,1.1714,-20.016,13.393,15.442,17.939,19.669,58.233,56.333,448.61,54.309
28.595,22.19,2.2259,-20.332,13.215,16.098,18.297,20.102,57.906,56.496,447.22,54.619
28.688,22.845,3.2545,-20.779,13.063,16.76,18.781,20.621,57.779,56.868,445.5,54.978
28.91,23.554,4.2245,-21.325,12.909,17.397,19.399,21.237,57.848,57.444,443.41,55.372
29.215,24.274,5.1064,-21.93,12.733,17.981,20.139,21.95,58.106,58.199,440.93,55.777
29.576,24.966,5.8719,-22.554,12.535,18.492,20.973,22.744,58.554,59.092,438.05,56.167
29.988,25.606,6.5069,-23.164,12.341,18.922,21.865,23.594,59.193,60.073,434.76,56.511
30.462,26.188,7.0298,-23.733,12.188,19.283,22.788,24.474,60.02,61.094,431.03,56.783
31.009,26.721,7.5003,-24.239,12.109,19.606,23.734,25.368,61.013,62.11,426.73,56.961
31.617,27.222,8.0087,-24.669,12.116,19.932,24.711,26.265,62.122,63.079,421.68,57.029
32.245,27.704,8.6441,-25.012,12.189,20.297,25.737,27.166,63.271,63.961,415.62,56.975
32.821,28.164,9.4553,-25.259,12.282,20.712,26.827,28.07,64.368,64.719,408.3,56.794
33.251,28.576,10.427,-25.392,12.333,21.161,27.983,28.977,65.329,65.317,399.6,56.48
33.439,28.904,11.489,-25.39,12.275,21.605,29.182,29.88,66.086,65.724,389.65,56.024
33.3,29.112,12.554,-25.24,12.048,22.005,30.377,30.764,66.59,65.911,378.86,55.413
32.775,29.182,13.555,-24.937,11.611,22.335,31.516,31.611,66.809,65.851,367.7,54.632
31.843,29.119,14.461,-24.493,10.949,22.586,32.559,32.402,66.727,65.523,356.4,53.665
30.524,28.941,15.271,-23.931,10.074,22.769,33.491,33.119,66.344,64.916,344.72,52.5
28.867,28.675,16.006,-23.273,9.0109,22.9,34.314,33.751,65.672,64.036,332.08,51.127
26.928,28.342,16.7,-22.53,7.7784,22.998,35.045,34.299,64.731,62.902,317.79,49.529
24.749,27.956,17.39,-21.7,6.3787,23.078,35.699,34.771,63.544,61.543,301.35,47.683
22.353,27.519,18.102,-20.771,4.8091,23.147,36.282,35.179,62.131,59.982,282.6,45.551
19.765,27.025,18.84,-19.73,3.086,23.203,36.784,35.531,60.505,58.221,261.72,43.096
17.032,26.467,19.586,-18.58,1.2605,23.238,37.186,35.825,58.666,56.244,239.33,40.284
14.225,25.849,20.314,-17.345,-0.58998,23.25,37.467,36.049,56.596,54.021,216.36,37.095
11.435,25.194,21.017,-16.063,-2.3888,23.249,37.613,36.183,54.268,51.528,193.95,33.526
8.7473,24.539,21.705,-14.784,-4.0862,23.258,37.613,36.205,51.653,48.757,173.04,29.602
6.2284,23.925,22.404,-13.546,-5.6611,23.306,37.464,36.098,48.745,45.732,153.91,25.389
3.9117,23.382,23.127,-12.372,-7.1067,23.408,37.17,35.857,45.579,42.518,135.85,21.001
1.7971,22.903,23.859,-11.251,-8.4211,23.552,36.739,35.493,42.243,39.216,117.96,16.595
-0.13829,22.447,24.558,-10.149,-9.6128,23.697,36.192,35.033,38.865,35.958,100.92,12.341
-1.9215,21.946,25.164,-9.0191,-10.702,23.785,35.567,34.519,35.591,32.874,86.533,8.3959
-3.5703,21.332,25.623,-7.8255,-11.706,23.761,34.918,33.999,32.548,30.068,75.108,4.8747
-5.0902,20.561,25.9,-6.5582,-12.622,23.59,34.304,33.524,29.823,27.599,65.554,1.8429
-6.4832,19.614,25.986,-5.2295,-13.433,23.257,33.776,33.128,27.452,25.48,56.856,-0.67969
-7.7611,18.489,25.898,-3.8549,-14.122,22.763,33.356,32.826,25.432,23.693,48.561,-2.7093
-8.9544,17.178,25.662,-2.4298,-14.704,22.105,33.033,32.608,23.735,22.194,40.608,-4.2926
-10.108,15.653,25.292,-0.9224,-15.214,21.272,32.771,32.444,22.318,20.932,33.065,-5.5069
-11.266,13.873,24.795,0.71404,-15.683,20.249,32.523,32.295,21.13,19.847,25.97,-6.4571
-12.45,11.807,24.165,2.5131,-16.101,19.023,32.246,32.127,20.123,18.881,19.292,-7.2634
-13.641,9.4606,23.398,4.4658,-16.411,17.601,31.921,31.92,19.248,17.986,12.966,-8.033
-14.78,6.915,22.5,6.5004,-16.527,16.027,31.551,31.67,18.468,17.128,6.9208,-8.83
-15.778,4.3352,21.496,8.4823,-16.375,14.387,31.16,31.388,17.761,16.297,1.0958,-9.6582
-16.548,1.9492,20.43,10.239,-15.922,12.802,30.786,31.095,17.121,15.501,-4.5523,-10.469
-17.034,-0.01648,19.351,11.609,-15.193,11.396,30.464,30.814,16.554,14.766,-10.04,-11.184
-17.219,-1.4161,18.293,12.49,-14.259,10.252,30.221,30.566,16.079,14.128,-15.345,-11.725
-17.123,-2.2332,17.264,12.868,-13.209,9.3806,30.073,30.367,15.713,13.623,-20.412,-12.027
-16.781,-2.5686,16.235,12.805,-12.116,8.722,30.023,30.229,15.474,13.286,-25.167,-12.048
-16.221,-2.5832,15.164,12.4,-11.021,8.1773,30.064,30.161,15.367,13.145,-29.542,-11.78
-15.445,-2.4325,14.013,11.751,-9.9417,7.6518,30.184,30.164,15.383,13.213,-33.489,-11.245
-14.435,-2.2268,12.775,10.947,-8.8761,7.0877,30.364,30.237,15.497,13.482,-36.988,-10.502
-13.2,-2.0204,11.483,10.066,-7.8027,6.48,30.586,30.365,15.677,13.91,-40.054,-9.6351
-11.809,-1.8166,10.224,9.1794,-6.675,5.8748,30.823,30.525,15.877,14.425,-42.732,-8.7433
-10.334,-1.5782,9.1196,8.3239,-5.4409,5.3526,31.042,30.68,16.05,14.942,-45.093,-7.9181
-8.7992,-1.2411,8.283,7.4905,-4.0846,5.0045,31.207,30.783,16.142,15.378,-47.223,-7.2298
-7.2071,-0.7294,7.777,6.6342,-2.646,4.9113,31.29,30.796,16.102,15.676,-49.208,-6.7203
-5.5771,0.027819,7.6024,5.6975,-1.1983,5.1286,31.283,30.695,15.894,15.814,-51.109,-6.4049
-3.9636,1.0759,7.715,4.6382,0.1801,5.6758,31.201,30.481,15.51,15.803,-52.954,-6.2743
-2.452,2.4144,8.0508,3.448,1.4122,6.527,31.073,30.174,14.966,15.682,-54.732,-6.292
-1.1329,3.9875,8.5415,2.155,2.4191,7.6107,30.93,29.804,14.303,15.5,-56.405,-6.3917
-0.064091,5.6896,9.1184,0.814,3.1378,8.8189,30.795,29.402,13.572,15.306,-57.927,-6.4827
0.75649,7.3813,9.7102,-0.5039,3.5537,10.026,30.674,28.991,12.822,15.137,-59.251,-6.47
1.3752,8.9089,10.244,-1.7122,3.7147,11.106,30.555,28.582,12.084,15.008,-60.347,-6.2845
1.8341,10.129,10.653,-2.7115,3.7095,11.956,30.409,28.176,11.361,14.914,-61.211,-5.9115
2.1342,10.935,10.897,-3.4041,3.6279,12.513,30.203,27.767,10.627,14.83,-61.862,-5.3984
2.2361,11.288,10.985,-3.722,3.5288,12.768,29.911,27.352,9.8369,14.72,-62.34,-4.8377
2.0949,11.229,10.99,-3.6563,3.4224,12.777,29.522,26.932,8.9469,14.55,-62.696,-4.3311
1.7053,10.876,11.047,-3.271,3.2634,12.646,29.043,26.513,7.9313,14.295,-62.966,-3.9494
1.1093,10.4,11.32,-2.6869,2.9609,12.52,28.501,26.102,6.7919,13.952,-63.169,-3.7043
0.3746,9.9877,11.938,-2.0465,2.4144,12.544,27.928,25.699,5.5566,13.529,-63.297,-3.5442
-0.42477,9.8043,12.941,-1.4877,1.5677,12.835,27.353,25.297,4.271,13.05,-63.333,-3.3742
-1.2146,9.9826,14.271,-1.1355,0.44981,13.461,26.8,24.886,2.9881,12.544,-63.255,-3.0904
-1.9257,10.615,15.81,-1.1016,-0.83662,14.437,26.281,24.462,1.7624,12.049,-63.045,-2.6083
-2.4959,11.749,17.447,-1.4782,-2.1828,15.746,25.81,24.037,0.64768,11.614,-62.681,-1.8763
-2.8719,13.381,19.126,-2.3187,-3.5391,17.344,25.4,23.642,-0.3041,11.296,-62.134,-0.8749
-3.026,15.45,20.852,-3.6155,-4.9273,19.18,25.069,23.32,-1.0459,11.154,-61.369,0.38846
-2.9826,17.864,22.704,-5.2931,-6.4106,21.224,24.832,23.117,-1.5425,11.232,-60.355,1.8847
-2.82,20.541,24.864,-7.2291,-8.06,23.512,24.692,23.063,-1.7785,11.536,-59.089,3.5659
-2.6337,23.473,27.719,-9.2988,-9.9431,26.225,24.642,23.168,-1.7615,12.037,-57.612,5.37
-2.4831,26.773,31.877,-11.422,-12.144,29.732,24.66,23.421,-1.514,12.681,-55.999,7.231
-2.3614,30.67,37.846,-13.589,-14.763,34.528,24.727,23.797,-1.0599,13.416,-54.331,9.0951
-2.2052,35.467,45.593,-15.857,-17.85,41.018,24.828,24.269,-0.41554,14.211,-52.659,10.937
-1.927,41.499,54.668,-18.326,-21.343,49.309,24.955,24.801,0.41146,15.062,-50.978,12.769
-1.4513,49.124,64.584,-21.117,-25.114,59.195,25.101,25.359,1.4145,15.98,-49.233,14.641
-0.73647,58.65,74.954,-24.35,-29.054,70.249,25.258,25.898,2.5769,16.98,-47.336,16.628
0.22004,70.134,85.467,-28.123,-33.085,81.929,25.403,26.362,3.861,18.068,-45.204,18.806
1.3901,83.121,95.869,-32.508,-37.124,93.696,25.498,26.689,5.2006,19.232,-42.801,21.227
2.7304,96.669,105.93,-37.547,-41.059,105.1,25.49,26.818,6.5036,20.442,-40.165,23.896
4.2028,109.8,115.39,-43.249,-44.757,115.82,25.325,26.706,7.6647,21.645,-37.411,26.756
5.7924,121.95,124.01,-49.578,-48.091,125.67,24.96,26.338,8.588,22.773,-34.707,29.694
7.5169,133.03,131.66,-56.432,-50.952,134.61,24.376,25.729,9.2074,23.754,-32.22,32.567
9.4112,143.16,138.33,-63.619,-53.263,142.75,23.573,24.903,9.4951,24.526,-30.08,35.24
11.493,152.47,144.08,-70.854,-54.971,150.19,22.548,23.874,9.4538,25.049,-28.347,37.616
13.734,160.96,148.98,-77.81,-56.067,156.97,21.244,22.599,9.1003,25.306,-27.021,39.653
16.054,168.54,153.04,-84.189,-56.601,162.97,19.509,20.953,8.452,25.301,-26.048,41.36
18.352,175.1,156.29,-89.799,-56.705,168.07,17.106,18.739,7.524,25.055,-25.345,42.786
20.548,180.56,158.76,-94.568,-56.548,172.18,13.805,15.729,6.3352,24.599,-24.812,43.998
22.599,184.97,160.57,-98.542,-56.269,175.33,9.4762,11.74,4.9181,23.977,-24.341,45.076
24.502,188.45,161.82,-101.84,-55.913,177.66,4.1634,6.7011,3.3227,23.244,-23.822,46.093
26.271,191.17,162.61,-104.6,-55.447,179.32,-1.9121,0.72836,1.6113,22.455,-23.161,47.11
27.921,193.29,162.95,-106.98,-54.819,180.45,-8.3731,-5.8401,-0.15721,21.652,-22.29,48.163
29.441,194.92,162.87,-109.04,-53.99,181.13,-14.734,-12.482,-1.946,20.852,-21.194,49.25
30.788,196.12,162.37,-110.82,-52.954,181.42,-20.485,-18.611,-3.7549,20.037,-19.918,50.33
31.89,196.9,161.5,-112.27,-51.744,181.35,-25.22,-23.747,-5.6207,19.161,-18.564,51.327
32.663,197.29,160.38,-113.3,-50.43,180.97,-28.762,-27.658,-7.6019,18.166,-17.271,52.149
33.032,197.29,159.17,-113.77,-49.112,180.35,-31.217,-30.411,-9.7528,17.003,-16.185,52.706
32.939,196.77,157.89,-113.47,-47.88,179.41,-32.872,-32.259,-12.095,15.645,-15.422,52.923
32.339,195.33,156.3,-112.05,-46.772,177.84,-34.012,-33.466,-14.595,14.091,-15.041,52.754
31.188,192.31,154.02,-109.09,-45.735,175.11,-34.8,-34.213,-17.171,12.362,-15.043,52.173
29.444,186.92,150.66,-104.15,-44.621,170.67,-35.278,-34.604,-19.715,10.483,-15.38,51.172
27.086,178.45,145.89,-97.052,-43.226,163.99,-35.431,-34.708,-22.143,8.4724,-15.979,49.741
24.155,166.51,139.44,-87.98,-41.355,154.73,-35.244,-34.582,-24.423,6.3291,-16.762,47.86
20.756,151.27,131.18,-77.457,-38.911,142.83,-34.729,-34.267,-26.581,4.0264,-17.663,45.494
17.018,133.51,121.2,-66.169,-35.972,128.78,-33.928,-33.795,-28.669,1.5205,-18.633,42.601
13.059,114.49,109.94,-54.813,-32.823,113.49,-32.911,-33.181,-30.734,-1.2352,-19.649,39.149
8.9866,95.51,98.086,-43.992,-29.821,98.047,-31.755,-32.438,-32.794,-4.272,-20.715,35.145
4.9235,77.552,86.409,-34.133,-27.184,83.251,-30.539,-31.582,-34.846,-7.5933,-21.857,30.647
1.0124,61.18,75.441,-25.445,-24.895,69.471,-29.334,-30.641,-36.874,-11.173,-23.114,25.754
-2.6036,46.699,65.278,-17.946,-22.792,56.707,-28.199,-29.657,-38.87,-14.969,-24.519,20.588
-5.8106,34.36,55.622,-11.517,-20.697,44.881,-27.173,-28.68,-40.841,-18.939,-26.096,15.276
-8.5408,24.38,46.079,-5.9816,-18.519,34.295,-26.275,-27.762,-42.803,-23.055,-27.844,9.9443
-10.778,16.685,36.8,-1.1583,-16.282,25.746,-25.51,-26.946,-44.774,-27.3,-29.74,4.7226
-12.552,10.69,28.963,3.0994,-14.067,19.655,-24.874,-26.264,-46.761,-31.653,-31.732,-0.2679
-13.926,5.5651,23.475,6.9011,-11.954,15.323,-24.365,-25.726,-48.747,-36.07,-33.746,-4.9333
-14.98,0.68849,19.732,10.325,-10.006,11.632,-23.979,-25.328,-50.694,-40.47,-35.717,-9.2243
-15.79,-4.1923,16.679,13.422,-8.276,7.8928,-23.699,-25.05,-52.547,-44.738,-37.566,-13.136
-16.415,-9.0582,13.704,16.212,-6.7838,3.9082,-23.494,-24.875,-54.25,-48.75,-39.226,-16.691
-16.889,-13.766,10.57,18.685,-5.4889,-0.2448,-23.322,-24.787,-55.758,-52.395,-40.648,-19.91
-17.22,-18.157,7.2084,20.817,-4.2821,-4.3963,-23.146,-24.774,-57.049,-55.598,-41.804,-22.795
-17.399,-22.114,3.6229,22.592,-3.0175,-8.3788,-22.954,-24.825,-58.12,-58.32,-42.681,-25.332
-17.422,-25.589,-0.085193,24.021,-1.5793,-12.063,-22.774,-24.927,-58.986,-60.562,-43.261,-27.495
-17.312,-28.6,-3.7072,25.161,0.04194,-15.366,-22.666,-25.062,-59.666,-62.344,-43.556,-29.266
-17.123,-31.211,-7.0042,26.101,1.7297,-18.256,-22.694,-25.215,-60.179,-63.704,-43.614,-30.652
-16.929,-33.513,-9.8154,26.947,3.3154,-20.742,-22.894,-25.372,-60.539,-64.694,-43.504,-31.691
-16.808,-35.608,-12.098,27.805,4.674,-22.868,-23.238,-25.511,-60.757,-65.382,-43.329,-32.469
-16.817,-37.59,-13.89,28.759,5.7557,-24.702,-23.624,-25.58,-60.835,-65.845,-43.211,-33.11
-16.986,-39.534,-15.267,29.854,6.5607,-26.321,-23.883,-25.477,-60.759,-66.157,-43.256,-33.758
-17.312,-41.467,-16.324,31.092,7.1172,-27.797,-23.813,-25.047,-60.494,-66.368,-43.53,-34.544
-17.77,-43.388,-17.16,32.435,7.4658,-29.178,-23.206,-24.11,-59.981,-66.479,-44.016,-35.546
-18.326,-45.275,-17.863,33.824,7.6454,-30.494,-21.893,-22.517,-59.133,-66.428,-44.627,-36.75
-18.945,-47.085,-18.503,35.19,7.6974,-31.753,-19.793,-20.215,-57.83,-66.054,-45.175,-38.035
-19.584,-48.745,-19.118,36.442,7.6754,-32.933,-16.959,-17.28,-55.885,-65.041,-45.35,-39.168
-20.184,-50.087,-19.693,37.435,7.6441,-33.93,-13.595,-13.892,-53.003,-62.814,-44.667,-39.796
-20.66,-50.805,-20.122,37.947,7.6487,-34.524,-9.9975,-10.263,-48.777,-58.382,-42.386,-39.419
-20.91,-50.427,-20.19,37.653,7.6741,-34.351,-6.4514,-6.5901,-43.097,-50.705,-37.528,-37.385
-20.89,-48.325,-19.594,36.177,7.6453,-32.924,-3.2083,-3.1016,-38.637,-45.613,-31.145,-33.266
-21.224,-43.994,-17.961,33.516,7.4871,-29.72,-0.59372,-0.17877,-47.519,-69.041,-47.929,-32.987
-27.504,-40.406,-14.904,33.81,7.2021,-25.012,1.0791,1.7496,-59.078,-74.442,-64.814,-57.611
-39.602,-53.273,-10.563,48.503,6.898,-25.889,3.3578,4.0173,-47.039,-70.365,-69.488,-67.289
-43.59,-63.465,-7.6205,56.671,6.7006,-36.592,12.367,12.8,-29.068,-61.978,-71.311,-72.564
-43.68,-64.866,-8.5975,57.936,6.4827,-39.361,27.069,27.413,-8.0277,-46.794,-66.68,-73.009
-39.595,-61.759,-8.304,54.575,5.2631,-37.821,40.76,40.974,16.695,-21.486,-50.883,-64.906
-30.184,-52.475,-3.8789,45.14,4.4707,-32.581,52.882,52.865,46.99,18.431,-18.235,-43.998
-14.536,-33.774,3.1808,27.699,7.9808,-21.136,64.524,64.331,86.765,78.384,37.274,-6.0651
8.1199,-1.5334,10.881,0.25345,12.544,0.34607,77.244,77.065,142.29,164.23,120.97,52.205
38.147,47.837,23.783,-38.771,18.619,35.208,93.477,93.508,219.89,281.85,236.17,132.34
75.486,116.22,46.596,-90.45,25.961,84.857,114.78,114.9,321.39,433.35,381.99,233.08
122.28,201.99,78.99,-155.3,33.835,146.84,141.57,141.43,443.55,613.03,552.09,353.85
177.99,293.3,114.56,-226.91,42.51,211.35,173.84,173.11,585.4,818.88,743.07,491.68
231.01,374.91,142.65,-293.52,53.912,265.95,211.28,209.55,737.89,1021,923.62,620.66
277.83,435.46,154.34,-347.4,71.689,301.48,250.04,246.9,863.76,1192.8,1076,729.26
315.27,465.85,145.3,-381.96,98.443,311.59,278.46,274.41,946.77,1315,1183.3,805.08
339.97,463.09,116.76,-393.79,129.28,295.29,285.44,281.37,967.63,1369.4,1233.4,840.5
349.24,430.8,75.189,-383.19,155.88,257.6,264.71,261.35,910.8,1342.2,1219.3,833.36
341.3,376.57,29.663,-352.9,174.02,207.02,212.39,210.18,768.37,1225.1,1138.7,785.82
315.42,307.86,-11.893,-306.14,179.7,151.4,128.67,127.71,542.61,1015.9,992.97,701.78
272.06,229.24,-45.306,-245.58,171.58,94.905,19.731,19.87,247.38,721.17,787.09,585.66
213.44,142.89,-70.557,-173.8,151.35,38.281,-102.78,-101.73,-90.986,359.4,532.13,442.77
143.93,51.368,-90.197,-94.48,122.73,-18.46,-224.15,-222.31,-436.97,-37.787,246.8,281.14
69.607,-40.653,-106.54,-12.796,90.424,-73.652,-330.46,-327.87,-751.7,-429.2,-43.218,112.07
-2.7876,-127.12,-120.42,65.23,58.723,-124.27,-412.22,-408.88,-1002.4,-772.21,-309.78,-51.061
-66.808,-202.21,-131.69,133.86,30.671,-167.58,-465.88,-461.93,-1170.2,-1033.5,-528.26,-195.35
-117.5,-261.28,-138.57,188.51,8.3249,-201.42,-493.51,-489.18,-1252.9,-1197.1,-683.2,-310.86
-152.51,-301.99,-138.57,226.77,-6.8815,-224.54,-500.21,-495.75,-1262.4,-1265.7,-771.11,-392.21
-172.36,-325.09,-135.51,249.04,-14.64,-237.32,-491.67,-487.25,-1218.6,-1256.8,-799.69,-439.27
-179.78,-333.14,-133.25,257.59,-16.186,-240.96,-472.5,-468.22,-1141.9,-1195,-783.66,-456.87
-178.21,-328.47,-129.56,255.14,-13.811,-236.33,-445.91,-441.93,-1049.1,-1104.2,-739.05,-452.09
-170.59,-312.67,-121.9,243.82,-11.1,-223.79,-413.95,-410.43,-950.27,-1001.7,-678.74,-431.95
-158.85,-286.91,-109.15,225.14,-10.585,-203.65,-377.78,-374.88,-849.07,-897.2,-610.68,-401.7
-144.13,-252.77,-91.708,200.46,-7.9911,-176.84,-338.42,-336.03,-745.69,-794.12,-538.39,-364.91
-127.14,-213.12,-71.57,171.66,-7.0752,-145.75,-297.06,-294.8,-641.35,-693.51,-463.37,-324.15
-108.64,-172.66,-51.551,142,-7.4227,-114.25,-254.57,-252.06,-542.19,-599,-386.87,-281.33
-91.281,-136.5,-34.403,115.88,-7.2971,-85.905,-213.43,-210.66,-454.4,-515.36,-318.5,-240.14
-77.18,-107.08,-22.463,95.135,-6.3783,-62.839,-176.11,-173.25,-377.62,-439.92,-265.68,-205.84
-65.701,-84.602,-17.165,78.979,-4.5892,-46.175,-143.11,-140.14,-310.36,-369.86,-221.45,-177.65
-55.795,-68.972,-18.224,66.522,-2.0844,-36.532,-114.59,-111.42,-253.06,-307.66,-182.44,-152.64
-46.992,-60.326,-23.091,57.559,0.76351,-34.179,-91.139,-87.732,-206.38,-255.75,-149.65,-130.12
-39.387,-58.609,-27.696,52.257,3.529,-38.706,-73.14,-69.648,-170.36,-214.44,-124.11,-111.09
-33.376,-62.535,-29.676,50.349,5.8815,-45.771,-60.372,-57.095,-143.97,-182.83,-105.31,-96.576
-29.068,-66.35,-29.726,49.807,7.63,-48.349,-51.848,-49.139,-125.39,-159.6,-91.953,-86.747
-25.943,-65.376,-29.152,47.94,8.7256,-47.194,-46.27,-44.467,-112.66,-143.28,-82.644,-80.637
-23.598,-62.62,-28.572,45.264,9.2597,-45.41,-43.373,-42.57,-104.15,-132.35,-74.068,-75.093
-22.051,-60.284,-28.157,42.972,9.4196,-44.07,-42.776,-42.259,-98.222,-125.2,-60.931,-66.947
-21.153,-58.77,-27.942,41.361,9.3998,-43.332,-40.491,-40.078,-90.407,-118.44,-47.8,-58.513
-20.672,-58.012,-27.933,40.391,9.3408,-43.114,-37.166,-36.981,-80.38,-107.34,-37.586,-51.961
-20.443,-57.823,-28.1,39.936,9.3286,-43.255,-34.085,-34.165,-73.363,-96.486,-29.851,-47.283
-20.372,-57.984,-28.364,39.832,9.3973,-43.582,-31.643,-32.045,-68.874,-89.444,-24.166,-44.062
-20.407,-58.264,-28.627,39.92,9.5201,-43.924,-29.92,-30.736,-65.812,-85.053,-20.103,-41.908
-20.514,-58.472,-28.815,40.059,9.6243,-44.135,-28.823,-30.138,-63.706,-82.124,-17.225,-40.487
-20.656,-58.456,-28.84,40.142,9.6279,-44.091,-28.164,-30.019,-62.277,-79.986,-15.149,-39.531
-20.799,-58.147,-28.596,40.099,9.4672,-43.727,-27.756,-30.137,-61.29,-78.224,-13.575,-38.834
-20.909,-57.547,-28.066,39.9,9.122,-43.072,-27.468,-30.31,-60.54,-76.576,-12.303,-38.26
-20.952,-56.732,-27.343,39.55,8.6404,-42.239,-27.23,-30.431,-59.874,-74.902,-11.219,-37.733
-20.903,-55.806,-26.561,39.078,8.1201,-41.361,-27.011,-30.443,-59.187,-73.166,-10.283,-37.216
-20.756,-54.856,-25.817,38.524,7.647,-40.531,-26.793,-30.316,-58.422,-71.39,-9.4947,-36.703
-20.534,-53.932,-25.148,37.928,7.2424,-39.782,-26.555,-30.028,-57.553,-69.623,-8.8642,-36.199
-20.287,-53.047,-24.531,37.331,6.8598,-39.094,-26.271,-29.559,-56.584,-67.913,-8.3965,-35.706
-20.069,-52.191,-23.917,36.761,6.4234,-38.425,-25.917,-28.897,-55.539,-66.294,-8.085,-35.218
-19.922,-51.342,-23.256,36.232,5.8742,-37.735,-25.473,-28.047,-54.453,-64.769,-7.9233,-34.712
-19.857,-50.477,-22.532,35.737,5.2,-37,-24.931,-27.021,-53.361,-63.317,-7.8812,-34.163
-19.858,-49.574,-21.763,35.249,4.4403,-36.216,-24.292,-25.844,-52.278,-61.88,-7.9051,-33.552
-19.889,-48.625,-20.992,34.736,3.6686,-35.402,-23.577,-24.538,-51.202,-60.382,-7.9469,-32.87
-19.912,-47.641,-20.277,34.172,2.9638,-34.591,-22.821,-23.127,-50.111,-58.74,-7.9579,-32.126
-19.9,-46.652,-19.672,33.559,2.3855,-33.824,-22.064,-21.629,-48.976,-56.896,-7.8969,-31.348
-19.847,-45.714,-19.216,32.925,1.9628,-33.14,-21.328,-20.058,-47.772,-54.826,-7.737,-30.573
-19.763,-44.884,-18.927,32.321,1.6964,-32.572,-20.6,-18.421,-46.486,-52.546,-7.4672,-29.837
-19.662,-44.208,-18.796,31.798,1.5725,-32.132,-19.828,-16.722,-45.116,-50.106,-7.1033,-29.161
-19.552,-43.694,-18.795,31.378,1.5799,-31.813,-18.947,-14.966,-43.662,-47.574,-6.6531,-28.538
-19.42,-43.311,-18.885,31.049,1.7198,-31.588,-17.898,-13.168,-42.125,-45.023,-6.1241,-27.927
-19.237,-43,-19.035,30.767,2.0063,-31.421,-16.648,-11.349,-40.488,-42.518,-5.5177,-27.259
-18.962,-42.688,-19.227,30.467,2.4563,-31.277,-15.205,-9.5371,-38.722,-40.091,-4.8255,-26.451
-18.558,-42.303,-19.454,30.078,3.0745,-31.126,-13.604,-7.76,-36.788,-37.736,-4.0302,-25.437
-18.003,-41.787,-19.7,29.546,3.8358,-30.937,-11.901,-6.0437,-34.656,-35.416,-3.1147,-24.196
-17.306,-41.106,-19.936,28.846,4.6773,-30.68,-10.146,-4.4081,-32.324,-33.084,-2.0754,-22.767
-16.512,-40.269,-20.124,28.004,5.5079,-30.342,-8.3848,-2.8683,-29.833,-30.714,-0.93277,-21.245
-15.691,-39.333,-20.226,27.085,6.2366,-29.937,-6.6566,-1.4409,-27.256,-28.325,0.26726,-19.752
-14.918,-38.377,-20.226,26.177,6.803,-29.494,-5.0001,-0.14677,-24.679,-25.972,1.4652,-18.405
-14.249,-37.47,-20.127,25.348,7.1905,-29.045,-3.448,0.99849,-22.164,-23.713,2.6114,-17.271
-13.692,-36.615,-19.938,24.612,7.4208,-28.588,-2.0122,2.0001,-19.729,-21.567,3.691,-16.358
-13.2,-35.735,-19.666,23.908,7.5408,-28.079,-0.677,2.8934,-17.346,-19.499,4.7361,-15.606
-12.692,-34.682,-19.312,23.12,7.6076,-27.434,0.59213,3.7348,-14.956,-17.433,5.8169,-14.914
-12.098,-33.304,-18.864,22.132,7.668,-26.568,1.83,4.5787,-12.496,-15.288,7.0147,-14.169
-11.395,-31.508,-18.306,20.888,7.7309,-25.421,3.0583,5.4576,-9.9236,-13.008,8.3902,-13.282
-10.621,-29.306,-17.615,19.419,7.7551,-23.983,4.2879,6.3825,-7.2249,-10.577,9.9637,-12.206
-9.8568,-26.813,-16.768,17.833,7.6734,-22.296,5.5302,7.3605,-4.4098,-8.0157,11.715,-10.94
-9.1892,-24.205,-15.759,16.261,7.4383,-20.443,6.8026,8.4107,-1.5004,-5.3695,13.598,-9.5195
-8.6708,-21.667,-14.618,14.815,7.0581,-18.532,8.1203,9.5609,1.4768,-2.6915,15.559,-8.0114
-8.2935,-19.351,-13.427,13.557,6.6031,-16.682,9.4846,10.829,4.4939,-0.030007,17.554,-6.4956
-7.982,-17.341,-12.309,12.491,6.1878,-15.006,10.878,12.206,7.5242,2.5827,19.555,-5.0492
-7.6174,-15.647,-11.395,11.569,5.9353,-13.581,12.271,13.649,10.548,5.1357,21.557,-3.7269
-7.0879,-14.204,-10.762,10.713,5.9283,-12.415,13.63,15.1,13.554,7.6366,23.578,-2.5447
-6.3374,-12.907,-10.393,9.8506,6.1712,-11.445,14.927,16.5,16.544,10.103,25.644,-1.4739
-5.3869,-11.655,-10.192,8.9429,6.5867,-10.57,16.147,17.81,19.534,12.557,27.774,-0.44589
-4.3215,-10.387,-10.029,7.9961,7.0534,-9.697,17.295,19.013,22.552,15.022,29.971,0.63214
-3.2527,-9.0987,-9.8023,7.0456,7.463,-8.7786,18.392,20.111,25.639,17.523,32.239,1.8562
-2.2675,-7.8117,-9.4813,6.125,7.765,-7.8139,19.474,21.131,28.834,20.093,34.594,3.3062
-1.3823,-6.5341,-9.1071,5.2318,7.9832,-6.8261,20.577,22.113,32.159,22.761,37.074,5.0351
-0.52079,-5.2328,-8.7687,4.3133,8.2044,-5.835,21.728,23.1,35.603,25.552,39.737,7.0668
0.47045,-3.8469,-8.5672,3.2843,8.5416,-4.8498,22.931,24.124,39.116,28.472,42.632,9.3977
1.7659,-2.3354,-8.5859,2.072,9.0753,-3.8843,24.164,25.189,42.614,31.507,45.774,11.996
3.4834,-0.72228,-8.8694,0.66204,9.8034,-2.975,25.388,26.264,45.993,34.619,49.119,14.802
5.6195,0.89718,-9.4104,-0.88525,10.638,-2.1832,26.556,27.298,49.153,37.751,52.573,17.738
8.0329,2.3937,-10.15,-2.457,11.457,-1.5769,27.635,28.241,52.016,40.838,56.017,20.724
10.501,3.6559,-10.996,-3.9323,12.174,-1.2037,28.609,29.069,54.533,43.814,59.343,23.7
12.831,4.6283,-11.853,-5.2249,12.783,-1.071,29.484,29.782,56.683,46.625,62.48,26.633
14.944,5.3303,-12.652,-6.3125,13.351,-1.1354,30.274,30.4,58.471,49.228,65.396,29.511
16.89,5.8578,-13.36,-7.2455,13.97,-1.3016,30.989,30.946,59.915,51.597,68.089,32.33
18.791,6.3676,-13.963,-8.1342,14.708,-1.4282,31.629,31.441,61.046,53.714,70.57,35.079
20.768,7.0366,-14.441,-9.1094,15.6,-1.348,32.188,31.893,61.903,55.563,72.859,37.74
22.868,7.9997,-14.755,-10.27,16.63,-0.91002,32.663,32.304,62.52,57.125,74.977,40.288
25.031,9.2946,-14.856,-11.639,17.733,-0.034,33.061,32.667,62.92,58.375,76.94,42.689
27.114,10.847,-14.703,-13.159,18.804,1.2501,33.394,32.969,63.102,59.288,78.748,44.899
28.959,12.508,-14.282,-14.714,19.728,2.8072,33.681,33.2,63.047,59.845,80.38,46.864
30.458,14.126,-13.628,-16.188,20.407,4.4491,33.93,33.356,62.728,60.045,81.825,48.529
31.586,15.593,-12.823,-17.498,20.788,6.0051,34.142,33.437,62.125,59.906,83.088,49.859
32.392,16.869,-11.97,-18.622,20.868,7.3699,34.303,33.447,61.236,59.466,84.185,50.852
32.97,17.968,-11.16,-19.581,20.7,8.5116,34.394,33.383,60.088,58.773,85.143,51.538
33.423,18.929,-10.443,-20.418,20.375,9.4519,34.393,33.235,58.724,57.874,85.974,51.971
33.826,19.792,-9.8155,-21.165,19.986,10.241,34.286,32.989,57.197,56.809,86.667,52.206
34.205,20.58,-9.2264,-21.829,19.598,10.938,34.072,32.636,55.554,55.603,87.186,52.282
34.538,21.296,-8.5844,-22.385,19.22,11.6,33.763,32.183,53.829,54.271,87.485,52.222
34.765,21.931,-7.7778,-22.792,18.817,12.276,33.385,31.657,52.053,52.832,87.533,52.037
34.82,22.476,-6.7054,-23.017,18.345,13,32.964,31.099,50.269,51.324,87.337,51.735
34.65,22.934,-5.313,-23.053,17.793,13.78,32.528,30.548,48.537,49.805,86.945,51.33
34.241,23.321,-3.6254,-22.93,17.189,14.597,32.095,30.029,46.935,48.348,86.43,50.841
33.621,23.66,-1.7559,-22.709,16.578,15.416,31.681,29.549,45.539,47.021,85.872,50.288
32.857,23.971,0.12164,-22.459,15.996,16.19,31.296,29.109,44.401,45.878,85.328,49.691
32.018,24.256,1.8326,-22.228,15.46,16.876,30.944,28.7,43.539,44.949,84.829,49.065
31.15,24.495,3.2568,-22.023,14.966,17.44,30.622,28.318,42.939,44.245,84.373,48.43
30.27,24.662,4.3538,-21.822,14.496,17.865,30.32,27.965,42.567,43.768,83.939,47.812
29.376,24.743,5.166,-21.598,14.019,18.161,30.02,27.651,42.387,43.51,83.497,47.242
28.475,24.758,5.8087,-21.345,13.511,18.371,29.709,27.392,42.373,43.458,83.024,46.749
27.577,24.756,6.4464,-21.083,12.964,18.563,29.377,27.205,42.516,43.59,82.504,46.35
26.701,24.798,7.2464,-20.852,12.391,18.815,29.028,27.095,42.813,43.875,81.943,46.044
25.864,24.934,8.3195,-20.678,11.82,19.181,28.669,27.053,43.255,44.271,81.332,45.806
25.07,25.183,9.6749,-20.563,11.265,19.676,28.314,27.055,43.813,44.728,80.67,45.592
24.307,25.525,11.22,-20.479,10.723,20.273,27.976,27.065,44.444,45.197,79.932,45.343
23.536,25.915,12.811,-20.382,10.168,20.918,27.67,27.058,45.091,45.633,79.087,44.999
22.713,26.301,14.328,-20.241,9.5601,21.553,27.409,27.021,45.698,45.997,78.101,44.502
21.818,26.653,15.705,-20.056,8.8674,22.146,27.205,26.96,46.215,46.259,76.946,43.801
20.868,26.984,16.93,-19.869,8.0794,22.696,27.06,26.891,46.607,46.397,75.597,42.851
19.92,27.33,18.031,-19.74,7.2008,23.23,26.965,26.834,46.856,46.393,74.041,41.623
19.035,27.73,19.041,-19.723,6.2359,23.774,26.903,26.796,46.955,46.219,72.271,40.1
18.254,28.192,19.976,-19.835,5.1874,24.332,26.851,26.77,46.894,45.841,70.279,38.275
17.573,28.686,20.827,-20.046,4.0707,24.881,26.786,26.735,46.648,45.215,68.051,36.144
16.947,29.157,21.57,-20.286,2.9263,25.381,26.692,26.66,46.169,44.302,65.566,33.692
16.318,29.546,22.187,-20.472,1.8231,25.796,26.557,26.516,45.401,43.08,62.798,30.897
15.642,29.808,22.669,-20.534,0.84924,26.101,26.372,26.281,44.305,41.558,59.725,27.74
14.907,29.92,23.016,-20.437,0.085884,26.289,26.137,25.946,42.876,39.769,56.332,24.222
14.121,29.877,23.238,-20.172,-0.42441,26.366,25.853,25.525,41.152,37.771,52.62,20.385
13.291,29.678,23.345,-19.74,-0.69497,26.339,25.527,25.043,39.201,35.627,48.604,16.31
12.407,29.313,23.338,-19.142,-0.78308,26.207,25.164,24.527,37.106,33.399,44.314,12.113
11.436,28.757,23.2,-18.36,-0.75863,25.95,24.763,23.996,34.944,31.135,39.795,7.9185
10.346,27.973,22.902,-17.374,-0.67543,25.539,24.319,23.452,32.774,28.868,35.106,3.8438
9.1269,26.929,22.411,-16.168,-0.55896,24.939,23.823,22.885,30.635,26.615,30.32,-0.024549
7.8148,25.614,21.71,-14.758,-0.40922,24.132,23.275,22.282,28.551,24.388,25.519,-3.6329
6.4704,24.059,20.801,-13.195,-0.21228,23.124,22.682,21.641,26.542,22.199,20.77,-6.9575
5.1475,22.335,19.71,-11.561,0.040034,21.955,22.072,20.981,24.624,20.062,16.152,-9.9954
3.8636,20.537,18.495,-9.9319,0.32428,20.694,21.48,20.338,22.814,17.996,11.733,-12.755
2.5888,18.754,17.259,-8.3442,0.57128,19.424,20.938,19.756,21.132,16.026,7.5733,-15.252
1.2538,17.029,16.135,-6.7756,0.68414,18.223,20.457,19.262,19.599,14.183,3.725,-17.505
-0.21936,15.347,15.239,-5.1607,0.57921,17.132,20.031,18.861,18.237,12.502,0.23028,-19.543
-1.873,13.663,14.613,-3.4374,0.21728,16.147,19.633,18.524,17.063,11.017,-2.8853,-21.405
-3.6825,11.95,14.233,-1.5954,-0.38713,15.249,19.231,18.202,16.084,9.7562,-5.618,-23.143
-5.5621,10.228,14.036,0.30728,-1.1701,14.421,18.795,17.848,15.294,8.7376,-7.9826,-24.809
-7.3952,8.5602,13.958,2.1657,-2.0363,13.663,18.306,17.427,14.684,7.9707,-10,-26.425
-9.0667,7.027,13.948,3.8641,-2.8917,12.984,17.759,16.938,14.257,7.4623,-11.682,-27.973
-10.489,5.709,13.964,5.3043,-3.6747,12.401,17.169,16.413,14.029,7.2203,-13.024,-29.393
-11.618,4.6727,13.984,6.4218,-4.3648,11.928,16.569,15.918,14.022,7.2537,-14.008,-30.601
-12.451,3.9619,14.011,7.19,-4.9724,11.584,16.006,15.528,14.245,7.5656,-14.621,-31.524
-13.007,3.5961,14.07,7.6146,-5.5174,11.394,15.531,15.301,14.679,8.1436,-14.869,-32.123
-13.302,3.5785,14.202,7.7173,-6.0066,11.387,15.174,15.246,15.269,8.9509,-14.79,-32.405
-13.337,3.9051,14.442,7.5188,-6.4148,11.592,14.934,15.319,15.938,9.9294,-14.459,-32.425
-13.095,4.5665,14.807,7.0318,-6.6817,12.021,14.779,15.444,16.603,11.013,-13.966,-32.268
-12.555,5.5415,15.287,6.2668,-6.7309,12.663,14.657,15.545,17.198,12.148,-13.399,-32.032
-11.706,6.7881,15.848,5.2448,-6.503,13.48,14.52,15.568,17.686,13.301,-12.814,-31.796
-10.568,8.2426,16.455,4.0058,-5.9842,14.417,14.336,15.495,18.067,14.465,-12.23,-31.607
-9.1908,9.8308,17.076,2.6048,-5.2154,15.415,14.087,15.337,18.372,15.649,-11.635,-31.469
-7.6432,11.486,17.685,1.0951,-4.2755,16.43,13.769,15.116,18.645,16.864,-11.01,-31.352
-5.9859,13.163,18.261,-0.49154,-3.2488,17.431,13.382,14.858,18.928,18.113,-10.353,-31.204
-4.2518,14.843,18.781,-2.1512,-2.194,18.4,12.935,14.585,19.245,19.378,-9.6885,-30.966
-2.4475,16.514,19.226,-3.8924,-1.1368,19.326,12.443,14.308,19.587,20.618,-9.0576,-30.584
-0.57597,18.156,19.587,-5.7055,-0.087454,20.196,11.929,14.026,19.914,21.773,-8.5014,-30.017
1.3343,19.734,19.871,-7.5406,0.93343,20.997,11.422,13.735,20.175,22.775,-8.0426,-29.232
3.222,21.201,20.098,-9.3144,1.8858,21.717,10.952,13.431,20.325,23.572,-7.6806,-28.204
5.0127,22.522,20.295,-10.941,2.7226,22.352,10.544,13.11,20.329,24.138,-7.4029,-26.92
6.6465,23.676,20.483,-12.363,3.4129,22.905,10.204,12.766,20.17,24.47,-7.205,-25.398
8.0893,24.66,20.671,-13.56,3.9564,23.383,9.902,12.375,19.831,24.58,-7.106,-23.7
9.3201,25.48,20.858,-14.536,4.3774,23.792,9.5735,11.895,19.294,24.478,-7.1483,-21.926
10.311,26.141,21.041,-15.302,4.6981,24.138,9.1349,11.272,18.548,24.175,-7.3821,-20.184
11.016,26.647,21.227,-15.857,4.913,24.426,8.5117,10.456,17.598,23.685,-7.8433,-18.565
11.374,26.999,21.438,-16.191,4.9828,24.667,7.6645,9.4229,16.477,23.034,-8.5315,-17.118
11.328,27.21,21.709,-16.302,4.8456,24.875,6.6061,8.1909,15.246,22.267,-9.3963,-15.843
10.858,27.316,22.083,-16.21,4.4332,25.08,5.4023,6.8234,13.984,21.445,-10.34,-14.694
10.011,27.379,22.6,-15.976,3.6911,25.325,4.1562,5.4173,12.778,20.643,-11.235,-13.592
8.9131,27.493,23.281,-15.708,2.6076,25.67,2.9841,4.0783,11.709,19.932,-11.959,-12.441
7.7372,27.769,24.132,-15.551,1.2453,26.175,1.9918,2.8953,10.837,19.372,-12.423,-11.152
6.6564,28.306,25.163,-15.652,-0.2672,26.902,1.2592,1.9262,10.2,18.993,-12.585,-9.6591
5.7976,29.186,26.418,-16.121,-1.8076,27.923,0.83288,1.1957,9.7973,18.803,-12.447,-7.9212
5.2193,30.493,28.032,-17.005,-3.3408,29.387,0.72492,0.70558,9.601,18.787,-12.032,-5.9159
4.9073,32.413,30.286,-18.291,-4.9314,31.627,0.92364,0.45046,9.5651,18.926,-11.365,-3.6338
4.7896,35.358,33.65,-19.949,-6.6918,35.256,1.4089,0.43493,9.6511,19.2,-10.466,-1.077
4.7767,39.97,38.646,-21.973,-8.719,40.981,2.1591,0.68175,9.8451,19.605,-9.3611,1.736
4.8183,46.789,45.499,-24.378,-11.062,49.039,3.1435,1.2219,10.159,20.144,-8.0898,4.7634
4.9451,55.829,53.968,-27.177,-13.739,58.939,4.309,2.0659,10.614,20.823,-6.7054,7.9402
5.2682,66.61,63.555,-30.397,-16.751,69.909,5.5776,3.1744,11.229,21.644,-5.2645,11.193
5.9336,78.554,73.775,-34.138,-20.058,81.338,6.865,4.4539,12.009,22.601,-3.807,14.467
7.0617,91.176,84.232,-38.614,-23.537,92.828,8.1058,5.7835,12.957,23.688,-2.34,17.753
8.7006,103.96,94.606,-44.135,-27.044,104.07,9.2674,7.0539,14.071,24.903,-0.83409,21.081
10.81,116.32,104.63,-50.961,-30.511,114.77,10.342,8.1875,15.344,26.24,0.76665,24.495
13.275,127.75,114.08,-59.01,-33.948,124.69,11.323,9.1352,16.741,27.679,2.5222,28.019
15.937,138.15,122.79,-67.647,-37.346,133.73,12.194,9.8628,18.187,29.172,4.4708,31.63
18.639,147.77,130.67,-76.002,-40.576,141.99,12.916,10.343,19.565,30.638,6.6092,35.26
21.272,157,137.71,-83.565,-43.409,149.73,13.435,10.547,20.733,31.977,8.8881,38.809
23.797,166.05,143.93,-90.311,-45.655,157.16,13.678,10.438,21.557,33.082,11.221,42.178
26.233,174.79,149.3,-96.374,-47.271,164.23,13.551,9.9503,21.936,33.862,13.502,45.283
28.618,182.81,153.76,-101.81,-48.321,170.61,12.942,8.988,21.821,34.26,15.622,48.068
30.965,189.72,157.26,-106.6,-48.892,175.96,11.695,7.4033,21.217,34.256,17.481,50.507
33.251,195.39,159.91,-110.7,-49.076,180.2,9.5679,4.9708,20.171,33.867,19.004,52.596
35.415,199.9,161.91,-114.11,-48.985,183.45,6.22,1.4016,18.754,33.144,20.147,54.345
37.389,203.44,163.5,-116.89,-48.759,185.95,1.3577,-3.5306,17.057,32.159,20.908,55.778
39.109,206.22,164.86,-119.1,-48.53,187.92,-5.0265,-9.8073,15.169,31.002,21.332,56.926
40.531,208.41,166.1,-120.84,-48.369,189.51,-12.589,-17.091,13.179,29.765,21.51,57.834
41.636,210.15,167.25,-122.21,-48.273,190.83,-20.766,-24.802,11.162,28.539,21.563,58.558
42.423,211.56,168.25,-123.29,-48.194,191.92,-28.906,-32.257,9.1714,27.396,21.617,59.164
42.911,212.68,169.01,-124.16,-48.097,192.77,-36.347,-38.801,7.2335,26.374,21.765,59.709
43.12,213.51,169.43,-124.84,-47.983,193.35,-42.52,-43.932,5.3411,25.465,22.032,60.226
43.07,213.99,169.42,-125.34,-47.888,193.58,-47.061,-47.405,3.4534,24.622,22.364,60.716
42.775,214.04,168.95,-125.62,-47.858,193.4,-49.906,-49.304,1.5064,23.768,22.64,61.149
42.244,213.61,168.06,-125.63,-47.915,192.8,-51.308,-50.013,-0.56454,22.825,22.709,61.477
41.492,212.7,166.88,-125.36,-48.032,191.85,-51.712,-50.03,-2.7988,21.74,22.435,61.649
40.541,211.42,165.63,-124.82,-48.1,190.71,-51.561,-49.752,-5.1886,20.497,21.742,61.623
39.427,209.94,164.53,-124.02,-47.947,189.56,-51.154,-49.377,-7.672,19.116,20.625,61.376
38.19,208.35,163.66,-122.94,-47.36,188.47,-50.633,-48.95,-10.148,17.631,19.133,60.893
36.851,206.51,162.63,-121.43,-46.127,187.18,-50.043,-48.462,-12.509,16.068,17.328,60.159
35.397,203.83,160.5,-119.16,-44.099,184.95,-49.391,-47.903,-14.688,14.433,15.251,59.145
33.772,199.26,156.07,-115.59,-41.297,180.65,-48.674,-47.287,-16.676,12.699,12.908,57.8
31.873,191.59,148.51,-110.11,-37.93,173.2,-47.891,-46.633,-18.529,10.819,10.288,56.049
29.579,179.99,137.82,-102.32,-34.273,162.06,-47.045,-45.962,-20.337,8.7309,7.3764,53.804
26.784,164.45,124.8,-92.267,-30.511,147.6,-46.149,-45.291,-22.194,6.3733,4.1788,50.976
23.459,145.88,110.67,-80.506,-26.723,131.02,-45.229,-44.628,-24.184,3.6929,0.7152,47.512
19.696,125.81,96.617,-67.895,-22.925,113.81,-44.318,-43.984,-26.36,0.65555,-2.9857,43.418
15.684,105.78,83.492,-55.298,-19.122,97.25,-43.459,-43.367,-28.749,-2.7511,-6.8952,38.77
11.63,86.903,71.679,-43.383,-15.36,82.039,-42.686,-42.79,-31.352,-6.5226,-10.988,33.689
7.672,69.632,61.092,-32.559,-11.779,68.299,-42.022,-42.262,-34.146,-10.648,-15.237,28.313
3.8656,53.915,51.292,-23.026,-8.6088,55.708,-41.466,-41.793,-37.078,-15.12,-19.604,22.773
0.22398,39.581,41.654,-14.849,-6.0542,43.723,-41.005,-41.392,-40.073,-19.92,-24.027,17.205
-3.2362,26.94,31.808,-7.9875,-4.14,32.128,-40.627,-41.063,-43.034,-25.001,-28.408,11.768
-6.4684,17.024,22.904,-2.2694,-2.7177,22.117,-40.324,-40.813,-45.858,-30.25,-32.619,6.6368
-9.3998,10.212,17.196,2.5739,-1.6094,15.53,-40.104,-40.647,-48.455,-35.489,-36.517,1.9633
-11.955,5.2085,13.996,6.7919,-0.69435,11.58,-39.981,-40.573,-50.768,-40.506,-39.982,-2.1581
-14.08,0.57847,11.018,10.537,0.093723,8.0858,-39.971,-40.597,-52.785,-45.122,-42.944,-5.7002
-15.756,-4.2082,7.2731,13.87,0.788,4.0357,-40.081,-40.711,-54.53,-49.229,-45.395,-8.6859
-16.995,-9.0581,2.9394,16.794,1.4042,-0.5047,-40.295,-40.89,-56.044,-52.787,-47.375,-11.167
-17.839,-13.652,-1.3268,19.286,1.9638,-5.0326,-40.576,-41.095,-57.366,-55.798,-48.945,-13.212
-18.344,-17.674,-4.9615,21.323,2.5167,-9.0427,-40.878,-41.29,-58.518,-58.271,-50.165,-14.887
-18.573,-20.928,-7.7586,22.904,3.1355,-12.254,-41.164,-41.44,-59.5,-60.213,-51.073,-16.255
-18.587,-23.371,-9.7982,24.057,3.8809,-14.626,-41.401,-41.518,-60.293,-61.636,-51.694,-17.366
-18.442,-25.087,-11.275,24.839,4.7738,-16.277,-41.561,-41.487,-60.871,-62.578,-52.054,-18.267
-18.193,-26.249,-12.385,25.342,5.7934,-17.401,-41.6,-41.307,-61.204,-63.104,-52.199,-19.017
-17.896,-27.083,-13.293,25.68,6.8884,-18.22,-41.46,-40.925,-61.263,-63.304,-52.197,-19.697
-17.606,-27.825,-14.119,25.981,7.9901,-18.953,-41.066,-40.277,-61.012,-63.262,-52.122,-20.401
-17.369,-28.675,-14.937,26.351,9.0182,-19.772,-40.339,-39.289,-60.404,-63.031,-52.03,-21.211
-17.221,-29.751,-15.761,26.861,9.8877,-20.764,-39.206,-37.892,-59.376,-62.594,-51.925,-22.159
-17.188,-31.05,-16.555,27.524,10.523,-21.918,-37.624,-36.049,-57.84,-61.845,-51.741,-23.205
-17.276,-32.464,-17.25,28.283,10.879,-23.129,-35.588,-33.779,-55.672,-60.535,-51.317,-24.217
-17.463,-33.752,-17.763,29.003,10.957,-24.213,-33.128,-31.144,-52.674,-58.209,-50.359,-24.956
-17.678,-34.513,-17.985,29.436,10.8,-24.887,-30.275,-28.181,-48.537,-54.063,-48.356,-25.046
-17.803,-34.152,-17.736,29.202,10.469,-24.734,-27.012,-24.848,-42.942,-47.04,-44.471,-23.943
-17.687,-31.879,-16.715,27.836,10.005,-23.172,-23.276,-21.034,-36.428,-38.178,-37.903,-21.002
-17.257,-27.081,-14.456,25.035,9.419,-19.555,-19.068,-16.681,-34.276,-46.134,-34.873,-16.472
-17.301,-22.439,-10.56,22.445,8.7175,-14.55,-14.699,-12.031,-49.919,-73.113,-59.445,-25.358
-24.692,-38.678,-7.1315,33.091,7.9531,-19.363,-10.802,-7.7997,-55.705,-72.298,-66.789,-58.77
-37.397,-58.862,-10.907,50.873,7.2537,-35.167,-6.7532,-4.184,-41.395,-66.629,-70.474,-66.226
-41.644,-62.09,-14.02,55.128,6.8105,-38.211,1.7287,2.433,-23.071,-55.799,-70.193,-69.577
-42.028,-59.653,-13.313,54.337,6.7795,-36.574,15.713,15.378,-1.6721,-37.042,-62.11,-66.691
-37.889,-50.697,-10.17,47.867,7.0412,-31.067,29.821,29.489,24.264,-6.4932,-41.224,-53.563
-27.558,-32.43,-3.3608,33.477,6.6634,-19.602,41.965,41.689,58.436,41.553,-1.2925,-25.709
-9.5323,-1.2627,8.0491,8.6101,4.6527,1.2131,53.531,53.218,107.5,114.77,64.73,21.11
17.095,46.363,25.778,-28.953,5.8497,34.995,67.834,67.542,177.53,221.46,163.43,90.452
51.929,112.22,55.306,-80.004,8.3731,83.807,87.354,87.253,269.21,363.97,297.81,183.7
93.605,194.71,96.34,-143.71,11.113,146.05,110.86,110.66,378.53,534.14,462.57,299.28
142.67,285.28,140.95,-215.36,14.159,214,137.44,136.89,500.08,723.9,648.24,437.78
194.91,370.39,179.27,-283.87,18.466,276.05,165.94,165.09,641.52,936.6,843.02,576.71
241.35,436.85,201.92,-340.21,27.101,320.65,194.81,193.85,775.08,1116.1,1009.8,695.81
279.96,473.73,202.33,-377.47,42.408,338.85,221.68,220.72,863.91,1253.4,1136.5,783.49
307.77,476.5,179.45,-391.95,64.637,327.95,240.55,239.94,899.91,1330.5,1209.4,830.87
321.64,447.91,138.54,-383.76,91.624,292.3,239.69,240.21,867.99,1332.1,1219.8,834.82
318.99,395.46,89.102,-355.59,116.64,240.76,209.41,211.28,758.03,1246.8,1164.3,797.12
298.04,327.18,40.772,-310.58,131.95,182.29,146.59,149.32,568.3,1068.9,1042.7,721.76
258.52,248.44,-0.52029,-251.2,134.74,122.42,54.91,57.67,307.55,801.14,857.98,613.15
202.45,162.06,-33.631,-179.69,125.42,62.936,-55.57,-53.586,-3.1762,457.8,618.36,476.05
134.47,70.85,-60.442,-99.662,106.76,4.2638,-170.85,-170.26,-331.92,66.539,339.41,317.32
61.17,-20.67,-83.207,-16.738,82.978,-52.336,-276.56,-277.57,-641.33,-332.92,45.057,147.48
-10.117,-107.15,-103.15,62.388,58.381,-104.69,-361.64,-363.93,-897.23,-695.55,-235.45,-19.912
-72.341,-183.87,-120.49,131.61,36.477,-150.88,-421.01,-423.92,-1077.7,-982.58,-474.14,-170.99
-120.29,-246.72,-135.1,186.52,19.777,-189.43,-455.26,-458.09,-1176.3,-1171.7,-651.72,-295.45
-152.15,-292.67,-146.67,225.1,9.4904,-218.52,-468.48,-470.78,-1201.5,-1261.9,-761.79,-387.99
-169.65,-320.99,-154.19,247.92,4.5683,-237.05,-465.63,-467.29,-1171.1,-1269.3,-809.68,-447.76
-176.18,-333.3,-156.84,257.24,2.6076,-245.27,-451.28,-452.43,-1105.9,-1218.3,-808.58,-477.77
-175.11,-331.79,-154.76,255.75,2.0713,-243.88,-429.44,-430.31,-1022.6,-1133.1,-774.08,-483.66
-168.84,-318.15,-148.11,245.49,1.5743,-233.35,-402.57,-403.39,-931.72,-1031.8,-719.9,-471.91
-158.87,-293.76,-136.58,227.9,1.0677,-214.3,-371.37,-372.33,-838.14,-926.03,-656.02,-448.44
-145.97,-260.4,-119.91,204.26,1.1192,-188.1,-335.69,-336.9,-743.32,-821.77,-588.65,-417.6
-130.56,-221.2,-99.012,176.42,-0.41896,-157.58,-296.16,-297.83,-645.8,-722.28,-521.63,-382.88
-113.37,-181.18,-76.142,147.69,-2.2332,-126.69,-254.74,-257.1,-544.28,-628.9,-457.43,-346.69
-97.396,-145.62,-54.032,122.51,-3.619,-98.791,-213.41,-216.25,-447.99,-542.43,-398.94,-310.68
-85.032,-116.68,-34.959,102.68,-4.4349,-75.466,-174.85,-177.51,-367.17,-463.08,-348.26,-277.68
-75.289,-93.916,-20.614,87.104,-4.6406,-57.022,-141.12,-142.96,-300.96,-390.21,-303.09,-249.32
-66.777,-76.674,-12.376,74.533,-4.2202,-43.647,-113.08,-113.86,-246.7,-325.59,-259.84,-224.28
-58.799,-65.094,-11.541,64.561,-3.2303,-35.876,-90.895,-90.68,-202.98,-271.26,-219,-201.39
-51.26,-59.809,-17.936,57.473,-1.8183,-34.732,-74.22,-73.203,-169.04,-227.33,-183.63,-180.36
-44.45,-60.941,-25.879,53.593,-0.18735,-40.423,-62.34,-60.813,-143.83,-193,-155.3,-161.35
-38.755,-65.199,-29.559,52.224,1.4464,-47.087,-54.185,-52.577,-125.81,-167.19,-133.57,-145.45
-34.349,-66.492,-30.076,51.271,2.8893,-48.85,-48.646,-47.426,-113.26,-148.66,-117.38,-134.16
-31.151,-65.04,-29.692,49.786,4.0036,-47.982,-45.409,-44.763,-104.77,-136.08,-105.74,-127.89
-28.995,-63.376,-29.29,48.388,4.7315,-46.893,-44.747,-44.473,-98.836,-127.95,-97.664,-125.44
-27.708,-62.364,-29.077,47.484,5.1059,-46.265,-43.541,-43.613,-91.585,-122.02,-91.462,-124.52
-27.087,-62.047,-29.075,47.092,5.2343,-46.159,-41.068,-41.402,-82.353,-114.34,-85.111,-123.35
-26.915,-62.257,-29.268,47.075,5.256,-46.463,-38.592,-39.165,-75.721,-104.93,-79.058,-121.57
-27.005,-62.775,-29.627,47.269,5.2714,-47.026,-36.592,-37.409,-71.504,-97.493,-74.376,-119.48
-27.237,-63.399,-30.093,47.546,5.2971,-47.694,-35.136,-36.212,-68.629,-92.483,-70.973,-117.37
-27.567,-63.984,-30.57,47.818,5.265,-48.33,-34.13,-35.484,-66.56,-89.044,-68.44,-115.36
-27.993,-64.417,-30.959,48.037,5.0818,-48.819,-33.404,-35.051,-65.009,-86.486,-66.477,-113.44
-28.5,-64.631,-31.199,48.176,4.7136,-49.086,-32.786,-34.742,-63.77,-84.406,-64.894,-111.52
-29.02,-64.586,-31.267,48.206,4.2367,-49.094,-32.153,-34.422,-62.695,-82.577,-63.567,-109.52
-29.434,-64.271,-31.181,48.081,3.803,-48.85,-31.442,-34.007,-61.683,-80.889,-62.414,-107.39
-29.604,-63.693,-30.991,47.748,3.5737,-48.404,-30.653,-33.46,-60.681,-79.31,-61.381,-105.13
-29.406,-62.881,-30.772,47.166,3.6763,-47.823,-29.818,-32.785,-59.665,-77.85,-60.441,-102.78
-28.767,-61.877,-30.583,46.327,4.1728,-47.174,-28.985,-32.009,-58.624,-76.523,-59.58,-100.39
-27.689,-60.742,-30.448,45.267,5.0357,-46.508,-28.194,-31.169,-57.543,-75.327,-58.8,-98.01
-26.266,-59.546,-30.36,44.059,6.1552,-45.858,-27.466,-30.293,-56.405,-74.229,-58.103,-95.653
-24.653,-58.356,-30.29,42.793,7.3785,-45.242,-26.802,-29.401,-55.198,-73.17,-57.485,-93.278
-23.008,-57.218,-30.208,41.549,8.557,-44.662,-26.186,-28.495,-53.918,-72.083,-56.932,-90.825
-21.447,-56.138,-30.087,40.368,9.5825,-44.097,-25.582,-27.556,-52.574,-70.911,-56.412,-88.245
-20.023,-55.074,-29.903,39.236,10.4,-43.507,-24.938,-26.546,-51.178,-69.613,-55.881,-85.528
-18.75,-53.945,-29.642,38.085,11.003,-42.843,-24.198,-25.411,-49.737,-68.17,-55.284,-82.696
-17.631,-52.651,-29.303,36.805,11.414,-42.064,-23.317,-24.104,-48.255,-66.582,-54.569,-79.79
-16.671,-51.113,-28.901,35.31,11.657,-41.157,-22.272,-22.608,-46.737,-64.856,-53.703,-76.867
-15.895,-49.324,-28.461,33.611,11.745,-40.14,-21.065,-20.96,-45.189,-63.002,-52.683,-73.992
-15.345,-47.383,-28.008,31.848,11.674,-39.068,-19.726,-19.238,-43.623,-61.026,-51.55,-71.246
-15.067,-45.473,-27.559,30.241,11.437,-38.012,-18.314,-17.552,-42.043,-58.937,-50.376,-68.699
-15.075,-43.803,-27.116,28.992,11.039,-37.039,-16.905,-16.007,-40.451,-56.758,-49.246,-66.402
-15.335,-42.53,-26.676,28.207,10.508,-36.201,-15.586,-14.685,-38.843,-54.53,-48.233,-64.364
-15.757,-41.72,-26.239,27.87,9.894,-35.527,-14.434,-13.627,-37.223,-52.309,-47.375,-62.559
-16.215,-41.324,-25.82,27.869,9.2651,-35.026,-13.496,-12.826,-35.605,-50.142,-46.666,-60.933
-16.586,-41.21,-25.44,28.037,8.691,-34.67,-12.781,-12.234,-34.006,-48.039,-46.052,-59.414
-16.785,-41.2,-25.112,28.208,8.2255,-34.404,-12.25,-11.77,-32.44,-45.963,-45.446,-57.932
-16.781,-41.128,-24.836,28.252,7.8908,-34.158,-11.828,-11.341,-30.904,-43.835,-44.75,-56.424
-16.587,-40.879,-24.601,28.092,7.6767,-33.874,-11.415,-10.858,-29.371,-41.558,-43.881,-54.839
-16.238,-40.396,-24.403,27.699,7.5588,-33.525,-10.909,-10.249,-27.787,-39.047,-42.779,-53.133
-15.765,-39.669,-24.252,27.071,7.5225,-33.113,-10.216,-9.4676,-26.076,-36.239,-41.421,-51.278
-15.179,-38.704,-24.159,26.216,7.5746,-32.648,-9.2753,-8.4902,-24.16,-33.104,-39.816,-49.264
-14.467,-37.504,-24.124,25.148,7.7396,-32.132,-8.0669,-7.311,-21.976,-29.648,-37.995,-47.106
-13.619,-36.08,-24.126,23.899,8.0461,-31.548,-6.6181,-5.9417,-19.501,-25.925,-35.998,-44.838
-12.64,-34.475,-24.13,22.542,8.5095,-30.88,-5.0068,-4.4248,-16.757,-22.038,-33.869,-42.503
-11.567,-32.803,-24.106,21.185,9.12,-30.145,-3.3493,-2.8473,-13.804,-18.125,-31.642,-40.135
-10.453,-31.234,-24.044,19.951,9.842,-29.411,-1.7706,-1.3308,-10.726,-14.316,-29.341,-37.747
-9.3576,-29.946,-23.963,18.939,10.621,-28.779,-0.36842,0.0087658,-7.6035,-10.702,-26.979,-35.333
-8.3479,-29.049,-23.893,18.196,11.393,-28.334,0.81598,1.1109,-4.499,-7.3213,-24.557,-32.87
-7.4801,-28.545,-23.858,17.706,12.091,-28.106,1.805,1.9985,-1.4426,-4.1588,-22.062,-30.331
-6.788,-28.324,-23.861,17.398,12.654,-28.05,2.671,2.7689,1.5669,-1.164,-19.472,-27.691
-6.2738,-28.2,-23.883,17.154,13.043,-28.068,3.5115,3.5567,4.5559,1.7288,-16.76,-24.937
-5.9062,-27.953,-23.893,16.843,13.244,-28.037,4.4211,4.487,7.5652,4.581,-13.902,-22.073
-5.6279,-27.393,-23.86,16.351,13.267,-27.844,5.4659,5.6332,10.64,7.4342,-10.886,-19.124
-5.3728,-26.402,-23.759,15.62,13.145,-27.406,6.6634,6.9929,13.817,10.304,-7.7288,-16.138
-5.0901,-24.972,-23.576,14.669,12.921,-26.694,7.975,8.4899,17.116,13.183,-4.4807,-13.174
-4.7593,-23.218,-23.314,13.588,12.642,-25.733,9.3202,10.003,20.532,16.052,-1.223,-10.284
-4.3891,-21.339,-22.984,12.5,12.362,-24.606,10.605,11.409,24.037,18.894,1.9506,-7.5048
-4.0013,-19.549,-22.602,11.511,12.127,-23.419,11.757,12.616,27.587,21.701,4.9635,-4.8485
-3.6123,-17.998,-22.176,10.684,11.975,-22.268,12.739,13.584,31.126,24.486,7.7829,-2.3034
-3.2206,-16.729,-21.699,10.022,11.92,-21.193,13.559,14.324,34.603,27.268,10.43,0.16329
-2.8032,-15.672,-21.149,9.4744,11.956,-20.166,14.256,14.885,37.978,30.065,12.971,2.6031
-2.3215,-14.685,-20.496,8.9542,12.059,-19.111,14.883,15.333,41.229,32.884,15.497,5.0813
-1.7359,-13.612,-19.726,8.3671,12.195,-17.947,15.483,15.732,44.343,35.715,18.092,7.6627
-1.0265,-12.343,-18.851,7.6417,12.334,-16.629,16.081,16.133,47.312,38.538,20.811,10.391
-0.20822,-10.848,-17.909,6.7526,12.448,-15.163,16.675,16.565,50.121,41.331,23.667,13.27
0.66738,-9.1712,-16.948,5.7243,12.508,-13.595,17.248,17.043,52.747,44.068,26.624,16.26
1.5277,-7.397,-16.007,4.6153,12.484,-11.983,17.78,17.573,55.162,46.726,29.607,19.282
2.3069,-5.6111,-15.097,3.4913,12.35,-10.366,18.257,18.141,57.329,49.276,32.51,22.243
2.9718,-3.8681,-14.204,2.3992,12.098,-8.7567,18.671,18.715,59.216,51.681,35.221,25.048
3.5296,-2.1842,-13.294,1.357,11.748,-7.138,19.015,19.242,60.79,53.887,37.636,27.615
4.0089,-0.55285,-12.327,0.36348,11.344,-5.4869,19.279,19.667,62.028,55.829,39.68,29.885
4.4264,1.0268,-11.265,-0.58025,10.931,-3.793,19.451,19.946,62.911,57.438,41.32,31.832
4.7665,2.531,-10.079,-1.4555,10.548,-2.0755,19.525,20.066,63.441,58.659,42.572,33.475
4.9892,3.9143,-8.7586,-2.2278,10.207,-0.3833,19.504,20.043,63.635,59.471,43.493,34.877
5.0565,5.1285,-7.3255,-2.8621,9.9024,1.2196,19.399,19.913,63.531,59.893,44.174,36.124
4.9543,6.1438,-5.8264,-3.3395,9.6116,2.6775,19.228,19.722,63.173,59.978,44.717,37.301
4.7014,6.9588,-4.3246,-3.666,9.3075,3.9579,19.008,19.506,62.603,59.797,45.212,38.462
4.3484,7.5985,-2.8888,-3.8721,8.9723,5.0537,18.751,19.29,61.85,59.412,45.72,39.616
3.9672,8.1061,-1.5835,-4.0063,8.608,5.9756,18.458,19.08,60.926,58.86,46.252,40.733
3.6346,8.5321,-0.45926,-4.122,8.2375,6.7451,18.12,18.862,59.825,58.153,46.769,41.761
3.412,8.9226,0.45733,-4.2641,7.8921,7.3895,17.724,18.618,58.531,57.285,47.197,42.648
3.329,9.3092,1.1698,-4.4571,7.5948,7.939,17.26,18.325,57.036,56.258,47.461,43.36
3.3765,9.7061,1.7138,-4.703,7.3498,8.4255,16.727,17.974,55.349,55.082,47.52,43.881
3.5132,10.118,2.1573,-4.9879,7.1425,8.8858,16.136,17.57,53.512,53.791,47.384,44.227
3.6836,10.555,2.597,-5.297,6.9489,9.3659,15.51,17.137,51.591,52.431,47.116,44.438
3.8456,11.043,3.1429,-5.6306,6.7501,9.9205,14.881,16.708,49.676,51.063,46.816,44.584
3.996,11.631,3.8896,-6.0152,6.542,10.605,14.286,16.32,47.865,49.753,46.589,44.75
4.1797,12.373,4.8862,-6.5,6.3375,11.456,13.765,16.003,46.253,48.56,46.524,45.018
4.469,13.308,6.1227,-7.1371,6.1583,12.479,13.356,15.777,44.915,47.531,46.677,45.441
4.9232,14.44,7.5408,-7.9531,6.0186,13.637,13.095,15.656,43.896,46.688,47.063,46.024
5.5544,15.725,9.0595,-8.9316,5.91,14.867,13.004,15.648,43.196,46.028,47.653,46.734
6.3213,17.092,10.596,-10.017,5.7987,16.098,13.086,15.754,42.776,45.538,48.38,47.516
7.1515,18.464,12.079,-11.137,5.6399,17.27,13.317,15.957,42.562,45.199,49.154,48.308
7.9758,19.783,13.458,-12.227,5.3983,18.345,13.646,16.226,42.462,44.995,49.882,49.059
8.7495,21.017,14.717,-13.249,5.0574,19.313,14.012,16.518,42.386,44.91,50.486,49.721
9.454,22.165,15.869,-14.192,4.6167,20.192,14.366,16.805,42.262,44.925,50.917,50.251
10.085,23.246,16.953,-15.066,4.0807,21.014,14.685,17.073,42.047,45.006,51.157,50.613
10.635,24.289,18.02,-15.888,3.4496,21.821,14.981,17.332,41.726,45.11,51.211,50.783
11.082,25.316,19.106,-16.663,2.7161,22.645,15.286,17.605,41.312,45.193,51.096,50.754
11.382,26.321,20.222,-17.377,1.8734,23.49,15.645,17.919,40.845,45.222,50.835,50.531
11.477,27.269,21.341,-17.988,0.92546,24.329,16.097,18.289,40.377,45.169,50.452,50.127
11.299,28.098,22.414,-18.436,-0.11025,25.112,16.655,18.711,39.956,45.004,49.963,49.548
10.786,28.743,23.39,-18.66,-1.2144,25.784,17.296,19.158,39.593,44.691,49.367,48.783
9.8928,29.161,24.243,-18.617,-2.3783,26.311,17.969,19.585,39.248,44.181,48.632,47.803
8.6158,29.333,24.969,-18.283,-3.6005,26.685,18.615,19.946,38.836,43.421,47.697,46.563
7.002,29.256,25.578,-17.662,-4.8696,26.911,19.188,20.208,38.256,42.37,46.483,45.013
5.1365,28.935,26.082,-16.768,-6.1559,27.002,19.664,20.351,37.422,41.008,44.912,43.114
3.1107,28.381,26.484,-15.625,-7.4208,26.966,20.038,20.378,36.277,39.336,42.933,40.837
0.99582,27.604,26.783,-14.259,-8.6296,26.811,20.318,20.301,34.806,37.381,40.537,38.18
-1.1567,26.624,26.974,-12.702,-9.7545,26.544,20.514,20.145,33.032,35.193,37.767,35.166
-3.2965,25.471,27.051,-11.009,-10.771,26.171,20.636,19.942,31.01,32.831,34.713,31.857
-5.3606,24.191,27.007,-9.2559,-11.657,25.706,20.707,19.732,28.823,30.363,31.494,28.348
-7.2772,22.845,26.848,-7.53,-12.402,25.168,20.759,19.557,26.566,27.851,28.228,24.758
-8.9833,21.495,26.597,-5.9121,-13.015,24.588,20.83,19.452,24.328,25.344,25.008,21.194
-10.441,20.198,26.291,-4.4545,-13.523,23.999,20.951,19.429,22.182,22.876,21.884,17.732
-11.647,18.985,25.969,-3.1673,-13.951,23.428,21.127,19.475,20.169,20.466,18.865,14.403
-12.624,17.847,25.656,-2.0131,-14.303,22.881,21.337,19.558,18.302,18.119,15.932,11.201
-13.42,16.726,25.349,-0.91415,-14.56,22.337,21.535,19.636,16.568,15.836,13.068,8.1094
-14.084,15.531,25.023,0.22697,-14.68,21.749,21.668,19.669,14.942,13.621,10.273,5.118
-14.661,14.166,24.642,1.4933,-14.626,21.067,21.698,19.632,13.401,11.485,7.5715,2.2355
-15.174,12.579,24.185,2.9128,-14.389,20.259,21.614,19.522,11.934,9.4433,5.0037,-0.50994
-15.621,10.807,23.655,4.4282,-14.001,19.34,21.444,19.363,10.547,7.5194,2.6174,-3.0748
-15.984,8.9991,23.084,5.8984,-13.53,18.376,21.24,19.203,9.2675,5.7449,0.45852,-5.4049
-16.243,7.3852,22.518,7.1391,-13.043,17.477,21.059,19.098,8.1425,4.1653,-1.4332,-7.4446
-16.395,6.1863,21.996,7.9946,-12.597,16.747,20.944,19.095,7.2258,2.8369,-3.0272,-9.1512
-16.47,5.5114,21.538,8.406,-12.232,16.244,20.914,19.217,6.5616,1.8144,-4.3049,-10.511
-16.524,5.3069,21.139,8.4365,-11.98,15.95,20.952,19.449,6.168,1.135,-5.2626,-11.548
-16.609,5.3963,20.779,8.2333,-11.854,15.788,21.022,19.748,6.0291,0.80681,-5.9131,-12.317
-16.735,5.5739,20.423,7.9552,-11.824,15.663,21.082,20.054,6.1031,0.80552,-6.2853,-12.881
-16.862,5.6899,20.035,7.7088,-11.804,15.498,21.102,20.309,6.3372,1.0812,-6.4227,-13.289
-16.904,5.692,19.586,7.5192,-11.674,15.26,21.077,20.476,6.6826,1.5739,-6.3787,-13.56
-16.748,5.6225,19.068,7.3357,-11.315,14.965,21.027,20.546,7.1013,2.2324,-6.2062,-13.687
-16.289,5.5818,18.509,7.0697,-10.66,14.668,20.986,20.538,7.5677,3.0273,-5.9412,-13.649
-15.475,5.6766,17.963,6.6447,-9.7126,14.443,20.984,20.493,8.0674,3.9491,-5.5921,-13.422
-14.336,5.9776,17.499,6.0292,-8.548,14.353,21.036,20.455,8.5941,4.9959,-5.1418,-12.994
-12.969,6.5054,17.179,5.2371,-7.2887,14.435,21.134,20.464,9.1458,6.1589,-4.5635,-12.37
-11.501,7.2447,17.032,4.3049,-6.0619,14.693,21.255,20.535,9.7212,7.4147,-3.8395,-11.574
-10.049,8.1709,17.044,3.2619,-4.9492,15.108,21.372,20.665,10.318,8.7254,-2.9754,-10.643
-8.6764,9.2705,17.17,2.1118,-3.9568,15.65,21.468,20.825,10.929,10.043,-2.0013,-9.6218
-7.3814,10.542,17.35,0.83414,-3.0262,16.291,21.539,20.978,11.541,11.318,-0.96372,-8.5524
-6.1057,11.975,17.54,-0.59329,-2.0815,17.005,21.591,21.08,12.13,12.505,0.088183,-7.4738
-4.787,13.525,17.727,-2.1575,-1.0868,17.764,21.626,21.098,12.665,13.58,1.1141,-6.4219
-3.4272,15.097,17.926,-3.7785,-0.085427,18.534,21.637,21.017,13.112,14.54,2.0874,-5.4301
-2.1191,16.558,18.163,-5.3102,0.80117,19.267,21.613,20.842,13.445,15.404,2.9923,-4.5307
-1.0173,17.774,18.459,-6.5827,1.423,19.914,21.538,20.593,13.651,16.196,3.8176,-3.7544
-0.27578,18.652,18.813,-7.4662,1.6777,20.437,21.396,20.294,13.734,16.931,4.5558,-3.125
0.029507,19.174,19.197,-7.927,1.5636,20.821,21.175,19.966,13.709,17.613,5.2078,-2.6487
-0.049092,19.406,19.574,-8.045,1.1827,21.078,20.876,19.623,13.602,18.23,5.7863,-2.3074
-0.35379,19.478,19.91,-7.984,0.69471,21.251,20.509,19.277,13.44,18.767,6.313,-2.062
-0.69981,19.546,20.199,-7.9324,0.24797,21.405,20.099,18.939,13.246,19.214,6.8117,-1.8652
-0.94997,19.749,20.466,-8.0402,-0.080673,21.612,19.675,18.619,13.038,19.569,7.3026,-1.6723
-1.0469,20.166,20.771,-8.3812,-0.30839,21.93,19.26,18.329,12.834,19.84,7.8027,-1.4448
-0.99956,20.813,21.179,-8.9544,-0.52139,22.393,18.868,18.077,12.656,20.046,8.3279,-1.1467
-0.84027,21.659,21.737,-9.7198,-0.81555,23.003,18.501,17.87,12.522,20.204,8.8944,-0.74026
-0.57944,22.671,22.453,-10.641,-1.2396,23.746,18.153,17.715,12.451,20.332,9.52,-0.18462
-0.18364,23.838,23.304,-11.713,-1.7765,24.611,17.827,17.617,12.458,20.446,10.229,0.56365
0.41393,25.183,24.263,-12.961,-2.364,25.603,17.525,17.57,12.553,20.562,11.054,1.5479
1.2805,26.778,25.327,-14.433,-2.9348,26.769,17.261,17.562,12.745,20.699,12.037,2.8052
2.4455,28.753,26.539,-16.179,-3.4634,28.224,17.048,17.575,13.034,20.876,13.21,4.3571
3.8758,31.328,28.029,-18.237,-3.9949,30.207,16.903,17.603,13.421,21.116,14.583,6.2023
5.4777,34.83,30.072,-20.631,-4.6303,33.146,16.841,17.66,13.91,21.441,16.135,8.3155
7.1303,39.688,33.163,-23.372,-5.4727,37.672,16.879,17.779,14.51,21.866,17.817,10.653
8.7363,46.339,37.922,-26.463,-6.584,44.404,17.029,18.007,15.233,22.399,19.567,13.16
10.261,55.043,44.674,-29.912,-8.0003,53.472,17.299,18.382,16.091,23.04,21.331,15.787
11.739,65.697,53.113,-33.748,-9.7822,64.275,17.687,18.922,17.096,23.785,23.077,18.491
13.237,77.815,62.639,-38.047,-12.017,75.897,18.188,19.612,18.253,24.629,24.8,21.247
14.809,90.696,72.757,-42.946,-14.758,87.62,18.786,20.412,19.556,25.573,26.513,24.04
16.456,103.64,83.113,-48.644,-17.971,99.033,19.461,21.261,20.985,26.617,28.24,26.857
18.119,116.07,93.416,-55.309,-21.558,109.89,20.18,22.084,22.506,27.761,30,29.679
19.706,127.64,103.41,-62.893,-25.409,120.03,20.899,22.804,24.071,28.997,31.811,32.491
21.143,138.24,112.87,-70.964,-29.433,129.34,21.551,23.346,25.623,30.304,33.687,35.27
22.413,147.89,121.63,-78.801,-33.544,137.84,22.064,23.655,27.09,31.646,35.634,37.987
23.557,156.69,129.56,-85.783,-37.624,145.6,22.369,23.695,28.381,32.962,37.633,40.593
24.657,164.7,136.61,-91.671,-41.492,152.74,22.417,23.464,29.39,34.172,39.636,43.022
25.806,171.94,142.78,-96.565,-44.903,159.31,22.18,22.978,30.006,35.184,41.559,45.21
27.09,178.41,148.13,-100.7,-47.599,165.25,21.646,22.257,30.134,35.91,43.301,47.108
28.56,184.16,152.66,-104.3,-49.394,170.5,20.799,21.29,29.715,36.294,44.763,48.695
30.221,189.24,156.34,-107.51,-50.26,175.01,19.591,19.979,28.746,36.322,45.87,49.985
32.04,193.76,159.24,-110.46,-50.351,178.83,17.882,18.07,27.277,36.027,46.59,51.015
33.953,197.79,161.47,-113.17,-49.965,182.05,15.378,15.163,25.397,35.475,46.942,51.846
35.883,201.42,163.25,-115.69,-49.429,184.79,11.674,10.87,23.214,34.744,47.001,52.542
37.758,204.66,164.76,-118.01,-48.962,187.14,6.4399,5.0317,20.836,33.903,46.875,53.167
39.521,207.53,166.11,-120.11,-48.622,189.16,-0.34634,-2.1597,18.354,32.999,46.695,53.775
41.134,209.99,167.27,-121.99,-48.338,190.83,-8.3445,-10.226,15.834,32.06,46.577,54.396
42.577,212,168.14,-123.64,-47.991,192.12,-16.945,-18.523,13.309,31.104,46.599,55.038
43.83,213.53,168.54,-125.03,-47.48,192.96,-25.4,-26.352,10.787,30.138,46.784,55.682
44.865,214.54,168.37,-126.18,-46.755,193.32,-32.948,-33.052,8.2587,29.158,47.091,56.293
45.649,215.03,167.61,-127.06,-45.815,193.19,-38.929,-38.125,5.7039,28.148,47.426,56.831
46.152,215.02,166.4,-127.67,-44.687,192.64,-42.96,-41.388,3.0989,27.076,47.656,57.258
46.358,214.57,165.05,-127.97,-43.412,191.82,-45.119,-43.081,0.41587,25.896,47.64,57.538
46.269,213.76,163.94,-127.95,-42.041,190.92,-45.924,-43.764,-2.3737,24.561,47.244,57.633
45.907,212.67,163.19,-127.59,-40.618,190.08,-46.012,-43.996,-5.287,23.043,46.373,57.498
45.306,211.31,162.47,-126.88,-39.132,189.19,-45.814,-44.093,-8.3124,21.345,44.983,57.081
44.511,209.62,161.09,-125.8,-37.465,187.89,-45.507,-44.133,-11.394,19.497,43.088,56.332
43.558,207.27,158.29,-124.26,-35.446,185.63,-45.123,-44.086,-14.434,17.549,40.75,55.207
42.438,203.61,153.53,-121.98,-32.96,181.7,-44.648,-43.907,-17.314,15.549,38.056,53.668
41.069,197.73,146.51,-118.46,-30.038,175.4,-44.063,-43.578,-19.939,13.523,35.088,51.685
39.31,188.75,137.23,-113.16,-26.864,166.2,-43.357,-43.108,-22.266,11.467,31.912,49.234
37.018,176.26,126.09,-105.76,-23.698,154.04,-42.533,-42.522,-24.321,9.3381,28.566,46.301
34.099,160.51,113.75,-96.301,-20.764,139.49,-41.608,-41.857,-26.182,7.0605,25.065,42.886
30.526,142.46,100.98,-85.134,-18.181,123.64,-40.612,-41.151,-27.951,4.5418,21.405,39.004
26.339,123.39,88.596,-72.839,-15.963,107.7,-39.579,-40.438,-29.73,1.6942,17.571,34.688
21.655,104.47,77.185,-60.112,-14.058,92.524,-38.549,-39.742,-31.596,-1.5477,13.553,29.987
16.683,86.424,66.895,-47.706,-12.396,78.485,-37.558,-39.069,-33.601,-5.2196,9.3502,24.965
11.687,69.498,57.335,-36.325,-10.91,65.437,-36.635,-38.418,-35.763,-9.3278,4.9787,19.714
6.9153,53.756,47.79,-26.457,-9.5149,52.928,-35.801,-37.79,-38.076,-13.854,0.46949,14.356
2.5558,39.628,37.88,-18.229,-8.0886,40.792,-35.073,-37.198,-40.511,-18.756,-4.133,9.0468
-1.2875,28.023,28.841,-11.453,-6.5363,30.067,-34.472,-36.667,-43.017,-23.967,-8.7735,3.9495
-4.5852,19.372,22.451,-5.7985,-4.8762,22.208,-34.023,-36.226,-45.522,-29.379,-13.387,-0.797
-7.3572,12.939,18.121,-0.96425,-3.2074,16.875,-33.752,-35.893,-47.939,-34.832,-17.896,-5.1026
-9.6322,7.6046,14.344,3.2531,-1.6311,12.643,-33.671,-35.666,-50.173,-40.118,-22.205,-8.9282
-11.429,2.6498,10.344,6.9633,-0.21107,8.554,-33.766,-35.527,-52.143,-45.019,-26.206,-12.269
-12.774,-2.1605,6.003,10.206,1.0296,4.2942,-33.996,-35.446,-53.799,-49.359,-29.798,-15.133
-13.723,-6.7455,1.5585,12.964,2.1112,-0.0458,-34.307,-35.4,-55.13,-53.04,-32.906,-17.54
-14.33,-10.877,-2.6278,15.192,3.1077,-4.1817,-34.648,-35.373,-56.168,-56.048,-35.498,-19.518
-14.633,-14.342,-6.2735,16.86,4.1269,-7.8274,-34.985,-35.357,-56.971,-58.434,-37.577,-21.111
-14.654,-17.058,-9.2754,17.998,5.2503,-10.832,-35.302,-35.354,-57.605,-60.277,-39.176,-22.379
-14.429,-19.097,-11.685,18.705,6.4877,-13.207,-35.584,-35.364,-58.118,-61.67,-40.352,-23.394
-14.019,-20.641,-13.621,19.131,7.7852,-15.074,-35.806,-35.376,-58.531,-62.708,-41.196,-24.237
-13.511,-21.91,-15.199,19.441,9.0579,-16.594,-35.922,-35.355,-58.836,-63.488,-41.829,-24.998
-13.003,-23.107,-16.493,19.777,10.215,-17.918,-35.862,-35.24,-59.007,-64.098,-42.4,-25.784
-12.582,-24.366,-17.533,20.235,11.171,-19.153,-35.551,-34.944,-59.002,-64.605,-43.054,-26.702
-12.314,-25.73,-18.326,20.849,11.859,-20.344,-34.926,-34.38,-58.767,-65.031,-43.891,-27.839
-12.226,-27.146,-18.865,21.589,12.242,-21.464,-33.943,-33.471,-58.235,-65.334,-44.922,-29.217
-12.318,-28.478,-19.144,22.374,12.318,-22.428,-32.583,-32.16,-57.31,-65.386,-46.035,-30.758
-12.559,-29.541,-19.157,23.085,12.123,-23.119,-30.826,-30.398,-55.843,-64.951,-46.987,-32.278
-12.892,-30.113,-18.902,23.571,11.718,-23.407,-28.631,-28.128,-53.586,-63.615,-47.399,-33.483
-13.231,-29.926,-18.362,23.645,11.18,-23.131,-25.911,-25.267,-50.152,-60.667,-46.733,-33.98
-13.456,-28.597,-17.443,23.053,10.585,-22.036,-22.55,-21.746,-45.113,-54.969,-44.197,-33.265
-13.416,-25.571,-15.894,21.473,9.9797,-19.679,-18.529,-17.638,-38.947,-46.127,-38.839,-30.737
-12.945,-20.368,-13.243,18.661,9.3607,-15.471,-14.184,-13.378,-37.535,-46.847,-33.226,-26.31
-12.147,-14.438,-9.0113,15.378,8.6834,-9.7674,-10.447,-9.8337,-53.697,-72.799,-54.136,-28.839
-15.25,-22.807,-4.7153,20.319,7.9188,-10.66,-7.9032,-7.1857,-55.903,-73.394,-65.603,-57.814
-32.351,-53.955,-7.0209,45.864,7.1161,-30.115,-3.091,-1.7473,-41.1,-68.455,-69.948,-66.777
-39.184,-61.215,-11.58,53.61,6.4204,-37.411,8.7651,10.44,-22.866,-58.801,-71.217,-71.485
-40.257,-59.339,-11.957,53.245,6.0233,-36.552,23.197,24.842,-1.6267,-41.787,-65.831,-71.081
-36.935,-50.898,-9.8542,47.115,6.0163,-31.6,36.013,37.636,24.343,-13.705,-49.032,-61.79
-27.663,-34.042,-4.5142,33.557,6.1291,-21.507,47.568,49.227,59.156,31.009,-14.698,-39.125
-10.92,-6.3784,5.3558,10.732,5.328,-3.9568,60.323,62.033,109.49,99.867,44.312,1.5777
14.261,35.031,20.204,-23.115,3.7547,24.157,77.275,78.976,180.42,200.6,134.84,64.139
47.696,93.004,42.355,-69.161,5.1533,66.128,98.461,100.18,272.39,336.24,260.45,150.1
88.324,168.88,77.123,-127.86,8.1969,123.16,123.64,125.26,381.95,501.11,417.49,257.28
136.27,257.64,121.98,-196.7,11.992,190.6,152.28,153.71,504.31,685.35,595.92,384.84
188.6,347.43,167.11,-266.62,16.261,258.39,182.96,184.46,646.44,897.12,791.91,523.74
237.13,424.82,201.89,-328.33,22.3,314.5,214.08,216.16,779.31,1084.4,966.08,649.4
278.78,476.13,216.88,-373.4,33.191,347.14,240.88,243.65,868.01,1232.3,1104.3,750.25
309.84,492.92,207.32,-395.95,50.398,349.82,252.53,255.53,902.62,1321.4,1191.3,814.58
327.04,475.14,175.2,-394.63,73.39,323.93,237.79,240.85,868.21,1336,1217.2,836.4
328.14,429.37,128.45,-371.84,99.062,277.28,191.57,194.74,755.37,1265.4,1177.9,815.59
311.61,364.64,77.511,-331.32,119.9,219.72,114.13,117.3,562.82,1104.6,1072.6,755.65
276.75,287.95,30.776,-276.07,129.24,158.82,10.335,13.191,299.09,854.5,903.59,660.9
224.59,202.96,-8.0413,-208.19,126.05,97.984,-110.22,-107.98,-15.92,525.94,677.04,535.78
158.78,111.97,-39.45,-130.47,112.26,37.742,-234.46,-233.01,-352.06,142.89,406.04,385.82
85.447,18.512,-65.772,-47.844,91.205,-21.521,-348.69,-348.1,-672.88,-257.66,112.31,219.74
12.053,-72.149,-88.998,33.171,67.026,-78.196,-442.27,-442.43,-943.75,-631.38,-175.45,49.84
-54.018,-154.71,-109.89,106.39,43.927,-129.82,-509.42,-510.01,-1139.7,-937.59,-427.6,-109.34
-107.09,-224.81,-128.1,167.18,25.307,-174.16,-549.45,-550.05,-1250.7,-1149.6,-621.41,-244.7
-144.43,-278.76,-143.08,212.57,12.995,-209.13,-564.96,-565.2,-1282.9,-1261,-747.02,-347.57
-166.5,-314.4,-154.07,241.6,6.8768,-232.94,-560.34,-560.01,-1253.8,-1284.1,-807.45,-415.18
-175.85,-332.24,-159.85,255.59,4.6943,-245.16,-540.59,-539.71,-1184.7,-1241.7,-814.87,-450.02
-175.88,-334.47,-159.31,257.08,3.6906,-246.45,-510.12,-508.97,-1093.6,-1158.9,-785.11,-458.07
-169.71,-323.05,-152.1,248.53,2.5627,-237.42,-472.94,-471.9,-993.19,-1056.2,-732.93,-446.44
-159.5,-299.34,-138.3,231.64,1.6648,-218.38,-432,-431.26,-890.12,-947.84,-669.41,-421.61
-146.24,-264.6,-118.42,207.56,1.9065,-190.23,-388.7,-388.29,-787.51,-841.26,-601.3,-388.37
-130.29,-221.73,-94.431,177.75,0.78885,-156.02,-343.85,-343.62,-685.86,-739.74,-532.45,-349.95
-111.58,-176.94,-69.617,145.54,-1.0114,-121.36,-299.33,-299.16,-586.54,-645.02,-465.11,-308.11
-92.735,-137.97,-47.062,117.11,-2.4502,-91.296,-257.76,-257.51,-495.49,-559.26,-402.52,-264.76
-78.3,-107.89,-28.763,95.617,-3.174,-67.604,-220.17,-219.69,-415.26,-482.78,-349.02,-226.08
-67.57,-85.594,-15.91,79.659,-3.1387,-50.066,-185.96,-185.07,-343.93,-411.72,-303.02,-195.51
-58.78,-69.895,-9.4655,67.606,-2.4308,-38.423,-154.35,-152.98,-281.17,-344.74,-259.85,-169.8
-51.165,-60.762,-10.573,59.012,-1.2048,-33.052,-125.62,-123.73,-228.49,-285.36,-218.79,-146.45
-44.65,-58.527,-18.87,54.059,0.35696,-34.743,-101.2,-98.834,-186.84,-236.53,-182.81,-125.47
-39.342,-62.435,-27.683,52.467,2.0756,-42.606,-82.446,-79.7,-155.78,-198.72,-154.12,-108.19
-35.053,-67.444,-31.424,52.218,3.7961,-49.099,-69.363,-66.389,-133.69,-170.84,-132.45,-95.672
-31.299,-67.509,-32.092,50.549,5.4072,-49.946,-60.707,-57.805,-118.45,-151.15,-116.52,-87.824
-27.993,-64.865,-31.956,47.792,6.8554,-48.605,-54.988,-52.527,-108.17,-137.82,-105.14,-83.15
-25.428,-62.295,-31.757,45.26,8.1354,-47.227,-51.569,-49.752,-101.37,-129.13,-97.254,-78.507
-23.59,-60.475,-31.662,43.377,9.2572,-46.305,-50.879,-49.467,-95.396,-123.13,-90.977,-72.289
-22.296,-59.44,-31.705,42.162,10.215,-45.875,-50.503,-49.039,-86.814,-115.87,-84.165,-66.086
-21.393,-59.052,-31.888,41.508,10.987,-45.86,-49.074,-47.582,-79.431,-105.69,-77.922,-61.144
-20.79,-59.096,-32.194,41.251,11.555,-46.124,-47.621,-46.203,-74.924,-97.11,-73.484,-57.567
-20.424,-59.352,-32.556,41.215,11.903,-46.507,-46.524,-45.214,-72.143,-91.498,-70.529,-55.116
-20.25,-59.63,-32.859,41.243,12.018,-46.857,-45.731,-44.532,-70.316,-87.89,-68.536,-53.515
-20.222,-59.793,-32.995,41.216,11.884,-47.057,-45.113,-44.022,-69.029,-85.459,-67.151,-52.528
-20.298,-59.731,-32.909,41.052,11.513,-47.035,-44.564,-43.582,-68.03,-83.702,-66.13,-51.967
-20.441,-59.392,-32.604,40.732,10.954,-46.769,-44.026,-43.159,-67.165,-82.3,-65.303,-51.688
-20.619,-58.828,-32.126,40.316,10.29,-46.299,-43.483,-42.733,-66.347,-81.058,-64.555,-51.586
-20.803,-58.178,-31.559,39.908,9.6263,-45.728,-42.945,-42.306,-65.54,-79.872,-63.817,-51.578
-20.955,-57.591,-31.005,39.597,9.0565,-45.181,-42.425,-41.888,-64.729,-78.699,-63.056,-51.6
-21.045,-57.153,-30.549,39.417,8.6466,-44.741,-41.926,-41.482,-63.907,-77.532,-62.262,-51.604
-21.057,-56.871,-30.235,39.341,8.4163,-44.435,-41.427,-41.075,-63.063,-76.373,-61.442,-51.559
-20.994,-56.696,-30.063,39.307,8.3388,-44.242,-40.89,-40.639,-62.189,-75.224,-60.612,-51.454
-20.875,-56.557,-30,39.249,8.3536,-44.118,-40.266,-40.141,-61.286,-74.085,-59.79,-51.285
-20.724,-56.386,-29.994,39.117,8.3897,-44.011,-39.518,-39.547,-60.365,-72.945,-58.989,-51.055
-20.56,-56.121,-29.982,38.871,8.3912,-43.865,-38.624,-38.829,-59.436,-71.78,-58.215,-50.759
-20.376,-55.704,-29.914,38.48,8.3399,-43.629,-37.585,-37.965,-58.493,-70.544,-57.455,-50.388
-20.136,-55.081,-29.764,37.9,8.269,-43.263,-36.419,-36.935,-57.509,-69.182,-56.677,-49.931
-19.774,-54.214,-29.548,37.09,8.2538,-42.756,-35.156,-35.732,-56.438,-67.641,-55.835,-49.379
-19.227,-53.095,-29.313,36.026,8.3799,-42.124,-33.824,-34.367,-55.23,-65.899,-54.884,-48.744
-18.455,-51.76,-29.11,34.725,8.6996,-41.411,-32.436,-32.874,-53.854,-63.978,-53.8,-48.063
-17.464,-50.281,-28.975,33.254,9.2054,-40.666,-30.988,-31.308,-52.31,-61.942,-52.593,-47.393
-16.298,-48.74,-28.909,31.705,9.8361,-39.929,-29.457,-29.728,-50.626,-59.862,-51.306,-46.786
-15.022,-47.199,-28.876,30.162,10.506,-39.21,-27.819,-28.178,-48.844,-57.791,-49.993,-46.273
-13.699,-45.679,-28.826,28.668,11.135,-38.495,-26.058,-26.666,-46.996,-55.734,-48.7,-45.841
-12.375,-44.164,-28.71,27.219,11.676,-37.758,-24.178,-25.164,-45.094,-53.649,-47.445,-45.429
-11.062,-42.603,-28.508,25.771,12.116,-36.973,-22.194,-23.614,-43.126,-51.449,-46.209,-44.949
-9.7427,-40.933,-28.224,24.26,12.477,-36.12,-20.119,-21.945,-41.056,-49.032,-44.936,-44.305
-8.3874,-39.088,-27.88,22.633,12.799,-35.18,-17.956,-20.089,-38.834,-46.297,-43.55,-43.434
-6.9768,-37.022,-27.495,20.867,13.117,-34.136,-15.693,-17.999,-36.412,-43.177,-41.968,-42.327
-5.5244,-34.733,-27.08,18.996,13.444,-32.981,-13.317,-15.657,-33.756,-39.66,-40.131,-41.043
-4.0824,-32.276,-26.64,17.102,13.768,-31.724,-10.832,-13.089,-30.867,-35.804,-38.021,-39.678
-2.7293,-29.756,-26.175,15.293,14.058,-30.392,-8.289,-10.371,-27.783,-31.719,-35.681,-38.338
-1.546,-27.3,-25.683,13.664,14.279,-29.023,-5.7807,-7.6208,-24.573,-27.54,-33.201,-37.09
-0.58755,-25.014,-25.157,12.268,14.397,-27.651,-3.4163,-4.9657,-21.321,-23.387,-30.686,-35.951
0.13894,-22.945,-24.59,11.104,14.395,-26.297,-1.2755,-2.5061,-18.086,-19.342,-28.223,-34.876
0.67589,-21.089,-23.98,10.127,14.272,-24.971,0.61837,-0.29225,-14.892,-15.448,-25.845,-33.785
1.0918,-19.408,-23.338,9.276,14.046,-23.686,2.2969,1.6728,-11.723,-11.719,-23.535,-32.59
1.4433,-17.874,-22.681,8.5022,13.742,-22.459,3.8254,3.4187,-8.5461,-8.1586,-21.246,-31.218
1.7456,-16.476,-22.023,7.791,13.382,-21.313,5.2766,4.9982,-5.328,-4.7618,-18.926,-29.627
1.9705,-15.215,-21.357,7.1542,12.977,-20.249,6.7078,6.4826,-2.0529,-1.5228,-16.542,-27.809
2.0755,-14.079,-20.666,6.6082,12.535,-19.243,8.1465,7.9522,1.2754,1.5714,-14.086,-25.777
2.0445,-13.027,-19.925,6.1494,12.064,-18.241,9.5871,9.4751,4.6355,4.5418,-11.569,-23.563
1.9123,-11.989,-19.123,5.7432,11.583,-17.18,11.003,11.084,7.9962,7.4153,-9.0126,-21.214
1.7592,-10.884,-18.26,5.3307,11.118,-16.005,12.364,12.766,11.329,10.222,-6.4356,-18.778
1.6816,-9.6518,-17.351,4.8496,10.699,-14.686,13.653,14.473,14.624,12.992,-3.844,-16.3
1.7563,-8.2748,-16.414,4.2568,10.342,-13.229,14.873,16.14,17.897,15.756,-1.227,-13.811
2.0191,-6.7856,-15.474,3.5448,10.048,-11.675,16.041,17.715,21.196,18.543,1.4358,-11.315
2.4627,-5.2578,-14.557,2.7396,9.8012,-10.101,17.183,19.169,24.585,21.383,4.1641,-8.7957
3.0542,-3.7786,-13.698,1.8855,9.5813,-8.5969,18.325,20.501,28.132,24.305,6.9701,-6.2191
3.76,-2.4145,-12.931,1.0206,9.3792,-7.2383,19.493,21.731,31.888,27.336,9.8605,-3.552
4.5691,-1.1868,-12.283,0.15932,9.2061,-6.0609,20.703,22.892,35.866,30.492,12.842,-0.77461
5.5042,-0.06347,-11.766,-0.71645,9.0939,-5.0477,21.969,24.021,40.038,33.766,15.926,2.1161
6.6176,1.0291,-11.373,-1.6509,9.0854,-4.1372,23.295,25.15,44.333,37.123,19.124,5.1128
7.9686,2.1785,-11.077,-2.6967,9.2186,-3.2469,24.675,26.296,48.652,40.499,22.445,8.2029
9.5915,3.4514,-10.839,-3.8903,9.5097,-2.302,26.096,27.457,52.885,43.822,25.891,11.365
11.467,4.8669,-10.616,-5.2324,9.9449,-1.2574,27.533,28.612,56.93,47.033,29.447,14.564
13.516,6.3926,-10.363,-6.6843,10.483,-0.10577,28.957,29.732,60.706,50.106,33.084,17.749
15.622,7.9617,-10.045,-8.1818,11.072,1.1267,30.334,30.787,64.162,53.043,36.754,20.867
17.682,9.5017,-9.6489,-9.6603,11.664,2.3917,31.635,31.759,67.28,55.858,40.394,23.881
19.646,10.958,-9.204,-11.079,12.233,3.6316,32.834,32.635,70.058,58.552,43.928,26.773
21.525,12.307,-8.7812,-12.434,12.78,4.7919,33.906,33.4,72.502,61.103,47.275,29.538
23.37,13.554,-8.4734,-13.752,13.328,5.8339,34.825,34.039,74.617,63.458,50.36,32.169
25.22,14.722,-8.3518,-15.069,13.898,6.7443,35.57,34.537,76.406,65.551,53.135,34.649
27.062,15.836,-8.4258,-16.407,14.495,7.5371,36.133,34.888,77.875,67.318,55.583,36.956
28.829,16.907,-8.6305,-17.748,15.096,8.2449,36.519,35.099,79.034,68.718,57.722,39.073
30.434,17.923,-8.8516,-19.044,15.664,8.9025,36.749,35.182,79.896,69.734,59.59,40.993
31.811,18.86,-8.9696,-20.221,16.159,9.5351,36.844,35.151,80.471,70.382,61.227,42.72
32.939,19.69,-8.8951,-21.214,16.555,10.157,36.824,35.014,80.768,70.698,62.661,44.266
33.837,20.404,-8.5827,-21.99,16.835,10.776,36.697,34.78,80.796,70.729,63.903,45.645
34.544,21.015,-8.0295,-22.56,17.008,11.404,36.467,34.458,80.572,70.521,64.95,46.878
35.106,21.556,-7.2667,-22.978,17.098,12.055,36.137,34.059,80.127,70.117,65.787,47.993
35.551,22.068,-6.3474,-23.313,17.138,12.735,35.713,33.597,79.503,69.557,66.395,49.022
35.882,22.578,-5.3326,-23.619,17.146,13.442,35.208,33.085,78.748,68.881,66.759,49.993
36.079,23.092,-4.2761,-23.918,17.108,14.161,34.642,32.542,77.905,68.133,66.874,50.923
36.107,23.594,-3.2106,-24.203,16.979,14.872,34.042,31.995,77.01,67.36,66.756,51.812
35.944,24.067,-2.1382,-24.452,16.702,15.561,33.44,31.478,76.086,66.599,66.445,52.656
35.595,24.506,-1.0322,-24.656,16.238,16.228,32.867,31.029,75.156,65.879,65.999,53.452
35.1,24.929,0.14665,-24.829,15.586,16.888,32.355,30.677,74.246,65.212,65.481,54.21
34.537,25.373,1.4257,-25.015,14.801,17.564,31.927,30.437,73.389,64.604,64.954,54.943
34.008,25.885,2.8025,-25.272,13.975,18.276,31.601,30.309,72.62,64.059,64.467,55.665
33.617,26.497,4.2493,-25.649,13.216,19.03,31.393,30.285,71.973,63.583,64.056,56.376
33.426,27.218,5.7337,-26.16,12.608,19.817,31.315,30.356,71.471,63.194,63.75,57.064
33.442,28.021,7.2364,-26.776,12.181,20.616,31.377,30.523,71.127,62.918,63.562,57.71
33.619,28.857,8.7471,-27.425,11.912,21.4,31.584,30.786,70.94,62.785,63.484,58.3
33.882,29.668,10.246,-28.031,11.741,22.14,31.928,31.145,70.9,62.82,63.487,58.832
34.168,30.408,11.69,-28.541,11.601,22.817,32.382,31.589,70.987,63.033,63.514,59.314
34.441,31.064,13.026,-28.954,11.442,23.426,32.911,32.103,71.177,63.413,63.495,59.754
34.708,31.657,14.205,-29.318,11.244,23.974,33.475,32.671,71.445,63.922,63.365,60.157
34.997,32.223,15.205,-29.695,11.018,24.48,34.044,33.279,71.764,64.506,63.077,60.514
35.328,32.786,16.031,-30.126,10.792,24.958,34.6,33.914,72.098,65.099,62.613,60.812
35.683,33.342,16.708,-30.596,10.588,25.409,35.131,34.556,72.404,65.645,61.98,61.036
36.005,33.849,17.268,-31.037,10.404,25.821,35.628,35.183,72.632,66.096,61.206,61.175
36.22,34.248,17.739,-31.353,10.22,26.17,36.078,35.767,72.738,66.418,60.328,61.227
36.266,34.489,18.149,-31.458,10.009,26.433,36.47,36.287,72.685,66.582,59.38,61.195
36.104,34.548,18.521,-31.312,9.7443,26.599,36.788,36.729,72.446,66.558,58.379,61.081
35.717,34.435,18.875,-30.926,9.4073,26.673,37.018,37.082,71.996,66.314,57.315,60.881
35.106,34.177,19.218,-30.345,8.9896,26.672,37.144,37.338,71.308,65.813,56.145,60.579
34.279,33.796,19.531,-29.616,8.4987,26.605,37.15,37.478,70.349,65.014,54.798,60.149
33.25,33.301,19.78,-28.77,7.9554,26.471,37.017,37.478,69.08,63.875,53.182,59.552
32.015,32.683,19.93,-27.807,7.3741,26.256,36.729,37.31,67.455,62.363,51.204,58.741
30.546,31.919,19.972,-26.702,6.736,25.947,36.273,36.956,65.433,60.462,48.79,57.663
28.783,30.991,19.932,-25.421,5.9844,25.538,35.653,36.415,62.997,58.186,45.91,56.27
26.654,29.895,19.858,-23.939,5.0505,25.042,34.888,35.706,60.171,55.575,42.59,54.531
24.111,28.647,19.805,-22.254,3.8909,24.482,34.016,34.866,57.023,52.692,38.914,52.443
21.167,27.283,19.815,-20.39,2.5092,23.893,33.087,33.941,53.657,49.608,35.007,50.031
17.919,25.85,19.91,-18.394,0.96075,23.309,32.143,32.976,50.189,46.388,31.007,47.341
14.523,24.391,20.085,-16.32,-0.66001,22.756,31.216,32.003,46.716,43.087,27.04,44.42
11.133,22.928,20.317,-14.207,-2.2484,22.239,30.318,31.042,43.31,39.755,23.197,41.306
7.8523,21.457,20.565,-12.079,-3.7256,21.745,29.445,30.095,40.01,36.44,19.533,38.026
4.7246,19.955,20.782,-9.9463,-5.0609,21.239,28.58,29.155,36.828,33.185,16.07,34.615
1.7674,18.389,20.923,-7.8176,-6.2699,20.679,27.702,28.206,33.767,30.035,12.803,31.128
-0.99728,16.739,20.955,-5.712,-7.3948,20.028,26.801,27.237,30.823,27.03,9.7154,27.637
-3.5338,15.004,20.869,-3.6591,-8.4817,19.27,25.884,26.251,28.002,24.199,6.7899,24.219
-5.8083,13.212,20.683,-1.6924,-9.5569,18.418,24.975,25.265,25.316,21.558,4.0174,20.938
-7.8055,11.403,20.429,0.1638,-10.609,17.502,24.107,24.299,22.784,19.11,1.4034,17.834
-9.5306,9.6115,20.141,1.9071,-11.583,16.557,23.305,23.366,20.431,16.845,-1.0345,14.926
-11.003,7.8426,19.841,3.5621,-12.399,15.609,22.579,22.462,18.283,14.748,-3.2765,12.217
-12.251,6.072,19.536,5.1729,-12.982,14.663,21.919,21.571,16.356,12.803,-5.3144,9.6925
-13.315,4.2645,19.235,6.7853,-13.3,13.719,21.303,20.68,14.654,10.998,-7.1584,7.3304
-14.242,2.4026,18.955,8.4271,-13.384,12.786,20.703,19.79,13.168,9.3276,-8.8324,5.1118
-15.078,0.5112,18.722,10.091,-13.321,11.89,20.094,18.918,11.882,7.7995,-10.358,3.0399
-15.855,-1.3335,18.556,11.725,-13.22,11.073,19.468,18.098,10.785,6.4285,-11.736,1.1469
-16.58,-3.0134,18.455,13.233,-13.181,10.376,18.83,17.369,9.872,5.2335,-12.944,-0.51871
-17.244,-4.3984,18.402,14.5,-13.263,9.8312,18.193,16.756,9.1435,4.233,-13.941,-1.9212
-17.834,-5.3882,18.376,15.432,-13.47,9.4523,17.567,16.261,8.5957,3.4429,-14.686,-3.0597
-18.343,-5.9467,18.361,15.984,-13.769,9.2328,16.959,15.861,8.2154,2.8729,-15.164,-3.9694
-18.765,-6.1065,18.349,16.178,-14.123,9.1516,16.369,15.516,7.9764,2.5217,-15.394,-4.7028
-19.093,-5.9442,18.336,16.076,-14.505,9.1832,15.796,15.187,7.8389,2.3749,-15.434,-5.3093
-19.311,-5.5428,18.331,15.753,-14.888,9.3089,15.237,14.843,7.756,2.4068,-15.361,-5.8238
-19.392,-4.9638,18.355,15.272,-15.231,9.5237,14.693,14.478,7.6864,2.5856,-15.251,-6.2653
-19.303,-4.2411,18.439,14.672,-15.481,9.8345,14.178,14.115,7.6089,2.8778,-15.156,-6.639
-19.014,-3.3935,18.616,13.981,-15.592,10.25,13.715,13.798,7.5309,3.2523,-15.082,-6.9402
-18.513,-2.4438,18.901,13.224,-15.53,10.768,13.328,13.571,7.4845,3.6844,-14.987,-7.1576
-17.813,-1.427,19.282,12.427,-15.283,11.369,13.023,13.452,7.5124,4.158,-14.803,-7.2791
-16.947,-0.38284,19.717,11.615,-14.863,12.018,12.786,13.428,7.6481,4.6658,-14.461,-7.2976
-15.963,0.66295,20.15,10.793,-14.296,12.683,12.588,13.463,7.8986,5.2049,-13.932,-7.2181
-14.903,1.7126,20.529,9.9389,-13.618,13.341,12.401,13.518,8.2377,5.7709,-13.232,-7.0623
-13.805,2.7926,20.825,9.014,-12.862,13.983,12.212,13.574,8.6141,6.3549,-12.417,-6.8668
-12.701,3.9342,21.025,7.9833,-12.063,14.611,12.04,13.638,8.9693,6.9461,-11.55,-6.6668
-11.624,5.1497,21.133,6.8369,-11.259,15.223,11.936,13.747,9.2564,7.5386,-10.674,-6.477
-10.606,6.4155,21.161,5.6026,-10.49,15.809,11.974,13.945,9.4496,8.1317,-9.7964,-6.2823
-9.6807,7.6695,21.129,4.3467,-9.7961,16.348,12.212,14.258,9.541,8.7224,-8.9017,-6.051
-8.8925,8.8224,21.059,3.1659,-9.2111,16.816,12.657,14.668,9.5268,9.2933,-7.9742,-5.762
-8.2936,9.779,20.981,2.1694,-8.7601,17.192,13.238,15.106,9.3936,9.8075,-7.0239,-5.4272
-7.9329,10.464,20.925,1.4533,-8.4618,17.466,13.834,15.477,9.1122,10.215,-6.0928,-5.0938
-7.8349,10.846,20.922,1.073,-8.3274,17.643,14.312,15.696,8.6463,10.468,-5.2398,-4.825
-7.9834,10.95,20.995,1.0235,-8.3544,17.749,14.583,15.713,7.9702,10.537,-4.5148,-4.6715
-8.3219,10.854,21.163,1.2383,-8.5245,17.823,14.618,15.529,7.0852,10.421,-3.9353,-4.6498
-8.7739,10.679,21.439,1.6043,-8.8132,17.923,14.449,15.178,6.0271,10.147,-3.4788,-4.7344
-9.2691,10.569,21.837,1.9874,-9.2069,18.11,14.151,14.719,4.8622,9.765,-3.0891,-4.8656
-9.7582,10.662,22.369,2.257,-9.713,18.447,13.813,14.214,3.675,9.3346,-2.6923,-4.9691
-10.214,11.076,23.052,2.3019,-10.359,18.993,13.513,13.712,2.5534,8.917,-2.2146,-4.9781
-10.621,11.898,23.914,2.0354,-11.183,19.793,13.297,13.246,1.5732,8.5672,-1.5976,-4.8485
-10.966,13.181,24.997,1.3947,-12.228,20.884,13.178,12.836,0.78486,8.3269,-0.80807,-4.5609
-11.231,14.944,26.386,0.33895,-13.537,22.297,13.138,12.495,0.20718,8.2186,0.15923,-4.1151
-11.385,17.18,28.263,-1.1501,-15.17,24.089,13.148,12.237,-0.1696,8.2464,1.2864,-3.5195
-11.393,19.889,31.002,-3.0633,-17.217,26.422,13.182,12.076,-0.37047,8.4028,2.5432,-2.7796
-11.22,23.126,35.219,-5.3613,-19.766,29.678,13.238,12.029,-0.41768,8.6805,3.9,-1.8881
-10.834,27.07,41.359,-7.9833,-22.802,34.467,13.343,12.118,-0.31488,9.0829,5.3404,-0.82198
-10.208,32.011,49.175,-10.87,-26.148,41.255,13.543,12.365,-0.04099,9.6259,6.8661,0.4503
-9.3287,38.269,58.062,-13.994,-29.598,49.931,13.883,12.788,0.44227,10.328,8.4916,1.952
-8.2007,46.091,67.565,-17.376,-33.057,59.935,14.38,13.391,1.1722,11.199,10.231,3.6843
-6.8425,55.606,77.422,-21.084,-36.503,70.726,15.015,14.155,2.1643,12.23,12.088,5.6243
-5.2747,66.77,87.417,-25.227,-39.89,81.905,15.731,15.04,3.398,13.396,14.053,7.7346
-3.5071,79.249,97.317,-29.927,-43.115,93.156,16.45,15.975,4.811,14.658,16.106,9.9761
-1.5333,92.362,106.88,-35.288,-46.058,104.15,17.076,16.856,6.3032,15.969,18.218,12.313
0.66143,105.28,115.88,-41.335,-48.629,114.56,17.515,17.562,7.7474,17.271,20.346,14.714
3.0794,117.4,124.09,-47.976,-50.784,124.21,17.693,17.99,9.0049,18.496,22.429,17.146
5.6852,128.6,131.42,-55.016,-52.508,133.06,17.57,18.082,9.9461,19.572,24.403,19.576
8.3961,139.1,137.83,-62.23,-53.811,141.27,17.142,17.83,10.472,20.436,26.211,21.975
11.102,149.15,143.39,-69.411,-54.72,148.98,16.426,17.254,10.529,21.045,27.823,24.316
13.697,158.71,148.13,-76.346,-55.288,156.16,15.417,16.365,10.111,21.385,29.238,26.581
16.109,167.4,152.06,-82.824,-55.585,162.56,13.995,15.063,9.25,21.469,30.472,28.758
18.313,174.78,155.17,-88.659,-55.685,167.87,11.79,12.996,8.0019,21.339,31.546,30.843
20.342,180.64,157.54,-93.721,-55.642,171.98,8.2168,9.5702,6.4304,21.048,32.471,32.846
22.276,185.05,159.29,-97.961,-55.471,175.01,2.8234,4.2795,4.6013,20.656,33.256,34.783
24.195,188.31,160.53,-101.41,-55.146,177.21,-4.3477,-2.8955,2.5798,20.215,33.911,36.668
26.121,190.74,161.35,-104.19,-54.644,178.79,-12.773,-11.438,0.42945,19.769,34.454,38.505
27.996,192.6,161.8,-106.43,-53.985,179.91,-21.67,-20.509,-1.7936,19.341,34.917,40.281
29.717,194.09,161.92,-108.28,-53.229,180.69,-30.197,-29.201,-4.0493,18.939,35.336,41.967
31.23,195.34,161.75,-109.87,-52.424,181.22,-37.597,-36.713,-6.32,18.548,35.738,43.526
32.57,196.41,161.35,-111.33,-51.558,181.54,-43.304,-42.456,-8.6117,18.14,36.13,44.915
33.84,197.31,160.75,-112.72,-50.549,181.68,-47.021,-46.142,-10.947,17.676,36.487,46.094
35.149,198.02,159.97,-114.09,-49.271,181.64,-48.829,-47.89,-13.354,17.118,36.746,47.022
36.553,198.58,159.06,-115.43,-47.604,181.44,-49.202,-48.237,-15.85,16.431,36.818,47.657
38.028,199.06,157.99,-116.71,-45.466,181.16,-48.807,-47.887,-18.424,15.595,36.604,47.962
39.475,199.54,156.57,-117.86,-42.842,180.79,-48.173,-47.365,-21.034,14.608,36.019,47.9
40.751,199.79,154.34,-118.69,-39.777,179.99,-47.543,-46.876,-23.601,13.483,35.02,47.443
41.692,199.1,150.68,-118.83,-36.367,178.04,-46.95,-46.413,-26.03,12.245,33.613,46.567
42.147,196.35,145.05,-117.75,-32.742,173.99,-46.352,-45.905,-28.24,10.917,31.839,45.239
42,190.41,137.18,-114.82,-29.048,167.05,-45.71,-45.304,-30.196,9.5024,29.747,43.417
41.177,180.5,127.19,-109.61,-25.418,156.82,-45.005,-44.589,-31.911,7.9747,27.369,41.041
39.619,166.45,115.53,-101.96,-21.948,143.49,-44.233,-43.769,-33.443,6.2715,24.712,38.055
37.262,148.8,102.89,-92.031,-18.715,127.83,-43.396,-42.862,-34.865,4.3005,21.761,34.427
34.022,128.78,90.075,-80.253,-15.806,111.06,-42.501,-41.896,-36.255,1.9522,18.496,30.176
29.86,108.07,77.852,-67.333,-13.307,94.465,-41.568,-40.906,-37.684,-0.88037,14.905,25.38
24.879,88.223,66.648,-54.186,-11.233,79.021,-40.633,-39.93,-39.211,-4.2764,10.998,20.174
19.373,70.197,56.447,-41.665,-9.5006,65.131,-39.738,-39.001,-40.876,-8.2625,6.8209,14.724
13.736,54.139,46.893,-30.281,-7.992,52.591,-38.921,-38.141,-42.685,-12.797,2.4528,9.2071
8.3081,39.63,37.586,-20.153,-6.6212,40.849,-38.201,-37.352,-44.612,-17.771,-2.0082,3.7865
3.2677,26.238,28.558,-11.24,-5.3316,29.534,-37.573,-36.626,-46.601,-23.027,-6.4646,-1.3953
-1.3196,14.249,20.586,-3.6095,-4.0738,19.19,-37.015,-35.947,-48.589,-28.387,-10.838,-6.2299
-5.3578,4.6986,14.346,2.588,-2.806,11.093,-36.502,-35.303,-50.519,-33.682,-15.077,-10.654
-8.6786,-2.211,9.3121,7.4535,-1.5119,5.3339,-36.022,-34.699,-52.351,-38.772,-19.159,-14.655
-11.195,-7.7266,4.4368,11.366,-0.21083,0.50297,-35.583,-34.156,-54.058,-43.553,-23.068,-18.253
-12.982,-12.949,-0.70271,14.669,1.0577,-4.4346,-35.197,-33.707,-55.619,-47.948,-26.779,-21.483
-14.177,-18.153,-5.8009,17.547,2.2665,-9.5521,-34.87,-33.387,-57.021,-51.907,-30.242,-24.368
-14.894,-23.191,-10.33,20.079,3.4254,-14.486,-34.593,-33.214,-58.255,-55.396,-33.385,-26.915
-15.209,-27.815,-13.966,22.283,4.5764,-18.867,-34.351,-33.181,-59.32,-58.398,-36.134,-29.129
-15.174,-31.788,-16.677,24.137,5.7639,-22.468,-34.131,-33.257,-60.22,-60.906,-38.439,-31.018
-14.838,-34.948,-18.615,25.593,7.0075,-25.226,-33.919,-33.394,-60.955,-62.917,-40.283,-32.603
-14.262,-37.238,-19.985,26.608,8.2946,-27.196,-33.7,-33.543,-61.516,-64.43,-41.679,-33.908
-13.526,-38.717,-20.973,27.184,9.5841,-28.509,-33.443,-33.653,-61.885,-65.456,-42.659,-34.96
-12.738,-39.53,-21.721,27.377,10.809,-29.324,-33.104,-33.675,-62.043,-66.02,-43.279,-35.787
-12.023,-39.873,-22.318,27.299,11.882,-29.802,-32.621,-33.55,-61.977,-66.174,-43.613,-36.428
-11.504,-39.952,-22.798,27.091,12.712,-30.074,-31.913,-33.203,-61.691,-65.996,-43.754,-36.939
-11.267,-39.941,-23.15,26.892,13.226,-30.237,-30.881,-32.539,-61.186,-65.567,-43.805,-37.399
-11.337,-39.966,-23.34,26.81,13.396,-30.348,-29.416,-31.453,-60.45,-64.95,-43.851,-37.895
-11.673,-40.093,-23.342,26.906,13.244,-30.43,-27.436,-29.852,-59.435,-64.149,-43.93,-38.493
-12.182,-40.339,-23.159,27.192,12.836,-30.494,-24.913,-27.682,-58.03,-63.066,-43.984,-39.192
-12.752,-40.651,-22.829,27.608,12.263,-30.521,-21.891,-24.947,-56.038,-61.423,-43.808,-39.891
-13.282,-40.863,-22.393,28.003,11.63,-30.441,-18.471,-21.705,-53.123,-58.644,-42.99,-40.351
-13.69,-40.665,-21.841,28.112,11.024,-30.079,-14.793,-18.081,-48.83,-53.71,-40.83,-40.164
-13.872,-39.525,-21.055,27.558,10.489,-29.102,-11.101,-14.345,-43.139,-45.618,-36.342,-38.72
-13.673,-36.688,-19.768,25.885,10.005,-26.969,-7.8869,-11.042,-39.784,-40.108,-29.599,-35.285
-13.139,-31.633,-17.535,23.038,9.5089,-23.019,-5.7091,-8.6677,-52.112,-66.534,-38.314,-30.769
-16.469,-28.97,-13.787,23.382,8.9555,-18.031,-2.7618,-5.014,-58.045,-74.018,-63.337,-44.753
-32.507,-49.483,-9.1292,43.176,8.3726,-23.8,7.7193,6.3187,-43.571,-69.905,-68.352,-63.695
-38.539,-61.2,-9.2232,53.409,7.8693,-36.653,23.732,22.667,-24.839,-61.314,-70.729,-69.968
-40.257,-62.509,-12.763,55.037,7.5757,-38.559,38.19,37.294,-3.1028,-45.707,-67.433,-72.626
-37.858,-58.6,-12.548,51.676,7.492,-36.563,50.706,49.81,22.564,-19.756,-54.057,-68.772
-29.665,-47.765,-9.4863,41.702,7.1606,-30.766,62.397,61.452,54.556,20.875,-25.121,-54.523
-14.075,-27.505,-3.0812,23.257,6.019,-19.132,74.541,73.544,97.473,81.307,25.566,-25.057
10.186,5.4241,6.9861,-5.6332,7.2268,1.5063,89.581,88.646,157.39,167.19,104.19,25.01
43.582,54.659,21.383,-46.812,11.177,34.872,109.92,109.23,238.92,284.61,215.41,100.24
85.333,122.89,45.941,-101.39,15.804,83.761,136.33,135.95,343.01,436.03,359.33,201.1
134.7,209.27,83.167,-168.98,20.729,147.29,168.76,168.68,466.8,615.95,529.2,323.09
189.19,303,126.25,-242.05,25.808,217.23,207.75,207.77,612.54,823.01,721.16,464.49
240.1,388.48,165.52,-308.51,32.542,280.92,251.69,251.87,763.51,1025.6,906.34,599.5
283.94,451.97,191.41,-360.17,43.632,326.08,287.93,288.68,883.11,1198.1,1062.7,711.45
317.41,483.52,196.55,-390.96,61.089,343.88,301.95,302.95,955.39,1320.9,1174.7,790.5
337.59,480.42,178.66,-398.6,84.854,332.15,286.64,287.42,961.06,1375.3,1229.6,829.28
342.03,446.73,141.62,-384.23,109.71,295.59,238.31,238.53,886.41,1347.8,1220.6,825.57
328.64,390.34,94.063,-350.8,127.04,243.06,156.43,155.81,725.6,1230.3,1145.2,781.19
296.31,318.77,45.574,-301.02,132.84,183.46,45.232,43.471,482.67,1020.7,1004.4,699.63
245.95,236.53,2.8919,-236.77,127.04,122.24,-85.749,-88.667,173.23,725.41,802.61,584.79
181.28,145.75,-31.784,-160.33,111.56,60.99,-222.42,-226.31,-175.21,362.67,549.92,441.4
108.55,49.537,-59.81,-76.393,90.013,-0.091681,-349.23,-353.71,-525.87,-35.805,264.42,277
35.269,-45.869,-83.497,7.7369,66.678,-59.355,-453.55,-458.09,-839.42,-428.54,-27.981,103.49
-31.548,-133.17,-104.07,84.677,45.023,-113.63,-528.43,-532.52,-1083.6,-772.64,-298.19,-63.496
-86.828,-207.05,-121.85,149.26,27.239,-160.16,-573.03,-576.25,-1240.8,-1034.7,-520.56,-208.6
-127.78,-264.12,-136.64,198.51,14.746,-196.97,-590.38,-592.45,-1310.9,-1198.3,-679.16,-321.44
-153.78,-302.56,-147.45,231.23,7.7764,-222.44,-585.43,-586.25,-1307.7,-1266.4,-770.49,-398.42
-166.32,-322.92,-152.6,248.4,4.8675,-236.12,-563.78,-563.48,-1251.8,-1256.5,-802.19,-441.43
-168.39,-327.52,-151.03,252.45,3.8502,-238.84,-530.89,-529.81,-1164.3,-1193.5,-788.93,-456.18
-163.31,-318.56,-143.61,246.05,3.2779,-231.43,-491.56,-490.11,-1061.6,-1101.6,-746.68,-449.8
-153.54,-297.41,-130.92,231.08,2.477,-214.19,-448.8,-447.22,-953.7,-997.91,-688.41,-428.98
-140.39,-264.95,-112.92,208.51,2.5463,-187.72,-403.91,-402.78,-844.96,-891.81,-622.46,-398.61
-124.27,-222.46,-90.632,178.81,1.6535,-153.89,-358.16,-358.17,-738.02,-786.36,-552.97,-362.03
-103.97,-173.88,-66.718,142.62,-0.27122,-117.47,-313.7,-315.11,-636.32,-682.14,-481.8,-321.69
-80.511,-129.62,-44.318,108.17,-2.1067,-85.036,-272.44,-274.85,-544.36,-583.62,-410.58,-279.08
-65.063,-97.137,-25.87,84.24,-3.4716,-60.122,-234.21,-236.89,-462.6,-497.67,-345.65,-237.62
-55.625,-75.616,-13.158,68.994,-4.2561,-43.015,-198.55,-200.9,-388.17,-422.71,-292.72,-203.53
-48.57,-62.836,-7.6781,59.27,-4.4257,-33.428,-165.61,-167.42,-320.19,-354.62,-247.76,-176.21
-42.733,-57.705,-10.072,53.697,-4.005,-31.447,-135.42,-136.64,-260.51,-294.26,-207.91,-152.48
-37.86,-59.126,-17.512,51.405,-3.0834,-36.3,-108.73,-109.27,-211.54,-243.83,-173.98,-131.43
-33.821,-63.423,-23.669,50.617,-1.7875,-42.774,-87.212,-86.994,-173.98,-204.19,-146.96,-113.89
-30.462,-64.876,-26.097,49.207,-0.25495,-44.983,-71.745,-70.81,-146.75,-174.73,-126.51,-100.85
-27.729,-63.067,-26.574,46.928,1.3635,-44.031,-61.547,-60.168,-127.76,-153.87,-111.59,-92.582
-25.618,-60.587,-26.62,44.619,2.9094,-42.536,-54.968,-53.594,-114.81,-139.75,-101.14,-87.977
-24.074,-58.666,-26.774,42.779,4.2602,-41.514,-50.802,-49.771,-106.12,-130.56,-93.85,-83.952
-22.994,-57.589,-27.116,41.558,5.3796,-41.159,-49.286,-48.534,-100.2,-124.44,-87.22,-78.488
-22.262,-57.297,-27.598,40.925,6.3149,-41.377,-49.073,-48.331,-94.188,-118.27,-79.963,-72.723
-21.77,-57.576,-28.163,40.741,7.1343,-41.99,-47.689,-46.848,-86.577,-109.37,-73.751,-67.868
-21.429,-58.162,-28.776,40.829,7.8667,-42.797,-45.93,-44.966,-80.434,-100.51,-69.166,-64.128
-21.176,-58.821,-29.399,41.024,8.507,-43.62,-44.496,-43.331,-76.398,-94.064,-65.785,-61.308
-20.982,-59.397,-29.978,41.211,9.0427,-44.338,-43.507,-42.052,-73.647,-89.697,-63.229,-59.177
-20.845,-59.82,-30.451,41.334,9.4575,-44.883,-42.886,-41.072,-71.612,-86.671,-61.269,-57.559
-20.781,-60.064,-30.777,41.386,9.726,-45.227,-42.51,-40.301,-69.996,-84.498,-59.755,-56.331
-20.794,-60.121,-30.935,41.373,9.8255,-45.355,-42.259,-39.65,-68.641,-82.878,-58.582,-55.403
-20.866,-59.983,-30.901,41.297,9.7557,-45.262,-42.04,-39.055,-67.463,-81.618,-57.661,-54.697
-20.948,-59.657,-30.678,41.139,9.5506,-44.969,-41.787,-38.476,-66.419,-80.583,-56.917,-54.135
-20.982,-59.159,-30.312,40.874,9.2757,-44.522,-41.463,-37.899,-65.482,-79.676,-56.286,-53.641
-20.917,-58.516,-29.874,40.477,9.0081,-43.978,-41.059,-37.329,-64.62,-78.827,-55.705,-53.15
-20.726,-57.745,-29.421,39.938,8.8081,-43.379,-40.585,-36.782,-63.786,-77.972,-55.121,-52.616
-20.409,-56.859,-28.987,39.257,8.7009,-42.744,-40.056,-36.266,-62.917,-77.056,-54.491,-52.01
-19.984,-55.862,-28.582,38.441,8.6786,-42.076,-39.474,-35.769,-61.945,-76.027,-53.785,-51.305
-19.475,-54.758,-28.201,37.5,8.7155,-41.372,-38.829,-35.249,-60.821,-74.851,-52.993,-50.476
-18.897,-53.548,-27.838,36.446,8.7848,-40.625,-38.099,-34.652,-59.529,-73.512,-52.123,-49.498
-18.256,-52.227,-27.484,35.286,8.8702,-39.83,-37.263,-33.936,-58.092,-72.012,-51.193,-48.369
-17.545,-50.789,-27.131,34.025,8.9727,-38.976,-36.309,-33.08,-56.564,-70.359,-50.216,-47.118
-16.745,-49.227,-26.768,32.663,9.1099,-38.058,-35.24,-32.096,-55.003,-68.555,-49.184,-45.797
-15.828,-47.544,-26.392,31.199,9.3095,-37.078,-34.079,-31.02,-53.446,-66.594,-48.075,-44.467
-14.773,-45.754,-26.01,29.639,9.5972,-36.05,-32.863,-29.903,-51.898,-64.462,-46.856,-43.18
-13.576,-43.888,-25.642,28.003,9.9837,-34.994,-31.631,-28.798,-50.33,-62.137,-45.51,-41.963
-12.268,-41.988,-25.312,26.33,10.458,-33.94,-30.395,-27.743,-48.691,-59.587,-44.039,-40.817
-10.906,-40.1,-25.036,24.674,10.986,-32.912,-29.128,-26.747,-46.924,-56.772,-42.466,-39.724
-9.564,-38.252,-24.814,23.075,11.526,-31.921,-27.763,-25.788,-44.976,-53.653,-40.826,-38.656
-8.3056,-36.44,-24.63,21.551,12.032,-30.956,-26.231,-24.824,-42.811,-50.214,-39.15,-37.585
-7.1681,-34.635,-24.46,20.098,12.474,-29.992,-24.484,-23.818,-40.412,-46.481,-37.456,-36.488
-6.1542,-32.814,-24.286,18.704,12.837,-29.014,-22.529,-22.745,-37.788,-42.529,-35.747,-35.354
-5.2382,-30.99,-24.105,17.369,13.124,-28.031,-20.433,-21.597,-34.97,-38.472,-34.015,-34.189
-4.3845,-29.221,-23.924,16.111,13.35,-27.084,-18.304,-20.375,-32.006,-34.424,-32.246,-33.02
-3.5719,-27.597,-23.752,14.965,13.526,-26.225,-16.247,-19.073,-28.949,-30.468,-30.424,-31.886
-2.8125,-26.198,-23.585,13.973,13.655,-25.492,-14.324,-17.673,-25.843,-26.643,-28.532,-30.822
-2.1559,-25.073,-23.4,13.173,13.727,-24.89,-12.53,-16.145,-22.717,-22.953,-26.562,-29.835
-1.6729,-24.233,-23.171,12.591,13.722,-24.397,-10.808,-14.464,-19.579,-19.391,-24.519,-28.905
-1.4288,-23.654,-22.875,12.24,13.625,-23.977,-9.0789,-12.624,-16.431,-15.948,-22.425,-27.992
-1.4554,-23.292,-22.506,12.108,13.425,-23.598,-7.2843,-10.649,-13.272,-12.617,-20.312,-27.052
-1.7356,-23.087,-22.076,12.161,13.128,-23.234,-5.4086,-8.5929,-10.107,-9.3928,-18.212,-26.053
-2.2069,-22.966,-21.607,12.342,12.751,-22.864,-3.4855,-6.5273,-6.9429,-6.2733,-16.153,-24.98
-2.784,-22.858,-21.127,12.581,12.322,-22.474,-1.5802,-4.5297,-3.7856,-3.2554,-14.152,-23.837
-3.3899,-22.706,-20.657,12.816,11.866,-22.061,0.24138,-2.6592,-0.63336,-0.33532,-12.214,-22.632
-3.9805,-22.487,-20.203,13.01,11.393,-21.626,1.9423,-0.93733,2.5245,2.4939,-10.334,-21.37
-4.5505,-22.21,-19.756,13.155,10.895,-21.179,3.5276,0.66196,5.7074,5.2417,-8.491,-20.039
-5.1217,-21.912,-19.299,13.273,10.353,-20.734,5.0345,2.2038,8.9396,7.9201,-6.6449,-18.613
-5.7189,-21.635,-18.815,13.392,9.7482,-20.302,6.505,3.7663,12.244,10.543,-4.7432,-17.063
-6.3493,-21.41,-18.299,13.54,9.0843,-19.893,7.961,5.4103,15.636,13.125,-2.7303,-15.37
-6.994,-21.243,-17.758,13.723,8.3894,-19.507,9.3971,7.1586,19.123,15.687,-0.56173,-13.535
-7.6102,-21.109,-17.207,13.925,7.7135,-19.13,10.791,8.9907,22.708,18.252,1.7893,-11.568
-8.1392,-20.948,-16.656,14.104,7.1138,-18.726,12.124,10.851,26.393,20.849,4.3297,-9.487
-8.5183,-20.668,-16.102,14.195,6.6389,-18.237,13.388,12.667,30.178,23.514,7.0481,-7.2973
-8.6958,-20.17,-15.525,14.13,6.3137,-17.595,14.595,14.368,34.065,26.289,9.9178,-4.9867
-8.6467,-19.384,-14.898,13.858,6.1302,-16.747,15.766,15.906,38.051,29.216,12.903,-2.5228
-8.3815,-18.299,-14.193,13.371,6.0486,-15.683,16.923,17.264,42.13,32.335,15.969,0.13405
-7.9413,-16.963,-13.4,12.695,6.0112,-14.435,18.088,18.46,46.285,35.669,19.087,3.0129
-7.3783,-15.457,-12.526,11.875,5.9667,-13.069,19.27,19.54,50.483,39.204,22.242,6.1165
-6.73,-13.847,-11.601,10.944,5.8954,-11.651,20.471,20.565,54.672,42.885,25.431,9.4157
-5.9989,-12.157,-10.667,9.9064,5.8201,-10.22,21.681,21.597,58.778,46.615,28.663,12.854
-5.1497,-10.367,-9.7641,8.7407,5.7965,-8.7771,22.889,22.678,62.712,50.283,31.943,16.361
-4.1261,-8.4426,-8.9206,7.4172,5.8831,-7.3028,24.08,23.821,66.388,53.787,35.268,19.869
-2.8793,-6.365,-8.1397,5.9234,6.1092,-5.7688,25.238,25.009,69.738,57.058,38.616,23.331
-1.3945,-4.1576,-7.4001,4.2781,6.4596,-4.1608,26.348,26.198,72.723,60.063,41.945,26.727
0.29781,-1.8847,-6.6672,2.531,6.8845,-2.4892,27.397,27.331,75.334,62.793,45.2,30.054
2.1323,0.37049,-5.9075,0.74562,7.3269,-0.78749,28.373,28.355,77.586,65.256,48.322,33.31
4.0372,2.5417,-5.0983,-1.0258,7.7469,0.90573,29.267,29.228,79.507,67.465,51.26,36.475
5.9674,4.6055,-4.2283,-2.762,8.133,2.5678,30.079,29.935,81.134,69.436,53.983,39.505
7.9194,6.5842,-3.292,-4.477,8.4977,4.2023,30.814,30.486,82.506,71.184,56.49,42.343
9.9198,8.5218,-2.2864,-6.2055,8.867,5.8285,31.486,30.916,83.664,72.721,58.807,44.943
11.994,10.449,-1.2193,-7.975,9.2677,7.4554,32.115,31.272,84.641,74.052,60.972,47.284
14.138,12.359,-0.12178,-9.7817,9.7165,9.0604,32.716,31.595,85.457,75.18,63.011,49.368
16.303,14.203,0.95148,-11.581,10.211,10.59,33.295,31.91,86.116,76.109,64.924,51.218
18.405,15.916,1.9434,-13.301,10.723,11.981,33.843,32.224,86.613,76.845,66.683,52.864
20.348,17.442,2.8253,-14.866,11.208,13.193,34.345,32.531,86.939,77.4,68.252,54.332
22.05,18.76,3.6141,-16.226,11.61,14.222,34.783,32.821,87.097,77.787,69.605,55.646
23.475,19.888,4.3659,-17.373,11.887,15.1,35.137,33.087,87.103,78.017,70.741,56.823
24.632,20.872,5.1494,-18.337,12.015,15.883,35.399,33.32,86.985,78.105,71.686,57.876
25.561,21.769,6.0145,-19.168,11.999,16.623,35.563,33.512,86.778,78.066,72.486,58.818
26.31,22.624,6.9773,-19.914,11.867,17.36,35.64,33.657,86.517,77.922,73.189,59.655
26.907,23.461,8.0296,-20.609,11.649,18.112,35.649,33.76,86.234,77.7,73.838,60.396
27.351,24.285,9.1623,-21.263,11.367,18.884,35.622,33.841,85.957,77.429,74.465,61.05
27.618,25.092,10.378,-21.869,11.021,19.673,35.594,33.929,85.712,77.141,75.086,61.63
27.688,25.878,11.683,-22.416,10.593,20.475,35.595,34.062,85.527,76.868,75.704,62.154
27.566,26.643,13.059,-22.898,10.066,21.283,35.641,34.27,85.431,76.647,76.306,62.643
27.297,27.392,14.458,-23.325,9.4351,22.08,35.745,34.571,85.447,76.508,76.877,63.117
26.956,28.131,15.811,-23.721,8.7248,22.85,35.908,34.972,85.592,76.474,77.401,63.584
26.622,28.861,17.058,-24.107,7.9784,23.57,36.133,35.463,85.862,76.552,77.868,64.042
26.354,29.576,18.17,-24.5,7.2401,24.227,36.417,36.024,86.238,76.73,78.262,64.479
26.176,30.263,19.143,-24.901,6.5364,24.815,36.75,36.625,86.685,76.985,78.558,64.879
26.086,30.912,19.992,-25.31,5.8755,25.335,37.119,37.235,87.165,77.292,78.721,65.227
26.072,31.519,20.736,-25.728,5.259,25.796,37.514,37.836,87.648,77.632,78.727,65.52
26.127,32.097,21.403,-26.167,4.6909,26.217,37.934,38.428,88.121,77.997,78.578,65.762
26.254,32.674,22.024,-26.647,4.1766,26.627,38.39,39.024,88.583,78.385,78.309,65.961
26.451,33.281,22.638,-27.182,3.714,27.06,38.894,39.643,89.04,78.791,77.977,66.12
26.71,33.937,23.274,-27.764,3.286,27.539,39.456,40.292,89.487,79.201,77.637,66.23
27.004,34.632,23.938,-28.351,2.8606,28.066,40.068,40.953,89.901,79.587,77.314,66.271
27.294,35.318,24.61,-28.872,2.4042,28.616,40.703,41.592,90.242,79.912,76.988,66.216
27.528,35.924,25.25,-29.255,1.9031,29.138,41.319,42.16,90.461,80.138,76.598,66.035
27.655,36.38,25.818,-29.453,1.3749,29.578,41.872,42.619,90.512,80.227,76.06,65.705
27.622,36.65,26.28,-29.464,0.85327,29.895,42.322,42.945,90.355,80.144,75.285,65.203
27.39,36.74,26.626,-29.32,0.35923,30.079,42.646,43.134,89.962,79.857,74.204,64.512
26.944,36.68,26.866,-29.061,-0.11746,30.147,42.838,43.198,89.316,79.339,72.784,63.618
26.291,36.503,27.026,-28.716,-0.61265,30.129,42.909,43.154,88.418,78.567,71.033,62.515
25.455,36.234,27.134,-28.3,-1.1713,30.052,42.879,43.022,87.276,77.527,68.993,61.201
24.447,35.888,27.213,-27.811,-1.8344,29.934,42.77,42.815,85.903,76.22,66.724,59.682
23.256,35.475,27.285,-27.23,-2.6303,29.789,42.592,42.536,84.309,74.655,64.274,57.962
21.844,34.996,27.367,-26.531,-3.5612,29.625,42.34,42.182,82.489,72.847,61.667,56.034
20.176,34.453,27.472,-25.695,-4.59,29.45,41.994,41.741,80.434,70.806,58.896,53.878
18.251,33.847,27.597,-24.719,-5.6393,29.264,41.533,41.206,78.135,68.534,55.941,51.465
16.123,33.183,27.73,-23.623,-6.6092,29.067,40.95,40.575,75.591,66.016,52.785,48.77
13.894,32.462,27.843,-22.435,-7.4118,28.847,40.247,39.854,72.811,63.231,49.428,45.781
11.687,31.682,27.904,-21.186,-8.0107,28.59,39.437,39.048,69.816,60.165,45.882,42.508
9.5912,30.833,27.882,-19.899,-8.4381,28.273,38.531,38.16,66.638,56.829,42.171,38.987
7.6419,29.894,27.751,-18.581,-8.7741,27.871,37.535,37.191,63.317,53.279,38.329,35.287
5.8341,28.843,27.5,-17.223,-9.1085,27.362,36.455,36.15,59.909,49.617,34.403,31.513
4.1494,27.667,27.139,-15.817,-9.5053,26.738,35.306,35.058,56.48,45.977,30.457,27.805
2.5765,26.375,26.689,-14.371,-9.9796,26.006,34.114,33.95,53.107,42.5,26.568,24.319
1.1196,25.003,26.177,-12.917,-10.49,25.193,32.925,32.875,49.871,39.291,22.819,21.19
-0.20424,23.612,25.63,-11.504,-10.953,24.345,31.796,31.884,46.837,36.403,19.28,18.5
-1.3754,22.266,25.072,-10.174,-11.272,23.511,30.783,31.024,44.056,33.84,16.009,16.268
-2.3876,21.004,24.525,-8.9391,-11.377,22.727,29.925,30.318,41.56,31.583,13.046,14.455
-3.2555,19.823,23.998,-7.7745,-11.25,22.002,29.237,29.765,39.369,29.604,10.41,12.988
-4.0097,18.679,23.48,-6.6367,-10.923,21.312,28.703,29.337,37.485,27.879,8.0973,11.772
-4.6822,17.526,22.946,-5.4944,-10.469,20.618,28.282,28.988,35.891,26.383,6.076,10.705
-5.2929,16.338,22.374,-4.3507,-9.9726,19.892,27.918,28.667,34.546,25.082,4.2913,9.6973
-5.8447,15.13,21.756,-3.2445,-9.5146,19.127,27.551,28.333,33.4,23.936,2.6827,8.6897
-6.3289,13.945,21.103,-2.2336,-9.1548,18.339,27.144,27.964,32.407,22.902,1.2048,7.6673
-6.7342,12.838,20.439,-1.3728,-8.9183,17.554,26.685,27.561,31.537,21.949,-0.16124,6.6575
-7.0525,11.854,19.79,-0.69264,-8.7891,16.799,26.195,27.143,30.781,21.064,-1.4089,5.7115
-7.2809,11.009,19.168,-0.18751,-8.7165,16.091,25.713,26.745,30.142,20.262,-2.5178,4.8817
-7.4241,10.291,18.573,0.18228,-8.6332,15.435,25.28,26.396,29.625,19.577,-3.4684,4.203
-7.4941,9.6691,18.001,0.47305,-8.4822,14.827,24.924,26.114,29.233,19.054,-4.2554,3.6842
-7.5046,9.1163,17.465,0.73245,-8.2396,14.274,24.65,25.904,28.954,18.727,-4.8915,3.3092
-7.4648,8.6315,17.005,0.97906,-7.9233,13.798,24.444,25.75,28.768,18.608,-5.4024,3.0459
-7.3771,8.2441,16.671,1.1972,-7.5799,13.434,24.284,25.631,28.645,18.675,-5.8134,2.857
-7.2397,8.0011,16.5,1.3483,-7.2597,13.219,24.147,25.517,28.561,18.876,-6.1364,2.7067
-7.0536,7.941,16.495,1.3923,-6.9988,13.166,24.021,25.383,28.493,19.14,-6.3623,2.5619
-6.8267,8.0719,16.624,1.3055,-6.8127,13.26,23.9,25.204,28.428,19.394,-6.4628,2.3899
-6.5712,8.3677,16.829,1.0875,-6.6985,13.461,23.779,24.964,28.351,19.579,-6.4049,2.1595
-6.2929,8.7807,17.049,0.75338,-6.6326,13.721,23.65,24.65,28.244,19.663,-6.1715,1.8462
-5.9806,9.2617,17.229,0.32264,-6.5709,13.995,23.504,24.262,28.082,19.642,-5.7782,1.4396
-5.6063,9.7741,17.33,-0.1884,-6.4578,14.252,23.33,23.811,27.837,19.53,-5.2759,0.94893
-5.1385,10.296,17.334,-0.76521,-6.2458,14.476,23.114,23.318,27.479,19.35,-4.7377,0.40605
-4.5599,10.818,17.251,-1.3898,-5.9158,14.665,22.845,22.81,26.988,19.124,-4.2332,-0.1378
-3.8798,11.329,17.115,-2.0363,-5.487,14.825,22.519,22.311,26.357,18.868,-3.8028,-0.61991
-3.1358,11.817,16.968,-2.6697,-5.0112,14.965,22.146,21.837,25.59,18.594,-3.4459,-0.97873
-2.3875,12.256,16.85,-3.2479,-4.5518,15.086,21.745,21.394,24.704,18.309,-3.1275,-1.1679
-1.7018,12.615,16.775,-3.7276,-4.1568,15.181,21.342,20.982,23.723,18.012,-2.7964,-1.1682
-1.1367,12.859,16.734,-4.0721,-3.8421,15.236,20.955,20.591,22.672,17.692,-2.4075,-0.99341
-0.72618,12.963,16.699,-4.2605,-3.5927,15.234,20.585,20.204,21.569,17.329,-1.9393,-0.68934
-0.47221,12.924,16.642,-4.294,-3.3782,15.166,20.215,19.804,20.425,16.896,-1.4032,-0.32399
-0.34948,12.759,16.544,-4.1975,-3.1717,15.039,19.818,19.37,19.24,16.366,-0.83883,0.030359
-0.32085,12.515,16.412,-4.0137,-2.9662,14.875,19.372,18.889,18.009,15.729,-0.29631,0.32014
-0.35532,12.252,16.278,-3.7953,-2.7802,14.716,18.865,18.359,16.734,14.995,0.18551,0.52912
-0.4364,12.044,16.194,-3.5979,-2.6506,14.616,18.299,17.782,15.428,14.203,0.5904,0.68183
-0.55664,11.967,16.22,-3.4784,-2.617,14.632,17.687,17.169,14.116,13.401,0.92173,0.82971
-0.70453,12.091,16.404,-3.494,-2.7071,14.817,17.045,16.533,12.831,12.641,1.1914,1.0296
-0.85418,12.469,16.772,-3.6957,-2.9336,15.209,16.386,15.88,11.603,11.957,1.4112,1.3274
-0.96552,13.126,17.335,-4.1194,-3.2999,15.825,15.718,15.219,10.457,11.372,1.5933,1.7542
-0.99702,14.062,18.09,-4.7787,-3.8131,16.661,15.046,14.559,9.412,10.899,1.756,2.3296
-0.92476,15.263,19.043,-5.6678,-4.4927,17.708,14.382,13.918,8.4849,10.552,1.9295,3.0661
-0.75368,16.723,20.205,-6.7716,-5.3644,18.967,13.743,13.325,7.6939,10.35,2.1556,3.9683
-0.50783,18.463,21.591,-8.0792,-6.4342,20.458,13.166,12.813,7.0627,10.315,2.4776,5.0278
-0.2011,20.527,23.235,-9.5921,-7.66,22.235,12.695,12.409,6.6181,10.46,2.9286,6.2191
0.18784,22.993,25.264,-11.325,-8.9641,24.404,12.381,12.129,6.3862,10.789,3.5216,7.4994
0.71364,25.965,28.003,-13.304,-10.311,27.16,12.26,11.975,6.3888,11.289,4.2474,8.8123
1.4402,29.581,31.913,-15.557,-11.762,30.774,12.344,11.945,6.6394,11.932,5.0784,10.097
2.4135,34.013,37.242,-18.113,-13.42,35.514,12.614,12.036,7.1382,12.684,5.9789,11.302
3.6437,39.45,43.829,-21,-15.336,41.527,13.024,12.242,7.8669,13.518,6.9192,12.404
5.1008,46.078,51.379,-24.237,-17.532,48.822,13.515,12.548,8.7848,14.421,7.8924,13.424
6.7228,54.035,59.688,-27.825,-20.037,57.326,14.025,12.924,9.8312,15.402,8.9254,14.428
8.4329,63.352,68.613,-31.747,-22.893,66.906,14.489,13.322,10.931,16.473,10.074,15.511
10.162,73.879,77.971,-35.969,-26.125,77.312,14.842,13.68,12.002,17.64,11.401,16.771
11.867,85.253,87.508,-40.464,-29.681,88.127,15.013,13.912,12.954,18.874,12.943,18.268
13.54,96.968,96.933,-45.22,-33.375,98.85,14.931,13.921,13.694,20.109,14.685,20.01
15.198,108.56,105.95,-50.245,-36.911,109.07,14.532,13.608,14.135,21.248,16.553,21.944
16.853,119.74,114.31,-55.533,-40,118.59,13.755,12.897,14.208,22.194,18.428,23.974
18.498,130.36,121.92,-61.017,-42.476,127.42,12.541,11.738,13.883,22.875,20.178,25.978
20.107,140.22,128.78,-66.555,-44.271,135.6,10.805,10.106,13.175,23.269,21.695,27.846
21.655,149.05,134.93,-71.959,-45.352,143.1,8.4004,7.9651,12.134,23.405,22.921,29.507
23.134,156.66,140.23,-77.076,-45.739,149.74,5.0958,5.196,10.826,23.34,23.862,30.944
24.561,162.97,144.45,-81.814,-45.611,155.32,0.63894,1.5391,9.3165,23.14,24.57,32.195
25.964,168.09,147.44,-86.129,-45.268,159.73,-5.0868,-3.3269,7.6582,22.849,25.129,33.337
27.36,172.2,149.31,-89.992,-44.878,163.02,-11.95,-9.5651,5.885,22.49,25.622,34.457
28.756,175.49,150.29,-93.398,-44.368,165.35,-19.587,-17.006,4.0166,22.063,26.113,35.628
30.157,178.15,150.61,-96.364,-43.543,166.92,-27.488,-25.134,2.0624,21.563,26.644,36.899
31.568,180.33,150.35,-98.92,-42.229,167.93,-35.063,-33.201,0.025714,20.992,27.229,38.278
32.974,182.13,149.59,-101.08,-40.34,168.53,-41.715,-40.397,-2.096,20.362,27.86,39.728
34.335,183.64,148.3,-102.84,-37.927,168.83,-46.919,-46.033,-4.3118,19.689,28.5,41.172
35.587,184.87,146.36,-104.15,-35.174,168.78,-50.349,-49.707,-6.6359,18.974,29.079,42.498
36.661,185.71,143.59,-104.9,-32.32,168.19,-52.02,-51.438,-9.0792,18.2,29.492,43.58
37.498,185.91,139.82,-104.95,-29.558,166.67,-52.329,-51.683,-11.637,17.337,29.61,44.294
38.051,184.88,134.98,-104.08,-26.959,163.66,-51.881,-51.144,-14.277,16.349,29.307,44.537
38.29,181.68,128.91,-101.99,-24.488,158.54,-51.188,-50.416,-16.936,15.216,28.498,44.229
38.195,175.21,121.41,-98.385,-22.069,150.82,-50.506,-49.768,-19.524,13.934,27.158,43.315
37.751,164.78,112.37,-93.137,-19.646,140.31,-49.874,-49.205,-21.947,12.508,25.336,41.765
36.925,150.5,101.89,-86.416,-17.228,127.25,-49.235,-48.627,-24.141,10.936,23.124,39.562
35.645,133.35,90.375,-78.527,-14.864,112.37,-48.526,-47.955,-26.105,9.1914,20.633,36.711
33.806,114.75,78.436,-69.704,-12.565,96.776,-47.714,-47.166,-27.905,7.2209,17.95,33.239
31.318,96.089,66.857,-60.137,-10.28,81.572,-46.799,-46.289,-29.648,4.9483,15.124,29.207
28.157,78.386,56.275,-50.126,-7.9752,67.532,-45.797,-45.364,-31.433,2.2948,12.157,24.713
24.368,62.197,46.904,-40.098,-5.6807,54.949,-44.727,-44.425,-33.312,-0.79836,9.0153,19.882
20.055,47.657,38.544,-30.483,-3.4771,43.694,-43.605,-43.49,-35.279,-4.3511,5.6585,14.836
15.371,34.589,30.805,-21.568,-1.4361,33.409,-42.444,-42.568,-37.289,-8.3385,2.0609,9.6777
10.518,22.677,23.32,-13.455,0.42528,23.742,-41.257,-41.673,-39.295,-12.702,-1.771,4.4835
5.7387,11.638,15.857,-6.1123,2.1442,14.512,-40.062,-40.83,-41.275,-17.373,-5.8031,-0.69302
1.2645,1.293,8.3276,0.55065,3.7729,5.7165,-38.882,-40.072,-43.245,-22.296,-9.9903,-5.8136
-2.7486,-8.4623,0.7346,6.6434,5.3346,-2.6291,-37.754,-39.434,-45.247,-27.435,-14.294,-10.851
-6.2431,-17.711,-6.7033,12.283,6.8106,-10.585,-36.724,-38.94,-47.314,-32.747,-18.682,-15.783
-9.2364,-26.48,-13.392,17.575,8.1585,-18.13,-35.84,-38.589,-49.444,-38.146,-23.12,-20.58
-11.781,-34.669,-18.771,22.577,9.3349,-25.019,-35.132,-38.349,-51.581,-43.478,-27.537,-25.194
-13.936,-42.064,-22.816,27.26,10.308,-30.979,-34.593,-38.165,-53.63,-48.534,-31.819,-29.544
-15.75,-48.466,-25.866,31.528,11.062,-35.952,-34.179,-37.975,-55.492,-53.113,-35.809,-33.523
-17.27,-53.809,-28.262,35.275,11.607,-40.05,-33.827,-37.729,-57.1,-57.075,-39.353,-37.028
-18.539,-58.173,-30.233,38.454,11.983,-43.433,-33.486,-37.402,-58.428,-60.375,-42.342,-39.998
-19.598,-61.71,-31.918,41.087,12.254,-46.235,-33.131,-36.988,-59.492,-63.045,-44.736,-42.423
-20.48,-64.59,-33.402,43.243,12.497,-48.566,-32.766,-36.504,-60.325,-65.161,-46.56,-44.35
-21.209,-66.962,-34.734,45.009,12.774,-50.514,-32.405,-35.966,-60.955,-66.8,-47.879,-45.854
-21.805,-68.944,-35.94,46.467,13.12,-52.149,-32.053,-35.38,-61.391,-68.02,-48.771,-47.017
-22.291,-70.619,-37.028,47.684,13.538,-53.524,-31.691,-34.727,-61.624,-68.862,-49.316,-47.908
-22.698,-72.05,-38.004,48.714,13.999,-54.684,-31.281,-33.967,-61.643,-69.363,-49.6,-48.586
-23.059,-73.288,-38.864,49.609,14.458,-55.666,-30.774,-33.048,-61.451,-69.576,-49.717,-49.105
-23.416,-74.391,-39.606,50.424,14.858,-56.51,-30.117,-31.92,-61.075,-69.57,-49.766,-49.533
-23.805,-75.422,-40.232,51.209,15.146,-57.255,-29.247,-30.538,-60.543,-69.423,-49.84,-49.939
-24.247,-76.432,-40.754,52.002,15.286,-57.942,-28.088,-28.842,-59.865,-69.18,-49.989,-50.383
-24.742,-77.453,-41.197,52.813,15.27,-58.598,-26.543,-26.746,-58.991,-68.815,-50.193,-50.885
-25.264,-78.472,-41.583,53.621,15.121,-59.227,-24.507,-24.137,-57.793,-68.199,-50.34,-51.403
-25.771,-79.426,-41.922,54.372,14.884,-59.801,-21.883,-20.896,-56.036,-67.069,-50.215,-51.82
-26.212,-80.199,-42.198,54.989,14.613,-60.263,-18.647,-16.971,-53.37,-64.992,-49.503,-51.957
-26.543,-80.651,-42.371,55.383,14.349,-60.533,-14.942,-12.514,-49.368,-61.321,-47.791,-51.588
-26.734,-80.65,-42.381,55.479,14.111,-60.531,-11.154,-7.9608,-43.776,-55.223,-44.557,-50.46
-26.774,-80.11,-42.168,55.229,13.9,-60.188,-7.7823,-3.8742,-37.34,-46.432,-39.262,-48.294
-26.663,-79.026,-41.683,54.626,13.721,-59.444,-5.0025,-0.53462,-33.412,-38.986,-32.056,-44.802
-26.401,-77.469,-40.889,53.684,13.6,-58.258,-2.2467,2.3826,-38.089,-48.244,-27.469,-39.866
-26.01,-75.561,-39.767,52.424,13.593,-56.6,1.6947,5.8123,-49.683,-69.57,-42.643,-34.696
-25.617,-73.447,-38.331,50.891,13.762,-54.464,8.0038,11.022,-51.76,-72.969,-62.625,-36.76
-60.031,-139.88,-66.107,103.69,10.003,-101.19,20.003,20.111,-29.006,-67.433,-72.656,-88.64
-58.152,-140.17,-68.148,103.09,11.918,-102.3,36.584,36.068,-3.2939,-47.118,-63.018,-85.232
-51.803,-135.19,-69.381,97.514,15.76,-100.38,54.455,53.85,29.999,-15.002,-42.298,-74.883
-40.721,-123.61,-68.756,86.17,21.105,-94.276,72.77,72.368,70.538,30.453,-8.5102,-56.033
-25.611,-105.14,-65.258,69.269,27.042,-83.365,90.689,90.574,117.47,89.397,38.976,-27.845
-7.8704,-80.363,-58.092,47.831,32.407,-67.596,107.55,107.67,169.75,160.84,99.746,9.8569
10.939,-50.449,-46.853,23.251,36.155,-47.373,123.01,123.26,226.49,243.17,172.74,56.683
29.628,-16.75,-31.708,-3.1583,37.732,-23.463,137.09,137.37,287.05,334.5,256.29,111.59
47.713,19.409,-13.497,-30.469,37.314,3.0796,150.23,150.48,350.84,432.65,347.95,172.74
65.41,56.828,6.3627,-58.19,35.779,31.002,163.19,163.39,417.04,534.98,444.33,237.45
