I,II,III,aVR,aVL,aVF,V1,V2,V3,V4,V5,V6
-9.4097,-32.573,-23.343,21.868,7.4545,-29.235,20.101,-28.764,-10.408,-25.356,-27.748,-156.67
-9.7119,-38.216,-28.724,24.344,9.4707,-34.348,16.873,-21.213,-7.311,-18.977,-24.012,-143.12
-9.2932,-42.218,-33.184,25.705,11.427,-38.26,12.515,-15.089,-5.8621,-14.208,-20.94,-129.33
-7.5371,-43.312,-36.075,25.022,13.355,-40.051,6.6016,-11.404,-7.0146,-12.09,-19.094,-116.12
-3.9737,-40.801,-37.166,21.679,15.404,-39.26,-0.44267,-10.547,-10.752,-12.828,-18.848,-105.4
1.1077,-34.783,-36.269,15.841,17.346,-35.819,-7.4581,-12.07,-15.996,-15.701,-20.202,-99.242
6.3591,-26.361,-33.136,8.7454,18.387,-30.11,-12.929,-14.796,-21.037,-19.362,-22.746,-98.676
9.8201,-17.581,-27.854,2.4358,17.583,-23.143,-15.494,-17.215,-24.282,-22.349,-25.762,-102.86
9.8159,-10.897,-21.203,-0.98298,14.472,-16.493,-14.44,-17.974,-24.883,-23.551,-28.416,-109.05
5.7471,-8.2829,-14.556,-0.20775,9.3934,-11.834,-10.036,-16.321,-23.026,-22.502,-30.029,-113.54
-1.55,-10.428,-9.4394,4.6745,3.4408,-10.321,-3.5866,-12.407,-19.825,-19.485,-30.365,-113.07
-3.7268,-12.76,-8.212,6.9891,0.28959,-12.69,-1.1462,-5.3579,-9.9449,-6.1133,-14.975,-73.986
-6.0348,-14.62,-7.8,8.7622,-1.5711,-13.542,-0.9809,-4.5561,-9.8418,-5.3863,-14.682,-68.924
-7.7714,-16.115,-7.6131,10.098,-3.134,-14.349,-1.1154,-3.989,-9.8526,-4.7898,-14.408,-63.369
-8.6525,-16.552,-7.2799,10.506,-4.2815,-14.569,-1.564,-3.6684,-9.9277,-4.307,-14.152,-57.99
-8.5807,-15.55,-6.5703,9.8067,-4.8986,-13.818,-2.1774,-3.552,-9.9621,-3.8959,-13.904,-53.514
-7.638,-13.196,-5.5477,8.192,-4.8707,-12.044,-2.7137,-3.5501,-9.8436,-3.5086,-13.645,-50.468
-6.0579,-10.167,-4.5989,6.1824,-4.091,-9.7162,-2.9498,-3.5524,-9.5099,-3.1117,-13.356,-48.943
-4.1536,-7.5385,-4.2868,4.4334,-2.483,-7.7013,-2.78,-3.4633,-8.977,-2.6971,-13.024,-48.509
-2.2095,-6.2453,-5.1053,3.465,-0.089087,-6.7956,-2.2582,-3.2352,-8.3274,-2.2807,-12.655,-48.386
-0.42342,-6.6642,-7.2185,3.4793,2.8525,-7.3456,-1.5679,-2.8847,-7.6736,-1.8947,-12.276,-47.783
1.0833,-8.517,-10.297,4.2949,5.9254,-9.149,-0.93812,-2.484,-7.1183,-1.5764,-11.922,-46.226
2.2256,-10.972,-13.582,5.4128,8.5725,-11.517,-0.54299,-2.1282,-6.7209,-1.354,-11.622,-43.701
2.8994,-12.981,-16.128,6.2615,10.212,-13.516,-0.42595,-1.8948,-6.4793,-1.2342,-11.381,-40.554
2.9787,-13.734,-17.138,6.4724,10.448,-14.349,-0.47694,-1.812,-6.336,-1.1998,-11.181,-37.314
2.3957,-12.923,-16.201,5.9824,9.1746,-13.648,-0.47483,-1.8462,-6.2068,-1.2188,-10.987,-34.539
1.2156,-10.791,-13.399,4.9979,6.598,-11.561,-0.18424,-1.9118,-6.019,-1.2586,-10.769,-32.661
-0.34756,-8.0834,-9.3825,3.9077,3.2686,-8.7186,0.53586,-1.9021,-5.7403,-1.2974,-10.508,-31.819
-1.9719,-5.769,-5.2306,3.1278,-0.034858,-6.0264,1.6672,-1.7321,-5.383,-1.3248,-10.201,-31.773
-3.3037,-4.6019,-2.0582,2.9186,-2.574,-4.3003,3.0374,-1.3735,-4.991,-1.3358,-9.8548,-31.972
-4.0422,-4.8371,-0.58946,3.2748,-3.8516,-3.9381,4.3879,-0.86521,-4.6185,-1.3259,-9.4845,-31.764
-4.0201,-6.1636,-0.93084,3.9282,-3.6679,-4.7814,5.475,-0.29503,-4.311,-1.2921,-9.1073,-30.651
-3.2604,-7.8196,-2.6323,4.4737,-2.1919,-6.2216,6.1626,0.23824,-4.0914,-1.2348,-8.7404,-28.474
-1.9918,-8.9652,-4.9089,4.5772,0.015792,-7.5412,6.4609,0.66186,-3.954,-1.1572,-8.3959,-25.423
-0.62194,-9.079,-6.881,4.1483,2.2125,-8.2086,6.4999,0.95208,-3.8648,-1.0617,-8.0778,-21.931
0.35287,-8.0842,-7.8645,3.3884,3.7476,-7.9328,6.4633,1.1389,-3.7695,-0.94713,-7.78,-18.53
0.50456,-6.307,-7.576,2.689,4.2131,-6.6757,6.5098,1.2932,-3.6078,-0.80995,-7.4881,-15.696
-0.35873,-4.3552,-6.1284,2.4193,3.5095,-4.7273,6.7087,1.4963,-3.3366,-0.64995,-7.1859,-13.683
-2.0895,-2.8602,-3.9457,2.7377,1.8647,-2.6679,7.0084,1.803,-2.9526,-0.47756,-6.8652,-12.436
-4.2259,-2.2078,-1.6629,3.5373,-0.2374,-1.1139,7.2541,2.2176,-2.498,-0.31384,-6.5299,-11.625
-6.159,-2.433,0.11022,4.5068,-2.225,-0.43552,7.2542,2.6964,-2.0418,-0.18062,-6.1921,-10.763
-7.3754,-3.2384,1.0731,5.2499,-3.6624,-0.62263,6.8705,3.1728,-1.6469,-0.089245,-5.8624,-9.3811
-7.6413,-4.0839,1.3828,5.4295,-4.4266,-1.2726,6.0939,3.586,-1.3432,-0.037922,-5.5443,-7.1919
-7.0372,-4.3821,1.552,4.884,-4.6825,-1.7348,5.063,3.9012,-1.121,-0.017398,-5.2342,-4.2212
-5.8718,-3.7392,2.1359,3.6675,-4.7231,-1.4271,4.0062,4.12,-0.94031,-0.017232,-4.9247,-0.82536
-4.5482,-2.0964,3.4408,2.0216,-4.8314,-0.10334,3.1359,4.2789,-0.74883,-0.02803,-4.6076,2.4215
-3.4282,0.24887,5.4063,0.30387,-5.1658,2.0781,2.5596,4.4377,-0.5008,-0.041748,-4.2777,4.9488
-2.7255,2.715,7.6109,-1.1144,-5.6787,4.5944,2.2549,4.66,-0.1728,-0.052986,-3.9368,6.4304
-2.4641,4.6317,9.3878,-1.9595,-6.1358,6.7041,2.0993,4.9899,0.22647,-0.061105,-3.5961,6.9295
-2.5112,5.5061,10.097,-2.1285,-6.2427,7.747,1.924,5.4367,0.65434,-0.071339,-3.2743,6.8664
-2.666,5.1951,9.4262,-1.7004,-5.8085,7.4293,1.5734,5.9723,1.0447,-0.093188,-2.9913,6.8248
-2.7626,3.9327,7.5441,-0.89908,-4.858,5.9296,0.9607,6.5425,1.3327,-0.13524,-2.7609,7.3016
-2.7121,2.2664,5.0752,-0.031138,-3.6253,3.8566,0.10484,7.0856,1.4848,-0.19788,-2.585,8.5096
-2.4817,0.90332,2.849,0.59007,-2.4236,2.0445,-0.87043,7.5528,1.5195,-0.26821,-2.4516,10.304
-2.0652,0.47156,1.5382,0.71811,-1.4943,1.2154,-1.7778,7.9243,1.5052,-0.32164,-2.334,12.259
-1.4617,1.2834,1.4219,0.24073,-0.92893,1.7124,-2.4323,8.2169,1.5348,-0.33122,-2.1951,13.85
-0.66965,3.1832,2.3288,-0.7699,-0.66299,3.3813,-2.7169,8.4764,1.6893,-0.28165,-1.9975,14.674
0.29756,5.5431,3.7125,-2.0583,-0.51402,5.5698,-2.6203,8.758,2.0078,-0.17979,-1.716,14.615
1.3771,7.4895,4.8661,-3.2576,-0.24899,7.3687,-2.2334,9.104,2.4787,-0.053702,-1.346,13.884
2.4257,8.28,5.1954,-4.0088,0.31155,8.0357,-1.706,9.5289,3.0495,0.05926,-0.90546,12.936
3.2228,7.5857,4.4569,-4.0847,1.146,7.2753,-1.1871,10.014,3.6453,0.12551,-0.43242,12.286
3.5247,5.6175,2.9314,-3.4768,1.9518,5.3421,-0.77701,10.515,4.1865,0.12346,0.017482,12.306
3.1488,3.1178,1.3784,-2.4123,2.2613,3.0175,-0.50631,10.968,4.6095,0.050365,0.38047,13.08
2.0418,1.0712,0.67901,-1.2643,1.6652,1.2916,-0.33658,11.322,4.891,-0.071275,0.60448,14.389
0.30166,0.22971,1.3893,-0.38542,0.0039241,0.86214,-0.18015,11.552,5.0626,-0.19556,0.67323,15.827
-1.8412,0.84726,3.5393,0.036706,-2.5525,1.9088,0.064688,11.672,5.2014,-0.26778,0.61899,16.966
-4.0643,2.6471,6.6554,0.033463,-5.5424,4.1097,0.47097,11.73,5.397,-0.2454,0.51283,17.514
-6.0077,4.8843,9.8651,-0.18744,-8.334,6.6863,1.0483,11.781,5.7109,-0.11607,0.43509,17.412
-7.3455,6.6227,12.172,-0.35883,-10.289,8.6508,1.7345,11.868,6.1454,0.094136,0.44154,16.836
-7.8637,7.1678,12.849,-0.28897,-10.944,9.2657,2.4206,11.997,6.6403,0.32878,0.54502,16.131
-7.5175,6.3314,11.673,0.05221,-10.152,8.3252,2.9961,12.136,7.0969,0.52604,0.72165,15.702
-6.4408,4.4701,9.0014,0.52268,-8.1435,6.1868,3.3926,12.236,7.4208,0.64801,0.9342,15.896
-4.904,2.371,5.7097,0.87186,-5.5076,3.6735,3.6055,12.251,7.5582,0.69822,1.1566,16.887
-3.2451,0.93305,2.9158,0.85652,-3.0277,1.7624,3.6916,12.155,7.5135,0.72046,1.3861,18.605
-1.8037,0.76756,1.5345,0.35479,-1.405,1.1556,3.7482,11.948,7.3452,0.78162,1.638,20.732
-0.86127,1.9905,1.9188,-0.57478,-1.0003,2.0427,3.8774,11.651,7.1431,0.94697,1.9285,22.795
-0.56773,4.2141,3.7764,-1.7054,-1.703,4.0861,4.1409,11.292,6.9957,1.2571,2.2578,24.315
-0.8772,6.6658,6.3174,-2.7205,-3.0527,6.5251,4.5283,10.898,6.9586,1.7139,2.6075,24.984
-1.5457,8.4848,8.5693,-3.3358,-4.47,8.4574,4.9619,10.489,7.0383,2.28,2.95,24.804
-2.1966,9.0782,9.7493,-3.4111,-5.4092,9.2087,5.3422,10.076,7.1947,2.892,3.2612,24.109
-2.4316,8.3228,9.4955,-3.0112,-5.4831,8.557,5.5987,9.665,7.3635,3.4815,3.5274,23.448
-1.9533,6.6077,7.9284,-2.4013,-4.5616,6.8008,5.7129,9.2558,7.488,3.9961,3.7468,23.372
-0.659,4.7273,5.5743,-1.9676,-2.7729,4.6806,5.7075,8.8459,7.5473,4.4133,3.9309,24.215
1.3172,3.5538,3.1536,-2.0683,-0.44973,3.0587,5.6183,8.4289,7.5642,4.7405,4.1067,25.956
3.6381,3.6702,1.3065,-2.8893,1.946,2.535,5.4679,7.9953,7.5916,5.0046,4.3136,28.236
5.8594,5.1969,0.39301,-4.3651,3.9432,3.2714,5.2564,7.5374,7.6902,5.2397,4.5938,30.483
7.5319,7.7241,0.44545,-6.1649,5.1586,4.959,4.9715,7.0578,7.9057,5.4773,4.9748,32.101
8.2869,10.366,1.214,-7.7582,5.3691,6.8947,4.6061,6.5741,8.2504,5.736,5.4497,32.652
7.9074,12.142,2.2698,-8.5993,4.5736,8.2938,4.1809,6.1146,8.6961,6.0094,5.9696,32.038
6.3927,12.453,3.2081,-8.3569,2.9743,8.667,3.7585,5.7097,9.1849,6.2642,6.4592,30.582
4.0109,11.27,3.8475,-7.0546,0.89506,7.9869,3.429,5.382,9.6505,6.4571,6.8515,28.947
1.2768,9.1195,4.2775,-5.0831,-1.3031,6.6684,3.2629,5.1367,10.037,6.5599,7.1152,27.888
-1.1753,6.9228,4.7359,-3.1087,-3.2808,5.3989,3.267,4.9545,10.311,6.5693,7.2597,27.942
-2.7425,5.6289,5.411,-1.8687,-4.744,4.8132,3.376,4.7915,10.458,6.4956,7.3182,29.172
-2.993,5.8006,6.3032,-1.8922,-5.4569,5.2085,3.4774,4.5906,10.485,6.3484,7.3269,31.109
-1.8023,7.4317,7.2159,-3.2869,-5.2914,6.4745,3.4561,4.302,10.41,6.1312,7.3156,32.947
0.57268,9.9957,7.8396,-5.6904,-4.2842,8.1705,3.2402,3.9062,10.268,5.8497,7.3095,33.877
3.5662,12.626,7.8791,-8.391,-2.6362,9.6834,2.8302,3.4271,10.106,5.5229,7.3326,33.409
6.4819,14.434,7.1758,-10.584,-0.65699,10.462,2.2987,2.9259,9.9744,5.1855,7.4057,31.561
8.682,14.846,5.7754,-11.66,1.3037,10.225,1.7577,2.4749,9.9063,4.8785,7.539,28.852
9.7495,13.777,3.9219,-11.382,2.93,9.0394,1.3031,2.1237,9.9005,4.633,7.7268,26.102
9.6109,11.634,1.9913,-9.9479,4.01,7.2784,0.96718,1.8758,9.9148,4.4553,7.9504,24.14
8.5552,9.1875,0.38154,-7.9375,4.4782,5.4955,0.70514,1.6876,9.8853,4.3258,8.1893,23.494
7.101,7.2901,-0.61367,-6.1023,4.413,4.2305,0.42639,1.4914,9.7632,4.2105,8.4344,24.175
5.7979,6.548,-0.88568,-5.061,3.9954,3.827,0.047094,1.2293,9.5479,4.0802,8.6935,25.691
5.0577,7.1618,-0.51122,-5.1081,3.451,4.3549,-0.46927,0.87984,9.2928,3.9247,8.9835,27.251
5.0406,8.9296,0.29788,-6.1781,2.9887,5.6243,-1.1039,0.46824,9.0805,3.7541,9.315,28.059
5.6394,11.322,1.2534,-7.902,2.7369,7.2482,-1.8003,0.055441,8.986,3.5907,9.681,27.636
6.5553,13.636,2.0517,-9.7331,2.711,8.7454,-2.4887,-0.28811,9.0478,3.4579,10.062,26.033
7.397,15.2,2.4392,-11.116,2.8304,9.6683,-3.1096,-0.5127,9.2556,3.3726,10.437,23.823
7.7914,15.543,2.291,-11.641,2.9581,9.7203,-3.6364,-0.61152,9.5543,3.341,10.802,21.854
7.5265,14.497,1.6975,-11.137,2.9458,8.8578,-4.0891,-0.62501,9.8641,3.3573,11.166,20.924
6.6579,12.335,0.98731,-9.7221,2.6855,7.3734,-4.5268,-0.62455,10.109,3.4062,11.55,21.476
5.4864,9.8309,0.62118,-7.8706,2.152,5.8785,-5.0189,-0.68331,10.244,3.4702,11.986,23.428
4.4337,8.0144,0.99097,-6.34,1.4196,5.093,-5.6127,-0.84894,10.262,3.5363,12.51,26.217
3.9206,7.7114,2.2413,-5.8431,0.64634,5.519,-6.3179,-1.1295,10.187,3.6004,13.155,29.04
4.2441,9.2292,4.1912,-6.7401,0.032491,7.2368,-7.1108,-1.4968,10.051,3.6652,13.936,31.149
5.4362,12.263,6.3608,-8.9056,-0.23721,9.8564,-7.9458,-1.9024,9.875,3.7345,14.841,32.103
7.2032,15.863,8.1191,-11.71,-0.060172,12.569,-8.764,-2.3005,9.6574,3.8084,15.829,31.91
9.0126,18.713,8.9289,-14.189,0.5338,14.431,-9.4983,-2.6645,9.3763,3.8823,16.84,31.015
10.282,19.765,8.556,-15.451,1.3841,14.797,-10.087,-2.9943,8.9992,3.95,17.806,30.112
10.607,18.663,7.1484,-15.044,2.2552,13.562,-10.494,-3.3133,8.4989,4.009,18.668,29.884
9.9219,15.816,5.1793,-13.096,2.915,11.178,-10.733,-3.6612,7.8697,4.0648,19.382,30.737
8.5095,12.318,3.2835,-10.329,3.2063,8.5202,-10.866,-4.0819,7.133,4.1299,19.913,32.615
6.9024,9.5452,2.0358,-7.8503,3.0901,6.5462,-10.981,-4.6106,6.3305,4.2153,20.227,35.018
5.6871,8.5576,1.7526,-6.6573,2.6434,5.9149,-11.152,-5.2607,5.5094,4.3204,20.294,37.21
5.2404,9.7513,2.3921,-7.2409,2.0095,6.7781,-11.389,-6.0158,4.7096,4.4291,20.104,38.48
5.543,12.755,3.6072,-9.4232,1.3269,8.7741,-11.632,-6.8269,3.9591,4.5149,19.687,38.409
6.2496,16.429,4.9254,-12.329,0.6945,11.156,-11.776,-7.6164,3.276,4.5553,19.12,37.046
6.9309,19.33,5.9416,-14.75,0.20765,13.072,-11.721,-8.2934,2.6722,4.5433,18.51,34.924
7.2504,20.427,6.4144,-15.749,-0.0046217,13.893,-11.415,-8.7853,2.1523,4.488,17.97,32.876
7.133,19.361,6.253,-14.977,0.20209,13.389,-10.878,-9.0761,1.7097,4.4024,17.581,31.717
6.8639,16.524,5.467,-12.76,0.95345,11.791,-10.209,-9.2237,1.3252,4.2888,17.367,31.885
6.9665,13.139,4.1515,-10.195,2.2984,9.7289,-9.5635,-9.3347,0.9717,4.1348,17.285,33.232
7.9805,10.728,2.5306,-8.6749,4.1674,7.9875,-9.1001,-9.5075,0.62584,3.924,17.238,35.09
10.127,10.261,0.98364,-8.9404,6.3418,7.1991,-8.9215,-9.784,0.28083,3.6551,17.117,36.566
13.035,11.892,-0.030054,-10.909,8.3962,7.6581,-9.022,-10.129,-0.04657,3.3546,16.86,36.914
15.849,15.026,-0.1213,-13.873,9.7631,9.2551,-9.2861,-10.45,-0.32246,3.0729,16.486,35.862
17.623,18.431,0.88678,-16.691,9.9435,11.471,-9.5417,-10.641,-0.51584,2.866,16.081,33.744
17.625,20.786,2.8761,-18.24,8.6975,13.557,-9.6397,-10.642,-0.62274,2.7668,15.745,31.312
15.517,21.315,5.4571,-17.905,6.1159,14.876,-9.5171,-10.472,-0.67948,2.763,15.544,29.402
11.58,19.966,8.1103,-15.762,2.6016,15.154,-9.2138,-10.221,-0.75418,2.7983,15.484,28.61
6.7091,17.418,10.373,-12.584,-1.209,14.561,-8.8423,-10.018,-0.91799,2.7991,15.525,29.068
2.0979,14.892,11.987,-9.5905,-4.5918,13.639,-8.5307,-9.9723,-1.2116,2.7116,15.633,30.406
-1.1929,13.579,12.956,-7.8847,-6.9394,13.054,-8.3714,-10.127,-1.6256,2.5265,15.812,31.933
-2.5203,14.148,13.462,-7.9973,-7.9118,13.285,-8.3912,-10.438,-2.1045,2.2813,16.113,32.929
-1.7402,16.533,13.696,-9.7358,-7.4718,14.434,-8.5434,-10.791,-2.5688,2.0423,16.612,32.923
0.71342,19.846,13.703,-12.245,-5.8828,16.157,-8.7182,-11.043,-2.9436,1.8782,17.371,31.86
3.8811,22.754,13.386,-14.42,-3.6516,17.757,-8.7758,-11.086,-3.1844,1.8359,18.407,30.125
6.8119,24.253,12.684,-15.504,-1.2104,18.567,-8.5996,-10.891,-3.2897,1.9248,19.674,28.373
9.1154,24.023,11.685,-15.392,1.1934,18.306,-8.1467,-10.513,-3.2994,2.1125,21.06,27.279
10.8,22.433,10.587,-14.544,3.1813,17.16,-7.4644,-10.054,-3.2746,2.3398,22.417,27.274
11.885,20.501,9.7606,-13.703,4.3128,15.796,-6.6622,-9.6223,-3.2677,2.5495,23.627,28.392
12.367,19.469,9.8256,-13.517,4.2805,15.189,-5.8582,-9.2831,-3.2968,2.7152,24.666,30.28
12.227,20.096,11.366,-14.223,2.928,16.066,-5.13,-9.042,-3.3409,2.8511,25.611,32.366
11.42,22.353,14.519,-15.614,0.33983,18.489,-4.4932,-8.8528,-3.3595,2.994,26.578,34.059
9.9264,25.543,18.812,-17.163,-3.0819,21.892,-3.9135,-8.6538,-3.3228,3.1711,27.629,34.93
7.8181,28.557,23.291,-18.236,-6.7242,25.287,-3.3408,-8.4054,-3.2345,3.3759,28.707,34.837
5.3368,30.368,26.813,-18.39,-9.9171,27.617,-2.7394,-8.1079,-3.1297,3.5696,29.64,33.954
2.9366,30.49,28.447,-17.566,-12.047,28.195,-2.0947,-7.7875,-3.0498,3.705,30.203,32.7
1.1708,29.114,27.816,-16.103,-12.695,26.973,-1.4034,-7.4588,-3.009,3.7554,30.226,31.618
0.49027,27.058,25.236,-14.621,-11.755,24.585,-0.67268,-7.0957,-2.9743,3.7409,29.724,31.209
1.0919,25.494,21.588,-13.798,-9.4519,22.11,0.061864,-6.6397,-2.8685,3.7515,28.991,31.768
2.8666,25.416,17.931,-14.119,-6.2563,20.605,0.70761,-6.0502,-2.5978,3.9432,28.619,33.315
5.4307,26.916,15.195,-15.746,-2.7435,20.507,1.0973,-5.3621,-2.0915,4.4945,29.509,35.757
8.2429,28.3,13.7,-18.493,0.58043,20.319,1.0092,-4.6991,-1.3282,5.6073,33.151,39.233
10.781,29.248,11.142,-21.952,3.3245,19.794,0.23069,-4.2336,-0.36251,8.4977,41.768,44.5
12.741,31.857,10.435,-25.259,5.1546,21.662,-1.3824,-4.1424,0.61025,11.743,44.972,52.222
14.776,34.057,11.907,-27.483,5.9854,23.652,-3.5835,-4.6184,1.2816,6.5911,41.866,38.968
20.154,35.687,13.061,-29.128,6.7096,25.172,-0.8279,-5.9963,1.5462,-0.19162,35.965,27.24
23.031,38.858,14.396,-30.384,7.0595,27.513,0.07128,-9.9286,1.0782,-6.618,27.645,17.527
21.414,44.431,20.205,-32.387,4.8968,32.196,0.85618,-21.155,-3.1463,-10.183,18.96,9.7933
19.26,53.52,31.397,-35.912,-0.17514,41.911,2.4759,-21.268,-17.251,-9.1259,14.253,7.6972
18.085,66.933,45.83,-41.622,-7.492,56.065,3.596,-18.133,-6.928,0.31886,19.957,14.602
19.198,85.927,63.762,-51.312,-16.859,74.547,2.2866,-12.966,11.148,23.099,44.543,36.52
24.095,113.76,86.771,-67.225,-28.607,99.863,-4.6466,-7.3425,31.39,62.068,97.081,80.216
34.137,152.38,115.95,-91.407,-41.429,132.95,-21.377,-3.7122,49.519,114.13,183.21,153.53
49.261,201.75,151.64,-125,-53.431,174.67,-51.119,-5.7611,61.237,175.77,304.86,262.65
67.587,260.41,192.85,-165.5,-64.498,223.75,-90.61,-17.387,61.003,243.34,460.73,407.2
87.112,323.56,237.2,-207.79,-75.369,276.62,-133.62,-44.971,41.604,310.16,643.63,587.4
106.38,384.02,280.7,-247.14,-86.527,328.4,-176.24,-102.22,-4.8203,366.62,838.7,789.75
123.88,433.77,316.27,-279.34,-95.427,371.91,-213.61,-180.49,-83.831,402.07,1026.7,992.51
138.34,464.51,335.07,-300.14,-97.789,398.32,-242.39,-269.93,-195.57,408.04,1186.4,1169.3
149.42,469.57,330.78,-306.33,-90.598,400.21,-261.61,-373.02,-333.74,380.51,1298.2,1292.9
157.13,445.88,300.03,-296.94,-71.875,373.82,-272.8,-486.3,-487.41,319.88,1347,1341.4
161.33,394.06,242.95,-272.62,-41.335,319.41,-278.99,-605.01,-644.45,229.21,1323.6,1304.1
162.64,317.77,163.15,-235.14,-0.78246,240.83,-282.92,-723.11,-793.47,111.91,1225.1,1184.5
160.95,222.42,67.057,-187.09,46.235,144.7,-285.65,-833.54,-925.15,-29.812,1054.1,999.33
154.48,114.31,-36.863,-130.69,94.789,38.766,-286.24,-929.04,-1034.1,-194.56,818.2,773.69
141.34,1.3179,-138.49,-68.317,139.12,-68.248,-282.78,-1003.4,-1118.6,-379.36,530.08,534.05
120.94,-106.52,-226.89,-4.7173,173.53,-166.13,-274.12,-1052.9,-1179.4,-576.24,209.85,303.06
94.519,-198.15,-292.29,53.477,193.56,-244.52,-260.44,-1076,-1216.6,-769.34,-113.7,98.223
65.247,-263.81,-328.2,100.51,197.01,-295.24,-241.77,-1073,-1228.5,-935.52,-404.98,-67.614
36.508,-297.24,-332.4,131.72,184.41,-314.12,-216.98,-1045,-1211.2,-1050,-629.4,-186.13
10.606,-297.39,-306.69,144.64,158.1,-301.66,-185.11,-994.01,-1161.7,-1095,-764.08,-254.88
-11.981,-269.19,-256.38,141.36,121.16,-262.91,-146.81,-923.21,-1080.7,-1067.4,-805.53,-280.27
-32.367,-221.89,-189.76,127.35,77.47,-206.44,-104.51,-837.24,-974.26,-979.21,-769.22,-275.68
-51.42,-167,-117.22,109.19,31.999,-142.88,-61.979,-741.83,-852.5,-852.94,-682.06,-255.66
-68.53,-115.95,-49.5,92.275,-9.7916,-83.283,-23.213,-642.94,-726.58,-713.12,-572.52,-230.38
-82.588,-75.372,4.6293,79.647,-43.093,-36.452,7.4023,-545.27,-605.8,-579.09,-463.02,-204.25
-91.721,-50.602,40.341,71.536,-64.903,-6.3751,23.63,-451.7,-496.09,-461.69,-366.56,-179.33
-93.47,-37.178,57.298,64.752,-74.263,8.9871,25.936,-364.26,-399.91,-363.9,-287.33,-153.38
-86.424,-29.09,58.354,56.2,-71.594,13.302,20.052,-284.93,-317.18,-283.76,-223.27,-126.03
-71.006,-24.397,47.978,45.732,-58.662,10.291,10.287,-214.88,-246.38,-217.53,-170.83,-103.44
-49.384,-19.542,32.068,33.839,-40.409,5.4642,-1.8505,-155.01,-185.73,-161.85,-128.07,-84.006
-26.388,-13.327,17.624,20.048,-22.706,1.8031,-15.314,-107.54,-136.29,-116.62,-91.359,-66.312
-8.6599,-5.1055,7.8273,5.5441,-8.3055,-0.0099478,-21.792,-71.492,-98.763,-81.049,-60.83,-50.528
3.3141,4.0175,3.8562,-6.6962,0.25558,0.95985,-18.726,-44.928,-69.389,-52.113,-40.476,-38.734
10.561,3.0082,6.5707,-13.836,2.7967,1.1901,-18.52,-27.518,-44.173,-33.222,-29.471,-32.242
12.516,2.5818,8.9449,-14.676,1.1378,5.4855,-19.56,-16.753,-25.946,-23.575,-24.593,-29.489
9.6152,4.2393,10.699,-10.25,-2.3033,8.033,-21.172,-10.037,-15.568,-18.773,-23.539,-27.442
3.6259,4.2775,10.754,-4.6778,-5.4458,8.2712,-23.113,-5.7594,-9.7121,-15.732,-25.082,-24.613
-2.3884,2.997,8.8722,-0.81802,-5.9287,6.6331,-25.402,-2.9074,-6.5351,-12.992,-27.199,-21.211
-4.221,1.2564,5.5391,1.324,-3.6173,3.8973,-27.836,-0.95583,-5.6501,-10.261,-23.753,-17.852
-3.4748,-0.059605,1.5204,2.0719,-1.3801,1.0317,-30.126,-1.0844,-7.093,-8.3899,-16.818,-15.163
-1.4148,-0.25147,-2.3699,1.3033,1.3033,-1.0618,-32.084,-2.2706,-11.582,-8.0403,-12.787,-13.749
2.016,1.0037,-5.405,-0.8536,4.4429,-1.8096,-33.537,0.27074,-10.588,-5.1983,-10.587,-14.007
6.1241,3.434,-7.1009,-3.7722,7.5083,-1.0977,-34.345,1.9587,-7.5843,-3.1795,-9.1738,-15.927
10.122,6.2142,-7.3244,-6.6483,9.9352,0.68272,-34.445,3.1073,-5.7427,-1.9211,-8.1339,-19.078
13.384,8.4021,-6.3151,-8.8392,11.351,2.7576,-33.888,4.0803,-4.4105,-1.0002,-7.2777,-22.774
15.46,9.3574,-4.6262,-9.9988,11.619,4.3209,-32.811,5.0112,-3.335,-0.23687,-6.5191,-26.293
16.119,8.9112,-2.8977,-10.088,10.833,4.8749,-31.4,5.8933,-2.4892,0.41752,-5.8297,-29.059
15.44,7.394,-1.527,-9.3495,9.2374,4.3886,-29.849,6.6512,-1.9253,0.9506,-5.2097,-30.776
13.71,5.5233,-0.5068,-8.2127,7.0778,3.2943,-28.35,7.1937,-1.6889,1.3353,-4.6711,-31.537
11.298,4.0706,0.45222,-7.1061,4.5233,2.265,-27.091,7.4548,-1.77,1.5602,-4.2278,-31.816
8.5488,3.5251,1.6232,-6.3257,1.7057,1.8292,-26.212,7.4284,-2.0887,1.6448,-3.8889,-32.277
5.6391,3.9899,3.0504,-5.9651,-1.1837,2.1459,-25.723,7.1911,-2.5146,1.6387,-3.653,-33.476
2.6551,5.1657,4.5246,-5.8624,-3.8483,3.0182,-25.419,6.8843,-2.9142,1.6074,-3.5041,-35.585
-0.11683,6.396,5.6503,-5.6773,-5.9306,3.9852,-24.937,6.6477,-3.2019,1.6131,-3.415,-38.29
-2.2122,6.9472,5.9862,-5.1195,-7.0858,4.485,-23.992,6.5469,-3.3632,1.6952,-3.3595,-40.911
-3.2838,6.3754,5.2471,-4.1091,-7.0713,4.1119,-22.554,6.5525,-3.4418,1.8585,-3.3246,-42.652
-3.1365,4.6911,3.4328,-2.7991,-5.8014,2.8087,-20.798,6.5736,-3.5111,2.0698,-3.3163,-42.9
-1.6729,2.3422,0.79406,-1.5571,-3.2717,0.87699,-19,6.5023,-3.6563,2.2653,-3.3498,-41.511
1.1003,0.061468,-2.2684,-0.84435,0.41692,-1.1537,-17.442,6.2455,-3.9609,2.3687,-3.4341,-38.903
5.0251,-1.4482,-5.2869,-1.0035,4.8375,-2.7406,-16.367,5.7544,-4.4765,2.3188,-3.56,-35.884
9.6822,-1.8032,-7.82,-2.1288,9.3399,-3.5333,-15.869,5.0525,-5.1888,2.0937,-3.7019,-33.344
14.252,-1.0187,-9.5454,-4.0234,13.215,-3.4728,-15.712,4.2395,-6.0103,1.7246,-3.8314,-31.939
17.712,0.52211,-10.312,-6.1831,15.775,-2.7748,-15.366,3.4615,-6.8033,1.2928,-3.9283,-31.859
19.23,2.1514,-10.125,-7.8967,16.539,-1.8341,-14.343,2.8679,-7.421,0.91295,-3.982,-32.773
18.327,3.1314,-9.1129,-8.479,15.329,-1.0786,-12.451,2.5714,-7.7488,0.70159,-3.9859,-33.991
14.979,2.9576,-7.5037,-7.5408,12.32,-0.82152,-9.7718,2.6187,-7.7425,0.73413,-3.9355,-34.756
9.7621,1.5616,-5.5968,-5.1654,8.073,-1.1583,-6.5431,2.9726,-7.4544,1.0093,-3.8333,-34.554
3.7672,-0.65389,-3.6818,-1.9226,3.3911,-1.9284,-3.0988,3.5167,-7.0236,1.445,-3.6912,-33.324
-1.7275,-2.9198,-1.9768,1.2617,-0.92108,-2.7672,0.16713,4.0872,-6.619,1.9137,-3.522,-31.474
-5.5259,-4.3709,-0.62012,3.3898,-4.164,-3.2505,2.882,4.5258,-6.3662,2.3,-3.3264,-29.715
-6.8086,-4.395,0.33461,3.7747,-5.7806,-3.0642,4.82,4.7368,-6.2927,2.5463,-3.0885,-28.813
-5.4415,-2.8771,0.92483,2.3214,-5.5707,-2.1183,5.986,4.7293,-6.3127,2.668,-2.7843,-29.328
-2.0968,-0.28191,1.2457,-0.42387,-3.8767,-0.59343,6.6523,4.6227,-6.2596,2.7377,-2.3989,-31.406
2.0328,2.4857,1.3867,-3.4934,-1.4541,1.0899,7.3074,4.5925,-5.9681,2.8514,-1.9404,-34.72
5.7921,4.4633,1.3954,-5.904,0.92574,2.4145,8.3942,4.7836,-5.3609,3.0931,-1.4411,-38.607
8.4376,5.0054,1.3012,-6.9935,2.7732,2.9759,10.015,5.242,-4.4802,3.5048,-0.94537,-42.275
9.5968,3.9637,1.1523,-6.5433,3.8401,2.6457,11.913,5.8927,-3.4604,4.0664,-0.4934,-45.012
9.223,1.7561,1.0281,-4.8292,4.0283,1.6245,13.702,6.5703,-2.4778,4.6947,-0.11272,-46.402
7.6972,-0.74119,1.0217,-2.572,3.437,0.38781,15.1,7.0874,-1.6977,5.2685,0.1805,-46.493
5.6672,-2.5827,1.2217,-0.61123,2.3387,-0.51994,16.001,7.3122,-1.2192,5.6761,0.37525,-45.804
3.7745,-3.1642,1.6768,0.47805,1.0634,-0.7117,16.441,7.2144,-1.0386,5.8607,0.46028,-45.128
2.4414,-2.3475,2.333,0.5151,-0.085614,-0.093776,16.562,6.8668,-1.0539,5.8384,0.4214,-45.215
1.7509,-0.50924,2.9834,-0.27684,-0.8819,1.0707,16.571,6.4166,-1.1123,5.6844,0.24223,-46.424
1.5185,1.4779,3.2982,-1.3201,-1.2023,2.1961,16.68,6.0349,-1.077,5.5007,-0.089835,-48.517
1.4568,2.6117,2.9484,-1.9428,-1.0314,2.6147,17.03,5.8506,-0.87962,5.3827,-0.57222,-50.73
1.3126,2.2624,1.7848,-1.7161,-0.46734,1.9096,17.64,5.9009,-0.53286,5.3903,-1.1756,-52.057
0.95406,0.3856,-0.013102,-0.59175,0.28915,0.11595,18.402,6.1259,-0.10569,5.5332,-1.8423,-51.649
0.40428,-2.4624,-1.9355,1.128,0.99211,-2.2387,19.137,6.4025,0.31647,5.7727,-2.5004,-49.208
-0.17984,-5.2671,-3.3438,2.8873,1.4405,-4.3079,19.683,6.5967,0.66586,6.0364,-3.0912,-45.123
-0.56687,-7.0277,-3.7558,4.0809,1.5474,-5.3373,19.959,6.6096,0.91218,6.2352,-3.5915,-40.252
-0.52962,-7.2458,-3.0413,4.3125,1.3563,-5.0131,19.986,6.406,1.0675,6.2857,-4.0203,-35.572
0.065156,-6.0269,-1.4822,3.5306,1.0161,-3.5399,19.863,6.0227,1.1804,6.136,-4.4225,-31.854
1.1761,-3.9551,0.31472,2.0164,0.72861,-1.5478,19.726,5.5602,1.3238,5.7888,-4.84,-29.427
2.5579,-1.9045,1.6614,0.30283,0.6642,0.13858,19.699,5.1507,1.5763,5.3074,-5.2841,-28.07
3.8128,-0.74971,2.0721,-0.97657,0.8679,0.82946,19.867,4.9067,1.9969,4.7939,-5.7278,-27.142
4.5145,-1.0589,1.4421,-1.3007,1.2246,0.21986,20.244,4.8733,2.5998,4.3476,-6.1205,-25.868
4.3609,-2.8905,0.067034,-0.44573,1.5212,-1.5127,20.78,5.0091,3.3437,4.0229,-6.4177,-23.668
3.3013,-5.7188,-1.4991,1.4081,1.5535,-3.7705,21.38,5.2062,4.1429,3.805,-6.6068,-20.403
1.5808,-8.6066,-2.6996,3.6879,1.2149,-5.7985,21.94,5.3354,4.8964,3.6177,-6.7222,-16.414
-0.32483,-10.646,-3.1998,5.6514,0.54177,-7.0325,22.382,5.2949,5.5215,3.3552,-6.8285,-12.375
-1.8842,-11.35,-2.9931,6.7336,-0.29195,-7.2737,22.671,5.042,5.9792,2.9254,-7.0034,-9.0779
-2.7257,-10.744,-2.3704,6.7431,-1.0339,-6.7047,22.829,4.6079,6.2843,2.2844,-7.3074,-7.1574
-2.7733,-9.3351,-1.7713,5.9033,-1.4536,-5.8018,22.944,4.0903,6.5012,1.4576,-7.7577,-6.8282
-2.2456,-7.926,-1.5784,4.7774,-1.4297,-5.1286,23.139,3.6201,6.7191,0.53677,-8.3186,-7.7768
-1.5361,-7.272,-1.9669,4.031,-0.97155,-5.0961,23.527,3.3085,7.0116,-0.34975,-8.9173,-9.2981
-1.0354,-7.8119,-2.8908,4.148,-0.18824,-5.8449,24.13,3.1974,7.4068,-1.0874,-9.4772,-10.601
-0.9754,-9.5586,-4.1602,5.2653,0.7535,-7.2464,24.86,3.2421,7.8704,-1.6223,-9.9521,-11.117
-1.3492,-12.061,-5.513,7.1149,1.6769,-8.9471,25.565,3.3323,8.3179,-1.9814,-10.343,-10.697
-1.9353,-14.531,-6.6753,9.0979,2.4476,-10.482,26.109,3.3419,8.6473,-2.2554,-10.691,-9.6332
-2.4283,-16.21,-7.4307,10.567,2.9946,-11.454,26.437,3.1838,8.7804,-2.5539,-11.053,-8.5236
-2.6068,-16.71,-7.6718,11.143,3.2962,-11.672,26.586,2.8483,8.6978,-2.9579,-11.48,-8.0209
-2.4499,-16.109,-7.4114,10.851,3.3543,-11.194,26.647,2.4075,8.4474,-3.4911,-11.996,-8.5642
-2.148,-14.899,-6.7679,10.07,3.1687,-10.302,26.731,1.9847,8.1183,-4.1233,-12.6,-10.193
-2.0075,-13.811,-5.9342,9.3762,2.726,-9.4136,26.92,1.7007,7.7954,-4.7985,-13.281,-12.531
-2.3057,-13.537,-5.1236,9.3045,2.0139,-8.9354,27.244,1.6202,7.5188,-5.4695,-14.036,-14.936
-3.164,-14.459,-4.5005,10.119,1.0447,-9.107,27.676,1.7234,7.2687,-6.1307,-14.874,-16.751
-4.4872,-16.513,-4.1218,11.703,-0.12834,-9.9154,28.14,1.9134,6.9753,-6.8387,-15.833,-17.545
-6.0027,-19.205,-3.9204,13.614,-1.4124,-11.108,28.535,2.0513,6.5487,-7.723,-16.977,-17.263
-7.3859,-21.858,-3.748,15.304,-2.6945,-12.327,28.751,2.0007,5.9118,-8.995,-18.393,-16.238
-8.409,-23.967,-3.4669,16.426,-3.8625,-13.286,28.704,1.6666,5.0254,-10.968,-20.178,-15.058
-9.0147,-25.391,-3.0438,16.989,-4.8044,-13.868,28.365,1.0168,3.898,-14.054,-22.43,-14.337
-9.2793,-26.334,-2.5982,17.305,-5.395,-14.144,27.773,0.081543,2.5772,-18.508,-25.215,-14.476
-9.3197,-27.225,-2.3886,17.792,-5.4954,-14.379,27.021,-1.0789,1.1238,-23.805,-28.554,-15.531
-9.2192,-28.545,-2.7408,18.781,-4.9799,-14.964,26.204,-2.4246,-0.42168,-28.87,-32.421,-17.221
-8.996,-30.623,-3.9292,20.373,-3.7848,-16.266,25.373,-3.9814,-2.0636,-33.44,-36.746,-19.079
-8.6177,-33.504,-6.0468,22.409,-1.9656,-18.455,24.521,-5.8516,-3.8473,-37.994,-41.426,-20.64
-8.0651,-36.924,-8.9168,24.57,0.25929,-21.386,23.607,-8.1634,-5.8426,-42.916,-46.346,-21.593
-7.4128,-40.394,-12.1,26.535,2.5243,-24.612,22.593,-10.996,-8.1376,-48.318,-51.432,-21.859
-6.8571,-43.385,-15.016,28.12,4.4118,-27.545,21.46,-14.37,-10.872,-54.135,-56.692,-21.62
-6.6447,-45.546,-17.137,29.311,5.5804,-29.71,20.194,-18.287,-14.295,-60.213,-62.196,-21.263
-6.9509,-46.841,-18.164,30.219,5.8632,-30.953,18.776,-22.721,-18.784,-66.407,-68.005,-21.27
-7.7917,-47.533,-18.144,31.008,5.314,-31.476,17.18,-27.556,-24.562,-72.7,-74.056,-22.058
-9.0187,-48.073,-17.466,31.838,4.1885,-31.716,15.414,-32.597,-30.942,-79.294,-80.103,-23.823
-10.386,-48.897,-16.69,32.822,2.8508,-32.127,13.55,-37.682,-36.676,-86.477,-85.819,-26.467
-11.641,-50.251,-16.317,33.985,1.6392,-32.976,11.704,-42.73,-41.515,-94.308,-91.064,-29.643
-12.604,-52.119,-16.581,35.246,0.74777,-34.281,9.9608,-47.698,-46.097,-102.47,-96.022,-32.889
-13.206,-54.253,-17.35,36.454,0.18167,-35.851,8.3309,-52.587,-51.096,-110.53,-101.05,-35.78
-13.499,-56.248,-18.246,37.451,-0.20341,-37.332,6.7552,-57.431,-56.897,-118.26,-106.42,-38.024
-13.612,-57.694,-18.882,38.129,-0.6013,-38.341,5.1423,-62.25,-63.509,-125.75,-112.27,-39.536
-13.684,-58.333,-19.069,38.457,-1.1196,-38.665,3.4088,-67.044,-70.596,-133.32,-118.65,-40.489
-13.797,-58.158,-18.882,38.496,-1.6884,-38.342,1.5167,-71.893,-77.792,-141.44,-125.53,-41.295
-13.946,-57.433,-18.642,38.389,-2.0882,-37.638,-0.50838,-76.971,-85.091,-150.44,-132.86,-42.446
-14.05,-56.66,-18.816,38.329,-2.0469,-37.006,-2.5883,-82.33,-92.667,-160.23,-140.4,-44.28
-13.997,-56.396,-19.821,38.49,-1.3252,-36.979,-4.6249,-87.74,-100.38,-170.28,-147.84,-46.796
-13.703,-57,-21.844,38.968,0.19857,-37.924,-6.5317,-92.89,-107.82,-179.98,-154.87,-49.631
-13.147,-58.496,-24.763,39.74,2.4405,-39.854,-8.2596,-97.664,-114.77,-188.96,-161.32,-52.174
-12.364,-60.579,-28.136,40.645,5.0941,-42.407,-9.8206,-102.17,-121.42,-197.11,-167.24,-53.785
-11.417,-62.699,-31.303,41.414,7.6882,-44.991,-11.306,-106.63,-128.16,-204.59,-172.83,-54.048
-10.393,-64.232,-33.584,41.762,9.6819,-46.96,-12.865,-111.22,-135.26,-211.81,-178.36,-52.954
-9.4471,-64.723,-34.483,41.511,10.617,-47.832,-14.64,-116.05,-142.81,-219.33,-184.05,-50.883
-8.8313,-64.061,-33.861,40.695,10.255,-47.467,-16.682,-121.12,-150.74,-227.64,-189.93,-48.444
-8.8168,-62.545,-31.987,39.614,8.6109,-46.104,-18.902,-126.24,-158.86,-236.7,-195.77,-46.238
-9.5499,-60.799,-29.439,38.728,5.9684,-44.272,-21.082,-131.13,-166.75,-245.91,-201.19,-44.647
-10.972,-59.505,-26.922,38.429,2.8951,-42.593,-22.966,-135.54,-173.92,-254.35,-205.97,-43.689
-12.814,-59.119,-25.031,38.869,0.09827,-41.537,-24.384,-139.32,-180.18,-261.58,-210.15,-43.012
-14.657,-59.704,-23.994,39.911,-1.8309,-41.233,-25.32,-142.48,-185.64,-267.83,-213.91,-42.043
-16.043,-60.958,-23.727,41.184,-2.5354,-41.504,-25.895,-145.15,-190.53,-273.66,-217.47,-40.251
-16.602,-62.356,-24.084,42.206,-1.9168,-42.089,-26.312,-147.58,-195.15,-279.47,-220.96,-37.38
-16.154,-63.352,-24.846,42.564,-0.22374,-42.756,-26.771,-150,-199.83,-285.47,-224.44,-33.567
-14.799,-63.542,-25.676,42.061,1.9771,-43.235,-27.409,-152.54,-204.73,-291.68,-227.81,-29.27
-12.94,-62.722,-26.164,40.79,4.0112,-43.195,-28.236,-155.23,-209.72,-297.89,-230.89,-25.059
-11.157,-60.964,-25.898,39.127,5.309,-42.383,-29.119,-157.94,-214.39,-303.67,-233.49,-21.412
-9.9935,-58.655,-24.672,37.557,5.5446,-40.81,-29.846,-160.4,-218.33,-308.6,-235.39,-18.556
-9.7456,-56.359,-22.608,36.42,4.7094,-38.791,-30.216,-162.34,-221.35,-312.45,-236.47,-16.398
-10.359,-54.524,-20.122,35.773,3.1073,-36.798,-30.12,-163.64,-223.62,-315.21,-236.71,-14.563
-11.441,-53.315,-17.806,35.474,1.2585,-35.248,-29.578,-164.37,-225.5,-316.97,-236.21,-12.523
-12.414,-52.688,-16.215,35.291,-0.26095,-34.353,-28.74,-164.78,-227.34,-317.97,-235.11,-9.7894
-12.713,-52.474,-15.618,34.902,-0.99494,-34.077,-27.829,-165.04,-229.22,-318.52,-233.5,-6.0795
-11.972,-52.335,-15.85,33.94,-0.76059,-34.136,-27.067,-165.25,-230.78,-318.82,-231.31,-1.4185
-10.149,-51.761,-16.402,32.057,0.29852,-34.073,-26.588,-165.39,-231.53,-318.8,-228.17,3.8584
-7.5077,-50.203,-16.68,29.027,1.7714,-33.412,-26.402,-165.33,-231.19,-318.22,-223.58,9.2194
-4.5136,-47.245,-16.25,24.881,3.1159,-31.794,-26.397,-164.86,-229.68,-316.74,-217.38,14.132
-1.7369,-42.779,-14.973,20.006,3.8631,-29.085,-26.392,-163.78,-226.97,-313.73,-209.76,18.255
0.24691,-37.193,-13.026,15.167,3.8076,-25.508,-26.206,-162,-223.1,-308.58,-200.89,21.549
1.0282,-31.378,-10.838,11.314,3.0598,-21.7,-25.743,-159.49,-218.05,-301.14,-190.95,24.246
0.56771,-26.46,-8.959,9.1516,1.9601,-18.495,-25.049,-156.41,-212.03,-291.91,-180.06,26.751
-0.74376,-23.221,-7.8888,8.7128,0.94733,-16.481,-24.314,-153.02,-205.58,-281.79,-168.5,29.518
-2.1616,-21.625,-7.8683,9.2714,0.43744,-15.704,-23.772,-149.54,-199.29,-271.5,-156.7,32.896
-2.8261,-20.915,-8.7682,9.8216,0.71523,-15.688,-23.576,-146.02,-193.38,-261.25,-145.21,36.941
-2.1067,-20.123,-10.152,9.6049,1.8938,-15.696,-23.709,-142.36,-187.68,-250.89,-134.27,41.334
0.22229,-18.51,-11.473,8.2255,3.9409,-15.069,-23.983,-138.45,-181.84,-240.34,-123.73,45.471
3.955,-15.676,-12.288,5.5508,6.6438,-13.467,-24.131,-134.22,-175.49,-229.59,-113.13,48.668
8.488,-11.646,-12.418,1.7978,9.6056,-10.954,-23.923,-129.64,-168.32,-218.46,-102,50.395
12.941,-7.1023,-11.96,-2.3208,12.34,-7.995,-23.257,-124.73,-160.19,-206.77,-90.145,50.507
16.395,-3.2153,-11.144,-5.7996,14.332,-5.304,-22.186,-119.55,-151.34,-194.68,-77.931,49.341
18.155,-0.92102,-10.174,-7.8301,15.141,-3.4865,-20.875,-114.19,-142.35,-182.68,-66.168,47.613
17.905,-0.45362,-9.1547,-8.1152,14.538,-2.7613,-19.499,-108.8,-133.89,-171.33,-55.546,46.135
15.772,-1.3935,-8.0152,-6.8943,12.536,-2.9056,-18.153,-103.46,-126.34,-160.88,-46.319,45.492
12.286,-2.8555,-6.4994,-4.8367,9.3294,-3.3161,-16.831,-98.314,-119.68,-151.33,-38.413,45.775
8.2173,-3.8172,-4.311,-2.8183,5.283,-3.2263,-15.461,-93.459,-113.61,-142.46,-31.516,46.539
4.3509,-3.5019,-1.3284,-1.6099,0.95572,-2.0495,-13.96,-88.945,-107.78,-134.04,-25.222,46.996
1.3578,-1.5759,2.2781,-1.6434,-2.9732,0.38845,-12.284,-84.735,-101.88,-125.84,-19.491,46.338
-0.23357,1.7348,6.0447,-2.903,-5.8244,3.7677,-10.457,-80.744,-95.766,-117.76,-14.669,44.107
-0.15312,5.5684,9.2917,-4.9409,-7.0928,7.2959,-8.5739,-76.87,-89.459,-109.84,-10.891,40.452
1.3724,8.7601,11.333,-7.09,-6.6843,10.012,-6.7671,-73,-83.099,-102.22,-7.9452,36.1
3.6693,10.481,11.804,-8.7411,-4.9594,11.301,-5.1465,-69.062,-76.917,-95.171,-5.5665,32.076
6.0231,10.533,10.827,-9.5145,-2.5182,11.138,-3.7572,-65.083,-71.204,-88.92,-3.5824,29.341
7.9876,9.2873,8.9264,-9.3345,0.064651,9.9706,-2.572,-61.191,-66.205,-83.47,-1.9022,28.421
9.3466,7.5165,6.8411,-8.4475,2.3324,8.5173,-1.5114,-57.506,-61.977,-78.781,-0.47484,29.158
9.9943,6.1194,5.3364,-7.3414,3.888,7.5161,-0.47638,-54.048,-58.327,-74.792,0.73286,30.789
9.9557,5.761,5.0138,-6.5247,4.4198,7.4974,0.61776,-50.766,-54.888,-71.271,1.744,32.279
9.3887,6.6629,6.1027,-6.3047,3.8519,8.6259,1.8155,-47.605,-51.281,-67.914,2.5731,32.736
8.4848,8.5622,8.3116,-6.6956,2.3836,10.617,3.1148,-44.538,-47.305,-64.553,3.2276,31.788
7.3786,10.786,10.946,-7.4334,0.36586,12.816,4.482,-41.557,-42.959,-61.205,3.709,29.757
6.1232,12.529,13.271,-8.0969,-1.8413,14.501,5.8702,-38.687,-38.304,-57.966,4.0143,27.516
4.7093,13.213,14.812,-8.3098,-3.9683,15.189,7.2254,-35.984,-33.499,-54.93,4.1357,26.126
3.1164,12.665,15.469,-7.8944,-5.8653,14.768,8.4862,-33.524,-28.94,-52.171,4.063,26.463
1.3808,11.128,15.502,-6.899,-7.4647,13.531,9.5941,-31.368,-25.075,-49.736,3.7934,28.869
-0.35616,9.18,15.377,-5.5554,-8.749,12.086,10.513,-29.526,-22.076,-47.633,3.3446,33.028
-1.8487,7.5381,15.513,-4.2197,-9.7232,11.087,11.246,-27.936,-19.805,-45.826,2.7623,38.146
-2.7949,6.782,16.075,-3.2882,-10.338,10.946,11.824,-26.477,-17.994,-44.24,2.1109,43.272
-2.918,7.1634,16.914,-3.0752,-10.434,11.718,12.286,-25.006,-16.409,-42.772,1.4513,47.566
-2.065,8.5453,17.601,-3.6949,-9.8138,13.09,12.647,-23.429,-14.928,-41.299,0.81811,50.589
-0.29268,10.409,17.566,-4.9939,-8.3774,14.44,12.889,-21.741,-13.541,-39.693,0.20857,52.603
2.0771,11.977,16.379,-6.5466,-6.2365,15.066,12.971,-20.041,-12.302,-37.85,-0.41399,54.545
4.4868,12.503,14.01,-7.7669,-3.7812,14.494,12.844,-18.48,-11.272,-35.741,-1.1029,57.633
6.2942,11.587,10.968,-8.1445,-1.5957,12.69,12.488,-17.189,-10.485,-33.462,-1.9024,62.824
7.0012,9.3744,8.1911,-7.4704,-0.21957,10.15,11.923,-16.223,-9.9427,-31.179,-2.8236,70.302
6.4708,6.6058,6.5736,-5.9385,0.081417,7.781,11.213,-15.559,-9.6153,-29.013,-3.8361,79.375
4.9832,4.3219,6.4957,-4.0942,-0.62574,6.423,10.441,-15.114,-9.45,-26.984,-4.8787,88.94
3.1022,3.3083,7.7876,-2.604,-1.9988,6.4457,9.6757,-14.768,-9.3826,-25.045,-5.8824,98.084
1.5034,3.7775,9.9028,-1.9566,-3.5115,7.7102,8.9466,-14.388,-9.3502,-23.121,-6.7912,106.38
0.78075,5.3774,12.039,-2.2872,-4.5751,9.6449,8.246,-13.864,-9.2984,-21.144,-7.5739,113.62
1.2254,7.3165,13.309,-3.3565,-4.6819,11.37,7.5483,-13.131,-9.1847,-19.057,-8.2254,119.63
2.7002,8.6448,13.015,-4.6463,-3.5486,12.027,6.8312,-12.185,-8.982,-16.846,-8.7595,124.81
4.6966,8.6405,10.931,-5.5553,-1.3056,11.138,6.0865,-11.069,-8.6815,-14.56,-9.1946,130.38
6.5008,7.075,7.4994,-5.6202,1.4118,8.7826,5.3205,-9.8476,-8.2948,-12.292,-9.5384,137.81
7.4059,4.3155,3.7962,-4.6793,3.7001,5.6378,4.548,-8.58,-7.8525,-10.123,-9.7814,147.91
6.9494,1.2557,1.1188,-2.9411,4.6942,2.7783,3.7845,-7.2981,-7.3964,-8.0772,-9.9027,160.28
5.0862,-1.0553,0.44648,-0.91786,3.8514,1.1715,3.0412,-6.0036,-6.967,-6.1537,-9.8848,173.43
2.1951,-1.9012,2.0504,0.79396,1.2087,1.2548,2.3257,-4.674,-6.5882,-4.3567,-9.725,185.6
-1.0855,-1.1339,5.4234,1.7692,-2.5979,2.8708,1.6473,-3.2774,-6.2554,-2.6957,-9.4376,195.49
-4.0856,0.81731,9.5026,1.904,-6.6073,5.3632,1.0191,-1.7895,-5.9323,-1.1546,-9.046,202.51
-6.2866,3.0738,13.067,1.4249,-9.9017,7.7786,0.45293,-0.20718,-5.5628,0.32478,-8.5691,206.95
-7.4055,4.6685,15.164,0.75728,-11.848,9.2364,-0.049848,1.4482,-5.093,1.834,-8.0108,209.81
-7.3712,4.9761,15.346,0.2974,-12.174,9.2525,-0.50452,3.1399,-4.4923,3.48,-7.3557,211.6
-6.3011,3.9175,13.718,0.23008,-10.916,7.8678,-0.94323,4.8321,-3.7664,5.3759,-6.5732,211.57
-4.4929,1.9589,10.876,0.48455,-8.4162,5.6438,-1.4084,6.5031,-2.9563,7.6554,-5.6272,211.4
-2.3084,-0.05102,7.6983,0.79592,-5.2943,3.4623,-1.9373,8.1532,-2.1258,10.508,-4.4869,216.36
-0.041744,-1.2537,5.0428,0.832,-2.2038,2.1308,-2.5418,9.8044,-1.3341,14.185,-3.1311,226.17
2.0845,-1.1315,3.5118,0.34851,0.34584,2.1011,-3.1914,11.496,-0.60445,18.839,-1.5469,239.22
3.8777,0.38326,3.355,-0.70054,2.0313,3.4043,-3.8139,13.272,0.09592,24.228,0.27384,255.8
5.1737,2.9165,4.4248,-2.1417,2.7553,5.6378,-4.3162,15.167,0.84527,29.744,2.3354,277.18
5.8317,5.7243,6.1804,-3.6309,2.625,8.0562,-4.6175,17.195,1.7303,34.884,4.6377,304.81
5.7505,7.9654,7.9058,-4.7627,1.8477,9.8911,-4.6779,19.343,2.806,39.512,7.1771,339.23
4.9215,9.0671,9.0506,-5.2197,0.64766,10.677,-4.5078,21.567,4.0736,43.709,9.9467,379.35
3.4644,8.9051,9.4517,-4.8956,-0.77801,10.368,-4.1546,23.803,5.4813,47.594,12.929,422.66
1.6242,7.7925,9.3592,-3.9439,-2.2926,9.3181,-3.6756,25.959,6.9453,51.252,16.085,466.02
-0.26941,6.3801,9.2701,-2.7462,-3.8153,8.159,-3.1169,27.937,8.3813,54.725,19.345,506.14
-1.8613,5.4452,9.6509,-1.808,-5.2644,7.5459,-2.5065,29.648,9.7372,58.026,22.628,539.72
-2.8296,5.608,10.726,-1.598,-6.5157,7.9036,-1.862,31.052,11.014,61.162,25.869,563.89
-2.9618,7.108,12.401,-2.3764,-7.4213,9.2885,-1.2011,32.173,12.273,64.145,29.041,577.16
-2.2305,9.6813,14.3,-4.0723,-7.8612,11.379,-0.54351,33.092,13.619,66.982,32.165,580.06
-0.81096,12.611,15.902,-6.2748,-7.7812,13.569,0.094847,33.917,15.174,69.673,35.285,575.29
0.97307,15.017,16.754,-8.3904,-7.2086,15.213,0.70935,34.751,17.031,72.204,38.425,567.75
2.7528,16.247,16.649,-9.8804,-6.2472,15.892,1.3069,35.671,19.204,74.549,41.546,565.35
4.2316,16.101,15.673,-10.454,-5.0496,15.543,1.8985,36.695,21.595,76.659,44.526,573.86
5.2784,14.855,14.136,-10.157,-3.7713,14.436,2.4868,37.779,24.016,78.478,47.199,585.81
5.9549,13.16,12.442,-9.3565,-2.5304,13.072,3.0571,38.821,26.257,79.958,49.426,594.6
6.4627,11.797,10.948,-8.602,-1.3905,11.971,3.5759,39.711,28.171,81.08,51.155,600.53
7.026,11.339,9.8852,-8.375,-0.37009,11.494,4.0004,40.368,29.703,81.854,52.423,604.77
7.7627,11.964,9.3153,-8.8834,0.52282,11.74,4.2959,40.779,30.883,82.319,53.312,607.8
8.6139,13.405,9.1486,-9.9805,1.2575,12.521,4.4591,40.991,31.803,82.538,53.927,609.86
9.3734,15.048,9.1961,-11.239,1.7751,13.437,4.5403,41.088,32.588,82.593,54.371,611.22
9.7984,16.21,9.2427,-12.165,2.0131,14.043,4.6371,41.152,33.356,82.578,54.734,612.33
9.7193,16.441,9.1137,-12.42,1.9359,14.025,4.8528,41.229,34.159,82.573,55.083,613.68
9.0974,15.663,8.7439,-11.934,1.5546,13.307,5.2385,41.312,34.968,82.621,55.444,615.48
8.0329,14.173,8.2119,-10.893,0.92975,12.097,5.7582,41.345,35.694,82.706,55.804,617.45
6.7343,12.532,7.7119,-9.6568,0.16546,10.823,6.2962,41.249,36.239,82.759,56.128,619.1
5.4555,11.315,7.4608,-8.5848,-0.60289,9.9382,6.7023,40.971,36.55,82.697,56.384,620.09
4.4331,10.869,7.5907,-7.9074,-1.2245,9.7271,6.8579,40.514,36.636,82.462,56.565,620.31
3.8374,11.211,8.0685,-7.6768,-1.5587,10.202,6.7319,39.934,36.577,82.056,56.692,619.69
3.7434,12.073,8.6734,-7.8056,-1.5015,11.1,6.397,39.319,36.489,81.534,56.791,618.17
4.1186,13.024,9.0442,-8.1353,-1.0027,11.964,5.9944,38.744,36.474,80.973,56.871,615.78
4.8321,13.618,8.8301,-8.493,-0.093506,12.322,5.6678,38.244,36.565,80.425,56.892,612.68
5.6596,13.551,7.8922,-8.7225,1.045,11.891,5.4995,37.783,36.697,79.876,56.774,609.19
6.3006,12.755,6.4674,-8.7185,2.0293,10.707,5.4782,37.26,36.732,79.234,56.408,605.66
6.4431,11.445,5.1639,-8.4564,2.3742,9.1568,5.5133,36.524,36.513,78.349,55.679,602.42
5.8465,10.074,4.6712,-8.008,1.7372,7.8456,5.4868,35.421,35.915,77.063,54.493,599.56
4.4443,9.1622,5.3228,-7.5228,0.068365,7.3041,5.3204,33.858,34.899,75.296,52.814,596.99
2.4523,9.0755,6.9681,-7.1687,-2.3702,7.7516,5.0191,31.86,33.537,73.112,50.692,594.45
0.361,9.8963,9.1956,-7.0562,-5.0086,9.0812,4.6669,29.61,32.026,70.708,48.278,591.61
-1.2315,11.363,11.43,-7.189,-7.1046,10.927,4.3783,27.403,30.629,68.287,45.79,588.29
-1.7931,12.931,12.958,-7.4822,-8.001,12.697,4.2411,25.532,29.557,65.974,43.409,584.46
-0.93609,13.959,13.11,-7.8252,-7.1969,13.693,4.2777,24.158,28.867,63.82,41.221,580.4
1.5129,13.981,11.425,-8.1484,-4.3831,13.385,4.4387,23.268,28.435,61.811,39.187,576.49
5.4363,12.887,7.7479,-8.4613,0.28315,11.634,4.6273,22.723,28.033,59.87,37.182,573.1
10.341,11.004,2.4886,-8.8214,6.1784,8.7956,4.7449,22.317,27.439,57.89,35.072,570.35
15.308,8.9874,-3.1541,-9.2664,12.187,5.683,4.735,21.853,26.519,55.799,32.78,568.06
19.201,7.5576,-7.5416,-9.7596,16.856,3.3092,4.6095,21.204,25.257,53.604,30.329,565.89
21.082,7.1865,-9.3219,-10.187,18.949,2.4542,4.4467,20.353,23.747,51.38,27.817,563.4
20.456,7.9182,-7.9587,-10.381,17.888,3.326,4.3603,19.38,22.137,49.202,25.358,560.25
17.332,9.3623,-3.9013,-10.159,13.764,5.4964,4.4495,18.401,20.567,47.069,23.03,556.21
12.252,10.823,1.5522,-9.386,7.5003,8.0743,4.7539,17.508,19.103,44.874,20.849,551.19
6.2048,11.561,6.7612,-8.0427,0.61403,10.055,5.2361,16.726,17.726,42.422,18.798,545.34
0.29758,11.085,10.435,-6.2709,-5.5278,10.678,5.7932,16.017,16.377,39.504,16.867,539.08
-4.5192,9.3506,11.995,-4.3582,-10.127,9.658,6.2886,15.318,15.015,36.03,15.062,532.99
-7.538,6.8105,11.518,-2.6577,-12.561,7.3249,6.5908,14.577,13.648,32.2,13.413,527.29
-8.3964,4.2731,9.5784,-1.467,-12.521,4.5777,6.6181,13.776,12.333,28.493,11.962,521.67
-7.2872,2.5332,7.0287,-0.92352,-10.489,2.4271,6.3731,12.932,11.141,25.354,10.746,515.54
-4.9296,2.0228,4.6689,-0.97483,-7.4241,1.5136,5.9453,12.077,10.129,22.95,9.7776,508.29
-2.1448,2.6885,3.0099,-1.4311,-4.1273,1.9633,5.4694,11.234,9.3098,21.2,9.0191,499.53
0.55959,4.0389,1.9712,-2.06,-0.82278,3.3397,5.0609,10.397,8.6422,19.892,8.3783,489.07
3.0693,5.3335,0.99219,-2.6676,2.5598,4.748,4.7679,9.5363,8.0505,18.752,7.73,477.17
5.3594,5.8929,-0.36852,-3.1201,5.7448,5.3055,4.5677,8.6201,7.4614,17.51,6.9777,464.68
7.2574,5.3469,-2.224,-3.3114,8.3804,4.5817,4.3994,7.6484,6.8399,15.992,6.0858,452.93
8.4423,3.7339,-4.2487,-3.1362,10.059,2.7098,4.2043,6.6581,6.1967,14.197,5.0933,443.19
8.5254,1.5153,-5.6892,-2.5301,10.255,0.36697,3.9474,5.6985,5.5695,12.309,4.0867,435.96
7.2818,-0.55449,-5.7796,-1.5536,8.7084,-1.4506,3.6212,4.7957,4.9903,10.602,3.1584,430.78
4.8587,-1.7601,-4.1673,-0.43282,5.6379,-1.9735,3.2379,3.9353,4.4726,9.2652,2.3738,426.55
1.7475,-1.7288,-1.0091,0.50551,1.6053,-1.0184,2.8245,3.0743,4.0103,8.3194,1.7501,422
-1.3958,-0.51571,3.0411,0.97102,-2.6712,1.0587,2.4237,2.1683,3.5872,7.6564,1.2652,416.08
-3.9327,1.4231,6.9006,0.8388,-6.3924,3.4923,2.0938,1.1996,3.1923,7.1443,0.87227,408.39
-5.4143,3.3395,9.4217,0.22491,-8.815,5.335,1.8938,0.19411,2.8318,6.6909,0.52617,399.41
-5.7174,4.4608,9.8802,-0.5247,-9.4922,5.8539,1.8529,-0.78496,2.5282,6.2569,0.20044,390.3
-5.0555,4.2954,8.2377,-0.96086,-8.4231,4.8301,1.9459,-1.6624,2.3054,5.8415,-0.11054,382.22
-3.8559,2.7917,5.0973,-0.73097,-6.0355,2.5964,2.0952,-2.3875,2.1721,5.4565,-0.40234,375.75
-2.5782,0.37395,1.4638,0.24629,-3.064,-0.097927,2.203,-2.9576,2.1124,5.1091,-0.67471,370.76
-1.5338,-2.1284,-1.6241,1.6842,-0.25069,-2.3554,2.1939,-3.42,2.0861,4.7866,-0.94247,366.64
-0.76066,-3.7839,-3.4562,2.9774,1.9622,-3.4619,2.0411,-3.8541,2.034,4.4536,-1.2398,362.44
-0.044678,-3.9652,-3.8214,3.476,3.4105,-3.1153,1.7615,-4.3427,1.896,4.0605,-1.6142,357.2
0.90182,-2.5571,-2.9802,2.8043,4.1012,-1.5191,1.3923,-4.9411,1.6325,3.5636,-2.1094,350.3
2.2046,0.02362,-1.5502,0.99785,4.2023,0.6545,0.96669,-5.6531,1.248,2.9521,-2.7425,341.69
3.6285,2.9101,-0.25413,-1.4563,3.8758,2.5354,0.50374,-6.4225,0.79669,2.2601,-3.4907,332.07
4.6197,5.0765,0.42901,-3.6842,3.1529,3.4423,0.0090992,-7.145,0.36222,1.556,-4.2948,322.64
4.5409,5.7563,0.4731,-4.7912,1.998,3.1009,-0.52198,-7.7035,0.024283,0.91894,-5.0784,314.65
3.0306,4.6959,0.23726,-4.2961,0.3898,1.6983,-1.1034,-8.0149,-0.17254,0.41181,-5.7747,308.87
0.37093,2.2415,0.15046,-2.2886,-1.5247,-0.16922,-1.7555,-8.0678,-0.23505,0.061464,-6.3504,305.23
-2.6356,-0.68791,0.4234,0.56384,-3.3384,-1.7622,-2.4959,-7.9328,-0.21849,-0.1556,-6.8165,303.07
-4.9929,-2.9585,0.98247,3.1484,-4.5611,-2.555,-3.3283,-7.7358,-0.20483,-0.30908,-7.2198,301.36
-5.7761,-3.7604,1.5234,4.3782,-4.7563,-2.3837,-4.2351,-7.602,-0.26912,-0.48786,-7.6182,299.09
-4.3853,-2.8553,1.6191,3.7002,-3.5972,-1.4274,-5.1764,-7.5984,-0.44766,-0.7607,-8.0509,295.64
-0.84769,-0.57874,0.89369,1.2302,-1.0378,-0.1589,-6.0963,-7.706,-0.72343,-1.146,-8.5195,290.98
4.0685,2.2178,-0.78496,-2.3035,2.5499,0.7973,-6.9359,-7.8355,-1.0367,-1.6074,-8.9857,285.64
9.0482,4.4227,-3.2012,-5.7246,6.3681,0.9197,-7.6483,-7.8732,-1.3155,-2.075,-9.3883,280.58
12.677,5.1164,-5.8257,-7.8482,9.4204,-0.0029499,-8.2079,-7.7343,-1.508,-2.4784,-9.6684,276.61
13.89,3.8992,-7.9917,-7.9477,10.926,-1.7928,-8.6046,-7.3994,-1.602,-2.7739,-9.796,274.13
12.276,1.0256,-9.1448,-5.9341,10.503,-3.9187,-8.8309,-6.9207,-1.6259,-2.9594,-9.7873,272.96
8.2763,-2.5796,-9.0059,-2.3981,8.1819,-5.7018,-8.8754,-6.4049,-1.6362,-3.0765,-9.7046,272.54
3.0622,-5.6683,-7.639,1.482,4.5648,-6.6273,-8.7345,-5.9769,-1.6971,-3.1996,-9.637,271.96
-1.822,-7.2918,-5.508,4.4151,0.6849,-6.5229,-8.4333,-5.7354,-1.8536,-3.4115,-9.6653,270.39
-4.9776,-7.1041,-3.3899,5.5733,-2.3358,-5.5648,-8.0328,-5.7119,-2.1085,-3.7692,-9.8261,267.42
-5.7425,-5.3672,-2.0974,4.7861,-3.6812,-4.2274,-7.6055,-5.8514,-2.4145,-4.2735,-10.093,263.21
-4.2563,-2.9182,-2.1758,2.5501,-3.0997,-3.1469,-7.1935,-6.03,-2.6883,-4.8598,-10.388,258.42
-1.2331,-0.89453,-3.7269,-0.072843,-0.85889,-2.8749,-6.7866,-6.1127,-2.8429,-5.4192,-10.62,253.78
2.2022,-0.21079,-6.3728,-1.9478,2.3435,-3.658,-6.335,-6.021,-2.8237,-5.845,-10.731,249.76
4.8886,-1.2309,-9.3708,-2.3989,5.5396,-5.3429,-5.7839,-5.7688,-2.6306,-6.0792,-10.723,246.64
6.1602,-3.6839,-11.894,-1.3319,7.9302,-7.4081,-5.1064,-5.4475,-2.3127,-6.1318,-10.652,244.41
5.9392,-6.6726,-13.316,0.8175,9.1255,-9.1441,-4.3191,-5.1763,-1.94,-6.0663,-10.594,242.77
4.5883,-9.0195,-13.328,3.1609,9.0288,-9.929,-3.4771,-5.0484,-1.5694,-5.9639,-10.607,241.15
2.7893,-9.8718,-11.953,4.7584,7.8244,-9.4422,-2.6567,-5.0916,-1.2213,-5.8869,-10.699,238.9
1.2857,-8.9889,-9.5619,5.1066,6.0219,-7.759,-1.932,-5.2579,-0.87575,-5.8556,-10.835,235.46
0.57633,-6.7205,-6.8271,4.226,4.2614,-5.3734,-1.3559,-5.4447,-0.48778,-5.8459,-10.951,230.58
0.70649,-3.9247,-4.5095,2.5439,3.0236,-3.0798,-0.94949,-5.538,-0.015352,-5.8054,-10.988,224.44
1.3265,-1.6827,-3.1731,0.76761,2.4558,-1.6522,-0.70405,-5.4599,0.55505,-5.6818,-10.917,217.67
1.9046,-0.81124,-2.9811,-0.37876,2.3929,-1.5164,-0.58591,-5.1949,1.1976,-5.4491,-10.757,211.24
1.9185,-1.5503,-3.6511,-0.46464,2.4614,-2.6027,-0.53934,-4.7879,1.8549,-5.1196,-10.558,206.03
1.0422,-3.5226,-4.5614,0.51966,2.187,-4.3615,-0.48983,-4.32,2.4567,-4.7372,-10.381,202.33
-0.71576,-5.8759,-5.001,2.2135,1.204,-5.9796,-0.36114,-3.8809,2.9383,-4.3644,-10.269,199.44
-3.0362,-7.6538,-4.4701,4.0291,-0.56561,-6.7638,-0.11064,-3.545,3.2572,-4.0653,-10.23,196
-5.4163,-8.2118,-2.8807,5.3684,-2.8562,-6.398,0.24078,-3.3524,3.4048,-3.8841,-10.241,190.72
-7.3049,-7.3936,-0.58185,5.8389,-5.1281,-4.9771,0.61114,-3.2966,3.4101,-3.8266,-10.25,182.86
-8.2362,-5.5153,1.7631,5.3657,-6.7762,-2.9498,0.89034,-3.3271,3.33,-3.8531,-10.201,172.59
-7.9415,-3.2585,3.3979,4.1842,-7.3119,-0.99029,0.98003,-3.3723,3.2297,-3.8937,-10.052,161.02
-6.4119,-1.4194,3.7444,2.7351,-6.4334,0.24157,0.82222,-3.3755,3.1582,-3.8793,-9.7886,149.71
-3.9119,-0.59523,2.5704,1.4803,-4.0897,0.34365,0.41309,-3.3264,3.1257,-3.7763,-9.4232,139.93
-0.90032,-0.99857,0.01089,0.73322,-0.58101,-0.71456,-0.19618,-3.2688,3.0958,-3.6022,-8.9914,132.23
2.1064,-2.4193,-3.4436,0.58541,3.4936,-2.5968,-0.91078,-3.2806,2.9995,-3.409,-8.5383,126.41
4.626,-4.2896,-7.0037,0.91882,7.3976,-4.6935,-1.6146,-3.4383,2.7731,-3.2486,-8.1049,121.89
6.2826,-5.8901,-9.7742,1.4738,10.351,-6.315,-2.1989,-3.7811,2.3953,-3.1431,-7.7169,117.95
6.8596,-6.6315,-11.04,1.9598,11.705,-6.9233,-2.5911,-4.2943,1.904,-3.0728,-7.3811,114.06
6.3024,-6.2382,-10.484,2.1691,11.162,-6.2952,-2.7752,-4.9164,1.3805,-2.9842,-7.0846,109.96
4.7203,-4.8146,-8.2541,2.0551,8.8497,-4.5932,-2.7971,-5.5605,0.91366,-2.812,-6.8053,105.57
2.3797,-2.8426,-4.9244,1.7597,5.2982,-2.3353,-2.7504,-6.1475,0.56485,-2.5061,-6.5229,100.85
-0.34876,-1.0324,-1.3275,1.5555,1.2722,-0.21147,-2.7481,-6.6326,0.34653,-2.0548,-6.2304,95.94
-3.0714,-0.019482,1.7634,1.6994,-2.5217,1.186,-2.8883,-7.02,0.21615,-1.4952,-5.9392,91.22
-5.4408,-0.11192,3.8764,2.2857,-5.6227,1.555,-3.2206,-7.3584,0.086756,-0.90908,-5.6782,87.199
-7.1754,-1.1964,4.855,3.1843,-7.7229,0.95445,-3.7322,-7.7203,-0.14411,-0.39962,-5.4864,84.228
-8.0685,-2.771,4.8104,4.0777,-8.6149,-0.22579,-4.3581,-8.1678,-0.5553,-0.059646,-5.3993,82.232
-8.0456,-4.1284,4.0966,4.5815,-8.3814,-1.4278,-5.0125,-8.7197,-1.1688,0.058807,-5.4412,80.677
-7.2061,-4.6526,3.1896,4.4056,-7.4244,-2.1561,-5.6204,-9.3345,-1.9381,-0.039121,-5.6114,78.826
-5.7899,-4.054,2.4757,3.4846,-6.1996,-2.131,-6.1373,-9.923,-2.7701,-0.29802,-5.8848,76.092
-4.1,-2.4675,2.1087,2.0255,-4.9829,-1.3532,-6.556,-10.389,-3.5683,-0.636,-6.2206,72.309
-2.4253,-0.44216,1.9916,0.44953,-3.8167,-0.13312,-6.9002,-10.679,-4.279,-0.97707,-6.579,67.801
-0.96298,1.2354,1.8123,-0.76901,-2.5819,0.96967,-7.2122,-10.802,-4.9132,-1.2781,-6.934,63.223
0.24022,1.883,1.1637,-1.2924,-1.1265,1.3786,-7.5376,-10.825,-5.5372,-1.5433,-7.2847,59.293
1.2921,1.216,-0.22926,-1.047,0.64149,0.77826,-7.9095,-10.832,-6.2383,-1.8167,-7.6494,56.517
2.3859,-0.53944,-2.3459,-0.26614,2.7137,-0.75253,-8.3329,-10.895,-7.085,-2.1551,-8.055,54.986
3.7051,-2.6994,-4.8818,0.5744,4.9672,-2.7708,-8.7735,-11.052,-8.0977,-2.5961,-8.5231,54.352
5.3302,-4.4026,-7.373,0.95945,7.1859,-4.6444,-9.1601,-11.303,-9.2401,-3.1378,-9.0559,53.978
7.1398,-5.0041,-9.3411,0.57312,9.0793,-5.8179,-9.4053,-11.611,-10.426,-3.738,-9.6309,53.169
8.7856,-4.3124,-10.428,-0.57897,10.325,-6.0255,-9.4321,-11.924,-11.544,-4.3261,-10.204,51.432
9.8131,-2.6327,-10.491,-2.1362,10.668,-5.3518,-9.1911,-12.183,-12.489,-4.8206,-10.721,48.707
9.841,-0.69472,-9.6309,-3.4631,10.001,-4.1828,-8.6647,-12.34,-13.193,-5.1466,-11.136,45.378
8.6829,0.6191,-8.1696,-3.9145,8.4122,-3.0666,-7.8634,-12.358,-13.643,-5.2558,-11.419,42.064
6.4272,0.66014,-6.5567,-3.1344,6.1972,-2.5051,-6.8201,-12.212,-13.884,-5.1424,-11.568,39.376
3.4707,-0.74498,-5.2295,-1.1963,3.7983,-2.7657,-5.5936,-11.907,-14.009,-4.8504,-11.611,37.733
0.45878,-3.213,-4.4685,1.3787,1.672,-3.7889,-4.2746,-11.486,-14.124,-4.4628,-11.6,37.189
-1.8879,-5.8959,-4.311,3.7706,0.17442,-5.1933,-2.9744,-11.025,-14.309,-4.0715,-11.59,37.368
-3.0443,-7.8445,-4.5617,5.2292,-0.50343,-6.43,-1.7909,-10.601,-14.581,-3.7424,-11.622,37.602
-2.8905,-8.4559,-4.8935,5.4014,-0.39026,-7.0256,-0.76941,-10.258,-14.892,-3.4921,-11.702,37.2
-1.7319,-7.6427,-4.9891,4.4056,0.25488,-6.756,0.11308,-9.9904,-15.152,-3.2893,-11.804,35.716
-0.17553,-5.8096,-4.6728,2.7517,1.0432,-5.7132,0.93546,-9.7427,-15.274,-3.0736,-11.879,33.109
1.0807,-3.7419,-3.9813,1.1742,1.6202,-4.296,1.7981,-9.4414,-15.213,-2.7816,-11.876,29.734
1.4836,-2.3372,-3.1481,0.37053,1.7753,-3.0893,2.7792,-9.0261,-14.975,-2.3701,-11.765,26.197
0.79525,-2.2442,-2.493,0.76281,1.4623,-2.6162,3.8973,-8.477,-14.616,-1.8355,-11.544,23.131
-0.86076,-3.6217,-2.2615,2.3703,0.77968,-3.1045,5.0962,-7.8191,-14.216,-1.2241,-11.232,20.978
-3.0595,-6.063,-2.5008,4.7712,-0.072784,-4.3921,6.2581,-7.1131,-13.858,-0.62164,-10.862,19.833
-5.21,-8.7067,-3.0403,7.2066,-0.87262,-5.9872,7.2371,-6.4335,-13.6,-0.12353,-10.465,19.417
-6.7588,-10.61,-3.5781,8.9009,-1.4577,-7.2792,7.9015,-5.8426,-13.457,0.20048,-10.063,19.196
-7.3928,-11.163,-3.8216,9.393,-1.7708,-7.8042,8.1749,-5.3695,-13.401,0.33256,-9.671,18.599
-7.1308,-10.261,-3.6087,8.6509,-1.8531,-7.4078,8.0698,-4.9963,-13.377,0.31559,-9.2967,17.269
-6.2723,-8.3078,-2.9629,7.0576,-1.803,-6.2682,7.6959,-4.6576,-13.311,0.24182,-8.9341,15.238
-5.2611,-6.0847,-2.0778,5.2887,-1.7208,-4.8242,7.227,-4.2609,-13.132,0.22255,-8.5585,12.919
-4.5146,-4.4432,-1.2488,4.0279,-1.6577,-3.6126,6.8331,-3.7239,-12.788,0.34835,-8.1256,10.949
-4.2655,-3.9496,-0.7685,3.6925,-1.5917,-3.0589,6.6106,-3.0134,-12.274,0.65418,-7.5923,9.9492
-4.4899,-4.7056,-0.82007,4.3263,-1.446,-3.3199,6.5493,-2.1641,-11.65,1.1039,-6.9409,10.283
-4.9418,-6.3285,-1.4066,5.5933,-1.1396,-4.2367,6.5476,-1.2654,-11.025,1.6034,-6.1964,11.91
-5.2663,-8.093,-2.3416,6.8902,-0.64141,-5.396,6.4632,-0.42585,-10.508,2.0402,-5.4228,14.384
-5.1672,-9.2486,-3.3092,7.6264,-0.0033091,-6.3058,6.1737,0.26883,-10.156,2.33,-4.6986,17.005
-4.5454,-9.3301,-3.9801,7.4796,0.64283,-6.5898,5.6292,0.78325,-9.9493,2.449,-4.0872,19.075
-3.5218,-8.2546,-4.1327,6.451,1.1261,-6.1048,4.8748,1.142,-9.7994,2.4407,-3.6154,20.167
-2.3695,-6.311,-3.724,4.8195,1.2968,-4.9674,4.0316,1.4186,-9.5909,2.397,-3.2649,20.313
-1.4209,-4.0876,-2.8792,3.0734,1.0794,-3.5067,3.2441,1.7102,-9.2312,2.423,-2.9824,19.974
-0.97024,-2.2738,-1.8258,1.7488,0.49674,-2.1498,2.6221,2.1013,-8.687,2.5979,-2.7032,19.828
-1.1681,-1.38,-0.8077,1.2217,-0.33323,-1.2578,2.2012,2.6306,-7.9936,2.944,-2.3813,20.462
-1.9397,-1.5597,-0.016123,1.5746,-1.2209,-0.99872,1.9326,3.2746,-7.2424,3.4139,-2.0148,22.116
-2.9784,-2.5725,0.44523,2.5658,-1.9428,-1.3042,1.7053,3.9531,-6.5531,3.903,-1.6524,24.592
-3.831,-3.8546,0.57182,3.6861,-2.2921,-1.9024,1.3949,4.5546,-6.0335,4.2877,-1.3752,27.334
-4.0562,-4.7213,0.45398,4.3435,-2.1363,-2.4157,0.91994,4.9757,-5.7369,4.4754,-1.2566,29.676
-3.409,-4.6395,0.24826,4.1183,-1.4691,-2.4958,0.27684,5.1597,-5.636,4.4419,-1.3201,31.085
-1.9646,-3.4097,0.12314,2.9218,-0.43287,-1.9411,-0.45912,5.1197,-5.6281,4.239,-1.5192,31.347
-0.10448,-1.2423,0.19786,1.0309,0.70879,-0.77292,-1.1639,4.936,-5.5744,3.9701,-1.7506,30.61
1.6253,1.2551,0.49935,-0.97547,1.6525,0.74366,-1.7103,4.7266,-5.3573,3.7503,-1.898,29.315
2.7127,3.2869,0.95277,-2.4403,2.1572,2.1721,-2.0126,4.6005,-4.9277,3.6651,-1.8753,28.02
2.8633,4.2279,1.409,-2.9196,2.1202,3.0757,-2.0582,4.6129,-4.3198,3.7413,-1.6674,27.193
2.1051,3.8707,1.7058,-2.3468,1.5963,3.1966,-1.9113,4.7449,-3.6294,3.9381,-1.3315,27.033
0.77445,2.4826,1.751,-1.0438,0.76147,2.5613,-1.6876,4.9186,-2.9711,4.1676,-0.97349,27.403
-0.61643,0.72703,1.5936,0.39268,-0.16181,1.497,-1.5076,5.0355,-2.4318,4.3374,-0.70118,27.928
-1.5802,-0.58103,1.426,1.328,-0.98961,0.5319,-1.4533,5.0163,-2.0393,4.3926,-0.58199,28.146
-1.8323,-0.81228,1.4909,1.3354,-1.6276,0.17138,-1.5464,4.8282,-1.7568,4.3345,-0.62218,27.673
-1.3625,0.24969,1.9466,0.33377,-2.0573,0.67965,-1.748,4.4956,-1.502,4.2123,-0.77299,26.316
-0.38886,2.3382,2.7671,-1.3801,-2.2799,1.984,-1.9757,4.0933,-1.1837,4.1011,-0.95511,24.138
0.76108,4.7486,3.7124,-3.2182,-2.2724,3.6737,-2.1367,3.7205,-0.73697,4.0726,-1.09,21.43
1.7813,6.5693,4.3823,-4.5357,-1.9838,5.0996,-2.1685,3.4596,-0.15032,4.167,-1.1281,18.62
2.4917,7.0614,4.3524,-4.8984,-1.3581,5.6167,-2.0696,3.3424,0.52904,4.3737,-1.0655,16.141
2.8863,5.9533,3.3578,-4.2334,-0.37049,4.8656,-1.9,3.3439,1.2129,4.6324,-0.94245,14.307
3.1065,3.5674,1.4593,-2.8512,0.92814,2.9548,-1.7528,3.4041,1.8063,4.8561,-0.82278,13.218
3.344,0.77392,-0.90255,-1.3336,2.3805,0.48935,-1.7151,3.4649,2.2486,4.9687,-0.76403,12.741
3.7247,-1.3786,-3.0624,-0.27386,3.7453,-1.6564,-1.8391,3.4993,2.5364,4.9348,-0.79428,12.556
4.2366,-2.1606,-4.415,-0.019614,4.772,-2.747,-2.1297,3.5208,2.7194,4.7694,-0.90555,12.266
4.7351,-1.3783,-4.6423,-0.57655,5.2818,-2.4565,-2.5479,3.5711,2.8725,4.5254,-1.0646,11.535
5.014,0.60182,-3.8251,-1.639,5.2229,-0.97147,-3.0266,3.6961,3.0576,4.2679,-1.2336,10.224
4.9013,2.9015,-2.4341,-2.7039,4.6818,0.994,-3.4921,3.922,3.294,4.0507,-1.3913,8.454
4.331,4.4625,-1.1706,-3.2758,3.848,2.4569,-3.8817,4.2427,3.5524,3.8988,-1.5407,6.5667
3.3558,4.5434,-0.677,-3.0673,2.9363,2.6467,-4.1504,4.6272,3.7772,3.8078,-1.7076,4.9869
2.102,2.9898,-1.1976,-2.0777,2.0764,1.3405,-4.2707,5.0425,3.9224,3.7564,-1.9181,4.0689
0.70329,0.30395,-2.3813,-0.56607,1.2438,-0.99773,-4.231,5.4737,3.9803,3.7219,-2.1781,3.9776
-0.72537,-2.4691,-3.4351,1.0302,0.31453,-3.3217,-4.0378,5.9237,3.9833,3.6883,-2.4672,4.6376
-2.0477,-4.2148,-3.588,2.2316,-0.78721,-4.5524,-3.7206,6.3944,3.9798,3.6441,-2.7492,5.757
-3.0666,-4.273,-2.4784,2.6779,-1.9797,-4.1195,-3.3359,6.8678,4.0069,3.5779,-2.9895,6.9259
-3.5457,-2.6183,-0.28152,2.2467,-3.0388,-2.0687,-2.9594,7.3015,4.0747,3.4776,-3.169,7.757
-3.2853,0.1571,2.3147,1.0899,-3.6637,0.94742,-2.6615,7.6408,4.1685,3.3368,-3.2906,8.0225
-2.2099,3.0015,4.321,-0.41829,-3.5417,3.7952,-2.4735,7.8417,4.263,3.1635,-3.3742,7.7362
-0.42472,4.8535,4.8992,-1.8142,-2.4571,5.3966,-2.3674,7.8927,4.3395,2.9828,-3.4451,7.1524
1.7615,5.1156,3.7554,-2.7033,-0.43789,5.263,-2.2635,7.8197,4.3958,2.83,-3.5206,6.6771
3.8658,3.8218,1.2545,-2.8753,2.0993,3.5999,-2.0644,7.6725,4.444,2.7355,-3.6033,6.7198
5.3419,1.5876,-1.6432,-2.3508,4.4106,1.2062,-1.7011,7.4986,4.4979,2.7076,-3.6835,7.5305
5.7571,-0.6162,-3.7175,-1.3649,5.7379,-0.80902,-1.1703,7.318,4.5591,2.7237,-3.7516,9.0818
4.955,-1.893,-4.022,-0.28594,5.6095,-1.53,-0.54281,7.1115,4.6045,2.732,-3.8095,11.054
3.1316,-1.7734,-2.24,0.51603,3.9741,-0.58733,0.062701,6.8301,4.5946,2.6681,-3.8721,12.947
0.78462,-0.29509,1.2366,0.79304,1.2078,1.7872,0.53188,6.4234,4.4949,2.4813,-3.9576,14.272
-1.4696,2.0545,5.3898,0.49119,-1.9961,4.8289,0.8067,5.8723,4.3022,2.162,-4.0706,14.764
-3.1502,4.4852,8.9636,-0.22471,-4.838,7.5178,0.91358,5.2109,4.0611,1.7555,-4.1879,14.512
-4.0859,6.2025,11.056,-0.99927,-6.7117,9.0623,0.95125,4.5213,3.8551,1.3499,-4.2573,13.939
-4.4257,6.7063,11.419,-1.4039,-7.4447,9.1803,1.0368,3.9004,3.7717,1.0388,-4.2175,13.631
-4.5198,5.8966,10.374,-1.1164,-7.2355,8.0642,1.2388,3.4122,3.857,0.87299,-4.0308,14.089
-4.7274,4.057,8.5878,-0.066194,-6.4665,6.2416,1.5487,3.0528,4.0852,0.82936,-3.7093,15.514
-5.2398,1.8049,6.8146,1.5043,-5.6021,4.3902,1.9049,2.752,4.3658,0.82034,-3.3191,17.71
-6.0068,-0.081919,5.7087,3.0896,-5.0605,3.1294,2.2328,2.4119,4.5859,0.73697,-2.9541,20.162
-6.7725,-0.95102,5.6862,4.1127,-5.0862,2.8617,2.4877,1.9582,4.6646,0.50009,-2.6956,22.249
-7.1943,-0.48708,6.7606,4.1664,-5.6464,3.6743,2.7133,1.3741,4.5889,0.093362,-2.5744,23.502
-7.0172,1.2086,8.4986,3.1629,-6.4491,5.3008,3.0615,0.70604,4.4125,-0.43348,-2.5537,23.801
-6.2394,3.6168,10.23,1.3825,-7.1503,7.1933,3.7184,0.040728,4.2212,-0.98765,-2.5438,23.427
-5.1453,5.9236,11.354,-0.57886,-7.541,8.7165,4.7859,-0.53405,4.0862,-1.4716,-2.4415,22.933
-4.1615,7.3105,11.535,-2.0246,-7.5754,9.3625,6.212,-0.96994,4.0267,-1.8234,-2.1782,22.905
-3.6246,7.2581,10.743,-2.455,-7.298,8.8888,7.8085,-1.2798,4,-2.0468,-1.7543,23.703
-3.5931,5.7291,9.1953,-1.7595,-6.7451,7.3886,9.3364,-1.5303,3.9206,-2.2158,-1.2453,25.294
-3.808,3.2444,7.2338,-0.27638,-5.8864,5.2946,10.61,-1.809,3.7041,-2.4422,-0.7747,27.251
-3.8015,0.76289,5.2111,1.2778,-4.6468,3.2485,11.576,-2.183,3.3108,-2.8169,-0.46446,28.917
-3.0849,-0.73125,3.4049,2.0924,-2.9731,1.8517,12.326,-2.6626,2.7692,-3.3605,-0.38275,29.668
-1.3635,-0.64901,1.9615,1.6405,-0.9017,1.4557,13.051,-3.1905,2.1662,-4.0116,-0.51335,29.172
1.2833,1.0294,0.88516,-0.11502,1.4112,2.0642,13.947,-3.662,1.6102,-4.6547,-0.76611,27.542
4.3621,3.7089,0.084871,-2.6903,3.7098,3.3118,15.11,-3.9694,1.1868,-5.1697,-1.0256,25.281
7.1316,6.3129,-0.557,-5.1997,5.6795,4.57,16.489,-4.0445,0.9276,-5.4791,-1.2113,23.07
8.8893,7.7652,-1.1341,-6.7343,7.0014,5.2127,17.929,-3.88,0.80622,-5.5721,-1.3143,21.494
9.2108,7.4772,-1.6741,-6.7721,7.4364,4.8835,19.275,-3.5205,0.762,-5.4986,-1.3933,20.83
8.0615,5.5178,-2.0948,-5.3312,6.9053,3.6331,20.429,-3.0343,0.73683,-5.3411,-1.5357,20.971
5.7948,2.613,-2.2054,-2.9452,5.5181,1.9292,21.367,-2.4845,0.70449,-5.1812,-1.8097,21.504
3.0454,-0.096795,-1.7862,-0.48294,3.54,0.48091,22.122,-1.9094,0.68016,-5.072,-2.2305,21.899
0.52512,-1.6252,-0.71117,1.2343,1.3156,-0.10672,22.752,-1.3127,0.71263,-5.0196,-2.7503,21.702
-1.2311,-1.5515,0.96138,1.7638,-0.81375,0.40942,23.309,-0.66326,0.86762,-4.978,-3.2734,20.702
-2.0359,-0.051726,2.9676,1.1351,-2.5711,1.8668,23.812,0.089911,1.2061,-4.8684,-3.6898,19.011
-2.0487,2.1924,4.8862,-0.20201,-3.7731,3.7486,24.247,0.98706,1.7594,-4.6238,-3.9212,17.028
-1.6556,4.1988,6.2436,-1.5518,-4.3445,5.3256,24.578,2.0257,2.5089,-4.2329,-3.9586,15.297
-1.3024,5.084,6.659,-2.2685,-4.3356,5.9332,24.755,3.15,3.3824,-3.7504,-3.8728,14.31
-1.3227,4.4098,5.9953,-2.0077,-3.9282,5.2364,24.725,4.2681,4.2737,-3.2696,-3.7866,14.328
-1.8265,2.3107,4.4659,-0.80741,-3.4121,3.364,24.44,5.2824,5.0761,-2.8805,-3.8186,15.3
-2.7157,-0.52325,2.6109,0.95864,-3.1087,0.90627,23.861,6.1153,5.7174,-2.6385,-4.0273,16.893
-3.7813,-3.0911,1.0692,2.7153,-3.2297,-1.3057,22.944,6.7236,6.1785,-2.5522,-4.3845,18.609
-4.7817,-4.5513,0.27558,3.91,-3.7593,-2.6006,21.639,7.0983,6.4858,-2.5935,-4.7964,19.953
-5.4837,-4.5561,0.31948,4.223,-4.4716,-2.7292,19.894,7.2555,6.6834,-2.7188,-5.1513,20.592
-5.6803,-3.3086,0.94025,3.6561,-5.0328,-1.8901,17.71,7.2259,6.8047,-2.8884,-5.3674,20.447
-5.211,-1.4675,1.5956,2.499,-5.0928,-0.63727,15.207,7.047,6.8613,-3.0742,-5.4166,19.713
-3.9975,0.11558,1.6582,1.1929,-4.3526,0.32288,12.625,6.7572,6.848,-3.2574,-5.3206,18.799
-2.0769,0.76553,0.67213,0.13192,-2.6329,0.4094,10.198,6.3906,6.7527,-3.4273,-5.1295,18.2
0.39138,0.2204,-1.4885,-0.48785,0.028298,-0.63578,8.0335,5.9706,6.5617,-3.5825,-4.8982,18.31
3.144,-1.322,-4.5838,-0.70163,3.3143,-2.6704,6.109,5.5059,6.2613,-3.7312,-4.6703,19.248
5.8385,-3.2859,-8.0536,-0.70642,6.702,-5.174,4.3272,4.9919,5.842,-3.8861,-4.4701,20.79
8.0919,-4.9592,-11.176,-0.73217,9.6162,-7.4358,2.577,4.4207,5.3085,-4.0525,-4.2994,22.44
9.5578,-5.8029,-13.317,-0.92218,11.565,-8.8587,0.79174,3.7964,4.6898,-4.2204,-4.1405,23.62
10.032,-5.6324,-14.118,-1.2839,12.235,-9.1697,-1.0167,3.1455,4.0369,-4.3646,-3.9678,23.87
9.5275,-4.633,-13.583,-1.7107,11.587,-8.4704,-2.7609,2.5168,3.4081,-4.4546,-3.7651,23.027
8.2758,-3.2801,-12.095,-2.0387,9.9195,-7.1867,-4.3068,1.9727,2.8484,-4.4659,-3.5367,21.291
6.6501,-2.1639,-10.307,-2.1161,7.798,-5.9164,-5.5154,1.5773,2.3775,-4.3864,-3.3035,19.147
5.0555,-1.7516,-8.9182,-1.8654,5.868,-5.1977,-6.2922,1.3832,1.9876,-4.2165,-3.0867,17.194
3.8311,-2.2075,-8.408,-1.3257,4.616,-5.3148,-6.6311,1.4146,1.6507,-3.9665,-2.893,15.932
3.1913,-3.3391,-8.8491,-0.65504,4.222,-6.1977,-6.6355,1.6554,1.3312,-3.6536,-2.71,15.577
3.1925,-4.6682,-9.8928,-0.083824,4.5825,-7.4421,-6.497,2.0485,1.0007,-3.2989,-2.5133,15.984
3.7214,-5.631,-10.981,0.18062,5.4099,-8.4924,-6.4265,2.5098,0.64994,-2.9253,-2.2801,16.708
4.531,-5.8232,-11.621,0.046473,6.3339,-8.9049,-6.5649,2.957,0.29276,-2.555,-2.0033,17.172
5.3138,-5.1578,-11.546,-0.41152,7.0175,-8.5062,-6.9191,3.3385,-0.038846,-2.2036,-1.6968,16.88
5.7777,-3.8987,-10.757,-0.96758,7.2484,-7.4187,-7.3579,3.6505,-0.30656,-1.8732,-1.391,15.606
5.7106,-2.5727,-9.4706,-1.3194,6.9529,-6.0119,-7.6788,3.9331,-0.48329,-1.5494,-1.1196,13.49
5.0351,-1.7479,-7.9987,-1.2076,6.1726,-4.7649,-7.7151,4.2431,-0.56896,-1.209,-0.90607,10.979
3.8302,-1.783,-6.6311,-0.52723,5.0372,-4.0596,-7.4243,4.617,-0.59785,-0.83397,-0.75962,8.6431
2.3045,-2.6794,-5.5295,0.61582,3.7131,-4.0161,-6.9072,5.044,-0.63117,-0.42581,-0.67078,6.9491
0.72227,-4.0768,-4.6701,1.929,2.3396,-4.4512,-6.3574,5.465,-0.73781,-0.012682,-0.61994,6.0798
-0.6837,-5.3942,-3.8776,3.0401,0.99076,-4.9685,-5.9821,5.7965,-0.97124,0.35469,-0.58779,5.8612
-1.7754,-6.0914,-2.9446,3.638,-0.31589,-5.156,-5.9317,5.9657,-1.351,0.61811,-0.56662,5.8327
-2.5299,-5.8816,-1.7597,3.5758,-1.5839,-4.7789,-6.2555,5.9389,-1.8547,0.73317,-0.5665,5.4376
-3.0301,-4.8069,-0.36872,2.9226,-2.81,-3.8583,-6.8928,5.7361,-2.4221,0.6883,-0.61015,4.2592
-3.4308,-3.2191,1.0335,1.9692,-3.9709,-2.642,-7.7038,5.4257,-2.9729,0.51386,-0.71553,2.1918
-3.9047,-1.6878,2.161,1.1526,-5.0032,-1.5109,-8.5336,5.1047,-3.4308,0.27568,-0.8742,-0.53022
-4.5765,-0.79388,2.7294,0.88314,-5.7813,-0.84482,-9.283,4.8675,-3.7484,0.052713,-1.0409,-3.4214
-5.4429,-0.88355,2.5482,1.3668,-6.1303,-0.88558,-9.9439,4.7767,-3.9234,-0.096778,-1.1468,-5.927
-6.306,-1.9442,1.5732,2.5261,-5.8756,-1.6538,-10.589,4.8454,-4.0014,-0.16698,-1.1331,-7.615
-6.7985,-3.6248,-0.081597,4.0091,-4.8943,-2.9415,-11.327,5.0396,-4.0622,-0.21228,-0.98586,-8.3291
-6.5124,-5.3291,-2.156,5.267,-3.1668,-4.3687,-12.255,5.2959,-4.1876,-0.31946,-0.74916,-8.2464
-5.1648,-6.3979,-4.285,5.7363,-0.82746,-5.4909,-13.406,5.548,-4.4241,-0.5584,-0.50545,-7.8018
-2.7421,-6.3501,-6.0819,5.0686,1.8266,-5.9389,-14.722,5.7561,-4.757,-0.93936,-0.33223,-7.5029
0.43841,-5.0508,-7.2399,3.2687,4.3917,-5.5368,-16.054,5.9211,-5.1088,-1.3982,-0.2592,-7.713
3.7888,-2.758,-7.6007,0.70052,6.4492,-4.3595,-17.21,6.079,-5.3662,-1.8151,-0.24998,-8.5004
6.6084,-0.071823,-7.181,-1.9976,7.6611,-2.7273,-18.024,6.2761,-5.428,-2.0614,-0.21868,-9.6284
8.2816,2.2507,-6.1737,-4.1215,7.8504,-1.1209,-18.425,6.5362,-5.2525,-2.0579,-0.072976,-10.685
8.4677,3.5729,-4.9034,-5.1541,7.0444,-0.020018,-18.458,6.8387,-4.8834,-1.8174,0.23969,-11.274
7.2247,3.5886,-3.7152,-4.9236,5.4631,0.26812,-18.265,7.1228,-4.4373,-1.445,0.70802,-11.164
4.9964,2.4234,-2.8431,-3.6547,3.4528,-0.27182,-18.02,7.3135,-4.0556,-1.0907,1.2568,-10.366
2.4705,0.65306,-2.3314,-1.9261,1.4021,-1.32,-17.847,7.3504,-3.8446,-0.87844,1.7823,-9.1066
0.36477,-0.87327,-2.0491,-0.48585,-0.33429,-2.3233,-17.771,7.2053,-3.8307,-0.8516,2.1991,-7.7393
-0.78285,-1.3693,-1.789,0.020548,-1.4937,-2.7359,-17.725,6.8845,-3.9518,-0.95906,2.4771,-6.6257
-0.72833,-0.39103,-1.4006,-0.73453,-1.9315,-2.2346,-17.593,6.4193,-4.0896,-1.0865,2.6507,-6.0172
0.4682,2.0045,-0.88474,-2.6267,-1.6154,-0.82094,-17.261,5.8537,-4.1232,-1.112,2.7995,-5.9781
2.4792,5.1728,-0.41462,-5.0713,-0.60148,1.1361,-16.656,5.2322,-3.9787,-0.95998,3.0084,-6.3693
4.8092,8.0525,-0.28396,-7.2658,0.99833,2.9705,-15.786,4.589,-3.6555,-0.63266,3.3242,-6.9047
6.9788,9.6752,-0.78917,-8.5596,3.0206,3.9994,-14.752,3.9396,-3.2266,-0.213,3.7254,-7.2829
8.6647,9.5846,-2.0679,-8.6688,5.2271,3.8444,-13.738,3.2771,-2.8144,0.16496,4.1226,-7.314
9.7159,7.9323,-3.9763,-7.7219,7.3154,2.563,-12.945,2.5772,-2.5433,0.37148,4.3958,-7.0055
10.13,5.4263,-6.0715,-6.2157,8.9627,0.63673,-12.506,1.8105,-2.4856,0.33727,4.4501,-6.5634
10.015,3.1129,-7.7225,-4.8239,9.8805,-1.1624,-12.422,0.95821,-2.6273,0.079579,4.2569,-6.3078
9.5229,1.9198,-8.3353,-4.097,9.8775,-2.0836,-12.559,0.022449,-2.8728,-0.31271,3.859,-6.5399
8.7779,2.2742,-7.5805,-4.2618,8.9086,-1.7243,-12.717,-0.97016,-3.0856,-0.72138,3.3395,-7.4161
7.841,4.0152,-5.5014,-5.1696,7.0991,-0.15012,-12.705,-1.9716,-3.1431,-1.0445,2.7835,-8.8821
6.7104,6.4656,-2.5169,-6.3386,4.7453,2.1624,-12.396,-2.9195,-2.9795,-1.2258,2.2533,-10.687
5.371,8.6543,0.68038,-7.1335,2.2679,4.488,-11.756,-3.7479,-2.5986,-1.2621,1.7831,-12.465
3.8731,9.721,3.3547,-7.0504,0.11033,6.1205,-10.841,-4.4088,-2.0646,-1.195,1.3828,-13.853
2.3757,9.2533,4.9726,-5.9341,-1.3574,6.6326,-9.7898,-4.9003,-1.4791,-1.0938,1.044,-14.615
1.1186,7.4055,5.316,-4.057,-1.9139,5.9907,-8.7861,-5.282,-0.9525,-1.0332,0.74552,-14.739
0.33567,4.8647,4.4869,-2.0368,-1.5717,4.5346,-7.9994,-5.6547,-0.57392,-1.0694,0.46639,-14.454
0.13514,2.59,2.8951,-0.54247,-0.58362,2.8567,-7.5065,-6.1124,-0.3853,-1.2227,0.20094,-14.153
0.39838,1.3794,1.2006,0.014803,0.6276,1.5959,-7.2489,-6.6973,-0.36649,-1.471,-0.029087,-14.229
0.78087,1.6002,0.15326,-0.40424,1.4851,1.2329,-7.0607,-7.3798,-0.44172,-1.7548,-0.1735,-14.904
0.8356,3.137,0.33775,-1.4821,1.3763,1.9593,-6.7438,-8.0677,-0.51245,-1.9931,-0.16702,-16.126
0.20134,5.4166,1.9169,-2.6485,-0.031787,3.6014,-6.146,-8.646,-0.50136,-2.1041,0.045921,-17.58
-1.2809,7.5855,4.5391,-3.3135,-2.5897,5.6389,-5.2214,-9.0284,-0.38386,-2.0293,0.48646,-18.819
-3.5363,8.8712,7.487,-3.1062,-5.708,7.4069,-4.0467,-9.1947,-0.19513,-1.7529,1.1314,-19.429
-6.1939,8.8723,9.9866,-1.9804,-8.6354,8.3869,-2.7794,-9.1952,-0.01382,-1.313,1.9238,-19.17
-8.5602,7.6664,11.48,-0.24824,-10.705,8.3904,-1.607,-9.1282,0.069342,-0.79538,2.7976,-18.069
-9.7937,5.816,11.737,1.4391,-11.415,7.5985,-0.71926,-9.0991,-0.015894,-0.30803,3.6997,-16.417
-9.2247,4.2056,10.819,2.2845,-10.476,6.4792,-0.2698,-9.1749,-0.29757,0.055548,4.5996,-14.684
-6.5897,3.657,8.9994,1.6897,-7.892,5.5823,-0.307,-9.354,-0.75348,0.25145,5.4853,-13.353
-2.1725,4.5751,6.6801,-0.48079,-4.0583,5.3071,-0.72011,-9.568,-1.3151,0.30384,6.3535,-12.745
3.2048,6.827,4.3319,-3.8246,0.26639,5.7735,-1.2578,-9.7167,-1.8837,0.29725,7.2047,-12.899
8.3947,9.7592,2.4307,-7.4752,4.1682,6.8056,-1.6184,-9.7126,-2.3588,0.34516,8.0416,-13.559
12.229,12.388,1.3456,-10.385,6.8244,8.0018,-1.5614,-9.5144,-2.6707,0.54829,8.8609,-14.271
13.829,13.83,1.2062,-11.754,7.7615,8.902,-0.98021,-9.1363,-2.8002,0.95506,9.6376,-14.56
12.932,13.675,1.8687,-11.281,6.9426,9.1957,0.085167,-8.6346,-2.7787,1.5378,10.32,-14.087
9.9749,12.095,3.0207,-9.2235,4.7495,8.8564,1.4796,-8.0834,-2.6715,2.1987,10.849,-12.766
5.8974,9.7703,4.3341,-6.3362,1.8723,8.147,2.9907,-7.5488,-2.553,2.8088,11.2,-10.788
1.9808,7.6603,5.5506,-3.6303,-0.84698,7.4934,4.4134,-7.0679,-2.4803,3.258,11.395,-8.5999
-0.59442,6.6011,6.4722,-2.001,-2.7096,7.2687,5.6012,-6.6389,-2.475,3.4926,11.499,-6.7515
-1.2412,7.0049,6.9293,-1.9532,-3.3685,7.6181,6.4973,-6.23,-2.5196,3.5287,11.583,-5.7249
-0.069612,8.7578,6.8149,-3.4587,-2.8218,8.4109,7.1359,-5.7983,-2.5609,3.4431,11.695,-5.7615
2.2537,11.216,6.1746,-5.9022,-1.3923,9.3114,7.6152,-5.3076,-2.5254,3.3511,11.848,-6.7567
4.6927,13.391,5.252,-8.2387,0.29569,9.9237,8.0682,-4.7385,-2.3449,3.3689,12.015,-8.2785
6.1603,14.367,4.4199,-9.4537,1.5046,9.9535,8.6057,-4.0925,-1.99,3.5704,12.147,-9.7252
5.9899,13.656,4.0283,-8.987,1.699,9.3221,9.2304,-3.3944,-1.4906,3.9538,12.191,-10.554
4.1629,11.364,4.2566,-6.8596,0.74732,8.2065,9.8215,-2.6936,-0.93389,4.4355,12.114,-10.469
1.2401,8.2547,5.044,-3.7266,-1.054,6.9888,10.21,-2.0592,-0.44082,4.8832,11.913,-9.5113
-1.8096,5.5138,6.1272,-0.74256,-3.1099,6.1042,10.253,-1.5676,-0.1263,5.1755,11.612,-8.0315
-3.9535,4.129,7.1596,1.024,-4.7726,5.8573,9.8728,-1.2807,-0.057742,5.2512,11.258,-6.573
-4.5176,4.4754,7.8412,1.0771,-5.5674,6.3149,9.0586,-1.2228,-0.23302,5.1247,10.909,-5.6905
-3.4399,6.2998,7.9869,-0.4493,-5.3184,7.2834,7.8637,-1.3669,-0.58766,4.8667,10.627,-5.7593
-1.2284,8.8073,7.5228,-2.8657,-4.1424,8.3411,6.3889,-1.6389,-1.0268,4.5705,10.46,-6.8367
1.2973,10.916,6.4597,-5.1615,-2.3687,8.967,4.7596,-1.9412,-1.4647,4.3171,10.427,-8.6277
3.321,11.735,4.8938,-6.4656,-0.45189,8.7534,3.103,-2.1851,-1.8564,4.1503,10.505,-10.576
4.2896,10.901,3.0394,-6.376,1.1512,7.5882,1.5266,-2.3184,-2.2102,4.0674,10.646,-12.052
4.0616,8.6601,1.2329,-5.0037,2.1222,5.7298,0.10084,-2.3385,-2.5764,4.0235,10.795,-12.587
2.9134,5.8192,-0.14836,-2.9075,2.3669,3.7517,-1.1479,-2.2852,-3.0212,3.9531,10.914,-12.042
1.4101,3.4799,-0.81959,-0.92267,2.0137,2.3342,-2.2306,-2.2185,-3.5954,3.802,11.001,-10.653
0.18281,2.5562,-0.67284,0.16959,1.328,1.9955,-3.1804,-2.1891,-4.3096,3.5561,11.084,-8.9277
-0.28114,3.443,0.21291,-0.059406,0.61062,2.9197,-4.0389,-2.2125,-5.1265,3.2509,11.21,-7.4612
0.19472,5.9375,1.5906,-1.5719,0.12722,4.8964,-4.8423,-2.2567,-5.9737,2.9555,11.424,-6.7081
1.4135,9.2499,3.0839,-3.8714,0.044242,7.3358,-5.6005,-2.2505,-6.7687,2.7446,11.753,-6.8074
2.9331,12.247,4.2665,-6.1741,0.38926,9.4479,-6.2792,-2.1121,-7.4442,2.6706,12.203,-7.5286
4.2785,13.987,4.7813,-7.7714,1.0568,10.574,-6.8047,-1.7833,-7.9679,2.7499,12.776,-8.3553
5.0974,14.08,4.4909,-8.3104,1.834,10.443,-7.0948,-1.256,-8.3455,2.9654,13.478,-8.6717
5.2381,12.736,3.6002,-7.8448,2.442,9.2547,-7.0978,-0.57676,-8.6147,3.2786,14.326,-7.9839
4.7616,10.685,2.6372,-6.7772,2.6061,7.6337,-6.8155,0.16894,-8.8306,3.6444,15.339,-6.1014
3.8983,8.9265,2.2529,-5.7187,2.1459,6.4008,-6.3091,0.88548,-9.0458,4.0242,16.526,-3.2115
2.9613,8.3312,2.9299,-5.2565,1.0458,6.2404,-5.6865,1.4981,-9.2879,4.3931,17.874,0.17955
2.2439,9.3539,4.749,-5.7512,-0.52289,7.4398,-5.075,1.9802,-9.539,4.7456,19.352,3.4252
1.9357,11.919,7.3459,-7.229,-2.2403,9.8013,-4.5847,2.3727,-9.7217,5.1009,20.919,5.9786
2.0923,15.365,10.056,-9.3535,-3.7285,12.696,-4.2761,2.7839,-9.6994,5.5113,22.547,7.6015
2.6614,18.644,12.171,-11.538,-4.6521,15.294,-4.1436,3.363,-9.3043,6.0664,24.261,8.4531
3.5337,20.848,13.22,-13.207,-4.7792,16.926,-4.1255,4.2471,-8.3935,6.8979,26.19,9.0311
4.5992,21.632,13.117,-14.047,-3.9939,17.359,-4.1506,5.5114,-6.8948,8.2432,28.636,10.022
5.7999,21.328,12.117,-14.131,-2.3048,16.856,-4.2128,7.1678,-4.9041,10.891,32.139,12.139
7.1668,20.936,10.621,-13.935,0.10093,16.097,-4.4152,9.1035,-3.0745,17.207,37.347,16.012
8.793,21.913,9.1609,-14.235,2.9665,15.909,-4.9419,10.696,-2.1339,21.648,43.975,22.162
10.708,22.225,5.9056,-15.866,6.2592,13.385,-6.0014,10.451,-2.1399,18.405,47.684,31.038
12.749,18.74,0.0169,-18.348,11.5,9.569,-7.8525,6.4171,-9.7789,15.822,45.83,40.205
14.575,19.905,-0.97706,-19.678,15.167,10.317,-10.917,-5.079,-19.375,15.15,43.498,24.797
15.787,26.061,2.025,-23.051,15.724,15.576,-12.153,-1.9962,-11.637,16.87,42.264,21.785
16.019,34.116,6.2662,-26.805,15.762,22.412,-10.913,7.3755,2.4427,22.95,42.61,19.725
15.363,42.759,11.147,-29.669,12.665,30.121,-10.667,24.81,22.254,35.378,45.948,18.224
15.538,52.594,21.51,-32.471,6.2475,38.905,-8.3154,47.617,46.544,54.951,54.931,17.499
11.472,61.263,38.922,-36.155,-3.4688,50.237,-3.8144,67.152,71,80.793,73.673,24.116
5.4291,73.67,62.388,-41.172,-19.955,68.11,-2.0797,72.772,82.308,112.16,107.4,50.269
0.24708,96.334,92.677,-49.805,-43.733,94.453,-6.1498,54.091,66.289,143.35,160.13,102.86
-2.2391,132.28,130.98,-66.316,-66.03,131.49,-19.7,2.4647,11.596,165.23,235.77,190.07
-0.23388,183.5,178.14,-93.569,-87.694,180.67,-46.131,-86.336,-87.042,175.12,336.38,310.52
7.9299,249.72,233.92,-131.78,-110.27,241.71,-85.824,-211.29,-227,172.44,462.79,463.42
23.851,327.69,295.94,-178.73,-133.12,311.7,-135.42,-367.05,-398.65,159.25,615.15,649.41
47.442,410.84,358.66,-230.43,-154.09,384.53,-195.04,-545.59,-588.2,139.28,790.43,859.79
74.815,489.59,413.43,-281.62,-169.37,451.11,-264.06,-737.36,-781.25,115.51,978.66,1077.9
102.58,552.7,449.98,-326.23,-174.35,500.8,-340.6,-931.95,-965.84,87.256,1161,1279.2
129.8,589.37,459.11,-358.26,-165.2,523.66,-421.1,-1118.5,-1133.8,48.169,1309.7,1434.3
154.55,591.37,435.15,-372.37,-140.35,512.75,-499.77,-1286.2,-1280.5,-12.92,1391.7,1514.9
173.89,554.36,377.3,-364.53,-101.11,465.42,-569.05,-1424.6,-1403.3,-107.95,1377.8,1501.8
185.05,478.42,289.25,-332.82,-51.13,383.49,-620.67,-1524.9,-1499.8,-243.75,1251.8,1391.2
185.93,368.25,178.45,-278.22,4.5078,272.98,-647.32,-1580.8,-1566.7,-417.2,1017.6,1196
175.24,233.69,55.691,-205.18,59.905,144.19,-644.52,-1590.4,-1600.6,-613.83,699.69,943.76
153.06,89.807,-65.115,-121.83,108.68,11.693,-612.33,-1556.5,-1599.1,-810.26,338.5,668.82
122.12,-44.679,-168.28,-39.018,144.51,-107.27,-555.81,-1486.4,-1561.7,-979.36,-17.89,405.36
86.892,-151.42,-239.54,32.064,162.34,-196.33,-483.59,-1389.4,-1490.6,-1096.5,-323.69,180.78
51.922,-217.51,-270.13,82.927,159.85,-244.62,-405.24,-1274.3,-1389.4,-1145.3,-544.96,10.805
20.857,-239.31,-259.6,110.11,138.45,-250.14,-328.93,-1148.1,-1263.7,-1122.5,-666.77,-105.25
-6.0243,-222.94,-215.96,115.68,103.12,-220.03,-260.36,-1016,-1121.2,-1038.1,-695,-150.46
-28.928,-181.44,-153.09,105.63,61.241,-167.78,-203.06,-882.47,-970.62,-911.81,-651.48,-158.26
-45.427,-129.84,-86.436,87.055,20.723,-108.66,-158.82,-751.58,-820.82,-766.37,-564.81,-152.29
-54.245,-79.835,-28.802,64.609,-11.952,-55.244,-127.77,-626.69,-678.66,-621.18,-461.34,-139.97
-55.979,-41.244,12.379,43.056,-33.185,-15.243,-108.02,-510.45,-548.31,-488.64,-359.69,-125.91
-51.768,-20.301,35.411,29.419,-42.632,9.1423,-96.005,-404.93,-431.7,-374.3,-269.91,-113.6
-43.202,-10.995,42.8,22.658,-42.557,19.876,-87.425,-311.8,-329.7,-279.66,-195.52,-103.59
-29.526,-8.3051,39.142,19.048,-36.559,20.197,-78.584,-232.32,-242.82,-206.03,-135.81,-51.389
-17.343,-7.3777,29.146,14.391,-27.795,13.259,-67.078,-167.16,-171.72,-151.1,-83.345,-46.24
-15.424,-9.0199,15.592,11.082,-19.292,2.8037,-52.891,-116.57,-118.4,-106.41,-50.077,-43.497
-15.455,-14.163,5.1139,12.068,-12.206,-5.9612,-37.387,-78.389,-80.777,-67.686,-38.085,-36.933
-15.275,-18.201,-1.2168,15.047,-7.0403,-11.241,-23.38,-49.128,-51.747,-40.526,-28.942,-30.012
-14.175,-17.638,-1.0817,15.676,-5.7634,-10.096,-14.546,-32.641,-32.227,-27.313,-23.497,-23.996
-12.208,-12.316,0.62613,11.785,-5.6077,-6.6616,-12.253,-25.378,-20.824,-21.378,-21.596,-19.326
-9.5071,-8.0347,1.9809,8.1919,-5.6123,-3.6854,-15.891,-22.158,-13.866,-18.53,-22.3,-16.202
-6.4789,-4.1252,2.3996,4.9806,-4.9242,-1.3878,-18.447,-19.801,-8.4618,-16.884,-24.385,-14.536
-3.4669,-1.3142,1.5002,2.1195,-3.2472,-0.27497,-18.21,-18.146,-3.0327,-15.15,-24.907,-13.934
-0.50676,-0.14255,-0.47629,0.064272,-0.96025,-0.49058,-16.239,-17.65,1.2014,-13.383,-17.179,-13.835
2.3069,-0.72803,-3.168,-0.86328,1.7377,-1.9361,-13.627,-21.951,2.5607,-15.4,-12.505,-13.693
4.7965,-2.7236,-6.2011,-0.70422,4.6729,-4.2152,-11.196,-22.229,-0.048667,-12.369,-9.9895,-13.148
6.8606,-5.2871,-9.0929,0.10902,7.5142,-6.6225,-9.2726,-16.54,2.1011,-8.2351,-8.2722,-12.142
8.5122,-7.3426,-11.292,0.9011,9.8972,-8.379,-7.8283,-12.309,5.5036,-5.8747,-7.0007,-10.917
9.7984,-8.0699,-12.364,1.0857,11.517,-8.9463,-6.7157,-9.3627,8.4462,-4.3679,-6.0207,-9.9266
10.686,-7.1834,-12.158,0.4197,12.154,-8.191,-5.786,-7.0755,11.076,-3.2545,-5.2261,-9.6624
11.004,-4.9806,-10.845,-0.94498,11.715,-6.4251,-4.9264,-5.1401,13.528,-2.2893,-4.5381,-10.46
10.519,-2.3203,-8.8566,-2.4829,10.27,-4.3405,-4.0704,-3.4298,15.828,-1.3448,-3.9021,-12.345
9.0774,-0.32489,-6.7166,-3.4576,7.9973,-2.7402,-3.1929,-1.9115,17.92,-0.37761,-3.2838,-15.01
6.6507,0.18049,-4.8335,-3.3,5.0765,-2.1862,-2.2985,-0.59322,19.719,0.60126,-2.665,-17.929
3.3581,-0.99401,-3.3723,-1.8978,1.6923,-2.7908,-1.4104,0.51262,21.155,1.5476,-2.0447,-20.531
-0.42501,-3.3755,-2.2703,0.39043,-1.8653,-4.1715,-0.56148,1.4084,22.219,2.4007,-1.4416,-22.352
-4.0834,-5.9805,-1.3443,2.8652,-5.1613,-5.6054,0.21654,2.1121,22.973,3.104,-0.89101,-23.157
-6.9449,-7.7457,-0.40435,4.7343,-7.7244,-6.4006,0.90627,2.6467,23.524,3.6278,-0.43467,-23.003
-8.4534,-8.0074,0.63435,5.4249,-9.1933,-6.1902,1.5152,3.0306,23.968,3.9811,-0.1042,-22.228
-8.3045,-6.6759,1.6578,4.7805,-9.3843,-4.9804,2.0777,3.2707,24.348,4.2058,0.09583,-21.315
-6.5473,-4.2231,2.3565,3.0806,-8.2537,-3.1437,2.6446,3.3623,24.635,4.3582,0.19433,-20.715
-3.571,-1.5548,2.3296,0.91203,-5.8587,-1.3676,3.2656,3.3001,24.755,4.4862,0.24297,-20.666
0.068123,0.36483,1.2546,-1.0743,-2.4227,-0.37231,3.9738,3.1,24.629,4.6161,0.29283,-21.075
3.8107,0.93036,-0.92017,-2.3915,1.6226,-0.55244,4.7818,2.8143,24.211,4.7516,0.37069,-21.529
7.1108,0.056396,-3.8624,-2.8232,5.6496,-1.8507,5.6856,2.5262,23.511,4.879,0.46494,-21.43
9.4695,-1.8416,-6.8767,-2.443,8.9222,-3.8071,6.6683,2.3284,22.598,4.9789,0.52647,-20.231
10.573,-3.9708,-9.0967,-1.5844,10.791,-5.6886,7.6975,2.2965,21.578,5.042,0.48514,-17.652
10.379,-5.4696,-9.8173,-0.7155,10.882,-6.7552,8.7231,2.4671,20.563,5.0761,0.27748,-13.801
9.0952,-5.765,-8.7566,-0.24913,9.1998,-6.5645,9.69,2.8279,19.634,5.0986,-0.12511,-9.1512
7.1265,-4.7354,-6.1011,-0.39487,6.1538,-5.1125,10.564,3.3253,18.827,5.1244,-0.70073,-4.3762
4.9443,-2.7071,-2.4441,-1.0991,2.439,-2.798,11.352,3.8856,18.135,5.1617,-1.3827,-0.11792
2.9299,-0.3708,1.3359,-2.0548,-1.1806,-0.29823,12.1,4.4401,17.53,5.2144,-2.0861,3.2058
1.2996,1.4422,4.3367,-2.8157,-4.0849,1.6332,12.857,4.944,16.976,5.2787,-2.7437,5.4722
0.14655,2.0805,5.9156,-3.0008,-5.8745,2.4169,13.643,5.3864,16.436,5.3376,-3.333,6.843
-0.50307,1.295,5.8245,-2.4548,-6.3393,1.8429,14.432,5.7897,15.888,5.3599,-3.8815,7.6951
-0.68193,-0.68985,4.2502,-1.2927,-5.5367,0.14146,15.168,6.1983,15.332,5.3119,-4.4497,8.4511
-0.47938,-3.2306,1.7811,0.1485,-3.8759,-2.0997,15.79,6.6555,14.789,5.1719,-5.1027,9.3601
-0.016841,-5.5041,-0.77001,1.4349,-1.9465,-4.1647,16.265,7.1782,14.287,4.9407,-5.8821,10.368
0.57736,-6.8522,-2.66,2.2047,-0.27166,-5.4679,16.594,7.7412,13.844,4.6418,-6.7898,11.144
1.1785,-6.9973,-3.4802,2.2967,0.7934,-5.7212,16.811,8.2812,13.454,4.3131,-7.7869,11.226
1.6695,-6.0809,-3.2461,1.7894,1.1022,-5.0064,16.978,8.7253,13.087,3.9986,-8.8077,10.229
1.9456,-4.5991,-2.3188,0.96895,0.74547,-3.7479,17.176,9.0303,12.712,3.7412,-9.7795,8.0221
1.9272,-3.2337,-1.2356,0.23824,-0.016182,-2.5447,17.493,9.2043,12.311,3.5717,-10.64,4.8031
1.5883,-2.6123,-0.49333,-0.023346,-0.87291,-1.9332,17.972,9.2929,11.888,3.4911,-11.354,1.017
0.9909,-3.106,-0.41237,0.39462,-1.5488,-2.2294,18.575,9.347,11.459,3.4576,-11.921,-2.8184
0.29575,-4.6991,-1.0945,1.4355,-1.8543,-3.4554,19.182,9.4015,11.051,3.3975,-12.374,-6.2926
-0.27482,-6.9337,-2.4008,2.7653,-1.7224,-5.2999,19.654,9.4724,10.7,3.2399,-12.761,-9.2042
-0.51574,-9.0451,-3.9728,3.8931,-1.2166,-7.1943,19.905,9.5617,10.448,2.955,-13.118,-11.57
-0.32623,-10.315,-5.36,4.3946,-0.50221,-8.5555,19.947,9.6581,10.339,2.5732,-13.452,-13.571
0.24396,-10.378,-6.2062,4.0975,0.21474,-9.03,19.877,9.7364,10.398,2.1753,-13.744,-15.465
1.0186,-9.3284,-6.3822,3.1428,0.76723,-8.594,19.823,9.765,10.614,1.8604,-13.964,-17.462
1.7757,-7.6734,-6.0195,1.9253,1.0874,-7.5481,19.883,9.718,10.941,1.7053,-14.09,-19.604
2.3396,-6.1453,-5.4496,0.92442,1.2153,-6.4156,20.081,9.5839,11.3,1.7326,-14.122,-21.701
2.6431,-5.3823,-5.0657,0.4971,1.2631,-5.7314,20.371,9.3638,11.604,1.8968,-14.09,-23.373
2.7385,-5.6798,-5.1602,0.74485,1.3624,-5.8234,20.673,9.0641,11.776,2.1,-14.046,-24.191
2.7633,-6.9105,-5.8062,1.4947,1.6073,-6.6961,20.923,8.6908,11.774,2.2315,-14.056,-23.86
2.8716,-8.5805,-6.8178,2.3817,2.0091,-8.0264,21.105,8.2505,11.605,2.2136,-14.181,-22.375
3.1641,-10.032,-7.8145,3.0116,2.4932,-9.286,21.261,7.7545,11.321,2.0309,-14.465,-20.018
3.6502,-10.737,-8.3873,3.1289,2.9433,-9.9727,21.462,7.2204,11.004,1.7315,-14.92,-17.228
4.2564,-10.487,-8.2848,2.6997,3.2575,-9.812,21.772,6.668,10.715,1.4011,-15.529,-14.398
4.8611,-9.4202,-7.5261,1.8939,3.3839,-8.8436,22.222,6.1141,10.47,1.1247,-16.258,-11.717
5.3312,-7.9637,-6.3963,1.0136,3.3333,-7.4193,22.8,5.5699,10.228,0.95421,-17.066,-9.0759
5.5484,-6.7026,-5.3274,0.39958,3.1682,-6.0894,23.466,5.0446,9.9135,0.89323,-17.91,-6.1099
5.4243,-6.1672,-4.7126,0.32562,2.9658,-5.3755,24.183,4.5503,9.4524,0.90113,-18.744,-2.3589
4.9125,-6.6214,-4.7401,0.90229,2.7639,-5.5486,24.933,4.1059,8.8037,0.91092,-19.515,2.5523
4.0179,-7.9581,-5.3154,2.0309,2.5192,-6.5309,25.724,3.7332,7.9768,0.85252,-20.191,8.7554
2.7945,-9.7397,-6.091,3.4366,2.1023,-7.9341,26.581,3.4466,7.0212,0.67246,-20.782,16.012
1.3263,-11.386,-6.5937,4.7804,1.3435,-9.2168,27.516,3.2439,6.0012,0.34495,-21.354,23.687
-0.29358,-12.419,-6.4101,5.7942,0.11688,-9.9066,28.515,3.1099,4.9759,-0.12361,-22,30.881
-1.9679,-12.621,-5.348,6.3642,-1.5756,-9.764,29.535,3.03,3.9906,-0.69532,-22.789,36.675
-3.5825,-12.07,-3.5098,6.5415,-3.566,-8.8372,30.532,3.0037,3.0719,-1.3108,-23.74,40.424
-4.9952,-11.101,-1.281,6.4961,-5.544,-7.4447,31.48,3.0438,2.2223,-1.9097,-24.82,42.038
-6.0501,-10.2,0.76276,6.4425,-7.1297,-6.0941,32.388,3.1621,1.4163,-2.4534,-25.979,42.11
-6.6152,-9.8513,2.0356,6.5662,-7.9737,-5.3165,33.291,3.3525,0.60962,-2.9405,-27.181,41.694
-6.6246,-10.379,2.1498,6.9731,-7.8649,-5.469,34.234,3.5842,-0.2419,-3.4085,-28.424,41.771
-6.1049,-11.828,1.0519,7.6612,-6.811,-6.5981,35.227,3.8078,-1.1607,-3.9222,-29.75,42.715
-5.1772,-13.924,-0.94609,8.5112,-5.0622,-8.4129,36.208,3.9698,-2.1366,-4.5539,-31.233,44.159
-4.0342,-16.153,-3.2553,9.3123,-3.0669,-10.401,37.05,4.0282,-3.1341,-5.3645,-32.968,45.307
-2.9067,-17.974,-5.2384,9.834,-1.3368,-12.049,37.619,3.9637,-4.1106,-6.3928,-35.04,45.336
-2.0375,-19.015,-6.4538,9.9443,-0.26053,-13.006,37.86,3.7863,-5.0336,-7.6533,-37.485,43.671
-1.657,-19.197,-6.7462,9.7318,0.032773,-13.153,37.826,3.5326,-5.8861,-9.1434,-40.256,40.168
-1.9232,-18.807,-6.2375,9.5313,-0.33497,-12.638,37.643,3.2534,-6.6673,-10.863,-43.205,35.186
-2.8292,-18.447,-5.313,9.7858,-1.0868,-11.886,37.437,2.9918,-7.399,-12.841,-46.133,29.453
-4.151,-18.802,-4.5273,10.826,-1.8685,-11.473,37.263,2.7619,-8.1384,-15.167,-48.888,23.798
-5.505,-20.37,-4.4154,12.719,-2.3086,-11.912,37.065,2.5383,-8.9771,-17.986,-51.493,18.899
-6.5036,-23.273,-5.2903,15.249,-2.0962,-13.451,36.718,2.268,-10.017,-21.399,-54.189,15.074
-6.9079,-27.176,-7.0806,17.988,-1.1468,-15.932,36.105,1.8987,-11.34,-25.298,-57.369,12.193
-6.7206,-31.344,-9.2756,20.428,0.23654,-18.789,35.193,1.4073,-13.011,-29.384,-61.411,9.7728
-6.2329,-34.916,-11.09,22.168,1.456,-21.289,34.054,0.81026,-15.125,-33.496,-66.473,7.2107
-5.9565,-37.271,-11.82,23.121,1.8714,-22.871,32.838,0.15326,-17.891,-37.794,-72.341,4.0456
-6.4233,-38.322,-11.137,23.573,1.0603,-23.355,31.704,-0.51719,-21.612,-42.532,-78.484,0.12703
-7.9466,-38.566,-9.1983,24.038,-1.0083,-23.011,30.753,-1.1861,-26.278,-47.764,-84.322,-4.3732
-10.478,-38.856,-6.6234,25.027,-3.9315,-22.493,29.995,-1.8912,-31.194,-53.304,-89.554,-9.0765
-13.618,-39.991,-4.3056,26.842,-7.001,-22.58,29.364,-2.7201,-35.658,-58.917,-94.315,-13.56
-16.747,-42.376,-3.0988,29.451,-9.4625,-23.813,28.762,-3.7851,-39.683,-64.494,-99.049,-17.505
-19.211,-45.874,-3.5004,32.453,-10.757,-26.26,28.104,-5.1925,-43.719,-70.09,-104.25,-20.785
-20.501,-49.831,-5.4848,35.2,-10.653,-29.498,27.344,-7.0302,-48.207,-75.913,-110.3,-23.491
-20.392,-53.334,-8.5825,37.114,-9.2659,-32.802,26.473,-9.3848,-53.382,-82.325,-117.37,-25.896
-19.01,-55.665,-12.181,37.932,-6.9907,-35.465,25.514,-12.369,-59.232,-89.714,-125.49,-28.377
-16.792,-56.599,-15.789,37.736,-4.4002,-37.1,24.504,-16.089,-65.56,-98.122,-134.43,-31.309
-14.347,-56.383,-19.022,36.887,-2.067,-37.747,23.485,-20.486,-72.105,-107,-143.76,-34.96
-12.289,-55.628,-21.609,35.952,-0.35076,-37.862,22.492,-25.227,-78.703,-115.73,-152.99,-39.404
-11.054,-55.187,-23.615,35.571,0.7115,-38.168,21.536,-29.967,-85.358,-124.14,-161.73,-44.512
-10.79,-55.901,-25.402,36.209,1.3076,-39.399,20.597,-34.615,-92.166,-132.53,-169.89,-49.985
-11.389,-58.339,-27.398,37.99,1.7125,-42.184,19.612,-39.238,-99.203,-141.27,-177.66,-55.431
-12.532,-62.66,-30.032,40.704,2.2059,-46.984,18.495,-43.89,-106.5,-150.67,-185.39,-60.455
-13.643,-68.494,-33.662,43.849,3.0205,-53.635,17.173,-48.568,-114.07,-160.82,-193.47,-64.79
-14.062,-74.766,-38.417,46.693,4.3124,-60.658,15.602,-53.229,-121.8,-171.59,-201.98,-68.403
-13.378,-79.91,-44.14,48.459,6.0274,-66.152,13.777,-57.803,-129.57,-182.62,-210.7,-71.528
-11.654,-82.83,-50.349,48.683,7.8654,-69.593,11.769,-62.203,-137.27,-193.37,-219.54,-74.554
-9.4788,-83.518,-56.125,47.547,9.4274,-71.446,9.7589,-66.361,-144.89,-203.6,-228.66,-77.837
-7.7295,-82.795,-60.547,45.946,10.342,-72.214,7.9945,-70.264,-152.4,-213.59,-238,-81.505
-7.193,-81.914,-63.265,45.136,10.358,-72.369,6.6409,-73.973,-159.75,-223.59,-247.02,-85.365
-8.2637,-82.103,-64.427,46.049,9.4916,-72.527,5.6834,-77.595,-166.87,-233.33,-255.08,-88.96
-10.764,-84.082,-64.588,48.871,8.0707,-73.325,4.9505,-81.229,-173.72,-242.66,-261.94,-91.726
-13.952,-87.829,-64.642,53.004,6.623,-75.103,4.1924,-84.939,-180.28,-251.74,-267.78,-93.221
-16.783,-92.513,-65.356,57.254,5.6843,-77.736,3.1683,-88.735,-186.55,-260.7,-273.05,-93.344
-18.338,-96.798,-66.928,60.42,5.5985,-80.736,1.7346,-92.582,-192.6,-269.61,-278.19,-92.399
-18.213,-99.575,-69.004,61.808,6.3917,-83.471,-0.099689,-96.417,-198.45,-278.71,-283.43,-90.946
-16.618,-100.31,-70.954,61.256,7.7886,-85.326,-2.179,-100.17,-204.01,-288.23,-288.63,-89.55
-14.18,-98.985,-72.169,59.128,9.3343,-85.84,-4.2686,-103.8,-209.09,-297.69,-293.47,-88.563
-11.687,-96.193,-72.327,56.364,10.548,-84.969,-6.1513,-107.3,-213.53,-306.08,-297.65,-87.995
-9.877,-93.091,-71.514,54.124,11.108,-83.25,-7.7089,-110.71,-217.34,-312.83,-301.13,-87.518
-9.2137,-90.908,-70.162,53.176,10.99,-81.55,-8.9631,-114.09,-220.68,-318.08,-304,-86.603
-9.7172,-90.34,-68.812,53.674,10.405,-80.575,-10.063,-117.46,-223.79,-322.37,-306.42,-84.743
-10.91,-91.344,-67.884,55.232,9.6624,-80.565,-11.211,-120.85,-226.8,-326.5,-308.55,-81.688
-12.03,-93.219,-67.57,57.078,9.1045,-81.263,-12.581,-124.24,-229.69,-331.31,-310.53,-77.593
-12.467,-95.033,-67.738,58.461,8.9852,-82.057,-14.239,-127.65,-232.38,-337.06,-312.39,-72.964
-12.016,-96.039,-67.927,58.878,9.3231,-82.292,-16.1,-131.01,-234.72,-342.88,-314.08,-68.433
-10.897,-95.683,-67.592,57.997,9.8877,-81.576,-17.941,-134.15,-236.63,-347.36,-315.48,-64.52
-9.5408,-93.619,-66.374,55.801,10.319,-79.855,-19.509,-136.81,-238.06,-349.92,-316.47,-61.459
-8.3813,-90.09,-64.2,52.886,10.295,-77.314,-20.667,-138.88,-239.04,-350.74,-316.95,-59.146
-7.7556,-86.163,-61.284,50.235,9.6696,-74.405,-21.442,-140.37,-239.63,-350.1,-316.78,-57.201
-7.8319,-83.024,-58.068,48.517,8.4904,-71.756,-21.975,-141.4,-239.92,-348.18,-315.68,-55.136
-8.5672,-81.097,-55.043,47.79,6.9358,-69.711,-22.413,-142.06,-239.9,-345.26,-313.21,-52.544
-9.7105,-80.014,-52.486,47.718,5.2761,-68.11,-22.843,-142.39,-239.52,-341.95,-308.94,-49.25
-10.836,-79.031,-50.288,47.779,3.8263,-66.555,-23.281,-142.42,-238.56,-338.66,-302.88,-45.36
-11.423,-77.409,-48.134,47.358,2.8605,-64.684,-23.712,-142.23,-236.76,-334.92,-295.58,-41.205
-11.002,-74.627,-45.778,45.926,2.5539,-62.189,-24.132,-141.9,-233.85,-329.55,-287.75,-37.221
-9.3406,-70.468,-43.139,43.247,2.9591,-58.762,-24.552,-141.53,-229.66,-321.75,-279.72,-33.783
-6.5617,-65.144,-40.255,39.41,3.9797,-54.222,-24.972,-141.14,-224.2,-311.64,-271.26,-31.063
-3.1346,-59.321,-37.269,34.786,5.3712,-48.971,-25.357,-140.68,-217.67,-299.94,-261.81,-28.941
0.24731,-53.884,-34.435,30.03,6.7945,-44.102,-25.643,-140.04,-210.56,-287.53,-250.91,-27.047
2.8561,-49.531,-31.963,25.931,7.8959,-40.473,-25.762,-139.06,-203.44,-275.17,-238.41,-24.907
4.1531,-46.526,-29.809,23.075,8.3877,-38.053,-25.681,-137.56,-196.67,-263.35,-224.66,-22.124
3.9741,-44.691,-27.713,21.579,8.1197,-36.297,-25.422,-135.39,-190.14,-252.08,-210.38,-18.499
2.5852,-43.448,-25.385,20.926,7.1224,-34.608,-25.066,-132.4,-183.41,-240.9,-196.51,-14.068
0.60299,-41.894,-22.634,20.154,5.5862,-32.48,-24.726,-128.61,-175.97,-229.35,-183.66,-9.0641
-1.2238,-39.013,-19.419,18.454,3.7818,-29.547,-24.499,-124.32,-167.65,-217.15,-171.65,-3.8603
-2.3312,-34.085,-15.868,15.729,1.9648,-25.659,-24.422,-119.9,-158.63,-204.3,-159.9,1.1229
-2.5385,-27.343,-12.238,12.386,0.30518,-21.025,-24.46,-115.62,-149.42,-191.08,-148.03,5.5341
-2.0443,-20.2,-8.8208,8.8529,-1.1352,-16.258,-24.53,-111.55,-140.5,-178.13,-136.08,9.2139
-1.3119,-14.249,-5.8419,5.7093,-2.3844,-12.094,-24.537,-107.59,-132.23,-166.14,-124.31,12.261
-0.8721,-10.309,-3.4113,3.5751,-3.5239,-8.9968,-24.41,-103.66,-124.7,-155.3,-112.84,15.001
-1.0726,-8.3739,-1.525,2.7358,-4.6344,-7.0273,-24.122,-99.667,-117.81,-145.3,-101.61,17.873
-1.8859,-7.9246,-0.077912,3.0563,-5.7184,-5.9316,-23.703,-95.618,-111.3,-135.72,-90.519,21.276
-2.8992,-8.1712,1.1066,4.0182,-6.6396,-5.2641,-23.226,-91.554,-104.91,-126.27,-79.594,25.402
-3.4881,-8.2305,2.2114,4.817,-7.1466,-4.5118,-22.778,-87.569,-98.479,-116.86,-69.123,30.124
-3.0438,-7.3746,3.3343,4.6682,-6.9744,-3.2344,-22.424,-83.765,-91.948,-107.51,-59.504,35.028
-1.18,-5.1953,4.4077,3.1373,-5.9555,-1.1955,-22.186,-80.218,-85.429,-98.414,-51.059,39.547
2.0739,-1.6679,5.2017,0.24321,-4.0758,1.5085,-22.026,-76.957,-79.197,-89.946,-43.974,43.128
6.163,2.6916,5.4698,-3.5307,-1.5398,4.3891,-21.852,-73.979,-73.579,-82.495,-38.198,45.421
10.148,6.8201,5.1454,-7.2563,1.1466,6.7669,-21.553,-71.257,-68.771,-76.168,-33.246,46.456
13.05,9.6276,4.442,-9.9028,3.2856,8.1511,-21.047,-68.732,-64.727,-70.631,-28.61,46.699
14.165,10.561,3.8163,-10.826,4.2405,8.4561,-20.319,-66.321,-61.209,-65.245,-24.431,46.851
13.272,9.7307,3.8082,-9.9635,3.6739,7.9897,-19.412,-63.95,-57.941,-59.565,-21.053,47.529
10.709,7.8367,4.822,-7.8173,1.656,7.33,-18.401,-61.594,-54.75,-53.819,-18.491,48.995
7.2618,5.9677,6.9459,-5.3389,-1.3744,7.1184,-17.354,-59.282,-51.591,-48.613,-16.575,51.083
3.9594,5.1527,9.8964,-3.5663,-4.7467,7.7983,-16.314,-57.082,-48.458,-44.297,-15.151,53.293
1.7416,5.9456,13.117,-3.204,-7.7344,9.4453,-15.301,-55.035,-45.31,-40.815,-14.111,54.988
1.0607,8.2955,15.963,-4.4056,-9.7755,11.758,-14.321,-53.121,-42.05,-37.862,-13.367,55.623
1.747,11.514,17.88,-6.6874,-10.64,14.129,-13.368,-51.253,-38.577,-35.039,-12.82,54.928
3.167,14.398,18.522,-9.031,-10.424,15.81,-12.438,-49.321,-34.865,-31.958,-12.371,53.009
4.4992,15.763,17.81,-10.355,-9.444,16.19,-11.537,-47.242,-31.044,-28.417,-11.943,50.289
5.061,14.979,15.931,-10.016,-8.1212,15.038,-10.69,-45.014,-27.391,-24.617,-11.509,47.371
4.5748,12.143,13.326,-7.974,-6.8745,12.608,-9.9304,-42.73,-24.206,-21.105,-11.099,44.851
3.2199,8.1407,10.639,-4.8356,-6.016,9.6392,-9.2956,-40.561,-21.663,-18.352,-10.78,43.105
1.5186,4.4326,8.5716,-1.737,-5.6709,7.114,-8.8189,-38.67,-19.749,-16.465,-10.62,42.147
0.11964,2.2949,7.6001,0.22327,-5.7456,5.8053,-8.5195,-37.137,-18.308,-15.271,-10.658,41.649
-0.48967,2.2632,7.7936,0.51306,-6.0032,5.9921,-8.3907,-35.937,-17.131,-14.498,-10.891,41.111
-0.18762,4.1213,8.8534,-0.75565,-6.2234,7.4563,-8.3937,-34.979,-16.034,-13.885,-11.28,40.057
0.76429,7.0009,10.27,-2.9151,-6.2905,9.5639,-8.4709,-34.128,-14.905,-13.241,-11.766,38.206
1.8798,9.6405,11.472,-4.9701,-6.1673,11.45,-8.5781,-33.232,-13.72,-12.482,-12.3,35.576
2.6818,10.925,11.95,-6.0444,-5.839,12.33,-8.7157,-32.161,-12.513,-11.638,-12.853,32.479
2.8898,10.292,11.394,-5.7264,-5.3049,11.762,-8.9336,-30.841,-11.336,-10.805,-13.42,29.42
2.5054,7.8611,9.8526,-4.14,-4.6091,9.8204,-9.3058,-29.259,-10.21,-10.071,-13.997,26.943
1.7819,4.4873,7.7615,-1.9007,-3.8512,7.142,-9.8901,-27.444,-9.1024,-9.4663,-14.581,25.459
1.1001,1.5118,5.801,0.083967,-3.1735,4.7191,-10.697,-25.468,-7.9288,-8.9497,-15.158,25.088
0.79902,0.084796,4.639,1.0278,-2.7395,3.4375,-11.682,-23.439,-6.5926,-8.4358,-15.712,25.621
1.0197,0.69949,4.6893,0.57334,-2.6989,3.7196,-12.747,-21.481,-5.0298,-7.8352,-16.229,26.604
1.6412,3.1484,5.962,-1.1444,-3.14,5.424,-13.765,-19.692,-3.2375,-7.0899,-16.699,27.52
2.3388,6.5535,8.046,-3.5212,-4.0416,7.8914,-14.602,-18.113,-1.2617,-6.1859,-17.115,27.975
2.7212,9.6386,10.267,-5.68,-5.2485,10.191,-15.142,-16.713,0.84106,-5.1465,-17.465,27.846
2.5122,11.357,11.97,-6.8889,-6.5052,11.538,-15.321,-15.389,3.0418,-4.0211,-17.729,27.313
1.7168,11.298,12.762,-6.845,-7.5398,11.584,-15.148,-14.003,5.3648,-2.8698,-17.875,26.788
0.64165,9.7109,12.605,-5.7024,-8.1274,10.491,-14.713,-12.436,7.8876,-1.7416,-17.875,26.745
-0.2348,7.3907,11.756,-4.0099,-8.1017,8.8436,-14.171,-10.649,10.698,-0.65325,-17.705,27.534
-0.42837,5.3767,10.584,-2.5264,-7.3478,7.3729,-13.669,-8.7038,13.821,0.42122,-17.358,29.222
0.41328,4.4804,9.3904,-1.9061,-5.8316,6.6247,-13.231,-6.7359,17.203,1.547,-16.835,31.548
2.3929,5.0188,8.321,-2.4558,-3.6474,6.7896,-12.714,-4.8797,20.795,2.8232,-16.144,34.024
5.2812,6.7948,7.3723,-4.061,-1.0159,7.7043,-11.907,-3.2011,24.563,4.3876,-15.29,36.115
8.5249,9.1541,6.4769,-6.2304,1.7209,8.9263,-10.656,-1.6729,28.388,6.4415,-14.278,37.445
11.354,11.195,5.602,-8.2479,4.0777,9.9067,-8.9376,-0.20092,32.069,9.2735,-13.109,37.937
13.002,12.153,4.8082,-9.4211,5.5168,10.227,-6.8723,1.3211,35.462,13.203,-11.783,37.824
12.97,11.683,4.2778,-9.3315,5.6181,9.7554,-4.7057,2.9622,38.56,18.303,-10.31,37.542
11.161,9.9535,4.2927,-7.9728,4.1895,8.6931,-2.7365,4.7346,41.442,24.08,-8.707,37.543
7.8722,7.5955,5.1117,-5.7414,1.3618,7.5033,-1.224,6.6076,44.216,29.715,-7.0008,38.129
3.7165,5.473,6.7963,-3.289,-2.392,6.7137,-0.30453,8.5378,46.989,34.707,-5.2182,39.332
-0.50907,4.3063,9.1469,-1.2866,-6.3963,6.6813,0.05005,10.499,49.867,39.054,-3.3728,40.903
-4.0208,4.4215,11.771,-0.20509,-9.9833,7.4759,0.013714,12.508,52.947,43.006,-1.4509,42.414
-6.2459,5.7017,14.17,-0.18935,-12.612,8.8812,-0.16398,14.635,56.296,46.84,0.59442,43.407
-6.9205,7.6242,15.813,-1.0327,-13.899,10.441,-0.25554,16.999,59.918,50.735,2.8381,43.559
-6.1337,9.4161,16.245,-2.2677,-13.66,11.577,-0.14479,19.72,63.715,54.729,5.3596,42.802
-4.3243,10.361,15.202,-3.3731,-11.988,11.796,0.13525,22.829,67.523,58.766,8.2106,41.36
-2.0849,10.081,12.759,-3.9882,-9.2848,10.895,0.44022,26.177,71.199,62.77,11.389,39.681
0.099258,8.671,9.4299,-4.0212,-6.1687,9.0841,0.60272,29.476,74.646,66.64,14.833,38.272
1.929,6.7147,6.1243,-3.6506,-3.3214,6.981,0.52671,32.494,77.812,70.209,18.44,37.504
3.2284,5.0899,3.8371,-3.2476,-1.3127,5.3978,0.24409,35.172,80.706,73.332,22.099,37.447
3.9256,4.5786,3.1988,-3.2144,-0.43479,4.9768,-0.10286,37.577,83.39,76.021,25.722,37.872
4.0863,5.5413,4.2254,-3.8014,-0.6396,5.9243,-0.34212,39.816,85.923,78.417,29.25,38.328
3.8971,7.7951,6.38,-4.9985,-1.5972,7.956,-0.36075,42.011,88.322,80.671,32.652,38.313
3.6031,10.638,8.8171,-6.5253,-2.8173,10.391,-0.1586,44.299,90.554,82.883,35.912,37.456
3.4557,13.103,10.685,-7.9478,-3.7835,12.399,0.15242,46.805,92.566,85.1,39.021,35.676
3.6564,14.41,11.38,-8.8798,-4.0943,13.321,0.39748,49.566,94.317,87.339,41.961,33.227
4.2996,14.259,10.683,-9.1566,-3.5682,12.896,0.41191,52.506,95.794,89.571,44.696,30.634
5.3599,12.89,8.8021,-8.8896,-2.2647,11.331,0.10143,55.546,97.001,91.699,47.178,28.497
6.7251,10.989,6.3048,-8.4179,-0.44541,9.2548,-0.52527,58.528,97.953,93.568,49.356,27.274
8.2394,9.4387,3.9322,-8.1703,1.4944,7.4731,-1.3575,61.104,98.665,95.045,51.199,27.087
9.7213,8.9533,2.3463,-8.4788,3.1421,6.6398,-2.2197,63.516,99.147,96.088,52.699,27.661
10.965,9.812,1.9149,-9.4224,4.186,7.0371,-2.9363,66.559,99.402,96.766,53.867,28.443
11.756,11.773,2.6164,-10.782,4.4812,8.5019,-3.3982,71.084,99.432,97.21,54.724,28.828
11.922,14.122,4.0586,-12.109,4.0624,10.446,-3.596,77.781,99.241,97.528,55.294,28.389
11.377,15.948,5.6249,-12.893,3.1103,12.075,-3.603,86.822,98.838,97.747,55.607,27.049
10.147,16.552,6.7365,-12.78,1.8788,12.746,-3.5204,97.518,98.242,97.824,55.702,25.111
8.3926,15.71,7.0859,-11.705,0.61774,12.212,-3.4216,108.26,97.488,97.701,55.636,23.14
6.4112,13.729,6.7178,-9.9395,-0.47658,10.701,-3.3262,116.92,96.621,97.335,55.475,21.736
4.5866,11.361,5.9421,-8.0187,-1.27,8.833,-3.2091,121.44,95.685,96.698,55.272,21.295
3.2993,9.5002,5.1376,-6.5556,-1.6791,7.3305,-3.0306,120.51,94.7,95.788,55.06,21.833
2.8179,8.7718,4.5769,-5.9863,-1.6653,6.6847,-2.7618,114.04,93.668,94.636,54.839,22.977
3.2056,9.3128,4.3484,-6.4032,-1.2374,6.9975,-2.3939,103.23,92.578,93.308,54.594,24.1
4.2909,10.769,4.3584,-7.5304,-0.45285,8.0048,-1.9341,90.031,91.421,91.895,54.312,24.588
5.7313,12.425,4.3869,-8.8313,0.58777,9.1665,-1.4005,76.53,90.189,90.485,53.987,24.087
7.1411,13.469,4.1876,-9.7225,1.7507,9.8734,-0.81951,64.596,88.87,89.13,53.623,22.646
8.2012,13.317,3.5995,-9.7818,2.8797,9.6879,-0.2202,55.744,87.427,87.839,53.224,20.678
8.7129,11.801,2.6242,-8.8869,3.8092,8.5103,0.37826,50.72,85.797,86.573,52.804,18.773
8.6269,9.2724,1.4585,-7.2827,4.3782,6.6319,0.97551,49.177,83.907,85.26,52.372,17.437
8.0414,6.5483,0.45268,-5.517,4.4531,4.654,1.59,50.007,81.718,83.817,51.926,16.911
7.1409,4.5331,-0.022339,-4.1757,3.9544,3.2176,2.2469,51.183,79.262,82.156,51.433,17.068
6.0904,3.7701,0.25539,-3.6069,2.8792,2.6954,2.9631,50.454,76.632,80.209,50.824,17.477
4.9499,4.29,1.2595,-3.8084,1.3129,3.0836,3.7469,48.057,73.928,77.956,49.998,17.593
3.6501,5.6489,2.7336,-4.4318,-0.5753,4.0574,4.6153,45.234,71.217,75.455,48.87,16.974
2.0631,7.0554,4.2679,-4.8943,-2.5464,5.0801,5.6102,42.594,68.535,72.836,47.405,15.465
0.15714,7.6655,5.3991,-4.6469,-4.3097,5.579,6.7886,40.349,65.924,70.248,45.644,13.263
-1.8868,6.9503,5.7301,-3.4464,-5.5565,5.1469,8.1819,38.551,63.427,67.795,43.7,10.829
-3.6828,4.8903,5.0373,-1.4529,-6.0129,3.6934,9.7515,37.168,61.062,65.498,41.696,8.6973
-4.7565,1.9911,3.3448,0.79697,-5.5044,1.4813,11.375,36.089,58.785,63.301,39.705,7.2681
-4.7102,-0.86224,0.94453,2.5672,-4.0184,-0.95094,12.882,35.15,56.5,61.105,37.716,6.6628
-3.3717,-2.7971,-1.6799,3.253,-1.7404,-2.9923,14.12,34.174,54.103,58.817,35.672,6.7008
-0.88471,-3.3526,-4.0111,2.6445,0.95695,-4.1935,15.016,33.029,51.536,56.403,33.519,6.9882
2.2856,-2.5767,-5.6664,0.9612,3.5912,-4.4095,15.595,31.678,48.829,53.89,31.285,7.0735
5.4549,-0.92927,-6.4971,-1.2536,5.6987,-3.8071,15.951,30.209,46.088,51.35,29.08,6.6089
7.9111,0.90261,-6.5923,-3.3105,6.9568,-2.7878,16.199,28.806,43.43,48.872,27.047,5.4745
9.1183,2.227,-6.2155,-4.609,7.2483,-1.8378,16.424,27.68,40.917,46.542,25.318,3.8204
8.8809,2.5822,-5.7019,-4.8297,6.6694,-1.3722,16.653,26.989,38.545,44.415,23.97,2.0059
7.4174,1.86,-5.3589,-3.9954,5.4989,-1.6047,16.851,26.785,36.262,42.478,23.007,0.45524
5.268,0.3402,-5.3893,-2.431,4.1366,-2.4888,16.934,26.997,33.99,40.628,22.352,-0.5151
3.1097,-1.4299,-5.8428,-0.66542,3.012,-3.7352,16.805,27.439,31.656,38.704,21.868,-0.82854
1.5683,-2.8477,-6.6101,0.73191,2.4535,-4.9313,16.403,27.858,29.208,36.558,21.398,-0.68398
1.0539,-3.4609,-7.4715,1.3231,2.5886,-5.7016,15.749,28.024,26.642,34.128,20.819,-0.47594
1.6803,-3.0643,-8.1874,0.91442,3.349,-5.8169,14.962,27.809,24.011,31.5,20.078,-0.6332
3.2557,-1.7312,-8.5812,-0.39955,4.5291,-5.2311,14.226,27.222,21.42,28.904,19.217,-1.4451
5.3439,0.19197,-8.5769,-2.2567,5.8468,-4.0849,13.708,26.385,18.984,26.594,18.345,-2.9489
7.4,2.1678,-8.1884,-4.1348,7.0076,-2.676,13.502,25.447,16.771,24.694,17.576,-4.9237
8.9086,3.6508,-7.4891,-5.5209,7.7542,-1.3701,13.606,24.497,14.775,23.119,16.974,-6.9885
9.4869,4.262,-6.5789,-6.0582,7.9028,-0.47271,13.942,23.528,12.932,21.648,16.519,-8.7553
8.9834,3.9021,-5.5506,-5.6335,7.383,-0.12567,14.39,22.452,11.165,20.059,16.117,-9.9715
7.5328,2.7925,-4.4586,-4.4231,6.2519,-0.256,14.816,21.166,9.4238,18.254,15.638,-10.609
5.5061,1.4242,-3.3035,-2.8505,4.6668,-0.60203,15.099,19.613,7.7057,16.298,14.971,-10.858
3.3768,0.38198,-2.0474,-1.4337,2.8412,-0.81095,15.157,17.809,6.0509,14.357,14.078,-11.049
1.5657,0.1226,-0.65996,-0.59218,1.0011,-0.58168,14.96,15.834,4.5217,12.596,13,-11.508
0.31616,0.81086,0.82626,-0.51903,-0.64837,0.21073,14.528,13.788,3.1826,11.117,11.834,-12.443
-0.34765,2.2658,2.2767,-1.13,-1.9502,1.4475,13.929,11.756,2.0783,9.9595,10.686,-13.869
-0.57983,3.9769,3.4572,-2.0905,-2.8146,2.7655,13.25,9.8018,1.212,9.0975,9.6417,-15.611
-0.62673,5.2746,4.105,-2.9394,-3.239,3.6756,12.552,7.9599,0.53249,8.4407,8.7372,-17.378
-0.72516,5.6153,4.054,-3.2765,-3.3155,3.7836,11.833,6.245,-0.055759,7.8589,7.9647,-18.863
-1.0191,4.8109,3.3466,-2.9126,-3.1964,2.9856,11.027,4.6571,-0.65893,7.2321,7.2885,-19.849
-1.5067,3.1099,2.2453,-1.9261,-3.0105,1.5468,10.027,3.1916,-1.3501,6.5013,6.6678,-20.275
-2.0275,1.1428,1.1226,-0.642,-2.7834,0.013827,8.7376,1.8501,-2.141,5.682,6.0768,-20.255
-2.3026,-0.33178,0.29491,0.46345,-2.4293,-1.0313,7.1258,0.6507,-2.9814,4.8397,5.5109,-20.046
-2.0298,-0.77526,-0.11682,0.95367,-1.8051,-1.2337,5.2563,-0.37133,-3.7893,4.0545,4.9769,-19.972
-0.9984,-0.079557,-0.25249,0.61186,-0.77248,-0.60377,3.2889,-1.1795,-4.4923,3.3942,4.4932,-20.311
0.81222,1.41,-0.4547,-0.48464,0.74017,0.4713,1.4307,-1.7587,-5.0587,2.8986,4.0737,-21.19
3.1832,3.0198,-1.0995,-2.0007,2.6875,1.3699,-0.1237,-2.126,-5.5047,2.5703,3.7285,-22.523
5.6939,4.0275,-2.4083,-3.4674,4.8772,1.5219,-1.2612,-2.3148,-5.8818,2.374,3.4589,-24.037
7.8246,3.973,-4.3189,-4.4492,6.9492,0.6655,-1.986,-2.3558,-6.2511,2.2442,3.2484,-25.372
9.0895,2.8316,-6.4435,-4.6913,8.4481,-1.0388,-2.411,-2.2589,-6.6589,2.1034,3.0602,-26.214
9.1672,1.0251,-8.1642,-4.1898,8.9859,-3.0301,-2.7073,-2.0037,-7.1144,1.8858,2.8433,-26.415
8.0043,-0.73383,-8.867,-3.1727,8.3464,-4.5564,-3.028,-1.5425,-7.5802,1.561,2.5591,-26.046
5.8605,-1.7501,-8.1858,-2.0143,6.5542,-5.0258,-3.4455,-0.81838,-7.9817,1.144,2.1922,-25.379
3.2566,-1.6351,-6.1675,-1.1075,3.977,-4.2437,-3.9292,0.20127,-8.2371,0.686,1.7533,-24.788
0.8341,-0.43753,-3.3422,-0.73468,1.27,-2.4586,-4.3715,1.4996,-8.2952,0.25144,1.2712,-24.614
-0.80443,1.3612,-0.59152,-0.96937,-0.8635,-0.30786,-4.6389,3.0268,-8.1582,-0.10503,0.78372,-25.02
-1.2495,3.009,1.1892,-1.6539,-1.8714,1.396,-4.6333,4.7557,-7.8766,-0.35506,0.32699,-25.924
-0.41971,3.806,1.4297,-2.4718,-1.4755,2.0146,-4.3178,6.707,-7.5219,-0.50371,-0.077162,-27.016
1.4005,3.4035,0.065919,-3.0985,0.21601,1.3316,-3.7211,8.9464,-7.1573,-0.58751,-0.43405,-27.899
3.6765,1.9385,-2.4273,-3.3452,2.6931,-0.38525,-2.9248,11.614,-6.8167,-0.66155,-0.77888,-28.249
5.8037,-0.0016008,-5.1542,-3.2199,5.1931,-2.4656,-2.035,14.847,-6.4982,-0.77838,-1.1624,-27.942
7.2393,-1.6298,-7.126,-2.8857,6.9468,-4.1091,-1.1385,18.661,-6.1719,-0.96596,-1.6246,-27.091
7.614,-2.3324,-7.6682,-2.5458,7.4246,-4.7317,-0.26564,22.981,-5.7945,-1.214,-2.171,-25.999
6.816,-1.8949,-6.6126,-2.3187,6.4759,-4.1365,0.61402,27.704,-5.3271,-1.4748,-2.7651,-25.039
5.0044,-0.54036,-4.2568,-2.1713,4.3453,-2.5236,1.5585,32.696,-4.7462,-1.6791,-3.3396,-24.528
2.566,1.1276,-1.3071,-1.9402,1.6251,-0.45323,2.6107,37.769,-4.0505,-1.764,-3.8197,-24.608
0.039468,2.3321,1.3003,-1.4358,-0.92457,1.3002,3.769,42.622,-3.2658,-1.7049,-4.1529,-25.201
-1.9953,2.4567,2.7302,-0.57712,-2.6013,2.0412,4.9806,46.74,-2.4454,-1.5365,-4.3321,-26.055
-3.0669,1.2921,2.4942,0.52068,-2.9523,1.4077,6.1607,49.591,-1.6617,-1.348,-4.4006,-26.852
-2.9606,-0.8787,0.5598,1.5619,-1.8918,-0.51431,7.2242,51.128,-0.98671,-1.2484,-4.4349,-27.32
-1.7903,-3.3344,-2.5331,2.1928,0.24258,-3.1554,8.1161,51.928,-0.46629,-1.3191,-4.5107,-27.316
0.029033,-5.1897,-5.7205,2.1645,2.7274,-5.6059,8.8377,52.7,-0.10084,-1.5803,-4.6707,-26.853
1.8818,-5.786,-7.8687,1.4454,4.6724,-7.016,9.4593,53.641,0.15635,-1.9838,-4.9087,-26.091
3.1307,-4.9122,-8.2941,0.25932,5.3959,-6.9299,10.105,54.473,0.38075,-2.4326,-5.1763,-25.283
3.3094,-2.8508,-6.8809,-0.95769,4.6845,-5.3613,10.902,55.046,0.64785,-2.8145,-5.406,-24.703
2.2835,-0.35101,-4.0716,-1.7055,2.8278,-2.8141,11.933,55.436,1.0055,-3.0432,-5.5436,-24.545
0.34649,1.6097,-0.84822,-1.6294,0.45911,-0.22429,13.186,55.552,1.4554,-3.0993,-5.5748,-24.848
-1.8532,2.2559,1.6129,-0.67488,-1.6574,1.4014,14.559,55.019,1.9514,-3.0484,-5.534,-25.475
-3.5129,1.2955,2.4112,0.86282,-2.7655,1.4258,15.89,53.501,2.4197,-3.0152,-5.4878,-26.162
-3.9357,-0.99914,1.1741,2.4059,-2.3748,-0.2269,17.025,50.974,2.7931,-3.1214,-5.5039,-26.616
-2.8113,-3.8037,-1.7776,3.3166,-0.53358,-3.0103,17.882,47.612,3.044,-3.426,-5.6209,-26.617
-0.38008,-6.0333,-5.3704,3.1887,2.1514,-5.8481,18.474,43.563,3.2029,-3.8989,-5.8356,-26.093
2.6543,-6.8683,-8.1959,2.0014,4.7644,-7.6286,18.895,38.915,3.3514,-4.4336,-6.1075,-25.141
5.3975,-6.0368,-9.2186,0.091286,6.4259,-7.7198,19.287,33.81,3.5922,-4.889,-6.3779,-23.984
7.0617,-3.777,-8.092,-1.9743,6.5991,-6.0677,19.782,28.559,4.0047,-5.1433,-6.5931,-22.901
7.1964,-0.77536,-5.1679,-3.5759,5.2759,-3.1623,20.441,23.621,4.6066,-5.1438,-6.726,-22.129
5.8152,1.9375,-1.4778,-4.2359,2.9432,-0.019512,21.213,19.341,5.3349,-4.9311,-6.7868,-21.789
3.3737,3.3456,1.6017,-3.7452,0.37999,2.1417,21.945,15.689,6.0608,-4.6255,-6.8171,-21.853
0.59107,2.8825,2.9576,-2.196,-1.5899,2.4744,22.456,12.397,6.6387,-4.3729,-6.8671,-22.147
-1.7962,0.61644,2.1454,0.036796,-2.3888,0.81012,22.621,9.3556,6.9692,-4.2817,-6.9696,-22.411
-3.2566,-2.7486,-0.5265,2.3694,-1.9121,-2.2975,22.418,6.67,7.0392,-4.3804,-7.1246,-22.4
-3.5958,-6.0537,-4.0509,4.1706,-0.47366,-5.7012,21.931,4.3661,6.917,-4.6147,-7.3031,-21.976
-2.9371,-8.1673,-7.1008,4.9664,1.37,-8.1712,21.31,2.3679,6.7112,-4.8771,-7.4625,-21.167
-1.6248,-8.4435,-8.65,4.5887,2.9781,-8.9344,20.718,0.62426,6.5199,-5.054,-7.5639,-20.157
-0.10417,-6.8758,-8.3187,3.2195,3.884,-7.817,20.28,-0.88225,6.3938,-5.0688,-7.582,-19.21
1.2191,-4.0726,-6.3901,1.3283,3.9717,-5.2435,20.045,-2.1814,6.3199,-4.9039,-7.5087,-18.57
2.0723,-1.0829,-3.6539,-0.47572,3.4016,-2.1822,19.961,-3.3331,6.2301,-4.6018,-7.3526,-18.366
2.3299,0.999,-1.1199,-1.6232,2.4913,0.21858,19.903,-4.4128,6.0289,-4.2523,-7.1384,-18.568
1.9972,1.4224,0.38317,-1.7344,1.6106,1.1357,19.721,-5.4906,5.6302,-3.9674,-6.9063,-19.006
1.1924,-0.035388,0.4683,-0.73364,1.0265,0.29341,19.299,-6.6162,4.99,-3.8448,-6.7101,-19.434
0.11369,-2.9417,-0.73717,1.0704,0.78088,-1.9757,18.594,-7.8137,4.1212,-3.94,-6.6072,-19.623
-1.0253,-6.2352,-2.5986,3.0586,0.69103,-4.7623,17.645,-9.0828,3.0882,-4.2523,-6.6398,-19.439
-2.0647,-8.7279,-4.2076,4.5745,0.45697,-6.9902,16.564,-10.404,1.9875,-4.7304,-6.8149,-18.885
-2.9319,-9.6627,-4.8277,5.1895,-0.19597,-7.9527,15.493,-11.745,0.92107,-5.2894,-7.0969,-18.094
-3.6401,-8.8523,-4.1923,4.8247,-1.3675,-7.4474,14.532,-13.065,-0.03204,-5.8312,-7.4202,-17.282
-4.2567,-6.6696,-2.5279,3.7749,-2.889,-5.7143,13.684,-14.317,-0.83741,-6.2632,-7.7168,-16.666
-4.8335,-4.0128,-0.43928,2.6066,-4.3724,-3.4059,12.864,-15.444,-1.5102,-6.5227,-7.9433,-16.379
-5.3306,-1.9563,1.2709,1.8894,-5.3668,-1.4132,11.942,-16.392,-2.1016,-6.6136,-8.0967,-16.422
-5.5887,-1.2244,1.9033,1.9335,-5.4814,-0.46812,10.809,-17.131,-2.6741,-6.6299,-8.213,-16.663
-5.3772,-1.9679,1.1177,2.6969,-4.4588,-0.86081,9.4259,-17.682,-3.2782,-6.721,-8.3511,-16.898
-4.4894,-3.8037,-1.0245,3.8164,-2.2727,-2.4074,7.8272,-18.111,-3.9383,-7.008,-8.5681,-16.941
-2.8458,-5.9561,-4.1002,4.737,0.82487,-4.5463,6.1111,-18.504,-4.6458,-7.5186,-8.8929,-16.694
-0.56595,-7.5609,-7.3864,4.9529,4.3169,-6.5481,4.403,-18.942,-5.3623,-8.1809,-9.3115,-16.187
2.005,-8.0203,-10.026,4.2365,7.4474,-7.7782,2.816,-19.481,-6.0315,-8.8597,-9.7695,-15.563
4.323,-7.1925,-11.282,2.7279,9.3831,-7.8798,1.4206,-20.149,-6.5999,-9.4098,-10.192,-15.029
5.7641,-5.41,-10.768,0.90085,9.5248,-6.8548,0.23563,-20.945,-7.0367,-9.7246,-10.509,-14.77
5.8285,-3.36,-8.5273,-0.59595,7.745,-5.0472,-0.7609,-21.844,-7.3437,-9.7683,-10.682,-14.862
4.3491,-1.7997,-4.9681,-1.2086,4.3765,-2.998,-1.6072,-22.784,-7.5528,-9.5883,-10.715,-15.224
1.6144,-1.2412,-0.81686,-0.70565,0.12833,-1.2449,-2.3373,-23.673,-7.7151,-9.3077,-10.65,-15.637
-1.668,-1.7923,2.9936,0.72978,-4.0633,-0.182,-2.9779,-24.433,-7.8858,-9.0906,-10.552,-15.822
-4.5687,-3.1618,5.608,2.5397,-7.298,0.0061533,-3.5567,-25.051,-8.1086,-9.0815,-10.482,-15.559
-6.2526,-4.7972,6.5002,4.0238,-8.9258,-0.63327,-4.101,-25.594,-8.3987,-9.3282,-10.464,-14.78
-6.2732,-6.1284,5.5685,4.6578,-8.614,-1.8683,-4.6241,-26.155,-8.7358,-9.7464,-10.479,-13.608
-4.6946,-6.7673,3.0991,4.2507,-6.4724,-3.3831,-5.1115,-26.775,-9.0754,-10.171,-10.472,-12.313
-2.0621,-6.5986,-0.31331,2.9797,-3.1501,-4.8441,-5.52,-27.428,-9.3738,-10.459,-10.378,-11.202
0.74025,-5.8453,-3.8648,1.4023,0.4007,-5.9784,-5.7908,-28.038,-9.6038,-10.536,-10.155,-10.493
2.773,-5.0514,-6.8171,0.28841,3.3117,-6.704,-5.8802,-28.517,-9.7526,-10.388,-9.7967,-10.211
3.3715,-4.8448,-8.7861,0.26991,5.074,-7.1651,-5.7948,-28.795,-9.8208,-10.052,-9.3417,-10.174
2.3688,-5.6206,-9.779,1.5731,5.5835,-7.615,-5.611,-28.867,-9.8315,-9.6411,-8.8729,-10.072
0.16062,-7.3691,-10.076,3.9342,5.0465,-8.2534,-5.4567,-28.816,-9.842,-9.3234,-8.5002,-9.6069
-2.3963,-9.6487,-10.057,6.6138,3.9393,-9.1256,-5.4629,-28.805,-9.933,-9.2503,-8.3273,-8.6274
-4.2724,-11.716,-10.028,8.6538,2.863,-10.1,-5.7124,-29.002,-10.172,-9.4948,-8.4106,-7.2081
-4.7156,-12.839,-10.125,9.3414,2.296,-10.908,-6.215,-29.496,-10.573,-10.022,-8.7324,-5.6262
-3.5994,-12.594,-10.28,8.4659,2.3959,-11.226,-6.9169,-30.212,-11.075,-10.687,-9.2026,-4.2505
-1.4282,-10.99,-10.283,6.329,2.9964,-10.806,-7.7327,-30.917,-11.556,-11.264,-9.6884,-3.3885
0.92825,-8.5097,-9.8945,3.6845,3.7445,-9.6315,-8.5912,-31.315,-11.886,-11.526,-10.061,-3.1589
2.5895,-6.0551,-9.0077,1.4953,4.2526,-8.0221,-9.475,-31.209,-11.982,-11.36,-10.246,-3.4447
2.9731,-4.5852,-7.7685,0.52104,4.2515,-6.5484,-10.437,-30.597,-11.855,-10.85,-10.253,-3.9457
1.9805,-4.6366,-6.5604,1.0474,3.7067,-5.7643,-11.578,-29.651,-11.608,-10.228,-10.181,-4.3035
0.0032815,-6.1188,-5.7969,2.8268,2.7881,-5.9427,-12.998,-28.626,-11.384,-9.7517,-10.164,-4.2391
-2.2475,-8.3784,-5.624,5.1281,1.745,-6.929,-14.736,-27.766,-11.299,-9.5734,-10.312,-3.6445
-4.0328,-10.407,-5.7825,6.9928,0.78503,-8.1346,-16.728,-27.217,-11.387,-9.6994,-10.662,-2.5998
-4.8695,-11.232,-5.7487,7.672,-0.0080416,-8.7628,-18.817,-26.993,-11.585,-10.005,-11.167,-1.3251
-4.6736,-10.271,-5.0245,6.8837,-0.65846,-8.1766,-20.812,-26.984,-11.762,-10.293,-11.715,-0.0945
-3.7197,-7.4991,-3.3831,4.8302,-1.2164,-6.1538,-22.56,-26.999,-11.769,-10.366,-12.17,0.86439
-2.4751,-3.5941,-0.98386,2.1844,-1.6932,-3.0126,-24.006,-26.846,-11.509,-10.105,-12.419,1.4532
-1.4048,0.15656,1.6403,-0.13906,-2.0372,0.37965,-25.19,-26.404,-10.972,-9.5198,-12.407,1.7302
-0.80786,2.509,3.7464,-1.4182,-2.1365,2.9561,-26.207,-25.664,-10.243,-8.7485,-12.165,1.8718
-0.73243,2.8666,4.7045,-1.3809,-1.8509,4.0125,-27.14,-24.728,-9.4573,-7.9944,-11.792,2.1038
-1.0083,1.3678,4.2783,-0.22409,-1.0862,3.4548,-28.021,-23.76,-8.7389,-7.4295,-11.415,2.6234
-1.3684,-1.1944,2.7288,1.4525,0.071712,1.7581,-28.824,-22.91,-8.1517,-7.1176,-11.129,3.5504
-1.6059,-3.6243,0.81477,2.8938,1.2556,-0.1683,-29.486,-22.243,-7.6731,-6.9915,-10.956,4.9074
-1.7072,-4.8496,-0.43605,3.5423,1.9122,-1.3149,-29.948,-21.721,-7.2072,-6.8907,-10.842,6.6007
-1.8541,-4.3189,-0.16953,3.211,1.5339,-0.99932,-30.166,-21.215,-6.6358,-6.65,-10.695,8.428
-2.2964,-2.1061,1.9146,2.0818,-0.11273,0.89651,-30.126,-20.562,-5.8817,-6.1781,-10.436,10.124
-3.2095,1.0582,5.4241,0.65317,-2.8671,3.8596,-29.844,-19.636,-4.9466,-5.4763,-10.039,11.449
-4.614,3.9729,9.3845,-0.43516,-6.1996,6.8588,-29.367,-18.391,-3.9055,-4.6159,-9.5445,12.291
-6.3603,5.5323,12.629,-0.6842,-9.3834,8.8099,-28.764,-16.874,-2.8706,-3.7082,-9.0348,12.727
-8.1643,5.212,14.301,0.069097,-11.751,9.0853,-28.114,-15.209,-1.9438,-2.8741,-8.6073,13.013
-9.6704,3.1825,14.13,1.6101,-12.893,7.691,-27.488,-13.548,-1.1799,-2.2081,-8.3396,13.467
-10.529,0.25636,12.411,3.4008,-12.715,5.2288,-26.934,-12.018,-0.57235,-1.7514,-8.2665,14.354
-10.483,-2.415,9.804,4.7643,-11.378,2.6429,-26.481,-10.688,-0.067701,-1.4882,-8.3703,15.748
-9.446,-3.9062,7.0436,5.1775,-9.2204,0.75125,-26.139,-9.5518,0.4032,-1.3619,-8.5914,17.496
-7.5527,-3.8483,4.7049,4.4759,-6.6748,-0.043568,-25.9,-8.5442,0.89722,-1.2966,-8.8463,19.287
-5.1343,-2.4209,3.0797,2.884,-4.1589,0.23446,-25.719,-7.5631,1.4452,-1.2121,-9.0493,20.792
-2.631,-0.26999,2.1202,0.92753,-1.9762,1.1822,-25.535,-6.5105,2.0474,-1.0391,-9.1386,21.802
-0.47779,1.6917,1.4924,-0.75792,-0.27611,2.1335,-25.322,-5.3383,2.6731,-0.73984,-9.0958,22.294
0.99699,2.6468,0.76909,-1.6621,0.93123,2.4309,-25.131,-4.0731,3.2649,-0.32964,-8.9525,22.443
1.6554,2.1594,-0.32903,-1.5465,1.7219,1.6958,-25.079,-2.8077,3.7565,0.12143,-8.7749,22.524
1.5837,0.28002,-1.8048,-0.49157,2.1943,-0.037809,-25.29,-1.663,4.0977,0.51704,-8.635,22.795
1.06,-2.4098,-3.3993,1.1069,2.4444,-2.2966,-25.829,-0.74128,4.279,0.77986,-8.5774,23.402
0.48444,-4.9424,-4.709,2.64,2.567,-4.3174,-26.661,-0.085234,4.341,0.88764,-8.5989,24.314
0.24555,-6.4162,-5.3696,3.53,2.6558,-5.4116,-27.66,0.33483,4.3609,0.88247,-8.6493,25.322
0.55328,-6.3797,-5.2212,3.4639,2.783,-5.2579,-28.658,0.60764,4.4228,0.8514,-8.6542,26.126
1.3542,-4.9008,-4.3739,2.4767,2.981,-3.9606,-29.508,0.84527,4.5863,0.89093,-8.5463,26.457
2.3672,-2.5407,-3.158,0.94176,3.2439,-2.0161,-30.133,1.146,4.8665,1.0719,-8.2906,26.189
3.1773,-0.23936,-1.9902,-0.52097,3.526,-0.173,-30.531,1.563,5.2314,1.4154,-7.8958,25.386
3.3504,1.0569,-1.227,-1.2714,3.7312,0.8797,-30.763,2.0897,5.614,1.8854,-7.4067,24.265
2.5777,0.81219,-1.063,-0.91395,3.7039,0.78709,-30.919,2.6663,5.9346,2.3999,-6.8896,23.104
0.80118,-0.92983,-1.4357,0.55195,3.2165,-0.39089,-31.088,3.2048,6.1247,2.8573,-6.4119,22.133
-1.763,-3.5647,-1.9466,2.7262,2.0068,-2.1902,-31.328,3.6202,6.148,3.1693,-6.0245,21.478
-4.7059,-6.1159,-1.9585,4.9483,-0.086791,-3.8455,-31.647,3.8596,6.0125,3.2914,-5.7496,21.107
-7.5538,-7.6298,-0.91241,6.5574,-3.0023,-4.5972,-32.007,3.9219,5.7701,3.2394,-5.5726,20.864
-9.9023,-7.5357,1.3527,7.1265,-6.4334,-4.0332,-32.348,3.8602,5.5001,3.0855,-5.4495,20.542
-11.515,-5.7851,4.5398,6.5699,-9.9087,-2.2012,-32.622,3.763,5.2778,2.9285,-5.325,19.966
-12.335,-2.8808,7.97,5.1622,-12.873,0.42949,-32.815,3.7162,5.1442,2.8519,-5.1543,19.067
-12.404,0.199,10.74,3.4613,-14.75,3.0547,-32.943,3.7684,5.0945,2.8911,-4.9171,17.936
-11.756,2.3686,12.03,2.0886,-15.076,4.7865,-33.044,3.9186,5.0884,3.0223,-4.6166,16.812
-10.384,2.9134,11.395,1.4741,-13.633,5.0227,-33.17,4.1265,5.073,3.1761,-4.2702,15.989
-8.2882,1.7042,8.8346,1.7093,-10.443,3.6622,-33.369,4.3296,5.0063,3.2706,-3.898,15.714
-5.4743,-0.76195,4.749,2.4736,-5.768,1.1167,-33.658,4.4661,4.8731,3.2476,-3.5136,16.087
-1.9864,-3.4536,-0.086648,3.1115,-0.22202,-1.7998,-33.997,4.5014,4.6895,3.0958,-3.1209,16.999
2.0026,-5.2581,-4.6243,3.0081,5.334,-4.1392,-34.266,4.441,4.495,2.8523,-2.7188,18.16
6.1135,-5.4908,-7.8657,1.9442,10.071,-5.1632,-34.295,4.3296,4.3342,2.588,-2.3062,19.195
9.6861,-4.0463,-9.1713,0.1072,13.263,-4.5697,-33.921,4.2375,4.2383,2.3863,-1.8824,19.793
11.906,-1.3839,-8.3932,-2.009,14.317,-2.5954,-33.05,4.2388,4.213,2.3198,-1.442,19.838
12.157,1.548,-5.9319,-3.7077,12.947,0.014743,-31.666,4.3871,4.2388,2.4292,-0.97335,19.454
10.277,3.6597,-2.6603,-4.3359,9.4784,2.3041,-29.805,4.6994,4.2803,2.7097,-0.46278,18.937
6.6013,4.1992,0.42558,-3.5668,4.8529,3.5182,-27.516,5.1506,4.2957,3.1086,0.095081,18.622
1.8482,2.9993,2.6531,-1.5266,0.13931,3.3321,-24.855,5.6794,4.2418,3.5337,0.68515,18.741
-3.0986,0.51115,3.863,1.2496,-4.0381,1.9271,-21.925,6.2025,4.0811,3.8764,1.2652,19.326
-7.4245,-2.3183,4.2889,3.9855,-7.4656,-0.03151,-18.943,6.6344,3.7922,4.0442,1.7726,20.197
-10.517,-4.4288,4.3267,5.9281,-9.9154,-1.6776,-16.209,6.911,3.3794,3.994,2.1477,21.032
-12.027,-5.0937,4.3681,6.6119,-11.158,-2.366,-13.952,7.0098,2.8756,3.7525,2.3573,21.489
-11.972,-4.1417,4.686,6.0079,-11.289,-1.8599,-12.178,6.9607,2.333,3.4097,2.4154,21.32
-10.75,-1.9996,5.3343,4.524,-10.646,-0.32795,-10.72,6.8345,1.8077,3.0867,2.381,20.466
-8.9614,0.43953,6.1077,2.8194,-9.4789,1.6801,-9.3813,6.708,1.3411,2.8906,2.3344,19.08
-7.1124,2.2325,6.6109,1.492,-7.8606,3.4028,-8.05,6.6237,0.94483,2.8727,2.3419,17.478
-5.4082,2.8375,6.4431,0.84008,-5.8279,4.2294,-6.7132,6.5706,0.59384,3.0038,2.4287,16.031
-3.775,2.2877,5.4056,0.79421,-3.4928,3.9682,-5.4414,6.4904,0.23325,3.182,2.5726,15.051
-2.0561,1.1253,3.6204,0.98196,-1.0791,2.8718,-4.3578,6.3074,-0.19864,3.2772,2.7189,14.687
-0.20914,0.14321,1.5338,0.93161,1.073,1.5038,-3.5873,5.9581,-0.74251,3.1915,2.8103,14.888
1.5109,-0.0085005,-0.22499,0.35973,2.5538,0.49159,-3.1943,5.4122,-1.3989,2.8976,2.8156,15.418
2.6127,0.8982,-1.0992,-0.6673,3.0412,0.26868,-3.134,4.686,-2.1244,2.4497,2.7463,15.94
2.7164,2.625,-0.81944,-1.8044,2.46,0.94832,-3.2473,3.8468,-2.841,1.966,2.6569,16.15
1.8233,4.6022,0.53423,-2.6438,0.9972,2.3358,-3.3145,3.0026,-3.4558,1.589,2.6308,15.902
0.33216,6.2103,2.586,-2.9292,-0.93861,4.0285,-3.1422,2.2741,-3.8887,1.4388,2.7564,15.283
-1.1428,7.0759,4.7761,-2.6749,-2.7886,5.5765,-2.6408,1.7555,-4.1006,1.5713,3.1006,14.595
-1.9695,7.1942,6.5208,-2.1882,-3.9899,6.6423,-1.8513,1.4815,-4.111,1.957,3.6871,14.257
-1.615,6.878,7.3744,-1.968,-4.1165,7.095,-0.91695,1.4154,-3.9943,2.4881,4.4867,14.651
0.18501,6.6028,7.1488,-2.4641,-2.9809,7.031,-0.017558,1.4684,-3.8513,3.0165,5.4249,15.96
3.2346,6.7936,6.002,-3.832,-0.75421,6.7323,0.7032,1.5454,-3.767,3.4108,6.4061,18.067
6.8465,7.6496,4.4451,-5.8486,1.9874,6.558,1.1965,1.5976,-3.7749,3.6052,7.3417,20.566
10,9.0824,3.1769,-7.976,4.4222,6.8024,1.5337,1.6506,-3.843,3.6199,8.1711,22.899
11.692,10.744,2.8153,-9.5399,5.7217,7.5788,1.8788,1.7971,-3.8864,3.5475,8.8751,24.549
11.301,12.139,3.6815,-9.9923,5.3216,8.7624,2.4104,2.158,-3.8045,3.5124,9.4816,25.235
8.7679,12.812,5.6846,-9.122,3.1418,10.016,3.2346,2.8289,-3.5265,3.6231,10.05,25.005
4.5915,12.525,8.3149,-7.1003,-0.37691,10.923,4.3355,3.8361,-3.045,3.9303,10.629,24.195
-0.3155,11.329,10.844,-4.4084,-4.432,11.176,5.586,5.1195,-2.4205,4.4059,11.207,23.282
-4.8779,9.5684,12.667,-1.7105,-8.1343,10.724,6.8041,6.5491,-1.7578,4.9517,11.706,22.693
-8.1864,7.8125,13.546,0.32132,-10.818,9.8125,7.8222,7.9655,-1.1634,5.4395,12.011,22.649
-9.7354,6.6601,13.644,1.2095,-12.217,8.897,8.5439,9.2301,-0.70198,5.7663,12.035,23.105
-9.4464,6.5129,13.377,0.81112,-12.393,8.4523,8.9696,10.266,-0.37261,5.8931,11.763,23.789
-7.6666,7.455,13.153,-0.66805,-11.593,8.7652,9.1855,11.071,-0.11254,5.8547,11.262,24.322
-5.0941,9.2603,13.177,-2.7736,-10.179,9.83,9.3175,11.696,0.17143,5.735,10.65,24.34
-2.46,11.44,13.375,-4.9468,-8.5352,11.328,9.4738,12.21,0.558,5.6288,10.044,23.608
-0.26168,13.321,13.447,-6.66,-6.9528,12.682,9.7061,12.659,1.0749,5.6045,9.5169,22.09
1.2196,14.224,13.015,-7.508,-5.5972,13.258,10.01,13.052,1.6894,5.6832,9.0809,19.99
1.8119,13.72,11.853,-7.2671,-4.521,12.655,10.352,13.35,2.3261,5.8381,8.6953,17.707
1.5153,11.829,10.054,-5.9791,-3.7029,10.912,10.699,13.487,2.9008,6.0095,8.295,15.725
0.58195,9.1088,8.0275,-4.0273,-3.0877,8.556,11.026,13.403,3.3521,6.1335,7.8279,14.459
-0.50498,6.5236,6.3086,-2.0804,-2.6054,6.4293,11.307,13.089,3.6622,6.1735,7.2852,14.107
-1.1448,5.0664,5.3054,-0.87542,-2.1704,5.3104,11.51,12.6,3.8595,6.1357,6.7053,14.561
-0.85896,5.3631,5.1457,-0.96616,-1.6802,5.5942,11.609,12.019,4.0011,6.058,6.1524,15.417
0.49808,7.4771,5.6516,-2.5311,-1.0316,7.1763,11.597,11.425,4.1437,5.9852,5.687,16.119
2.6702,10.81,6.4108,-5.2447,-0.17868,9.4602,11.501,10.863,4.3144,5.9483,5.3473,16.17
5.0873,14.187,6.9388,-8.2797,0.79267,11.545,11.383,10.351,4.498,5.9581,5.1455,15.339
7.0441,16.374,6.8937,-10.609,1.6424,12.619,11.321,9.8873,4.6487,6.0089,5.0759,13.763
7.916,16.613,6.2586,-11.474,2.0577,12.277,11.381,9.4744,4.7221,6.0903,5.1282,11.915
7.394,14.82,5.388,-10.629,1.7925,10.672,11.582,9.1282,4.7062,6.1953,5.2969,10.43
5.6301,11.677,4.8471,-8.4087,0.77773,8.5127,11.871,8.8682,4.6254,6.3195,5.5791,9.8402
3.1885,8.5098,5.1123,-5.7071,-0.83612,6.7977,12.131,8.6966,4.5184,6.4529,5.9618,10.319
0.86252,6.6565,6.3389,-3.6511,-2.7042,6.3093,12.219,8.5847,4.4085,6.5732,6.4119,11.575
-0.57653,6.8393,8.3164,-3.0681,-4.3802,7.3085,12.033,8.4779,4.2901,6.6509,6.8778,12.956
-0.66267,9.074,10.549,-4.2164,-5.4456,9.5594,11.554,8.3171,4.1361,6.663,7.3054,13.717
0.57821,12.693,12.398,-6.7357,-5.6298,12.385,10.853,8.0634,3.9194,6.607,7.6593,13.329
2.6546,16.383,13.283,-9.6982,-4.8842,14.803,10.059,7.7122,3.6324,6.5056,7.9374,11.698
4.8211,18.738,12.854,-11.967,-3.397,15.92,9.2986,7.2915,3.2938,6.3971,8.1711,9.1809
6.3585,18.943,11.083,-12.737,-1.5506,15.296,8.6488,6.8449,2.9386,6.3175,8.413,6.4115
6.8235,16.933,8.3457,-11.784,0.17737,13.05,8.1121,6.4092,2.5992,6.2811,8.7141,4.0357
6.1846,13.383,5.3999,-9.4705,1.3487,9.8853,7.6312,5.9962,2.2874,6.2703,9.0993,2.47
4.803,9.6437,3.1727,-6.693,1.7036,6.9267,7.1228,5.5879,1.9861,6.239,9.5485,1.7608
3.26,7.1781,2.3674,-4.5508,1.2498,5.2515,6.5163,5.1478,1.6573,6.1304,9.9947,1.5872
2.1125,6.847,3.1575,-3.8183,0.22211,5.3951,5.7855,4.64,1.2592,5.9029,10.339,1.3982
1.7187,8.6859,5.2162,-4.6729,-1.0358,7.2486,4.9616,4.048,0.77013,5.5517,10.481,0.63436
2.1667,12.023,7.9183,-6.7184,-2.1505,10.209,4.1277,3.3835,0.21008,5.1211,10.36,-1.0374
3.295,15.724,10.525,-9.1902,-2.7747,13.374,3.3983,2.6994,-0.34486,4.706,10.012,-3.576
4.7873,18.663,12.377,-11.298,-2.6658,15.848,2.8868,2.0868,-0.76358,4.4458,9.6241,-6.5312
6.2963,20.188,13.04,-12.527,-1.741,17.076,2.6588,1.6561,-0.88681,4.5101,9.5705,-9.1337
7.5447,20.338,12.375,-12.782,-0.069286,17.049,2.6841,1.4924,-0.57567,5.0772,10.459,-10.44
8.3499,19.949,10.753,-12.414,2.1349,16.461,2.805,1.5977,0.24935,6.4509,13.368,-9.4955
8.6102,20.453,6.5347,-12.147,4.5571,14.412,2.7495,1.8706,1.5833,10.956,21.859,-5.5232
8.3011,16.5,0.015672,-13.015,7.1807,8.2615,2.2261,2.1271,3.2289,11.451,32.275,0.81246
7.4555,11.357,-3.4656,-12.283,8.0733,4.1529,1.1038,2.124,4.4471,6.0313,30.185,-12.713
6.0878,11.233,-1.3478,-10.564,5.2864,4.9478,-0.21197,1.5455,4.791,-0.21619,25.541,-19.709
4.1259,16.902,7.0328,-12.307,-0.73339,11.284,3.3883,-0.098699,5.449,-5.1255,17.435,-21.183
1.8424,26.549,19.674,-16.033,-8.9736,21.613,3.9681,-7.0901,3.4568,-6.6682,9.2786,-21.596
-0.27265,38.694,35.515,-20.983,-19.035,35.184,4.5092,-14.526,-7.6343,-1.9646,6.556,-19.464
-2.7166,52.645,53.787,-26.929,-30.353,51.591,6.0667,-11.551,-0.56811,11.715,14.497,-11.942
-4.4528,68.532,73.923,-34.054,-42.016,69.164,7.3654,-5.8033,13.411,37.044,39.624,4.2017
-4.7623,88.485,96.047,-44.14,-53.382,89.922,6.4982,2.0011,32.216,75.191,91.237,34.858
-2.6071,117.95,122.21,-60.237,-63.968,118.41,0.74874,9.4135,54.276,127.09,177.56,97.037
3.7321,160.91,154.82,-84.783,-74.439,157.2,-13.475,12.014,74.688,192.42,301.93,221.19
16.518,217.24,194.25,-118.59,-85.611,206.03,-42.664,4.7025,85.482,266.28,462.33,381.75
36.628,283.71,238.66,-160.63,-97.269,262.23,-87.373,-17.685,78.722,340.54,650.37,567.98
61.399,353.48,283.36,-207.28,-107.67,319.67,-132.41,-61.222,45.594,405.47,851.32,773.26
87.594,416.03,320.44,-251.99,-113.91,369.12,-175.96,-133.33,-20.894,450.53,1045.9,976.1
112.55,459.97,341.17,-286.94,-113.42,400.25,-213.8,-226.58,-123,466.78,1212.6,1150.9
133.37,476.04,338.67,-305.94,-103.68,405.78,-242.55,-336.9,-256.41,448.77,1330.5,1272
148.6,459.62,309.17,-305.74,-82.603,382.44,-261.58,-458.12,-410.63,394.97,1382.9,1319.3
158.3,411.05,252.32,-286.07,-49.789,330.35,-272.71,-584.93,-572.97,306.8,1359.2,1284.2
163.19,334.41,171.1,-249.49,-6.5752,252.49,-278.83,-712.18,-731.46,187.04,1256.5,1171.1
163.79,236.09,71.559,-200.15,44.279,154.15,-282.35,-833.84,-876.55,38.687,1078.5,994.88
160.43,124.25,-37.35,-142.2,98.064,43.757,-284.25,-943.01,-1001.9,-134.98,834.97,777.93
152.12,8.6905,-144.32,-79.465,148.04,-67.568,-284.08,-1032.7,-1104.3,-329.27,540.9,544.68
136.59,-100.05,-237.22,-16.1,186.75,-168.18,-280.42,-1097.4,-1182.4,-535.37,217.51,316.58
112.53,-192.21,-305.64,43.052,208.44,-248.08,-271.73,-1133.9,-1235.4,-737.94,-106.9,110.43
81.497,-260.16,-343.14,93.108,210.93,-300.59,-257.22,-1141,-1260.7,-914.91,-398.59,-60.182
46.621,-299.87,-347.84,130.51,195.21,-322.9,-236.63,-1118.9,-1254.2,-1041.7,-624.63,-185.97
10.562,-310.71,-321.95,153.46,164.33,-315.57,-209.2,-1069.3,-1212.1,-1099.6,-762.43,-264.74
-23.758,-294.86,-271.19,161.82,122.66,-282.38,-174.58,-995.8,-1134.8,-1082.9,-807.31,-300.93
-53.663,-258.22,-204.19,157.65,75.415,-230.81,-133.89,-904.67,-1028.9,-1002.2,-773.52,-302.89
-77.122,-209.66,-131.36,144.61,28.308,-170.7,-89.794,-803.9,-905.77,-879.71,-687.84,-281.01
-91.99,-157.54,-63.108,126.41,-12.946,-111.19,-46.357,-701.54,-778.48,-740.36,-579.51,-246.75
-97.049,-107.89,-7.6933,104.9,-43.833,-59.099,-7.7697,-603.71,-657.72,-605.33,-471.53,-211.72
-93.64,-64.182,30.26,81.372,-62.004,-19.807,15.912,-513.48,-549.41,-487.02,-376.91,-183.29
-83.711,-37.327,49.825,59.352,-67.244,4.4113,21.686,-431.02,-454.74,-388.67,-299.26,-162.08
-68.989,-24.15,52.258,42.676,-61.676,14.911,18.77,-355.09,-372,-307.77,-235.78,-146.22
-51.873,-17.418,42.158,32.148,-49.318,14.816,12.801,-284.81,-298.94,-239.68,-182.94,-132.74
-35.05,-14.653,27.115,25.64,-34.249,8.4928,6.2225,-220.13,-234.21,-181.12,-138.93,-118.34
-21.875,-14.214,12.423,21.199,-18.431,0.45904,0.55123,-161.97,-177.86,-131.11,-101.11,-103.12
-13.164,-13.961,0.042519,17.044,-4.5427,-6.6771,-2.8946,-112.25,-130.85,-90.111,-69.115,-86.65
-6.6117,-12.402,-7.1086,12.122,2.7396,-10.496,-0.19009,-72.132,-93.931,-57.843,-45.486,-69.966
-0.43931,-9.1913,-3.3513,6.1292,6.3897,-8.8165,2.4977,-42.749,-66.572,-36.694,-31.786,-55.457
6.0495,-7.978,-1.4257,0.27264,8.8321,-3.6421,4.6915,-26.651,-46.976,-25.886,-25.484,-44.971
11.268,-1.2411,0.41524,-2.8831,9.3704,1.2648,6.3065,-18.345,-33.545,-20.546,-23.623,-38.182
11.972,4.1416,1.8218,-4.8893,7.8748,4.837,7.4036,-13.379,-23.909,-17.27,-24.321,-33.927
9.4379,6.7074,2.5266,-5.8229,5.4696,6.4147,8.1897,-10.282,-16.654,-14.479,-27,-31.214
6.6716,6.4733,2.4444,-4.8958,3.6377,6.0078,8.8626,-8.274,-11.74,-11.512,-28.203,-29.237
3.6505,4.1188,1.5727,-2.5593,2.3053,4.0283,9.5604,-6.7668,-9.4517,-8.3429,-23.784,-27.456
0.96816,0.87124,0.10868,0.15893,1.4239,1.3006,10.355,-6.6302,-10.78,-7.2452,-17.138,-25.666
-0.6259,-1.7814,-1.4402,2.1138,0.99028,-1.0885,11.267,-7.1368,-15.228,-5.3215,-13.11,-23.909
-0.76438,-2.7086,-2.4142,2.4842,0.89767,-2.2346,12.279,-3.1152,-12.967,-2.6392,-10.703,-22.4
0.41975,-1.5019,-2.3231,1.0477,0.9445,-1.7368,13.343,-0.36684,-9.1113,-1.0058,-9.1243,-21.457
2.3648,1.5175,-1.047,-1.7547,0.89577,0.27676,14.401,1.4112,-6.4975,0.018274,-8.0353,-21.404
4.2961,5.3635,1.1198,-4.9476,0.57666,3.1767,15.409,2.7128,-4.5233,0.7775,-7.2261,-22.429
5.4879,8.6577,3.522,-7.4057,-0.051665,5.9356,16.337,3.7582,-2.8666,1.4606,-6.5402,-24.489
5.5028,10.212,5.3449,-8.3241,-0.86994,7.5141,17.164,4.6161,-1.4573,2.1295,-5.8769,-27.309
4.3302,9.4468,5.9358,-7.4324,-1.6458,7.2863,17.868,5.2822,-0.33382,2.7498,-5.1975,-30.456
2.372,6.5043,5.0695,-4.9967,-2.1302,5.2384,18.433,5.7413,0.45367,3.2358,-4.5188,-33.455
0.28731,2.3414,3.0404,-1.8152,-2.1555,2.03,18.86,6.0063,0.906,3.5062,-3.8933,-35.928
-1.2316,-1.5137,0.5414,0.99365,-1.6837,-1.2002,19.175,6.128,1.096,3.5289,-3.3866,-37.737
-1.6649,-3.7568,-1.6438,2.4893,-0.7992,-3.3893,19.423,6.1789,1.1434,3.3433,-3.054,-39.039
-0.84249,-3.8302,-2.9588,2.2592,0.32986,-3.9888,19.648,6.2233,1.1639,3.0515,-2.9194,-40.207
0.99244,-1.9052,-3.2449,0.46467,1.5035,-3.0338,19.868,6.2929,1.2271,2.785,-2.9601,-41.626
3.3019,1.1994,-2.7528,-2.2163,2.548,-1.0869,20.072,6.3793,1.344,2.6621,-3.1049,-43.48
5.4613,4.249,-2.0137,-4.8197,3.3576,0.94353,20.229,6.4462,1.4788,2.7503,-3.2512,-45.622
6.9367,6.127,-1.5913,-6.5011,3.8984,2.1945,20.301,6.4498,1.5706,3.0405,-3.3021,-47.605
7.4044,6.2292,-1.8374,-6.8079,4.1865,2.171,20.258,6.356,1.5584,3.4415,-3.2076,-48.876
6.8397,4.5218,-2.788,-5.7072,4.2664,0.83201,20.07,6.1497,1.4031,3.8036,-2.988,-49.036
5.531,1.5426,-4.1905,-3.568,4.202,-1.4047,19.716,5.8422,1.1068,3.9753,-2.7213,-48.041
3.9732,-1.6664,-5.6,-1.1213,4.0666,-3.7536,19.204,5.4741,0.72325,3.8672,-2.5022,-46.207
2.7169,-3.965,-6.5432,0.76774,3.9301,-5.3893,18.59,5.1091,0.35457,3.4934,-2.3962,-44.048
2.2195,-4.6245,-6.7161,1.4451,3.85,-5.8081,17.986,4.8148,0.12264,2.9707,-2.4155,-42.063
2.6929,-3.5189,-6.104,0.6926,3.8691,-4.9535,17.525,4.6393,0.12277,2.4727,-2.5213,-40.559
4.0071,-1.1156,-4.9608,-1.2145,4.0008,-3.194,17.314,4.5968,0.38675,2.1653,-2.6428,-39.563
5.7284,1.6376,-3.6862,-3.5797,4.2046,-1.2137,17.378,4.6687,0.87612,2.147,-2.7029,-38.842
7.2782,3.6881,-2.6651,-5.5453,4.3765,0.25704,17.645,4.8141,1.5026,2.4118,-2.647,-38.03
8.1283,4.3351,-2.1336,-6.4494,4.3737,0.74401,17.991,4.9814,2.1622,2.847,-2.464,-36.806
7.9646,3.4287,-2.1152,-6.0456,4.0673,0.16695,18.303,5.1193,2.7691,3.2714,-2.1944,-35.052
6.7836,1.3682,-2.4432,-4.5372,3.3995,-1.1735,18.531,5.1865,3.2757,3.5028,-1.9181,-32.915
4.8906,-1.0354,-2.8558,-2.4842,2.416,-2.7341,18.684,5.1625,3.676,3.423,-1.7278,-30.774
2.7807,-2.9174,-3.1228,-0.57933,1.2644,-3.9734,18.805,5.0537,3.999,3.0156,-1.6974,-29.109
0.95695,-3.7181,-3.1409,0.61778,0.16322,-4.5521,18.93,4.8898,4.2971,2.3698,-1.8569,-28.358
-0.21,-3.3124,-2.9664,0.84236,-0.64737,-4.4056,19.054,4.7098,4.6281,1.6491,-2.181,-28.763
-0.53482,-2.0072,-2.7886,0.176,-0.95876,-3.7365,19.128,4.5412,5.0309,1.0348,-2.5941,-30.265
-0.012261,-0.44519,-2.8568,-0.991,-0.63779,-2.942,19.071,4.3875,5.502,0.66796,-2.9947,-32.496
1.2045,0.65123,-3.384,-2.1264,0.35477,-2.4574,18.804,4.2288,5.987,0.60611,-3.2948,-34.881
2.8643,0.78999,-4.4661,-2.7952,1.9748,-2.5787,18.278,4.0329,6.3937,0.7968,-3.4576,-36.804
4.7324,-0.11345,-6.0468,-2.832,4.096,-3.3572,17.491,3.7647,6.6199,1.0812,-3.517,-37.797
6.6654,-1.716,-7.9271,-2.3973,6.4793,-4.5935,16.466,3.3946,6.5873,1.2493,-3.5655,-37.702
8.5669,-3.3856,-9.8069,-1.8901,8.7898,-5.9179,15.235,2.9086,6.2683,1.1265,-3.7138,-36.74
10.297,-4.5023,-11.354,-1.7133,10.677,-6.9374,13.836,2.3202,5.6955,0.64273,-4.0426,-35.42
11.639,-4.7449,-12.288,-2.0422,11.846,-7.3892,12.316,1.6747,4.9515,-0.14346,-4.5708,-34.328
12.337,-4.1847,-12.449,-2.7474,12.103,-7.222,10.744,1.0378,4.1448,-1.0687,-5.2478,-33.847
12.174,-3.215,-11.829,-3.4622,11.396,-6.5849,9.2306,0.47655,3.3801,-1.9227,-5.9696,-33.952
11.061,-2.3701,-10.578,-3.7469,9.8481,-5.7485,7.9196,0.041147,2.7349,-2.5151,-6.6101,-34.189
9.1011,-2.0849,-8.9795,-3.297,7.7683,-4.9941,6.9465,-0.24632,2.2433,-2.7349,-7.0613,-33.857
6.5876,-2.5238,-7.3846,-2.0807,5.5757,-4.5209,6.3845,-0.3993,1.8859,-2.599,-7.2729,-32.279
3.9723,-3.5586,-6.104,-0.34973,3.6724,-4.405,6.2036,-0.47035,1.5903,-2.2692,-7.2783,-29.073
1.7681,-4.8535,-5.3217,1.4554,2.3707,-4.6025,6.2668,-0.54229,1.2541,-1.998,-7.188,-24.293
0.37734,-5.9951,-5.0601,2.8717,1.8305,-4.9739,6.3798,-0.69987,0.79202,-2.0139,-7.1454,-18.386
-0.065482,-6.6268,-5.1813,3.5845,1.9861,-5.3219,6.3799,-0.99022,0.18642,-2.4179,-7.2626,-12.041
0.26184,-6.5605,-5.4133,3.526,2.5535,-5.4411,6.2142,-1.3955,-0.49343,-3.1463,-7.5719,-5.9995
0.91822,-5.8487,-5.4259,2.8887,3.1225,-5.1845,5.9557,-1.839,-1.1171,-4.0044,-8.015,-0.85494
1.3345,-4.7954,-4.9405,2.0701,3.2589,-4.5334,5.7528,-2.2254,-1.5534,-4.7525,-8.4759,3.1249
1.0319,-3.8666,-3.822,1.5393,2.616,-3.6338,5.7399,-2.4949,-1.7376,-5.2092,-8.8394,6.0697
-0.18625,-3.5075,-2.123,1.6594,1.0561,-2.7551,5.9561,-2.6606,-1.7113,-5.3277,-9.0488,8.4094
-2.1867,-3.9547,-0.074482,2.5537,-1.2727,-2.1664,6.3079,-2.8062,-1.6118,-5.2095,-9.1304,10.678
-4.577,-5.1213,1.9854,4.0519,-3.9466,-1.9963,6.5985,-3.0475,-1.6124,-5.0561,-9.1739,13.34
-6.8149,-6.6057,3.7293,5.7258,-6.4036,-2.1671,6.6144,-3.4758,-1.8431,-5.0811,-9.2858,16.595
-8.3566,-7.8614,4.9403,7.0531,-8.1481,-2.4475,6.2282,-4.1144,-2.335,-5.4246,-9.5472,20.226
-8.8218,-8.4456,5.5315,7.6503,-8.8592,-2.5832,5.4541,-4.9081,-3.0162,-6.1136,-9.9924,23.616
-8.1064,-8.172,5.4973,7.4007,-8.3917,-2.4202,4.43,-5.7505,-3.7546,-7.0683,-10.608,25.977
-6.4063,-7.1456,4.8533,6.4471,-6.7795,-1.9763,3.3476,-6.5327,-4.419,-8.1326,-11.341,26.65
-4.1444,-5.7585,3.6097,5.1389,-4.2677,-1.4639,2.3753,-7.189,-4.9335,-9.1206,-12.114,25.378
-1.8406,-4.6062,1.7797,3.9508,-1.2581,-1.2353,1.5998,-7.7206,-5.3063,-9.8846,-12.852,22.423
-0.0056604,-4.2643,-0.55073,3.3541,1.7714,-1.6177,1.004,-8.19,-5.6215,-10.375,-13.507,18.454
0.9394,-5.0359,-3.103,3.6689,4.2871,-2.7313,0.4941,-8.6899,-5.9986,-10.658,-14.076,14.294
0.75713,-6.8164,-5.3858,4.9342,5.7971,-4.3987,-0.031645,-9.3016,-6.5403,-10.888,-14.599,10.629
-0.513,-9.0883,-6.8295,6.8397,5.9926,-6.1579,-0.61339,-10.063,-7.292,-11.246,-15.133,7.7865
-2.5322,-11.074,-6.995,8.7948,4.8225,-7.406,-1.2058,-10.965,-8.2314,-11.879,-15.742,5.6619
-4.7697,-12.069,-5.7574,10.168,2.5127,-7.6737,-1.7094,-11.975,-9.2881,-12.86,-16.481,3.7997
-6.7158,-11.755,-3.3565,10.547,-0.4818,-6.8518,-2.0242,-13.069,-10.384,-14.195,-17.394,1.5998
-8.0606,-10.317,-0.31623,9.8781,-3.6072,-5.2282,-2.0943,-14.263,-11.477,-15.855,-18.517,-1.419
-8.74,-8.3615,2.69,8.4897,-6.3653,-3.3722,-1.9299,-15.61,-12.591,-17.823,-19.881,-5.4005
-8.8873,-6.7104,5.0056,6.9937,-8.4078,-1.9391,-1.603,-17.17,-13.808,-20.127,-21.521,-10.1
-8.7386,-6.0965,6.1633,6.0376,-9.5498,-1.4461,-1.2205,-18.97,-15.243,-22.779,-23.475,-15.017
-8.5169,-6.9155,5.9995,6.0605,-9.7389,-2.0952,-0.88703,-20.991,-17.041,-25.682,-25.79,-19.618
-8.3305,-9.0718,4.6617,7.1556,-9.0262,-3.7122,-0.67938,-23.193,-19.403,-28.69,-28.514,-23.547
-8.1212,-11.967,2.5053,9.0078,-7.5417,-5.8522,-0.641,-25.567,-22.582,-31.794,-31.719,-26.761
-7.6912,-14.772,-0.03004,10.97,-5.4662,-8.009,-0.79119,-28.141,-26.718,-35.198,-35.486,-29.568
-6.8201,-16.826,-2.5223,12.38,-3.0217,-9.7741,-1.1383,-30.941,-31.464,-39.186,-39.877,-32.544
-5.4236,-17.823,-4.6808,12.874,-0.47806,-10.925,-1.6875,-33.937,-36.03,-43.891,-44.869,-36.336
-3.6736,-17.841,-6.4258,12.474,1.873,-11.499,-2.4374,-37.027,-39.978,-49.125,-50.319,-41.442
-1.9797,-17.341,-7.8557,11.549,3.7736,-11.791,-3.3724,-40.063,-43.456,-54.505,-56.003,-48.064
-0.81491,-17.028,-9.1242,10.68,5.0359,-12.232,-4.4623,-42.932,-46.778,-59.732,-61.714,-56.094
-0.51541,-17.55,-10.343,10.42,5.5674,-13.227,-5.6743,-45.616,-50.215,-64.726,-67.348,-65.2
-1.1692,-19.279,-11.577,11.071,5.3942,-15.046,-6.9861,-48.217,-54.024,-69.584,-72.891,-74.833
-2.6056,-22.255,-12.847,12.626,4.6538,-17.735,-8.3864,-50.89,-58.443,-74.513,-78.355,-84.389
-4.456,-26.163,-14.084,14.829,3.5599,-21.003,-9.8721,-53.745,-63.583,-79.786,-83.705,-93.872
-6.2554,-30.39,-15.114,17.276,2.38,-24.224,-11.45,-56.78,-69.293,-85.712,-88.896,-104.07
-7.5599,-34.228,-15.763,19.591,1.4085,-26.75,-13.138,-59.902,-75.231,-92.53,-93.998,-115.76
-8.0748,-37.155,-16.015,21.567,0.899,-28.271,-14.937,-62.995,-81.112,-100.21,-99.282,-129.04
-7.7489,-39.017,-16.055,23.13,0.99924,-28.913,-16.798,-65.973,-86.851,-108.27,-105.12,-143.33
-6.7708,-40.059,-16.183,24.278,1.7247,-29.101,-18.589,-68.794,-92.476,-115.94,-111.74,-157.9
-5.4926,-40.813,-16.676,25.142,2.9493,-29.34,-20.145,-71.47,-98.026,-122.79,-119.03,-172.02
-4.3509,-41.867,-17.676,26.025,4.4206,-30.03,-21.36,-74.051,-103.55,-128.98,-126.6,-184.87
-3.785,-43.641,-19.121,27.273,5.8015,-31.336,-22.257,-76.621,-109.15,-135.02,-134.09,-195.57
-4.1505,-46.223,-20.744,29.096,6.7347,-33.151,-22.963,-79.259,-114.93,-141.4,-141.34,-203.51
-5.6184,-49.292,-22.156,31.442,6.9326,-35.133,-23.631,-82.013,-120.9,-148.54,-148.31,-208.72
-8.1104,-52.222,-22.975,34.001,6.2673,-36.832,-24.348,-84.864,-126.98,-156.69,-155.04,-211.75
-11.316,-54.383,-22.96,36.336,4.8192,-37.873,-25.099,-87.737,-133.06,-165.73,-161.54,-213.39
-14.764,-55.407,-22.103,38.061,2.8644,-38.087,-25.787,-90.545,-139.07,-175.15,-167.81,-214.44
-17.93,-55.313,-20.652,39.005,0.80263,-37.58,-26.303,-93.258,-145.01,-184.28,-173.89,-215.56
-20.365,-54.531,-19.059,39.27,-0.94547,-36.732,-26.592,-95.919,-150.93,-192.59,-179.84,-217.08
-21.817,-53.74,-17.866,39.186,-2.0422,-36.058,-26.687,-98.633,-156.93,-199.97,-185.74,-219.01
-22.316,-53.518,-17.48,39.158,-2.3293,-35.953,-26.698,-101.51,-163.09,-206.67,-191.57,-221.01
-22.151,-54.12,-17.936,39.498,-1.8892,-36.542,-26.763,-104.59,-169.39,-213.19,-197.28,-222.58
-21.714,-55.495,-18.834,40.317,-1.0342,-37.655,-26.987,-107.86,-175.66,-220.03,-202.75,-223.27
-21.329,-57.276,-19.544,41.464,-0.20547,-38.845,-27.406,-111.24,-181.65,-227.48,-207.93,-222.88
-21.157,-58.785,-19.52,42.534,0.20971,-39.531,-27.988,-114.63,-187.26,-235.57,-212.79,-221.49
-21.133,-59.307,-18.507,43.028,0.044025,-39.263,-28.664,-117.9,-192.49,-244.06,-217.32,-219.49
-20.975,-58.435,-16.579,42.632,-0.60675,-37.915,-29.367,-121,-197.4,-252.44,-221.48,-217.45
-20.431,-56.245,-14.088,41.375,-1.4633,-35.716,-30.051,-123.89,-201.97,-260.06,-225.18,-215.89
-19.494,-53.34,-11.605,39.615,-2.1901,-33.211,-30.7,-126.54,-206.15,-266.64,-228.36,-215.28
-18.356,-50.684,-9.8009,37.908,-2.4944,-31.115,-31.333,-128.99,-209.92,-272.32,-231.03,-215.8
-17.25,-49.128,-9.2297,36.761,-2.197,-29.994,-31.992,-131.31,-213.35,-277.44,-233.22,-216.93
-16.343,-48.992,-10.075,36.407,-1.293,-30.029,-32.72,-133.55,-216.59,-282.28,-234.93,-217.58
-15.701,-50.023,-12.022,36.735,0.01632,-30.987,-33.531,-135.73,-219.82,-286.98,-236.09,-216.66
-15.289,-51.517,-14.345,37.349,1.3578,-32.292,-34.397,-137.84,-223.12,-291.67,-236.64,-213.66
-15.012,-52.514,-16.176,37.709,2.2976,-33.192,-35.271,-139.83,-226.41,-296.4,-236.62,-208.74
-14.769,-52.114,-16.817,37.319,2.4977,-33.014,-36.112,-141.66,-229.52,-301,-236.21,-202.39
-14.484,-49.813,-15.938,35.889,1.8422,-31.384,-36.899,-143.31,-232.33,-305.1,-235.55,-195.19
-14.12,-45.72,-13.659,33.418,0.48169,-28.381,-37.623,-144.79,-234.79,-308.41,-234.69,-187.92
-13.692,-40.634,-10.551,30.247,-1.2166,-24.624,-38.279,-146.09,-236.87,-310.85,-233.51,-181.55
-13.235,-35.829,-7.4851,27.055,-2.7891,-21.104,-38.855,-147.19,-238.57,-312.48,-231.82,-176.36
-12.743,-32.414,-5.3235,24.58,-3.8133,-18.672,-39.334,-148.03,-239.89,-313.34,-229.44,-171.39
-12.117,-30.823,-4.5801,23.14,-4.0181,-17.65,-39.694,-148.53,-240.85,-313.35,-226.18,-164.93
-11.193,-30.734,-5.2257,22.47,-3.3461,-17.784,-39.925,-148.67,-241.47,-312.2,-221.87,-155.52
-9.8124,-31.101,-6.7338,21.881,-1.9674,-18.357,-40.037,-148.46,-241.65,-309.56,-216.37,-143.01
-7.9188,-30.522,-8.3333,20.601,-0.23714,-18.474,-40.057,-147.93,-241.28,-305.33,-209.64,-129.12
-5.6193,-28.037,-9.3127,18.165,1.4152,-17.514,-40.009,-147.08,-240.23,-299.82,-201.83,-116.01
-3.1978,-23.655,-9.2515,14.664,2.6338,-15.362,-39.9,-145.84,-238.37,-293.35,-193.17,-104.6
-1.0395,-18.238,-8.1312,10.728,3.2359,-12.33,-39.714,-144.1,-235.48,-286.08,-183.87,-94.594
0.51211,-13.031,-6.3179,7.2243,3.2325,-9.0503,-39.429,-141.75,-231.39,-278.08,-174.03,-85.257
1.2787,-9.1577,-4.4281,4.8108,2.7942,-6.325,-39.029,-138.72,-226.01,-269.54,-163.73,-76.243
1.2895,-7.1861,-3.0731,3.7093,2.176,-4.7765,-38.517,-135.02,-219.46,-260.66,-153.08,-67.882
0.75467,-7.0175,-2.5881,3.7416,1.6131,-4.5717,-37.905,-130.79,-212.17,-251.46,-142.33,-60.684
0.003542,-8.0369,-2.9004,4.4441,1.236,-5.382,-37.207,-126.22,-204.87,-241.79,-131.87,-54.666
-0.59978,-9.2977,-3.5856,5.1852,1.0509,-6.5042,-36.43,-121.53,-198.14,-231.71,-121.99,-49.173
-0.75893,-9.8223,-4.084,5.34,0.97617,-7.1455,-35.576,-116.85,-191.98,-221.52,-112.73,-43.654
-0.34196,-8.9492,-3.9628,4.4951,0.89841,-6.752,-34.654,-112.19,-186.02,-211.4,-103.83,-38.321
0.57036,-6.5245,-3.0869,2.6005,0.73168,-5.181,-33.687,-107.5,-179.75,-201.27,-95.009,-33.688
1.718,-3.0151,-1.6494,0.052411,0.46464,-2.7461,-32.709,-102.71,-172.74,-191.02,-86.063,-30.042
2.7771,0.53844,-0.084497,-2.4128,0.17339,-0.15611,-31.744,-97.774,-164.72,-180.63,-77.022,-27.428
3.5165,3.046,1.1061,-4.1036,-0.0084179,1.7839,-30.8,-92.754,-155.76,-170.27,-68.166,-25.79
3.9078,3.9621,1.5599,-4.7165,0.058385,2.5813,-29.872,-87.768,-146.39,-160.3,-59.912,-25.065
4.1199,3.4267,1.2057,-4.399,0.47234,2.255,-28.961,-82.922,-137.35,-151.09,-52.544,-25.18
4.4291,2.1275,0.28862,-3.6426,1.2657,1.2913,-28.08,-78.232,-129.2,-142.68,-46.125,-26.014
5.1052,1.0072,-0.74324,-3.0696,2.3999,0.42411,-27.241,-73.66,-122.04,-134.82,-40.577,-27.361
6.3109,0.84916,-1.4334,-3.1678,3.7721,0.30507,-26.434,-69.186,-115.65,-127.25,-35.702,-28.955
8.0421,1.9938,-1.5026,-4.1178,5.2311,1.2477,-25.61,-64.809,-109.63,-119.79,-31.277,-30.538
10.118,4.2764,-0.94759,-5.7761,6.619,3.1316,-24.684,-60.505,-103.48,-112.36,-27.205,-31.953
12.206,7.1008,-0.0088621,-7.7687,7.7961,5.4379,-23.559,-56.189,-96.801,-104.98,-23.53,-33.178
13.892,9.6768,0.9592,-9.6347,8.6039,7.4728,-22.152,-51.71,-89.449,-97.788,-20.325,-34.307
14.781,11.364,1.6527,-10.952,8.8555,8.7067,-20.417,-46.941,-81.748,-91.007,-17.597,-35.47
14.589,11.881,2.004,-11.428,8.3649,8.9711,-18.383,-41.943,-74.361,-84.858,-15.294,-36.757
13.166,11.313,2.2776,-10.96,6.9746,8.4582,-16.145,-36.983,-67.861,-79.474,-13.346,-38.158
10.504,10.027,2.9365,-9.6564,4.6348,7.6222,-13.838,-32.335,-62.399,-74.826,-11.697,-39.535
6.8607,8.5626,4.3567,-7.8268,1.4811,7.0003,-11.585,-28.103,-57.759,-70.719,-10.298,-40.642
2.8413,7.4647,6.6045,-5.929,-2.1231,6.9959,-9.471,-24.237,-53.553,-66.885,-9.1089,-41.21
-0.74449,7.1066,9.3898,-4.4529,-5.6221,7.728,-7.5199,-20.644,-49.329,-63.113,-8.0991,-41.058
-3.1023,7.5753,12.156,-3.7788,-8.3872,9.0083,-5.7045,-17.278,-44.697,-59.356,-7.2549,-40.203
-3.7085,8.6727,14.248,-4.063,-9.88,10.432,-3.9685,-14.163,-39.565,-55.755,-6.5802,-38.87
-2.5189,10.013,15.128,-5.1804,-9.8226,11.541,-2.2609,-11.354,-34.097,-52.546,-6.0872,-37.407
0.030368,11.169,14.565,-6.7605,-8.2751,11.994,-0.56723,-8.8767,-28.473,-49.871,-5.7802,-36.115
3.2488,11.804,12.704,-8.3159,-5.5938,11.669,1.0799,-6.7075,-23.14,-47.68,-5.6456,-35.107
6.428,11.719,9.9806,-9.3782,-2.3288,10.658,2.6204,-4.7992,-18.759,-45.832,-5.6529,-34.262
8.9499,10.871,6.9601,-9.6011,0.91134,9.1996,4.0004,-3.1067,-15.497,-44.25,-5.7657,-33.309
10.366,9.3899,4.181,-8.8658,3.6016,7.585,5.1962,-1.5974,-13.097,-42.951,-5.9553,-31.984
10.524,7.6018,2.0517,-7.3649,5.4,6.1116,6.2216,-0.24678,-11.278,-41.94,-6.2078,-30.187
9.6391,5.9812,0.78581,-5.5799,6.2035,5.0492,7.1144,0.97335,-9.8301,-41.165,-6.5204,-28.054
8.2002,5.0166,0.3803,-4.104,6.1427,4.593,7.9135,2.1042,-8.5885,-40.519,-6.89,-25.901
6.7604,5.017,0.66716,-3.3913,5.4975,4.8008,8.646,3.1978,-7.4271,-39.857,-7.3021,-24.088
5.7212,5.9514,1.4037,-3.5701,4.5849,5.5532,9.3405,4.3072,-6.2637,-39.026,-7.7269,-22.862
5.1899,7.4016,2.3405,-4.3809,3.6609,6.5669,10.055,5.4753,-5.0615,-37.902,-8.1211,-22.223
5.0041,8.7092,3.2623,-5.292,2.837,7.4715,10.889,6.7267,-3.8241,-36.429,-8.4394,-21.895
4.8846,9.271,4.0187,-5.783,2.0772,7.9302,11.938,8.059,-2.5923,-34.65,-8.6528,-21.396
4.5909,8.7978,4.5633,-5.5987,1.2773,7.7706,13.223,9.4335,-1.4367,-32.708,-8.766,-20.219
4.0167,7.4415,5,-4.8361,0.33607,7.0818,14.645,10.777,-0.4372,-30.819,-8.8205,-18.038
3.2118,5.7785,5.5613,-3.8833,-0.80672,6.2237,16.022,12.006,0.35337,-29.173,-8.8765,-14.836
2.3242,4.5701,6.4916,-3.2206,-2.1542,5.695,17.19,13.065,0.94475,-27.826,-8.9833,-10.902
1.4995,4.3956,7.9079,-3.173,-3.6459,5.8987,18.08,13.961,1.4182,-26.643,-9.1542,-6.7055
0.81429,5.4344,9.7287,-3.7763,-5.1401,6.9782,18.733,14.758,1.8967,-25.352,-9.3611,-2.7114
0.29413,7.4258,11.667,-4.7906,-6.4089,8.7629,19.265,15.543,2.4901,-23.671,-9.5475,0.81289
-0.026728,9.7123,13.252,-5.8151,-7.1743,10.747,19.798,16.373,3.2476,-21.462,-9.6524,3.9468
-0.074438,11.457,13.931,-6.464,-7.1703,12.208,20.405,17.246,4.1437,-18.844,-9.6292,7.1325
0.24704,12.023,13.261,-6.524,-6.2223,12.533,21.075,18.09,5.1017,-16.165,-9.4541,11.025
1.0136,11.237,11.122,-6.0255,-4.3351,11.509,21.719,18.807,6.0346,-13.797,-9.1245,16.253
2.241,9.4476,7.863,-5.2358,-1.7452,9.433,22.198,19.324,6.8883,-11.927,-8.6538,23.175
3.8597,7.4448,4.2873,-4.5849,1.1074,7.0527,22.39,19.638,7.6682,-10.516,-8.0608,31.74
5.7066,6.196,1.4001,-4.5065,3.6934,5.3247,22.243,19.822,8.4374,-9.3977,-7.3564,41.584
7.5349,6.4166,0.032199,-5.2408,5.543,5.0156,21.81,19.992,9.2897,-8.3657,-6.5308,52.21
9.0586,8.2457,0.56823,-6.7096,6.3619,6.3821,21.237,20.26,10.315,-7.2305,-5.5512,63.004
10.029,11.148,2.8089,-8.5294,6.0902,9.0313,20.709,20.696,11.569,-5.8604,-4.3712,73.265
10.314,14.088,5.9757,-10.164,4.9089,12.006,20.378,21.314,13.061,-4.2042,-2.9531,82.446
9.9276,16.014,8.9981,-11.149,3.1825,14.219,20.311,22.08,14.742,-2.2865,-1.286,90.584
9.015,16.313,10.997,-11.263,1.3271,14.943,20.482,22.937,16.514,-0.17569,0.61221,98.419
7.7884,15.002,11.647,-10.586,-0.36113,14.063,20.82,23.838,18.261,2.0541,2.7116,106.86
6.4479,12.744,11.273,-9.4564,-1.7975,12.147,21.266,24.779,19.898,4.3415,4.9872,116.39
5.1272,10.597,10.658,-8.3339,-3.0471,10.245,21.801,25.803,21.402,6.6266,7.4217,126.89
3.8998,9.4917,10.526,-7.619,-4.1969,9.2915,22.452,26.974,22.815,8.834,9.9952,137.95
2.8334,9.8762,11.17,-7.5214,-5.2488,9.6886,23.249,28.336,24.221,10.896,12.678,149.1
2.0256,11.654,12.443,-8.0034,-6.0736,11.328,24.2,29.889,25.709,12.825,15.443,159.63
1.5895,14.161,13.848,-8.8021,-6.4323,13.603,25.281,31.596,27.336,14.781,18.286,168.31
1.6155,16.358,14.665,-9.5375,-6.0545,15.526,26.461,33.41,29.111,17.087,21.253,173.84
2.1436,17.366,14.25,-9.8632,-4.7639,16.233,27.731,35.3,30.99,20.182,24.439,176.03
3.1511,16.815,12.308,-9.5902,-2.5813,15.384,29.114,37.257,32.903,24.399,27.955,176.36
4.5515,14.879,9.056,-8.7768,0.25849,13.191,30.648,39.271,34.772,29.546,31.845,177.12
6.2019,12.276,5.2957,-7.7703,3.318,10.366,32.34,41.305,36.538,34.773,35.984,180.05
7.9072,10.12,2.1644,-7.1034,5.9696,7.9763,34.126,43.291,38.175,39.234,40.07,185.35
9.4149,9.3996,0.71363,-7.2336,7.5523,7.0176,35.872,45.15,39.678,42.694,43.781,191.92
10.436,10.507,1.5702,-8.315,7.5783,7.9489,37.425,46.84,41.057,45.407,46.944,198.45
10.7,13.155,4.6632,-10.114,5.8836,10.516,38.687,48.37,42.338,47.729,49.589,204.08
9.9991,16.503,9.2421,-12.061,2.7223,13.923,39.652,49.786,43.572,49.928,51.874,208.5
8.2382,19.438,14.243,-13.439,-1.3006,17.193,40.394,51.129,44.821,52.144,53.981,211.88
5.5771,21.023,18.695,-13.686,-5.4399,19.522,41.013,52.407,46.114,54.41,56.044,214.64
2.4994,20.812,21.923,-12.611,-9.0242,20.475,41.57,53.591,47.431,56.683,58.118,217.36
-0.31049,18.97,23.53,-10.476,-11.516,20.033,42.044,54.619,48.698,58.877,60.181,220.55
-2.1163,16.261,23.399,-8.0197,-12.494,18.549,42.332,55.414,49.818,60.891,62.165,224.41
-2.3653,13.746,21.685,-6.1884,-11.756,16.597,42.287,55.902,50.702,62.633,63.981,228.78
-0.91935,12.34,18.803,-5.6721,-9.4324,14.778,41.785,56.046,51.307,64.026,65.545,233.26
1.9286,12.493,15.449,-6.6383,-6.0056,13.62,40.77,55.86,51.653,65.009,66.796,237.45
5.441,14.101,12.551,-8.7231,-2.3488,13.461,39.297,55.413,51.813,65.546,67.715,240.93
8.519,16.513,10.975,-11.144,0.444,14.291,37.524,54.814,51.872,65.66,68.339,243.38
10.098,18.762,11.092,-12.943,1.5099,15.683,35.644,54.161,51.873,65.468,68.753,244.62
9.5554,19.958,12.63,-13.364,0.557,16.996,33.795,53.503,51.797,65.129,69.04,244.66
6.9029,19.593,14.895,-12.115,-2.1089,17.683,31.992,52.816,51.553,64.732,69.248,243.65
2.7916,17.65,17.137,-9.4607,-5.7435,17.457,30.143,52.015,51.016,64.235,69.371,241.79
-1.6955,14.701,18.792,-6.1861,-9.4059,16.366,28.129,50.99,50.082,63.508,69.368,239.27
-5.397,11.817,19.55,-3.3495,-12.22,14.827,25.878,49.652,48.74,62.437,69.196,236.09
-7.445,10.041,19.36,-1.8383,-13.637,13.455,23.385,47.99,47.103,60.992,68.839,232.01
-7.4794,9.8852,18.405,-2.0475,-13.533,12.728,20.694,46.099,45.371,59.258,68.322,226.6
-5.6089,11.256,16.977,-3.8003,-12.062,12.783,17.906,44.161,43.767,57.4,67.706,219.49
-2.3798,13.537,15.302,-6.4234,-9.51,13.42,15.185,42.36,42.469,55.61,67.072,210.58
1.308,15.763,13.429,-8.9893,-6.2853,14.157,12.71,40.81,41.552,54.048,66.484,200.13
4.5868,16.996,11.265,-10.694,-2.8471,14.388,10.582,39.508,40.95,52.781,65.981,188.73
6.9683,16.67,8.7282,-11.107,0.40772,13.66,8.7788,38.35,40.472,51.744,65.557,177.14
8.3408,14.732,5.918,-10.229,3.1777,11.872,7.1744,37.17,39.876,50.771,65.163,166.06
8.8716,11.71,3.1708,-8.4936,5.2798,9.3726,5.6275,35.814,38.957,49.666,64.735,155.92
8.9035,8.6282,0.96433,-6.6446,6.6251,6.8937,4.0759,34.191,37.612,48.285,64.217,146.74
8.7919,6.5475,-0.26495,-5.3912,7.18,5.233,2.5725,32.295,35.866,46.57,63.581,138.21
8.7906,6.0304,-0.31329,-5.1365,6.9829,4.8425,1.2327,30.214,33.882,44.552,62.83,130.04
8.9508,7.0261,0.71554,-5.9132,6.1593,5.6775,0.1507,28.098,31.917,42.366,61.974,122.39
9.1299,9.0233,2.4555,-7.4026,4.9003,7.3062,-0.64711,26.099,30.2,40.236,61.042,115.68
9.0854,11.203,4.3755,-9.0017,3.4006,9.0601,-1.2076,24.287,28.784,38.369,60.069,109.95
8.5372,12.651,5.9242,-10.012,1.8217,10.228,-1.6409,22.633,27.514,36.809,59.087,104.83
7.2465,12.685,6.7039,-9.9004,0.29412,10.288,-2.0956,21.056,26.132,35.403,58.104,99.958
5.1561,11.093,6.5738,-8.506,-1.0744,9.087,-2.7188,19.493,24.436,33.901,57.089,95.266
2.4894,8.2351,5.653,-6.0847,-2.1968,6.9085,-3.6108,17.922,22.368,32.114,55.975,90.868
-0.28367,4.9606,4.2599,-3.2464,-3.0128,4.3788,-4.7889,16.351,20.035,29.985,54.689,86.87
-2.604,2.2716,2.8039,-0.76482,-3.4974,2.2139,-6.1759,14.811,17.649,27.61,53.172,83.209
-4.0163,0.91167,1.6438,0.70598,-3.6567,0.94701,-7.6256,13.352,15.456,25.203,51.414,79.64
-4.3045,1.1328,0.96902,0.86481,-3.5089,0.77931,-8.9801,12.023,13.626,22.988,49.454,75.806
-3.5252,2.6352,0.75474,-0.14506,-3.0656,1.5427,-10.135,10.845,12.193,21.086,47.36,71.422
-1.955,4.6601,0.79776,-1.8095,-2.3273,2.7554,-11.081,9.8054,11.053,19.456,45.187,66.394
0.023265,6.3163,0.80918,-3.4823,-1.294,3.8087,-11.897,8.8687,10.022,17.957,42.961,60.938
2.0652,6.9516,0.52538,-4.6575,0.014177,4.2064,-12.709,8.0001,8.9328,16.442,40.649,55.509
3.9603,6.3382,-0.20784,-5.1252,1.5348,3.7163,-13.623,7.1748,7.6953,14.848,38.209,50.67
5.6293,4.711,-1.3879,-4.9945,3.1525,2.4225,-14.674,6.3751,6.3153,13.214,35.663,46.815
7.0636,2.6948,-2.8398,-4.6067,4.7061,0.70536,-15.814,5.5917,4.8679,11.618,33.129,44.027
8.2601,1.0376,-4.2546,-4.3466,6.0096,-0.90098,-16.936,4.8367,3.463,10.129,30.779,42.028
9.1697,0.26039,-5.2973,-4.4502,6.8863,-1.9449,-17.92,4.1475,2.2159,8.8132,28.763,40.323
9.687,0.48719,-5.7359,-4.9204,7.21,-2.2257,-18.673,3.5772,1.2193,7.7463,27.149,38.383
9.6936,1.4621,-5.5297,-5.5404,6.95,-1.8237,-19.151,3.1707,0.51271,6.9952,25.958,35.842
9.1258,2.6352,-4.8523,-5.9466,6.2069,-1.0565,-19.365,2.9428,0.063791,6.573,25.13,32.628
8.023,3.3548,-4.0453,-5.783,5.2072,-0.3789,-19.372,2.8709,-0.22276,6.417,24.546,29.008
6.5493,3.1498,-3.5061,-4.8834,4.2404,-0.21331,-19.261,2.9052,-0.47496,6.3986,24.059,25.502
4.9849,1.9309,-3.5435,-3.3713,3.5743,-0.77877,-19.144,2.9888,-0.80808,6.3717,23.543,22.7
3.6621,0.017983,-4.2596,-1.6216,3.381,-2.0052,-19.128,3.0786,-1.2882,6.2356,22.941,21.015
2.8393,-1.9988,-5.4992,-0.094502,3.6779,-3.5616,-19.297,3.1559,-1.9048,5.9633,22.279,20.473
2.5781,-3.5248,-6.8933,0.8704,4.3019,-4.9919,-19.681,3.2259,-2.5823,5.6038,21.616,20.662
2.699,-4.2096,-7.9874,1.1778,4.9451,-5.9002,-20.247,3.3067,-3.2096,5.2596,21.027,20.876
2.8392,-4.0486,-8.4044,0.98468,5.2463,-6.0918,-20.91,3.4155,-3.6845,5.0466,20.562,20.37
2.5942,-3.3436,-7.9689,0.62373,4.9138,-5.6227,-21.555,3.5546,-3.9463,5.0617,20.241,18.648
1.6946,-2.5737,-6.7557,0.46799,3.8274,-4.7715,-22.083,3.705,-3.9975,5.3441,20.055,15.678
0.11835,-2.226,-5.0638,0.79554,2.077,-3.9436,-22.465,3.8241,-3.9072,5.8581,19.958,11.918
-1.9169,-2.6423,-3.3197,1.7086,-0.058035,-3.5271,-22.763,3.8518,-3.7928,6.4839,19.868,8.1401
-4.0348,-3.9027,-1.9293,3.1004,-2.1811,-3.7422,-23.112,3.7239,-3.7806,7.0658,19.688,5.149
-5.7949,-5.7477,-1.1389,4.6536,-3.8977,-4.5407,-23.649,3.3872,-3.956,7.4636,19.351,3.4841
-6.7983,-7.6174,-0.97592,5.9135,-4.9227,-5.6169,-24.443,2.8104,-4.3298,7.6068,18.841,3.1983
-6.7938,-8.8885,-1.2987,6.4578,-5.1254,-6.5642,-25.45,1.9843,-4.8398,7.5126,18.189,3.8125
-5.7536,-9.1585,-1.9223,6.07,-4.5238,-7.0792,-26.542,0.91242,-5.3865,7.2674,17.444,4.4775
-3.8922,-8.3779,-2.735,4.8196,-3.2609,-7.0777,-27.564,-0.40126,-5.8822,6.9866,16.643,4.2894
-1.6185,-6.8847,-3.7394,3.0761,-1.5604,-6.73,-28.4,-1.9583,-6.2891,6.7701,15.785,2.6512
0.55777,-5.3576,-5.0191,1.4329,0.33659,-6.4255,-28.995,-3.7588,-6.6311,6.6605,14.855,-0.46549
2.1492,-4.5644,-6.6641,0.48965,2.2247,-6.6097,-29.354,-5.788,-6.9717,6.63,13.832,-4.5057
2.8458,-4.9981,-8.6907,0.60095,3.948,-7.5589,-29.523,-7.9895,-7.381,6.5902,12.715,-8.5624
2.6496,-6.6624,-10.99,1.7429,5.3923,-9.236,-29.565,-10.268,-7.9058,6.4441,11.529,-11.725
1.8733,-9.0652,-13.325,3.5071,6.4991,-11.289,-29.524,-12.517,-8.5551,6.1305,10.32,-13.408
1.0158,-11.393,-15.39,5.2293,7.284,-13.183,-29.416,-14.669,-9.3019,5.6405,9.1348,-13.562
0.59341,-12.841,-16.894,6.2598,7.8252,-14.402,-29.22,-16.714,-10.092,5.0113,8.0066,-12.674
0.94996,-12.929,-17.654,6.2209,8.2271,-14.635,-28.889,-18.68,-10.851,4.3143,6.9584,-11.629
2.1138,-11.649,-17.656,5.1204,8.578,-13.867,-28.359,-20.583,-11.506,3.6376,5.9997,-11.333
3.7957,-9.4811,-17.084,3.3473,8.9216,-12.42,-27.57,-22.397,-12.002,3.0661,5.1338,-12.349
5.5186,-7.2586,-16.275,1.5471,9.2437,-10.878,-26.481,-24.051,-12.333,2.6501,4.3603,-14.657
6.7819,-5.8517,-15.572,0.37611,9.4633,-9.8517,-25.084,-25.463,-12.534,2.3897,3.6782,-17.657
7.1906,-5.8121,-15.138,0.25957,9.4447,-9.6964,-23.409,-26.569,-12.662,2.2443,3.092,-20.422
6.5498,-7.1559,-14.86,1.2598,9.0407,-10.339,-21.503,-27.323,-12.758,2.1632,2.6145,-22.066
4.916,-9.3169,-14.408,3.0574,8.1353,-11.3,-19.41,-27.712,-12.827,2.1045,2.2665,-22.037
2.5724,-11.362,-13.42,5.0652,6.6768,-11.926,-17.177,-27.755,-12.835,2.055,2.0609,-20.35
-0.064234,-12.455,-11.677,6.6746,4.7079,-11.707,-14.886,-27.531,-12.735,2.0219,1.9876,-17.552
-2.5733,-12.177,-9.2015,7.482,2.3706,-10.469,-12.651,-27.153,-12.496,2.021,2.0094,-14.517
-4.6597,-10.581,-6.2436,7.3773,-0.11665,-8.3979,-10.587,-26.728,-12.117,2.0687,2.0737,-12.068
-6.2232,-8.1729,-3.225,6.5728,-2.4921,-5.9885,-8.7613,-26.325,-11.626,2.1754,2.129,-10.661
-7.3457,-5.8223,-0.64316,5.5593,-4.4972,-3.9092,-7.1751,-25.96,-11.065,2.3419,2.1487,-10.15
-8.2102,-4.3896,1.0838,4.9009,-5.9465,-2.7294,-5.772,-25.606,-10.468,2.5538,2.1303,-9.878
-8.9839,-4.3417,1.7842,4.974,-6.7979,-2.6895,-4.471,-25.216,-9.8612,2.7818,2.0846,-8.9424
-9.7364,-5.6197,1.6038,5.8361,-7.1563,-3.6243,-3.1995,-24.766,-9.2565,2.988,2.0189,-6.5356
-10.418,-7.6574,0.94421,7.2061,-7.1931,-5.0144,-1.9127,-24.265,-8.6651,3.1339,1.9244,-2.227
-10.862,-9.5614,0.29122,8.5338,-7.043,-6.191,-0.59697,-23.75,-8.0968,3.1966,1.7791,3.8607
-10.84,-10.518,0.014961,9.2255,-6.7518,-6.6156,0.73854,-23.267,-7.558,3.1776,1.5619,11.057
-10.17,-10.122,0.23828,8.9275,-6.285,-6.0655,2.073,-22.849,-7.0487,3.101,1.2705,18.427
-8.8225,-8.4666,0.80727,7.6532,-5.5624,-4.6825,3.3842,-22.503,-6.5651,3.0016,0.91745,25.322
-6.9431,-6.1067,1.3418,5.7574,-4.5019,-2.9523,4.6643,-22.211,-6.1057,2.907,0.53143,31.619
-4.8212,-3.9004,1.3817,3.8201,-3.071,-1.5648,5.9388,-21.948,-5.6766,2.8258,0.14274,37.609
-2.8201,-2.6696,0.60136,2.4403,-1.3354,-1.1219,7.2712,-21.69,-5.2899,2.7447,-0.22464,43.695
-1.2856,-2.866,-1.0418,2.0157,0.51784,-1.8862,8.7317,-21.422,-4.9589,2.6377,-0.55683,50.243
-0.45384,-4.4205,-3.2791,2.6036,2.1983,-3.6916,10.35,-21.146,-4.6942,2.4778,-0.8535,57.557
-0.38191,-6.7629,-5.5851,3.9037,3.3863,-5.9832,12.076,-20.885,-4.5027,2.2468,-1.1305,65.796
-0.93185,-9.0132,-7.3474,5.3594,3.8455,-8.0058,13.783,-20.689,-4.3879,1.9411,-1.4206,74.774
-1.8239,-10.337,-8.1036,6.3754,3.5078,-9.1116,15.308,-20.621,-4.3446,1.5751,-1.76,83.91
-2.7419,-10.254,-7.684,6.5521,2.4921,-8.9843,16.527,-20.718,-4.3498,1.1828,-2.1688,92.357
-3.4478,-8.768,-6.238,5.8208,1.0637,-7.6956,17.398,-20.96,-4.3564,0.81387,-2.6353,99.361
-3.8499,-6.3811,-4.2075,4.4668,-0.43516,-5.6764,17.975,-21.258,-4.3017,0.52455,-3.1141,104.51
-3.9884,-3.9593,-2.2128,3.0246,-1.6601,-3.6057,18.388,-21.473,-4.1314,0.35673,-3.5415,107.85
-3.9501,-2.358,-0.85152,2.034,-2.3338,-2.1718,18.788,-21.469,-3.8284,0.31273,-3.863,109.78
-3.7861,-2.0635,-0.51357,1.7996,-2.2927,-1.8127,19.267,-21.186,-3.428,0.34114,-4.0598,111.02
-3.4821,-3.0735,-1.2719,2.3112,-1.5222,-2.569,19.814,-20.671,-3.0066,0.35257,-4.1613,112.29
-2.9894,-4.9287,-2.846,3.2779,-0.18101,-4.0862,20.325,-20.056,-2.6476,0.26262,-4.2348,113.98
-2.2841,-6.8592,-4.6586,4.2392,1.4144,-5.7467,20.659,-19.49,-2.3965,0.038908,-4.356,116.07
-1.4241,-8.0858,-6.006,4.7591,2.8513,-6.8747,20.72,-19.065,-2.2311,-0.27475,-4.5738,118.16
-0.56202,-8.0989,-6.3001,4.6029,3.725,-6.9527,20.493,-18.789,-2.0692,-0.5713,-4.8878,119.74
0.091786,-6.7823,-5.2675,3.7857,3.7639,-5.7653,20.062,-18.599,-1.8122,-0.72522,-5.2503,120.39
0.33486,-4.4368,-3.0354,2.5486,2.917,-3.4898,19.581,-18.405,-1.3975,-0.64897,-5.5928,119.97
0.034102,-1.756,-0.11975,1.3034,1.3627,-0.71675,19.209,-18.14,-0.8342,-0.33541,-5.8613,118.55
-0.83024,0.38063,2.7225,0.50597,-0.55946,1.7214,19.032,-17.775,-0.20492,0.13568,-6.042,116.45
-2.1542,1.274,4.7856,0.48803,-2.4568,3.1103,19.008,-17.322,0.36426,0.63117,-6.1628,114.11
-3.7316,0.68315,5.6701,1.3249,-4.0006,3.141,18.988,-16.817,0.75386,1.0207,-6.2763,111.97
-5.3009,-1.0968,5.3886,2.7901,-5.0134,1.988,18.778,-16.307,0.89925,1.2273,-6.433,110.36
-6.6096,-3.3135,4.3506,4.4092,-5.4897,0.24606,18.224,-15.831,0.81656,1.25,-6.6582,109.35
-7.4721,-5.0499,3.2063,5.6335,-5.5713,-1.3043,17.268,-15.407,0.59333,1.1518,-6.9445,108.71
-7.8131,-5.6057,2.5709,6.056,-5.4963,-2.0243,15.977,-15.029,0.34734,1.0237,-7.2591,107.98
-7.692,-4.727,2.7791,5.5596,-5.504,-1.6217,14.51,-14.674,0.1754,0.94778,-7.5604,106.7
-7.279,-2.6809,3.786,4.357,-5.7205,-0.213,13.066,-14.314,0.11756,0.9731,-7.8114,104.62
-6.7816,-0.1986,5.2067,2.908,-6.0935,1.6953,11.81,-13.928,0.14783,1.1066,-7.9908,101.81
-6.3488,1.8179,6.4556,1.7199,-6.4249,3.3749,10.799,-13.514,0.18807,1.3114,-8.0988,98.52
-6.0026,2.6972,6.9705,1.1378,-6.4685,4.1838,9.9636,-13.097,0.13945,1.5157,-8.1588,95.149
-5.6281,2.2246,6.433,1.2379,-6.0274,3.8165,9.1422,-12.716,-0.076626,1.6386,-8.2075,92.135
-5.0311,0.67903,4.8846,1.8185,-5.0172,2.3976,8.1719,-12.416,-0.48532,1.6223,-8.2809,89.832
-4.0318,-1.2483,2.7113,2.4732,-3.491,0.45454,6.9704,-12.228,-1.0491,1.4508,-8.4002,88.325
-2.5505,-2.7206,0.49748,2.7565,-1.6184,-1.2766,5.5673,-12.159,-1.6827,1.1507,-8.568,87.299
-0.65206,-3.1183,-1.2038,2.3777,0.36711,-2.1738,4.0749,-12.182,-2.282,0.77915,-8.7707,86.129
1.4654,-2.246,-2.0749,1.3034,2.2234,-1.9604,2.6335,-12.25,-2.7574,0.40516,-8.9879,84.139
3.5229,-0.36227,-2.1224,-0.25106,3.7522,-0.77334,1.363,-12.304,-3.0605,0.089822,-9.2026,80.909
5.2249,1.8769,-1.6316,-1.8862,4.839,0.86764,0.3291,-12.29,-3.1948,-0.12726,-9.406,76.468
6.3113,3.6371,-1.0149,-3.1309,5.446,2.2516,-0.47371,-12.174,-3.2074,-0.23492,-9.596,71.282
6.6027,4.2613,-0.63012,-3.6004,5.5732,2.805,-1.1157,-11.95,-3.1692,-0.25379,-9.7744,66.085
6.0424,3.5298,-0.62711,-3.138,5.2297,2.3328,-1.704,-11.642,-3.1514,-0.23559,-9.948,61.6
4.7238,1.7381,-0.87262,-1.886,4.428,1.0805,-2.3402,-11.303,-3.2014,-0.25175,-10.132,58.239
2.8818,-0.3888,-1.0102,-0.25766,3.1898,-0.36012,-3.0777,-10.984,-3.328,-0.36867,-10.346,55.867
0.83072,-2.0062,-0.64702,1.2167,1.5584,-1.3202,-3.8964,-10.712,-3.4999,-0.61925,-10.611,53.893
-1.1348,-2.5254,0.4456,2.1086,-0.38113,-1.3572,-4.7075,-10.467,-3.6561,-0.98429,-10.935,51.546
-2.8245,-1.8012,2.2297,2.2509,-2.4811,-0.39512,-5.3847,-10.186,-3.7268,-1.3928,-11.302,48.209
-4.1834,-0.1629,4.409,1.7981,-4.5329,1.2747,-5.8114,-9.779,-3.6571,-1.7434,-11.671,43.695
-5.2681,1.6654,6.5165,1.1739,-6.3073,3.0737,-5.9242,-9.176,-3.4285,-1.9422,-11.986,38.305
-6.1826,2.8422,8.0595,0.88106,-7.6119,4.3385,-5.7388,-8.3592,-3.0708,-1.9435,-12.196,32.639
-7.0081,2.7701,8.6856,1.2702,-8.3264,4.5913,-5.3465,-7.3775,-2.6574,-1.7724,-12.285,27.362
-7.7554,1.3225,8.3053,2.3973,-8.416,3.7258,-4.8827,-6.326,-2.282,-1.5161,-12.279,23.022
-8.3519,-1.0801,7.1355,3.9856,-7.9436,2.0619,-4.4814,-5.3081,-2.0253,-1.2867,-12.24,19.864
-8.6664,-3.5713,5.6469,5.5065,-7.0712,0.25822,-4.2353,-4.4008,-1.9225,-1.1729,-12.237,17.716
-8.5679,-5.2209,4.3986,6.406,-6.0289,-0.96396,-4.1752,-3.6347,-1.9492,-1.2064,-12.319,16.06
-7.9974,-5.4608,3.8088,6.3496,-5.0505,-1.1379,-4.2738,-2.9954,-2.0312,-1.3552,-12.489,14.244
-7.0289,-4.2478,3.9925,5.3379,-4.3012,-0.20868,-4.4733,-2.442,-2.0786,-1.547,-12.716,11.77
-5.894,-2.0649,4.7352,3.7192,-3.8452,1.4415,-4.7204,-1.9344,-2.0268,-1.7072,-12.943,8.4677
-4.9316,0.17906,5.5915,2.1133,-3.6705,3.0893,-4.989,-1.4546,-1.8641,-1.7944,-13.117,4.5113
-4.4624,1.5067,6.0728,1.1731,-3.7383,3.9679,-5.2819,-1.0139,-1.634,-1.8184,-13.21,0.31309
-4.6514,1.3128,5.8462,1.285,-4.0024,3.6014,-5.6196,-0.64595,-1.4158,-1.8367,-13.235,-3.6099
-5.4223,-0.42893,4.8671,2.4201,-4.398,1.9742,-6.0243,-0.38788,-1.2913,-1.9302,-13.241,-6.7996
-6.4684,-3.1391,3.3961,4.1503,-4.8361,-0.4315,-6.5034,-0.26814,-1.3129,-2.1706,-13.294,-9.0154
-7.3604,-5.7962,1.8782,5.7806,-5.2167,-2.7925,-7.0344,-0.29211,-1.4831,-2.5888,-13.45,-10.324
-7.6927,-7.4082,0.7383,6.6247,-5.4436,-4.3449,-7.5636,-0.44023,-1.7541,-3.1618,-13.737,-11.062
-7.2107,-7.4441,0.21555,6.2926,-5.4218,-4.7045,-8.0193,-0.67276,-2.0445,-3.8185,-14.148,-11.715
-5.8789,-5.9278,0.28175,4.8062,-5.0415,-3.9029,-8.3305,-0.93597,-2.2639,-4.4616,-14.637,-12.699
-3.877,-3.3946,0.63012,2.5852,-4.181,-2.3342,-8.4416,-1.1686,-2.3388,-4.9978,-15.132,-14.177
-1.5297,-0.77951,0.75786,0.31462,-2.7373,-0.69037,-8.3221,-1.3127,-2.2336,-5.3721,-15.556,-16.001
0.80742,0.91869,0.15531,-1.326,-0.68965,0.25052,-7.978,-1.3303,-1.9636,-5.589,-15.847,-17.799
2.8513,1.05,-1.476,-1.9172,1.8299,-0.053041,-7.4554,-1.2177,-1.5904,-5.7087,-15.993,-19.139
4.4376,-0.47205,-4.094,-1.4155,4.5455,-1.6943,-6.8261,-1.0079,-1.1981,-5.815,-16.03,-19.711
5.5165,-3.1228,-7.2798,-0.16502,7.0934,-4.2657,-6.1591,-0.75722,-0.8585,-5.9742,-16.032,-19.46
6.1085,-5.8984,-10.29,1.2253,9.0436,-6.9446,-5.4955,-0.52001,-0.59842,-6.2047,-16.061,-18.607
6.2451,-7.7399,-12.289,2.1505,9.9943,-8.8037,-4.8402,-0.32385,-0.38663,-6.4688,-16.138,-17.548
5.9451,-7.9712,-12.675,2.2449,9.7143,-9.205,-4.1701,-0.15641,-0.14832,-6.6887,-16.234,-16.717
5.2288,-6.4656,-11.261,1.4735,8.2144,-7.9927,-3.4557,0.025606,0.19867,-6.7763,-16.274,-16.411
4.1378,-3.6813,-8.3445,0.1417,5.766,-5.5211,-2.6857,0.26741,0.70532,-6.6685,-16.175,-16.704
2.7506,-0.58789,-4.7038,-1.2003,2.8669,-2.5931,-1.8832,0.58466,1.3684,-6.3554,-15.882,-17.427
1.1986,1.7319,-1.3496,-2.0062,0.095473,-0.18065,-1.1042,0.95012,2.1302,-5.8933,-15.399,-18.253
-0.3221,2.5897,0.87199,-1.9895,-2.0521,0.99741,-0.42392,1.3046,2.9,-5.3866,-14.778,-18.823
-1.5688,1.9015,1.5603,-1.2124,-3.243,0.74133,0.089278,1.5834,3.5882,-4.9427,-14.098,-18.885
-2.3142,0.15575,0.86003,-0.027274,-3.3669,-0.57483,0.408,1.74,4.1383,-4.6279,-13.424,-18.386
-2.4191,-1.7539,-0.59805,1.0592,-2.594,-2.1505,0.5734,1.7692,4.5446,-4.445,-12.793,-17.504
-1.8688,-2.8914,-1.942,1.5744,-1.3163,-3.113,0.69654,1.7037,4.849,-4.3424,-12.21,-16.593
-0.77086,-2.6461,-2.4163,1.2586,0.033872,-2.8409,0.9298,1.6015,5.1204,-4.2402,-11.655,-16.061
0.67072,-0.9009,-1.6883,0.15215,1.1535,-1.1081,1.4216,1.5261,5.4262,-4.0615,-11.098,-16.203
2.2124,1.9144,0.061584,-1.4405,1.926,1.7949,2.2726,1.5277,5.8057,-3.7579,-10.519,-17.059
3.6327,4.9135,2.283,-3.0834,2.3487,5.0185,3.5072,1.6308,6.2531,-3.3263,-9.9155,-18.367
4.7497,7.1512,4.2522,-4.3752,2.4851,7.5296,5.0674,1.829,6.7139,-2.8112,-9.3096,-19.64
5.4072,8.0673,5.3579,-5.0714,2.4433,8.6737,6.8308,2.0913,7.0996,-2.2932,-8.7463,-20.347
5.4527,7.6464,5.4698,-5.1278,2.1723,8.3852,8.6519,2.3768,7.3191,-1.8626,-8.2824,-20.098
4.7339,6.3629,5.0889,-4.6705,1.375,7.1466,10.411,2.6556,7.3163,-1.588,-7.967,-18.789
3.1596,4.9853,5.1167,-3.921,-0.31853,5.8273,12.041,2.9247,7.0956,-1.4901,-7.8218,-16.663
0.76608,4.2461,6.2997,-3.1071,-3.0492,5.2781,13.52,3.2103,6.7213,-1.5377,-7.8307,-14.243
-2.2432,4.5549,8.7794,-2.3873,-6.5935,5.924,14.858,3.5536,6.2924,-1.6597,-7.9462,-12.157
-5.4847,5.8784,12.125,-1.8177,-10.433,7.6845,16.097,3.9874,5.9067,-1.7762,-8.1014,-10.898
-8.4138,7.744,15.52,-1.3838,-13.785,10.036,17.303,4.5191,5.6277,-1.8245,-8.2422,-10.629
-10.328,9.4233,17.946,-1.0787,-15.814,12.134,18.514,5.1292,5.4679,-1.7759,-8.336,-11.093
-10.568,10.291,18.533,-0.95993,-15.885,13.158,19.694,5.7806,5.3881,-1.6451,-8.3792,-11.697
-8.8165,10.097,16.848,-1.1424,-13.722,12.687,20.757,6.4323,5.312,-1.4884,-8.3964,-11.73
-5.2445,9.0153,12.992,-1.7381,-9.4942,10.815,21.614,7.0508,5.1514,-1.3853,-8.4323,-10.649
-0.44866,7.5668,7.7319,-2.7893,-3.9323,8.1257,22.235,7.617,4.8389,-1.4006,-8.5341,-8.3011
4.7098,6.4274,2.4326,-4.2283,1.7838,5.5368,22.648,8.1298,4.3584,-1.5556,-8.7299,-4.9941
9.2549,6.149,-1.4494,-5.8634,6.4593,3.9437,22.921,8.6065,3.7578,-1.8142,-9.0105,-1.4004
12.282,6.9419,-2.972,-7.3902,9.2071,3.8634,23.13,9.0792,3.1346,-2.0932,-9.3249,1.6821
13.225,8.6013,-1.9613,-8.4503,9.6285,5.2935,23.354,9.5797,2.6002,-2.2916,-9.5966,3.623
12.036,10.557,1.0264,-8.7497,7.8004,7.715,23.67,10.12,2.2383,-2.327,-9.7434,4.2059
9.1762,12.078,4.8889,-8.1876,4.4221,10.242,24.124,10.678,2.0753,-2.1645,-9.7102,3.7261
5.5565,12.578,8.3463,-6.9153,0.6373,11.973,24.697,11.208,2.0722,-1.8285,-9.4895,2.8704
2.2704,11.85,10.412,-5.2984,-2.3883,12.332,25.289,11.653,2.1409,-1.3936,-9.125,2.4345
0.1183,10.137,10.689,-3.808,-4.0212,11.241,25.738,11.972,2.1808,-0.95859,-8.6961,3.0216
-0.63244,8.0772,9.4445,-2.8673,-4.3248,9.1793,25.88,12.154,2.1193,-0.61215,-8.2894,4.8239
-0.20445,6.4514,7.5195,-2.6972,-3.713,7.0414,25.602,12.217,1.9383,-0.40395,-7.9716,7.5501
0.83718,5.8294,5.9699,-3.2319,-2.7401,5.7214,24.875,12.19,1.6758,-0.33211,-7.7721,10.524
1.7771,6.3615,5.6144,-4.1508,-2.0778,5.7082,23.745,12.1,1.4038,-0.34953,-7.6816,12.92
2.0059,7.7729,6.7561,-5.0122,-2.2599,6.9756,22.294,11.958,1.1922,-0.39146,-7.6626,14.057
1.2735,9.4689,9.0924,-5.4271,-3.4552,9.0257,20.599,11.757,1.0761,-0.40083,-7.6704,13.659
-0.25499,10.733,11.774,-5.1849,-5.3586,11.014,18.725,11.48,1.0401,-0.35051,-7.6742,11.982
-2.1505,10.975,13.729,-4.2848,-7.2791,12.072,16.744,11.11,1.0246,-0.25467,-7.6695,9.7053
-3.9051,9.9208,14.152,-2.9053,-8.5413,11.662,14.731,10.651,0.95059,-0.16538,-7.677,7.6708
-5.0887,7.7166,12.799,-1.3591,-8.7914,9.7488,12.724,10.132,0.75124,-0.15396,-7.7306,6.5626
-5.4464,4.9481,10.052,-0.032251,-8.0381,6.8479,10.707,9.6012,0.39695,-0.2822,-7.8604,6.6485
-4.9181,2.47,6.7439,0.70791,-6.548,3.8771,8.6542,9.1011,-0.094642,-0.58185,-8.0783,7.6823
-3.6165,1.0296,3.7509,0.62799,-4.6861,1.706,6.5958,8.6575,-0.66498,-1.041,-8.3691,9.0068
-1.7873,0.96062,1.636,-0.27925,-2.7839,0.77342,4.6233,8.2766,-1.2334,-1.6066,-8.6945,9.802
0.26084,2.1073,0.52562,-1.772,-1.0298,1.0312,2.8338,7.9506,-1.723,-2.1981,-9.0052,9.3904
2.2495,3.8862,0.10153,-3.4301,0.56247,2.0142,1.2926,7.6682,-2.0833,-2.7273,-9.2523,7.5195
3.9954,5.4818,-0.24171,-4.8014,2.0629,2.9895,0.032153,7.4274,-2.3021,-3.1196,-9.4013,4.494
5.4213,6.1581,-1.0532,-5.5441,3.5455,3.2509,-0.94373,7.2407,-2.4011,-3.3339,-9.4321,1.0608
6.5375,5.5107,-2.5707,-5.515,5.0577,2.3899,-1.6594,7.1272,-2.4241,-3.3778,-9.3422,-1.8942
7.4073,3.5899,-4.7106,-4.8114,6.5889,0.42196,-2.1645,7.0932,-2.4219,-3.308,-9.1486,-3.6902
8.1087,0.94243,-7.1322,-3.7599,8.0478,-2.1778,-2.5267,7.1164,-2.4383,-3.2111,-8.888,-4.1006
8.6963,-1.5458,-9.311,-2.8091,9.264,-4.6093,-2.8196,7.1459,-2.4956,-3.1707,-8.604,-3.4264
9.1728,-3.0586,-10.701,-2.3601,10.035,-6.1212,-3.1056,7.118,-2.5886,-3.2346,-8.3317,-2.3708
9.4895,-3.1849,-10.95,-2.6202,10.198,-6.3404,-3.4179,6.9813,-2.6853,-3.3986,-8.0836,-1.7637
9.5689,-1.9817,-10.047,-3.5402,9.6895,-5.3409,-3.7481,6.714,-2.7361,-3.6071,-7.8448,-2.2329
9.3183,0.072043,-8.3321,-4.8123,8.5715,-3.581,-4.0451,6.3395,-2.6896,-3.7757,-7.5786,-3.9491
8.6325,2.1736,-6.3765,-5.9376,7.0172,-1.7707,-4.2294,5.91,-2.5131,-3.8236,-7.2412,-6.5639
7.4144,3.4623,-4.778,-6.389,5.2683,-0.6246,-4.2253,5.4803,-2.2097,-3.7056,-6.8022,-9.3703
5.6512,3.3552,-3.9516,-5.8152,3.5834,-0.59513,-4.0071,5.0853,-1.8232,-3.4356,-6.2618,-11.592
3.5113,1.7367,-4.0003,-4.1736,2.1913,-1.7242,-3.6429,4.7309,-1.4261,-3.0926,-5.6587,-12.67
1.3596,-0.9836,-4.7099,-1.7862,1.2583,-3.6257,-3.2873,4.3989,-1.0949,-2.7944,-5.0608,-12.461
-0.33107,-3.9279,-5.6667,0.6865,0.87284,-5.6165,-3.0955,4.0582,-0.88212,-2.6497,-4.5433,-11.287
-1.1313,-6.0937,-6.439,2.4671,1.0406,-7.0021,-3.1152,3.6791,-0.79768,-2.7112,-4.1602,-9.8173
-0.81604,-6.8204,-6.7401,3.0197,1.6865,-7.347,-3.2562,3.2482,-0.80818,-2.9568,-3.9239,-8.8147
0.55787,-5.9871,-6.5155,2.2468,2.6703,-6.5842,-3.3407,2.7813,-0.85351,-3.3006,-3.7985,-8.8327
2.6649,-3.9775,-5.9332,0.46667,3.8107,-5.0239,-3.1727,2.3268,-0.87215,-3.6257,-3.7113,-9.9788
4.9416,-1.5794,-5.2886,-1.6768,4.8856,-3.2763,-2.5972,1.956,-0.82483,-3.8247,-3.5778,-11.867
6.6944,0.24883,-4.8664,-3.3792,5.6371,-2.0294,-1.5513,1.7397,-0.70907,-3.8369,-3.3342,-13.794
7.3152,0.73028,-4.818,-3.9457,5.8313,-1.771,-0.10013,1.7197,-0.5603,-3.6718,-2.9629,-15.035
6.4925,-0.45627,-5.104,-3.0338,5.3406,-2.6198,1.5599,1.8899,-0.43856,-3.4073,-2.4989,-15.122
4.3282,-3.0327,-5.5171,-0.78627,4.1961,-4.2824,3.1416,2.198,-0.40567,-3.1595,-2.0158,-14.007
1.3298,-6.1445,-5.7806,2.1539,2.5927,-6.1515,4.3462,2.5646,-0.50221,-3.0368,-1.5949,-12.062
-1.7313,-8.7154,-5.6792,4.8525,0.84832,-7.5665,4.9655,2.9097,-0.73202,-3.0953,-1.2964,-9.9338
-4.0675,-9.9321,-5.154,6.4989,-0.67945,-8.0746,4.9629,3.1779,-1.059,-3.3171,-1.1374,-8.3009
-5.1541,-9.4729,-4.3289,6.693,-1.6866,-7.5473,4.4918,3.3532,-1.4186,-3.6151,-1.0865,-7.6168
-4.8874,-7.5537,-3.4705,5.512,-1.9992,-6.2059,3.8306,3.4594,-1.7432,-3.8743,-1.0778,-7.9352
-3.575,-4.9269,-2.8971,3.4932,-1.6187,-4.5838,3.2617,3.5395,-1.9929,-4.0045,-1.0417,-8.8993
-1.8107,-2.6492,-2.8576,1.4739,-0.72563,-3.3419,2.9472,3.635,-2.1734,-3.978,-0.93485,-9.8991
-0.26568,-1.601,-3.4201,0.23101,0.3768,-2.9783,2.8743,3.7714,-2.328,-3.8343,-0.75285,-10.305
0.55799,-2.1416,-4.4183,0.17989,1.3743,-3.6175,2.8957,3.9536,-2.5088,-3.654,-0.52214,-9.7141
0.49714,-4.0159,-5.4949,1.2917,2.0531,-4.9534,2.8265,4.1678,-2.7483,-3.5215,-0.2818,-8.0865
-0.25164,-6.3977,-6.2384,3.0872,2.3476,-6.3606,2.5387,4.3846,-3.0442,-3.4942,-0.0685,-5.7662
-1.2246,-8.2181,-6.347,4.7559,2.3248,-7.1754,2.0085,4.5668,-3.3653,-3.5874,0.090532,-3.3671
-1.8557,-8.6858,-5.7458,5.536,2.1426,-6.9824,1.2989,4.6816,-3.6675,-3.7748,0.17868,-1.5609
-1.7041,-7.5548,-4.6191,5.0597,1.9937,-5.7501,0.51696,4.7165,-3.9102,-3.9975,0.19011,-0.82771
-0.66862,-5.1365,-3.3438,3.4093,2.026,-3.8455,-0.21015,4.6917,-4.0671,-4.1805,0.13306,-1.2625
0.95878,-2.2349,-2.3333,1.0692,2.2577,-1.9202,-0.75062,4.6637,-4.1269,-4.2527,0.035092,-2.5431
2.6235,0.14082,-1.8533,-1.1929,2.542,-0.62381,-1.001,4.7159,-4.0891,-4.1665,-0.056212,-4.039
3.7159,1.2479,-1.895,-2.6382,2.622,-0.30668,-0.92393,4.9341,-3.9607,-3.9138,-0.084115,-5.0639
3.7869,0.8814,-2.18,-2.8662,2.253,-0.89696,-0.56774,5.3712,-3.7585,-3.5339,-0.0059419,-5.132
2.7363,-0.61557,-2.311,-1.917,1.3268,-1.9562,-0.054797,6.0199,-3.5137,-3.1055,0.18288,-4.1479
0.87739,-2.4819,-1.9816,-0.2406,-0.047662,-2.886,0.46026,6.8109,-3.2681,-2.7179,0.44298,-2.4559
-1.1682,-3.847,-1.1198,1.4401,-1.5564,-3.1997,0.84686,7.6357,-3.0581,-2.4339,0.71179,-0.71824
-2.6809,-4.0968,0.081537,2.4132,-2.7853,-2.6947,1.0433,8.3836,-2.8975,-2.2648,0.93767,0.33364
-3.0848,-3.068,1.2267,2.2611,-3.3456,-1.4967,1.0688,8.9735,-2.7717,-2.17,1.1058,0.18138
-2.1541,-1.0856,1.8542,0.98856,-2.9806,-0.030768,1.0019,9.377,-2.6469,-2.079,1.244,-1.2685
-0.10118,1.1202,1.6136,-0.98623,-1.6558,1.1159,0.94039,9.6242,-2.4891,-1.9194,1.4093,-3.6394
2.5066,2.7088,0.4111,-2.9814,0.39366,1.4479,0.9617,9.7861,-2.2791,-1.6406,1.6643,-6.2376
4.9577,3.1154,-1.5356,-4.3406,2.7093,0.78276,1.0954,9.9385,-2.0189,-1.2304,2.0506,-8.3199
6.6279,2.2575,-3.7426,-4.6898,4.7524,-0.6762,1.312,10.121,-1.7319,-0.72321,2.571,-9.3622
7.1563,0.5317,-5.6194,-4.0265,6.0793,-2.4108,1.5263,10.309,-1.4587,-0.19445,3.1844,-9.2172
6.5431,-1.3491,-6.6894,-2.6788,6.465,-3.8002,1.6175,10.418,-1.2484,0.26244,3.8195,-8.1729
5.1352,-2.6577,-6.7443,-1.178,5.9463,-4.3788,1.4624,10.341,-1.1428,0.57338,4.4025,-6.8577
3.4877,-2.9349,-5.8856,-0.0617,4.8023,-3.9844,0.98229,9.9956,-1.1562,0.71923,4.8896,-6.0155
2.1785,-2.1089,-4.4857,0.31515,3.4764,-2.7826,0.18245,9.3703,-1.2628,0.74924,5.2875,-6.2227
1.6256,-0.49679,-3.0595,-0.11309,2.4429,-1.2107,-0.83627,8.5235,-1.4032,0.7619,5.6522,-7.6486
1.9419,1.2906,-2.0819,-1.109,2.0368,0.17276,-1.9104,7.5623,-1.5087,0.86184,6.0679,-9.9736
2.9224,2.5803,-1.8436,-2.2287,2.3367,0.897,-2.8801,6.6014,-1.535,1.1131,6.6131,-12.509
4.1703,2.9079,-2.3835,-3.0223,3.1659,0.73091,-3.6528,5.7211,-1.4853,1.5097,7.3253,-14.495
5.2587,2.1834,-3.4712,-3.2299,4.1649,-0.2535,-4.2338,4.9443,-1.4088,1.977,8.1789,-15.371
5.8478,0.73963,-4.6381,-2.8688,4.8912,-1.6706,-4.7185,4.2444,-1.374,2.4043,9.0916,-14.959
5.7517,-0.75981,-5.3033,-2.1975,4.9452,-2.9103,-5.2574,3.5758,-1.4301,2.6946,9.9622,-13.505
4.9585,-1.5963,-4.9926,-1.5795,4.1043,-3.3771,-6.0033,2.9016,-1.5818,2.8038,10.717,-11.585
3.6024,-1.3002,-3.5267,-1.3097,2.4044,-2.7325,-7.0531,2.2059,-1.7886,2.7522,11.338,-9.9217
1.92,0.19452,-1.0909,-1.498,0.15924,-0.99832,-8.4025,1.4943,-1.9886,2.6075,11.861,-9.1418
0.21957,2.505,1.7712,-2.0404,-2.1097,1.4194,-9.9321,0.79313,-2.1288,2.455,12.35,-9.5552
-1.152,4.8731,4.285,-2.6706,-3.8402,3.7957,-11.434,0.14652,-2.1859,2.3679,12.872,-11.031
-1.8649,6.4667,5.7217,-3.0836,-4.5723,5.3621,-12.675,-0.3893,-2.1687,2.3894,13.486,-13.034
-1.6803,6.7533,5.6651,-3.0806,-4.0278,5.6542,-13.472,-0.75992,-2.1047,2.5247,14.232,-14.813
-0.51944,5.6961,4.1261,-2.6706,-2.1973,4.6693,-13.763,-0.93393,-2.0254,2.7419,15.124,-15.667
1.5029,3.7833,1.5401,-2.0966,0.60164,2.8475,-13.651,-0.92364,-1.9571,2.9841,16.142,-15.221
4.1126,1.8936,-1.3329,-1.7562,3.8238,0.94416,-13.374,-0.78865,-1.9188,3.1907,17.216,-13.583
6.9195,0.93128,-3.6131,-2.0127,6.8322,-0.22433,-13.208,-0.61182,-1.919,3.3227,18.242,-11.339
9.4073,1.4438,-4.5484,-3.0103,8.9494,-0.068619,-13.315,-0.45896,-1.9503,3.3815,19.11,-9.3522
11.011,3.4679,-3.7283,-4.5954,9.6145,1.5798,-13.659,-0.3472,-1.9864,3.411,19.747,-8.4345
11.29,6.5015,-1.2356,-6.3288,8.6065,4.3748,-14.027,-0.23986,-1.9895,3.4831,20.143,-9.0038
10.04,9.5674,2.3166,-7.5929,6.1019,7.4995,-14.155,-0.069206,-1.9288,3.6674,20.361,-10.903
7.3411,11.581,5.9974,-7.8213,2.5982,9.9801,-13.861,0.22584,-1.7981,4.0035,20.51,-13.48
3.5761,11.846,8.9575,-6.742,-1.239,11.118,-13.121,0.66746,-1.6235,4.4814,20.698,-15.862
-0.6005,10.286,10.735,-4.5005,-4.7774,10.726,-12.091,1.2281,-1.4524,5.0419,20.983,-17.295
-4.385,7.4804,11.332,-1.6723,-7.5583,9.173,-11.041,1.8436,-1.3338,5.5971,21.361,-17.413
-7.0199,4.5595,11.119,0.85982,-9.2987,7.2815,-10.256,2.4396,-1.2979,6.061,21.779,-16.383
-8.0233,2.7405,10.633,2.2442,-9.882,5.9866,-9.9238,2.9585,-1.3461,6.3797,22.171,-14.833
-7.3606,2.7774,10.361,2.0336,-9.4253,5.9348,-10.073,3.3762,-1.4539,6.5498,22.483,-13.596
-5.4295,4.7571,10.589,0.32533,-8.2403,7.3088,-10.575,3.7062,-1.582,6.6192,22.699,-13.371
-2.8939,8.0861,11.344,-2.3022,-6.7059,9.7814,-11.203,3.9897,-1.6902,6.6691,22.851,-14.419
-0.50215,11.59,12.381,-4.9604,-5.2452,12.518,-11.724,4.2744,-1.7513,6.7796,23.008,-16.445
1.0881,13.978,13.27,-6.7498,-4.2663,14.496,-11.997,4.5871,-1.763,6.9965,23.246,-18.728
1.445,14.4,13.612,-7.0699,-4.0048,15.007,-12.012,4.9135,-1.7529,7.3076,23.603,-20.423
0.4477,12.662,13.279,-5.7747,-4.4794,13.894,-11.887,5.1983,-1.7685,7.6446,24.052,-20.898
-1.6373,9.3216,12.531,-3.2387,-5.5522,11.609,-11.797,5.3679,-1.8551,7.9136,24.511,-19.977
-4.19,5.643,11.879,-0.32291,-6.9793,9.1192,-11.893,5.3643,-2.0317,8.0409,24.894,-17.987
-6.4273,3.0481,11.774,1.9374,-8.4546,7.459,-12.238,5.171,-2.2776,8.0107,25.158,-15.6
-7.682,2.4033,12.356,2.786,-9.6615,7.1997,-12.782,4.8156,-2.5447,7.8669,25.33,-13.56
-7.6462,3.8393,13.414,1.9695,-10.322,8.3239,-13.391,4.3539,-2.7876,7.6806,25.473,-12.392
-6.4258,6.8015,14.473,-0.21394,-10.251,10.312,-13.928,3.8431,-2.9962,7.5083,25.637,-12.212
-4.4503,10.122,14.958,-2.9376,-9.4137,12.28,-14.316,3.3215,-3.2096,7.3636,25.816,-12.705
-2.3257,12.491,14.419,-5.1699,-7.9459,13.338,-14.57,2.8007,-3.4974,7.2154,25.934,-13.287
-0.6395,13.103,12.73,-6.1889,-6.1156,12.986,-14.755,2.2748,-3.9157,7.0045,25.872,-13.346
0.24431,11.892,10.174,-5.8067,-4.2243,11.297,-14.932,1.7396,-4.4583,6.6857,25.53,-12.447
0.31397,9.4882,7.3542,-4.3227,-2.5062,8.9176,-15.13,1.2107,-5.0275,6.2811,24.923,-10.431
-0.1118,7.0585,4.9718,-2.4492,-1.0828,6.8634,-15.363,0.7275,-5.4469,5.9174,24.299,-7.3651
-0.51691,5.8845,3.6264,-1.1264,0.020837,6.1261,-15.691,0.33229,-5.5342,5.8143,24.226,-3.3624
-0.35362,6.9272,3.791,-1.2171,0.85174,7.3602,-16.284,0.031642,-5.1992,6.2263,25.763,1.6623
0.77182,10.227,5.481,-3.2787,1.517,10.091,-17.441,-0.2462,-4.4889,7.6389,31.168,8.0732
2.9001,8.5569,4.8072,-6.9419,2.4189,8.0762,-19.525,-0.68652,-3.6285,12.577,41.653,14.305
5.6224,9.2394,4.5249,-6.9473,4.9516,8.8505,-22.629,-1.6316,-3.0514,10.297,39.993,-0.57151
8.142,15.554,4.9697,-11.891,7.2352,12.418,-25.088,-3.7996,-3.1716,4.96,34.358,-10.977
9.9374,22.557,6.7689,-18.827,6.7772,16.527,-24.664,-13.091,-4.6665,-1.6668,25.563,-16.581
12.665,29.446,11.527,-23.746,3.4443,21.532,-24.425,-18.07,-17.496,-8.8378,16.405,-17.537
10.297,36.638,20.16,-26.57,-2.3542,28.047,-22.192,-15.699,-25.193,-13.454,10.445,-12.199
5.9432,44.703,32.982,-28.777,-10.201,37.142,-18.561,-11.697,-17.537,-9.2933,12.765,0.14982
1.5761,57.172,51.174,-33.082,-20.366,52.075,-16.303,-6.4907,-2.5276,8.1018,30.324,22.867
-0.86531,78.634,76.395,-42.611,-33.327,75.359,-18.817,-1.4413,17.684,40.457,70.772,65.391
0.75447,111.63,108.85,-59.722,-48.292,107.95,-29.846,0.17723,37.964,85.811,140.52,143.13
8.7406,157.45,147.28,-85.765,-62.906,150.53,-52.62,-5.8953,51.071,140.62,243.03,257.92
25.783,216.39,189.98,-121.47,-75.768,202.41,-86.997,-24.249,48.372,200.16,377.73,398.94
52.407,284.86,233.93,-165.65,-86.37,259.92,-129.69,-64.857,20.42,257.25,539.45,571.02
80.799,355.7,274.28,-213.85,-92.974,316.77,-176.17,-141.39,-40.43,303.7,718.05,767.12
108.08,419.41,305.7,-259.8,-94.447,364.84,-221.79,-235.24,-137.13,332.11,898.92,969.41
133.4,465.21,323.98,-296.51,-90.998,396.37,-262.15,-345.78,-266.16,337.64,1064.8,1152.1
154.66,484.32,323.36,-317.17,-81.409,405.04,-294.05,-468.39,-418.63,318.69,1197.7,1286.5
169.78,472.39,298.98,-318.2,-63.479,386.37,-317.06,-597.24,-582.33,276.06,1281.6,1349
178.4,429.12,248.42,-300.44,-34.96,339.02,-333.29,-726.96,-743.67,211.05,1303,1326.8
182.18,356.59,171.62,-266.71,5.2769,264.09,-345.66,-852.47,-891.76,123.41,1252.7,1220.5
182.51,258.21,71.62,-219.31,56.092,164.77,-356.33,-968.25,-1020.1,10.604,1126.6,1043.4
178.74,139.61,-44.369,-159.96,113.31,47.583,-365.15,-1068,-1126.1,-130.69,926.24,819.11
168.46,9.5324,-165.1,-91.243,169.74,-77.61,-370.22,-1145.7,-1209.7,-301.4,660.5,574.5
150.03,-120.37,-276.97,-18.018,217.15,-198.49,-369.4,-1196.8,-1271.8,-496.22,347.42,333.98
124.3,-236.38,-366.42,52.615,248.68,-301.46,-361.2,-1219.8,-1312.2,-700.47,15.386,117.89
93.228,-325.46,-422.52,112.99,259.99,-374.42,-344.69,-1215.1,-1328.5,-889.99,-298.57,-57.866
58.949,-378.61,-439.45,157.25,250,-409.78,-319.32,-1184.3,-1315.8,-1036.2,-555.75,-183.45
24.112,-392.7,-417.61,182.47,220.8,-406.08,-285.34,-1129.2,-1269.7,-1115.4,-726.31,-256.3
-8.2205,-371.06,-363.38,188.71,177.07,-368.27,-243.86,-1052.7,-1189.5,-1117.4,-798.26,-284.03
-36.19,-323.34,-287.98,179.18,125.27,-307.03,-196.89,-959.57,-1080.1,-1048.5,-782.25,-280.78
-58.707,-262.94,-204.66,159.55,72.762,-235.54,-147.73,-856.42,-951.68,-928.78,-705.14,-260
-73.91,-200.79,-125.71,135.41,26.567,-164.54,-100.83,-749.88,-815.9,-784.65,-596.12,-232.07
-80.293,-143.72,-61.305,110.33,-7.9809,-102.6,-60.951,-644.73,-683.01,-639.56,-480.56,-203.95
-77.478,-96.222,-18.339,86.357,-28.088,-55.435,-31.113,-543.93,-559.6,-508.38,-376.07,-177.77
-66.399,-59.636,0.87886,63.395,-33.883,-29.275,-12.049,-449.31,-448.72,-397.26,-290.29,-151.83
-49.076,-39.153,4.0347,42.673,-27.937,-19.519,-4.3776,-361.97,-351.36,-305.93,-223.21,-122.4
-29.485,-29.049,-1.453,28.958,-14.778,-17.109,-4.0262,-283.05,-267.86,-230.59,-170.98,-97.477
-14.263,-22.466,-9.4198,20.463,-1.4096,-17.341,-6.8299,-214.39,-198.38,-168.68,-128.29,-77.052
-4.1128,-17.761,-15.649,13.425,7.0837,-16.512,-10.245,-157.57,-141.49,-119.71,-91.314,-57.985
3.1723,-14.234,-18.765,6.9555,11.493,-14.598,-12.864,-113.08,-96.22,-81.551,-61.035,-41.264
7.6109,-10.923,-20.062,3.2195,7.5903,-13.603,-14.48,-79.538,-63.208,-52.417,-40.657,-29.721
8.7955,-8.3526,-10.387,2.4774,5.2594,-10.893,-13.37,-53.965,-39.27,-34.218,-29.718,-23.019
7.0214,-8.0251,-4.1934,2.3923,4.1005,-7.5364,-9.3014,-36.711,-23.03,-24.749,-25.096,-18.228
3.432,-7.0361,-1.5305,4.032,2.7372,-3.1743,-6.3991,-26.413,-12.72,-19.763,-24.185,-13.863
0.58132,-4.726,-0.31962,3.8172,1.6152,-1.3626,-4.3994,-20.735,-6.0244,-16.473,-26.652,-9.3809
-0.48124,-4.0578,-0.48501,3.4765,1.1557,-1.3263,-3.0136,-18.016,-1.4002,-13.634,-30.595,-4.5275
-0.24424,-4.0835,-1.5703,3.09,1.4639,-2.2177,-2.0786,-16.937,1.7144,-10.703,-28.528,0.52782
0.90975,-3.9597,-2.8889,2.2311,2.2655,-3.1416,-1.4649,-17.394,2.6952,-8.5662,-22.941,5.2222
2.4986,-3.1203,-3.7709,0.82199,3.1322,-3.4064,-1.0416,-23.943,-0.089084,-7.9618,-19.111,8.7948
4.0061,-1.418,-3.8088,-0.93138,3.6558,-2.7117,-0.66632,-24.465,-1.6488,-4.9155,-16.895,10.582
4.9756,0.843,-2.9674,-2.6289,3.5968,-1.1805,-0.19204,-20.252,0.92607,-2.9484,-15.545,10.282
5.1074,3.0124,-1.5499,-3.8081,2.969,0.70353,0.50127,-17.172,3.1465,-1.7821,-14.646,8.0895
4.3573,4.379,-0.065592,-4.1112,2.0006,2.2843,1.4702,-15.012,5.021,-0.95948,-13.944,4.6306
2.9741,4.5014,0.97209,-3.4243,1.0301,3.0312,2.6916,-13.199,6.7331,-0.23502,-13.282,0.74852
1.4234,3.381,1.2447,-1.9442,0.40257,2.7638,4.0726,-11.501,8.3238,0.49487,-12.576,-2.7742
0.24316,1.4728,0.72817,-0.16239,0.37732,1.6991,5.4846,-9.9145,9.7354,1.23,-11.809,-5.4591
-0.10552,-0.44654,-0.32191,1.2803,1.0479,0.36467,6.8063,-8.5222,10.874,1.9068,-11.013,-7.2633
0.60684,-1.5861,-1.4646,1.8525,2.3002,-0.60073,7.9729,-7.3773,11.67,2.4476,-10.234,-8.5479
2.2652,-1.4584,-2.2276,1.3363,3.8391,-0.68946,9.0116,-6.4485,12.125,2.8089,-9.506,-9.8895
4.4464,-0.0059216,-2.2718,-0.13931,5.2745,0.30569,10.036,-5.6172,12.338,3.0111,-8.8321,-11.809
6.5513,2.4172,-1.4955,-2.1685,6.2131,2.2198,11.193,-4.7247,12.48,3.1385,-8.1862,-14.536
7.952,5.1292,-0.053483,-4.1746,6.3275,4.534,12.582,-3.6504,12.717,3.3101,-7.5245,-17.901
8.1751,7.3293,1.7063,-5.5713,5.4336,6.5525,14.204,-2.371,13.119,3.636,-6.8094,-21.388
7.0223,8.3964,3.3902,-5.9438,3.5582,7.6967,15.949,-0.96951,13.62,4.1752,-6.0309,-24.282
4.5686,8.088,4.7346,-5.1623,0.92558,7.7266,17.64,0.39575,14.05,4.9092,-5.2188,-25.893
1.1608,6.5935,5.7014,-3.415,-2.1067,6.8204,19.095,1.5428,14.217,5.7444,-4.4367,-25.79
-2.5806,4.509,6.4381,-1.1875,-5.1028,5.5278,20.179,2.3235,14.002,6.5424,-3.7603,-23.972
-5.8516,2.6828,7.1244,0.8292,-7.5801,4.5485,20.837,2.6751,13.409,7.169,-3.2459,-20.843
-7.805,1.9107,7.8241,1.9253,-9.051,4.4207,21.103,2.6479,12.56,7.5408,-2.9051,-17.016
-7.7836,2.6425,8.4435,1.6174,-9.1304,5.3465,21.093,2.3938,11.652,7.6562,-2.6945,-13.059
-5.5341,4.821,8.7566,-0.15385,-7.6061,7.1455,20.969,2.1135,10.884,7.5981,-2.5287,-9.315
-1.3473,7.8424,8.4535,-2.9715,-4.4466,9.2513,20.886,1.9828,10.398,7.5058,-2.313,-5.7853
4.0344,10.724,7.235,-6.0764,0.047021,10.882,20.942,2.0895,10.235,7.5214,-1.9833,-2.0495
9.6851,12.516,4.9605,-8.6485,5.2451,11.397,21.148,2.4101,10.323,7.7313,-1.5361,2.6264
14.593,12.671,1.8257,-10.074,10.348,10.56,21.432,2.8307,10.506,8.1216,-1.037,8.89
17.819,11.212,-1.5252,-10.102,14.429,8.618,21.673,3.2014,10.609,8.5674,-0.5979,16.915
18.825,8.7621,-4.1244,-8.9311,16.627,6.2723,21.777,3.3979,10.507,8.8818,-0.33067,26.28
17.575,6.3535,-5.0649,-7.1499,16.435,4.4619,21.717,3.3641,10.174,8.9153,-0.29724,36.123
14.467,4.9617,-3.9253,-5.4599,13.843,3.9329,21.529,3.1266,9.6753,8.6383,-0.48432,45.376
10.231,5.1068,-0.93415,-4.3939,9.3446,4.9117,21.293,2.7899,9.1393,8.14,-0.8131,52.968
5.6772,6.724,3.188,-4.157,3.7912,7.0758,21.138,2.5082,8.7158,7.5683,-1.1726,58.088
1.4396,9.158,7.4774,-4.5482,-1.7864,9.694,21.204,2.426,8.5329,7.0666,-1.459,60.531
-2.0167,11.367,10.966,-5.0548,-6.4005,11.871,21.55,2.6122,8.6498,6.7314,-1.6089,60.867
-4.1985,12.403,12.924,-5.1693,-9.2762,12.86,22.1,3.0267,9.0291,6.5874,-1.6201,60.236
-4.6892,11.782,13.001,-4.657,-9.9216,12.295,22.65,3.5323,9.5366,6.576,-1.5534,59.785
-3.5494,9.6104,11.245,-3.636,-8.3491,10.298,22.939,3.9384,9.9745,6.5696,-1.5121,60.052
-1.2823,6.6139,8.1023,-2.5387,-5.1875,7.4768,22.745,4.063,10.144,6.4181,-1.6009,60.748
1.6005,3.9048,4.3729,-1.9251,-1.3554,4.726,21.959,3.7986,9.922,6.0122,-1.8821,61.088
4.7438,2.3889,1.0139,-2.1693,2.3804,2.8252,20.621,3.1574,9.3231,5.3304,-2.3492,60.276
7.7425,2.3751,-1.2311,-3.2543,5.4652,2.1487,18.892,2.2701,8.4982,4.445,-2.9324,57.764
10.022,3.5844,-2.1225,-4.7665,7.5145,2.6161,16.994,1.3371,7.6683,3.4905,-3.5303,53.387
11.046,5.2694,-1.9167,-6.0358,8.3442,3.7346,15.142,0.54891,7.0235,2.6144,-4.0554,47.491
10.603,6.4536,-1.2121,-6.4077,8.0169,4.7498,13.486,0.014371,6.6478,1.9247,-4.4705,40.901
8.9154,6.3291,-0.65838,-5.53,6.8866,4.9497,12.073,-0.2729,6.4938,1.4511,-4.803,34.645
6.5387,4.5704,-0.71819,-3.5008,5.5085,3.9368,10.829,-0.41853,6.4063,1.1306,-5.1276,29.61
4.1783,1.471,-1.6094,-0.8599,4.4757,1.7562,9.6082,-0.57755,6.1891,0.83525,-5.5284,26.31
2.5034,-2.0849,-3.2809,1.5964,4.1907,-1.0784,8.2863,-0.89101,5.6921,0.43026,-6.0584,24.75
1.9475,-5.0028,-5.3903,3.1683,4.704,-3.7559,6.8516,-1.426,4.875,-0.16725,-6.7177,24.46
2.5446,-6.5363,-7.399,3.5304,5.7514,-5.5592,5.4046,-2.1373,3.8214,-0.95629,-7.4544,24.694
3.9234,-6.5135,-8.7882,2.7889,6.9047,-6.1546,4.0797,-2.8713,2.7059,-1.8515,-8.1804,24.717
5.4513,-5.284,-9.2593,1.4338,7.7277,-5.6259,2.9983,-3.4192,1.7355,-2.7107,-8.7945,24.097
6.4394,-3.6081,-8.8211,0.19442,7.9194,-4.4132,2.2583,-3.5997,1.0798,-3.3843,-9.208,22.904
6.3804,-2.4031,-7.7703,-0.24617,7.3973,-3.1802,1.9135,-3.3326,0.81052,-3.7715,-9.374,21.682
5.1313,-2.3778,-6.583,0.48328,6.2926,-2.5652,1.9495,-2.6665,0.87001,-3.866,-9.3088,21.216
2.9599,-3.7755,-5.7299,2.3271,4.8959,-2.9264,2.2856,-1.7507,1.0887,-3.7691,-9.0943,22.19
0.44495,-6.2707,-5.484,4.7937,3.5662,-4.2059,2.8036,-0.76944,1.2533,-3.6538,-8.8519,24.905
-1.7499,-9.0411,-5.8061,7.123,2.6,-5.9333,3.3851,0.12347,1.1989,-3.6935,-8.6994,29.131
-3.1345,-11.14,-6.3726,8.6485,2.1255,-7.4192,3.9403,0.84559,0.87133,-3.9962,-8.7141,34.181
-3.5428,-11.946,-6.7524,9.0596,2.0867,-8.0894,4.4243,1.3954,0.33419,-4.5772,-8.9168,39.112
-3.1263,-11.34,-6.6311,8.4279,2.3009,-7.7168,4.847,1.8419,-0.26474,-5.3723,-9.2757,42.981
-2.2515,-9.6832,-5.9417,7.1354,2.5445,-6.4655,5.2709,2.2962,-0.7504,-6.2748,-9.725,45.111
-1.3686,-7.7034,-4.8618,5.7584,2.6407,-4.824,5.7911,2.8652,-0.9864,-7.1779,-10.193,45.346
-0.87223,-6.2304,-3.7147,4.8783,2.5112,-3.4234,6.4981,3.6076,-0.9244,-8.0035,-10.633,44.12
-0.98382,-5.867,-2.8345,4.8825,2.1746,-2.7719,7.4305,4.5103,-0.61984,-8.7154,-11.039,42.331
-1.6918,-6.7831,-2.4428,5.8386,1.7167,-3.0648,8.5354,5.4859,-0.21757,-9.3342,-11.46,40.997
-2.7677,-8.663,-2.5777,7.45,1.2493,-4.1394,9.6607,6.3906,0.09045,-9.9654,-11.99,40.738
-3.8576,-10.815,-3.0875,9.1457,0.86421,-5.5547,10.597,7.061,0.13045,-10.808,-12.746,41.384
-4.6355,-12.492,-3.6875,10.351,0.59413,-6.7797,11.157,7.3655,-0.18735,-12.106,-13.833,42.09
-4.9546,-13.225,-4.0698,10.763,0.40575,-7.4066,11.249,7.2573,-0.83092,-14.067,-15.308,41.82
-4.8936,-12.934,-4.0284,10.422,0.23648,-7.2699,10.922,6.8037,-1.6545,-16.789,-17.164,39.77
-4.6772,-11.894,-3.5492,9.6541,0.052098,-6.4721,10.34,6.1639,-2.4561,-20.172,-19.34,35.623
-4.5412,-10.66,-2.8395,8.9418,-0.11577,-5.3735,9.6968,5.5128,-3.0648,-23.864,-21.754,29.634
-4.6229,-9.8889,-2.2759,8.7384,-0.17335,-4.5032,9.1106,4.9573,-3.4173,-27.386,-24.343,22.527
-4.9209,-10.097,-2.2563,9.3232,-0.0019169,-4.3567,8.5728,4.4933,-3.5822,-30.432,-27.1,15.27
-5.3318,-11.492,-3.0092,10.751,0.48576,-5.1792,7.9746,4.0214,-3.7251,-33.063,-30.083,8.8351
-5.7283,-13.898,-4.4653,12.861,1.286,-6.8473,7.1755,3.4002,-4.0335,-35.618,-33.403,3.8949
-6.0289,-16.778,-6.2602,15.318,2.273,-8.8896,6.0759,2.5018,-4.6404,-38.523,-37.184,0.56118
-6.2219,-19.426,-7.8756,17.689,3.2247,-10.675,4.6664,1.2491,-5.5827,-42.142,-41.51,-1.6609
-6.3559,-21.232,-8.8486,19.544,3.8915,-11.687,3.0416,-0.36389,-6.8058,-46.67,-46.422,-3.6386
-6.5384,-21.871,-8.9356,20.616,4.0704,-11.708,1.3782,-2.2647,-8.1999,-52.013,-51.901,-6.2207
-6.94,-21.442,-8.1768,20.971,3.6606,-10.879,-0.1164,-4.3288,-9.6566,-57.772,-57.811,-9.8895
-7.7552,-20.518,-6.8744,21.011,2.69,-9.663,-1.2699,-6.4479,-11.14,-63.5,-63.902,-14.608
-9.1055,-19.95,-5.4915,21.294,1.3076,-8.6941,-2.0055,-8.608,-12.754,-69.027,-69.955,-19.891
-10.952,-20.524,-4.4907,22.286,-0.2566,-8.5359,-2.3725,-10.924,-14.779,-74.499,-75.907,-25.019
-13.087,-22.686,-4.1604,24.195,-1.7568,-9.4794,-2.5286,-13.6,-17.653,-80.234,-81.765,-29.293
-15.21,-26.367,-4.4927,26.889,-2.9999,-11.42,-2.6774,-16.829,-21.825,-86.556,-87.482,-32.237
-17.028,-30.9,-5.1877,29.88,-3.8807,-13.863,-2.9843,-20.693,-27.227,-93.669,-93.069,-33.774
-18.311,-35.216,-5.8207,32.487,-4.3643,-16.132,-3.5126,-25.108,-32.916,-101.52,-98.845,-34.338
-18.916,-38.293,-6.0723,34.152,-4.4456,-17.653,-4.2059,-29.877,-38.12,-109.77,-105.37,-34.757
-18.798,-39.587,-5.8714,34.672,-4.1226,-18.096,-4.926,-34.825,-43.096,-118,-112.99,-35.939
-18.054,-39.283,-5.4199,34.238,-3.3938,-17.544,-5.5282,-39.843,-48.392,-126.01,-121.56,-38.501
-16.969,-38.263,-5.1237,33.376,-2.2757,-16.589,-5.9332,-44.794,-54.165,-133.88,-130.53,-42.517
-15.983,-37.712,-5.422,32.797,-0.83631,-16.058,-6.1502,-49.506,-60.227,-141.82,-139.39,-47.489
-15.548,-38.535,-6.5672,33.12,0.78207,-16.559,-6.2511,-53.864,-66.368,-150.03,-147.83,-52.541
-15.965,-41.007,-8.4817,34.619,2.3727,-18.243,-6.3274,-57.89,-72.504,-158.71,-155.73,-56.711
-17.316,-44.744,-10.768,37.137,3.6931,-20.779,-6.4511,-61.72,-78.658,-167.95,-163.18,-59.316
-19.512,-48.81,-12.838,40.147,4.5009,-23.481,-6.6487,-65.538,-84.942,-177.68,-170.34,-60.284
-22.282,-52.087,-14.114,42.942,4.6085,-25.612,-6.8914,-69.504,-91.555,-187.43,-177.42,-60.185
-25.078,-53.817,-14.213,44.887,3.9365,-26.681,-7.1051,-73.744,-98.665,-196.55,-184.62,-59.93
-27.331,-53.838,-13.046,45.618,2.5199,-26.578,-7.1942,-78.37,-106.21,-204.65,-191.93,-60.401
-28.902,-52.547,-10.821,45.206,0.47378,-25.567,-7.0741,-83.42,-113.88,-212.16,-199.14,-62.112
-30.173,-50.769,-7.9984,44.238,-2.0377,-24.196,-6.7003,-88.716,-121.26,-219.82,-205.97,-64.996
-31.817,-49.496,-5.1685,43.642,-4.8163,-23.118,-6.0863,-93.901,-128.12,-227.88,-212.4,-68.442
-34.435,-49.489,-2.877,44.258,-7.6283,-22.846,-5.3022,-98.73,-134.53,-236.14,-218.61,-71.52
-38.215,-51.023,-1.4613,46.45,-10.204,-23.571,-4.4597,-103.23,-140.78,-244.36,-224.82,-73.282
-42.732,-53.83,-0.97963,49.948,-12.274,-25.111,-3.6877,-107.59,-147.2,-252.32,-231.08,-73.175
-47.016,-57.154,-1.247,53.893,-13.647,-26.978,-3.1048,-112.02,-153.99,-259.88,-237.29,-71.38
-50.106,-60.019,-1.9436,57.217,-14.252,-28.587,-2.7884,-116.6,-161.17,-267.21,-243.32,-68.715
-51.602,-61.686,-2.7463,59.197,-14.129,-29.54,-2.7495,-121.31,-168.54,-274.75,-249.1,-66.218
-51.528,-61.89,-3.4333,59.613,-13.383,-29.721,-2.9269,-126.02,-175.75,-282.95,-254.56,-64.755
-50.077,-60.825,-3.9322,58.666,-12.156,-29.263,-3.2056,-130.53,-182.54,-291.75,-259.58,-64.741
-47.665,-59.105,-4.3255,56.937,-10.618,-28.506,-3.458,-134.61,-188.8,-300.47,-264.02,-65.994
-44.933,-57.567,-4.7994,55.202,-8.9649,-27.93,-3.59,-138.08,-194.41,-308.24,-267.86,-67.808
-42.607,-56.898,-5.5335,54.119,-7.3993,-27.956,-3.5782,-140.96,-199.34,-314.63,-271.19,-69.187
-41.26,-57.377,-6.5926,54.015,-6.0941,-28.768,-3.4864,-143.39,-203.7,-319.75,-274.2,-69.205
-41.03,-58.853,-7.8783,54.827,-5.155,-30.242,-3.4463,-145.61,-207.79,-324.05,-277.09,-67.432
-41.613,-60.841,-9.1516,56.169,-4.6275,-32.004,-3.6005,-147.8,-212.03,-328.32,-280.07,-64.19
-42.626,-62.674,-10.113,57.52,-4.5327,-33.564,-4.0334,-149.95,-216.73,-333.38,-283.17,-60.344
-43.783,-63.733,-10.513,58.388,-4.8754,-34.498,-4.7284,-152.03,-221.74,-339.27,-286.25,-56.91
-44.684,-63.656,-10.248,58.347,-5.6097,-34.592,-5.5661,-153.97,-226.55,-345.05,-288.96,-54.709
-44.664,-62.419,-9.3957,57.126,-6.5952,-33.891,-6.3634,-155.58,-230.65,-349.75,-291.03,-54.073
-43.32,-60.352,-8.2068,54.859,-7.6119,-32.66,-6.9354,-156.53,-233.92,-353.07,-292.34,-54.678
-41.283,-58.034,-7.0332,52.219,-8.4438,-31.286,-7.1609,-156.59,-236.45,-355.04,-292.86,-55.674
-39.397,-56.033,-6.2322,49.95,-8.929,-30.159,-7.0276,-155.79,-238.39,-355.72,-292.46,-55.998
-37.573,-54.669,-6.0675,48.313,-8.9332,-29.539,-6.6402,-154.39,-239.95,-355.15,-290.63,-54.777
-35.466,-53.962,-6.6466,47.107,-8.3235,-29.473,-6.1779,-152.75,-241.34,-353.37,-286.69,-51.714
-32.878,-53.676,-7.9112,45.935,-6.9868,-29.761,-5.8123,-151.19,-242.67,-350.7,-280.57,-47.208
-29.53,-53.378,-9.6688,44.354,-4.868,-30.019,-5.6311,-149.83,-244.08,-347.94,-273.14,-42.114
-25.147,-52.532,-11.647,42.029,-2.0286,-29.832,-5.6045,-148.62,-245.58,-345.86,-265.31,-37.423
-19.848,-50.663,-13.56,38.853,1.2913,-28.905,-5.5986,-147.45,-246.95,-344.47,-257.42,-33.953
-14.089,-47.519,-15.182,34.941,4.6964,-27.191,-5.4158,-146.21,-247.67,-342.88,-249.29,-32.042
-8.3454,-43.23,-16.383,30.582,7.7456,-24.934,-4.8593,-144.69,-247.23,-339.85,-240.61,-31.371
-3.2619,-38.384,-17.11,26.219,10.042,-22.575,-3.812,-142.67,-245.29,-334.54,-231.28,-31.099
0.32574,-33.855,-17.346,22.358,11.292,-20.541,-2.2777,-139.91,-241.74,-326.83,-221.51,-30.219
1.9984,-30.37,-17.097,19.408,11.379,-19.051,-0.36304,-136.17,-236.52,-317.02,-211.68,-27.964
1.9686,-28.079,-16.411,17.462,10.426,-18.056,1.759,-131.31,-229.48,-305.42,-202,-24.079
0.85998,-26.467,-15.377,16.16,8.7962,-17.291,3.8758,-125.62,-221,-292.65,-192.43,-18.855
-0.52154,-24.717,-14.109,14.912,6.9735,-16.395,5.7644,-119.78,-212.48,-279.73,-182.81,-12.985
-1.4699,-22.23,-12.706,13.329,5.3933,-15.061,7.2355,-114.3,-204.91,-267.53,-172.99,-7.3836
-1.6199,-18.9,-11.248,11.319,4.3194,-13.174,8.193,-109.25,-198.16,-256.3,-162.81,-2.92
-1.0091,-15.063,-9.8099,8.9894,3.8133,-10.877,8.6839,-104.4,-191.51,-245.72,-152.21,-0.13285
0.032077,-11.357,-8.4863,6.6677,3.7804,-8.5189,8.8716,-99.418,-184.12,-235.05,-141.28,0.97944
1.0778,-8.4978,-7.3887,4.8405,4.0375,-6.5119,8.9275,-93.998,-175.31,-223.52,-130.33,0.98403
1.7803,-6.952,-6.6009,3.8873,4.3726,-5.1612,8.9321,-88.064,-164.78,-210.77,-119.77,0.80282
1.9729,-6.7582,-6.1211,3.8897,4.6078,-4.5635,8.8452,-81.762,-152.97,-197.12,-109.77,1.3542
1.7032,-7.5401,-5.8232,4.5963,4.6318,-4.5735,8.5538,-75.342,-141.11,-183.44,-100.19,3.1961
1.1936,-8.5905,-5.4536,5.4851,4.385,-4.8085,7.9596,-69.11,-130.55,-170.83,-90.807,6.2968
0.7318,-9.0931,-4.7015,5.9556,3.8398,-4.7473,7.0377,-63.356,-121.87,-159.8,-81.54,10.038
0.52798,-8.4485,-3.3323,5.5911,3.0006,-3.9406,5.8515,-58.194,-114.7,-150.07,-72.414,13.457
0.61208,-6.4814,-1.3081,4.3224,1.9128,-2.2045,4.5444,-53.488,-108.22,-141.06,-63.546,15.595
0.82832,-3.5106,1.1572,2.4554,0.67507,0.28604,3.3076,-48.908,-101.47,-132.27,-55.141,15.84
0.92814,-0.33095,3.6191,0.58592,-0.5584,2.9923,2.3197,-44.1,-93.79,-123.37,-47.463,14.165
0.70974,2.0744,5.515,-0.65423,-1.5961,5.165,1.6756,-38.95,-85.082,-114.27,-40.713,11.144
0.1371,3.0187,6.3491,-0.89449,-2.245,6.1696,1.3465,-33.631,-76.212,-105.1,-34.844,7.7265
-0.62076,2.3589,5.8901,-0.14506,-2.3606,5.7607,1.1924,-28.426,-68.49,-96.266,-29.615,4.8895
-1.2486,0.48932,4.3043,1.2363,-1.8963,4.1814,1.0266,-23.658,-62.494,-88.311,-24.99,3.3058
-1.4044,-1.7538,2.1469,2.6529,-0.92178,2.1237,0.70402,-19.678,-57.87,-81.66,-21.186,3.1344
-0.83966,-3.3771,0.15777,3.479,0.40276,0.48912,0.18827,-16.602,-53.966,-76.354,-18.295,3.9989
0.51211,-3.639,-1.0425,3.3067,1.8722,0.011513,-0.43909,-14.248,-50.235,-72.064,-16.182,5.1549
2.497,-2.3028,-1.1666,2.0855,3.2802,0.99825,-1.0278,-12.323,-46.291,-68.294,-14.634,5.7696
4.7762,0.30054,-0.31722,0.12192,4.4662,3.2343,-1.4367,-10.572,-41.913,-64.606,-13.454,5.2236
6.9166,3.3368,1.0829,-2.0152,5.3507,5.9927,-1.6005,-8.8437,-37.019,-60.783,-12.504,3.3445
8.4835,5.7575,2.4607,-3.6772,5.9182,8.2976,-1.5611,-7.1087,-31.752,-56.912,-11.703,0.46022
9.1256,6.7341,3.2883,-4.3508,6.1613,9.3722,-1.4494,-5.433,-26.735,-53.294,-11.031,-2.7465
8.6545,5.9407,3.2783,-3.8163,6.0346,8.913,-1.4259,-3.9295,-22.713,-50.203,-10.508,-5.4976
7.0895,3.6589,2.5826,-2.2243,5.435,7.1747,-1.6055,-2.7051,-19.87,-47.723,-10.166,-7.1916
4.6564,0.76781,1.8204,-0.074128,4.2261,4.9517,-2.0076,-1.8206,-17.954,-45.796,-10.014,-7.6072
1.7331,-1.5716,1.7893,1.9588,2.3193,3.2946,-2.5518,-1.2731,-16.624,-44.308,-10.026,-6.9771
-1.2511,-2.4453,3.0495,3.2889,-0.2419,3.0153,-3.0964,-0.9987,-15.57,-43.105,-10.143,-5.9055
-3.9167,-1.4768,5.6827,3.6198,-3.2385,4.3979,-3.4974,-0.89537,-14.544,-41.994,-10.285,-5.1485
-5.9931,1.0926,9.2692,3.0235,-6.2851,7.1584,-3.6635,-0.85406,-13.403,-40.764,-10.381,-5.3253
-7.3417,4.3732,12.972,1.9118,-8.9015,10.453,-3.5845,-0.79085,-12.122,-39.24,-10.395,-6.6766
-7.9615,7.1345,15.806,0.86132,-10.632,13.159,-3.3279,-0.66815,-10.765,-37.336,-10.333,-8.981
-7.9673,8.4258,17.034,0.35165,-11.182,14.43,-3.0098,-0.49863,-9.448,-35.077,-10.242,-11.653
-7.534,7.916,16.432,0.5884,-10.51,14.004,-2.7553,-0.33224,-8.2879,-32.606,-10.184,-13.957
-6.8187,5.9258,14.345,1.444,-8.8452,12.217,-2.6596,-0.23165,-7.3718,-30.122,-10.206,-15.271
-5.8974,3.3864,11.571,2.4729,-6.6409,9.897,-2.7614,-0.24395,-6.7277,-27.795,-10.325,-15.325
-4.7716,1.5165,9.1033,3.0652,-4.4698,8.0622,-3.0344,-0.37807,-6.3153,-25.686,-10.529,-14.314
-3.4443,1.2465,7.8494,2.7388,-2.8803,7.5095,-3.3994,-0.59495,-6.0375,-23.737,-10.785,-12.829
-2.0177,2.9005,8.3249,1.3603,-2.2272,8.5648,-3.7504,-0.81291,-5.7709,-21.825,-11.054,-11.598
-0.75472,6.136,10.411,-0.79112,-2.5696,10.987,-3.9846,-0.9292,-5.4084,-19.838,-11.303,-11.186
-0.014619,9.9234,13.38,-3.0696,-3.6973,13.97,-4.0319,-0.85429,-4.896,-17.741,-11.506,-11.734
-0.07789,12.905,16.248,-4.6995,-5.2429,16.461,-3.8694,-0.54408,-4.2438,-15.594,-11.653,-12.895
-0.97823,14.116,18.207,-5.1467,-6.7956,17.662,-3.5185,-0.012949,-3.5108,-13.505,-11.739,-13.985
-2.4277,13.354,18.842,-4.3474,-7.9875,17.309,-3.0392,0.67612,-2.773,-11.573,-11.757,-14.272
-3.8853,11.152,18.165,-2.7291,-8.5542,15.706,-2.5372,1.435,-2.0884,-9.8534,-11.702,-13.276
-4.7382,8.5979,16.558,-1.0805,-8.3549,13.619,-2.1524,2.1802,-1.4736,-8.3484,-11.573,-10.971
-4.5116,6.8841,14.601,-0.23815,-7.3837,11.932,-2.0036,2.8631,-0.89901,-7.0125,-11.374,-7.8062
-3.0523,6.7946,12.863,-0.72289,-5.7996,11.277,-2.1159,3.4935,-0.29382,-5.7676,-11.106,-4.5433
-0.6099,8.4865,11.756,-2.5391,-3.9118,11.873,-2.386,4.1421,0.45137,-4.5297,-10.76,-1.9696
2.2477,11.444,11.463,-5.1665,-2.0858,13.494,-2.6073,4.9201,1.4675,-3.2295,-10.313,-0.58906
4.837,14.608,11.882,-7.7701,-0.63989,15.501,-2.5486,5.9385,2.8707,-1.8163,-9.7435,-0.40815
6.5727,16.868,12.635,-9.5763,0.21437,17.087,-2.0544,7.2684,4.7331,-0.25383,-9.0322,-0.94063
7.1319,17.556,13.209,-10.165,0.39034,17.642,-1.1184,8.9183,7.0819,1.472,-8.1744,-1.4381
6.5271,16.593,13.239,-9.5639,-0.09044,16.956,0.10481,10.836,9.9067,3.338,-7.182,-1.2199
5.054,14.471,12.778,-8.1851,-1.1476,15.298,1.3509,12.926,13.136,5.2854,-6.0812,0.046388
3.1364,12.125,12.323,-6.6478,-2.6627,13.402,2.3407,15.077,16.603,7.2423,-4.906,2.2164
1.1571,10.544,12.46,-5.5341,-4.4426,12.152,2.8876,17.187,20.089,9.1584,-3.6897,4.7357
-0.59522,10.344,13.464,-5.1949,-6.2676,12.119,2.9719,19.194,23.465,11.048,-2.4538,6.8625
-1.875,11.602,15.223,-5.6517,-7.9227,13.378,2.7471,21.117,26.801,13.039,-1.1937,7.9501
-2.4527,13.868,17.329,-6.6312,-9.1103,15.553,2.475,23.053,30.321,15.42,0.13211,7.6951
-2.1436,16.291,19.128,-7.7396,-9.4533,17.889,2.4181,25.13,34.224,18.658,1.5992,6.2756
-0.87377,17.975,19.816,-8.6528,-8.6019,19.456,2.7342,27.411,38.49,23.269,3.2938,4.3085
1.2876,18.346,18.695,-9.214,-6.3904,19.553,3.4202,29.831,42.899,29.258,5.2778,2.627
4.1605,17.298,15.561,-9.4507,-2.9656,17.969,4.3251,32.227,47.266,35.529,7.5607,1.9762
7.4058,15.239,10.975,-9.5222,1.1326,15.093,5.2252,34.415,51.51,40.78,10.099,2.7476
10.456,12.999,6.1895,-9.6096,5.0059,11.886,5.9322,36.275,55.507,44.747,12.823,4.8471
12.63,11.481,2.7462,-9.8105,7.67,9.5687,6.3862,37.78,59.119,47.872,15.674,7.7386
13.388,11.266,1.7585,-10.105,8.4467,9.0154,6.6853,38.993,62.401,50.65,18.619,10.631
12.531,12.435,3.4545,-10.381,7.1497,10.406,7.0326,40.032,65.592,53.422,21.64,12.74
10.262,14.55,7.2087,-10.488,4.1369,13.23,7.6264,41.027,68.938,56.369,24.723,13.564
7.1335,16.771,11.763,-10.297,0.25349,16.426,8.5532,42.077,72.527,59.528,27.859,13.094
3.8849,18.19,15.645,-9.7561,-3.443,18.802,9.7448,43.226,76.234,62.819,31.049,11.821
1.2288,18.23,17.695,-8.9293,-6.0448,19.515,11.014,44.468,79.806,66.091,34.283,10.57
-0.35328,16.838,17.43,-7.9896,-7.1278,18.315,12.148,45.763,83.005,69.197,37.526,10.228
-0.69517,14.519,15.23,-7.1815,-6.761,15.675,12.989,47.051,85.709,72.055,40.71,11.409
0.068093,12.2,12.188,-6.7518,-5.2875,12.702,13.468,48.268,87.922,74.649,43.753,14.162
1.5372,10.823,9.5262,-6.8725,-3.3116,10.591,13.596,49.353,89.708,76.975,46.562,17.908
3.1875,10.918,8.0669,-7.5617,-1.5458,10.04,13.432,50.273,91.129,78.994,49.062,21.64
4.6098,12.415,8.1004,-8.6577,-0.42265,11.129,13.058,51.034,92.206,80.639,51.215,24.285
5.6234,14.714,9.3727,-9.8596,0.024297,13.347,12.545,51.683,92.915,81.871,53.019,25.093
6.2238,16.902,11.121,-10.825,0.011591,15.712,11.935,52.282,93.233,82.713,54.487,23.981
6.5086,18.151,12.382,-11.289,-0.13452,17.229,11.242,52.871,93.2,83.261,55.639,21.622
6.6226,18.018,12.46,-11.149,-0.11616,17.321,10.46,53.461,92.927,83.634,56.517,19.183
6.6961,16.549,11.208,-10.502,0.1966,15.938,9.5749,54.036,92.522,83.915,57.174,17.836
6.7964,14.293,9.0726,-9.6135,0.71882,13.574,8.5689,54.548,92.013,84.122,57.655,18.299
6.9182,12.111,6.8926,-8.8259,1.2233,11.151,7.4373,54.921,91.341,84.209,57.974,20.533
7.0067,10.788,5.4653,-8.4287,1.4665,9.5621,6.2056,55.076,90.392,84.106,58.117,23.778
6.9997,10.709,5.1831,-8.5722,1.2962,9.2314,4.9306,54.951,89.041,83.748,58.073,26.877
6.87,11.808,5.9547,-9.2431,0.73047,10.066,3.6859,54.532,87.199,83.112,57.845,28.701
6.6441,13.644,7.2976,-10.266,-0.031335,11.596,2.5396,53.881,84.879,82.226,57.465,28.601
6.3899,15.532,8.5079,-11.345,-0.68811,13.129,1.5397,53.121,82.253,81.161,56.996,26.713
6.1869,16.751,8.9298,-12.128,-0.95146,13.967,0.70397,52.404,79.571,80.011,56.51,23.863
6.1037,16.782,8.1977,-12.308,-0.63525,13.634,0.012505,51.834,76.984,78.857,56.069,21.202
6.1951,15.444,6.3345,-11.722,0.30473,12.029,-0.59687,51.411,74.437,77.733,55.685,19.77
6.5081,13.008,3.7044,-10.46,1.7775,9.4865,-1.223,51.008,71.741,76.602,55.323,20.084
7.0853,10.21,0.88378,-8.9142,3.5825,6.7201,-1.9706,50.428,68.695,75.372,54.901,21.915
7.964,8.0097,-1.5144,-7.6831,5.4462,4.5501,-2.9027,49.488,65.201,73.948,54.335,24.41
9.1444,7.1616,-3.0256,-7.2917,7.0849,3.5622,-4.0071,48.094,61.335,72.298,53.569,26.468
10.528,7.9327,-3.455,-7.9592,8.2701,3.948,-5.1997,46.288,57.337,70.48,52.602,27.172
11.879,10.064,-2.9159,-9.5085,8.8672,5.4582,-6.3659,44.226,53.509,68.616,51.476,26.104
12.858,12.768,-1.7721,-11.387,8.8431,7.4458,-7.4158,42.105,50.064,66.828,50.256,23.493
13.102,14.948,-0.51081,-12.824,8.2456,9.0689,-8.3237,40.079,47.058,65.195,49,20.072
12.341,15.659,0.43486,-13.133,7.169,9.6298,-9.1339,38.189,44.407,63.74,47.731,16.801
10.538,14.458,0.85366,-11.992,5.7336,8.8376,-9.9339,36.328,41.942,62.442,46.431,14.526
7.9836,11.589,0.84448,-9.5781,4.0871,6.9369,-10.816,34.285,39.467,61.243,45.043,13.7
5.2288,8.042,0.74824,-6.6064,2.4095,4.6962,-11.839,31.831,36.812,60.059,43.496,14.209
2.9414,5.2085,0.95214,-4.1321,0.90233,3.0683,-13.006,28.838,33.86,58.792,41.729,15.43
1.6948,4.1069,1.6902,-3.0185,-0.23907,2.6979,-14.259,25.369,30.578,57.345,39.729,16.473
1.7401,4.9926,2.9461,-3.5463,-0.87108,3.7048,-15.489,21.714,27.082,55.643,37.552,16.51
2.9032,7.4291,4.4633,-5.3846,-0.94981,5.7223,-16.56,18.267,23.654,53.672,35.338,15.102
4.6465,10.417,5.8403,-7.7274,-0.55345,7.9985,-17.357,15.318,20.611,51.506,33.268,12.394
6.255,12.705,6.68,-9.5627,0.13748,9.6563,-17.816,12.955,18.095,49.302,31.48,9.0344
7.0923,13.325,6.7258,-10.083,0.8946,10.063,-17.951,11.117,16.04,47.207,30.012,5.897
6.8115,11.943,5.9358,-8.9829,1.5028,9.0479,-17.852,9.6733,14.255,45.272,28.779,3.7508
5.4541,8.9597,4.5126,-6.5624,1.7981,6.9293,-17.64,8.4867,12.548,43.437,27.612,2.981
3.423,5.4285,2.8924,-3.6319,1.6855,4.4325,-17.415,7.4417,10.79,41.568,26.322,3.4468
1.3024,2.6265,1.6274,-1.1664,1.1511,2.4273,-17.204,6.4579,8.9493,39.519,24.786,4.5332
-0.39281,1.4592,1.1656,0.11708,0.26129,1.5627,-16.946,5.5004,7.0807,37.177,22.995,5.3853
-1.3967,2.1807,1.6532,-0.040041,-0.85588,2.0328,-16.542,4.5856,5.2854,34.485,21.058,5.2525
-1.7261,4.3837,2.8894,-1.3952,-2.0349,3.55,-15.911,3.7741,3.6679,31.47,19.14,3.7903
-1.5849,7.099,4.4179,-3.2756,-3.0939,5.4485,-15.028,3.145,2.3018,28.258,17.408,1.2297
-1.2119,9.1939,5.6995,-4.8789,-3.8486,6.9454,-13.924,2.7577,1.2123,25.066,15.964,-1.7098
-0.76481,9.878,6.2904,-5.6474,-4.1275,7.456,-12.676,2.6159,0.36967,22.147,14.817,-4.1103
-0.2495,8.9312,5.9547,-5.4386,-3.8,6.7748,-11.387,2.6544,-0.30929,19.675,13.888,-5.2167
0.48186,6.7451,4.7133,-4.5437,-2.8138,5.133,-10.168,2.7532,-0.94088,17.672,13.049,-4.7325
1.6381,4.244,2.8411,-3.586,-1.2292,3.1154,-9.1089,2.7741,-1.6406,16.037,12.174,-2.94
3.3372,2.4383,0.78773,-3.2022,0.76846,1.4103,-8.2583,2.6088,-2.4803,14.637,11.185,-0.60404
5.4843,1.923,-0.97939,-3.7004,2.896,0.5097,-7.6077,2.2208,-3.457,13.378,10.079,1.3325
7.7497,2.7404,-2.1381,-4.9708,4.836,0.57587,-7.1015,1.6629,-4.4888,12.241,8.9193,2.1251
9.6746,4.4649,-2.6065,-6.5664,6.3123,1.436,-6.6636,1.0559,-5.4449,11.265,7.7951,1.5566
10.847,6.3269,-2.5518,-7.8776,7.1586,2.6204,-6.2308,0.53526,-6.1984,10.509,6.7695,0.022464
11.038,7.4934,-2.3109,-8.3793,7.3593,3.5148,-5.7766,0.1922,-6.6793,9.9961,5.8447,-1.6771
10.255,7.4137,-2.2453,-7.8367,7.0337,3.6119,-5.311,0.041305,-6.9005,9.6818,4.9696,-2.6783
8.7222,6.0098,-2.5886,-6.3717,6.3678,2.7157,-4.8635,0.022524,-6.9542,9.4618,4.0719,-2.3679
6.797,3.6848,-3.3375,-4.402,5.5264,1.0183,-4.4668,0.032132,-6.9808,9.2161,3.1041,-0.60033
4.8533,1.1861,-4.2285,-2.4786,4.5933,-0.95142,-4.1482,-0.035239,-7.1143,8.8527,2.0668,2.2441
3.1678,-0.69291,-4.8412,-1.0924,3.5715,-2.5357,-3.9249,-0.24328,-7.4227,8.3336,1.0052,5.3855
1.8666,-1.4387,-4.8006,-0.51099,2.4316,-3.2391,-3.7978,-0.58417,-7.8773,7.6783,-0.0087729,7.9118
0.93549,-0.97793,-3.9568,-0.70538,1.1738,-2.9079,-3.7463,-0.97579,-8.3558,6.9553,-0.8977,9.1
0.27102,0.34017,-2.4528,-1.3678,-0.12749,-1.7413,-3.7275,-1.2887,-8.6875,6.2633,-1.602,8.6994
-0.25099,1.8522,-0.68812,-2.0269,-1.3179,-0.22889,-3.6845,-1.3944,-8.727,5.7034,-2.0906,7.0907
-0.70667,2.8224,0.81007,-2.2399,-2.1978,1.0065,-3.5645,-1.2161,-8.4193,5.343,-2.3786,5.1415
-1.0852,2.7312,1.5722,-1.7721,-2.5792,1.4481,-3.3431,-0.76003,-7.8218,5.186,-2.524,3.8464
-1.2919,1.4632,1.3547,-0.68002,-2.3452,0.88281,-3.0419,-0.11294,-7.0771,5.1671,-2.6128,3.9353
-1.1961,-0.63139,0.22598,0.69407,-1.5018,-0.52088,-2.7248,0.58931,-6.3565,5.1757,-2.7317,5.6067
-0.70815,-2.835,-1.4463,1.8467,-0.21091,-2.2768,-2.4716,1.2073,-5.8013,5.1009,-2.9416,8.472
0.14738,-4.3954,-3.1129,2.3482,1.2177,-3.7739,-2.3432,1.6392,-5.4756,4.8774,-3.2635,11.714
1.2037,-4.8449,-4.2479,2.016,2.3928,-4.5417,-2.358,1.8495,-5.348,4.5092,-3.6735,14.378
2.1755,-4.1274,-4.5474,0.95841,2.962,-4.4123,-2.4848,1.8755,-5.3075,4.0609,-4.1146,15.685
2.7284,-2.5837,-4.0106,-0.43893,2.7414,-3.5419,-2.6536,1.8104,-5.2115,3.6274,-4.5118,15.348
2.5691,-0.86627,-2.8912,-1.6124,1.7803,-2.336,-2.7776,1.763,-4.9468,3.3001,-4.7913,13.703
1.5685,0.28435,-1.5919,-2.0336,0.34062,-1.2985,-2.7836,1.8124,-4.4733,3.1325,-4.9017,11.575
-0.10447,0.33183,-0.55596,-1.43,-1.1717,-0.85742,-2.6429,1.9765,-3.8327,3.1204,-4.8339,9.9642
-1.9799,-0.85085,-0.16539,0.098814,-2.3016,-1.2294,-2.3952,2.2043,-3.1299,3.1993,-4.6336,9.6926
-3.429,-2.9214,-0.65154,2.0689,-2.644,-2.3574,-2.1442,2.3937,-2.495,3.2627,-4.3937,11.094
-3.8564,-5.1614,-2.0314,3.7509,-1.9319,-3.9229,-2.0086,2.4292,-2.0324,3.2023,-4.2256,13.87
-2.9079,-6.7676,-4.0821,4.4891,-0.14002,-5.4544,-2.0492,2.2298,-1.7754,2.9555,-4.2191,17.222
-0.649,-7.196,-6.3796,3.9878,2.4577,-6.5036,-2.2201,1.7891,-1.6685,2.533,-4.4101,20.167
2.4173,-6.3436,-8.4238,2.3971,5.3464,-6.8052,-2.3779,1.1852,-1.5844,2.0142,-4.7708,21.866
5.4874,-4.5794,-9.8,0.26467,7.8906,-6.3644,-2.3397,0.55139,-1.3797,1.511,-5.2286,21.889
7.6898,-2.6458,-10.289,-1.6302,9.4833,-5.4628,-1.9562,0.021712,-0.95871,1.1243,-5.7041,20.367
8.3634,-1.3612,-9.9009,-2.5818,9.7188,-4.552,-1.1621,-0.32283,-0.30914,0.90869,-6.1465,17.96
7.275,-1.2604,-8.8422,-2.2378,8.5184,-4.0524,0.013335,-0.47959,0.5031,0.85825,-6.5496,15.629
4.6863,-2.4043,-7.4126,-0.70025,6.1332,-4.1678,1.4714,-0.51558,1.3661,0.91365,-6.9443,14.289
1.2617,-4.3598,-5.8796,1.5168,3.0424,-4.8036,3.0857,-0.53647,2.1614,0.98365,-7.3773,14.47
-2.1486,-6.3456,-4.4149,3.6624,-0.18501,-5.6091,4.7423,-0.64963,2.7987,0.9741,-7.8868,16.098
-4.7806,-7.5736,-3.1085,5.0397,-3.0125,-6.1469,6.3641,-0.93153,3.2384,0.81767,-8.4817,18.522
-6.1748,-7.578,-2.0029,5.2553,-5.019,-6.0997,7.9215,-1.4051,3.4985,0.49648,-9.1311,20.753
-6.219,-6.3455,-1.1352,4.323,-5.9366,-5.3924,9.429,-2.0338,3.6445,0.048896,-9.7717,21.831
-5.0728,-4.3167,-0.60794,2.646,-5.6721,-4.2294,10.931,-2.7405,3.7601,-0.44533,-10.332,21.186
-3.1185,-2.2698,-0.62463,0.85263,-4.3289,-3.0687,12.471,-3.4456,3.9079,-0.89712,-10.766,18.869
-0.856,-1.0115,-1.4202,-0.48353,-2.1762,-2.4747,14.058,-4.105,4.1001,-1.2428,-11.082,15.485
1.3161,-1.0325,-3.1106,-1.0513,0.45522,-2.8636,15.627,-4.7255,4.2941,-1.4678,-11.331,11.952
3.1831,-2.3349,-5.5283,-0.84589,3.2023,-4.2852,17.06,-5.3512,4.4108,-1.6127,-11.589,9.1797
4.6149,-4.4225,-8.1936,-0.11844,5.6383,-6.3475,18.25,-6.0322,4.3675,-1.7579,-11.91,7.7517
5.5071,-6.4733,-10.487,0.73472,7.3721,-8.3372,19.146,-6.8004,4.1137,-1.9901,-12.305,7.7021
5.8092,-7.7041,-11.851,1.3362,8.1482,-9.5398,19.761,-7.6653,3.6546,-2.3632,-12.747,8.4985
5.5637,-7.6823,-11.943,1.4624,7.9016,-9.5463,20.145,-8.6193,3.0505,-2.8743,-13.177,9.2509
4.9241,-6.4282,-10.802,1.0898,6.8201,-8.3756,20.361,-9.6366,2.3958,-3.4631,-13.533,9.0511
4.1189,-4.4145,-8.9299,0.38146,5.3317,-6.4855,20.455,-10.67,1.7891,-4.0352,-13.768,7.3383
3.381,-2.4467,-7.1383,-0.36564,3.9662,-4.6586,20.45,-11.659,1.3078,-4.4969,-13.869,4.1596
2.8846,-1.3332,-6.2156,-0.83031,3.1639,-3.6829,20.347,-12.54,0.99392,-4.7892,-13.853,0.1643
2.7016,-1.5372,-6.5998,-0.79433,3.1284,-4.0079,20.129,-13.26,0.85072,-4.9081,-13.753,-3.6709
2.7855,-3.0289,-8.183,-0.22005,3.7731,-5.5742,19.772,-13.791,0.84755,-4.9017,-13.589,-6.43
2.9946,-5.2944,-10.323,0.7411,4.7629,-7.809,19.248,-14.133,0.9292,-4.8465,-13.374,-7.597
3.1506,-7.4975,-12.117,1.7958,5.6405,-9.8335,18.531,-14.325,1.032,-4.8145,-13.117,-7.2388
3.1112,-8.8327,-12.8,2.6065,6.0064,-10.864,17.608,-14.431,1.1058,-4.8446,-12.835,-5.9738
2.8264,-8.851,-12.03,2.9143,5.6699,-10.508,16.483,-14.524,1.1334,-4.9311,-12.56,-4.7306
2.3538,-7.5696,-9.9577,2.6338,4.6987,-8.8363,15.179,-14.658,1.1375,-5.032,-12.324,-4.3798
1.8216,-5.4518,-7.1815,1.8917,3.3667,-6.3821,13.738,-14.84,1.1693,-5.0922,-12.15,-5.3703
1.3532,-3.2935,-4.5474,1.0053,2.0541,-4.0107,12.211,-15.025,1.2859,-5.0677,-12.035,-7.5401
0.99384,-1.9327,-2.8347,0.38803,1.121,-2.5588,10.641,-15.129,1.5259,-4.943,-11.942,-10.207
0.68788,-1.907,-2.4534,0.39229,0.76727,-2.4766,9.0525,-15.069,1.89,-4.7368,-11.813,-12.476
0.31808,-3.2626,-3.3145,1.1579,0.9556,-3.6967,7.4473,-14.807,2.3316,-4.4989,-11.593,-13.606
-0.22054,-5.5299,-4.8937,2.5332,1.4395,-5.6883,5.8142,-14.391,2.7632,-4.2976,-11.261,-13.304
-0.9599,-7.8915,-6.452,4.1152,1.8626,-7.679,4.1474,-13.948,3.083,-4.1983,-10.854,-11.855
-1.8444,-9.5396,-7.3296,5.4189,1.893,-8.9818,2.4636,-13.636,3.217,-4.2399,-10.449,-10.02
-2.765,-9.9912,-7.1693,6.0888,1.3524,-9.2113,0.80662,-13.58,3.1552,-4.4213,-10.133,-8.7391
-3.6136,-9.2009,-5.9862,6.0342,0.28434,-8.3351,-0.76167,-13.825,2.9604,-4.7029,-9.9646,-8.7537
-4.3168,-7.5451,-4.12,5.4464,-1.0643,-6.6639,-2.1764,-14.319,2.742,-5.0202,-9.9518,-10.291
-4.8308,-5.698,-2.1477,4.701,-2.3353,-4.785,-3.3826,-14.933,2.6072,-5.3016,-10.047,-12.975
-5.113,-4.3677,-0.72297,4.1759,-3.1735,-3.3722,-4.3469,-15.511,2.6153,-5.4901,-10.173,-16.001
-5.1092,-4.0227,-0.35383,4.0847,-3.3165,-2.9364,-5.0693,-15.931,2.7526,-5.5664,-10.265,-18.479
-4.7782,-4.7594,-1.2383,4.417,-2.6736,-3.6563,-5.5888,-16.149,2.9391,-5.5635,-10.298,-19.758
-4.1434,-6.2984,-3.1782,4.9917,-1.3924,-5.3169,-5.9714,-16.216,3.0631,-5.5561,-10.304,-19.65
-3.328,-8.0848,-5.5862,5.5665,0.15414,-7.3612,-6.28,-16.248,3.0345,-5.6245,-10.349,-18.485
-2.5347,-9.4978,-7.6924,5.9341,1.5164,-9.0931,-6.537,-16.369,2.8293,-5.8148,-10.497,-16.976
-1.9649,-10.074,-8.8603,5.9809,2.3668,-9.9389,-6.7057,-16.642,2.5047,-6.1156,-10.772,-15.938
-1.7157,-9.6297,-8.7845,5.7025,2.6025,-9.6107,-6.7032,-17.03,2.174,-6.4618,-11.149,-15.968
-1.723,-8.2903,-7.5761,5.173,2.3281,-8.1852,-6.4421,-17.409,1.9575,-6.7594,-11.556,-17.21
-1.7866,-6.4634,-5.7651,4.497,1.8039,-6.1373,-5.8784,-17.615,1.9355,-6.9207,-11.906,-19.302
-1.6594,-4.7301,-4.108,3.7808,1.3853,-4.2123,-5.0379,-17.511,2.1198,-6.8966,-12.125,-21.532
-1.1728,-3.6366,-3.2768,3.1291,1.3969,-3.1072,-4.0091,-17.051,2.4529,-6.6958,-12.178,-23.12
-0.33908,-3.4956,-3.5969,2.6458,1.9537,-3.1799,-2.908,-16.3,2.8307,-6.3822,-12.078,-23.488
0.62269,-4.2798,-4.8925,2.4207,2.8602,-4.3208,-1.8379,-15.394,3.1444,-6.0514,-11.881,-22.452
1.3581,-5.6095,-6.5033,2.4943,3.6978,-5.9657,-0.85768,-14.489,3.3272,-5.793,-11.657,-20.28
1.5238,-6.8667,-7.5587,2.8167,4.0227,-7.3042,0.037031,-13.687,3.3841,-5.6548,-11.46,-17.613
0.94357,-7.4287,-7.3795,3.2312,3.5455,-7.6393,0.91427,-13,3.3904,-5.6239,-11.3,-15.263
-0.2974,-6.8966,-5.7465,3.5152,2.2478,-6.6398,1.8823,-12.351,3.4564,-5.6367,-11.144,-13.925
-1.8648,-5.2374,-2.9888,3.4715,0.40575,-4.4364,3.0466,-11.625,3.6746,-5.6134,-10.933,-13.921
-3.2978,-2.8651,0.091362,3.0332,-1.492,-1.6617,4.4636,-10.742,4.0743,-5.498,-10.617,-15.066
-4.1987,-0.56886,2.51,2.3269,-2.8996,0.7245,6.1109,-9.6985,4.6055,-5.2815,-10.188,-16.739
-4.4022,0.81929,3.5348,1.6412,-3.4283,1.9045,7.8907,-8.5723,5.1583,-5.0012,-9.6828,-18.125
-4.0233,0.80798,2.988,1.2996,-3.0398,1.5693,9.6666,-7.4773,5.6068,-4.7219,-9.1649,-18.524
-3.3649,-0.54798,1.3086,1.4837,-2.0542,0.010122,11.31,-6.521,5.8552,-4.5118,-8.6984,-17.605
-2.7526,-2.608,-0.60347,2.1034,-0.98046,-1.957,12.723,-5.7819,5.8669,-4.4213,-8.3283,-15.538
-2.3869,-4.3661,-1.796,2.8021,-0.31087,-3.3436,13.833,-5.3021,5.6656,-4.4729,-8.0757,-12.944
-2.2725,-4.9483,-1.7034,3.1171,-0.32043,-3.4774,14.59,-5.0874,5.312,-4.6621,-7.9426,-10.692
-2.2529,-4.0028,-0.33298,2.7263,-0.95219,-2.2228,14.969,-5.1075,4.8742,-4.9625,-7.9173,-9.5821
-2.1324,-1.7963,1.7853,1.6249,-1.8731,0.023731,14.978,-5.2957,4.4071,-5.3299,-7.9766,-10.019
-1.806,0.85023,3.8077,0.15634,-2.6514,2.428,14.656,-5.5542,3.9443,-5.7051,-8.0858,-11.829
-1.3169,2.8577,4.9376,-1.1142,-2.9345,4.044,14.066,-5.7726,3.4971,-6.0275,-8.2049,-14.322
-0.81494,3.3947,4.7575,-1.6433,-2.5545,4.2602,13.282,-5.8589,3.0543,-6.2552,-8.3001,-16.566
-0.46608,2.2222,3.3182,-1.1671,-1.5566,3.0159,12.36,-5.77,2.5828,-6.3852,-8.3571,-17.736
-0.36438,-0.23619,1.0596,0.18267,-0.15922,0.7836,11.315,-5.5292,2.0374,-6.4578,-8.3859,-17.417
-0.48426,-3.0332,-1.3481,1.9105,1.3238,-1.6124,10.122,-5.2126,1.3812,-6.5359,-8.4132,-15.751
-0.69785,-5.1101,-3.2315,3.3633,2.5751,-3.3429,8.7509,-4.9047,0.60854,-6.6685,-8.4644,-13.382
-0.8597,-5.7653,-4.1308,4.0346,3.3485,-3.8826,7.2094,-4.6481,-0.24157,-6.8634,-8.549,-11.211
-0.91575,-4.8526,-3.906,3.7639,3.5073,-3.1285,5.5729,-4.4201,-1.0935,-7.0798,-8.6503,-10.055
-0.96731,-2.7959,-2.7291,2.78,3.0373,-1.4111,3.9692,-4.1387,-1.8586,-7.2425,-8.7284,-10.324
-1.2359,-0.47892,-1.0056,1.6263,2.0331,0.59579,2.5321,-3.6906,-2.467,-7.2716,-8.7384,-11.855
-1.9484,1.127,0.76424,0.92842,0.65441,2.1483,1.3582,-2.9757,-2.8922,-7.1145,-8.6491,-13.993
-3.2122,1.4022,2.1603,1.1017,-0.92127,2.7434,0.48483,-1.9538,-3.1593,-6.7679,-8.4543,-15.86
-4.9396,0.26288,2.9873,2.1986,-2.5358,2.2701,-0.1151,-0.67015,-3.3372,-6.279,-8.1737,-16.682
-6.8605,-1.8423,3.3304,3.9029,-4.0662,1.0318,-0.52489,0.75213,-3.5145,-5.7278,-7.8449,-16.048
-8.6125,-4.0639,3.4971,5.6387,-5.4252,-0.34544,-0.86082,2.1452,-3.7685,-5.1995,-7.5104,-14.05
-9.8654,-5.514,3.858,6.8065,-6.5591,-1.1836,-1.2349,3.3497,-4.1361,-4.7572,-7.2033,-11.254
-10.426,-5.6467,4.6682,7.0268,-7.4454,-1.0509,-1.7147,4.268,-4.5976,-4.423,-6.9347,-8.4973
-10.284,-4.3874,5.9541,6.2542,-8.075,0.12387,-2.296,4.8926,-5.0827,-4.1739,-6.6886,-6.5985
-9.5985,-2.1124,7.4911,4.7697,-8.4234,2.0588,-2.9044,5.3038,-5.4982,-3.9552,-6.4276,-6.0476
-8.6245,0.42683,8.8657,3.0885,-8.4429,4.1655,-3.428,5.6296,-5.7685,-3.7058,-6.1133,-6.8099
-7.6387,2.3524,9.6182,1.7795,-8.0926,5.7301,-3.7695,5.9868,-5.8683,-3.3882,-5.7253,-8.3254
-6.8642,3.0168,9.4232,1.2597,-7.3798,6.2072,-3.8935,6.4305,-5.8348,-3.0074,-5.2754,-9.7214
-6.4129,2.2178,8.23,1.6566,-6.3853,5.4213,-3.8479,6.9318,-5.7546,-2.6151,-4.8073,-10.139
-6.2506,0.25012,6.3141,2.774,-5.255,3.6212,-3.7502,7.3931,-5.73,-2.2919,-4.3823,-9.0429
-6.2067,-2.1447,4.2088,4.1287,-4.1632,1.4281,-3.7406,7.6944,-5.8367,-2.112,-4.0547,-6.4131
-6.0414,-4.0324,2.5087,5.1215,-3.269,-0.37913,-3.9208,7.753,-6.0899,-2.1068,-3.8478,-2.7525
-5.5574,-4.6849,1.6356,5.2918,-2.6819,-1.194,-4.309,7.5646,-6.4351,-2.2451,-3.7435,1.0804
-4.7057,-3.824,1.6973,4.4736,-2.4384,-0.80144,-4.8311,7.2074,-6.7665,-2.4415,-3.687,4.1648
-3.6176,-1.6824,2.4724,2.8393,-2.4896,0.58058,-5.3509,6.8109,-6.9672,-2.5897,-3.6107,5.8543
-2.5497,1.0013,3.4877,0.89404,-2.7106,2.3545,-5.7265,6.5025,-6.9597,-2.6047,-3.4614,6.0505
-1.7847,3.1942,4.1752,-0.68077,-2.9388,3.7281,-5.8698,6.3598,-6.7399,-2.4576,-3.2188,5.2678
-1.5245,4.0263,4.0729,-1.3326,-3.0274,4.0248,-5.7849,6.3845,-6.3755,-2.1845,-2.9001,4.42
-1.798,3.1351,2.9869,-0.86351,-2.8871,2.939,-5.571,6.5116,-5.9764,-1.8675,-2.5496,4.4425
-2.4217,0.77469,1.0636,0.51042,-2.5016,0.65864,-5.3919,6.6426,-5.6553,-1.5981,-2.2239,5.9082
-3.0492,-2.207,-1.2528,2.2141,-1.9147,-2.1447,-5.4213,6.6832,-5.4912,-1.4404,-1.9751,8.7698
-3.29,-4.677,-3.4019,3.5067,-1.1988,-4.5883,-5.7807,6.5707,-5.5058,-1.4105,-1.8391,12.354
-2.8484,-5.7538,-4.9516,3.7784,-0.41223,-6.0101,-6.4881,6.29,-5.6584,-1.4727,-1.8251,15.628
-1.6288,-5.1297,-5.74,2.7862,0.4398,-6.1851,-7.4375,5.8786,-5.8605,-1.5532,-1.9099,17.599
0.23266,-3.1117,-5.8733,0.76194,1.4001,-5.2961,-8.4267,5.4203,-6.0089,-1.5659,-2.0412,17.714
2.4343,-0.52769,-5.6697,-1.6358,2.514,-3.8474,-9.2268,5.0169,-6.0241,-1.442,-2.154,16.098
4.642,1.5769,-5.5823,-3.6006,3.8302,-2.5217,-9.6704,4.7489,-5.8833,-1.1581,-2.1918,13.492
6.6028,2.3824,-6.0723,-4.5451,5.4353,-1.9483,-9.7202,4.6424,-5.6298,-0.75195,-2.1287,10.935
8.1993,1.5779,-7.4408,-4.3067,7.3879,-2.4841,-9.4838,4.6581,-5.3568,-0.31315,-1.9773,9.3505
9.4465,-0.55851,-9.6908,-3.1792,9.6201,-4.0942,-9.1607,4.7067,-5.168,0.05335,-1.778,9.1863
10.416,-3.2315,-12.467,-1.776,11.915,-6.3346,-8.9421,4.6883,-5.1319,0.27295,-1.5774,10.243
11.121,-5.4653,-15.122,-0.71128,13.903,-8.4933,-8.9188,4.5339,-5.254,0.33273,-1.4082,11.768
11.443,-6.5574,-16.929,-0.31818,15.126,-9.8827,-9.0412,4.2325,-5.4754,0.28542,-1.2795,12.775
11.154,-6.2946,-17.336,-0.57416,15.187,-10.094,-9.1444,3.8352,-5.6987,0.22607,-1.1765,12.457
10.042,-4.9485,-16.128,-1.1532,13.875,-9.1004,-9.0233,3.4383,-5.8315,0.25329,-1.0695,10.545
8.0038,-3.1701,-13.494,-1.5676,11.225,-7.2608,-8.5243,3.1457,-5.8257,0.43164,-0.92802,7.441
5.0903,-1.7308,-9.9941,-1.4037,7.5084,-5.2104,-7.6091,3.0296,-5.6949,0.76864,-0.73397,4.0133
1.5722,-1.1909,-6.386,-0.51387,3.2049,-3.6127,-6.3718,3.1018,-5.5047,1.2132,-0.48814,1.2175
-2.039,-1.7181,-3.3833,0.94658,-1.0437,-2.9013,-5.0104,3.3066,-5.3474,1.6746,-0.20807,-0.26512
-5.1238,-3.0803,-1.4422,2.603,-4.5329,-3.1423,-3.7707,3.5354,-5.3124,2.0527,0.077135,-0.2552
-7.1804,-4.7441,-0.65333,4.0063,-6.6952,-4.0358,-2.8824,3.6559,-5.4609,2.268,0.3326,0.88912
-7.9814,-6.0934,-0.7733,4.798,-7.3275,-5.0749,-2.4952,3.5533,-5.808,2.2827,0.52601,2.4243
-7.5994,-6.6857,-1.3777,4.8304,-6.6636,-5.7928,-2.6285,3.1729,-6.3155,2.1117,0.6394,3.502
-6.3398,-6.3876,-2.0597,4.1937,-5.206,-5.9187,-3.1631,2.5483,-6.9027,1.8189,0.68066,3.4912
-4.618,-5.3738,-2.5692,3.1625,-3.4315,-5.4081,-3.885,1.795,-7.4744,1.4995,0.68702,2.2357
-2.7999,-4.0477,-2.8648,2.0857,-1.5718,-4.4434,-4.5656,1.067,-7.9529,1.2539,0.71523,0.12874
-1.0941,-2.8962,-3.1054,1.2704,0.357,-3.3973,-5.0345,0.49523,-8.2984,1.1555,0.82057,-2.054
0.41814,-2.3136,-3.5541,0.90294,2.3299,-2.689,-5.2179,0.14082,-8.5108,1.2255,1.0352,-3.4777
1.6973,-2.4685,-4.3912,1.0179,4.2296,-2.5875,-5.1486,-0.017424,-8.6278,1.4262,1.3566,-3.5789
2.7149,-3.2596,-5.574,1.508,5.9443,-3.099,-4.9524,-0.066598,-8.7155,1.6775,1.7485,-2.2828
3.4222,-4.3623,-6.844,2.1766,7.3471,-3.9805,-4.8042,-0.12724,-8.8436,1.8919,2.1545,-0.034669
3.714,-5.3508,-7.8172,2.8105,8.2197,-4.8412,-4.8534,-0.30528,-9.0545,2.0072,2.5159,2.3639
3.4644,-5.8498,-8.1143,3.2332,8.3215,-5.2975,-5.1477,-0.64041,-9.3421,2.0086,2.7904,4.0497
2.6013,-5.6531,-7.5041,3.3363,7.5056,-5.1186,-5.5966,-1.0806,-9.6474,1.9361,2.9658,4.4243
1.1306,-4.7915,-5.9797,3.1209,5.7348,-4.3053,-5.9972,-1.4986,-9.8769,1.8725,3.069,3.3944
-0.8873,-3.5441,-3.736,2.7449,3.0726,-3.0812,-6.1177,-1.7381,-9.9388,1.9145,3.1662,1.4073
-3.3466,-2.3637,-1.0939,2.5045,-0.28108,-1.8042,-5.7996,-1.6735,-9.78,2.1379,3.3438,-0.73437
-6.0779,-1.7083,1.5847,2.7036,-3.9759,-0.82589,-5.027,-1.2586,-9.4092,2.5679,3.6677,-2.1753
-8.8361,-1.8555,3.9697,3.4969,-7.5502,-0.36128,-3.9326,-0.54667,-8.8964,3.1607,4.1421,-2.3142
-11.298,-2.788,5.8054,4.8031,-10.509,-0.42197,-2.749,0.32794,-8.3529,3.8067,4.6925,-1.0247
-13.078,-4.1688,6.9299,6.288,-12.423,-0.82715,-1.7276,1.1962,-7.8931,4.3621,5.1895,1.2905
-13.821,-5.4331,7.2824,7.4327,-12.989,-1.2804,-1.0537,1.9116,-7.5911,4.7015,5.5082,3.8473
-13.312,-6,6.9017,7.7282,-12.073,-1.48,-0.78459,2.4013,-7.4513,4.7694,5.5898,5.77
-11.512,-5.4937,5.902,6.8877,-9.7673,-1.2277,-0.83883,2.6898,-7.4109,4.6017,5.4697,6.4151
-8.5951,-3.8889,4.415,4.96,-6.4241,-0.52315,-1.0408,2.8799,-7.375,4.308,5.256,5.6256
-4.9819,-1.6,2.5571,2.3844,-2.6101,0.38732,-1.1988,3.0983,-7.2645,4.0241,5.076,3.8071
-1.3524,0.58913,0.49301,-0.068061,0.96896,1.0862,-1.1802,3.4366,-7.0488,3.8589,5.0203,1.7574
1.445,1.8667,-1.5002,-1.5963,3.6481,1.1909,-0.95522,3.9206,-6.7518,3.8524,5.1047,0.33678
2.6943,1.7692,-3.0753,-1.7308,5.0149,0.55747,-0.59475,4.5071,-6.4386,3.9604,5.2628,0.14087
2.1799,0.36116,-3.9216,-0.5009,4.9694,-0.61642,-0.22552,5.1044,-6.1925,4.0747,5.3722,1.2881
0.27063,-1.7293,-3.8607,1.559,3.7085,-1.8235,0.038726,5.6044,-6.0839,4.0789,5.3089,3.3804
-2.1836,-3.4853,-2.8894,3.5502,1.7008,-2.4465,0.15321,5.921,-6.1388,3.9089,5.0065,5.6535
-4.1202,-3.9452,-1.1866,4.5521,-0.41531,-2.0415,0.15261,6.0188,-6.321,3.5846,4.4893,7.2612
-4.7204,-2.6105,0.88892,3.9863,-2.0252,-0.5201,0.11811,5.9205,-6.5387,3.1973,3.863,7.5918
-3.728,0.38235,2.8629,1.8055,-2.7284,1.8072,0.13009,5.6956,-6.6772,2.8693,3.2736,6.4959
-1.4911,4.2157,4.2797,-1.4227,-2.4227,4.2937,0.23014,5.4359,-6.6404,2.7061,2.8551,4.3278
1.2376,7.6226,4.8228,-4.6402,-1.2777,6.1844,0.40411,5.2234,-6.3864,2.7581,2.6867,1.7911
3.6119,9.5144,4.4005,-6.8007,0.31367,6.9395,0.59104,5.1006,-5.94,3.0025,2.7706,-0.33113
4.9631,9.4563,3.2046,-7.3482,1.8328,6.4303,0.71288,5.0575,-5.3794,3.3533,3.0386,-1.4618
4.9901,7.7295,1.7066,-6.3237,2.793,4.9752,0.71032,5.0403,-4.8033,3.6962,3.3835,-1.4342
3.8362,5.2316,0.54531,-4.3044,2.8808,3.2693,0.57021,4.9769,-4.291,3.935,3.7055,-0.53721
2.0138,3.1743,0.305,-2.2217,2.0505,2.1527,0.33475,4.809,-3.8692,4.0301,3.9534,0.61616
0.18318,2.5637,1.2636,-0.97807,0.53497,2.2645,0.088138,4.5147,-3.5041,4.0097,4.1384,1.3299
-1.0945,3.8392,3.2794,-1.0959,-1.2599,3.7957,-0.07575,4.115,-3.1216,3.9515,4.3197,1.0795
-1.5113,6.7433,5.8569,-2.5642,-2.9009,6.4141,-0.091349,3.6669,-2.6447,3.9449,4.5718,-0.29563
-1.0556,10.315,8.3093,-4.828,-4.0226,9.3333,0.052346,3.247,-2.0295,4.0532,4.9515,-2.5341
0.062882,13.281,9.9725,-7.0398,-4.3728,11.613,0.30691,2.9302,-1.2849,4.2889,5.4754,-5.065
1.5353,14.722,10.391,-8.5083,-3.8415,12.565,0.57785,2.7642,-0.47238,4.6083,6.1137,-7.2351
3.0607,14.362,9.4253,-8.9418,-2.4991,11.975,0.75033,2.7506,0.31503,4.9284,6.8013,-8.5457
4.4208,12.553,7.3231,-8.4498,-0.61543,10.142,0.7249,2.842,0.98834,5.1608,7.4621,-8.8153
5.4878,10.164,4.7107,-7.455,1.3866,7.8035,0.45504,2.9605,1.5004,5.2486,8.0387,-8.2222
6.188,8.2384,2.4162,-6.5098,3.0326,5.8658,-0.030207,3.0292,1.8661,5.1868,8.513,-7.2242
6.4758,7.5377,1.1592,-6.0513,3.9351,5.0351,-0.63155,3.0011,2.152,5.018,8.9087,-6.386
6.3305,8.3068,1.289,-6.2391,3.9171,5.6005,-1.2136,2.8743,2.4435,4.8099,9.2783,-6.1777
5.7766,10.236,2.6889,-6.9253,3.0537,7.3668,-1.6555,2.6879,2.8049,4.6281,9.6783,-6.8118
4.9147,12.539,4.8203,-7.7487,1.6341,9.6666,-1.8968,2.5018,3.2501,4.5126,10.142,-8.1784
3.9258,14.297,6.9007,-8.3356,0.072564,11.598,-1.9577,2.3659,3.734,4.4632,10.655,-9.902
3.0366,14.885,8.1974,-8.4806,-1.2111,12.431,-1.9303,2.2937,4.1679,4.4394,11.153,-11.489
2.4566,14.166,8.3043,-8.2043,-1.9253,11.875,-1.9478,2.2543,4.4559,4.3785,11.546,-12.506
2.305,12.503,7.3065,-7.7073,-2.0049,10.18,-2.1383,2.1849,4.5407,4.2257,11.757,-12.731
2.5658,10.643,5.7594,-7.268,-1.6078,8.091,-2.5734,2.0176,4.4324,3.9618,11.772,-12.221
3.101,9.4025,4.4161,-7.1184,-1.0082,6.5254,-3.2299,1.7053,4.2036,3.6141,11.648,-11.295
3.7188,9.2996,3.8537,-7.3579,-0.4567,6.1174,-3.9863,1.2384,3.9556,3.244,11.495,-10.417
4.2584,10.401,4.2535,-7.9393,-0.077759,7.0146,-4.6636,0.64659,3.7789,2.9193,11.419,-10.032
4.6497,12.331,5.358,-8.7057,0.15773,8.8717,-5.0927,-0.011641,3.7242,2.6861,11.493,-10.395
4.921,14.377,6.5629,-9.4428,0.39202,10.926,-5.1769,-0.66557,3.7939,2.5549,11.734,-11.461
5.1516,15.769,7.1871,-9.9334,0.80286,12.311,-4.92,-1.2505,3.9532,2.5051,12.125,-12.884
5.4035,15.992,6.7959,-10.012,1.504,12.473,-4.4138,-1.7223,4.1529,2.5043,12.64,-14.149
5.6816,14.958,5.3979,-9.6237,2.4548,11.357,-3.7973,-2.0664,4.3518,2.5287,13.263,-14.748
5.9497,13.04,3.4646,-8.8752,3.4524,9.4172,-3.2073,-2.3002,4.5317,2.5748,14.009,-14.378
6.1683,11.001,1.753,-8.0427,4.2159,7.4785,-2.734,-2.4683,4.6968,2.6571,14.906,-13.051
6.3202,9.6925,0.98339,-7.4825,4.4951,6.3897,-2.395,-2.6326,4.8596,2.7959,15.983,-11.111
6.4186,9.6582,1.5526,-7.4773,4.1616,6.6503,-2.1369,-2.857,5.0232,3.0022,17.242,-9.1119
6.4993,10.95,3.4042,-8.1168,3.2606,8.2471,-1.8637,-3.1941,5.1703,3.2669,18.638,-7.6274
6.5957,13.169,6.0434,-9.2684,2.0009,10.696,-1.4796,-3.6722,5.2657,3.5578,20.068,-7.0267
6.7018,15.623,8.7019,-10.622,0.68434,13.217,-0.92596,-4.288,5.2746,3.8284,21.378,-7.3221
6.7388,17.568,10.647,-11.782,-0.40337,15.05,-0.20583,-5.0054,5.1874,4.0377,22.4,-8.1488
6.5543,18.471,11.483,-12.383,-1.1055,15.753,0.61225,-5.7595,5.0353,4.1739,23.034,-8.8903
5.974,18.204,11.272,-12.229,-1.4468,15.34,1.41,-6.4627,4.8903,4.277,23.35,-8.8757
4.898,17.123,10.46,-11.404,-1.5873,14.257,2.0361,-7.0204,4.8553,4.4568,23.698,-7.5517
3.3941,15.995,9.6717,-10.315,-1.7263,13.231,2.3186,-7.3718,5.0469,4.8953,24.78,-4.551
1.724,15.877,9.5011,-9.6474,-2.0099,13.069,2.0926,-7.5645,5.574,5.8283,27.854,0.39111
0.27097,17.845,10.498,-10.245,-2.4745,14.474,1.2385,-7.7944,6.5041,7.8035,35.335,7.587
-0.58661,16.713,12.623,-11.077,-3.0519,13.092,-0.28829,-8.3519,7.7787,13.843,45.197,15.86
-0.58496,15.366,9.7477,-9.655,-3.5323,10.837,-2.465,-9.591,8.946,10.976,43.618,2.5362
0.34401,18.174,9.7866,-11.366,-2.7313,13.272,-4.618,-12.125,9.3695,5.1741,38.443,-7.4912
1.8819,23.016,13.15,-15.317,-0.43032,17.892,-1.2729,-18.324,9.3858,-1.374,30.328,-14.397
3.646,29.917,17.645,-20.374,-0.75826,23.575,-0.93771,-26.308,6.3258,-6.4387,21.052,-17.58
6.5674,39.549,23.831,-26.001,-2.6075,31.36,0.22323,-26.468,-8.185,-7.2696,14.238,-14.599
9.8811,50.922,31.883,-32.24,-5.7729,41.931,2.5532,-24.851,-2.149,-0.71833,16.203,-3.5928
13.254,64.749,42.568,-39.806,-10.01,55.052,3.2681,-21.919,9.8805,16.52,34.884,19.53
17.296,84.574,58.237,-50.704,-15.675,73.65,0.26851,-18.144,27.363,48.418,78.374,60.829
23.302,115.2,83.143,-67.961,-25.259,102.18,-8.6863,-14.799,48.098,95.362,153.3,137.19
32.397,159.53,120.58,-93.623,-39.457,143.4,-26.392,-15.419,67.638,155.15,263.42,265.03
44.713,217.59,169.83,-128.43,-58.646,196.85,-56.866,-23.518,78.519,224.81,410.18,415.38
59.639,286.3,226.33,-170.88,-80.745,258.48,-96.499,-46.538,71.319,297.86,589.16,594.48
76.954,358.83,282.58,-217.2,-101.5,321.16,-140.35,-109.38,36.535,364.44,788.57,797.41
96.899,425.42,329.2,-262.07,-115.96,376.01,-186.03,-198.34,-33.176,413.68,989.71,1008.5
118.5,475.17,356.64,-299.23,-120.02,413.33,-228.75,-302.64,-139.83,436.77,1170.1,1204.7
139.29,498.17,357.37,-322.05,-110.61,424.36,-264.4,-425.01,-278.57,428.92,1307.3,1359.3
157.48,488.4,327.41,-326.21,-86.08,404.6,-291.74,-559.26,-437.79,389.32,1382.3,1446.8
173.02,445.15,266.83,-311.27,-46.749,354.07,-312.75,-698.45,-602.91,319.66,1382.3,1450.4
185.42,370.64,179.44,-278.89,4.6814,275.03,-329.82,-835.52,-761.2,221.83,1302.5,1366
192.63,268.76,71.368,-231.06,63.601,171.15,-343.72,-963.15,-903.34,96.365,1145.3,1202.5
192.52,147.21,-49.141,-170.24,124.41,50.383,-353.5,-1073.9,-1024.1,-57.274,919.59,979.68
184.13,16.905,-170.96,-100.49,181.14,-75.648,-357.25,-1160.8,-1121.6,-238.22,639.69,724.33
166.89,-110.84,-281.44,-27.446,227.43,-194.97,-353.24,-1218.8,-1195.7,-440.75,325.64,465.52
141.1,-224.03,-368.11,42.191,257.16,-295.3,-340.69,-1245.5,-1246,-651.16,3.7624,230.36
108.64,-310.94,-421.22,101.58,266.44,-365.81,-319.62,-1241.1,-1270,-846.82,-294.13,40.482
72.206,-363.08,-435.76,145.32,254.45,-399.68,-290.25,-1206.9,-1263.4,-999.97,-535.62,-94.667
34.937,-377.28,-412.14,170.75,223.24,-395.41,-252.93,-1145.9,-1221.7,-1086.6,-696.75,-157.89
-0.24422,-356.36,-356.04,178,177.24,-357.12,-208.67,-1063.1,-1144.2,-1096,-770.06,-169.15
-30.774,-308.87,-277.57,169.85,122.67,-294,-159.65,-964.94,-1036.5,-1033.6,-762.99,-161.36
-54.79,-246.86,-189.65,151.01,66.777,-218.53,-109.53,-858.19,-909.41,-918.94,-693.76,-147.11
-71.803,-181.72,-105.4,126.86,16.586,-143.29,-63.19,-748.66,-775.99,-778.73,-590.41,-132.32
-82.194,-121.98,-35.243,101.98,-22.645,-77.98,-24.359,-641.44,-647.15,-637.09,-479.77,-120.89
-85.724,-72.279,15.071,78.504,-48.403,-28.539,3.2371,-540.05,-529.59,-509.14,-378.69,-113.09
-81.989,-38.909,44.536,55.784,-60.866,2.9801,14.039,-445.77,-425.92,-400.8,-294.8,-90.665
-72.169,-21.029,55.694,37.825,-62.147,18.31,15.759,-358.92,-336.4,-311.64,-228.03,-60.173
-57.892,-12.241,53.22,27.115,-55.599,21.603,13.909,-280.36,-260.22,-238.35,-174.34,-55.297
-40.657,-8.9929,42.856,20.88,-45.055,17.536,9.9374,-211.49,-196,-177.27,-130.25,-46.316
-26.375,-8.7468,29.868,16.365,-31.982,10.026,4.9722,-153.7,-142.48,-127.04,-92.589,-36.999
-16.69,-8.851,16.35,12.148,-18.274,2.8091,0.64797,-107.47,-98.883,-87.939,-61.828,-28.735
-9.0628,-9.3429,5.5704,8.5472,-7.5588,-3.3033,-1.1343,-71.954,-64.59,-58.612,-41.185,-21.902
-3.4708,-7.7213,1.6878,5.9459,-2.7869,-5.4552,0.86055,-45.554,-39.583,-38.746,-29.814,-16.897
-0.65079,-6.3528,4.3649,4.7905,-1.9224,-1.131,2.2321,-27.753,-23.218,-27.674,-24.798,-13.716
-1.1406,-1.2278,5.8822,3.0953,-4.142,2.7799,2.9068,-16.783,-12.913,-21.92,-23.589,-11.775
-3.2182,2.4292,6.6811,0.98845,-6.9027,4.9247,2.9868,-10.03,-6.3382,-18.583,-24.706,-10.238
-4.1954,3.8929,6.1409,-0.043094,-7.5394,5.2311,2.7486,-5.5812,-1.8336,-16.403,-27.73,-8.3786
-3.8116,3.5712,4.3904,-0.23632,-5.3148,4.1414,2.4491,-2.5673,1.2765,-14.891,-27.584,-5.8287
-2.5946,2.2754,2.0093,-0.1005,-2.4506,2.3267,2.2213,-0.65933,2.6437,-15.278,-21.76,-2.6804
-0.30866,0.94088,-0.57535,-0.20276,0.33652,0.50326,2.0752,-1.0027,0.73216,-19.068,-17.426,0.5751
3.26,0.33313,-3.153,-1.0273,3.836,-0.7819,1.9489,-2.7663,-0.58625,-15.772,-14.933,3.2461
7.9887,0.8228,-5.588,-2.7815,8.0643,-1.281,1.7749,-0.43504,1.967,-11.474,-13.348,4.7192
13.262,2.3436,-7.7369,-5.2919,12.565,-1.0435,1.5325,1.047,4.3279,-9.0806,-12.269,4.7209
18.032,4.437,-9.4243,-8.03,16.632,-0.34928,1.2554,1.7972,6.44,-7.6307,-11.491,3.4527
21.216,6.3778,-10.457,-10.252,19.369,0.40801,0.99667,2.2283,8.5351,-6.5386,-10.872,1.5152
22.033,7.45,-10.672,-11.255,20.063,0.87913,0.78236,2.5394,10.72,-5.5308,-10.312,-0.33929
20.125,7.2503,-9.9826,-10.645,18.422,0.89559,0.58895,2.7799,12.966,-4.4999,-9.7421,-1.4902
15.679,5.8413,-8.4016,-8.4967,14.623,0.53063,0.3534,2.9167,15.127,-3.442,-9.1296,-1.6654
9.5001,3.7483,-6.0284,-5.3635,9.2568,0.071156,0.0053357,2.897,16.989,-2.4118,-8.4769,-1.0307
2.8055,1.7877,-3.0508,-2.1238,3.1359,-0.1041,-0.49742,2.697,18.362,-1.4822,-7.8175,-0.12052
-3.0744,0.73706,0.22754,0.30256,-2.8401,0.30352,-1.1454,2.3503,19.185,-0.70778,-7.2042,0.38226
-7.0182,1.0307,3.3928,1.2656,-7.6851,1.3866,-1.8747,1.9557,19.589,-0.097571,-6.6878,-0.060584
-8.3999,2.6183,6.0153,0.60883,-10.468,2.998,-2.5841,1.6583,19.846,0.39504,-6.2946,-1.5991
-7.2971,4.9734,7.7704,-1.2664,-10.82,4.7914,-3.1664,1.6012,20.238,0.85675,-6.0133,-3.9229
-4.5191,7.2733,8.5152,-3.5615,-9.164,6.3299,-3.5509,1.8682,20.92,1.3778,-5.799,-6.3881
-1.2285,8.7336,8.3067,-5.425,-6.4292,7.2463,-3.7424,2.4523,21.832,2.0093,-5.5923,-8.2665
1.6223,8.9119,7.347,-6.2794,-3.5154,7.3797,-3.827,3.2744,22.717,2.7317,-5.3471,-9.0087
3.5997,7.847,5.9067,-5.9812,-0.88217,6.8204,-3.9286,4.2338,23.231,3.4524,-5.0554,-8.4303
4.6868,6.0504,4.3184,-4.8416,1.2974,5.8713,-4.1349,5.242,23.092,4.0385,-4.7573,-6.7549
5.0576,4.3172,2.9871,-3.4985,2.7932,4.9543,-4.4398,6.219,22.183,4.3763,-4.5261,-4.4937
4.9732,3.3782,2.2918,-2.5874,3.4424,4.4793,-4.7299,7.0992,20.603,4.429,-4.432,-2.2178
4.6534,3.6168,2.4387,-2.4519,3.2707,4.7036,-4.8209,7.873,18.665,4.2588,-4.5058,-0.3014
4.1716,4.9667,3.3931,-3.074,2.3997,5.6264,-4.5341,8.6132,16.789,4.0013,-4.7233,1.2703
3.4969,6.9234,4.9066,-4.1078,1.014,6.969,-3.7801,9.4324,15.311,3.8076,-5.0171,2.9325
2.5753,8.7131,6.6025,-5.0043,-0.64043,8.2721,-2.6056,10.397,14.348,3.7825,-5.3066,5.3776
1.4112,9.6365,8.0784,-5.2865,-2.2905,9.0766,-1.1765,11.474,13.809,3.9435,-5.5293,9.2743
0.14477,9.3539,9.0005,-4.7849,-3.6657,9.096,0.28959,12.55,13.477,4.2141,-5.6621,15.019
-0.94382,7.9766,9.1754,-3.6868,-4.5277,8.3121,1.6042,13.486,13.12,4.4557,-5.7258,22.65
-1.5239,6.0226,8.5978,-2.449,-4.72,6.9831,2.6665,14.174,12.574,4.5268,-5.7718,31.927
-1.348,4.2206,7.4564,-1.6058,-4.2229,5.5496,3.4816,14.583,11.795,4.3437,-5.8558,42.463
-0.36364,3.1896,6.0748,-1.5341,-3.1778,4.4503,4.1402,14.766,10.865,3.915,-6.0091,53.733
1.2456,3.2047,4.7888,-2.3103,-1.8467,3.9498,4.7766,14.847,9.9556,3.3393,-6.2213,64.999
3.0979,4.1423,3.8197,-3.6884,-0.52149,4.0627,5.516,14.97,9.2695,2.7695,-6.4425,75.368
4.7187,5.5152,3.2044,-5.1665,0.56955,4.5508,6.422,15.236,8.9605,2.356,-6.6061,84.064
5.6894,6.6123,2.8008,-6.1549,1.3156,4.992,7.4683,15.677,9.0632,2.1917,-6.6605,90.723
5.8007,6.7787,2.365,-6.2092,1.7297,4.9416,8.5563,16.263,9.4726,2.2771,-6.5937,95.542
5.1349,5.6944,1.6715,-5.2099,1.9236,4.1286,9.5691,16.956,9.9817,2.5214,-6.438,99.094
4.0302,3.5209,0.61832,-3.4286,2.0623,2.5819,10.432,17.756,10.365,2.7806,-6.2572,101.88
2.9646,0.88843,-0.73107,-1.4662,2.3079,0.63771,11.149,18.697,10.472,2.9155,-6.1211,104.05
2.3956,-1.3501,-2.1743,-0.014519,2.7532,-1.188,11.808,19.764,10.276,2.8417,-6.0803,105.48
2.5755,-2.5196,-3.4431,0.44363,3.3701,-2.4227,12.547,20.886,9.865,2.5543,-6.1494,105.99
3.4305,-2.3834,-4.2931,-0.19544,4.0079,-2.8281,13.502,22.028,9.4049,2.125,-6.3038,105.44
4.5903,-1.1861,-4.5838,-1.6219,4.4508,-2.4668,14.755,23.264,9.0856,1.677,-6.4911,103.78
5.5367,0.42783,-4.3264,-3.1914,4.5027,-1.6646,16.307,24.724,9.054,1.3421,-6.6522,101.09
5.7999,1.6434,-3.6857,-4.1799,4.0675,-0.89249,18.087,26.459,9.3463,1.214,-6.7479,97.705
5.1506,1.8094,-2.9343,-4.1049,3.1967,-0.59055,19.998,28.369,9.8545,1.3123,-6.7778,94.136
3.7038,0.69237,-2.3633,-2.9042,2.0848,-0.99867,21.964,30.241,10.351,1.5696,-6.7821,90.931
1.882,-1.4214,-2.1773,-0.95761,1.01,-2.057,23.945,31.85,10.578,1.8509,-6.8225,88.479
0.26295,-3.8001,-2.4176,1.0361,0.24663,-3.4178,25.917,33.039,10.362,2.0029,-6.9548,86.935
-0.63007,-5.5938,-2.957,2.3635,-0.018207,-4.596,27.835,33.766,9.6896,1.9119,-7.2062,86.222
-0.51657,-6.2363,-3.574,2.6104,0.26801,-5.1917,29.648,34.092,8.6913,1.5445,-7.5657,86.08
0.55006,-5.6328,-4.0652,1.7908,1.0286,-5.0454,31.344,34.162,7.5772,0.96019,-7.9888,86.18
2.2194,-4.1541,-4.3356,0.31429,2.0974,-4.2875,32.972,34.151,6.5521,0.28821,-8.4143,86.313
3.9831,-2.5146,-4.4313,-1.1724,3.2667,-3.3017,34.605,34.211,5.7524,-0.31947,-8.7871,86.534
5.3509,-1.4965,-4.5008,-2.0441,4.3372,-2.5828,36.257,34.417,5.2114,-0.74249,-9.0802,87.113
5.9905,-1.6277,-4.7037,-1.9273,5.1578,-2.52,37.836,34.743,4.8549,-0.93573,-9.304,88.359
5.7988,-2.9941,-5.1118,-0.81054,5.6376,-3.2296,39.164,35.079,4.5279,-0.95111,-9.503,90.465
4.91,-5.1998,-5.6524,0.95635,5.7343,-4.5041,40.051,35.265,4.0527,-0.92488,-9.7407,93.404
3.6208,-7.4989,-6.1147,2.7997,5.4371,-5.8872,40.38,35.153,3.3032,-1.0257,-10.079,96.909
2.241,-9.1336,-6.2218,4.1879,4.7494,-6.8658,40.145,34.661,2.2603,-1.3842,-10.557,100.54
0.95345,-9.649,-5.7422,4.8374,3.6833,-7.0849,39.448,33.793,1.0168,-2.0421,-11.185,103.81
-0.23436,-8.9975,-4.6017,4.7685,2.2725,-6.4681,38.465,32.632,-0.26819,-2.9421,-11.944,106.24
-1.4428,-7.5436,-2.9475,4.2885,0.5968,-5.244,37.386,31.314,-1.4357,-3.9577,-12.797,107.46
-2.8211,-5.9847,-1.1319,3.8813,-1.1954,-3.8931,36.341,29.985,-2.384,-4.9427,-13.705,107.35
-4.4305,-5.0818,0.39275,3.988,-2.8917,-2.9767,35.352,28.731,-3.0986,-5.7768,-14.632,106.07
-6.1788,-5.33,1.2384,4.8241,-4.2584,-2.9016,34.341,27.532,-3.6489,-6.3984,-15.551,104.01
-7.8495,-6.7902,1.2314,6.3245,-5.1056,-3.7578,33.196,26.259,-4.1595,-6.8272,-16.445,101.7
-9.1777,-9.0724,0.48141,8.1638,-5.3427,-5.2861,31.839,24.73,-4.7705,-7.176,-17.323,99.602
-9.9206,-11.447,-0.65722,9.8442,-5.0024,-6.963,30.242,22.81,-5.5955,-7.6235,-18.229,97.94
-9.9153,-13.131,-1.721,10.876,-4.2313,-8.2041,28.404,20.476,-6.6877,-8.3462,-19.238,96.602
-9.1282,-13.614,-2.321,10.958,-3.2517,-8.5995,26.335,17.841,-8.0225,-9.4562,-20.429,95.159
-7.6883,-12.797,-2.2873,10.054,-2.3028,-8.0458,24.043,15.088,-9.5132,-10.987,-21.867,93.048
-5.8944,-10.978,-1.7099,8.405,-1.5756,-6.7566,21.554,12.378,-11.054,-12.924,-23.595,89.769
-4.1791,-8.789,-0.88141,6.5223,-1.1604,-5.1956,18.938,9.7976,-12.552,-15.255,-25.63,85.045
-3.0041,-7.0391,-0.17696,5.0661,-1.0368,-3.9327,16.319,7.3693,-13.915,-17.969,-27.962,78.982
-2.696,-6.4228,0.078052,4.591,-1.1043,-3.4461,13.812,5.0894,-15.062,-20.967,-30.54,72.19
-3.2946,-7.2393,-0.30404,5.3028,-1.2186,-3.9578,11.446,2.9311,-15.996,-23.995,-33.286,65.692
-4.5024,-9.2669,-1.3428,6.9576,-1.2215,-5.3656,9.1681,0.81814,-16.87,-26.868,-36.142,60.454
-5.7772,-11.839,-2.8837,8.9338,-0.98078,-7.2774,6.9087,-1.3818,-17.931,-29.67,-39.119,56.812
-6.5505,-14.119,-4.6133,10.505,-0.44025,-9.1454,4.6557,-3.8152,-19.42,-32.651,-42.284,54.307
-6.4736,-15.441,-6.1335,11.166,0.33879,-10.457,2.4636,-6.5714,-21.503,-36.027,-45.71,52.021
-5.5447,-15.496,-7.0918,10.75,1.1804,-10.893,0.42821,-9.646,-24.266,-39.884,-49.404,49.094
-4.073,-14.388,-7.2982,9.4277,1.8535,-10.418,-1.3374,-12.965,-27.649,-44.169,-53.288,45.09
-2.5505,-12.628,-6.7816,7.6937,2.158,-9.2991,-2.7199,-16.415,-31.271,-48.696,-57.236,40.118
-1.4909,-11.016,-5.7955,6.2486,1.9963,-8.0545,-3.6379,-19.841,-34.539,-53.227,-61.15,34.706
-1.263,-10.392,-4.7569,5.7423,1.4091,-7.2978,-4.0819,-23.106,-37.18,-57.608,-65.025,29.557
-1.9648,-11.351,-4.1078,6.5447,0.56567,-7.5247,-4.1355,-26.21,-39.404,-61.845,-68.957,25.272
-3.3871,-14.007,-4.1458,8.6065,-0.28831,-8.9155,-3.9564,-29.343,-41.599,-66.056,-73.088,22.12
-5.0879,-17.805,-4.8987,11.416,-0.9104,-11.207,-3.7208,-32.807,-44.088,-70.412,-77.502,19.923
-6.5633,-21.677,-6.1231,14.194,-1.1343,-13.741,-3.5538,-36.885,-47.109,-75.107,-82.152,18.133
-7.4468,-24.557,-7.4383,16.266,-0.90543,-15.753,-3.4791,-41.69,-50.853,-80.352,-86.875,16.07
-7.6316,-25.803,-8.5116,17.282,-0.27881,-16.711,-3.4189,-47.013,-55.358,-86.379,-91.521,13.213
-7.2728,-25.377,-9.1855,17.273,0.60414,-16.538,-3.249,-52.359,-60.331,-93.311,-96.092,9.4164
-6.7097,-23.944,-9.5165,16.701,1.5574,-15.659,-2.8818,-57.278,-65.344,-100.81,-100.73,4.9337
-6.3548,-22.692,-9.7268,16.35,2.3998,-14.84,-2.3357,-61.63,-70.181,-108.14,-105.6,0.28315
-6.5564,-22.826,-10.075,17.001,2.9785,-14.846,-1.7524,-65.595,-74.914,-114.94,-110.8,-3.9572
-7.4739,-25.114,-10.707,19.069,3.1674,-16.152,-1.3489,-69.519,-79.786,-121.42,-116.39,-7.3319
-9.0235,-29.604,-11.549,22.385,2.8679,-18.775,-1.3292,-73.777,-85.103,-128.04,-122.4,-9.6313
-10.924,-35.38,-12.291,26.189,2.0258,-22.207,-1.8007,-78.657,-91.172,-135.22,-128.86,-10.943
-12.819,-40.792,-12.52,29.484,0.65894,-25.561,-2.7332,-84.227,-98.191,-143.31,-135.7,-11.626
-14.395,-44.38,-11.974,31.558,-1.1183,-27.922,-3.972,-90.203,-106.04,-152.53,-142.77,-12.195
-15.454,-45.635,-10.71,32.217,-3.084,-28.745,-5.2981,-96.095,-114.18,-162.73,-149.87,-13.155
-15.941,-45.005,-9.0864,31.754,-4.9154,-28.155,-6.5076,-101.58,-121.99,-173.31,-156.79,-14.821
-15.946,-43.577,-7.7334,30.838,-6.2383,-26.95,-7.476,-106.62,-129.2,-183.48,-163.4,-17.204
-15.68,-42.678,-7.429,30.287,-6.7197,-26.275,-8.1916,-111.39,-135.89,-192.74,-169.68,-20.013
-15.386,-43.307,-8.7787,30.731,-6.1499,-27.04,-8.7495,-116.08,-142.37,-201.03,-175.69,-22.768
-15.243,-45.738,-11.926,32.378,-4.4784,-29.483,-9.2991,-120.83,-148.94,-208.66,-181.51,-24.958
-15.291,-49.508,-16.457,34.945,-1.8323,-33.136,-9.967,-125.69,-155.87,-216.12,-187.22,-26.207
-15.421,-53.614,-21.456,37.74,1.4485,-37.083,-10.794,-130.53,-163.27,-223.89,-192.86,-26.414
-15.415,-56.907,-25.825,39.96,4.8754,-40.347,-11.708,-135.09,-170.98,-232.24,-198.39,-25.843
-15.017,-58.596,-28.78,41.044,7.9464,-42.249,-12.543,-139.12,-178.54,-241.24,-203.72,-25.058
-14.095,-58.482,-30.076,40.81,10.183,-42.602,-13.102,-142.61,-185.54,-250.52,-208.68,-24.711
-12.818,-56.949,-29.868,39.481,11.189,-41.691,-13.238,-145.68,-191.77,-259.21,-213.16,-25.267
-11.684,-54.84,-28.493,37.713,10.761,-40.066,-12.909,-148.43,-197.22,-266.54,-217.11,-26.81
-11.375,-53.124,-26.355,36.41,8.954,-38.313,-12.179,-150.92,-201.91,-272.39,-220.56,-29.002
-12.423,-52.472,-23.893,36.255,6.0752,-36.947,-11.176,-153.23,-206,-277.09,-223.59,-31.218
-14.858,-53.072,-21.532,37.394,2.5922,-36.346,-10.049,-155.55,-209.75,-281.1,-226.2,-32.771
-18.164,-54.668,-19.55,39.439,-0.99338,-36.569,-8.9426,-158.05,-213.48,-284.8,-228.36,-33.145
-21.485,-56.641,-17.962,41.678,-4.2063,-37.215,-7.9853,-160.79,-217.43,-288.56,-229.97,-32.204
-23.96,-58.214,-16.633,43.346,-6.593,-37.718,-7.2711,-163.65,-221.56,-292.58,-230.88,-30.267
-25.035,-58.766,-15.48,43.913,-7.7981,-37.738,-6.8224,-166.41,-225.48,-296.83,-231.01,-28.022
-24.606,-57.999,-14.548,43.23,-7.7205,-37.168,-6.5722,-168.87,-228.79,-300.93,-230.31,-26.272
-22.937,-55.98,-13.977,41.529,-6.5255,-36.048,-6.3913,-170.92,-231.31,-304.37,-228.8,-25.617
-20.5,-53.2,-13.874,39.3,-4.5323,-34.557,-6.1531,-172.55,-233.08,-306.83,-226.47,-26.181
-17.836,-50.404,-14.196,37.068,-2.1125,-32.996,-5.7901,-173.83,-234.27,-308.22,-223.28,-27.545
-15.416,-48.182,-14.811,35.194,0.36854,-31.683,-5.3098,-174.87,-235.09,-308.48,-219.19,-28.915
-13.499,-46.747,-15.583,33.779,2.5698,-30.817,-4.7773,-175.77,-235.75,-307.47,-214.07,-29.435
-12.064,-45.993,-16.346,32.729,4.2067,-30.384,-4.2878,-176.56,-236.31,-304.89,-207.82,-28.534
-10.933,-45.541,-16.873,31.838,5.1168,-30.137,-3.9356,-177.14,-236.71,-300.62,-200.45,-26.166
-9.9659,-44.801,-16.909,30.818,5.2761,-29.675,-3.7814,-177.35,-236.77,-294.97,-192.14,-22.824
-9.0488,-43.13,-16.247,29.309,4.7701,-28.591,-3.8221,-177.07,-236.33,-288.61,-183.14,-19.347
-8.1107,-40.05,-14.813,26.877,3.767,-26.622,-3.9773,-176.27,-235.17,-281.98,-173.68,-16.611
-7.2244,-35.468,-12.737,23.27,2.4843,-23.774,-4.1062,-174.93,-233.14,-275.12,-163.96,-15.201
-6.5062,-29.898,-10.35,18.901,1.1432,-20.388,-4.0539,-173,-230.16,-267.93,-154.11,-15.174
-6.005,-24.419,-8.1024,14.764,-0.062364,-17.075,-3.7096,-170.4,-226.2,-260.36,-144.19,-16.032
-5.7298,-20.117,-6.4164,11.743,-0.98285,-14.446,-3.0526,-167.04,-221.16,-252.29,-134.33,-16.928
-5.6499,-17.476,-5.5323,10.112,-1.5326,-12.824,-2.1605,-162.9,-215.11,-243.44,-124.74,-17.021
-5.6603,-16.289,-5.4161,9.5995,-1.6999,-12.12,-1.1794,-158.16,-208.44,-233.67,-115.53,-15.798
-5.5782,-15.911,-5.7709,9.665,-1.5328,-11.916,-0.27142,-153.1,-201.78,-223.2,-106.62,-13.262
-5.1829,-15.563,-6.1599,9.7108,-1.1017,-11.651,0.43315,-148,-195.57,-212.52,-97.781,-9.8968
-4.2783,-14.595,-6.1975,9.2435,-0.46141,-10.849,0.85845,-142.97,-189.74,-201.9,-88.916,-6.4687
-2.7593,-12.662,-5.7133,7.9931,0.36129,-9.2792,0.97837,-137.98,-183.83,-191.44,-80.122,-3.7302
-0.66823,-9.8214,-4.8219,5.9771,1.3472,-7.052,0.79821,-132.93,-177.3,-181.2,-71.549,-2.1273
1.7769,-6.586,-3.8686,3.5039,2.4564,-4.6454,0.34239,-127.75,-169.69,-171.3,-63.277,-1.6301
4.2041,-3.7501,-3.2512,1.0877,3.6002,-2.7146,-0.34854,-122.38,-160.97,-161.82,-55.331,-1.7674
6.1669,-1.9784,-3.2029,-0.74364,4.6122,-1.7413,-1.2229,-116.87,-151.62,-152.79,-47.786,-1.8383
7.2674,-1.4865,-3.6556,-1.6596,5.263,-1.798,-2.2299,-111.29,-142.43,-144.09,-40.761,-1.1897
7.2867,-1.9964,-4.2495,-1.6361,5.3405,-2.5306,-3.3288,-105.74,-134.03,-135.54,-34.283,0.54321
6.2753,-2.8767,-4.4983,-0.94111,4.7356,-3.3136,-4.4846,-100.29,-126.6,-126.97,-28.284,3.2995
4.5579,-3.3909,-4.0212,-0.03872,3.5053,-3.5171,-5.6535,-95.053,-120,-118.37,-22.846,6.6095
2.6426,-2.9618,-2.7143,0.56056,1.8941,-2.7502,-6.7774,-90.119,-113.9,-109.8,-18.174,9.7704
1.0686,-1.3546,-0.80482,0.46796,0.2765,-0.99261,-7.7971,-85.485,-107.94,-101.43,-14.316,12.108
0.25246,1.2124,1.2101,-0.4534,-0.95017,1.3677,-8.6756,-81.064,-101.78,-93.482,-11.14,13.219
0.38569,4.0722,2.7423,-2.0229,-1.4729,3.6475,-9.4065,-76.733,-95.174,-86.191,-8.4599,13.1
1.4074,6.3803,3.3537,-3.7972,-1.1597,5.1782,-10,-72.389,-88.119,-79.72,-6.123,12.13
3.0445,7.5357,2.9367,-5.28,-0.11108,5.6102,-10.47,-68.016,-80.909,-74.056,-4.0231,10.908
4.9155,7.4132,1.7559,-6.1501,1.3694,5.0236,-10.828,-63.713,-74.137,-68.913,-2.1118,10.037
6.6678,6.3735,0.35347,-6.3785,2.8761,3.8849,-11.103,-59.614,-68.367,-63.852,-0.39394,9.896
8.0719,5.1305,-0.65667,-6.2252,4.0283,2.8686,-11.343,-55.784,-63.763,-58.685,1.0828,10.488
9.0451,4.4437,-0.83624,-6.1144,4.5866,2.5531,-11.609,-52.216,-60.057,-53.73,2.2517,11.416
9.6298,4.7952,-0.085354,-6.4237,4.5144,3.1927,-11.942,-48.887,-56.785,-49.48,3.0604,12.027
9.9312,6.2722,1.3525,-7.3127,3.9616,4.6966,-12.346,-45.765,-53.54,-46.164,3.5029,11.662
10.036,8.5735,3.0103,-8.6562,3.1901,6.7036,-12.782,-42.789,-50.121,-43.651,3.633,9.9481
9.9593,11.04,4.3777,-10.06,2.4957,8.6688,-13.201,-39.901,-46.474,-41.594,3.5695,6.9825
9.661,12.839,5.0708,-10.983,2.1409,10.018,-13.573,-37.118,-42.563,-39.585,3.447,3.2992
9.1083,13.312,4.8939,-10.974,2.2759,10.334,-13.916,-34.524,-38.433,-37.305,3.3705,-0.36918
8.337,12.233,3.8167,-9.89,2.8837,9.4729,-14.3,-32.21,-34.369,-34.65,3.3742,-3.4108
7.4778,9.9018,2.0215,-7.9936,3.799,7.6409,-14.812,-30.278,-30.782,-31.793,3.4141,-5.5783
6.7333,7.1338,-0.0062997,-5.917,4.7718,5.4293,-15.518,-28.834,-27.899,-29.102,3.3973,-7.0574
6.2952,5.0187,-1.5544,-4.4342,5.5146,3.6796,-16.419,-27.926,-25.628,-26.921,3.2342,-8.3537
6.2389,4.4383,-1.9457,-4.0965,5.7374,3.155,-17.446,-27.479,-23.69,-25.344,2.8792,-10.061
6.4548,5.6792,-0.8059,-4.9881,5.219,4.211,-18.484,-27.303,-21.806,-24.211,2.3603,-12.616
6.6638,8.3249,1.7833,-6.7018,3.8858,6.6317,-19.413,-27.164,-19.827,-23.251,1.7596,-16.138
6.525,11.382,5.2728,-8.4888,1.8489,9.6656,-20.151,-26.881,-17.76,-22.228,1.176,-20.41
5.7861,13.677,8.819,-9.5689,-0.61047,12.311,-20.676,-26.385,-15.705,-21.027,0.68071,-24.983
4.4107,14.354,11.587,-9.4531,-3.0941,13.734,-21.014,-25.73,-13.775,-19.667,0.28763,-29.327
2.6218,13.157,13.025,-8.1105,-5.1751,13.563,-21.224,-25.053,-12.069,-18.278,-0.054413,-32.974
0.83586,10.541,13.017,-6.001,-6.5139,12.002,-21.382,-24.523,-10.651,-17.035,-0.4317,-35.663
-0.48839,7.5736,11.895,-3.9237,-6.9614,9.7741,-21.565,-24.281,-9.5303,-16.079,-0.93017,-37.457
-1.0271,5.4264,10.281,-2.6436,-6.5964,7.8045,-21.835,-24.363,-8.64,-15.458,-1.5962,-38.747
-0.71403,4.822,8.8187,-2.5603,-5.6839,6.7882,-22.208,-24.637,-7.8465,-15.099,-2.414,-40.103
0.24769,5.854,7.9397,-3.6,-4.5687,6.9758,-22.632,-24.833,-6.9901,-14.84,-3.3089,-42.046
1.4826,7.9957,7.7423,-5.2507,-3.5374,8.1443,-22.999,-24.667,-5.9444,-14.507,-4.175,-44.815
2.5962,10.242,7.9851,-6.7676,-2.7184,9.6529,-23.174,-23.968,-4.6551,-13.988,-4.9105,-48.267
3.3247,11.58,8.2025,-7.5249,-2.0755,10.714,-23.043,-22.724,-3.1427,-13.252,-5.4648,-51.925
3.6138,11.451,7.9494,-7.2562,-1.481,10.784,-22.543,-21.064,-1.4812,-12.348,-5.846,-55.119
3.6026,9.8977,7.0358,-6.1094,-0.80325,9.7711,-21.674,-19.203,0.23384,-11.406,-6.119,-57.194
3.545,7.5336,5.5924,-4.5896,0.0343,8.0353,-20.503,-17.374,1.9222,-10.593,-6.3762,-57.768
3.7065,5.3142,3.9638,-3.3507,1.0282,6.2313,-19.168,-15.748,3.5495,-10.01,-6.6965,-56.966
4.2506,4.0701,2.5301,-2.893,2.0909,4.9895,-17.854,-14.377,5.1423,-9.6467,-7.1122,-55.403
5.1467,4.1467,1.564,-3.3788,3.0625,4.626,-16.699,-13.181,6.7872,-9.3997,-7.5974,-53.929
6.1595,5.3662,1.1752,-4.6091,3.7468,5.077,-15.682,-11.998,8.61,-9.1124,-8.0734,-53.285
6.9261,7.1451,1.3239,-6.0831,3.9671,6.0011,-14.628,-10.639,10.742,-8.6223,-8.4413,-53.835
7.0783,8.7273,1.879,-7.1789,3.6245,6.9586,-13.317,-8.9563,13.296,-7.8107,-8.6074,-55.416
6.3826,9.5027,2.6869,-7.4192,2.7367,7.5987,-11.589,-6.883,16.357,-6.6332,-8.5099,-57.424
4.8664,9.2173,3.6091,-6.6497,1.4482,7.7649,-9.4102,-4.459,19.956,-5.123,-8.1353,-59.026
2.8509,8.002,4.5138,-5.0797,0.0060124,7.4909,-6.8927,-1.8176,24.009,-3.3751,-7.5235,-59.49
0.87076,6.3099,5.2556,-3.239,-1.294,6.9369,-4.28,0.85081,28.254,-1.5145,-6.7551,-58.558
-0.47754,4.766,5.6967,-1.8101,-2.1737,6.3232,-1.8687,3.3558,32.323,0.34369,-5.9214,-56.596
-0.74938,3.9376,5.7837,-1.3495,-2.4555,5.8731,0.096762,5.5605,35.954,2.1203,-5.0875,-54.41
0.14692,4.1331,5.612,-2.0694,-2.1548,5.7709,1.517,7.4211,39.083,3.7776,-4.2682,-52.884
1.8897,5.328,5.4017,-3.7778,-1.5107,6.1085,2.4749,9.0179,41.825,5.3212,-3.4232,-52.655
3.8605,7.182,5.3815,-5.9304,-0.89378,6.8487,3.2048,10.555,44.435,6.8211,-2.4721,-53.868
5.3642,9.1073,5.6646,-7.8029,-0.62155,7.8092,4.0113,12.302,47.227,8.4421,-1.3243,-56.119
5.8822,10.443,6.1864,-8.7622,-0.80969,8.6852,5.151,14.495,50.46,10.453,0.081348,-58.598
5.2762,10.687,6.7104,-8.4795,-1.3409,9.122,6.7277,17.225,54.181,13.203,1.7453,-60.369
3.8357,9.6747,6.9025,-7.0244,-1.9342,8.8424,8.6591,20.363,58.14,17.036,3.6098,-60.713
2.1536,7.6715,6.4719,-4.8784,-2.2474,7.7805,10.721,23.586,61.909,22.018,5.6014,-59.437
0.92328,5.3436,5.3191,-2.8088,-1.985,6.161,12.651,26.535,65.14,27.602,7.6893,-56.925
0.71164,3.5328,3.6178,-1.5738,-1.0163,4.4607,14.267,28.995,67.749,32.856,9.9203,-53.857
1.7338,2.9081,1.7649,-1.6254,0.54723,3.2303,15.55,30.974,69.928,37.229,12.403,-50.943
3.7336,3.7307,0.2266,-2.971,2.3758,2.8697,16.628,32.665,72.03,40.822,15.246,-48.704
6.087,5.7598,-0.64332,-5.1564,4.0376,3.4656,17.708,34.343,74.387,44.022,18.493,-47.315
8.0594,8.2679,-0.72557,-7.3907,5.1401,4.7335,18.973,36.219,77.15,47.161,22.102,-46.513
9.051,10.282,-0.16604,-8.859,5.4512,6.1014,20.516,38.33,80.199,50.391,25.985,-45.717
8.7841,10.996,0.68879,-9.0451,4.9665,6.9391,22.299,40.539,83.199,53.683,30.044,-44.261
7.399,10.074,1.4387,-7.8752,3.9002,6.8355,24.187,42.626,85.797,56.891,34.164,-41.676
5.3993,7.79,1.8039,-5.7622,2.6035,5.7776,26.015,44.388,87.817,59.849,38.182,-37.85
3.4708,5.0235,1.742,-3.5324,1.4419,4.1874,27.648,45.707,89.286,62.442,41.936,-33.037
2.262,2.9202,1.4471,-2.0839,0.67205,2.758,29.009,46.574,90.333,64.63,45.329,-27.723
2.1455,2.309,1.2288,-1.9831,0.36798,2.1129,30.089,47.086,91.103,66.427,48.354,-22.508
3.0596,3.405,1.3422,-3.296,0.42981,2.5138,30.942,47.399,91.7,67.874,51.045,-17.961
4.5601,5.8188,1.8647,-5.5763,0.64974,3.8043,31.666,47.677,92.166,69.012,53.423,-14.465
6.0128,8.6556,2.6716,-7.9779,0.81161,5.4936,32.357,48.029,92.475,69.854,55.464,-12.08
6.8291,10.838,3.494,-9.6045,0.79963,6.9379,33.049,48.462,92.594,70.425,57.136,-10.482
6.705,11.585,4.0247,-9.9021,0.6445,7.6045,33.686,48.911,92.548,70.8,58.452,-9.0708
5.7395,10.699,4.0288,-8.8132,0.48485,7.2771,34.149,49.271,92.387,71.075,59.491,-7.2038
4.3616,8.5719,3.4193,-6.7817,0.49999,6.1053,34.325,49.439,92.123,71.29,60.34,-4.4298
3.1603,6.0719,2.2809,-4.6349,0.84829,4.5315,34.163,49.339,91.697,71.392,61.042,-0.65864
2.6816,4.1912,0.8591,-3.241,1.6014,3.1245,33.683,48.941,91.007,71.262,61.582,3.8077
3.221,3.6282,-0.4985,-3.1348,2.6901,2.3655,32.958,48.256,89.936,70.762,61.914,8.3927
4.6933,4.5609,-1.4466,-4.3514,3.9059,2.49,32.087,47.334,88.388,69.815,62.013,12.468
6.6632,6.6249,-1.7524,-6.4307,4.9662,3.4361,31.163,46.243,86.347,68.466,61.893,15.58
8.5249,9.0503,-1.3553,-8.5975,5.6075,4.8852,30.26,45.071,83.94,66.89,61.621,17.615
9.728,10.987,-0.37006,-10.1,5.6718,6.3839,29.417,43.906,81.406,65.322,61.284,18.854
9.9595,11.827,0.94417,-10.479,5.1609,7.506,28.632,42.789,78.928,63.943,60.957,19.867
9.2301,11.381,2.2539,-9.6809,4.238,7.9901,27.867,41.67,76.505,62.792,60.667,21.298
7.8528,9.9035,3.2563,-8.0657,3.1715,7.8035,27.071,40.415,73.994,61.76,60.364,23.624
6.3229,8.0268,3.7917,-6.2878,2.2421,7.1619,26.191,38.871,71.23,60.654,59.945,26.976
5.1302,6.5161,3.9156,-5.0087,1.641,6.4621,25.174,36.946,68.126,59.281,59.282,31.101
4.5563,5.9582,3.8762,-4.6245,1.3994,6.1352,23.982,34.654,64.713,57.519,58.281,35.457
4.5603,6.5667,3.9927,-5.1671,1.3854,6.4728,22.613,32.113,61.14,55.36,56.916,39.428
4.8291,8.1342,4.4948,-6.3147,1.3696,7.5031,21.109,29.509,57.623,52.907,55.237,42.525
4.9383,10.064,5.4144,-7.501,1.124,8.9477,19.556,27.034,54.366,50.348,53.349,44.558
4.5381,11.566,6.5744,-8.1527,0.51729,10.302,18.062,24.801,51.488,47.88,51.374,45.713
3.5037,12.01,7.6754,-7.923,-0.43328,11.062,16.725,22.807,48.979,45.612,49.396,46.492
1.985,11.168,8.4431,-6.7862,-1.5711,10.964,15.585,20.959,46.72,43.508,47.407,47.509
0.33811,9.3082,8.7672,-5.0514,-2.6595,10.116,14.602,19.149,44.533,41.392,45.299,49.225
-0.99609,7.1517,8.7511,-3.2957,-3.4663,8.9635,13.662,17.325,42.276,39.006,42.895,51.699
-1.6268,5.5768,8.6356,-2.1488,-3.8285,8.1058,12.629,15.519,39.911,36.091,40.035,54.534
-1.3434,5.222,8.6479,-2.019,-3.6774,8.0039,11.419,13.813,37.485,32.514,36.692,57.053
-0.19566,6.2381,8.8699,-2.9439,-3.0395,8.7867,10.057,12.294,35.107,28.431,33.056,58.605
1.5117,8.2611,9.1946,-4.5846,-2.0308,10.199,8.6748,11.046,32.957,24.359,29.475,58.841
3.3069,10.505,9.3879,-6.3296,-0.84022,11.677,7.4389,10.144,31.269,20.889,26.284,57.873
4.6813,12.048,9.2145,-7.5086,0.29343,12.582,6.4686,9.6304,30.201,18.303,23.671,56.216
5.2371,12.249,8.5621,-7.6501,1.1187,12.476,5.7887,9.4766,29.739,16.526,21.635,54.568
4.8136,10.988,7.5292,-6.6589,1.4238,11.309,5.3274,9.5836,29.703,15.3,20.059,53.497
3.5353,8.6984,6.4443,-4.8543,1.089,9.4542,4.9446,9.8097,29.847,14.347,18.773,53.218
1.7614,6.2512,5.7804,-2.8609,0.12071,7.6143,4.4917,10.017,29.951,13.462,17.622,53.517
-0.046058,4.614,5.9454,-1.3637,-1.3422,6.5286,3.8813,10.107,29.879,12.545,16.501,53.863
-1.4788,4.4088,7.072,-0.83234,-3.0545,6.6276,3.1318,10.045,29.587,11.589,15.36,53.631
-2.2941,5.6922,8.9547,-1.3633,-4.7208,7.8878,2.3668,9.8637,29.136,10.655,14.197,52.349
-2.4465,7.9652,11.122,-2.6533,-6.0536,9.8675,1.7675,9.6577,28.674,9.8459,13.037,49.886
-2.051,10.324,12.977,-4.1142,-6.815,11.846,1.4999,9.5449,28.373,9.2658,11.929,46.512
-1.314,11.815,13.97,-5.1295,-6.8477,13.078,1.6469,9.6088,28.332,8.9659,10.919,42.784
-0.45243,11.829,13.764,-5.3089,-6.1063,13.071,2.1743,9.8526,28.519,8.9126,10.022,39.328
0.38101,10.295,12.331,-4.6197,-4.6857,11.753,2.9437,10.196,28.774,8.9899,9.2063,36.592
1.1334,7.7309,9.9907,-3.3953,-2.8257,9.5175,3.7666,10.511,28.872,9.037,8.4071,34.662
1.8151,5.0793,7.3473,-2.1831,-0.88345,7.1021,4.471,10.678,28.622,8.9058,7.5503,33.252
2.4188,3.2506,5.1136,-1.4581,0.72808,5.2775,4.951,10.624,27.945,8.5151,6.5941,31.86
2.8553,2.7311,3.8533,-1.4184,1.6501,4.5238,5.1867,10.344,26.904,7.8777,5.5486,29.996
2.9588,3.5025,3.781,-1.9531,1.6939,4.9152,5.2373,9.9137,25.696,7.0915,4.4731,27.343
2.5626,5.109,4.7126,-2.7032,0.89272,6.1347,5.2145,9.4745,24.577,6.3008,3.4558,23.85
1.5911,6.7738,6.1506,-3.1992,-0.51873,7.559,5.2378,9.1839,23.756,5.6427,2.5818,19.741
0.1165,7.6728,7.4496,-3.0569,-2.1707,8.4615,5.3793,9.1467,23.27,5.1944,1.8988,15.447
-1.6357,7.2397,8.0306,-2.1262,-3.6563,8.2681,5.6247,9.363,22.954,4.9432,1.3924,11.474
-3.3321,5.3307,7.5821,-0.53806,-4.647,6.7693,5.8751,9.7318,22.515,4.7988,1.0027,8.2476
-4.6088,2.3476,6.1894,1.3097,-4.9778,4.2445,5.993,10.095,21.69,4.6448,0.64583,5.97
-5.1554,-0.78445,4.2999,2.8415,-4.6541,1.4516,5.8617,10.305,20.366,4.3933,0.25193,4.5405
-4.7943,-3.0171,2.4895,3.5132,-3.806,-0.7317,5.4293,10.276,18.623,4.0088,-0.21637,3.5783
-3.5401,-3.7236,1.1869,3.0346,-2.6436,-1.7792,4.7289,10.006,16.683,3.5063,-0.76316,2.5589
-1.6191,-2.8585,0.52418,1.4736,-1.4054,-1.6603,3.8767,9.5743,14.82,2.9443,-1.3608,1.0168
0.55656,-0.89407,0.33809,-0.72355,-0.2872,-0.75127,3.0327,9.1126,13.25,2.4136,-1.9585,-1.2775
2.4606,1.2834,0.2706,-2.8229,0.61764,0.31109,2.3236,8.753,12.079,2.0136,-2.4851,-4.2371
3.6032,2.6746,-0.078717,-4.0778,1.324,0.84638,1.7725,8.5637,11.293,1.8166,-2.8756,-7.494
3.7603,2.5802,-0.99417,-4.0277,1.9143,0.3852,1.2948,8.5161,10.776,1.8348,-3.1001,-10.528
3.1036,0.83507,-2.5459,-2.6372,2.5059,-1.1731,0.75067,8.4987,10.348,2.0043,-3.1818,-12.843
2.1007,-2.133,-4.5797,-0.3221,3.2359,-3.5227,0.0019229,8.3667,9.8278,2.2027,-3.1921,-14.142
1.3292,-5.3855,-6.7868,2.1244,4.2382,-6.0373,-1.0506,8.0029,9.0939,2.3005,-3.2238,-14.443
1.341,-7.839,-8.8021,3.8169,5.592,-8.0067,-2.4356,7.3633,8.1284,2.2153,-3.3549,-14.085
2.4907,-8.7387,-10.304,4.1663,7.2597,-8.9117,-4.0828,6.4979,7.0198,1.9474,-3.6201,-13.619
4.7262,-7.8722,-11.102,3.0561,9.0665,-8.5808,-5.8228,5.5269,5.9191,1.573,-4.003,-13.605
7.5396,-5.5762,-11.181,0.82485,10.699,-7.2344,-7.4339,4.5921,4.9726,1.2073,-4.4509,-14.399
10.084,-2.7068,-10.669,-1.776,11.753,-5.4378,-8.7201,3.8017,4.262,0.95424,-4.9041,-16.007
11.442,-0.39842,-9.7648,-3.7657,11.862,-3.8999,-9.5833,3.1941,3.7774,0.86659,-5.3208,-18.08
10.951,0.42201,-8.6368,-4.3251,10.8,-3.1743,-10.048,2.7379,3.4343,0.92859,-5.6892,-20.051
8.4088,-0.60795,-7.341,-3.1102,8.5315,-3.4417,-10.235,2.3606,3.1177,1.0645,-6.0234,-21.351
4.1584,-3.1557,-5.817,-0.36065,5.2283,-4.4363,-10.308,1.9802,2.729,1.1661,-6.3527,-21.623
-0.9445,-6.2267,-3.9899,3.1117,1.2911,-5.5451,-10.404,1.529,2.2168,1.1309,-6.7068,-20.851
-5.7559,-8.5948,-1.8782,6.1877,-2.6721,-6.1089,-10.576,0.9713,1.5877,0.90055,-7.1,-19.363
-9.2279,-9.4072,0.37836,7.9589,-5.9706,-5.7206,-10.761,0.32204,0.90447,0.48709,-7.517,-17.701
-10.755,-8.421,2.5378,8.0582,-8.0215,-4.3288,-10.819,-0.34907,0.27263,-0.027184,-7.9083,-16.42
-10.28,-6.001,4.2828,6.6754,-8.5269,-2.2387,-10.615,-0.93929,-0.19066,-0.51998,-8.2058,-15.878
-8.2682,-3.0544,5.2833,4.4517,-7.5822,-0.061669,-10.102,-1.3586,-0.40405,-0.88148,-8.3507,-16.12
-5.5585,-0.68743,5.309,2.2341,-5.619,1.4979,-9.355,-1.5751,-0.36635,-1.0644,-8.3282,-16.884
-3.0235,0.28447,4.3448,0.75162,-3.182,1.9486,-8.5464,-1.6339,-0.16999,-1.1036,-8.1844,-17.723
-1.267,-0.42222,2.6595,0.42376,-0.82642,1.1905,-7.8621,-1.6375,0.028234,-1.0968,-8.0142,-18.194
-0.56339,-2.5197,0.80039,1.3028,0.86925,-0.44943,-7.4243,-1.7014,0.068675,-1.1502,-7.9254,-18.037
-0.93498,-5.1881,-0.56039,3.0322,1.4705,-2.2883,-7.2569,-1.907,-0.14499,-1.3293,-7.9955,-17.261
-2.1458,-7.3822,-0.91535,4.9234,0.9144,-3.5524,-7.2944,-2.2744,-0.61007,-1.6362,-8.2451,-16.127
-3.7479,-8.3275,-0.11902,6.2814,-0.50358,-3.7225,-7.4198,-2.761,-1.2357,-2.0187,-8.6372,-15.047
-5.2492,-7.7587,1.6059,6.726,-2.3077,-2.6932,-7.5121,-3.2869,-1.8928,-2.3999,-9.1012,-14.441
-6.2531,-5.9083,3.7236,6.2408,-3.9826,-0.78277,-7.4858,-3.7651,-2.4697,-2.7123,-9.564,-14.593
-6.5898,-3.4784,5.5236,5.1159,-5.0665,1.3124,-7.3072,-4.133,-2.913,-2.9153,-9.9711,-15.554
-6.3337,-1.4399,6.3676,3.8736,-5.2498,2.7566,-6.9908,-4.3715,-3.242,-3.0068,-10.298,-17.126
-5.7151,-0.58589,5.8891,3.0607,-4.4532,2.9552,-6.5905,-4.5106,-3.5375,-3.0256,-10.555,-18.933
-5.0258,-1.2163,4.0914,3.0147,-2.8701,1.7734,-6.1963,-4.6176,-3.9098,-3.0422,-10.776,-20.542
-4.5335,-3.1036,1.4104,3.7731,-0.94443,-0.44904,-5.9223,-4.7721,-4.4595,-3.1372,-11.012,-21.61
-4.4081,-5.5829,-1.3431,5.0901,0.74696,-2.9906,-5.8653,-5.0356,-5.24,-3.3709,-11.305,-21.998
-4.6802,-7.7688,-3.258,6.5076,1.6745,-4.9859,-6.0482,-5.4265,-6.2355,-3.758,-11.672,-21.827
-5.2351,-8.8863,-3.687,7.5048,1.5397,-5.7551,-6.3888,-5.9129,-7.3654,-4.2597,-12.108,-21.434
-5.8545,-8.5123,-2.4727,7.6861,0.38774,-5.017,-6.7221,-6.4253,-8.513,-4.7953,-12.576,-21.257
-6.3086,-6.6539,0.051284,6.9126,-1.425,-2.9257,-6.864,-6.8833,-9.5643,-5.274,-13.028,-21.668
-6.4596,-3.7658,3.1873,5.3638,-3.388,-0.029545,-6.6837,-7.2236,-10.438,-5.6241,-13.411,-22.815
-6.3031,-0.69795,6.0834,3.5216,-5.0054,2.8423,-6.1515,-7.4173,-11.1,-5.8174,-13.682,-24.552
-5.9317,1.5826,8.0035,2.0069,-5.9092,4.848,-5.3466,-7.4736,-11.581,-5.8801,-13.813,-26.468
-5.4588,2.4093,8.5233,1.308,-5.9172,5.4611,-4.4235,-7.4356,-11.973,-5.8845,-13.804,-28.021
-4.9533,1.6549,7.5835,1.5751,-5.0455,4.6404,-3.5536,-7.3666,-12.397,-5.9154,-13.673,-28.734
-4.4093,-0.22728,5.5141,2.5532,-3.5098,2.8276,-2.8624,-7.3288,-12.944,-6.0328,-13.451,-28.4
-3.7596,-2.3141,3.0184,3.657,-1.7062,0.81742,-2.3884,-7.3627,-13.62,-6.2447,-13.171,-27.226
-2.9348,-3.5892,0.98509,4.2252,-0.12596,-0.52819,-2.0771,-7.4765,-14.337,-6.5116,-12.853,-25.783
-1.9518,-3.3606,0.16855,3.8327,0.78853,-0.5885,-1.8095,-7.6452,-14.953,-6.7688,-12.514,-24.784
-0.96805,-1.4622,0.89497,2.4586,0.80976,0.8434,-1.4489,-7.8153,-15.347,-6.9536,-12.17,-24.775
-0.23875,1.6374,2.9672,0.50619,0.0011835,3.4625,-0.89576,-7.9217,-15.47,-7.0149,-11.826,-25.903
0.015882,4.89,5.7501,-1.3397,-1.3534,6.4598,-0.13776,-7.9164,-15.342,-6.931,-11.475,-27.845
-0.25797,7.1412,8.3763,-2.439,-2.8633,8.8272,0.73377,-7.795,-15.045,-6.7224,-11.108,-29.958
-0.90186,7.6907,10.041,-2.4998,-4.1118,9.8055,1.5562,-7.6069,-14.704,-6.4585,-10.739,-31.538
-1.5992,6.5131,10.257,-1.6814,-4.7439,9.1354,2.1571,-7.4404,-14.451,-6.2423,-10.412,-32.085
-2.0129,4.2527,9.0178,-0.50397,-4.5988,7.1435,2.4202,-7.3881,-14.376,-6.1731,-10.191,-31.512
-1.9496,1.9763,6.8395,0.41433,-3.81,4.6727,2.3277,-7.5098,-14.491,-6.3083,-10.135,-30.225
-1.4598,0.64663,4.5556,0.65738,-2.754,2.6889,1.9611,-7.8106,-14.725,-6.6433,-10.274,-28.986
-0.81751,0.71926,2.9286,0.17236,-1.8644,1.8211,1.4665,-8.2388,-14.962,-7.1182,-10.589,-28.603
-0.38904,2.0353,2.3486,-0.72502,-1.4401,2.1902,1.0058,-8.7062,-15.099,-7.6445,-11.014,-29.578
-0.45006,3.8687,2.7433,-1.4946,-1.5434,3.4056,0.70954,-9.1209,-15.092,-8.1285,-11.453,-31.87
-1.0454,5.2272,3.6294,-1.6503,-2.0007,4.6838,0.64309,-9.4214,-14.953,-8.4938,-11.818,-34.892
-1.9552,5.3618,4.3155,-1.0084,-2.4797,5.2115,0.79306,-9.5941,-14.73,-8.6979,-12.048,-37.724
-2.7682,4.0904,4.2227,0.22953,-2.6108,4.5389,1.0795,-9.6694,-14.491,-8.7517,-12.14,-39.457
-3.0414,1.8455,3.145,1.5567,-2.1375,2.7463,1.388,-9.7072,-14.311,-8.7256,-12.139,-39.558
-2.4965,-0.4899,1.3163,2.3978,-1.049,0.42028,1.6084,-9.7785,-14.253,-8.7243,-12.126,-38.116
-1.1644,-2.0124,-0.70929,2.3835,0.39719,-1.5965,1.6654,-9.9393,-14.34,-8.8365,-12.179,-35.782
0.60158,-2.214,-2.3136,1.4768,1.7903,-2.6362,1.5373,-10.205,-14.531,-9.0886,-12.339,-33.475
2.2552,-1.0918,-3.0791,-0.034348,2.7304,-2.467,1.2631,-10.537,-14.736,-9.4286,-12.589,-32.026
3.2578,0.87448,-2.9395,-1.6007,2.9631,-1.3096,0.9353,-10.853,-14.844,-9.747,-12.858,-31.829
3.2591,2.818,-2.1893,-2.5918,2.4689,0.22409,0.67107,-11.063,-14.778,-9.9245,-13.042,-32.662
2.2191,3.8292,-1.3532,-2.554,1.4708,1.3405,0.56837,-11.098,-14.517,-9.8822,-13.054,-33.79
0.43398,3.3632,-0.94066,-1.3716,0.3417,1.4355,0.67004,-10.943,-14.099,-9.6059,-12.86,-34.294
-1.5486,1.4442,-1.2154,0.67178,-0.53273,0.36385,0.95784,-10.631,-13.601,-9.1413,-12.493,-33.453
-3.078,-1.2623,-2.1025,2.8959,-0.87255,-1.4922,1.3736,-10.228,-13.107,-8.5719,-12.03,-31.018
-3.6088,-3.6374,-3.2358,4.4375,-0.5838,-3.3458,1.8443,-9.8138,-12.689,-7.9938,-11.561,-27.269
-2.9284,-4.663,-4.1122,4.6499,0.22561,-4.3693,2.2956,-9.4659,-12.381,-7.4908,-11.15,-22.832
-1.2261,-3.8571,-4.308,3.3399,1.2887,-4.0711,2.6596,-9.2321,-12.168,-7.1089,-10.823,-18.432
1.003,-1.3504,-3.6513,0.78998,2.2496,-2.4364,2.8842,-9.1081,-11.985,-6.8425,-10.56,-14.672
3.0828,2.1316,-2.2669,-2.2787,2.7381,0.075198,2.9478,-9.035,-11.747,-6.6449,-10.316,-11.852
4.3219,5.4289,-0.50611,-4.8897,2.4661,2.6485,2.8668,-8.9247,-11.387,-6.4599,-10.048,-9.8778
4.2117,7.43,1.198,-6.1873,1.3374,4.4425,2.6886,-8.6981,-10.892,-6.2465,-9.7344,-8.297
2.59,7.5328,2.4987,-5.7505,-0.50601,4.9481,2.4681,-8.3189,-10.307,-5.985,-9.3787,-6.4624
-0.24313,5.7801,3.2508,-3.6939,-2.7287,4.1435,2.2403,-7.8085,-9.7143,-5.6738,-9.0082,-3.781
-3.5533,2.8536,3.5219,-0.66703,-4.9017,2.4813,2.0034,-7.2402,-9.2027,-5.3319,-8.663,0.057067
-6.3779,-0.069694,3.5095,2.26,-6.6007,0.72709,1.7187,-6.7123,-8.8435,-5.0017,-8.386,4.968
-7.8339,-1.7962,3.4218,3.9812,-7.4811,-0.36769,1.3273,-6.3114,-8.6694,-4.7394,-8.2099,10.524
-7.4268,-1.6433,3.3857,3.8297,-7.3519,-0.37263,0.7794,-6.0749,-8.6621,-4.5918,-8.1441,16.128
-5.2362,0.36959,3.4123,1.7888,-6.2513,0.70622,0.065936,-5.9732,-8.7576,-4.5716,-8.1689,21.209
-1.8912,3.5582,3.4176,-1.5042,-4.4752,2.4537,-0.76778,-5.9224,-8.8686,-4.6474,-8.2424,25.363
1.6313,6.7582,3.2823,-4.9138,-2.5049,4.1865,-1.6322,-5.8241,-8.9186,-4.753,-8.3136,28.435
4.3128,8.8027,2.9173,-7.2696,-0.84425,5.2312,-2.4201,-5.6096,-8.8685,-4.8093,-8.335,30.572
5.4212,9.0174,2.299,-7.8641,0.14886,5.1937,-3.0367,-5.2625,-8.7268,-4.7498,-8.2689,32.229
4.7357,7.3776,1.4618,-6.6051,0.36258,4.0528,-3.4253,-4.8182,-8.5396,-4.5413,-8.0913,34.071
2.6098,4.4611,0.47584,-3.9764,-0.068062,2.1184,-3.5853,-4.3468,-8.3702,-4.1948,-7.7975,36.734
-0.16618,1.2621,-0.56455,-0.90768,-0.84607,-0.080143,-3.577,-3.9319,-8.2744,-3.7618,-7.4071,40.524
-2.6555,-1.2162,-1.5445,1.5807,-1.6366,-1.9783,-3.5049,-3.645,-8.279,-3.3128,-6.9621,45.23
-4.1208,-2.3318,-2.3432,2.7666,-2.1846,-3.1618,-3.4796,-3.52,-8.3674,-2.9069,-6.5112,50.222
-4.2836,-1.9153,-2.8603,2.3876,-2.3921,-3.4663,-3.5739,-3.5377,-8.4786,-2.5628,-6.0888,54.725
-3.3354,-0.26292,-3.045,0.6786,-2.3127,-2.9856,-3.7958,-3.6286,-8.5281,-2.2505,-5.6978,58.147
-1.7738,1.9339,-2.9264,-1.6631,-2.0747,-2.0296,-4.0961,-3.7,-8.4429,-1.9083,-5.309,60.335
-0.19078,3.8154,-2.6428,-3.7558,-1.7969,-1.0451,-4.405,-3.6757,-8.1954,-1.476,-4.8726,61.622
0.93093,4.672,-2.4328,-4.9246,-1.5354,-0.49269,-4.67,-3.5271,-7.815,-0.92554,-4.3359,62.653
1.3835,4.1556,-2.5622,-4.9009,-1.2643,-0.70583,-4.8744,-3.2782,-7.3719,-0.27323,-3.6602,64.109
1.2827,2.3606,-3.2139,-3.8364,-0.89435,-1.7693,-5.0364,-2.9873,-6.9458,0.42854,-2.8337,66.43
0.97232,-0.16356,-4.395,-2.2452,-0.32725,-3.457,-5.2011,-2.7206,-6.5977,1.1107,-1.881,69.619
0.85527,-2.5853,-5.9178,-0.81675,0.48113,-5.2977,-5.4304,-2.5289,-6.3533,1.7095,-0.86338,73.214
1.2259,-4.1678,-7.471,-0.10967,1.4838,-6.7735,-5.7773,-2.4337,-6.2006,2.1862,0.13508,76.473
2.1434,-4.5409,-8.7394,-0.35475,2.5469,-7.524,-6.2458,-2.4221,-6.0987,2.5398,1.0336,78.682
3.3911,-3.7413,-9.5131,-1.4344,3.4883,-7.447,-6.7615,-2.4483,-5.9919,2.809,1.7893,79.451
4.5675,-2.177,-9.7487,-2.9247,4.1343,-6.7159,-7.1805,-2.4422,-5.8273,3.0597,2.4233,78.864
5.2557,-0.54195,-9.5737,-4.213,4.3779,-5.7368,-7.3402,-2.3303,-5.5732,3.3576,3.0123,77.425
5.1704,0.41601,-9.2413,-4.7338,4.2152,-5.0171,-7.1251,-2.0659,-5.2356,3.7367,3.6422,75.836
4.2501,0.18641,-9.0419,-4.192,3.7436,-4.9735,-6.5153,-1.6536,-4.8631,4.1797,4.3513,74.686
2.6852,-1.3252,-9.19,-2.6585,3.1207,-5.7742,-5.5959,-1.1572,-4.5358,4.6231,5.0994,74.2
0.86566,-3.7421,-9.728,-0.56401,2.5015,-7.2675,-4.5285,-0.68091,-4.3369,4.9849,5.7783,74.145
-0.75072,-6.3055,-10.496,1.4291,1.9795,-9.0178,-3.4976,-0.3313,-4.3196,5.2024,6.2607,73.967
-1.8082,-8.1838,-11.194,2.6896,1.5568,-10.475,-2.6517,-0.17981,-4.4828,5.2602,6.4516,73.03
-2.1742,-8.8295,-11.527,2.8548,1.1503,-11.215,-2.0585,-0.23386,-4.7679,5.1964,6.323,70.856
-1.9712,-8.1326,-11.339,1.9305,0.63023,-11.09,-1.6903,-0.43467,-5.0813,5.0856,5.9211,67.296
-1.5254,-6.4238,-10.686,0.30337,-0.11595,-10.248,-1.4515,-0.68323,-5.3285,5.0079,5.3509,62.618
-1.2475,-4.4132,-9.8089,-1.3568,-1.1063,-9.0931,-1.2446,-0.88165,-5.4445,5.0194,4.7428,57.452
-1.4762,-2.9573,-9.0633,-2.3683,-2.21,-8.1711,-1.0317,-0.9709,-5.4111,5.1355,4.2114,52.621
-2.3075,-2.7044,-8.8193,-2.3178,-3.1628,-7.9611,-0.84692,-0.95309,-5.2653,5.3253,3.8181,48.864
-3.485,-3.8521,-9.3543,-1.184,-3.6527,-8.6906,-0.78149,-0.89507,-5.0939,5.5157,3.5503,46.524
-4.4653,-6.071,-10.783,0.63263,-3.4064,-10.258,-0.96784,-0.91335,-5.0063,5.6097,3.3315,45.392
-4.6152,-8.5862,-13.036,2.3724,-2.2377,-12.281,-1.5403,-1.1347,-5.0907,5.5222,3.0607,44.839
-3.4355,-10.486,-15.869,3.1961,-0.10964,-14.263,-2.5644,-1.6382,-5.3709,5.2218,2.6689,44.117
-0.77635,-11.119,-18.912,2.5726,2.7704,-15.773,-3.9796,-2.4077,-5.7853,4.756,2.1587,42.643
3.0048,-10.308,-21.738,0.49073,5.961,-16.566,-5.5987,-3.3223,-6.2022,4.243,1.61,40.232
7.0855,-8.361,-23.961,-2.5247,8.9234,-16.627,-7.1685,-4.1923,-6.4715,3.8299,1.1509,37.177
10.473,-5.9964,-25.345,-5.5419,11.15,-16.176,-8.4536,-4.8295,-6.4886,3.6379,0.9111,34.144
12.363,-4.1061,-25.895,-7.5919,12.252,-15.61,-9.3054,-5.1209,-6.2358,3.7181,0.97873,31.942
12.392,-3.3891,-25.841,-8.0781,12.085,-15.351,-9.7053,-5.0716,-5.7844,4.0348,1.3738,31.239
10.723,-4.086,-25.545,-6.9416,10.867,-15.654,-9.7791,-4.8033,-5.2649,4.4841,2.0473,32.309
7.9677,-5.8936,-25.345,-4.6619,9.131,-16.484,-9.7638,-4.5073,-4.813,4.936,2.899,34.906
5.0111,-8.0568,-25.39,-2.1179,7.5163,-17.506,-9.9165,-4.3631,-4.5146,5.2844,3.815,38.342
2.7625,-9.6824,-25.599,-0.2399,6.4702,-18.228,-10.394,-4.4635,-4.366,5.486,4.6995,41.714
1.7853,-10.108,-25.751,0.34564,6.1059,-18.237,-11.17,-4.7733,-4.2682,5.5759,5.5031,44.185
2.0822,-9.1113,-25.577,-0.51558,6.2507,-17.394,-12.039,-5.1455,-4.0663,5.6512,6.2393,45.276
3.1713,-6.9886,-24.83,-2.4356,6.5359,-15.879,-12.717,-5.3882,-3.622,5.84,6.981,45.058
4.2948,-4.5203,-23.377,-4.5738,6.4881,-14.094,-12.973,-5.3604,-2.8817,6.2573,7.829,44.136
4.6987,-2.6372,-21.25,-6.0489,5.7058,-12.485,-12.741,-5.0377,-1.9001,6.9504,8.8557,43.444
3.9578,-1.9628,-18.646,-6.3578,4.041,-11.384,-12.144,-4.5196,-0.81899,7.8558,10.05,43.893
2.1474,-2.5805,-15.873,-5.4927,1.6244,-10.881,-11.443,-3.9899,0.18297,8.8008,11.292,45.909
-0.23129,-4.0052,-13.286,-3.9142,-1.1832,-10.787,-10.934,-3.6538,0.95067,9.5585,12.373,49.145
-2.4519,-5.3425,-11.145,-2.424,-3.8415,-10.715,-10.839,-3.664,1.4107,9.9428,13.058,52.635
-3.8064,-5.7027,-9.4762,-1.8224,-5.7823,-10.235,-11.219,-4.0547,1.6093,9.901,13.187,55.237
-3.8176,-4.5751,-8.2054,-2.5496,-6.5749,-9.0312,-11.94,-4.7078,1.7076,9.5507,12.766,56.057
-2.3615,-1.9493,-7.4334,-4.5296,-5.9905,-7.0865,-12.715,-5.3775,1.931,9.1436,12.016,54.807
0.31725,1.6502,-7.3608,-7.1895,-3.9528,-4.7942,-13.234,-5.781,2.492,8.993,11.368,52.019
3.7054,5.3129,-8.208,-9.7217,-0.61305,-2.7894,-13.336,-5.7275,3.5237,9.4127,11.425,48.993
7.2182,8.2796,-11.176,-11.545,3.7911,-1.6823,-13.125,-5.2178,5.0549,10.749,13.034,47.554
10.349,10.232,-21.119,-12.605,9.2164,-4.314,-12.963,-4.4554,7.0301,14.15,17.976,49.747
12.7,9.0872,-32.094,-13.455,15.114,-20.349,-13.395,-3.7651,9.2618,16.365,32.43,57.406
14.031,-1.3055,-37.564,-14.938,19.75,-27.794,-15.115,-3.4971,11.151,11.853,31.655,62.254
14.249,-7.2694,-41.032,-12.918,21.71,-31.48,-18.594,-4.0233,12.358,6.3545,27.191,42.641
13.244,-7.9531,-40.972,-12.576,20.405,-32.183,-20.532,-5.9035,13.324,0.023778,20.455,45.705
11.715,-0.60613,-35.331,-16.222,15.475,-27.6,-20.398,-12.986,10.841,-4.6085,11.496,44.769
7.9447,13.34,-22.379,-21.393,6.5512,-15.138,-19.674,-19.733,-3.5867,-4.8206,4.514,38.13
2.5829,30.403,0.43673,-26.322,-6.395,7.806,-16.814,-18.389,1.8023,2.9955,6.2374,32.375
-2.7472,48.529,33.402,-31.324,-24.838,36.584,-13.021,-14.797,16.81,22.436,23.959,38.463
-6.9834,67.118,65.445,-37.92,-46.656,62.981,-11.362,-8.8408,37.611,55.176,65.625,65.315
-8.4557,88.687,93.264,-47.896,-63.491,88.436,-16.754,-2.0645,59.944,101.6,139.21,122.71
-4.9431,118.5,118.8,-65.753,-74.457,116.3,-33.48,1.3106,77.779,159.93,250.19,221.35
6.5624,159.55,143.96,-96.049,-79.473,149.38,-62.35,-3.4953,85.325,226.41,398.88,363.87
30.673,212.74,170.44,-137.28,-79.467,189.07,-100.34,-21.061,76.286,294.91,579.88,544.93
65.966,274.98,198.05,-185.55,-76.009,233.79,-143.37,-59.028,43.936,356.82,781.78,750.44
101.43,338.67,224.02,-235.26,-70.32,278.4,-186.79,-127.25,-17.201,402.65,987.46,957.46
135.14,393.02,243.05,-278.67,-62.484,314.92,-225,-209.37,-108.96,424.45,1176.2,1138.5
162.58,426.65,248.52,-308.11,-51.442,334.38,-253.66,-302.38,-228.09,417.57,1326.4,1266.5
180.5,430.34,234.29,-317.97,-35.627,329.13,-271.21,-402.9,-366.73,380.62,1419.2,1320.2
187.93,399.19,196.4,-305.42,-13.488,294.72,-279.16,-506.65,-514.31,314.22,1440.6,1290.4
185.78,333.53,134.09,-270.98,15.956,230.87,-280.7,-610.3,-659.74,219.18,1382.5,1182.6
176.21,238.65,50.096,-218.29,52.611,141.53,-278.88,-711.2,-794.57,95.447,1243.2,1012.9
161.78,123.78,-49.062,-153.32,94.556,34.566,-275.82,-806.31,-914.47,-57.492,1026.9,802.24
144.65,1.0931,-152.95,-83.14,137.33,-78.719,-272.26,-891.51,-1017.5,-238.55,744.51,572.36
124.27,-115.68,-248.23,-14.513,174.38,-184.77,-267.08,-961.82,-1102.1,-441.72,415.15,343.73
98.9,-213.46,-321.52,46.843,198.88,-270.32,-257.83,-1012.2,-1165.9,-652.71,67.605,134.16
69.945,-282.49,-363.16,96.356,206,-325.68,-242.72,-1038.3,-1204.3,-848.38,-260.91,-41.68
39.495,-318.47,-369.78,131.04,194.46,-347.06,-221.56,-1037.1,-1211.4,-1001,-531.3,-173.78
8.4765,-323.26,-344.51,150.37,166.44,-336.93,-194.03,-1007.6,-1182,-1086.9,-713.37,-259.84
-22.148,-303.71,-295.36,156.41,126.49,-302.66,-159.59,-951.67,-1115.8,-1095.2,-795.34,-303.98
-50.597,-269.18,-233.03,152.76,80.609,-254.27,-119.26,-874.67,-1018.3,-1031.9,-786.72,-312.48
-74.44,-228.87,-168.61,142.93,35.417,-201.89,-76.059,-784.28,-900.85,-916.8,-713.15,-293
-91.352,-189.61,-111.33,129.45,-3.0433,-153.59,-34.355,-688.7,-776.42,-776.29,-606.73,-255.89
-99.065,-155.03,-66.837,113.88,-30.59,-114,1.2612,-594.55,-656.12,-634.83,-494.61,-215.05
-96.733,-125.4,-37.312,96.998,-45.329,-84.193,24.61,-505.72,-546.68,-508.61,-392.81,-183.2
-85.868,-98.811,-21.524,77.963,-47.521,-63.163,32.75,-423.45,-450.17,-403.53,-308.24,-163.03
-68.983,-74.985,-16.266,56.882,-40.295,-49.249,29.593,-347.44,-365.22,-317.72,-240.95,-150.32
-48.484,-55.77,-18.279,37.438,-27.737,-40.593,21.222,-277.04,-289.23,-246.4,-187.63,-140.62
-28.211,-41.032,-24.326,22.965,-13.178,-35.857,12.653,-212.16,-220.71,-185.46,-144.11,-128.66
-13.357,-32.165,-31.852,13.598,-0.43031,-34.705,6.0553,-153.76,-160.04,-133.16,-106.62,-115.86
-4.6936,-30.416,-39.647,9.0261,8.279,-37.349,2.5081,-103.17,-108.72,-89.692,-72.48,-101.94
-0.74914,-34.76,-48.168,8.7147,11.563,-44.166,5.1236,-59.571,-68.094,-54.965,-45.288,-87.022
0.39704,-43.495,-58.002,10.643,14.761,-56.773,7.5353,-31.398,-38.766,-32.013,-30.386,-72.67
0.98485,-56.138,-63.443,13.436,19.939,-65.167,8.9184,-17.177,-20.562,-19.821,-23.826,-60.765
2.5195,-60.204,-69.457,16.219,24.668,-65.739,9.3121,-9.1013,-9.5767,-14.102,-21.768,-52.073
4.5674,-59.002,-74.405,14.822,27.904,-66.03,8.9584,-4.2871,-2.4805,-11.594,-22.082,-46.478
5.6266,-55.802,-76.655,9.9898,28.933,-65.951,8.1676,-1.555,2.1354,-9.8654,-23.777,-43.504
7.5199,-51.918,-76.579,5.9615,28.675,-65.01,7.2786,0.11231,5.346,-7.2584,-24.872,-42.186
9.2096,-48.694,-75.246,2.7686,29.062,-63.782,6.574,1.6201,8.1412,-3.3559,-19.735,-41.154
9.9146,-47.161,-73.951,0.94882,30.482,-63.214,6.2136,1.7135,9.7037,0.35344,-11.908,-39.193
9.4956,-47.703,-73.562,0.85038,31.963,-63.874,6.2546,2.7518,8.8432,2.9915,-7.5312,-35.848
8.1463,-50.096,-74.262,2.3014,32.841,-65.725,6.6846,6.0077,12.226,5.3762,-4.5184,-31.48
6.3218,-53.552,-75.678,4.6326,33.25,-68.273,7.441,8.3682,15.974,7.0127,-2.151,-26.86
4.6135,-56.812,-77.149,6.8596,33.479,-70.764,8.4303,10.159,19.029,8.0562,-0.29683,-22.854
3.5565,-58.712,-78.182,8.1643,33.681,-72.485,9.5534,11.57,21.441,8.6246,1.1145,-20.17
3.4302,-58.745,-78.632,8.2269,33.86,-73.125,10.731,12.749,23.405,8.8828,2.1813,-19.072
4.1553,-57.147,-78.567,7.202,33.956,-72.796,11.922,13.84,25.146,9.0297,3.0273,-19.235
5.3549,-54.796,-78.226,5.6434,33.946,-71.942,13.129,14.954,26.792,9.2319,3.786,-19.871
6.5149,-52.959,-77.982,4.3511,33.895,-71.27,14.379,16.151,28.319,9.5619,4.5739,-20.044
7.1593,-52.7,-78.232,4.0439,33.935,-71.469,15.701,17.433,29.593,9.9724,5.4525,-19.021
6.9973,-54.453,-79.285,5.0799,34.202,-72.899,17.097,18.749,30.466,10.326,6.4007,-16.532
6.0091,-57.984,-81.314,7.3404,34.707,-75.513,18.533,20.023,30.851,10.466,7.3211,-12.868
4.4453,-62.462,-84.375,10.225,35.245,-78.924,19.948,21.184,30.758,10.293,8.0795,-8.7558
2.7288,-66.713,-88.162,12.858,35.51,-82.512,21.272,22.203,30.283,9.8067,8.5621,-5.0677
1.2955,-69.674,-91.556,14.483,35.336,-85.43,22.439,23.1,29.57,9.0937,8.7222,-2.5152
0.45232,-70.683,-93.37,14.75,34.866,-86.876,23.404,23.938,28.759,8.2858,8.5939,-1.4155
0.31716,-69.758,-93.512,13.815,34.439,-86.664,24.15,24.789,27.927,7.5073,8.2708,-1.5692
0.83878,-67.858,-92.74,12.288,34.371,-85.444,24.694,25.708,27.058,6.8343,7.8628,-2.3052
1.8537,-66.498,-92.237,10.974,34.942,-84.443,25.087,26.706,26.054,6.2738,7.4513,-2.7309
3.1548,-66.818,-93.227,10.523,36.402,-84.769,25.399,27.746,24.796,5.771,7.061,-2.0881
4.5644,-69.171,-96.445,11.227,38.849,-86.938,25.7,28.773,23.217,5.2416,6.6583,-0.022879
5.9722,-73.237,-101.99,12.942,42.162,-91.024,26.028,29.738,21.356,4.6135,6.1779,3.3488
7.3037,-78.057,-108.84,15.053,45.881,-96.487,26.376,30.626,19.373,3.859,5.5669,7.5594
8.4673,-82.259,-114.66,16.712,49.117,-101.7,26.708,31.466,17.497,3.0089,4.8235,11.985
9.3376,-84.599,-117.3,17.351,50.926,-104.57,27.001,32.317,15.934,2.1452,4.0088,16.032
9.7856,-84.45,-116.14,16.921,50.837,-104.08,27.281,33.233,14.795,1.3712,3.2248,19.317
9.729,-82.082,-111.76,15.758,48.974,-100.6,27.627,34.228,14.067,0.76648,2.5731,21.803
9.1701,-78.78,-105.66,14.437,45.963,-95.722,28.14,35.263,13.641,0.34695,2.1165,23.781
8.2033,-76.314,-100.13,13.633,42.818,-91.556,28.898,36.259,13.357,0.05477,1.8599,25.687
6.9923,-75.897,-97.143,13.891,40.566,-89.701,29.922,37.149,13.076,-0.21442,1.7539,27.908
5.7342,-77.827,-97.737,15.42,39.776,-90.933,31.17,37.9,12.729,-0.56341,1.7146,30.705
4.6186,-81.692,-101.85,17.994,40.382,-95.251,32.558,38.519,12.336,-1.0504,1.6538,34.154
3.7815,-86.355,-107.58,21.007,41.747,-101.19,33.996,39.03,11.985,-1.6685,1.5072,38.023
3.2652,-90.227,-112.27,23.707,42.98,-106.22,35.421,39.459,11.797,-2.3519,1.2546,41.706
3.0036,-92.037,-114.32,25.497,43.414,-108.41,36.822,39.814,11.868,-3.0034,0.92087,44.365
2.8483,-91.325,-113.27,26.163,42.849,-107.19,38.233,40.079,12.239,-3.5334,0.55807,45.246
2.6272,-88.547,-109.28,25.965,41.482,-102.97,39.709,40.213,12.864,-3.8977,0.21805,43.995
2.2107,-85.105,-103.68,25.531,39.784,-97.392,41.288,40.163,13.62,-4.1196,-0.067642,40.774
1.558,-82.828,-98.974,25.596,38.293,-92.937,42.955,39.889,14.349,-4.2833,-0.292,36.136
0.72336,-82.883,-97.088,26.688,37.416,-91.297,44.648,39.393,14.92,-4.4951,-0.46351,30.759
-0.1697,-85.443,-98.588,28.908,37.355,-92.969,46.289,38.728,15.276,-4.834,-0.59404,25.253
-0.9717,-89.879,-103.12,31.864,38.073,-97.691,47.815,37.979,15.445,-5.3185,-0.69341,20.065
-1.5537,-94.771,-108.99,34.805,39.268,-103.81,49.184,37.216,15.511,-5.9074,-0.7745,15.411
-1.8432,-98.506,-113.67,36.95,40.433,-108.69,50.383,36.454,15.558,-6.5312,-0.86464,11.174
-1.8438,-100.01,-115.53,37.787,41.073,-110.57,51.452,35.624,15.61,-7.1352,-1.014,6.9273
-1.6395,-98.773,-114.14,37.163,40.935,-109.01,52.496,34.59,15.601,-7.7135,-1.2923,2.1674
-1.3846,-94.968,-109.75,35.361,40.091,-104.18,53.643,33.195,15.39,-8.3219,-1.7691,-3.3735
-1.2714,-89.935,-103.43,33.089,38.84,-97.417,54.984,31.333,14.831,-9.0721,-2.4836,-9.5238
-1.4685,-85.955,-97.605,30.991,37.511,-92.034,56.481,29.013,13.861,-10.124,-3.4227,-15.712
-2.0339,-84.46,-94.392,29.248,36.408,-90.597,57.945,26.392,12.529,-11.68,-4.5272,-21.212
-2.8419,-86.847,-94.736,28.248,35.831,-94.181,59.127,23.7,10.959,-13.966,-5.7266,-25.408
-3.5892,-94.477,-100.68,28.71,36.065,-102.46,59.838,21.124,9.2804,-17.104,-6.9783,-27.943
-3.8865,-104.74,-109.76,30.38,37.476,-112.49,59.968,18.716,7.5767,-20.949,-8.2878,-28.856
-3.3991,-112.71,-117.81,31.578,40.021,-120.58,59.447,16.425,5.8794,-25.089,-9.7038,-28.669
-1.9814,-114,-121.51,30.329,42.221,-123.13,58.229,14.165,4.1807,-29.156,-11.3,-28.258
0.24042,-106.01,-118.4,25.693,42.105,-117.59,56.322,11.874,2.4539,-33.057,-13.15,-28.482
2.8881,-88.606,-107.49,18.075,38.827,-103.23,53.854,9.5301,0.67981,-36.872,-15.299,-29.818
5.4507,-64.991,-89.714,8.8897,33.245,-81.76,51.11,7.151,-1.1295,-40.67,-17.733,-32.199
7.439,-40.21,-68.114,0.018642,26.958,-57.841,48.446,4.7775,-2.9223,-44.471,-20.357,-35.119
8.5147,-18.286,-47.579,-6.8697,20.673,-36.952,46.119,2.463,-4.6261,-48.282,-22.998,-37.881
8.5668,-2.1668,-31.377,-10.799,14.534,-21.236,44.19,0.25215,-6.184,-52.126,-25.476,-39.897
7.7189,6.5757,-20.15,-11.707,8.9184,-11.348,42.542,-1.8478,-7.5827,-56.029,-27.711,-40.945
6.2617,8.6867,-13.61,-10.481,4.2353,-6.8083,40.971,-3.8824,-8.8554,-60.001,-29.79,-41.294
4.5374,5.8579,-10.22,-8.6424,0.48987,-5.4353,39.299,-5.9361,-10.063,-64.027,-31.944,-41.628
2.8225,0.8228,-7.6518,-7.4462,-2.6556,-4.7208,37.46,-8.0924,-11.265,-68.073,-34.426,-42.822
1.2535,-2.3425,-3.8809,-7.4019,-5.4594,-4.0989,35.519,-10.389,-12.5,-72.075,-37.394,-45.67
-0.18048,-1.1723,0.67682,-8.4933,-7.8974,-4.6097,33.616,-12.792,-13.771,-75.91,-40.845,-50.587
-1.5716,2.997,3.0165,-10.172,-10.062,-2.3601,31.91,-15.191,-15.049,-79.423,-44.652,-57.422
-2.9816,7.6019,5.8929,-11.594,-12.107,1.9996,30.506,-17.419,-16.285,-82.555,-48.633,-65.499
-4.3614,10.916,8.9128,-12.146,-13.877,5.8078,29.391,-19.31,-17.45,-85.404,-52.545,-73.827
-5.5472,12.091,10.87,-11.63,-14.991,7.9495,28.435,-20.797,-18.583,-88.194,-56.152,-81.384
-6.32,11.23,11.202,-10.227,-15.148,8.203,27.458,-21.958,-19.811,-91.221,-59.412,-87.534
-6.4932,9.0524,10.036,-8.4981,-14.301,7.0231,26.296,-22.971,-21.32,-94.8,-62.539,-92.387
-5.9904,6.6708,7.9487,-7.1884,-12.724,5.2488,24.845,-24.016,-23.304,-99.166,-65.866,-96.764
-4.8853,5.1557,5.756,-6.8464,-10.957,3.8093,23.074,-25.196,-25.914,-104.35,-69.663,-101.93
-3.4086,5.0777,4.2666,-7.5929,-9.561,3.3744,21.027,-26.517,-29.187,-110.07,-74.002,-109.28
-1.9469,6.3973,4.0192,-9.1334,-8.9004,4.141,18.809,-27.905,-32.944,-115.8,-78.733,-119.93
-1.0146,8.5384,5.0939,-10.855,-9.1107,5.802,16.574,-29.272,-36.772,-121.04,-83.55,-134.24
-1.1069,10.551,7.085,-12.008,-10.182,7.6626,14.474,-30.574,-40.289,-125.64,-88.148,-150.8
-2.4782,11.469,9.2926,-11.975,-11.971,8.9259,12.584,-31.845,-43.459,-129.74,-92.398,-165.8
-5.0133,10.686,11.038,-10.495,-14.157,9.0225,10.87,-33.186,-46.601,-133.71,-96.422,-176.27
-8.2177,8.1755,11.904,-7.7654,-16.313,7.8111,9.2165,-34.722,-50.134,-137.98,-100.51,-182.7
-11.347,4.5876,11.823,-4.4627,-18.015,5.6438,7.4994,-36.56,-54.344,-142.99,-105,-187.08
-13.668,1.0892,11.01,-1.5737,-18.884,3.247,5.6458,-38.769,-59.251,-149.07,-110.14,-191.15
-14.672,-1.2314,9.7946,0.02409,-18.684,1.3618,3.6519,-41.385,-64.625,-156.26,-116.03,-196.02
-14.17,-1.8833,8.4556,-0.038658,-17.421,0.40198,1.5598,-44.403,-70.17,-164.24,-122.6,-202.12
-12.348,-1.0369,7.1513,-1.5324,-15.343,0.35817,-0.5717,-47.761,-75.724,-172.47,-129.62,-209.21
-9.7718,0.59363,5.9194,-3.7405,-12.87,0.84494,-2.6893,-51.33,-81.314,-180.47,-136.84,-216.73
-7.2762,1.9721,4.7186,-5.6915,-10.498,1.2401,-4.7592,-54.96,-87.068,-187.95,-144.03,-224.01
-5.7216,2.1381,3.4877,-6.5114,-8.6742,0.94611,-6.7751,-58.553,-93.096,-194.83,-151.01,-230.31
-5.6994,0.55759,2.2046,-5.7131,-7.6606,-0.35063,-8.7646,-62.096,-99.432,-201.28,-157.7,-234.88
-7.2647,-2.6986,0.9186,-3.3465,-7.4461,-2.5566,-10.798,-65.634,-106.05,-207.65,-164.13,-237.3
-9.8698,-6.871,-0.25966,-0.073354,-7.8039,-5.2062,-12.981,-69.24,-112.88,-214.44,-170.42,-237.79
-12.654,-10.807,-1.2031,3.0746,-8.4536,-7.685,-15.4,-73.026,-119.87,-222.1,-176.77,-237.24
-14.809,-13.639,-1.8167,5.2626,-9.1798,-9.5549,-18.037,-77.126,-126.94,-230.65,-183.32,-236.84
-15.9,-15.06,-2.0777,6.1497,-9.8467,-10.702,-20.725,-81.612,-134.04,-239.65,-190.04,-237.43
-16.072,-15.242,-2.0733,5.8901,-10.358,-11.271,-23.205,-86.398,-141.16,-248.48,-196.68,-239.16
-15.852,-14.85,-2.0092,5.1109,-10.656,-11.601,-25.264,-91.263,-148.34,-256.81,-202.99,-241.58
-15.846,-14.91,-2.1602,4.6867,-10.731,-12.189,-26.824,-96.015,-155.55,-264.83,-208.87,-243.91
-16.541,-16.407,-2.7815,5.3382,-10.575,-13.543,-27.925,-100.59,-162.72,-273.03,-214.44,-245.38
-18.104,-19.9,-4.0245,7.4143,-10.13,-15.963,-28.674,-105.06,-169.78,-281.85,-219.9,-245.47
-20.268,-25.226,-5.8801,10.814,-9.3072,-19.363,-29.189,-109.54,-176.65,-291.38,-225.47,-244.03
-22.383,-31.392,-8.1616,14.885,-8.0558,-23.226,-29.573,-114.14,-183.29,-301.19,-231.37,-241.37
-23.627,-36.965,-10.548,18.604,-6.4318,-26.81,-29.888,-118.95,-189.76,-310.53,-237.77,-238.19
-23.426,-40.781,-12.681,21.023,-4.6355,-29.506,-30.145,-123.95,-196.08,-319.15,-244.75,-235.25
-21.838,-42.453,-14.268,21.717,-2.9934,-31.074,-30.317,-129.01,-202.11,-327.87,-252.09,-233.14
-19.621,-42.448,-15.149,21.005,-1.8872,-31.661,-30.361,-133.89,-207.63,-336.97,-259.13,-232.04
-17.899,-41.818,-15.342,19.797,-1.6178,-31.689,-30.228,-138.36,-212.58,-344.62,-265.11,-231.8
-17.492,-41.734,-15.075,19.152,-2.2591,-31.689,-29.895,-142.31,-217.17,-349.98,-269.76,-231.87
-18.584,-42.963,-14.73,19.801,-3.6001,-32.111,-29.384,-145.82,-221.65,-354.16,-273.39,-231.52
-20.804,-45.635,-14.728,21.903,-5.2086,-33.195,-28.782,-149.13,-226.21,-358.5,-276.44,-230.12
-23.348,-49.288,-15.363,24.977,-6.57,-34.907,-28.229,-152.48,-230.96,-364.13,-279.32,-227.43
-25.222,-52.975,-16.684,27.997,-7.242,-36.927,-27.871,-156.01,-236.15,-371.71,-282.29,-223.6
-25.594,-55.61,-18.487,29.917,-6.9765,-38.738,-27.804,-159.68,-242,-381.08,-285.48,-219.08
-24.149,-56.487,-20.432,30.18,-5.7692,-39.858,-28.023,-163.3,-248.42,-391.08,-288.82,-214.31
-21.244,-55.493,-22.22,28.771,-3.8344,-40.049,-28.43,-166.69,-254.9,-400.34,-292.17,-209.65
-17.621,-53.109,-23.699,26.138,-1.5412,-39.388,-28.88,-169.7,-260.88,-408.18,-295.3,-205.33
-14.075,-50.338,-24.856,23.083,0.68771,-38.278,-29.241,-172.29,-266.13,-414.62,-298.06,-201.46
-11.318,-48.261,-25.763,20.501,2.5013,-37.32,-29.438,-174.48,-270.63,-419.81,-300.42,-197.6
-9.7955,-47.411,-26.535,19.025,3.7032,-36.991,-29.476,-176.29,-274.47,-423.83,-302.43,-192.65
-9.5497,-47.709,-27.275,18.851,4.2668,-37.404,-29.427,-177.74,-277.78,-426.7,-304.02,-185.19
-10.268,-48.799,-27.981,19.707,4.3101,-38.332,-29.41,-178.85,-280.69,-428.57,-304.61,-174.35
-11.377,-50.099,-28.501,20.818,4.0457,-39.341,-29.54,-179.61,-283.31,-429.73,-303.22,-160.63
-12.137,-50.783,-28.587,21.226,3.7056,-39.916,-29.875,-180,-285.49,-430.26,-299.24,-145.87
-11.943,-50.029,-27.993,20.372,3.4506,-39.597,-30.384,-180.01,-286.85,-429.88,-293.1,-131.88
-10.659,-47.312,-26.573,18.178,3.313,-38.099,-30.947,-179.62,-286.98,-428.19,-285.8,-119.45
-8.5999,-42.583,-24.334,14.845,3.2084,-35.391,-31.395,-178.78,-285.71,-424.87,-278.04,-108.58
-6.2966,-36.473,-21.464,10.918,2.9908,-31.747,-31.569,-177.43,-283,-419.66,-269.94,-99.004
-4.3596,-30.283,-18.309,7.3599,2.5148,-27.752,-31.356,-175.48,-278.86,-412.29,-261.17,-90.488
-3.3301,-25.403,-15.286,5.1051,1.6927,-24.15,-30.721,-172.84,-273.44,-402.69,-251.38,-82.669
-3.4759,-22.586,-12.743,4.5635,0.53194,-21.542,-29.72,-169.37,-267.18,-391.38,-240.43,-75.012
-4.6717,-21.672,-10.832,5.5166,-0.85827,-20.037,-28.476,-164.96,-260.77,-379.37,-228.52,-67.106
-6.4382,-21.677,-9.4641,7.2554,-2.2913,-19.177,-27.111,-159.72,-254.75,-367.68,-216.22,-58.965
-8.1139,-21.299,-8.3774,8.8233,-3.5483,-18.223,-25.68,-153.94,-249.21,-357,-204.28,-51.081
-9.058,-19.778,-7.2647,9.411,-4.4247,-16.626,-24.161,-147.94,-243.72,-347.34,-193.19,-44.194
-8.8336,-17.059,-5.9325,8.6183,-4.7634,-14.227,-22.493,-141.89,-237.61,-338.06,-183.01,-38.863
-7.3366,-13.265,-4.4108,6.4218,-4.4806,-11.168,-20.609,-135.79,-230.49,-328.22,-173.34,-35.169
-4.8222,-8.7804,-2.953,3.209,-3.5908,-7.8446,-18.45,-129.58,-222.59,-317.16,-163.63,-32.714
-1.8228,-4.5602,-1.9267,-0.19261,-2.2235,-4.9073,-16.007,-123.31,-214.52,-304.97,-153.41,-30.796
1.0158,-1.6795,-1.6317,-2.8516,-0.611,-3.0042,-13.384,-117.1,-206.78,-292.37,-142.62,-28.677
3.1276,-0.68011,-2.1375,-4.174,0.96029,-2.4466,-10.826,-111.1,-199.58,-279.92,-131.69,-25.849
4.1969,-1.4302,-3.226,-4.0619,2.2199,-3.09,-8.6181,-105.38,-192.87,-268.04,-121.31,-22.201
4.2467,-3.2198,-4.447,-2.8964,2.9776,-4.3816,-6.9435,-99.899,-186.27,-257.18,-111.84,-18.026
3.5923,-4.976,-5.2605,-1.4137,3.1607,-5.5307,-5.8141,-94.602,-179.34,-247.17,-103.13,-13.883
2.6963,-5.6944,-5.2238,-0.39805,2.822,-5.7984,-5.0897,-89.479,-171.72,-237.36,-94.83,-10.396
2.003,-4.7826,-4.1491,-0.36155,2.1242,-4.747,-4.5516,-84.564,-163.32,-227.12,-86.726,-8.0193
1.7862,-2.1926,-2.1808,-1.4046,1.2984,-2.3743,-3.9838,-79.872,-154.32,-216.24,-78.78,-6.8532
2.0749,1.4499,0.23293,-3.1837,0.58074,0.79882,-3.2383,-75.368,-145.13,-204.92,-71.093,-6.569
2.6882,4.948,2.4937,-5.0175,0.14896,3.8435,-2.2679,-71.043,-136.29,-193.56,-63.838,-6.5208
3.3401,7.1714,4.0615,-6.2234,0.084968,5.894,-1.1234,-66.977,-128.22,-182.49,-57.177,-6.0043
3.7518,7.6135,4.6128,-6.4307,0.34143,6.5437,0.071974,-63.283,-121.01,-171.98,-51.226,-4.541
3.7294,6.4454,4.2038,-5.6704,0.70608,5.9119,1.1625,-59.99,-114.48,-162.2,-46.101,-2.069
3.2013,4.4018,3.3765,-4.3239,0.82359,4.5851,2.0077,-57.027,-108.29,-153.3,-41.914,1.0282
2.2198,2.5401,2.9669,-2.9676,0.29561,3.4333,2.532,-54.275,-102.17,-145.28,-38.684,4.0583
0.92615,1.7957,3.7291,-2.1322,-1.1528,3.2521,2.7561,-51.613,-96.042,-138.04,-36.331,6.268
-0.51114,2.6305,5.9874,-2.0995,-3.5208,4.4426,2.7918,-48.95,-90.001,-131.44,-34.735,7.1124
-1.9506,4.9257,9.4799,-2.8154,-6.4876,6.8956,2.8021,-46.242,-84.211,-125.26,-33.759,6.4595
-3.2941,7.9642,13.441,-3.9042,-9.4987,9.9915,2.9394,-43.511,-78.817,-119.32,-33.237,4.6458
-4.4546,10.633,16.855,-4.8212,-11.948,12.757,3.2846,-40.825,-73.941,-113.61,-32.992,2.3465
-5.3092,11.953,18.812,-5.1199,-13.34,14.28,3.8153,-38.257,-69.676,-108.53,-32.868,0.32049
-5.6852,11.508,18.813,-4.6524,-13.387,14.096,4.4197,-35.839,-66.053,-104.57,-32.764,-0.86049
-5.402,9.5376,16.912,-3.6193,-12.071,12.327,4.9474,-33.55,-63.01,-101.75,-32.657,-1.0024
-4.344,6.8745,13.707,-2.5009,-9.64,9.66,5.2677,-31.322,-60.401,-99.649,-32.595,-0.34496
-2.5322,4.631,10.135,-1.8542,-6.5449,7.1005,5.3092,-29.073,-58.037,-97.858,-32.673,0.53099
-0.15971,3.6675,7.1039,-2.0575,-3.3266,5.5091,5.0691,-26.76,-55.741,-96.177,-32.978,0.90726
2.4327,4.2795,5.1831,-3.1661,-0.4931,5.2779,4.6009,-24.42,-53.395,-94.535,-33.549,0.18266
4.8332,6.1671,4.4887,-4.9077,1.5893,6.2517,3.9904,-22.157,-50.989,-92.919,-34.348,-1.8845
6.6439,8.523,4.6923,-6.7648,2.7635,7.7831,3.3346,-20.065,-48.592,-91.31,-35.255,-5.0413
7.5562,10.338,5.167,-8.1427,3.0725,9.0048,2.7306,-18.162,-46.29,-89.657,-36.089,-8.6053
7.4253,10.841,5.3188,-8.5802,2.6838,9.2395,2.2684,-16.391,-44.119,-87.871,-36.648,-11.706
6.3377,9.7582,4.8784,-7.8991,1.8327,8.2491,2.0052,-14.663,-42.059,-85.845,-36.781,-13.582
4.6302,7.3785,3.9792,-6.2632,0.77772,6.3028,1.9271,-12.906,-40.053,-83.493,-36.453,-13.824
2.8081,4.5187,3.0107,-4.1694,-0.20502,4.0949,1.9389,-11.1,-38.035,-80.824,-35.78,-12.52
1.4052,2.2162,2.336,-2.3267,-0.83936,2.4139,1.891,-9.2711,-35.949,-77.992,-34.969,-10.232
0.87974,1.2337,2.0819,-1.3886,-0.92294,1.7485,1.624,-7.475,-33.759,-75.196,-34.191,-7.7986
1.4856,1.7921,2.1159,-1.6874,-0.36584,2.1374,1.0199,-5.7626,-31.47,-72.513,-33.504,-6.0164
3.1332,3.5725,2.1403,-3.124,0.78839,3.2166,0.049784,-4.159,-29.124,-69.856,-32.861,-5.3231
5.3746,5.8132,1.8547,-5.1906,2.3285,4.3691,-1.2067,-2.6479,-26.782,-67.09,-32.161,-5.5874
7.5202,7.5772,1.1285,-7.1192,3.8663,4.9919,-2.5856,-1.1731,-24.499,-64.133,-31.29,-6.1332
8.833,8.1446,0.099113,-8.171,4.9289,4.7565,-3.899,0.33611,-22.295,-60.998,-30.152,-6.009
8.7585,7.2512,-0.85522,-7.9051,5.1384,3.7204,-5.0041,1.9286,-20.166,-57.751,-28.708,-4.36
7.1735,5.1393,-1.2774,-6.2873,4.3507,2.2923,-5.8543,3.6086,-18.107,-54.465,-27.01,-0.75452
4.487,2.519,-0.85208,-3.7317,2.7264,1.0595,-6.519,5.3331,-16.139,-51.206,-25.198,4.6315
1.4774,0.3423,0.44001,-1.0673,0.70347,0.52596,-7.1573,7.0256,-14.304,-48.031,-23.438,11.058
-0.92574,-0.5986,2.2897,0.75097,-1.1452,0.92924,-7.9496,8.6062,-12.628,-44.955,-21.822,17.502
-1.8955,0.06802,4.1644,1.0678,-2.2673,2.2136,-9.0132,10.033,-11.089,-41.9,-20.324,23.034
-1.0653,2.2373,5.5296,-0.24678,-2.285,4.07,-10.337,11.336,-9.6068,-38.673,-18.811,27.123
1.2672,5.285,6.0576,-2.7494,-1.149,6.0077,-11.767,12.627,-8.0705,-35.002,-17.127,29.795
4.2688,8.1636,5.6901,-5.497,0.80699,7.496,-13.062,14.058,-6.3965,-30.601,-15.171,31.612
6.9009,9.8385,4.5909,-7.4206,2.9724,8.1306,-14.019,15.754,-4.5725,-25.415,-12.937,33.459
8.2779,9.7343,3.1211,-7.8088,4.6667,7.7529,-14.57,17.741,-2.6635,-20.035,-10.484,36.231
7.9347,7.9128,1.8287,-6.5241,5.3073,6.5502,-14.797,19.912,-0.76869,-15.374,-7.8936,40.48
5.963,5.1173,1.3652,-4.0382,4.5464,5.0936,-14.862,22.059,1.0356,-11.61,-5.2394,46.126
2.9847,2.5702,2.266,-1.3213,2.4257,4.1696,-14.939,23.989,2.7279,-8.3038,-2.5769,52.455
-0.095912,1.4036,4.6669,0.58788,-0.61624,4.4327,-15.154,25.605,4.3424,-5.0665,0.074278,58.446
-2.4427,2.1773,8.2126,1.0473,-3.9316,6.1142,-15.551,26.912,5.951,-1.7177,2.7384,63.213
-3.5833,4.7562,12.202,-0.030535,-6.8942,8.9293,-16.097,27.968,7.6401,1.7896,5.4802,66.337
-3.5196,8.3311,15.807,-2.1923,-9.0588,12.134,-16.696,28.837,9.4823,5.4317,8.3913,67.991
-2.6301,11.635,18.267,-4.5705,-10.2,14.759,-17.249,29.553,11.509,9.1602,11.563,68.81
-1.4836,13.479,19.082,-6.2339,-10.278,15.984,-17.705,30.11,13.687,12.936,15.042,69.608
-0.63282,13.216,18.164,-6.5766,-9.462,15.435,-18.087,30.463,15.909,16.723,18.795,71.054
-0.41083,10.905,15.895,-5.4904,-8.1403,13.309,-18.473,30.541,18.02,20.441,22.695,73.394
-0.8185,7.3713,13.046,-3.3906,-6.7809,10.367,-18.942,30.281,19.881,23.942,26.57,76.366
-1.5723,4.0022,10.531,-1.1184,-5.7367,7.6921,-19.515,29.657,21.449,27.098,30.263,79.375
-2.2594,2.0541,9.0393,0.42536,-5.123,6.1801,-20.145,28.703,22.798,29.964,33.696,81.788
-2.5228,2.1227,8.7767,0.69499,-4.8516,6.2041,-20.749,27.499,24.079,32.826,36.89,83.151
-2.2006,4.1,9.4636,-0.35199,-4.7342,7.5934,-21.238,26.134,25.422,35.979,39.935,83.312
-1.3604,7.1777,10.449,-2.2593,-4.5347,9.6736,-21.535,24.667,26.855,39.345,42.91,82.47
-0.22732,10.041,10.958,-4.2178,-4.0182,11.46,-21.561,23.131,28.307,42.506,45.822,81.124
0.93863,11.53,10.405,-5.4588,-3.0271,12.099,-21.229,21.563,29.659,45.191,48.599,79.9
1.9507,11.118,8.5993,-5.5935,-1.5419,11.194,-20.467,20.038,30.828,47.398,51.136,79.323
2.7452,8.9494,5.7976,-4.6776,0.30083,8.892,-19.281,18.656,31.793,49.188,53.342,79.594
3.3726,5.816,2.6422,-3.1637,2.2404,5.9003,-17.794,17.497,32.576,50.597,55.175,80.507
3.9589,2.9579,-0.048869,-1.7663,3.9602,3.2572,-16.152,16.585,33.217,51.698,56.653,81.54
4.648,1.5024,-1.5734,-1.1789,5.1734,1.8564,-14.364,15.888,33.757,52.638,57.846,82.073
5.5239,2.0096,-1.5774,-1.8048,5.6969,2.1067,-12.282,15.345,34.234,53.559,58.839,81.621
6.5313,4.3844,-0.14986,-3.6197,5.4888,3.8755,-9.751,14.917,34.69,54.523,59.705,80.024
7.4541,7.8927,2.2211,-6.1451,4.6438,6.5485,-6.7307,14.625,35.152,55.51,60.5,77.51
7.9769,11.333,4.8344,-8.5575,3.3513,9.2236,-3.2892,14.536,35.626,56.476,61.26,74.614
7.8209,13.553,7.0457,-10.029,1.843,11.072,0.44634,14.728,36.089,57.397,61.992,71.971
6.897,13.934,8.4725,-10.097,0.35378,11.641,4.2938,15.244,36.495,58.243,62.667,70.078
5.3835,12.549,9.0442,-8.8041,-0.90482,10.967,8.0271,16.074,36.802,58.94,63.221,69.089
3.6864,10.116,8.9297,-6.6972,-1.7616,9.5365,11.43,17.149,36.98,59.373,63.583,68.753
2.326,7.7585,8.4287,-4.6634,-2.104,8.0755,14.365,18.355,37.026,59.442,63.703,68.528
1.7672,6.489,7.8661,-3.534,-1.9066,7.2316,16.81,19.557,36.956,59.093,63.576,67.788
2.2245,6.8281,7.5025,-3.7393,-1.2523,7.3549,18.817,20.633,36.802,58.325,63.244,66.041
3.5492,8.7026,7.4769,-5.1968,-0.32861,8.4394,20.459,21.507,36.598,57.195,62.782,63.129
5.2707,11.454,7.784,-7.3411,0.6048,10.125,21.813,22.166,36.367,55.836,62.281,59.296
6.7702,14.035,8.2885,-9.3265,1.2766,11.801,22.967,22.643,36.11,54.422,61.823,55.118
7.4983,15.492,8.7877,-10.387,1.4873,12.86,23.997,22.98,35.799,53.075,61.441,51.301
7.1721,15.341,9.1019,-10.13,1.1756,12.95,24.929,23.184,35.383,51.797,61.103,48.435
5.8774,13.658,9.1518,-8.6247,0.43387,12.083,25.72,23.217,34.808,50.49,60.718,46.755
4.0319,11.103,8.988,-6.4073,-0.52901,10.648,26.284,23.012,34.042,49.022,60.177,46.022
2.2296,8.7064,8.7542,-4.3105,-1.4535,9.2665,26.549,22.528,33.091,47.297,59.405,45.634
1.0382,7.389,8.5992,-3.0912,-2.0979,8.5079,26.504,21.778,32.004,45.304,58.386,44.86
0.81294,7.5612,8.5861,-3.1205,-2.2903,8.6407,26.204,20.835,30.864,43.121,57.156,43.124
1.5796,9.0432,8.6431,-4.2861,-1.9589,9.5491,25.747,19.801,29.766,40.904,55.781,40.217
3.0404,11.138,8.5798,-6.0541,-1.1458,10.765,25.258,18.773,28.777,38.82,54.325,36.381
4.7026,12.892,8.1704,-7.6819,-0.0029234,11.655,24.853,17.82,27.914,36.968,52.814,32.216
6.0605,13.521,7.2761,-8.5385,1.236,11.703,24.595,16.958,27.124,35.322,51.23,28.488
6.7516,12.695,5.9541,-8.3313,2.3011,10.727,24.462,16.148,26.3,33.74,49.498,25.872
6.6434,10.625,4.4945,-7.1688,2.9428,8.9612,24.349,15.32,25.325,32.021,47.514,24.672
5.8433,8.0341,3.3352,-5.5182,2.9983,7.003,24.111,14.406,24.128,29.982,45.19,24.663
4.6381,5.8919,2.8724,-4.0175,2.4404,5.5706,23.621,13.389,22.721,27.573,42.518,25.181
3.378,4.9522,3.2781,-3.1934,1.3857,5.1506,22.812,12.303,21.202,24.944,39.604,25.397
2.3705,5.4714,4.4564,-3.2778,0.078198,5.8457,21.708,11.211,19.709,22.395,36.643,24.627
1.8175,7.1911,6.0649,-4.16,-1.1499,7.3849,20.423,10.165,18.357,20.198,33.822,22.587
1.7919,9.4172,7.5636,-5.4364,-1.951,9.175,19.125,9.1951,17.185,18.462,31.248,19.465
2.2489,11.228,8.3514,-6.5695,-2.0464,10.46,17.978,8.3079,16.157,17.139,28.91,15.842
3.0579,11.866,7.9819,-7.1122,-1.2991,10.627,17.095,7.4927,15.192,16.107,26.725,12.476
4.0527,11.034,6.3465,-6.8795,0.22529,9.4694,16.5,6.7264,14.219,15.236,24.604,10.057
5.074,8.9894,3.7618,-5.9931,2.2466,7.2767,16.136,5.9779,13.212,14.422,22.525,8.9716
5.9895,6.4902,0.92396,-4.8319,4.3323,4.773,15.889,5.2164,12.195,13.596,20.54,9.1642
6.6965,4.497,-1.3223,-3.8817,6.0143,2.842,15.639,4.4135,11.226,12.721,18.737,10.167
7.1262,3.7584,-2.3053,-3.5318,6.9196,2.1496,15.327,3.5531,10.366,11.788,17.177,11.258
7.2461,4.5358,-1.7593,-3.93,6.8715,2.9188,14.986,2.6393,9.6642,10.822,15.886,11.723
7.0504,6.5646,0.11667,-4.9346,5.9305,4.8837,14.731,1.6987,9.1458,9.8802,14.873,11.091
6.5498,9.1144,2.7288,-6.1521,4.3626,7.3611,14.706,0.77541,8.813,9.0305,14.143,9.3027
5.7703,11.235,5.299,-7.0756,2.5462,9.5007,14.999,-0.082991,8.6439,8.326,13.695,6.7109
4.7667,12.144,7.1539,-7.2884,0.85108,10.615,15.606,-0.84173,8.6,7.7815,13.504,3.9507
3.636,11.497,7.9401,-6.6243,-0.46307,10.406,16.43,-1.487,8.6385,7.3682,13.504,1.7032
2.5156,9.506,7.7052,-5.2358,-1.2903,9.0642,17.332,-2.0277,8.7274,7.0258,13.597,0.45756
1.5608,6.9204,6.8571,-3.5663,-1.6681,7.2131,18.175,-2.4824,8.8519,6.6857,13.663,0.33299
0.9066,4.7622,5.9897,-2.1961,-1.7435,5.6693,18.86,-2.8681,9.0076,6.2957,13.589,1.0194
0.62555,3.8477,5.629,-1.6012,-1.7194,5.063,19.324,-3.1962,9.1883,5.8378,13.29,1.8707
0.68875,4.4939,6.0431,-1.9723,-1.7873,5.6297,19.546,-3.4741,9.3729,5.3318,12.736,2.1275
0.94146,6.4707,7.1655,-3.1434,-2.0802,7.1687,19.545,-3.7052,9.5311,4.8268,11.964,1.2028
1.1207,9.0255,8.6273,-4.6031,-2.6411,9.1062,19.383,-3.8845,9.6373,4.3812,11.065,-1.0819
0.92959,11.118,9.9159,-5.6639,-3.4054,10.693,19.14,-3.9961,9.6814,4.0406,10.14,-4.4283
0.16714,11.895,10.595,-5.7759,-4.2218,11.323,18.869,-4.021,9.6638,3.8156,9.2591,-8.1909
-1.1243,11.013,10.45,-4.7592,-4.899,10.747,18.554,-3.9534,9.5805,3.6682,8.419,-11.626
-2.6063,8.7177,9.508,-2.8715,-5.2444,9.1297,18.098,-3.8137,9.409,3.518,7.5596,-14.152
-3.7434,5.8111,8.0017,-0.76589,-5.095,7.0064,17.365,-3.65,9.1099,3.2703,6.5849,-15.537
-3.9924,3.3848,6.2705,0.72967,-4.3554,5.0941,16.251,-3.5261,8.6473,2.8587,5.4165,-15.97
-3.003,2.3113,4.6595,0.98048,-3.0398,3.99,14.742,-3.4931,8.0118,2.2806,4.0375,-15.983
-0.77566,2.9021,3.4168,-0.19623,-1.2913,3.9586,12.932,-3.5702,7.2364,1.6069,2.5099,-16.232
2.2932,4.8939,2.6376,-2.4834,0.64444,4.8891,10.983,-3.7381,6.3858,0.95636,0.95755,-17.233
5.5246,7.5437,2.2518,-5.1641,2.4804,6.3528,9.0701,-3.9477,5.5282,0.44914,-0.4798,-19.15
8.1776,9.8628,2.0764,-7.375,3.9569,7.7317,7.314,-4.1403,4.7085,0.15609,-1.691,-21.73
9.674,10.997,1.9015,-8.4376,4.9003,8.4468,5.757,-4.2725,3.935,0.068431,-2.6338,-24.4
9.7627,10.539,1.5669,-8.0762,5.2557,8.1713,4.3659,-4.3354,3.1844,0.10201,-3.3462,-26.491
8.5837,8.6427,1.0202,-6.4858,5.0827,6.9436,3.0591,-4.359,2.4186,0.136,-3.9263,-27.484
6.6047,5.9982,0.35631,-4.276,4.5168,5.1595,1.7434,-4.4002,1.6068,0.065059,-4.4883,-27.215
4.4553,3.5884,-0.18621,-2.2395,3.7131,3.458,0.34716,-4.5184,0.74301,-0.15739,-5.1146,-25.936
2.7073,2.2642,-0.30872,-1.0267,2.7945,2.4595,-1.1603,-4.7488,-0.14642,-0.50351,-5.8235,-24.212
1.6777,2.4316,0.21322,-0.93473,1.8271,2.5225,-2.7674,-5.0845,-1.0086,-0.88542,-6.566,-22.694
1.3537,3.971,1.4169,-1.8539,0.83069,3.6301,-4.4306,-5.4752,-1.7778,-1.1931,-7.251,-21.876
1.4689,6.2785,3.1005,-3.3212,-0.18886,5.3863,-6.0879,-5.846,-2.4013,-1.3424,-7.7895,-21.927
1.6535,8.4537,4.8646,-4.701,-1.2037,7.1304,-7.6749,-6.1292,-2.8649,-1.3113,-8.1391,-22.645
1.5869,9.6527,6.237,-5.4419,-2.1508,8.1835,-9.1464,-6.2969,-3.2052,-1.1546,-8.3266,-23.568
1.1174,9.3931,6.8466,-5.2647,-2.9503,8.1049,-10.499,-6.3763,-3.5005,-0.98569,-8.4403,-24.163
0.29874,7.68,6.5698,-4.2181,-3.5416,6.8453,-11.782,-6.4417,-3.8409,-0.93357,-8.5948,-24.033
-0.66126,5.0442,5.5866,-2.6517,-3.9103,4.7929,-13.083,-6.5839,-4.29,-1.0913,-8.8878,-23.072
-1.4883,2.3946,4.2951,-1.1032,-4.0779,2.6431,-14.499,-6.8671,-4.8571,-1.4795,-9.3665,-21.522
-1.9274,0.59214,3.1224,-0.084756,-4.0558,1.0664,-16.092,-7.293,-5.4916,-2.0414,-10.017,-19.895
-1.8078,0.085041,2.3437,0.11777,-3.7993,0.43514,-17.856,-7.788,-6.1043,-2.6692,-10.774,-18.787
-1.0749,0.83879,1.9868,-0.47396,-3.2019,0.76344,-19.692,-8.225,-6.6055,-3.2454,-11.542,-18.645
0.21017,2.3861,1.7805,-1.564,-2.1235,1.7113,-21.431,-8.4751,-6.9432,-3.6864,-12.223,-19.574
1.8929,3.9557,1.2301,-2.7037,-0.45102,2.6287,-22.906,-8.4664,-7.1249,-3.9741,-12.738,-21.27
3.7579,4.7411,-0.12848,-3.4634,1.7946,2.7995,-24.037,-8.2149,-7.214,-4.163,-13.053,-23.137
5.5564,4.2196,-2.477,-3.5741,4.4166,1.7614,-24.864,-7.8097,-7.3021,-4.3554,-13.19,-24.505
7.028,2.3185,-5.6158,-2.994,7.0697,-0.51111,-25.531,-7.3635,-7.4712,-4.6547,-13.228,-24.889
7.9336,-0.52705,-8.973,-1.9063,9.2845,-3.5415,-26.214,-6.9587,-7.7606,-5.1221,-13.275,-24.179
8.1075,-3.4592,-11.77,-0.65682,10.6,-6.4479,-27.044,-6.6143,-8.1529,-5.7534,-13.417,-22.689
7.5059,-5.549,-13.311,0.36459,10.706,-8.3394,-28.048,-6.284,-8.5836,-6.4821,-13.68,-21.028
6.2257,-6.2197,-13.168,0.86862,9.4835,-8.738,-29.142,-5.8796,-8.9652,-7.1985,-14.017,-19.856
4.4879,-5.4117,-11.308,0.78041,7.1063,-7.6727,-30.183,-5.3135,-9.224,-7.7773,-14.325,-19.624
2.5981,-3.5613,-8.259,0.27685,4.1432,-5.6015,-31.032,-4.5417,-9.3282,-8.1141,-14.486,-20.384
0.90125,-1.4949,-5.0251,-0.2859,1.3878,-3.3204,-31.611,-3.5886,-9.2979,-8.1718,-14.415,-21.769
-0.265,-0.13081,-2.7208,-0.54393,-0.45798,-1.7395,-31.925,-2.5419,-9.1961,-8.0189,-14.097,-23.155
-0.63758,-0.10241,-2.1571,-0.29732,-0.94935,-1.53,-32.048,-1.5204,-9.1069,-7.8103,-13.6,-23.907
-0.11873,-1.5392,-3.5595,0.41159,0.052742,-2.8527,-32.094,-0.63168,-9.1074,-7.7019,-13.056,-23.625
1.1711,-3.9935,-6.4584,1.3233,2.2811,-5.2737,-32.159,0.062911,-9.2398,-7.7699,-12.603,-22.308
2.9184,-6.5547,-9.8354,2.0731,5.0889,-7.9061,-32.27,0.56305,-9.4968,-7.9878,-12.333,-20.36
4.6817,-8.2507,-12.526,2.3481,7.6641,-9.7914,-32.372,0.92045,-9.8265,-8.2533,-12.258,-18.446
5.9854,-8.4578,-13.67,2.007,9.2837,-10.272,-32.347,1.2107,-10.157,-8.4336,-12.311,-17.243
6.4481,-7.0639,-12.933,1.134,9.4948,-9.1455,-32.069,1.5005,-10.426,-8.4112,-12.375,-17.183
5.8881,-4.5125,-10.528,0.043716,8.2096,-6.7339,-31.453,1.8207,-10.602,-8.1228,-12.333,-18.285
4.3569,-1.7565,-7.1317,-0.79365,5.7279,-3.8734,-30.474,2.1594,-10.683,-7.5846,-12.119,-20.142
2.1209,0.11487,-3.7187,-0.935,2.6788,-1.5961,-29.16,2.4796,-10.69,-6.8953,-11.745,-22.086
-0.38083,0.39019,-1.2066,-0.16408,-0.17722,-0.63951,-27.578,2.7468,-10.657,-6.2039,-11.293,-23.442
-2.6148,-1.0158,-0.1139,1.3852,-2.2091,-1.1869,-25.82,2.9494,-10.626,-5.6499,-10.877,-23.772
-4.071,-3.5072,-0.42482,3.2027,-3.0777,-2.8294,-24.001,3.1034,-10.63,-5.3054,-10.586,-23.016
-4.3991,-5.9633,-1.6627,4.5547,-2.7353,-4.7114,-22.243,3.2411,-10.679,-5.1477,-10.452,-21.51
-3.5279,-7.2741,-3.1259,4.8213,-1.4259,-5.948,-20.642,3.3955,-10.75,-5.0798,-10.429,-19.856
-1.7057,-6.8319,-4.1679,3.7651,0.33454,-6.0047,-19.212,3.5891,-10.793,-4.9825,-10.422,-18.7
0.55226,-4.6595,-4.4121,1.6224,1.9577,-4.7897,-17.857,3.8291,-10.751,-4.7641,-10.329,-18.482
2.591,-1.4535,-3.8544,-0.9106,3.0098,-2.6721,-16.429,4.1103,-10.587,-4.3859,-10.092,-19.258
3.8001,1.5483,-2.8093,-2.9052,3.296,-0.44069,-14.82,4.4217,-10.288,-3.8695,-9.7214,-20.684
3.8051,3.161,-1.7499,-3.6187,2.8567,1.0228,-13.015,4.7493,-9.8764,-3.293,-9.289,-22.159
2.623,2.8063,-1.1006,-2.7762,1.9247,1.1916,-11.086,5.0805,-9.4,-2.768,-8.8908,-23.063
0.68183,0.6423,-1.0607,-0.64265,0.83972,0.085888,-9.1693,5.4018,-8.9194,-2.3998,-8.6105,-22.986
-1.3193,-2.4469,-1.5494,1.9924,-0.04821,-1.7544,-7.4241,5.6953,-8.4916,-2.2495,-8.4956,-21.88
-2.6224,-5.1377,-2.2759,4.0727,-0.46779,-3.4865,-5.9864,5.939,-8.1508,-2.3156,-8.5506,-20.062
-2.6749,-6.3341,-2.8887,4.7777,-0.29422,-4.3665,-4.9074,6.1116,-7.8945,-2.5405,-8.742,-18.083
-1.3695,-5.5911,-3.1295,3.8315,0.42685,-4.0396,-4.1201,6.1996,-7.6841,-2.8345,-9.0138,-16.525
0.89878,-3.1298,-2.9278,1.5285,1.5,-2.5956,-3.4555,6.2046,-7.463,-3.1052,-9.305,-15.787
3.395,0.17591,-2.4207,-1.3018,2.6395,-0.56001,-2.7085,6.1425,-7.184,-3.2828,-9.5659,-15.934
5.3094,2.9998,-1.8836,-3.5506,3.5542,1.2556,-1.72,6.0409,-6.8299,-3.3344,-9.7659,-16.685
6.0126,4.2078,-1.6018,-4.3373,4.0279,2.1186,-0.43802,5.9319,-6.4104,-3.2723,-9.8919,-17.524
5.2467,3.3412,-1.7341,-3.3336,3.9649,1.7041,1.0651,5.8439,-5.9565,-3.1546,-9.9444,-17.905
3.2108,0.69232,-2.2318,-0.81584,3.4,0.18629,2.6231,5.7898,-5.513,-3.0692,-9.9362,-17.453
0.50589,-2.745,-2.8401,2.3665,2.4718,-1.8229,4.0323,5.7591,-5.1312,-3.0998,-9.8923,-16.097
-2.0718,-5.6247,-3.1834,5.0837,1.3679,-3.4922,5.117,5.7187,-4.858,-3.2894,-9.8462,-14.078
-3.8483,-6.9122,-2.9173,6.4819,0.25885,-4.1314,5.781,5.6257,-4.72,-3.6225,-9.8293,-11.845
-4.5384,-6.2298,-1.8719,6.268,-0.75079,-3.4405,6.0311,5.4471,-4.7099,-4.0305,-9.8574,-9.8876
-4.2834,-3.8565,-0.13244,4.6898,-1.6308,-1.5756,5.9619,5.1781,-4.7848,-4.4173,-9.9191,-8.563
-3.5247,-0.67697,1.9632,2.4598,-2.4,0.88192,5.7131,4.8484,-4.8793,-4.6934,-9.9732,-7.9731
-2.8188,2.0925,3.9203,0.50904,-3.092,3.0981,5.4113,4.5127,-4.9305,-4.8069,-9.9578,-7.9462
-2.6255,3.4436,5.2621,-0.41681,-3.728,4.3265,5.1236,4.2265,-4.9031,-4.7646,-9.8116,-8.1163
-3.1496,2.9268,5.7122,0.010479,-4.3016,4.1975,4.8453,4.0218,-4.8027,-4.6323,-9.5014,-8.0644
-4.3034,0.71527,5.2958,1.6755,-4.7759,2.8216,4.5242,3.891,-4.6718,-4.5105,-9.0433,-7.4762
-5.7471,-2.3871,4.3242,4.0129,-5.0919,0.76419,4.1001,3.7916,-4.5699,-4.4917,-8.5057,-6.2532
-6.9851,-5.1953,3.2599,6.1444,-5.1866,-1.1673,3.5384,3.6657,-4.549,-4.6215,-7.9872,-4.5476
-7.539,-6.7213,2.5167,7.2834,-5.015,-2.2871,2.8474,3.4636,-4.6345,-4.8798,-7.5786,-2.7168
-7.1473,-6.5358,2.3031,7.0696,-4.5696,-2.2724,2.0738,3.1648,-4.8156,-5.1895,-7.3269,-1.1988
-5.8793,-4.7766,2.5696,5.6048,-3.8907,-1.2067,1.285,2.786,-5.0492,-5.4482,-7.2157,-0.35986
-4.1049,-2.112,3.0486,3.4075,-3.0606,0.44877,0.55477,2.3753,-5.2745,-5.57,-7.1746,-0.35412
-2.3531,0.40783,3.3709,1.2857,-2.1829,1.9897,-0.043723,1.9945,-5.4348,-5.5196,-7.1144,-1.0559
-1.1301,1.7914,3.2108,0.011365,-1.3567,2.7403,-0.44759,1.6968,-5.4976,-5.3224,-6.9717,-2.1026
-0.75206,1.4982,2.4097,0.011953,-0.65691,2.319,-0.62217,1.5086,-5.4674,-5.0496,-6.7389,-3.0306
-1.2449,-0.43304,1.0308,1.2727,-0.1247,0.74937,-0.57727,1.4207,-5.3847,-4.7853,-6.4686,-3.4451
-2.3387,-3.3845,-0.651,3.3482,0.23243,-1.536,-0.36664,1.3905,-5.3103,-4.5923,-6.2495,-3.1594
-3.5608,-6.3268,-2.23,5.4797,0.43272,-3.8212,-0.065278,1.3568,-5.2976,-4.4907,-6.1666,-2.2649
-4.415,-8.2747,-3.3133,6.9079,0.50758,-5.4013,0.26467,1.2631,-5.3665,-4.4527,-6.2608,-1.086
-4.5852,-8.6808,-3.6568,7.1851,0.48858,-5.8558,0.6026,1.08,-5.4902,-4.415,-6.5051,-0.066857
-4.0498,-7.5327,-3.2434,6.2721,0.40103,-5.1504,0.97528,0.81787,-5.6057,-4.3055,-6.8079,0.40074
-3.0564,-5.3074,-2.2829,4.5159,0.26439,-3.6134,1.4403,0.52204,-5.6426,-4.0709,-7.0437,0.14798
-2.0092,-2.8548,-1.1442,2.5673,0.095225,-1.8443,2.0534,0.25189,-5.554,-3.6925,-7.0973,-0.67326
-1.3262,-1.1077,-0.2344,1.1481,-0.090272,-0.51968,2.8374,0.054159,-5.3345,-3.1871,-6.9128,-1.6232
-1.2929,-0.72561,0.13111,0.76806,-0.27381,-0.14466,3.7661,-0.056896,-5.0186,-2.6024,-6.5145,-2.1356
-1.9538,-1.8894,-0.18113,1.5669,-0.43296,-0.88473,4.7682,-0.10643,-4.6685,-2.0087,-6.0013,-1.7513
-3.0864,-4.235,-1.0841,3.272,-0.54297,-2.5108,5.747,-0.15271,-4.3554,-1.4837,-5.5109,-0.30957
-4.2735,-6.9243,-2.2877,5.2499,-0.58539,-4.4648,6.6098,-0.26996,-4.1387,-1.0892,-5.1643,1.9597
-5.061,-8.9865,-3.3923,6.7485,-0.56067,-6.0764,7.3029,-0.52483,-4.0449,-0.85039,-5.0158,4.5087
-5.1467,-9.7478,-4.0406,7.2371,-0.49548,-6.8339,7.8398,-0.95272,-4.0565,-0.74336,-5.034,6.6791
-4.4978,-9.0242,-4.0552,6.5745,-0.43545,-6.5495,8.306,-1.5486,-4.1176,-0.70227,-5.1212,7.9649
-3.3422,-7.1277,-3.4989,5.0106,-0.42439,-5.399,8.8283,-2.2672,-4.1567,-0.64196,-5.1574,8.2232
-2.0663,-4.7898,-2.6455,3.1148,-0.48076,-3.8687,9.5143,-3.038,-4.1175,-0.48753,-5.0453,7.7386
-1.0775,-2.9111,-1.8754,1.5767,-0.58195,-2.5833,10.396,-3.7875,-3.9802,-0.20339,-4.741,7.1066
-0.66367,-2.1974,-1.5333,0.92657,-0.66219,-2.0623,11.41,-4.4642,-3.7686,0.18515,-4.2644,6.9925
-0.8799,-2.914,-1.8157,1.3512,-0.62469,-2.5351,12.42,-5.0559,-3.5402,0.59038,-3.6902,7.8601
-1.5154,-4.7949,-2.726,2.6357,-0.36503,-3.87,13.289,-5.5926,-3.3622,0.89252,-3.1207,9.7724
-2.1691,-7.1018,-4.0907,4.2196,0.19868,-5.6171,13.939,-6.1315,-3.2818,0.99397,-2.6467,12.354
-2.4112,-8.9364,-5.618,5.432,1.0935,-7.1863,14.402,-6.7252,-3.3038,0.86988,-2.3108,14.94
-1.9676,-9.6442,-6.9877,5.8052,2.2678,-8.085,14.802,-7.3916,-3.3881,0.58725,-2.0905,16.812
-0.84044,-9.0271,-7.9546,5.2402,3.5918,-8.0876,15.315,-8.1011,-3.4674,0.28109,-1.9083,17.487
0.69839,-7.3834,-8.4249,4.0035,4.8852,-7.305,16.088,-8.7905,-3.476,0.1013,-1.6652,16.921
2.2217,-5.418,-8.4628,2.6122,5.9545,-6.1459,17.181,-9.3912,-3.3739,0.15638,-1.2785,15.537
3.2976,-3.9397,-8.2199,1.6149,6.6207,-5.1358,18.531,-9.8539,-3.1569,0.47493,-0.714,14.049
3.6186,-3.4843,-7.8421,1.3622,6.7436,-4.6701,19.976,-10.163,-2.8547,0.99665,0.0081624,13.163
3.0842,-4.1263,-7.3949,1.8893,6.247,-4.8531,21.337,-10.339,-2.5212,1.597,0.81967,13.29
1.8159,-5.4871,-6.8203,2.9278,5.1314,-5.4706,22.493,-10.434,-2.2193,2.1365,1.6279,14.388
0.09704,-6.8917,-5.9574,4.0276,3.4688,-6.084,23.392,-10.516,-2.0003,2.512,2.3442,15.991
-1.7354,-7.6732,-4.6427,4.7545,1.3943,-6.2363,24.026,-10.647,-1.8871,2.6885,2.9025,17.414
-3.3996,-7.4633,-2.8339,4.8689,-0.89984,-5.6686,24.443,-10.864,-1.8658,2.7058,3.2778,18.01
-4.7393,-6.3056,-0.67437,4.4058,-3.174,-4.421,24.764,-11.148,-1.8915,2.6586,3.4929,17.409
-5.7312,-4.626,1.5257,3.653,-5.1653,-2.8107,25.145,-11.432,-1.9059,2.6618,3.6181,15.644
-6.4319,-3.0874,3.3661,3.0263,-6.6268,-1.3255,25.646,-11.628,-1.8626,2.8086,3.7452,13.14
-6.89,-2.3196,4.4631,2.8774,-7.3681,-0.45034,26.154,-11.672,-1.7466,3.1304,3.9413,10.554
-7.0838,-2.6515,4.5631,3.3358,-7.2811,-0.48292,26.425,-11.547,-1.5822,3.5742,4.214,8.5523
-6.9143,-3.9803,3.6345,4.2471,-6.3532,-1.4153,26.207,-11.289,-1.4227,4.016,4.5124,7.5752
-6.2513,-5.7964,1.9047,5.223,-4.6841,-2.9208,25.34,-10.965,-1.327,4.3118,4.7573,7.6913
-5.0206,-7.3955,-0.19125,5.8208,-2.4983,-4.4697,23.803,-10.647,-1.3331,4.3632,4.8819,8.5835
-3.2903,-8.1972,-2.1611,5.753,-0.12812,-5.5467,21.716,-10.389,-1.4441,4.1579,4.8593,9.6698
-1.2939,-7.9451,-3.6403,4.9711,2.0495,-5.8542,19.296,-10.212,-1.6301,3.7637,4.7089,10.294
0.61121,-6.7524,-4.5068,3.656,3.7002,-5.418,16.779,-10.104,-1.8406,3.2916,4.4867,9.9406
2.0167,-5.0987,-4.8802,2.2038,4.6075,-4.5904,14.368,-10.017,-2.0171,2.8537,4.2691,8.4338
2.5582,-3.7149,-5.0232,1.153,4.7108,-3.9154,12.203,-9.8822,-2.1065,2.5299,4.1274,6.0282
2.0294,-3.2911,-5.2015,0.98395,4.0976,-3.8882,10.341,-9.6271,-2.0768,2.3471,4.0894,3.3231
0.4803,-4.1769,-5.5726,1.8923,2.959,-4.7474,8.7479,-9.2041,-1.9282,2.2754,4.1115,1.0431
-1.7332,-6.2305,-6.1375,3.6902,1.5518,-6.3691,7.3251,-8.6062,-1.6901,2.2455,4.0885,-0.21332
-4.008,-8.8081,-6.7601,5.8423,0.18867,-8.2735,5.9827,-7.8653,-1.4039,2.1819,3.908,-0.17728
-5.6631,-10.967,-7.2474,7.61,-0.79923,-9.8069,4.6991,-7.0354,-1.1012,2.0362,3.5124,0.99216
-6.1345,-11.885,-7.458,8.3231,-1.1428,-10.432,3.4985,-6.1723,-0.78973,1.8045,2.9299,2.7555
-5.1379,-11.19,-7.3913,7.651,-0.68395,-9.9275,2.4083,-5.3191,-0.4531,1.5246,2.2599,4.3713
-2.786,-9.0688,-7.2147,5.7202,0.60079,-8.4794,1.4617,-4.4994,-0.064667,1.2569,1.6228,5.1487
0.42347,-6.2544,-7.2071,3.0875,2.5626,-6.6691,0.70447,-3.7251,0.39155,1.0587,1.1194,4.7021
3.7755,-3.8025,-7.6363,0.56474,4.8879,-5.2651,0.17122,-2.9989,0.90409,0.95995,0.8014,3.1177
6.534,-2.6327,-8.6121,-1.0848,7.1576,-4.8645,-0.14314,-2.316,1.433,0.95568,0.65991,0.93584
8.1044,-3.1542,-9.9827,-1.404,8.9089,-5.6409,-0.2843,-1.6639,1.9271,1.016,0.63314,-1.0601
8.1816,-5.141,-11.336,-0.36664,9.7361,-7.2796,-0.31014,-1.0275,2.3482,1.1063,0.63236,-2.1476
6.8383,-7.7734,-12.117,1.5967,9.4114,-9.0608,-0.25861,-0.39755,2.6859,1.2036,0.57496,-1.9394
4.502,-9.9507,-11.831,3.7212,7.9505,-10.152,-0.14106,0.21661,2.9498,1.298,0.40923,-0.53458
1.8433,-10.801,-10.264,5.2302,5.6215,-9.992,0.037626,0.77602,3.149,1.3824,0.12036,1.5051
-0.43282,-9.9613,-7.6178,5.6282,2.886,-8.4858,0.25703,1.2151,3.274,1.4408,-0.27969,3.3462
-1.8503,-7.611,-4.5047,4.7874,0.26851,-6.0398,0.47777,1.4642,3.2998,1.4499,-0.76654,4.1834
-2.3033,-4.5006,-1.7603,2.9913,-1.7872,-3.474,0.65502,1.4821,3.2043,1.39,-1.313,3.5524
-2.0407,-1.7639,-0.13064,0.9298,-3.0261,-1.7087,0.75738,1.2798,2.9866,1.2577,-1.8924,1.5245
-1.5505,-0.38462,0.026114,-0.57425,-3.4586,-1.351,0.78334,0.92326,2.6758,1.0718,-2.4753,-1.3278
-1.3501,-0.78491,-1.1089,-0.9577,-3.3373,-2.4619,0.76935,0.51253,2.3235,0.87088,-3.0236,-4.164
-1.7298,-2.7656,-2.9316,-0.068818,-2.9366,-4.5448,0.78093,0.14532,1.986,0.70083,-3.4928,-6.1877
-2.5578,-5.5707,-4.7522,1.8293,-2.3608,-6.7574,0.88584,-0.12268,1.7032,0.59245,-3.8466,-6.9263
-3.3111,-8.1268,-6.0743,4.0358,-1.5514,-8.3036,1.1257,-0.30216,1.4845,0.54013,-4.0788,-6.3955
-3.3057,-9.5116,-6.7295,5.5896,-0.27566,-8.7194,1.5055,-0.46423,1.3112,0.50012,-4.223,-5.0898
-1.9409,-9.2884,-6.9346,5.7559,1.7296,-7.9605,2.0007,-0.70403,1.1525,0.41546,-4.3385,-3.7953
1.0642,-7.5527,-7.1746,4.332,4.453,-6.42,2.5688,-1.0914,0.98795,0.25274,-4.4784,-3.2865
5.4024,-4.8902,-7.9051,1.608,7.6919,-4.8104,3.1623,-1.6338,0.82281,0.027612,-4.6567,-4.0124
10.108,-2.2421,-9.2833,-1.662,11.019,-3.8403,3.7481,-2.2674,0.69112,-0.19563,-4.838,-5.8952
13.878,-0.5596,-11.095,-4.4044,13.695,-3.9086,4.3297,-2.88,0.6433,-0.32774,-4.9545,-8.3562
15.577,-0.42665,-12.826,-5.662,14.973,-4.9985,4.9472,-3.3569,0.72503,-0.29183,-4.9423,-10.56
14.57,-1.877,-13.83,-4.9949,14.406,-6.6962,5.6366,-3.631,0.95481,-0.05845,-4.7762,-11.747
10.918,-4.3776,-13.587,-2.6008,11.876,-8.3378,6.3745,-3.7153,1.3094,0.33816,-4.487,-11.528
5.4405,-7.0009,-11.944,0.7554,7.6478,-9.3117,7.0527,-3.6961,1.7277,0.81135,-4.1519,-10.026
-0.49499,-8.8143,-9.2193,3.9764,2.5017,-9.3092,7.5107,-3.6912,2.1381,1.2594,-3.859,-7.8262
-5.3991,-9.2271,-6.1112,6.0415,-2.3692,-8.361,7.6101,-3.7891,2.4978,1.6113,-3.6613,-5.7446
-8.1202,-8.1237,-3.4369,6.3662,-5.721,-6.7616,7.3009,-4.0018,2.821,1.8603,-3.5416,-4.4969
-8.1154,-5.8884,-1.8571,4.9614,-6.7223,-4.9831,6.6395,-4.2553,3.1742,2.0654,-3.41,-4.4007
-5.4932,-3.3139,-1.7282,2.4431,-5.203,-3.5547,5.7542,-4.4287,3.6388,2.3165,-3.1406,-5.2615
-1.1228,-1.2985,-3.0751,-0.23459,-1.5633,-2.9016,4.7862,-4.4213,4.2613,2.6797,-2.6328,-6.4983
3.6948,-0.48824,-5.5621,-2.2293,3.1488,-3.2061,3.8273,-4.208,5.0192,3.151,-1.8664,-7.4176
7.9497,-1.0838,-8.5631,-3.0914,7.8346,-4.3545,2.8885,-3.8496,5.825,3.6488,-0.92218,-7.4942
10.967,-2.7774,-11.398,-2.8125,11.885,-5.9665,1.9306,-3.4522,6.5654,4.0557,0.044148,-6.5626
12.289,-4.8062,-13.406,-1.773,14.58,-7.4756,0.93277,-3.1059,7.1594,4.2831,0.86735,-4.8651
11.892,-6.2588,-14.018,-0.56951,15.206,-8.2764,-0.056856,-2.8411,7.5985,4.3152,1.443,-2.9511
10.026,-6.4869,-12.927,0.30126,13.58,-7.9284,-0.92323,-2.6219,7.9452,4.2126,1.7675,-1.4745
7.0625,-5.3183,-10.164,0.64729,10.016,-6.3391,-1.5358,-2.3725,8.2922,4.0811,1.9288,-0.95923
3.5496,-3.1214,-6.214,0.57852,5.2983,-3.8665,-1.8125,-2.0205,8.7065,4.0218,2.0552,-1.6133
0.10711,-0.74366,-1.9789,0.40067,0.47169,-1.2582,-1.7546,-1.5336,9.1964,4.0834,2.2509,-3.2613
-2.7683,0.85561,1.5444,0.43676,-3.5748,0.6402,-1.4404,-0.93385,9.7073,4.2402,2.5475,-5.4302
-4.6787,1.0807,3.5911,0.83023,-6.2203,1.2444,-0.99468,-0.28556,10.145,4.4033,2.8894,-7.5379
-5.3192,-0.076165,3.8353,1.4633,-7.0334,0.44959,-0.54986,0.33408,10.414,4.4583,3.1579,-9.0937
-4.6471,-2.0428,2.5078,2.0298,-6.0117,-1.3107,-0.21046,0.86331,10.459,4.3137,3.2224,-9.8506
-2.9432,-3.8976,0.32798,2.1976,-3.7287,-3.2304,-0.026494,1.2727,10.284,3.9392,2.9977,-9.8766
-0.68538,-4.8177,-1.7985,1.7774,-1.0497,-4.517,0.011187,1.5667,9.9536,3.3781,2.4796,-9.531
1.6019,-4.4211,-3.1545,0.81721,1.2931,-4.6924,-0.049353,1.7726,9.5637,2.7282,1.744,-9.3407
3.4436,-2.8467,-3.4552,-0.39737,2.9332,-3.6946,-0.15549,1.9231,9.1991,2.1047,0.91181,-9.8057
4.4966,-0.72199,-2.9109,-1.4358,3.8137,-1.9358,-0.27969,2.0414,8.9003,1.5979,0.1012,-11.196
4.632,1.0335,-2.1081,-1.8851,4.0448,-0.2307,-0.42769,2.1361,8.651,1.2425,-0.61121,-13.42
3.9737,1.6255,-1.7173,-1.5136,3.8608,0.59089,-0.62017,2.2047,8.3933,1.0078,-1.205,-16.039
2.8427,0.73787,-2.1509,-0.36639,3.5699,0.10559,-0.85848,2.2439,8.0664,0.81881,-1.7084,-18.419
1.644,-1.3614,-3.4165,1.2268,3.4123,-1.5698,-1.0997,2.2569,7.6443,0.59916,-2.176,-19.962
0.73724,-3.8831,-5.148,2.7383,3.4488,-3.8252,-1.2672,2.252,7.147,0.30876,-2.6657,-20.328
0.32089,-5.811,-6.7257,3.6282,3.5543,-5.7724,-1.2919,2.2342,6.6232,-0.045144,-3.2166,-19.58
0.38422,-6.3745,-7.5192,3.5534,3.505,-6.6616,-1.1501,2.1983,6.1247,-0.41658,-3.8369,-18.182
0.73722,-5.3413,-7.1632,2.5036,3.0986,-6.1872,-0.86992,2.1315,5.6927,-0.73731,-4.5009,-16.852
1.0961,-3.0604,-5.6944,0.8317,2.2686,-4.5249,-0.504,2.0275,5.3566,-0.93664,-5.1533,-16.28
1.2041,-0.36768,-3.537,-0.86159,1.1419,-2.2621,-0.091928,1.9028,5.1342,-0.96318,-5.7243,-16.833
0.94755,1.7347,-1.3693,-1.9851,-0.0035229,-0.21841,0.36166,1.8009,5.0325,-0.8053,-6.1466,-18.383
0.41365,2.515,0.11729,-2.1913,-0.83965,0.8839,0.87481,1.7783,5.0395,-0.50287,-6.3806,-20.35
-0.13833,1.7504,0.46947,-1.4761,-1.0852,0.70246,1.4492,1.879,5.1211,-0.14176,-6.4281,-21.954
-0.37037,-0.21991,-0.38113,-0.19072,-0.5833,-0.62149,2.034,2.1105,5.2265,0.17049,-6.3309,-22.521
0.015054,-2.5615,-2.1006,1.0502,0.6385,-2.5099,2.5243,2.4371,5.2997,0.34259,-6.156,-21.759
1.1559,-4.283,-4.0719,1.6233,2.3578,-4.1813,2.8021,2.7947,5.2971,0.33054,-5.9727,-19.878
2.9434,-4.68,-5.6364,1.1763,4.2161,-4.9813,2.7926,3.1201,5.2017,0.15122,-5.8293,-17.503
5.0183,-3.5323,-6.3347,-0.25319,5.8223,-4.5801,2.5036,3.3846,5.0328,-0.12631,-5.7363,-15.434
6.8754,-1.1313,-6.0338,-2.2499,6.8587,-3.0406,2.0327,3.6111,4.8402,-0.40739,-5.6647,-14.35
8.0269,1.7305,-4.9408,-4.1367,7.1596,-0.85414,1.535,3.8682,4.6845,-0.60666,-5.5615,-14.548
8.1553,4.005,-3.519,-5.2323,6.748,1.1776,1.1616,4.2385,4.6109,-0.67983,-5.3766,-15.817
7.2078,4.8679,-2.3087,-5.1276,5.8113,2.2996,0.9947,4.7795,4.6266,-0.64011,-5.0915,-17.528
5.4146,4.0374,-1.7207,-3.8242,4.6185,2.1293,1.0092,5.4968,4.6946,-0.54993,-4.7346,-18.904
3.2198,1.8448,-1.8716,-1.7379,3.4138,0.77973,1.0797,6.3449,4.7483,-0.4888,-4.3757,-19.303
1.1355,-0.82577,-2.4985,0.42862,2.3364,-1.1406,1.0374,7.2487,4.7249,-0.51341,-4.0976,-18.436
-0.43529,-2.865,-3.0365,1.9657,1.4021,-2.7221,0.75227,8.1325,4.598,-0.63152,-3.9599,-16.446
-1.3201,-3.4433,-2.8838,2.4395,0.54899,-3.169,0.19578,8.9439,4.3898,-0.79943,-3.9727,-13.852
-1.5853,-2.292,-1.6863,1.8182,-0.29303,-2.1088,-0.54653,9.664,4.1575,-0.93971,-4.0938,-11.379
-1.454,0.26078,0.51498,0.44483,-1.1473,0.3215,-1.3134,10.305,3.9678,-0.97192,-4.2418,-9.6952
-1.1941,3.3618,3.2667,-1.1084,-1.9617,3.4559,-1.939,10.896,3.8718,-0.84535,-4.3213,-9.1623
-1.0195,5.9439,5.8234,-2.2689,-2.6077,6.2849,-2.3304,11.463,3.8883,-0.56026,-4.2509,-9.6934
-1.0344,7.2039,7.4439,-2.6663,-2.9252,7.9406,-2.516,12.011,3.9966,-0.16957,-3.9929,-10.788
-1.2339,6.8663,7.7109,-2.2204,-2.8222,8.0499,-2.6362,12.512,4.1399,0.23851,-3.564,-11.734
-1.5562,5.2004,6.7283,-1.1322,-2.3925,6.7898,-2.8756,12.912,4.2422,0.57047,-3.0273,-11.882
-1.9486,2.9526,5.1571,0.18985,-1.9473,4.8471,-3.3766,13.149,4.2359,0.76073,-2.467,-10.871
-2.4047,1.1067,3.9833,1.2751,-1.9005,3.2182,-4.1784,13.183,4.0906,0.79372,-1.9573,-8.7416
-2.9473,0.47511,4.0656,1.7651,-2.5587,2.7839,-5.2076,13.016,3.8287,0.70924,-1.5393,-5.8975
-3.5708,1.4233,5.7543,1.5209,-3.9617,3.9646,-6.3169,12.688,3.5149,0.58516,-1.2154,-2.9698
-4.1921,3.8013,8.7985,0.63226,-5.8591,6.6245,-7.3559,12.255,3.2217,0.50367,-0.95913,-0.59979
-4.6497,6.9475,12.388,-0.63648,-7.7861,10.04,-8.2446,11.75,2.9937,0.51392,-0.73155,0.78311
-4.761,9.8653,15.37,-1.9376,-9.1874,13.064,-9.0127,11.178,2.827,0.60779,-0.49589,1.1207
-4.4152,11.646,16.724,-2.9401,-9.5905,14.675,-9.7794,10.526,2.6725,0.72245,-0.23007,0.76318
-3.6589,11.824,15.985,-3.4104,-8.8264,14.403,-10.689,9.791,2.4617,0.77089,0.065441,0.36181
-2.7181,10.48,13.454,-3.2625,-7.1706,12.433,-11.834,8.9969,2.1416,0.68586,0.36955,0.64348
-1.9235,8.2141,10.156,-2.5887,-5.2561,9.5748,-13.205,8.1934,1.7002,0.4538,0.65221,2.1428
-1.5607,5.9841,7.4081,-1.6645,-3.7782,6.9992,-14.677,7.4346,1.1696,0.12111,0.88696,4.9892
-1.7236,4.7381,6.2101,-0.89131,-3.1971,5.7142,-16.061,6.755,0.60655,-0.22779,1.0563,8.8399
-2.2596,5.0617,6.8941,-0.66406,-3.5807,6.1967,-17.189,6.1574,0.067348,-0.50726,1.1504,13.001
-2.8347,7.007,9.1188,-1.2149,-4.6111,8.3214,-17.991,5.6171,-0.41236,-0.66369,1.1667,16.679
-3.0769,10.014,11.986,-2.4987,-5.7467,11.356,-18.502,5.1008,-0.82523,-0.69175,1.1131,19.271
-2.727,13.04,14.364,-4.1738,-6.4317,14.175,-18.825,4.5879,-1.1887,-0.62929,1.0142,20.575
-1.7298,15.041,15.352,-5.724,-6.2708,15.791,-19.046,4.0825,-1.5336,-0.53648,0.90921,20.853
-0.23885,15.417,14.564,-6.6867,-5.1552,15.72,-19.179,3.6106,-1.8902,-0.47086,0.83877,20.706
1.4498,14.165,12.247,-6.8489,-3.3023,14.07,-19.154,3.2044,-2.2763,-0.46886,0.82473,20.842
3.0043,11.877,9.2242,-6.3269,-1.1761,11.533,-18.864,2.8851,-2.6928,-0.53949,0.8548,21.808
4.1641,9.57,6.554,-5.5222,0.66944,9.1532,-18.232,2.6513,-3.128,-0.66934,0.88212,23.745
4.8051,8.2387,5.1297,-4.9479,1.7495,7.8596,-17.266,2.4785,-3.567,-0.83392,0.84468,26.307
4.9393,8.4304,5.4354,-5,1.7715,8.1095,-16.067,2.3284,-3.9987,-1.0084,0.69831,28.789
4.6602,10.119,7.3821,-5.801,0.74049,9.8036,-14.776,2.1672,-4.4153,-1.1722,0.44554,30.409
4.0652,12.732,10.299,-7.1431,-1.0362,12.333,-13.515,1.9816,-4.8051,-1.3073,0.14231,30.629
3.2001,15.313,13.242,-8.5285,-3.1064,14.799,-12.344,1.7864,-5.1463,-1.3977,-0.12238,29.394
2.0694,16.916,15.42,-9.3639,-5.0495,16.396,-11.248,1.6171,-5.4102,-1.435,-0.26217,27.173
0.71003,16.992,16.41,-9.243,-6.5689,16.688,-10.171,1.5102,-5.5762,-1.4296,-0.22663,24.762
-0.72748,15.532,16.169,-8.125,-7.4959,15.675,-9.0747,1.4817,-5.6506,-1.4173,-0.020269,22.969
-1.9572,13.071,14.968,-6.3666,-7.7402,13.78,-7.9786,1.5145,-5.6706,-1.4524,0.29745,22.3
-2.6283,10.545,13.245,-4.6273,-7.2808,11.704,-6.9734,1.5635,-5.6899,-1.5842,0.63162,22.768
-2.4619,8.8857,11.459,-3.594,-6.1996,10.134,-6.1849,1.5768,-5.7525,-1.8304,0.88664,23.909
-1.3859,8.6213,9.9945,-3.6576,-4.685,9.5045,-5.7143,1.5193,-5.8693,-2.1608,1.005,25.005
0.39698,9.7351,9.0892,-4.7623,-2.9964,9.9062,-5.5872,1.3864,-6.0115,-2.4996,0.99321,25.375
2.4473,11.697,8.7864,-6.4393,-1.4105,11.071,-5.7391,1.2014,-6.1239,-2.75,0.92003,24.663
4.2269,13.64,8.9266,-7.991,-0.16279,12.438,-6.0423,0.99852,-6.1534,-2.8329,0.88404,22.983
5.2817,14.707,9.1999,-8.7807,0.59775,13.363,-6.3578,0.80212,-6.077,-2.7238,0.96769,20.858
5.3882,14.384,9.2719,-8.4815,0.82465,13.379,-6.5845,0.61725,-5.9135,-2.4671,1.2052,19.008
4.6107,12.681,8.9587,-7.1899,0.55725,12.38,-6.6828,0.43596,-5.7132,-2.154,1.5809,18.103
3.242,10.196,8.3556,-5.389,-0.12044,10.704,-6.6689,0.24978,-5.5338,-1.8787,2.0518,18.538
1.6598,7.9013,7.7977,-3.7244,-1.1147,9.0269,-6.5925,0.054728,-5.418,-1.6965,2.5738,20.269
0.1843,6.6527,7.6581,-2.7113,-2.3242,8.0242,-6.5135,-0.15291,-5.379,-1.6059,3.1183,22.809
-1.0014,6.8281,8.1324,-2.5667,-3.6295,8.0426,-6.4814,-0.37971,-5.4,-1.556,3.6742,25.383
-1.855,8.2479,9.1346,-3.17,-4.8837,8.9932,-6.5168,-0.63022,-5.4427,-1.474,4.2415,27.177
-2.4224,10.226,10.306,-4.1132,-5.9073,10.381,-6.5987,-0.89843,-5.467,-1.2992,4.8235,27.623
-2.764,11.82,11.128,-4.8783,-6.5085,11.48,-6.665,-1.1639,-5.4497,-1.0047,5.4248,26.648
-2.8994,12.267,11.131,-5.0756,-6.5363,11.655,-6.6317,-1.396,-5.3951,-0.60196,6.0512,24.735
-2.7841,11.281,10.108,-4.5912,-5.9389,10.643,-6.4243,-1.563,-5.3314,-0.13361,6.705,22.738
-2.3141,9.1486,8.2365,-3.6282,-4.7893,8.6716,-6.0059,-1.6434,-5.2951,0.34014,7.3791,21.546
-1.3673,6.6944,6.0252,-2.6656,-3.2635,6.4123,-5.3901,-1.6319,-5.3129,0.75935,8.0605,21.728
0.11906,4.9587,4.0976,-2.271,-1.5918,4.7005,-4.6332,-1.5386,-5.3904,1.0828,8.7433,23.284
2.0719,4.6656,2.9251,-2.8235,-0.0032556,4.1209,-3.8189,-1.3855,-5.5149,1.2987,9.438,25.649
4.2505,5.9668,2.6627,-4.3428,1.325,4.802,-3.0414,-1.2003,-5.6688,1.4228,10.165,27.916
6.2915,8.4538,3.116,-6.473,2.3037,6.4237,-2.3921,-1.0093,-5.8421,1.4889,10.939,29.158
7.8161,11.233,3.8103,-8.5824,2.9405,8.2906,-1.9423,-0.82554,-6.0337,1.5381,11.757,28.766
8.5518,13.236,4.1794,-9.9953,3.3179,9.5677,-1.7225,-0.63993,-6.2436,1.6106,12.606,26.711
8.4218,13.713,3.8097,-10.266,3.5478,9.6477,-1.7087,-0.42266,-6.4632,1.7361,13.483,23.598
7.5772,12.491,2.6078,-9.3237,3.7276,8.3863,-1.8318,-0.1367,-6.6714,1.9233,14.397,20.45
6.35,9.9959,0.83261,-7.4877,3.9163,6.1546,-2.0085,0.24283,-6.8397,2.153,15.359,18.343
5.1485,7.1548,-1.0008,-5.3946,4.1264,3.7377,-2.1785,0.71265,-6.9441,2.3813,16.361,17.993
4.3576,5.0744,-2.3206,-3.8165,4.3293,2.0218,-2.3276,1.2387,-6.9772,2.5549,17.368,19.434
4.2606,4.5843,-2.7205,-3.3817,4.4813,1.6262,-2.4821,1.7696,-6.9507,2.637,18.336,22.015
4.9491,5.9712,-2.0933,-4.3444,4.5543,2.7279,-2.6801,2.2592,-6.8856,2.6301,19.265,24.688
6.256,8.9071,-0.64077,-6.4771,4.541,5.0402,-2.936,2.6832,-6.7957,2.5828,20.229,26.404
7.784,12.471,1.2071,-9.1017,4.4405,7.8566,-3.2205,3.0441,-6.6776,2.5732,21.389,26.508
9.0283,15.453,2.9362,-11.32,4.2418,10.277,-3.4633,3.3629,-6.5117,2.6768,22.953,25.022
9.5449,16.887,4.1118,-12.389,3.9183,11.575,-3.5769,3.6634,-6.2744,2.9341,25.106,22.613
9.1062,16.375,4.5159,-11.974,3.4364,11.449,-3.4912,3.9551,-5.9538,3.3336,27.91,20.284
7.7866,14.172,4.2522,-10.238,2.773,10.105,-3.1816,4.225,-5.5622,3.8151,31.222,19.006
5.9409,11.192,3.7545,-7.8306,1.9317,8.2374,-2.6785,4.44,-5.1393,4.2913,34.696,19.381
4.08,8.7156,3.6184,-5.6969,0.9559,6.7905,-2.0537,4.5573,-4.7448,4.6763,37.932,21.389
2.7011,7.8195,4.3322,-4.6663,-0.069145,6.563,-1.3875,4.5364,-4.4436,4.9114,40.617,24.378
2.1308,9.0309,6.082,-5.1378,-1.0273,7.9508,-0.73076,4.3508,-4.2821,4.9904,42.563,27.318
2.4215,12.249,8.6941,-6.991,-1.7952,10.873,-0.086275,4.0041,-4.2614,4.9809,43.708,29.191
3.345,16.633,11.66,-9.6186,-2.2708,14.669,0.575,3.5442,-4.3198,5.0236,44.159,29.406
4.4952,20.841,14.276,-12.154,-2.3897,18.231,1.2689,3.0615,-4.338,5.2985,44.342,28.116
5.4482,23.947,15.954,-13.887,-2.108,20.721,1.9468,2.6552,-4.1754,5.9905,45.107,26.282
5.9039,26.025,15.953,-14.602,-1.3581,21.459,2.4651,2.3708,-3.7407,7.2914,47.643,25.483
5.7589,25.314,12.142,-14.71,0.068351,17.607,2.5974,2.1375,-3.0559,9.8273,52.713,27.547
5.1124,18.923,7.1137,-14.885,2.5489,12.056,2.0981,1.7515,-2.2958,16.165,56.465,34.024
4.1877,13.509,3.8019,-12.611,3.8459,7.9223,0.80343,0.88472,-1.8391,13.423,55.348,40.899
3.1686,12.247,5.1408,-10.953,1.7244,7.7237,-0.73864,-1.0072,-2.1646,8.3564,50.317,25.907
2.0608,17.598,13.012,-12.812,-3.5421,13.997,2.7298,-6.6105,-3.8761,2.1808,40.53,28.159
1.0814,28.554,25.848,-17.248,-11.063,25.809,2.7226,-18.998,-14.718,-3.5528,28.242,28.777
-0.17427,42.034,41.681,-22.999,-20.413,40.666,3.2165,-17.893,-26.709,-6.2007,18.301,25.735
-2.1901,57.222,60.675,-29.56,-30.767,58.206,4.6987,-15.067,-20.04,-1.5758,17.182,22.471
-3.6537,75.686,81.556,-37.457,-41.576,78.102,5.116,-11.829,-6.3149,14.909,32.182,25.637
-3.7321,98.01,103.14,-48.139,-53.01,99.829,2.4672,-8.6262,12.565,45.696,70.678,45.392
-1.3378,126.06,126.7,-63.567,-63.881,125.37,-5.1122,-6.2666,32.119,90.437,139,96.591
5.3378,164.54,155.02,-86.979,-74.214,158.4,-21.766,-7.0793,45.094,146.96,240.82,192.45
18.569,216.56,190.67,-120.13,-84.97,201.59,-54.596,-16.377,42.538,210.19,375.76,332.41
39.081,280.84,233.59,-161.42,-96.224,254.88,-97.903,-44.661,15.068,272.23,538.32,508.7
64.036,352.46,280.17,-208.4,-106.96,314.27,-142.54,-117.58,-45.067,324.32,718.19,707.97
90.476,422.48,324.16,-256.1,-115.49,371.67,-188.69,-220.69,-141.64,358.61,901.08,907.99
116.85,478.9,355.76,-297.04,-117.73,416.19,-232.39,-342.14,-272.43,370,1069.9,1082.7
140.73,509.81,364.33,-324.39,-109.16,436.57,-269.9,-478.79,-428.5,356.99,1206.9,1207.7
160.17,506.11,342.19,-333.31,-87.324,424.06,-299.62,-621.41,-596.22,320.68,1295.6,1265.3
173.98,463.55,286.27,-320.58,-51.779,374.65,-322.42,-761.48,-761.26,262.46,1322.5,1248.1
181.95,384.33,198.7,-285.77,-3.9218,290.81,-341.41,-892.22,-912.4,181.59,1278.3,1159.8
184.71,275.72,86.218,-232.05,53.239,180.55,-359.2,-1008.4,-1043.3,74.356,1158.2,1013.4
182.78,146.46,-41.289,-164.98,115.11,52.815,-375.27,-1105.6,-1151.9,-64.122,963.26,826.01
175.96,7.7738,-171.4,-91.205,175.53,-81.414,-386.87,-1180.2,-1238.9,-236.07,701.82,615.08
163.39,-124.79,-289.25,-18.028,227.27,-206.7,-390.4,-1229.7,-1305.1,-436.67,391.65,396.67
144.41,-236.3,-380.77,47.521,263.4,-308.36,-382.99,-1252.8,-1350.2,-650.73,60.945,186.57
119.46,-316.77,-436.48,100.22,279.22,-376.62,-363.78,-1249.3,-1370.7,-852.5,-253.53,-0.058865
89.982,-361.91,-452.94,137.09,273.38,-407.6,-333.77,-1219.1,-1360.8,-1010.9,-513.36,-149.92
58.122,-372.88,-432.53,157.59,247.73,-402.97,-294.49,-1162.5,-1315,-1099,-689.16,-252.74
25.99,-355.04,-381.96,163.71,206.53,-368.65,-247.58,-1081.6,-1232.1,-1105.2,-769.67,-305.37
-4.6055,-315.75,-310.88,159.02,155.59,-312.9,-195.49,-981.4,-1117.8,-1038.2,-763.51,-314.67
-31.906,-262.97,-231,147.14,101.59,-245.87,-142.06,-869.73,-983.23,-920.81,-693.7,-292.49
-54.241,-206.3,-154.25,130.81,51.243,-179.38,-92.459,-755.65,-842,-779.36,-590.32,-250.52
-69.171,-154.12,-88.707,111.98,10.114,-121.8,-51.802,-645.95,-705.7,-636.84,-480.08,-204.93
-74.88,-109.31,-38.211,92.027,-18.177,-75.014,-21.459,-543.79,-581.43,-508.12,-379.8,-171.23
-71.119,-70.769,-4.446,71.077,-32.631,-39.215,-5.507,-449.85,-471.6,-399.06,-296.19,-150.36
-58.755,-41.272,13.165,49.339,-34.721,-16.554,-2.249,-363.93,-375.77,-309.13,-228.66,-131.97
-39.789,-23.018,17.175,31.092,-26.901,-5.1314,-5.1017,-286.21,-292.91,-234.9,-174.01,-112.65
-20.612,-12.13,11.07,18.221,-12.861,-1.1156,-9.7398,-217.79,-222.72,-172.76,-129.57,-97.078
-6.7274,-7.8541,-1.0223,9.6938,0.96519,-2.444,-13.882,-160.4,-166.28,-122.93,-91.942,-84.058
2.2888,-8.6907,-13.903,5.1193,11.411,-8.7312,-16.282,-115.19,-123.73,-84.64,-61.362,-70.813
8.3918,-12.154,-24.078,4.4017,18.323,-16.749,-14.984,-81.471,-92.28,-55.913,-40.912,-58.559
11.617,-17.739,-30.133,6.2342,14.454,-22.954,-8.0377,-56.005,-69.043,-37.267,-29.66,-50.087
10.78,-21.582,-18.706,9.1949,13.388,-21.99,-3.9986,-37.846,-50.943,-26.976,-24.635,-43.164
6.1655,-19.069,-14.074,11.789,10.852,-14.609,-1.1909,-26.622,-36.909,-21.446,-23.473,-36.4
0.95427,-13.594,-9.8667,9.4996,6.6067,-10.48,0.98483,-20.402,-26.23,-17.892,-24.771,-31.143
-2.4843,-9.0489,-5.1437,7.3339,1.8577,-6.3564,2.8229,-17.163,-18.324,-14.898,-27.552,-28.137
-4.4798,-4.8795,-0.9889,5.4802,-2.0554,-2.7553,4.5054,-15.353,-13.178,-11.963,-25.976,-27.255
-5.1092,-1.9327,1.5109,3.701,-4.2863,-0.53879,6.0992,-14.399,-11.18,-9.7476,-18.994,-27.872
-4.474,-0.74602,1.7776,2.2944,-4.602,-0.14593,7.5945,-16.56,-15.453,-10.039,-14.409,-29.115
-2.8386,-1.2795,-0.043458,1.4813,-3.1477,-1.4434,8.9628,-17.813,-18.097,-6.6791,-11.811,-30.137
-0.66965,-2.989,-3.0917,1.2651,-0.46123,-3.7096,10.176,-13.215,-14.163,-3.9217,-10.154,-30.368
1.4802,-4.9425,-6.1329,1.4498,2.5182,-5.8839,11.203,-9.3467,-10.427,-2.3406,-9.0495,-29.714
3.2015,-6.1619,-8.067,1.7027,4.9072,-7.0443,12.019,-6.6973,-7.8146,-1.3896,-8.2932,-28.595
4.3347,-6.0195,-8.3059,1.6703,6.3124,-6.678,12.615,-4.6654,-5.7277,-0.71516,-7.735,-27.775
4.9383,-4.3847,-6.9237,1.1216,6.7429,-4.7179,13.011,-2.9607,-3.8786,-0.092567,-7.2681,-28.042
5.2149,-1.6216,-4.5107,0.040172,6.3693,-1.6246,13.253,-1.497,-2.2144,0.59236,-6.831,-29.838
5.3961,1.4682,-1.9332,-1.364,5.5519,1.6349,13.411,-0.26808,-0.78555,1.3545,-6.4024,-33.04
5.6126,3.9326,-0.0067048,-2.7144,4.7511,4.0347,13.558,0.72927,0.34087,2.1326,-5.9906,-36.993
5.8329,5.0924,0.79532,-3.6009,4.2616,4.9936,13.727,1.5297,1.1369,2.8275,-5.6245,-40.74
5.9026,4.7585,0.46069,-3.7474,4.0811,4.4832,13.883,2.2005,1.6398,3.3497,-5.3425,-43.316
5.641,3.2499,-0.53,-3.1301,3.9773,2.9791,13.946,2.8228,1.948,3.6611,-5.1782,-44.1
4.935,1.3168,-1.3649,-1.9978,3.6355,1.3397,13.843,3.4654,2.1903,3.7949,-5.1441,-43.092
3.8007,-0.13339,-1.2808,-0.78917,2.8095,0.46122,13.577,4.1627,2.4823,3.8475,-5.2247,-40.899
2.4013,-0.4262,0.11236,0.042122,1.4454,0.89823,13.233,4.9055,2.8884,3.9419,-5.3817,-38.427
1.0077,0.65269,2.7136,0.20963,-0.28926,2.7247,12.947,5.6462,3.4038,4.1789,-5.5685,-36.531
-0.091682,2.8006,5.935,-0.30234,-2.0629,5.5001,12.828,6.3141,3.9597,4.5934,-5.7466,-35.674
-0.70348,5.2404,8.8425,-1.2324,-3.4705,8.3105,12.906,6.8388,4.45,5.1361,-5.8954,-35.72
-0.81086,6.988,10.539,-2.1295,-4.1653,10.129,13.106,7.174,4.7717,5.6885,-6.0156,-35.999
-0.58553,7.2772,10.551,-2.5243,-4.0172,10.299,13.277,7.3154,4.8658,6.1082,-6.1255,-35.628
-0.3192,5.844,8.9883,-2.1177,-3.2046,8.7415,13.242,7.303,4.7437,6.287,-6.2556,-33.877
-0.29978,3.0438,6.5261,-0.90845,-2.1675,5.9882,12.865,7.2028,4.4861,6.1957,-6.4397,-30.448
-0.68783,-0.18728,4.1478,0.77432,-1.428,3.0442,12.116,7.0768,4.2129,5.8936,-6.7049,-25.544
-1.453,-2.7324,2.6631,2.3801,-1.355,0.9041,11.084,6.9596,4.0377,5.5017,-7.0613,-19.758
-2.3969,-3.837,2.381,3.3767,-1.9887,0.09096,9.9461,6.8511,4.0258,5.153,-7.4971,-13.893
-3.2446,-3.3247,3.1182,3.4797,-3.0329,0.60021,8.8847,6.7242,4.1707,4.9415,-7.9822,-8.7759
-3.7552,-1.5894,4.2925,2.763,-4.0174,1.9815,8.0098,6.5396,4.3946,4.8888,-8.4774,-5.0206
-3.791,0.47893,5.0919,1.6424,-4.4855,3.4317,7.3211,6.2656,4.5794,4.9369,-8.946,-2.8151
-3.3188,1.822,4.809,0.70039,-4.0969,4.0842,6.7279,5.8989,4.6225,4.9758,-9.3595,-1.8324
-2.3746,1.7028,3.1198,0.404,-2.685,3.3813,6.1062,5.4762,4.4885,4.8936,-9.7002,-1.3436
-1.0325,-0.023889,0.14236,0.89825,-0.30319,1.2658,5.3636,5.0677,4.225,4.6252,-9.9653,-0.52403
0.61218,-2.87,-3.6261,1.9604,2.7492,-1.7911,4.4817,4.7528,3.9381,4.1737,-10.171,1.1775
2.4474,-5.8512,-7.4219,3.0905,5.9748,-4.9191,3.5219,4.5906,3.7458,3.6051,-10.347,3.78
4.3365,-7.9305,-10.429,3.7371,8.813,-7.2166,2.5976,4.6009,3.7329,3.0268,-10.522,6.7446
6.1043,-8.5033,-12.066,3.5557,10.785,-8.1363,1.8334,4.7603,3.9223,2.5546,-10.714,9.1907
7.5414,-7.5398,-12.156,2.5325,11.602,-7.6179,1.3278,5.0143,4.2714,2.2764,-10.919,10.258
8.4379,-5.497,-10.911,0.95887,11.23,-6.0375,1.1252,5.3002,4.6927,2.2223,-11.115,9.4674
8.6374,-3.1628,-8.8458,-0.66721,9.891,-4.0703,1.2014,5.5698,5.0922,2.3535,-11.267,6.9497
8.0856,-1.3994,-6.6345,-1.8011,7.97,-2.4582,1.4698,5.8034,5.4095,2.5726,-11.349,3.4042
6.8535,-0.8392,-4.9242,-2.0479,5.8983,-1.7627,1.8071,6.0116,5.6389,2.7551,-11.355,-0.18765
5.1359,-1.6921,-4.1198,-1.2977,4.0499,-2.2055,2.0874,6.2224,5.8218,2.7882,-11.312,-2.9507
3.2367,-3.6818,-4.2518,0.2372,2.6666,-3.5945,2.2123,6.4606,6.0206,2.6032,-11.276,-4.4339
1.5271,-6.1138,-5.0221,2.0705,1.8405,-5.3905,2.1293,6.7283,6.2904,2.1958,-11.319,-4.7386
0.36561,-8.155,-5.9964,3.6045,1.5525,-6.9646,1.8402,6.9984,6.6644,1.6257,-11.5,-4.4182
-0.0039677,-9.1824,-6.7952,4.3704,1.7238,-7.8538,1.3985,7.2242,7.1528,0.99924,-11.846,-4.2056
0.46541,-8.9558,-7.1956,4.1998,2.2626,-7.8416,0.89244,7.3599,7.7501,0.43823,-12.339,-4.6902
1.6086,-7.6432,-7.1658,3.2609,3.1022,-6.978,0.41636,7.3797,8.4422,0.043845,-12.921,-6.0683
3.1133,-5.7894,-6.8793,1.9827,4.2005,-5.6171,0.042866,7.2893,9.2086,-0.14314,-13.514,-8.0688
4.6273,-4.153,-6.6735,0.88923,5.4909,-4.3453,-0.19169,7.1201,10.023,-0.17428,-14.054,-10.083
5.8397,-3.4186,-6.8924,0.41663,6.8475,-3.7389,-0.29113,6.9112,10.854,-0.18791,-14.515,-11.421
6.5193,-3.962,-7.697,0.79514,8.105,-4.1166,-0.29823,6.6909,11.66,-0.35014,-14.931,-11.574
6.5449,-5.7251,-8.9663,1.9883,9.073,-5.4212,-0.28709,6.4663,12.402,-0.7745,-15.381,-10.389
5.921,-8.1771,-10.31,3.6798,9.5442,-7.2107,-0.34672,6.2257,13.052,-1.4697,-15.959,-8.1115
4.7585,-10.472,-11.187,5.37,9.3377,-8.796,-0.55433,5.9471,13.603,-2.3375,-16.731,-5.2943
3.2307,-11.815,-11.113,6.5762,8.358,-9.5345,-0.94042,5.609,14.072,-3.2136,-17.713,-2.6147
1.526,-11.778,-9.8568,7.0149,6.639,-9.0925,-1.4628,5.2016,14.49,-3.9325,-18.863,-0.65375
-0.19172,-10.42,-7.5647,6.6969,4.366,-7.5519,-2.014,4.7329,14.88,-4.3886,-20.098,0.29864
-1.8075,-8.2994,-4.7438,5.9354,1.8565,-5.4087,-2.4669,4.2295,15.237,-4.5741,-21.315,0.33636
-3.2491,-6.3172,-2.1119,5.218,-0.50152,-3.4301,-2.73,3.7302,15.52,-4.5851,-22.421,-0.11248
-4.4549,-5.3044,-0.34917,4.9679,-2.3343,-2.3361,-2.7816,3.2732,15.664,-4.5925,-23.367,-0.45252
-5.3503,-5.6656,0.14627,5.3621,-3.3772,-2.4922,-2.6769,2.8797,15.601,-4.7847,-24.173,-0.13998
-5.859,-7.2615,-0.58658,6.2948,-3.5623,-3.7765,-2.5314,2.5417,15.286,-5.303,-24.938,1.1212
-5.9273,-9.4519,-2.0711,7.4304,-3.0309,-5.6081,-2.4812,2.2259,14.715,-6.1971,-25.802,3.28
-5.532,-11.327,-3.5956,8.3158,-2.0397,-7.1763,-2.6297,1.8928,13.94,-7.4175,-26.896,5.9669
-4.6835,-12.118,-4.5334,8.5614,-0.83612,-7.8031,-2.9985,1.5205,13.048,-8.85,-28.29,8.6158
-3.4351,-11.501,-4.586,8.0015,0.4131,-7.1874,-3.5091,1.1149,12.119,-10.378,-29.986,10.614
-1.892,-9.6679,-3.875,6.744,1.6236,-5.4934,-4.0013,0.70563,11.184,-11.94,-31.945,11.473
-0.22043,-7.2853,-2.8735,5.14,2.758,-3.3543,-4.2869,0.33295,10.221,-13.541,-34.116,11.034
1.3459,-5.2898,-2.1722,3.6976,3.795,-1.6547,-4.217,0.03442,9.1779,-15.245,-36.434,9.6226
2.5281,-4.4888,-2.1942,2.9183,4.6941,-1.1016,-3.7412,-0.1665,8.0124,-17.167,-38.837,7.9511
3.0686,-5.2343,-3.0217,3.1071,5.3514,-1.9283,-2.9306,-0.26863,6.7102,-19.473,-41.287,6.8172
2.8175,-7.3033,-4.3615,4.2473,5.6039,-3.827,-1.9544,-0.29625,5.2929,-22.338,-43.823,6.7797
1.7942,-9.9567,-5.6455,5.9908,5.295,-6.0512,-1.0181,-0.29571,3.8098,-25.827,-46.577,7.9368
0.1916,-12.263,-6.2797,7.7985,4.349,-7.7616,-0.28631,-0.32436,2.3227,-29.764,-49.738,9.8603
-1.6854,-13.525,-5.9161,9.1675,2.8226,-8.4238,0.18131,-0.43329,0.88775,-33.786,-53.469,11.73
-3.5179,-13.491,-4.5884,9.809,0.92683,-7.9438,0.45102,-0.64973,-0.45932,-37.682,-57.793,12.638
-5.0645,-12.388,-2.6999,9.7532,-1.0006,-6.6318,0.67465,-0.96863,-1.7141,-41.524,-62.518,11.945
-6.2132,-10.915,-0.89245,9.3717,-2.5803,-5.1294,1.009,-1.3596,-2.907,-45.431,-67.299,9.5238
-6.9777,-10.027,0.17518,9.2453,-3.4931,-4.2084,1.5371,-1.7877,-4.099,-49.443,-71.823,5.7787
-7.4495,-10.545,0.060482,9.9355,-3.5553,-4.4647,2.2289,-2.2392,-5.3705,-53.593,-75.956,1.4808
-7.7401,-12.888,-1.3178,11.815,-2.7608,-6.099,2.9538,-2.7385,-6.8097,-57.94,-79.761,-2.5184
-7.9307,-16.899,-3.6473,14.913,-1.297,-8.8285,3.5324,-3.3465,-8.5097,-62.523,-83.422,-5.5929
-8.0273,-21.782,-6.312,18.69,0.49266,-11.956,3.8072,-4.142,-10.585,-67.344,-87.143,-7.5719
-7.9532,-26.392,-8.6285,22.107,2.1942,-14.698,3.7103,-5.1978,-13.214,-72.413,-91.077,-8.8072
-7.6495,-29.731,-10.108,24.295,3.4179,-16.521,3.2994,-6.564,-16.656,-77.789,-95.305,-10.032
-7.2593,-31.358,-10.552,25.132,3.9039,-17.24,2.7469,-8.2639,-21.066,-83.579,-99.861,-12.046
-7.1822,-31.66,-10.036,25.217,3.5973,-17.045,2.281,-10.297,-26.105,-89.819,-104.76,-15.36
-7.8804,-31.731,-8.9182,25.501,2.6468,-16.526,2.101,-12.65,-31.076,-96.357,-109.98,-19.99
-9.6276,-32.799,-7.7801,26.81,1.3559,-16.493,2.3017,-15.314,-35.621,-102.99,-115.48,-25.503
-12.377,-35.608,-7.2522,29.445,0.10571,-17.64,2.8396,-18.294,-39.868,-109.64,-121.27,-31.24
-15.767,-40.131,-7.7756,33.056,-0.73946,-20.264,3.5471,-21.619,-44.197,-116.39,-127.41,-36.518
-19.145,-45.556,-9.4075,36.842,-0.92594,-24.07,4.2008,-25.313,-49.106,-123.29,-134.04,-40.798
-21.607,-50.559,-11.752,39.957,-0.43172,-28.203,4.6372,-29.371,-55.02,-130.49,-141.17,-43.842
-22.491,-53.977,-14.098,41.79,0.44843,-31.635,4.8535,-33.758,-61.919,-138.39,-148.65,-45.847
-21.921,-55.356,-15.732,42.117,1.1736,-33.649,5.0024,-38.437,-69.22,-147.51,-156.19,-47.384
-20.839,-54.931,-16.188,41.307,1.2069,-34.085,5.2881,-43.335,-76.327,-157.78,-163.47,-49.149
-20.502,-53.491,-15.363,40.34,0.28105,-33.287,5.8473,-48.309,-83.162,-168.29,-170.35,-51.657
-21.78,-52.219,-13.603,40.366,-1.4738,-31.984,6.6833,-53.177,-89.981,-178.22,-176.81,-55.022
-24.886,-52.219,-11.664,42.067,-3.5908,-31.103,7.6613,-57.807,-97.024,-187.35,-182.96,-58.921
-29.323,-53.991,-10.484,45.437,-5.4432,-31.396,8.5571,-62.18,-104.41,-195.86,-188.96,-62.718
-33.905,-57.335,-10.813,49.826,-6.4044,-33.098,9.1442,-66.384,-112.18,-204.12,-194.96,-65.67
-37.234,-61.443,-12.847,54.059,-6.0179,-35.904,9.291,-70.56,-120.26,-212.62,-201.07,-67.184
-38.338,-65.138,-16.056,56.931,-4.2054,-39.074,9.0233,-74.865,-128.46,-221.81,-207.3,-67.111
-36.97,-67.381,-19.398,57.81,-1.4001,-41.664,8.5209,-79.422,-136.56,-231.72,-213.57,-65.826
-33.81,-67.656,-21.792,56.761,1.5711,-42.912,8.0489,-84.26,-144.44,-241.92,-219.79,-64.051
-30.267,-66.055,-22.501,54.472,3.8016,-42.512,7.8563,-89.293,-152.13,-251.74,-225.95,-62.555
-27.961,-63.348,-21.323,52.056,4.5887,-40.704,8.0819,-94.356,-159.7,-260.58,-232.1,-61.894
-28.155,-60.736,-18.611,50.585,3.6406,-38.196,8.7059,-99.31,-167.25,-268.42,-238.24,-62.21
-31.114,-59.224,-15.136,50.601,1.205,-35.88,9.5676,-104.12,-174.79,-275.82,-244.31,-63.176
-35.604,-59.225,-11.831,52.022,-2.028,-34.458,10.446,-108.87,-182.26,-283.52,-250.16,-64.128
-39.906,-60.605,-9.4901,54.31,-5.2164,-34.236,11.162,-113.68,-189.56,-291.99,-255.65,-64.321
-43.184,-62.798,-8.4805,56.712,-7.6351,-35.055,11.64,-118.63,-196.55,-300.96,-260.74,-63.237
-45.028,-64.918,-8.593,58.515,-8.9087,-36.336,11.913,-123.68,-203.01,-309.41,-265.41,-60.85
-44.929,-66.095,-9.2269,59.147,-9.075,-37.362,12.074,-128.71,-208.74,-316.74,-269.6,-57.651
-42.808,-65.777,-9.7427,58.229,-8.4264,-37.575,12.23,-133.54,-213.77,-323.27,-273.17,-54.424
-39.446,-63.816,-9.7036,55.852,-7.4033,-36.688,12.461,-138.03,-218.27,-329.43,-276.03,-51.925
-36.073,-60.641,-9.0062,52.779,-6.4663,-34.787,12.79,-142.11,-222.54,-335.12,-278.26,-50.616
-33.776,-57.287,-7.8719,50.121,-5.8956,-32.398,13.141,-145.79,-226.78,-339.98,-280.03,-50.509
-33.115,-54.876,-6.7407,48.638,-5.6863,-30.327,13.338,-149.18,-231.13,-343.9,-281.55,-51.152
-33.685,-53.954,-6.1335,48.408,-5.6125,-29.232,13.168,-152.53,-235.57,-347.19,-282.98,-51.792
-34.422,-54.431,-6.4322,49.046,-5.3961,-29.35,12.47,-156.05,-239.99,-350.57,-284.5,-51.682
-34.486,-55.827,-7.684,49.934,-4.8377,-30.471,11.213,-159.84,-244.31,-354.86,-286.25,-50.418
-33.478,-57.38,-9.5565,50.325,-3.9029,-31.995,9.505,-163.77,-248.42,-360.4,-288.38,-48.108
-31.287,-58.178,-11.449,49.577,-2.7584,-33.131,7.5627,-167.6,-252.16,-366.63,-290.88,-45.247
-28.054,-57.454,-12.726,47.439,-1.6905,-33.201,5.6177,-171.06,-255.32,-372.48,-293.49,-42.476
-24.204,-54.832,-12.942,44.079,-0.94805,-31.85,3.8294,-173.95,-257.72,-377.03,-295.68,-40.339
-20.391,-50.535,-11.988,39.942,-0.63331,-29.119,2.2436,-176.17,-259.28,-379.69,-296.82,-39.09
-17.238,-45.47,-10.17,35.704,-0.6644,-25.506,0.80501,-177.67,-259.96,-380.13,-296.35,-38.585
-14.98,-40.825,-8.1516,32.121,-0.80518,-21.878,-0.60487,-178.47,-259.88,-378.09,-293.77,-38.337
-13.411,-37.516,-6.7211,29.654,-0.74548,-19.1,-2.1257,-178.64,-259.25,-373.67,-288.83,-37.725
-12.078,-35.845,-6.4539,28.263,-0.19392,-17.625,-3.877,-178.22,-258.25,-367.75,-281.87,-36.238
-10.496,-35.3,-7.442,27.402,1.0081,-17.31,-5.9294,-177.3,-256.78,-361.67,-273.81,-33.665
-8.3443,-34.656,-9.2261,26.251,2.762,-17.48,-8.2935,-175.97,-254.58,-356.34,-265.42,-30.153
-5.6661,-32.578,-10.982,24.043,4.6774,-17.264,-10.912,-174.25,-251.44,-351.69,-256.78,-26.116
-2.8843,-28.382,-11.881,20.267,6.2076,-16.052,-13.649,-172.14,-247.28,-346.89,-247.49,-22.091
-0.56816,-22.48,-11.411,15.207,6.8592,-13.696,-16.309,-169.61,-242.11,-340.95,-237.22,-18.58
0.79872,-16.164,-9.5181,10.219,6.3554,-10.453,-18.696,-166.63,-236,-333.22,-226.09,-15.898
0.93827,-10.823,-6.5691,6.6026,4.7194,-6.9164,-20.718,-163.2,-229.1,-323.59,-214.57,-14.059
-0.12177,-7.3053,-3.2344,4.7639,2.2815,-3.8701,-22.44,-159.35,-221.6,-312.46,-203.26,-12.765
-2.0011,-5.7259,-0.27849,4.4436,-0.40728,-1.9282,-24.006,-155.24,-213.85,-300.37,-192.56,-11.505
-4.0606,-5.6416,1.7245,5.0763,-2.7436,-1.2466,-25.536,-151.09,-206.3,-287.77,-182.33,-9.7482
-5.5743,-6.2695,2.6029,5.9321,-4.2462,-1.4817,-27.064,-147.07,-199.26,-275.4,-172.09,-7.1415
-5.9125,-6.6759,2.5982,6.2542,-4.6526,-1.9309,-28.536,-143.19,-192.66,-263.89,-161.52,-3.6541
-4.7258,-6.0719,2.1944,5.4877,-3.9232,-1.8404,-29.821,-139.3,-186.01,-253.26,-150.66,0.38709
-2.0526,-4.0418,1.8874,3.4415,-2.2141,-0.70768,-30.765,-135.23,-178.69,-243.04,-139.79,4.3909
1.6799,-0.6229,1.9848,0.33115,0.14727,1.5752,-31.25,-130.89,-170.22,-232.55,-129.21,7.7047
5.7979,3.5891,2.4838,-3.2399,2.755,4.6404,-31.239,-126.33,-160.64,-221.32,-119.08,9.8572
9.6137,7.5215,3.1213,-6.472,5.2406,7.6802,-30.777,-121.69,-150.58,-209.33,-109.35,10.751
12.57,10.162,3.5729,-8.7038,7.2929,9.8322,-29.968,-117.1,-140.94,-196.98,-99.889,10.715
14.304,11.052,3.6199,-9.6287,8.6582,10.638,-28.938,-112.61,-132.29,-184.84,-90.593,10.391
14.705,10.369,3.2747,-9.3421,9.1675,10.176,-27.792,-108.21,-124.7,-173.43,-81.496,10.49
13.913,8.7988,2.8678,-8.2849,8.7441,8.9932,-26.607,-103.88,-117.91,-162.97,-72.793,11.517
12.256,7.2918,2.9476,-7.0686,7.4105,7.9043,-25.425,-99.631,-111.57,-153.41,-64.725,13.564
10.148,6.6839,3.9847,-6.2469,5.29,7.6492,-24.275,-95.484,-105.3,-144.58,-57.441,16.263
7.9504,7.4166,6.1015,-6.1445,2.6051,8.581,-23.179,-91.485,-98.801,-136.27,-50.988,18.928
5.873,9.416,9.0197,-6.7503,-0.31292,10.578,-22.133,-87.674,-91.966,-128.25,-45.376,20.816
4.0186,12.046,12.145,-7.6938,-3.0417,13.079,-21.088,-84.063,-84.927,-120.34,-40.58,21.415
2.4962,14.286,14.711,-8.4043,-5.1383,15.227,-19.994,-80.621,-78.076,-112.48,-36.435,20.671
1.4413,15.21,16.021,-8.3988,-6.2347,16.216,-18.86,-77.275,-71.898,-104.84,-32.697,19.043
0.94801,14.379,15.687,-7.488,-6.1419,15.632,-17.726,-73.931,-66.697,-97.716,-29.227,17.323
1.0335,11.965,13.761,-5.8525,-4.9251,13.599,-16.621,-70.524,-62.416,-91.262,-26.061,16.338
1.6725,8.7686,10.736,-4.0279,-2.8894,10.766,-15.573,-67.074,-58.711,-85.547,-23.302,16.615
2.8168,5.9767,7.4439,-2.7019,-0.48662,8.1061,-14.649,-63.683,-55.193,-80.624,-21.035,18.169
4.3239,4.5722,4.815,-2.3672,1.7508,6.4914,-13.951,-60.452,-51.639,-76.42,-19.286,20.487
5.8743,4.9423,3.558,-3.1193,3.2891,6.3504,-13.555,-57.416,-48.014,-72.691,-18.03,22.725
7.0139,6.862,3.8947,-4.6356,3.7727,7.5961,-13.437,-54.549,-44.338,-69.141,-17.197,24.035
7.3002,9.5422,5.5128,-6.25,3.1627,9.6904,-13.452,-51.774,-40.584,-65.552,-16.68,23.915
6.4786,11.855,7.7131,-7.208,1.7188,11.795,-13.385,-48.965,-36.7,-61.86,-16.339,22.435
4.6434,12.83,9.6668,-7.0157,-0.10529,13.07,-13.056,-45.985,-32.703,-58.164,-16.026,20.215
2.2516,12.011,10.675,-5.6195,-1.7866,12.962,-12.412,-42.755,-28.757,-54.655,-15.633,18.168
-0.032875,9.5449,10.375,-3.4121,-2.867,11.367,-11.544,-39.315,-25.118,-51.518,-15.137,17.155
-1.5432,6.2333,8.8836,-1.1417,-3.0879,8.7533,-10.636,-35.81,-21.992,-48.884,-14.61,17.655
-1.7997,3.3386,6.7967,0.34244,-2.4515,6.0881,-9.8763,-32.402,-19.444,-46.803,-14.165,19.593
-0.65453,1.974,4.9425,0.44391,-1.1885,4.4066,-9.3794,-29.164,-17.413,-45.23,-13.884,22.389
1.6483,2.6219,3.9957,-0.95843,0.33448,4.3165,-9.1501,-26.078,-15.768,-44.001,-13.78,25.19
4.5484,5.1086,4.2323,-3.4891,1.7443,5.8747,-9.0845,-23.101,-14.364,-42.856,-13.785,27.16
7.357,8.6709,5.4801,-6.3915,2.7788,8.6203,-9.0157,-20.236,-13.081,-41.507,-13.787,27.772
9.4545,12.094,7.1714,-8.7774,3.3348,11.603,-8.7923,-17.54,-11.859,-39.776,-13.678,27.061
10.432,14.185,8.533,-9.9505,3.4584,13.711,-8.3513,-15.082,-10.699,-37.691,-13.408,25.635
10.179,14.273,8.8904,-9.6172,3.298,14.172,-7.7382,-12.913,-9.6422,-35.475,-13.006,24.41
8.9025,12.352,7.9604,-7.933,3.0145,12.806,-7.0685,-11.05,-8.7418,-33.441,-12.563,24.238
7.0281,9.088,6.0488,-5.4589,2.6859,10.096,-6.4643,-9.4714,-8.0225,-31.829,-12.192,25.638
5.0488,5.6919,3.9949,-3.0038,2.277,7.1088,-6.0058,-8.1082,-7.4605,-30.666,-11.972,28.622
3.39,3.44,2.79,-1.3376,1.6917,5.0725,-5.7143,-6.8593,-6.983,-29.729,-11.912,32.701
2.311,3.1225,3.1088,-0.92246,0.85101,4.8062,-5.559,-5.6207,-6.49,-28.634,-11.939,37.099
1.8713,4.8343,5.0686,-1.7938,-0.24248,6.47,-5.4764,-4.3297,-5.8921,-26.988,-11.934,40.992
1.9687,7.9762,8.1984,-3.5766,-1.4677,9.5509,-5.396,-2.9934,-5.1493,-24.58,-11.788,43.713
2.4075,11.41,11.529,-5.6321,-2.5912,12.941,-5.2608,-1.6807,-4.2881,-21.526,-11.458,44.927
2.9535,13.92,13.942,-7.2883,-3.3408,15.384,-5.0348,-0.4751,-3.3843,-18.28,-10.997,44.826
3.3666,14.697,14.672,-8.0479,-3.5423,16.052,-4.7001,0.57889,-2.5183,-15.362,-10.502,44.19
3.4301,13.535,13.613,-7.6969,-3.2488,14.79,-4.2521,1.5037,-1.7298,-13.03,-10.06,44.137
2.9941,10.877,11.372,-6.3315,-2.7404,12.156,-3.7042,2.3778,-0.99551,-11.234,-9.6966,45.591
2.0441,7.7311,8.9936,-4.3479,-2.37,9.2743,-3.0947,3.3002,-0.23989,-9.7698,-9.3761,48.796
0.75577,5.2753,7.4463,-2.3549,-2.3796,7.296,-2.4864,4.3509,0.62743,-8.4092,-9.0248,53.253
-0.52096,4.3426,7.2474,-0.98119,-2.799,6.8947,-1.9481,5.5704,1.6697,-6.9756,-8.5685,58.043
-1.3594,5.2086,8.371,-0.66375,-3.4428,8.1579,-1.5264,6.9629,2.9025,-5.3759,-7.9579,62.172
-1.4093,7.5494,10.27,-1.5041,-3.9863,10.578,-1.2229,8.5179,4.3039,-3.5978,-7.1735,64.822
-0.5561,10.465,12.053,-3.2083,-4.0932,13.141,-0.98918,10.233,5.8469,-1.6798,-6.215,65.659
0.99985,12.815,12.894,-5.1571,-3.574,14.805,-0.74277,12.123,7.5344,0.33536,-5.0854,65.076
2.7995,13.734,12.414,-6.646,-2.5149,14.969,-0.39593,14.21,9.411,2.4504,-3.7809,64.069
4.2941,12.885,10.849,-7.1696,-1.2699,13.604,0.11578,16.497,11.542,4.7282,-2.294,63.866
5.0459,10.556,8.9498,-6.5982,-0.30078,11.282,0.81377,18.944,13.974,7.2383,-0.62822,65.43
4.8735,7.6739,7.6068,-5.2359,0.014782,9.0229,1.6713,21.467,16.704,9.967,1.1862,68.954
3.8981,5.4159,7.4055,-3.7135,-0.4795,7.7444,2.6254,23.965,19.69,12.811,3.0894,73.745
2.4801,4.5806,8.4172,-2.6752,-1.6555,7.8223,3.6013,26.341,22.861,15.687,5.0129,78.674
1.0665,5.3717,10.265,-2.4906,-3.1455,9.1258,4.5436,28.538,26.137,18.652,6.9149,82.711
0.015573,7.4515,12.279,-3.1549,-4.4846,11.144,5.4419,30.556,29.445,21.924,8.8075,85.23
-0.5209,9.9739,13.708,-4.2905,-5.2648,13.076,6.3425,32.442,32.736,25.784,10.755,86.172
-0.6078,11.862,13.97,-5.2736,-5.2405,14.104,7.3346,34.264,35.999,30.326,12.854,86.06
-0.4395,12.336,12.811,-5.5365,-4.3722,13.745,8.5122,36.077,39.246,35.228,15.201,85.82
-0.21578,11.201,10.364,-4.8483,-2.8224,11.997,9.9259,37.89,42.491,39.879,17.862,86.41
-0.046223,8.847,7.1709,-3.3982,-0.91848,9.3406,11.543,39.658,45.712,43.841,20.844,88.386
0.088646,6.1723,4.0728,-1.7337,0.92475,6.6276,13.241,41.301,48.849,47.065,24.076,91.618
0.30933,4.2921,1.9579,-0.56506,2.3076,4.813,14.857,42.744,51.832,49.714,27.411,95.445
0.7494,4.068,1.4881,-0.45375,2.9397,4.5989,16.272,43.957,54.62,51.977,30.701,99.03
1.4479,5.7315,2.872,-1.5581,2.7164,6.1716,17.462,44.962,57.214,54.008,33.871,101.7
2.2945,8.7789,5.7619,-3.5556,1.7294,9.0878,18.489,45.821,59.665,55.936,36.937,103.08
3.0676,12.137,9.3755,-5.7668,0.20903,12.413,19.455,46.605,62.033,57.854,39.96,103.18
3.541,14.64,12.803,-7.4539,-1.545,15.126,20.451,47.361,64.342,59.777,42.97,102.4
3.5919,15.516,15.29,-8.14,-3.2229,16.515,21.504,48.111,66.548,61.629,45.915,101.35
3.2535,14.622,16.432,-7.7722,-4.5668,16.348,22.553,48.841,68.537,63.277,48.698,100.64
2.6857,12.508,16.276,-6.72,-5.4419,14.948,23.471,49.522,70.166,64.609,51.215,100.6
2.0803,10.201,15.312,-5.5902,-5.8799,13.081,24.104,50.115,71.328,65.573,53.408,101.23
1.5536,8.6967,14.267,-4.9215,-6.0772,11.595,24.33,50.584,71.99,66.171,55.264,102.15
1.0895,8.5361,13.73,-4.9733,-6.3166,11.031,24.102,50.906,72.207,66.428,56.795,102.81
0.55517,9.7571,13.907,-5.6592,-6.7987,11.524,23.463,51.077,72.113,66.384,58.023,102.66
-0.20976,11.841,14.602,-6.5529,-7.4945,12.816,22.538,51.114,71.864,66.122,58.975,101.37
-1.2617,13.789,15.304,-7.0552,-8.1488,14.23,21.484,51.045,71.553,65.762,59.701,98.953
-2.4558,14.6,15.35,-6.7253,-8.4073,14.921,20.43,50.902,71.168,65.378,60.265,95.829
-3.4497,13.766,14.203,-5.4867,-7.95,14.298,19.432,50.704,70.633,64.925,60.71,92.649
-3.8093,11.386,11.714,-3.6526,-6.5816,12.268,18.452,50.454,69.86,64.281,61.039,90.067
-3.1616,8.1892,8.2348,-1.8656,-4.3108,9.2994,17.386,50.134,68.809,63.327,61.221,88.494
-1.3414,5.3761,4.526,-0.8716,-1.3909,6.3295,16.119,49.725,67.521,62.016,61.227,87.943
1.5081,4.0204,1.4336,-1.156,1.727,4.3505,14.6,49.234,66.116,60.401,61.06,88.069
4.9221,4.5477,-0.42226,-2.7483,4.5137,3.9197,12.895,48.687,64.753,58.623,60.768,88.283
8.2117,6.6843,-0.80294,-5.2364,6.4927,5.0039,11.184,48.114,63.573,56.861,60.427,87.983
10.652,9.5745,0.10546,-7.8668,7.3447,7.0244,9.6787,47.52,62.641,55.268,60.104,86.771
11.684,12.025,1.7366,-9.7787,6.9804,9.0386,8.5112,46.889,61.904,53.911,59.829,84.605
11.066,12.989,3.3528,-10.327,5.5646,10.119,7.6731,46.181,61.217,52.741,59.579,81.82
8.9529,11.974,4.3647,-9.3147,3.4549,9.7215,7.0436,45.35,60.392,51.603,59.287,78.953
5.8666,9.2326,4.5878,-7.0674,1.0706,7.8884,6.4601,44.36,59.282,50.294,58.875,76.591
2.5536,5.7813,4.2823,-4.3573,-1.2302,5.3359,5.7884,43.206,57.841,48.63,58.282,75.164
-0.24781,2.9863,3.9556,-2.1219,-3.1876,3.1481,4.9627,41.904,56.139,46.522,57.503,74.81
-1.9988,1.8655,4.0171,-1.0912,-4.5972,2.1632,3.9896,40.462,54.328,44.032,56.596,75.237
-2.4226,2.738,4.5811,-1.5394,-5.2796,2.6669,2.9272,38.873,52.558,41.395,55.651,75.82
-1.5301,5.2451,5.4609,-3.2065,-5.1167,4.4355,1.8557,37.122,50.916,38.913,54.732,75.796
0.35066,8.3856,6.2177,-5.3894,-4.0787,6.7417,0.84473,35.216,49.394,36.763,53.837,74.555
2.6771,10.846,6.291,-7.2387,-2.2326,8.5337,-0.0807,33.194,47.897,34.885,52.881,71.832
4.9236,11.631,5.2444,-8.1056,0.23643,8.971,-0.95927,31.114,46.292,33.035,51.732,67.811
6.7114,10.395,2.9754,-7.7237,3.0262,7.7568,-1.873,29.042,44.469,30.931,50.265,63.05
7.7967,7.4864,-0.14371,-6.2678,5.6944,5.1894,-2.8901,27.028,42.374,28.375,48.403,58.301
8.0797,3.9285,-3.255,-4.3039,7.6856,2.1225,-4.0074,25.103,40.022,25.355,46.146,54.315
7.6102,1.0556,-5.318,-2.5524,8.4944,-0.31933,-5.1315,23.257,37.472,22.086,43.568,51.555
6.5303,-0.17693,-5.5958,-1.5545,7.8591,-1.2907,-6.111,21.447,34.797,18.936,40.811,49.968
5.0154,0.47919,-3.9487,-1.505,5.8455,-0.56555,-6.802,19.62,32.053,16.22,38.04,48.945
3.2412,2.6207,-0.80904,-2.2355,2.8226,1.4899,-7.1393,17.758,29.274,14.05,35.4,47.547
1.3593,5.3316,2.9656,-3.2787,-0.62373,4.067,-7.1728,15.931,26.476,12.35,32.966,44.896
-0.48419,7.4971,6.3371,-4.054,-3.8312,6.1927,-7.0421,14.257,23.668,10.961,30.755,40.592
-2.0958,8.2692,8.4165,-4.141,-6.2073,7.0931,-6.8979,12.828,20.881,9.7418,28.764,34.87
-3.2221,7.355,8.7123,-3.4414,-7.3285,6.435,-6.8249,11.668,18.179,8.6087,27.003,28.413
-3.6112,5.0756,7.2238,-2.1969,-7.0111,4.4256,-6.814,10.746,15.644,7.54,25.489,22.119
-3.1033,2.2875,4.4256,-0.90149,-5.3643,1.7643,-6.7933,10.004,13.345,6.5495,24.217,16.836
-1.6988,0.039932,1.1133,-0.1068,-2.78,-0.6507,-6.6847,9.3604,11.325,5.657,23.121,13.03
0.41946,-0.88146,-1.8657,-0.19644,0.18757,-2.1046,-6.4537,8.7289,9.5901,4.8699,22.088,10.531
2.9096,-0.18349,-3.8978,-1.2424,3.0056,-2.2484,-6.1304,8.0392,8.122,4.1778,20.998,8.587
5.335,1.8935,-4.7821,-2.9737,5.2787,-1.1483,-5.7925,7.2592,6.8888,3.5587,19.771,6.2248
7.2631,4.5942,-4.7196,-4.8496,6.7674,0.70574,-5.5285,6.4071,5.855,2.9937,18.42,2.7152
8.3898,6.9037,-4.1484,-6.2624,7.4012,2.5486,-5.3916,5.5428,4.9866,2.4756,17.054,-2.0914
8.64,8.0076,-3.5246,-6.7851,7.3177,3.6729,-5.3727,4.7415,4.2495,2.004,15.835,-7.7547
8.1754,7.5645,-3.2043,-6.3208,6.813,3.6753,-5.41,4.0567,3.605,1.5675,14.889,-13.491
7.3221,5.762,-3.3831,-5.1306,6.1927,2.5459,-5.4397,3.4966,3.0109,1.1332,14.254,-18.476
6.4496,3.288,-3.9792,-3.7366,5.6266,0.70602,-5.4529,3.0233,2.4354,0.66042,13.869,-22.103
5.8347,1.1138,-4.5829,-2.7103,5.1085,-1.0676,-5.5058,2.5759,1.8759,0.12825,13.608,-24.191
5.5707,0.044934,-4.6444,-2.4433,4.5176,-1.9967,-5.6751,2.1019,1.3682,-0.44473,13.333,-25.066
5.5635,0.42602,-3.7798,-3.0302,3.7164,-1.6652,-5.9983,1.5818,0.96984,-1.0005,12.95,-25.455
5.5933,2.1561,-1.9463,-4.2674,2.6413,-0.083451,-6.4399,1.0383,0.73117,-1.4604,12.443,-26.19
5.4032,4.7424,0.53395,-5.715,1.3499,2.3578,-6.8916,0.52742,0.66607,-1.7571,11.852,-27.878
4.7962,7.3451,3.0476,-6.8203,0.014094,4.9301,-7.2052,0.10944,0.73836,-1.8679,11.246,-30.682
3.7112,9.0572,4.8731,-7.1161,-1.121,6.7851,-7.2509,-0.18119,0.87251,-1.8313,10.678,-34.286
2.2544,9.3075,5.4565,-6.3808,-1.8108,7.3378,-6.9857,-0.35354,0.98465,-1.7347,10.168,-38.027
0.6679,8.014,4.6332,-4.6965,-1.9051,6.4759,-6.4926,-0.45559,1.0179,-1.6768,9.7072,-41.087
-0.74482,5.5587,2.6967,-2.441,-1.4197,4.5354,-5.9554,-0.55206,0.96567,-1.7247,9.278,-42.781
-1.6988,2.746,0.32355,-0.23122,-0.54877,2.2097,-5.5712,-0.69685,0.8669,-1.8856,8.8659,-42.885
-2.0016,0.60685,-1.6189,1.2491,0.38572,0.37908,-5.4506,-0.91146,0.78865,-2.1039,8.4835,-41.811
-1.6118,-0.022576,-2.3568,1.5093,1.0331,-0.18983,-5.5606,-1.1777,0.79625,-2.285,8.1561,-40.407
-0.64802,1.1283,-1.5032,0.43568,1.1264,0.81216,-5.7377,-1.4486,0.92303,-2.336,7.9142,-39.587
0.64914,3.6543,0.76656,-1.6716,0.57283,3.0689,-5.769,-1.674,1.1515,-2.2075,7.7721,-39.988
1.9739,6.6456,3.7584,-4.1903,-0.50822,5.7648,-5.4971,-1.8242,1.416,-1.9184,7.7075,-41.725
3.0122,9.0471,6.54,-6.367,-1.8352,7.9441,-4.894,-1.9025,1.6278,-1.5532,7.6553,-44.35
3.5006,10.031,8.3351,-7.5475,-3.0912,8.8864,-4.0631,-1.9388,1.7124,-1.231,7.5228,-47.072
3.3131,9.2335,8.805,-7.3669,-4.031,8.3315,-3.1766,-1.9691,1.642,-1.0576,7.237,-49.073
2.5317,6.8988,8.0682,-5.8856,-4.498,6.5566,-2.3947,-2.0225,1.4441,-1.0854,6.7754,-49.748
1.446,3.8936,6.5124,-3.631,-4.3888,4.2727,-1.8046,-2.1197,1.1841,-1.3001,6.1728,-48.909
0.47877,1.3347,4.5787,-1.4141,-3.6414,2.2693,-1.3973,-2.2806,0.9301,-1.6384,5.4994,-46.897
0.050338,0.061898,2.6136,0.025033,-2.2676,1.0708,-1.087,-2.5284,0.71735,-2.0226,4.8265,-44.532
0.4021,0.38728,0.77093,0.2824,-0.38489,0.80157,-0.75874,-2.8841,0.53831,-2.3935,4.2036,-42.814
1.4631,1.9978,-0.97949,-0.58574,1.7761,1.1503,-0.3212,-3.3521,0.35309,-2.7242,3.6544,-42.5
2.8497,3.9652,-2.6911,-2.0223,3.8701,1.5067,0.25372,-3.911,0.11722,-3.0157,3.1864,-43.759
4.0038,5.1596,-4.31,-3.1832,5.4801,1.2913,0.91966,-4.5167,-0.19325,-3.2869,2.8044,-46.102
4.414,4.8338,-5.6674,-3.3953,6.2436,0.22918,1.5778,-5.1202,-0.57255,-3.5702,2.5138,-48.558
3.8364,2.8762,-6.5389,-2.4468,5.9775,-1.5528,2.122,-5.6916,-0.99334,-3.9083,2.3101,-49.965
2.4084,-0.12086,-6.7151,-0.63994,4.7219,-3.5233,2.4851,-6.2357,-1.4227,-4.3417,2.1647,-49.463
0.5994,-2.9868,-6.045,1.2767,2.7391,-4.9461,2.6668,-6.7854,-1.8332,-4.8861,2.0264,-47.019
-0.96559,-4.6159,-4.5428,2.4431,0.48054,-5.3091,2.734,-7.3769,-2.2036,-5.513,1.8456,-43.384
-1.7365,-4.5499,-2.5316,2.3532,-1.5077,-4.5513,2.7927,-8.0231,-2.5171,-6.1481,1.605,-39.614
-1.4336,-2.9956,-0.59917,1.0428,-2.7332,-3.0019,2.9478,-8.7014,-2.7602,-6.6889,1.3316,-36.718
-0.13583,-0.7161,0.58737,-0.96255,-2.8758,-1.3202,3.2681,-9.3592,-2.9246,-7.0401,1.0839,-35.372
1.7684,1.1403,0.46426,-2.8215,-1.8297,-0.34964,3.7729,-9.9301,-3.0085,-7.1544,0.92012,-35.649
3.7423,1.5074,-1.2584,-3.7188,0.2578,-0.77128,4.4396,-10.353,-3.016,-7.0597,0.86921,-36.983
5.2893,-0.10704,-4.431,-3.2143,2.9751,-2.7913,5.2234,-10.59,-2.9562,-6.8522,0.91772,-38.396
6.0885,-3.3982,-8.3889,-1.4084,5.7476,-6.015,6.0754,-10.64,-2.8411,-6.6545,1.0197,-38.896
6.0503,-7.2915,-12.147,1.0779,7.9896,-9.511,6.957,-10.536,-2.6805,-6.5615,1.1223,-37.841
5.3008,-10.401,-14.824,3.3587,9.25,-12.188,7.8545,-10.331,-2.479,-6.6014,1.1921,-35.2
4.1003,-11.701,-15.85,4.6967,9.2933,-13.262,8.7838,-10.076,-2.2368,-6.7275,1.2295,-31.536
2.7342,-10.813,-14.996,4.7687,8.1541,-12.45,9.7797,-9.8034,-1.9521,-6.8388,1.2632,-27.748
1.4259,-8.086,-12.585,3.7417,6.2001,-10.064,10.875,-9.5264,-1.6235,-6.8177,1.3341,-24.735
0.30084,-4.6648,-9.5341,2.2433,4.0462,-7.0569,12.083,-9.2383,-1.2502,-6.5784,1.4763,-23.12
-0.59374,-2.0543,-7.0315,1.0975,2.3254,-4.6878,13.387,-8.9245,-0.83348,-6.1099,1.7063,-23.014
-1.2279,-1.3231,-6.0309,0.91068,1.4644,-3.9184,14.743,-8.5716,-0.37788,-5.4912,2.0193,-23.959
-1.5491,-2.7948,-6.8329,1.8599,1.6003,-5.0459,16.078,-8.1714,0.10854,-4.8599,2.3923,-25.116
-1.4922,-6.0388,-8.9681,3.6662,2.5789,-7.6147,17.302,-7.7229,0.61418,-4.3515,2.7919,-25.596
-1.0161,-9.8068,-11.426,5.612,3.9868,-10.529,18.329,-7.2345,1.1242,-4.044,3.1826,-24.828
-0.14438,-12.499,-13.094,6.8175,5.2684,-12.522,19.106,-6.7277,1.6215,-3.932,3.5319,-22.771
0.99694,-13.11,-13.184,6.7345,5.9146,-12.775,19.634,-6.2354,2.0897,-3.9342,3.8097,-19.877
2.1664,-11.511,-11.45,5.3305,5.6293,-11.11,19.954,-5.794,2.5175,-3.9308,3.9853,-16.906
3.0426,-8.2241,-8.2173,3.0081,4.403,-7.9411,20.136,-5.4288,2.904,-3.8141,4.033,-14.663
3.3026,-4.3551,-4.2839,0.55348,2.4964,-4.2287,20.267,-5.139,3.2597,-3.5269,3.9452,-13.701
2.7197,-1.3555,-0.7468,-1.076,0.35991,-1.2324,20.424,-4.8928,3.6008,-3.0767,3.7393,-14.085
1.2548,-0.38312,1.3789,-1.156,-1.5032,0.043854,20.638,-4.6364,3.94,-2.5292,3.4495,-15.365
-0.88653,-1.8613,1.5635,0.52306,-2.6881,-0.7708,20.866,-4.316,4.2773,-1.9869,3.1095,-16.758
-3.2733,-5.3776,-0.096517,3.5623,-2.9878,-3.3522,21.007,-3.9001,4.5978,-1.5557,2.7363,-17.488
-5.3785,-9.7279,-2.9486,7.0213,-2.4203,-6.7799,20.941,-3.3944,4.8748,-1.3078,2.3226,-17.086
-6.7628,-13.403,-6.0106,9.8103,-1.2204,-9.8965,20.592,-2.8416,5.0794,-1.2584,1.8403,-15.562
-7.1996,-15.303,-8.349,11.171,0.21678,-11.795,19.949,-2.3072,5.1908,-1.3641,1.2524,-13.394
-6.7277,-14.99,-9.413,10.831,1.4642,-12.038,19.06,-1.8542,5.2073,-1.5434,0.52965,-11.327
-5.665,-12.679,-9.1267,9.043,2.1835,-10.696,17.994,-1.5175,5.1504,-1.7032,-0.33329,-10.084
-4.5398,-9.2772,-7.7833,6.5888,2.2049,-8.3528,16.827,-1.2891,5.0601,-1.763,-1.3098,-10.106
-3.9081,-6.1036,-5.9273,4.4884,1.5642,-5.9208,15.641,-1.1225,4.9785,-1.6776,-2.3463,-11.351
-4.1406,-4.3062,-4.1825,3.5383,0.47112,-4.2661,14.528,-0.9554,4.9283,-1.456,-3.3828,-13.324
-5.2747,-4.5044,-3.0666,4.0888,-0.76197,-3.9315,13.557,-0.73668,4.8975,-1.1623,-4.3776,-15.277
-6.968,-6.6424,-2.856,5.9838,-1.8003,-4.9888,12.74,-0.44605,4.8401,-0.89248,-5.3245,-16.5
-8.5932,-9.8759,-3.4985,8.4858,-2.3713,-6.9609,12.004,-0.098141,4.6957,-0.7361,-6.2513,-16.598
-9.4609,-12.826,-4.615,10.463,-2.342,-8.9835,11.23,0.26534,4.417,-0.74023,-7.2038,-15.626
-9.0939,-14.299,-5.6397,11.014,-1.7627,-10.211,10.302,0.59022,3.9934,-0.89167,-8.2216,-14.067
-7.4281,-13.786,-6.052,9.8846,-0.85577,-10.147,9.1636,0.82802,3.4561,-1.1222,-9.3169,-12.635
-4.8279,-11.406,-5.5733,7.3208,0.056574,-8.7173,7.8355,0.95429,2.8647,-1.3346,-10.463,-11.989
-1.9383,-7.7818,-4.2584,3.9606,0.66575,-6.2707,6.417,0.9805,2.2825,-1.4392,-11.598,-12.459
0.51404,-4.0239,-2.4808,0.78696,0.79039,-3.5442,5.0587,0.95351,1.7521,-1.3876,-12.638,-13.893
1.9299,-1.3655,-0.81816,-1.2469,0.4404,-1.4496,3.92,0.94088,1.2817,-1.1914,-13.509,-15.731
2.0274,-0.61219,0.1556,-1.6243,-0.20059,-0.68949,3.1135,1.006,0.84655,-0.92227,-14.183,-17.235
0.94335,-1.8944,0.097204,-0.37219,-0.86125,-1.4849,2.6562,1.1814,0.40263,-0.68574,-14.688,-17.766
-0.82255,-4.6518,-0.98342,1.9774,-1.2784,-3.5139,2.4557,1.4513,-0.093182,-0.57932,-15.112,-17.029
-2.5706,-7.7934,-2.7529,4.5195,-1.2586,-6.0283,2.3372,1.7522,-0.66513,-0.65257,-15.558,-15.177
-3.6145,-10.171,-4.7119,6.3379,-0.70704,-8.1716,2.0948,1.9959,-1.3081,-0.88951,-16.11,-12.758
-3.5263,-11.024,-6.3974,6.8607,0.36248,-9.3045,1.5588,2.1041,-1.9879,-1.2203,-16.796,-10.497
-2.279,-10.115,-7.5341,5.9621,1.8331,-9.1667,0.66276,2.0443,-2.6512,-1.5486,-17.581,-9.0355
-0.22371,-7.7905,-8.1033,3.9791,3.5034,-7.9527,-0.52011,1.8475,-3.2422,-1.7836,-18.373,-8.6789
2.0625,-4.9669,-8.3127,1.6443,5.1275,-6.2831,-1.7967,1.598,-3.7192,-1.8649,-19.047,-9.2787
3.9694,-2.7409,-8.4601,-0.20294,6.4677,-4.9319,-2.9292,1.3976,-4.0664,-1.7789,-19.487,-10.296
5.0181,-1.8789,-8.7651,-0.97283,7.334,-4.4579,-3.7365,1.3189,-4.2961,-1.5618,-19.637,-11.035
4.9791,-2.5892,-9.2641,-0.48631,7.6099,-5.0189,-4.174,1.3727,-4.441,-1.2873,-19.529,-10.923
3.9249,-4.5259,-9.7898,1.0306,7.2668,-6.3497,-4.3565,1.5033,-4.5404,-1.0395,-19.281,-9.73
2.2006,-6.8682,-10.03,3.0032,6.3661,-7.8425,-4.5142,1.6133,-4.6239,-0.88382,-19.051,-7.6523
0.31951,-8.6236,-9.661,4.6819,5.0482,-8.7966,-4.9052,1.6046,-4.7023,-0.84295,-18.968,-5.2547
-1.19,-9.0644,-8.5138,5.4359,3.5042,-8.7339,-5.7258,1.418,-4.7652,-0.89075,-19.097,-3.2763
-1.9633,-7.9699,-6.6724,4.9723,1.9374,-7.5715,-7.0589,1.0531,-4.789,-0.9653,-19.427,-2.3652
-1.9224,-5.6572,-4.4654,3.4039,0.5285,-5.629,-8.8566,0.56503,-4.7515,-0.99713,-19.9,-2.8333
-1.2731,-2.9149,-2.3497,1.2509,-0.5965,-3.5179,-10.939,0.037595,-4.6478,-0.93876,-20.447,-4.5347
-0.39574,-0.71559,-0.74259,-0.73028,-1.3895,-1.8977,-13.031,-0.45252,-4.4945,-0.78138,-21.018,-6.9194
0.32756,0.23491,0.12617,-1.891,-1.8603,-1.1925,-14.876,-0.86403,-4.3195,-0.55424,-21.584,-9.2249
0.68618,-0.2295,0.27207,-1.9438,-2.0166,-1.4325,-16.39,-1.1991,-4.1485,-0.31073,-22.121,-10.727
0.72192,-1.7125,-0.10724,-1.0269,-1.8241,-2.2838,-17.713,-1.4934,-3.9966,-0.10906,-22.611,-10.975
0.6808,-3.4384,-0.77127,0.34413,-1.2098,-3.2401,-19.101,-1.7991,-3.8696,0.0051377,-23.051,-9.9664
0.90597,-4.628,-1.5568,1.4955,-0.092079,-3.8597,-20.755,-2.1653,-3.7678,0.010684,-23.464,-8.1725
1.7039,-4.8164,-2.4307,1.9228,1.5443,-3.9173,-22.701,-2.6174,-3.6898,-0.083045,-23.88,-6.3881
3.175,-3.9621,-3.4757,1.4726,3.6033,-3.4783,-24.773,-3.1414,-3.6319,-0.2374,-24.314,-5.4559
5.0939,-2.4599,-4.7882,0.35254,5.886,-2.8844,-26.681,-3.6859,-3.5856,-0.39511,-24.756,-5.9302
6.9393,-1.0251,-6.3304,-0.92802,8.0447,-2.5749,-28.125,-4.1804,-3.5397,-0.49724,-25.175,-7.7851
8.067,-0.3655,-7.8679,-1.7311,9.5872,-2.8387,-28.9,-4.5584,-3.4806,-0.49887,-25.532,-10.383
7.9383,-0.85291,-9.011,-1.5655,10.032,-3.6751,-28.945,-4.7735,-3.3955,-0.37915,-25.775,-12.757
6.3085,-2.3787,-9.3169,-0.29437,9.0976,-4.786,-28.344,-4.8074,-3.2771,-0.14647,-25.854,-13.993
3.3313,-4.3869,-8.4474,1.7987,6.7906,-5.6797,-27.279,-4.6737,-3.1292,0.16196,-25.751,-13.555
-0.44719,-6.0656,-6.3193,4.0769,3.4027,-5.8837,-25.924,-4.4157,-2.971,0.48826,-25.505,-11.486
-4.235,-6.7137,-3.1798,5.8007,-0.54315,-5.1602,-24.338,-4.0962,-2.8342,0.77157,-25.208,-8.4104
-7.2646,-6.0501,0.42276,6.4624,-4.3793,-3.6036,-22.458,-3.7731,-2.7533,0.9671,-24.944,-5.3235
-9.0566,-4.3179,3.7799,5.9876,-7.4504,-1.622,-20.215,-3.4736,-2.7522,1.0608,-24.74,-3.2256
-9.5295,-2.2186,6.2337,4.7442,-9.2823,0.18201,-17.614,-3.1816,-2.8353,1.0721,-24.541,-2.7601
-8.9455,-0.63584,7.3659,3.3783,-9.6845,1.2377,-14.712,-2.8476,-2.9866,1.0442,-24.262,-3.9691
-7.7791,-0.23458,7.1069,2.5052,-8.8023,1.2388,-11.597,-2.4156,-3.1786,1.0237,-23.839,-6.2556
-6.5365,-1.1986,5.7487,2.4648,-7.0756,0.25609,-8.4554,-1.8531,-3.3894,1.0368,-23.261,-8.5999
-5.5522,-3.1697,3.8511,3.2318,-5.0357,-1.2941,-5.5887,-1.1726,-3.6186,1.0715,-22.572,-9.9694
-4.8906,-5.3702,2.0497,4.4218,-3.1149,-2.8159,-3.2545,-0.43556,-3.8922,1.0764,-21.86,-9.7413
-4.4059,-6.9588,0.83799,5.4315,-1.6008,-3.7766,-1.5485,0.26538,-4.2527,0.98104,-21.242,-7.9469
-3.8483,-7.3966,0.41334,5.7324,-0.63152,-3.8941,-0.42457,0.838,-4.7375,0.72799,-20.837,-5.2479
-3.0077,-6.5592,0.64416,5.0833,-0.19182,-3.199,0.24607,1.2217,-5.3588,0.2983,-20.715,-2.6792
-1.9257,-4.7114,1.1606,3.5833,-0.16915,-2.0067,0.63101,1.4074,-6.0923,-0.27911,-20.875,-1.2574
-0.93439,-2.4936,1.5361,1.7056,-0.4358,-0.81898,0.89722,1.4404,-6.8804,-0.93626,-21.235,-1.5733
-0.45274,-0.77001,1.4662,0.1961,-0.88026,-0.15328,1.1724,1.4069,-7.6489,-1.5876,-21.643,-3.5376
-0.77988,-0.2601,0.83629,-0.28995,-1.3993,-0.35984,1.5157,1.4025,-8.3301,-2.1583,-21.923,-6.4459
-1.9405,-1.235,-0.30998,0.49248,-1.8724,-1.508,1.9085,1.4953,-8.8889,-2.6128,-21.947,-9.295
-3.6049,-3.4455,-1.8201,2.3304,-2.1403,-3.3545,2.2718,1.6991,-9.3344,-2.9689,-21.685,-11.148
-5.1757,-6.1793,-3.4666,4.6144,-2.0272,-5.3995,2.5101,1.9704,-9.7075,-3.2867,-21.216,-11.433
-5.9847,-8.4776,-4.9868,6.4875,-1.3943,-7.0497,2.5635,2.2345,-10.053,-3.6309,-20.681,-10.126
-5.5175,-9.5222,-6.1439,7.1833,-0.19671,-7.8283,2.4432,2.4244,-10.392,-4.0315,-20.21,-7.7588
-3.6244,-8.9509,-6.7891,6.3596,1.4777,-7.5248,2.2368,2.5124,-10.711,-4.4651,-19.872,-5.2428
-0.61602,-6.9531,-6.8906,4.1982,3.41,-6.2524,2.0834,2.5193,-10.969,-4.8642,-19.643,-3.5457
2.8273,-4.2009,-6.5226,1.3268,5.2807,-4.4232,2.1248,2.5029,-11.117,-5.1459,-19.427,-3.3257
5.8516,-1.6185,-5.8247,-1.3771,6.7154,-2.613,2.4486,2.5329,-11.119,-5.2478,-19.091,-4.6491
7.6635,-0.042367,-4.9539,-3.0837,7.3664,-1.3458,3.0512,2.6639,-10.971,-5.1531,-18.524,-6.9513
7.7684,0.052836,-4.0352,-3.282,7.0154,-0.9125,3.8427,2.9156,-10.704,-4.9,-17.689,-9.2821
6.1198,-1.3029,-3.1184,-1.9309,5.6398,-1.2894,4.6889,3.2666,-10.371,-4.5659,-16.645,-10.697
3.1172,-3.5505,-2.1626,0.50639,3.4131,-2.1545,5.4594,3.662,-10.036,-4.2386,-15.513,-10.62
-0.51153,-5.7948,-1.0634,3.2059,0.65589,-3.0066,6.057,4.0317,-9.7465,-3.9849,-14.432,-9.0572
-3.938,-7.1882,0.28173,5.3269,-2.2414,-3.3563,6.4295,4.3142,-9.5236,-3.8324,-13.502,-6.5821
-6.5325,-7.219,1.8987,6.3305,-4.9065,-2.8981,6.5727,4.4773,-9.3524,-3.7671,-12.767,-4.1012
-8.0346,-5.819,3.6777,6.0943,-7.0426,-1.6094,6.5276,4.5262,-9.1927,-3.7443,-12.214,-2.4986
-8.5166,-3.4297,5.3595,4.9183,-8.4429,0.20274,6.3638,4.4974,-9.0011,-3.7069,-11.784,-2.2848
-8.2834,-0.93314,6.5932,3.4229,-9.0221,1.9584,6.1491,4.4389,-8.7536,-3.6066,-11.399,-3.3952
-7.7496,0.74105,7.0715,2.2701,-8.866,3.0392,5.9131,4.3867,-8.4589,-3.4254,-10.99,-5.2351
-7.2794,1.0441,6.6843,1.8887,-8.2115,3.0766,5.6326,4.349,-8.1558,-3.189,-10.525,-6.9385
-7.0825,-0.052722,5.6018,2.3891,-7.3384,2.1005,5.252,4.3077,-7.8983,-2.961,-10.022,-7.7061
-7.175,-2.0829,4.2302,3.5804,-6.4449,0.53154,4.7281,4.231,-7.7327,-2.8164,-9.5384,-7.1021
-7.3597,-4.2104,3.0432,4.982,-5.5919,-0.97657,4.0628,4.0912,-7.6786,-2.8067,-9.1434,-5.2171
-7.2792,-5.5607,2.3823,5.9465,-4.733,-1.814,3.3071,3.874,-7.7184,-2.9347,-8.8867,-2.6368
-6.5549,-5.576,2.3322,5.948,-3.7768,-1.6476,2.5402,3.5795,-7.8032,-3.1494,-8.7725,-0.22862
-4.9703,-4.1486,2.7122,4.7967,-2.632,-0.50365,1.8401,3.2247,-7.8656,-3.3608,-8.7518,1.1793
-2.616,-1.623,3.1773,2.6703,-1.251,1.2498,1.2612,2.8433,-7.8424,-3.4691,-8.737,1.1219
0.084733,1.2442,3.3803,0.097572,0.30176,3.0189,0.82545,2.4813,-7.6953,-3.3991,-8.6285,-0.30952
2.4906,3.5169,3.1148,-2.1498,1.7966,4.2108,0.52465,2.1841,-7.4232,-3.1282,-8.3538,-2.5164
3.9504,4.4715,2.3994,-3.3493,2.8903,4.4597,0.32809,1.9785,-7.0633,-2.6949,-7.8944,-4.6511
4.0341,3.8527,1.4986,-3.1193,3.266,3.7455,0.1857,1.8613,-6.6757,-2.1777,-7.2884,-5.9422
2.7022,1.9502,0.85724,-1.5492,2.758,2.427,0.029571,1.8037,-6.3178,-1.6593,-6.6081,-5.9627
0.34751,-0.41746,0.93102,0.78355,1.4081,1.1629,-0.21299,1.7683,-6.0124,-1.1905,-5.9211,-4.7714
-2.2996,-2.1757,1.9883,2.9669,-0.54445,0.65718,-0.59082,1.7283,-5.7381,-0.77277,-5.2631,-2.8895
-4.4218,-2.4676,3.9873,4.148,-2.7188,1.3611,-1.1002,1.6766,-5.4398,-0.36537,-4.6281,-1.1206
-5.4491,-0.94529,6.5676,3.874,-4.6706,3.3193,-1.677,1.623,-5.0571,0.089393,-3.9767,-0.27217
-5.2524,2.1313,9.1513,2.1965,-6.0163,6.1222,-2.217,1.5863,-4.555,0.63752,-3.2547,-0.84733
-4.1462,5.8469,11.14,-0.30348,-6.6016,8.9799,-2.6151,1.5872,-3.94,1.2922,-2.4133,-2.8158
-2.7803,8.9256,12.131,-2.6536,-6.574,11.04,-2.8055,1.6424,-3.2566,2.0256,-1.428,-5.6008
-1.9108,10.372,12.064,-3.9325,-6.2914,11.766,-2.7874,1.7593,-2.5674,2.7746,-0.31078,-8.3073
-2.0864,9.8454,11.26,-3.676,-6.1925,11.1,-2.6282,1.9302,-1.9297,3.4593,0.88823,-10.07
-3.4292,7.6905,10.321,-1.9765,-6.6703,9.4783,-2.4456,2.1309,-1.3768,4.0076,2.0917,-10.377
-5.6092,4.8771,9.9289,0.54976,-7.9101,7.7039,-2.3722,2.324,-0.91025,4.3801,3.2156,-9.261
-7.9563,2.6787,10.566,2.9181,-9.7411,6.6508,-2.5139,2.4691,-0.50354,4.583,4.193,-7.3075
-9.708,2.1159,12.299,4.1682,-11.668,6.9079,-2.9151,2.5342,-0.11646,4.6636,4.9885,-5.4558
-10.307,3.6052,14.766,3.753,-13.152,8.5881,-3.5462,2.5045,0.28379,4.6874,5.5983,-4.6658
-9.5615,6.8559,17.314,1.6929,-13.827,11.287,-4.3204,2.3821,0.70347,4.7083,6.0393,-5.5387
-7.6464,10.844,19.195,-1.4113,-13.517,14.142,-5.1331,2.1841,1.1157,4.7465,6.3405,-8.038
-5.0079,14.17,19.77,-4.5581,-12.228,16.156,-5.9043,1.9367,1.4722,4.784,6.5405,-11.48
-2.2277,15.76,18.713,-6.8056,-10.163,16.633,-6.6004,1.6716,1.7299,4.7805,6.6867,-14.81
0.14729,15.248,16.178,-7.6502,-7.7043,15.414,-7.2277,1.4219,1.8754,4.6996,6.8285,-17
1.7594,12.996,12.825,-7.1119,-5.3269,12.939,-7.8111,1.2124,1.9312,4.5278,7.0035,-17.419
2.5273,10.034,9.6297,-5.6991,-3.4592,10.153,-8.3776,1.0444,1.9408,4.2768,7.2248,-16.095
2.6352,7.663,7.5118,-4.2283,-2.3602,8.1235,-8.9449,0.88444,1.9354,3.9729,7.4705,-13.755
2.4086,6.8278,6.9706,-3.453,-2.0614,7.5387,-9.5109,0.67342,1.9172,3.6459,7.6994,-11.561
2.1681,7.8085,7.9316,-3.7689,-2.3916,8.4992,-10.043,0.35612,1.8635,3.3255,7.8759,-10.669
2.1351,10.202,9.8283,-5.1101,-3.0523,10.544,-10.478,-0.085739,1.7471,3.0401,7.9903,-11.753
2.3741,13.018,11.839,-6.9647,-3.7014,12.813,-10.746,-0.6188,1.5561,2.8136,8.0622,-14.7
2.8107,15.116,13.177,-8.6101,-4.0407,14.396,-10.798,-1.1689,1.3005,2.66,8.1288,-18.686
3.3116,15.729,13.324,-9.4831,-3.8937,14.675,-10.621,-1.6512,1.0067,2.58,8.2259,-22.566
3.7596,14.683,12.166,-9.3855,-3.2475,13.499,-10.228,-2.0053,0.70717,2.5608,8.3718,-25.307
4.0925,12.424,10.04,-8.5095,-2.247,11.247,-9.6556,-2.2235,0.42849,2.5785,8.5564,-26.304
4.306,9.9175,7.5931,-7.3588,-1.1499,8.7328,-8.9666,-2.3593,0.18242,2.6019,8.7435,-25.574
4.4258,8.2063,5.5013,-6.534,-0.25138,6.8104,-8.2593,-2.5152,-0.038835,2.5975,8.885,-23.817
4.4556,7.92,4.2146,-6.4592,0.21125,5.9845,-7.6563,-2.8081,-0.26081,2.5356,8.9437,-22.198
4.3269,9.082,3.8317,-7.1972,0.14427,6.2871,-7.2621,-3.3228,-0.51664,2.3982,8.9178,-21.863
3.9227,11.101,4.1086,-8.3931,-0.37112,7.3244,-7.1148,-4.0678,-0.82834,2.1863,8.8564,-23.406
3.2266,12.977,4.5868,-9.4335,-1.1165,8.4307,-7.1633,-4.9591,-1.1865,1.9238,8.8576,-26.549
2.4241,13.783,4.8013,-9.7713,-1.7923,8.9492,-7.2855,-5.8421,-1.5425,1.6527,9.0461,-30.188
1.8232,13.06,4.4499,-9.1329,-2.0761,8.4868,-7.3398,-6.5508,-1.8245,1.4149,9.5347,-32.779
1.7888,10.947,3.4392,-7.687,-1.6937,7.0312,-7.23,-6.9769,-1.9708,1.2293,10.384,-33.006
2.6999,8.2171,1.8516,-6.1666,-0.44901,4.9716,-6.9524,-7.117,-1.9623,1.0756,11.579,-30.506
4.8731,5.9934,-0.087805,-5.5169,1.7093,2.9656,-6.5983,-7.0747,-1.8306,0.90403,13.034,-25.946
8.384,5.113,-2.0519,-6.2932,4.5736,1.6279,-6.3019,-7.0088,-1.636,0.6659,14.644,-20.541
12.787,5.8323,-3.6973,-8.453,7.6976,1.289,-6.1657,-7.0473,-1.4269,0.34877,16.345,-15.758
17.119,7.9339,-4.779,-11.432,10.53,1.9532,-6.2058,-7.2213,-1.2112,-0.01087,18.143,-12.836
20.305,10.731,-5.239,-14.282,12.552,3.2915,-6.3461,-7.4545,-0.95706,-0.34342,20.088,-11.594
21.54,13.12,-5.2332,-15.983,13.393,4.6607,-6.4533,-7.6036,-0.61835,-0.57696,22.217,-10.011
20.424,14.043,-5.0669,-15.836,12.949,5.3284,-6.3925,-7.5222,-0.16262,-0.6642,24.529,-5.1417
17.031,12.98,-5.0628,-13.692,11.412,4.8009,-6.0811,-7.1241,0.41296,-0.59604,26.986,5.7727
11.981,10.055,-5.4137,-9.9855,9.1813,3.0178,-5.5193,-6.4193,1.0808,-0.40024,29.528,23.942
6.3617,6.0701,-6.0516,-5.6597,6.7221,0.43786,-4.7853,-5.5061,1.7938,-0.12797,32.068,48.296
1.4493,2.402,-6.6262,-1.9784,4.4556,-2.0289,-3.9959,-4.5269,2.5017,0.16602,34.5,76.342
-1.6694,0.41845,-6.661,-0.063589,2.6924,-3.4015,-3.2544,-3.6132,3.1652,0.44133,36.718,105.01
-2.3586,0.81751,-5.7995,-0.42737,1.5897,-3.0917,-2.6138,-2.8448,3.7645,0.68225,38.639,130.3
-0.67956,3.444,-3.9917,-2.8447,1.1555,-1.0837,-2.0707,-2.2329,4.3009,0.89857,40.231,149.12
2.5333,7.4083,-1.562,-6.459,1.2808,2.0693,-1.5845,-1.7312,4.7923,1.117,41.518,160.22
6.0732,11.352,0.85014,-10.069,1.785,5.3424,-1.1067,-1.2676,5.2624,1.3654,42.562,163.68
8.9557,13.949,2.4925,-12.607,2.4939,7.6079,-0.5987,-0.78215,5.7262,1.6561,43.424,161.55
10.721,14.362,2.8118,-13.455,3.2888,8.1137,-0.037333,-0.25042,6.1794,1.9757,44.134,157
11.246,12.446,1.7254,-12.476,4.0624,6.7458,0.58446,0.3116,6.5979,2.2885,44.684,153.08
10.637,8.884,-0.30531,-10.089,4.6761,4.0964,1.2584,0.86009,6.9471,2.5508,45.041,152.38
9.2939,5.1004,-2.4408,-7.251,4.9941,1.3042,1.9642,1.3459,7.1941,2.7274,45.154,155.95
7.7622,2.5874,-3.8103,-5.0237,4.9472,-0.4575,2.6724,1.7352,7.3157,2.8009,44.944,161.61
6.5346,2.2636,-3.847,-4.1344,4.5732,-0.43091,3.3474,2.0188,7.3004,2.7722,44.299,166.29
5.9151,4.4287,-2.4496,-4.8408,4.0154,1.6335,3.9561,2.2134,7.153,2.6612,43.106,168.4
5.9632,8.6859,0.0063071,-6.8673,3.4847,5.3716,4.4836,2.3633,6.9095,2.5173,41.342,167.28
6.5195,13.692,2.8571,-9.4446,3.2044,9.6712,4.9401,2.5409,6.653,2.4356,39.207,163.08
7.2751,17.795,5.5571,-11.663,3.353,13.255,5.3456,2.8352,6.5125,2.5681,37.273,157.34
7.874,20.26,7.7101,-12.936,4.0413,15.619,5.6887,3.3165,6.636,3.1084,36.529,152.71
8.0293,21.015,5.7831,-13.231,5.4902,14.949,5.8817,3.9937,7.1537,4.273,38.426,152.07
7.6111,15.994,-0.05111,-13.097,7.6408,8.4876,5.7423,4.7854,8.1491,6.7478,44.497,158.57
6.6762,8.5256,-4.7235,-12.509,8.6412,2.2096,5.0411,5.5095,9.6173,12.694,47.521,174.17
5.4138,4.0173,-6.4468,-9.3283,7.3336,-1.3645,3.6345,5.8715,11.314,9.3579,45.296,178.65
3.9912,4.0444,-2.9578,-8.3888,3.3645,0.18886,1.804,5.4941,12.733,3.9411,40.113,176.48
2.4739,11.035,7.9652,-10.802,-3.3251,9.0513,3.9798,4.007,13.164,-1.9981,32.33,176.73
1.148,24.839,25.827,-16.001,-11.886,24.998,4.6762,-1.9784,10.479,-6.1221,23.272,168.21
-0.62065,42.481,47.514,-22.863,-22.334,45.686,4.732,-9.4053,-4.4579,-6.3265,17.019,153.35
-2.39,61.931,70.265,-30.339,-34.506,67.625,5.4695,-5.7431,0.16661,1.2634,20.3,140.35
-3.419,82.816,92.586,-38.607,-46.488,88.985,6.1549,1.9463,13.022,21.039,40.513,141.48
-2.8365,105.26,114.09,-49.317,-57.19,110.47,5.1122,12.51,30.827,54.387,85.274,169.85
0.65815,132.24,135.97,-65.13,-66.416,134.57,-0.43693,21.405,51.071,100.79,161.88,235.79
8.839,168.15,160.7,-88.445,-74.808,164.31,-14.907,23.154,68.753,159.07,276.51,344.66
23.321,215.24,190.96,-120.41,-83.33,202.28,-43.912,12.682,77.006,225.57,428.91,494.77
43.654,272.86,227.11,-160.54,-92.123,248.66,-85.57,-14.217,67.973,293.6,611.7,676.77
67.214,335.73,265.76,-205.36,-99.967,299.34,-129.45,-61.662,33.49,354.33,812.25,874.42
92.423,394.66,300.7,-247.86,-104.72,346.82,-172.92,-133.14,-32.631,398.31,1013.2,1066.4
117.38,440.63,324.11,-281.3,-103.85,382.12,-211.4,-222.24,-131.93,417.58,1194,1229.3
139.38,464.39,327.93,-301.91,-94.824,396.1,-241.12,-324.76,-260.21,407.41,1333.9,1342
156.88,458.26,305.97,-306.53,-75.714,381.85,-261.08,-435.67,-408.38,366.49,1414.9,1389.8
169.24,419.26,255.81,-293.3,-45.215,336.72,-272.78,-549.89,-564.39,295.68,1424.2,1366.5
176.55,349.41,179.28,-263.16,-3.4905,263,-278.92,-663.09,-716.32,196.12,1355.1,1275
179.7,254.98,81.939,-218.85,47.051,166.84,-282.1,-771.15,-854.93,68.247,1207.9,1126.2
178.74,145.11,-27.126,-163.72,101.69,57.311,-283.66,-869.59,-974.71,-87.753,988.34,935.99
172.22,30.402,-136.15,-102.53,153.42,-54.6,-283.22,-953.77,-1073.5,-270,707.89,722.16
159.02,-78.017,-232.61,-41.426,195.35,-157.16,-279.49,-1019.6,-1151,-471.94,384.92,502.49
139.37,-169.84,-305.82,14.074,222.8,-239.78,-271.3,-1064,-1206.5,-679.45,46.478,293.76
114.68,-237.48,-349.11,59.99,233.16,-295.11,-257.99,-1084.3,-1237,-869.96,-272.1,111.37
86.407,-277.2,-360.56,93.79,225.83,-320.21,-238.92,-1077.9,-1237.4,-1016.3,-532.99,-32.187
54.755,-289.67,-342.03,115.43,201.65,-316.55,-212.77,-1043.3,-1202.8,-1095.3,-706.5,-126.86
20.282,-279.31,-297.74,127.45,162.55,-288.65,-178.86,-981.25,-1131.9,-1096.8,-780.97,-165.55
-15.408,-252.26,-234.07,132.62,112.1,-242.68,-138.31,-896.56,-1029.9,-1027.8,-767.74,-165.73
-49.712,-214.5,-159.94,132.55,56.15,-186.07,-93.974,-797.81,-907.98,-909.36,-695.26,-142.05
-78.843,-171.34,-85.768,127.5,2.3376,-126.96,-50.129,-694.75,-779.66,-768.32,-591.76,-105.62
-98.567,-127.15,-21.06,116.83,-41.716,-72.656,-11.37,-595.36,-656.88,-627.94,-480.68,-67.269
-105.98,-84.65,27.503,99.978,-70.441,-28.17,15.275,-504.41,-546.82,-502.63,-379.38,-37.767
-101.07,-47.965,56.774,77.413,-81.807,3.5936,25.828,-423.21,-451.32,-397.48,-295.28,-14.18
-86.5,-23.053,67.03,52.062,-78.151,21.325,25.137,-350.13,-368.64,-311.21,-227.85,-3.5276
-66.221,-7.8148,61.955,32.079,-64.461,25.562,16.879,-282.45,-295.99,-239.79,-173.89,-4.1119
-43.378,-0.16046,46.634,19.047,-45.735,19.777,3.3387,-219.13,-231.55,-179.37,-130.03,-1.8303
-23.31,-0.023581,26.203,11.128,-25.149,9.3227,-12.067,-161.51,-175.27,-128.86,-92.305,4.0044
-10.918,-4.586,7.3236,7.7925,-6.1033,-1.3196,-24.574,-111.86,-128.27,-88.541,-60.694,12.518
-4.8104,-9.9494,-5.6799,7.176,4.3718,-9.3785,-24.52,-70.899,-91.392,-57.649,-39.802,22.15
-2.0945,-12.391,-8.0827,7.2561,8.5886,-12.231,-20.96,-40.155,-63.017,-37.346,-28.771,31.495
-0.12054,-13.101,-3.9734,6.9065,10.155,-7.5344,-21,-25.15,-41.595,-26.511,-24.033,39.364
2.4844,-9.3418,-2.0383,5.9559,10.463,-4.0574,-22.532,-18.941,-27.836,-21.061,-23.158,45.015
5.8272,-4.2875,-0.32003,3.1169,10.127,-0.65671,-24.85,-15.822,-19.411,-17.81,-24.598,48.363
7.0343,0.52399,0.76224,-0.68024,8.409,1.931,-27.541,-14.192,-14.21,-15.115,-27.227,50.213
6.9021,3.7141,0.81499,-3.6029,5.3188,3.1723,-30.046,-13.558,-11.621,-12.31,-26.565,52.205
6.8586,4.5832,0.013692,-4.9108,4.1246,2.8881,-31.932,-13.372,-11.472,-9.3637,-20.305,56.224
6.0924,3.1984,-1.5212,-4.4444,3.7564,1.1619,-33.13,-14.842,-16.721,-8.6572,-15.656,63.205
4.7529,0.21366,-3.6186,-2.6152,3.7858,-1.5511,-33.704,-14.437,-20.934,-6.1681,-12.789,71.948
3.2044,-3.204,-5.8057,-0.24856,3.9792,-4.4157,-33.711,-9.819,-16.439,-3.0259,-10.819,79.877
1.8975,-5.7583,-7.4858,1.6767,4.1435,-6.544,-33.185,-7.1715,-13.158,-1.1653,-9.4694,85.741
1.2095,-6.5671,-8.2281,2.4223,4.1613,-7.345,-32.134,-5.6314,-11.339,-0.1113,-8.5915,90.899
1.2721,-5.3704,-7.8927,1.7431,3.9909,-6.626,-30.522,-4.5629,-10.094,0.54612,-8.0059,97.597
1.9177,-2.5752,-6.6314,-0.04772,3.6572,-4.62,-28.263,-3.6123,-9.0075,1.1188,-7.4967,106.87
2.7796,0.74203,-4.8555,-2.164,3.2424,-2.0147,-25.282,-2.5997,-7.9055,1.8035,-6.8606,118.7
3.4741,3.2584,-3.1349,-3.705,2.8646,0.23671,-21.629,-1.4858,-6.7602,2.6603,-5.9684,132.88
3.7615,4.0363,-2.0155,-4.0719,2.6433,1.3268,-17.51,-0.32947,-5.6228,3.622,-4.8093,149
3.6214,2.7706,-1.8357,-3.1352,2.6606,0.87698,-13.215,0.76991,-4.5688,4.5398,-3.4916,165.66
3.2359,-0.12891,-2.5764,-1.2683,2.9195,-0.93675,-8.9893,1.7313,-3.6534,5.2537,-2.2035,180.61
2.8972,-3.4855,-3.7978,0.72309,3.3125,-3.3342,-4.9524,2.5298,-2.8854,5.6615,-1.1476,192.19
2.858,-5.8765,-4.8003,1.9703,3.6321,-5.2373,-1.1442,3.2008,-2.2211,5.7629,-0.46766,200.31
3.1914,-6.4051,-4.9639,1.9578,3.6412,-5.8459,2.3782,3.8149,-1.5824,5.6638,-0.19511,205.78
3.7352,-4.8517,-4.0074,0.64347,3.1731,-4.8763,5.5774,4.4414,-0.88877,5.5404,-0.24361,208.39
4.1407,-1.6182,-2.073,-1.5186,2.2183,-2.5349,8.5346,5.1178,-0.092624,5.5659,-0.45292,207.03
4.0102,2.1373,0.2986,-3.6094,0.95978,0.43113,11.386,5.8362,0.79618,5.8327,-0.65974,202.18
3.1057,4.8252,2.3115,-4.6294,-0.27735,2.8535,14.161,6.5467,1.7072,6.3141,-0.76103,196.35
1.5177,5.3324,3.1993,-4.0198,-1.1298,3.7154,16.749,7.1792,2.5345,6.8739,-0.74135,191.96
-0.33322,3.4365,2.5188,-1.8555,-1.2872,2.6333,18.977,7.674,3.1834,7.322,-0.65842,189.01
-1.8233,-0.22657,0.30868,1.1487,-0.58089,-0.088243,20.716,8.0081,3.6148,7.4948,-0.60286,187.24
-2.3429,-4.224,-2.8522,3.8148,0.913,-3.503,21.952,8.2048,3.8623,7.3219,-0.65536,189.12
-1.5733,-6.9186,-5.9415,5.0727,2.8279,-6.3001,22.799,8.325,4.016,6.8501,-0.85987,195.9
0.32987,-7.3234,-7.8897,4.4594,4.5976,-7.4266,23.433,8.4445,4.1881,6.2222,-1.2174,205.27
2.7741,-5.3481,-8.0409,2.1889,5.6673,-6.4893,24.006,8.624,4.4741,5.628,-1.6935,214.65
4.9623,-1.7116,-6.3296,-0.92628,5.6982,-3.7878,24.601,8.8852,4.9254,5.2405,-2.2318,221.58
6.1847,2.2057,-3.2776,-3.7341,4.6745,-0.26696,25.244,9.2033,5.5375,5.155,-2.7706,221.52
6.0558,4.9254,0.12741,-5.2535,2.9009,2.7842,25.921,9.5227,6.2543,5.3565,-3.2626,212.34
4.6354,5.5318,2.8151,-5.0297,0.89583,4.3321,26.585,9.7871,6.9854,5.7288,-3.6904,195.72
2.4059,3.8793,4.0641,-3.199,-0.77773,3.9637,27.172,9.9635,7.6324,6.1018,-4.0718,175.86
0.11747,0.62595,3.674,-0.48025,-1.6905,1.9525,27.626,10.045,8.115,6.309,-4.4512,158.53
-1.4658,-2.882,1.9629,2.0362,-1.6784,-0.80465,27.899,10.04,8.3905,6.2371,-4.8848,150.15
-1.8639,-5.2702,-0.32401,3.3966,-0.88202,-3.1932,27.956,9.9587,8.469,5.861,-5.4209,157.17
-1.076,-5.76,-2.2885,3.155,0.29673,-4.4116,27.791,9.8168,8.424,5.2648,-6.0807,176.89
0.44263,-4.2475,-3.2444,1.4433,1.3302,-4.1396,27.442,9.6421,8.3811,4.6249,-6.8467,197.22
1.9898,-1.3035,-2.9475,-1.0272,1.7856,-2.5308,26.983,9.47,8.4715,4.1498,-7.6675,203.5
2.9125,1.8978,-1.6218,-3.218,1.52,-0.21283,26.489,9.3271,8.7709,3.9972,-8.4798,186.09
2.8791,4.1361,0.14214,-4.3227,0.71746,1.9066,26.012,9.2179,9.2616,4.2058,-9.2347,151.99
2.0004,4.7495,1.6013,-4.0839,-0.23634,3.0701,25.555,9.1241,9.8317,4.6633,-9.9154,119.35
0.74894,3.7435,2.1673,-2.7556,-0.90737,2.9584,25.082,9.0186,10.313,5.1399,-10.543,90.625
-0.24644,1.6679,1.5993,-0.97647,-0.92677,1.7058,24.537,8.8801,10.543,5.3897,-11.171,61.642
-0.44015,-0.57455,0.021107,0.46397,-0.12472,-0.18079,23.878,8.7018,10.431,5.2599,-11.869,41.717
0.41848,-2.0891,-2.1163,0.95,1.3646,-1.9974,23.106,8.489,9.9947,4.75,-12.701,41.861
2.1723,-2.3481,-4.1469,0.25215,3.138,-3.1278,22.27,8.2538,9.3555,4.0062,-13.698,57.19
4.3237,-1.3261,-5.4386,-1.4214,4.681,-3.2663,21.454,8.0101,8.6919,3.2642,-14.847,74.724
6.2456,0.52679,-5.6385,-3.4857,5.553,-2.4721,20.761,7.7724,8.169,2.7666,-16.09,83.029
7.4127,2.4535,-4.7531,-5.2084,5.5316,-1.1074,20.294,7.5561,7.8771,2.6755,-17.329,76.162
7.5744,3.7272,-3.0926,-6.028,4.6776,0.32185,20.13,7.3754,7.8046,3.0091,-18.452,57.946
6.8179,3.9571,-1.1616,-5.7488,3.3086,1.3733,20.3,7.2367,7.847,3.6229,-19.361,38.099
5.5196,3.1871,0.48591,-4.5862,1.8927,1.8037,20.762,7.1326,7.8502,4.2579,-20.005,21.078
4.2303,1.8222,1.4024,-3.082,0.91193,1.5935,21.419,7.041,7.6742,4.6459,-20.4,8.7836
3.4857,0.42646,1.3622,-1.8429,0.70866,0.90733,22.154,6.9319,7.2514,4.619,-20.622,5.0453
3.5492,-0.53064,0.42164,-1.2524,1.3513,0.020086,22.881,6.7781,6.611,4.1707,-20.781,11.191
4.2658,-0.83525,-1.0814,-1.356,2.5944,-0.77989,23.535,6.5618,5.8629,3.4475,-20.991,23.542
5.1515,-0.55711,-2.6259,-1.8789,3.9574,-1.2758,24.062,6.2741,5.1474,2.6827,-21.332,36.971
5.6004,0.0054997,-3.6892,-2.3334,4.8908,-1.3718,24.446,5.9117,4.5744,2.1031,-21.85,45.947
5.1048,0.4465,-3.9203,-2.2299,4.9758,-1.1093,24.736,5.4763,4.1791,1.8452,-22.557,44.873
3.4543,0.41021,-3.2297,-1.2887,4.0602,-0.64896,25.02,4.9782,3.9138,1.9064,-23.442,33.808
0.83247,-0.27992,-1.7976,0.45924,2.2834,-0.21247,25.323,4.4401,3.6752,2.1453,-24.46,18.142
-2.2269,-1.554,-0.014619,2.6662,0.022925,0.0047836,25.55,3.8925,3.351,2.3369,-25.528,2.424
-5.0131,-3.0945,1.654,4.7542,-2.2089,-0.084984,25.525,3.3601,2.8629,2.2653,-26.557,-9.8931
-6.9006,-4.4338,2.8445,6.1389,-3.922,-0.42122,25.052,2.8447,2.1847,1.8023,-27.52,-14.785
-7.5608,-5.1415,3.4275,6.4658,-4.8337,-0.81523,23.98,2.3122,1.3373,0.93572,-28.509,-9.9605
-7.0461,-4.9928,3.541,5.7076,-4.9714,-1.0304,22.254,1.696,0.37602,-0.24347,-29.722,1.2213
-5.7986,-4.0401,3.5072,4.1758,-4.6515,-0.8853,19.946,0.9246,-0.62076,-1.5786,-31.37,12.443
-4.519,-2.6196,3.665,2.486,-4.359,-0.32869,17.266,-0.040498,-1.567,-2.8976,-33.594,17.269
-3.8881,-1.2905,4.2101,1.3718,-4.4907,0.52825,14.512,-1.1783,-2.3932,-4.058,-36.404,11.715
-4.3085,-0.65708,5.1069,1.39,-5.1156,1.4155,11.973,-2.4092,-3.0702,-4.974,-39.654,-1.2402
-5.7424,-1.1381,6.0664,2.7143,-5.9574,1.9619,9.8398,-3.6242,-3.621,-5.6406,-43.056,-16.777
-7.6833,-2.7977,6.6077,5.0334,-6.5741,1.8215,8.1364,-4.7297,-4.1182,-6.1581,-46.285,-32.996
-9.2989,-5.2536,6.2492,7.5499,-6.5217,0.83299,6.7418,-5.6869,-4.6662,-6.7193,-49.151,-48.763
-9.7625,-7.7355,4.7642,9.3459,-5.4133,-0.85057,5.4714,-6.5294,-5.3666,-7.5418,-51.709,-58.306
-8.5729,-9.4161,2.3832,9.8762,-3.1498,-2.7467,4.1869,-7.3505,-6.2776,-8.7941,-54.235,-55.644
-5.8045,-9.7885,-0.19851,8.9787,-0.25758,-4.231,2.8509,-8.2652,-7.3868,-10.568,-57.106,-44.139
-2.3069,-8.7856,-2.1332,6.8293,2.2629,-4.8312,1.496,-9.3614,-8.6139,-12.884,-60.649,-30.984
0.60688,-6.7854,-2.8256,4.1772,3.4922,-4.4097,0.1921,-10.663,-9.8397,-15.687,-64.992,-23.167
1.6891,-4.6229,-2.0944,2.2381,3.0007,-3.2066,-0.96406,-12.119,-10.951,-18.816,-69.984,-26.197
0.23399,-3.3724,-0.22387,2.063,0.88087,-1.8074,-1.881,-13.624,-11.884,-21.986,-75.235,-39.123
-3.5954,-3.8869,2.0316,4.0784,-2.2756,-0.96934,-2.5182,-15.06,-12.654,-24.908,-80.31,-57.552
-8.7843,-6.4353,3.6841,7.9532,-5.5526,-1.3141,-2.9151,-16.35,-13.367,-27.544,-84.935,-80.104
-13.829,-10.512,3.9043,12.574,-7.9341,-3.0596,-3.1894,-17.492,-14.198,-30.174,-89.096,-103.12
-17.231,-14.908,2.3313,16.533,-8.5487,-5.8853,-3.5015,-18.559,-15.347,-33.193,-93.006,-112.63
-17.794,-18.317,-0.73469,18.843,-7.116,-8.9876,-3.9898,-19.66,-16.988,-36.921,-97.006,-101.85
-15.367,-19.992,-4.3403,19.051,-4.213,-11.446,-4.7057,-20.895,-19.265,-41.563,-101.45,-80.82
-11.176,-19.861,-7.2995,17.349,-0.95118,-12.677,-5.586,-22.327,-22.281,-47.112,-106.62,-59.918
-7.0565,-18.487,-8.7786,14.805,1.5045,-12.605,-6.474,-23.967,-26.019,-53.148,-112.6,-46.479
-4.719,-17.023,-8.5271,13.03,2.3174,-11.629,-7.1769,-25.792,-30.123,-59.068,-119.3,-47.624
-5.0725,-16.821,-6.8812,13.337,1.3246,-10.518,-7.5371,-27.775,-33.996,-64.557,-126.5,-63.757
-8.004,-18.867,-4.7164,16.23,-0.87776,-10.168,-7.4904,-29.901,-37.338,-69.647,-133.96,-89.533
-12.473,-23.367,-3.148,21.197,-3.329,-11.268,-7.0953,-32.158,-40.306,-74.545,-141.43,-120.21
-16.809,-29.469,-3.0614,26.614,-5.0583,-14.013,-6.5219,-34.515,-43.223,-79.548,-148.7,-145.18
-19.379,-35.517,-4.7772,30.704,-5.2861,-17.932,-5.9987,-36.936,-46.407,-85.054,-155.67,-149.61
-19.189,-39.972,-7.9716,32.612,-3.7794,-22.025,-5.7264,-39.42,-50.147,-91.476,-162.33,-131.47
-16.512,-42.137,-11.807,32.332,-0.99789,-25.305,-5.7979,-42.019,-54.637,-99.002,-168.8,-102.56
-12.667,-42.209,-15.286,30.56,2.1924,-27.257,-6.1642,-44.824,-59.79,-107.29,-175.24,-74.562
-9.0826,-41.037,-17.672,28.426,4.8648,-27.919,-6.6639,-47.903,-65.212,-115.47,-181.77,-56.15
-7.0228,-39.856,-18.662,27.133,6.2767,-27.765,-7.0958,-51.242,-70.474,-122.77,-188.35,-55.388
-7.3073,-39.818,-18.386,27.523,6.1088,-27.517,-7.299,-54.719,-75.365,-129.06,-194.72,-72.5
-9.9376,-41.479,-17.331,29.757,4.5702,-27.822,-7.2048,-58.165,-79.896,-134.67,-200.63,-99.952
-14.084,-44.661,-16.171,33.273,2.2686,-28.977,-6.851,-61.45,-84.243,-140.08,-206.01,-129.09
-18.475,-48.594,-15.515,37.001,-0.020706,-30.835,-6.3609,-64.531,-88.697,-145.9,-211.03,-150
-21.874,-52.186,-15.675,39.848,-1.5932,-32.93,-5.8976,-67.451,-93.563,-152.74,-215.96,-151.86
-23.408,-54.48,-16.523,41.167,-2.0691,-34.694,-5.6054,-70.301,-99.022,-160.95,-221.1,-132.31
-22.887,-55.044,-17.564,40.854,-1.49,-35.662,-5.5537,-73.19,-104.98,-170.24,-226.68,-102.67
-20.834,-54.005,-18.237,39.27,-0.21664,-35.627,-5.7053,-76.215,-111.07,-179.65,-232.81,-75.633
-18.192,-51.956,-18.175,37.148,1.1964,-34.673,-5.9263,-79.428,-116.82,-188.21,-239.39,-58.113
-16.068,-49.782,-17.293,35.41,2.1645,-33.133,-6.0412,-82.806,-121.98,-195.45,-246.04,-55.953
-15.426,-48.321,-15.757,34.794,2.2797,-31.485,-5.9119,-86.249,-126.6,-201.46,-252.26,-69.242
-16.72,-48.039,-13.897,35.556,1.422,-30.204,-5.5014,-89.634,-130.97,-206.66,-257.71,-92.254
-19.722,-48.989,-12.082,37.472,-0.22311,-29.599,-4.8872,-92.887,-135.43,-211.6,-262.33,-119.12
-23.591,-50.847,-10.619,39.949,-2.2276,-29.72,-4.2251,-96.018,-140.31,-216.83,-266.32,-140.18
-27.117,-52.936,-9.6746,42.16,-4.0803,-30.336,-3.6945,-99.098,-145.82,-222.93,-269.92,-143.1
-29.145,-54.401,-9.2339,43.326,-5.3734,-31.019,-3.4467,-102.22,-151.96,-230.29,-273.34,-125.54
-29.012,-54.562,-9.1235,43,-5.9514,-31.336,-3.5648,-105.47,-158.45,-238.72,-276.68,-99.588
-27.015,-53.208,-9.1043,41.222,-5.9525,-31.038,-4.036,-108.88,-164.8,-247.23,-279.94,-76.658
-24.288,-50.726,-8.9955,38.636,-5.7154,-30.148,-4.7527,-112.43,-170.57,-254.68,-283.07,-61.873
-21.85,-48.036,-8.7684,36.254,-5.5745,-28.969,-5.5465,-116.06,-175.6,-260.66,-286,-60.437
-20.333,-46.179,-8.5722,34.862,-5.6527,-28.004,-6.2487,-119.64,-180.01,-265.45,-288.69,-73.218
-20.005,-45.812,-8.7058,34.738,-5.795,-27.76,-6.7528,-123.06,-184.05,-269.56,-291.14,-95.601
-20.482,-47.004,-9.5295,35.691,-5.6709,-28.505,-7.056,-126.23,-187.95,-273.4,-293.39,-122.33
-20.877,-49.245,-11.309,37.114,-4.9325,-30.139,-7.264,-129.12,-191.94,-277.29,-295.5,-143.44
-20.243,-51.59,-14.064,38.144,-3.3376,-32.235,-7.5494,-131.75,-196.15,-281.71,-297.55,-146.24
-18.022,-53.016,-17.511,38.016,-0.85271,-34.213,-8.0799,-134.15,-200.58,-287.34,-299.66,-129.58
-14.301,-52.841,-21.154,36.299,2.3036,-35.561,-8.9494,-136.37,-204.91,-294.02,-301.88,-105.1
-9.7331,-50.926,-24.448,32.976,5.7102,-36,-10.135,-138.42,-208.59,-300.15,-304.09,-82.15
-5.2364,-47.753,-26.941,28.604,8.8443,-35.573,-11.488,-140.27,-211.25,-304.17,-305.99,-66.692
-1.6985,-44.31,-28.383,24.298,11.203,-34.625,-12.779,-141.86,-212.72,-305.58,-307.21,-65.453
0.26242,-41.622,-28.826,21.25,12.431,-33.653,-13.776,-143.15,-213.01,-304.21,-307.44,-78.372
0.47619,-40.332,-28.571,20.094,12.444,-33.056,-14.359,-144.06,-212.18,-299.92,-306.47,-98.072
-0.70369,-40.504,-27.971,20.561,11.465,-32.964,-14.578,-144.55,-210.21,-293.23,-304.14,-115.54
-2.4648,-41.453,-27.242,21.552,9.9364,-33.202,-14.645,-144.54,-207.16,-285.55,-300.31,-122.65
-3.8536,-41.939,-26.384,21.744,8.3104,-33.338,-14.837,-143.97,-203.19,-278.03,-295.01,-114.37
-4.2763,-40.812,-25.222,20.346,6.8508,-32.844,-15.376,-142.76,-198.59,-270.66,-288.57,-95.085
-3.7293,-37.504,-23.525,17.321,5.5958,-31.316,-16.315,-140.87,-193.67,-262.89,-281.52,-74.136
-2.6373,-32.211,-21.15,13.304,4.439,-28.613,-17.506,-138.33,-188.6,-254.61,-274.28,-55.684
-1.623,-25.992,-18.137,9.3954,3.2446,-24.917,-18.668,-135.24,-183.31,-245.9,-267,-41.785
-1.2475,-20.443,-14.756,6.6601,1.9681,-20.797,-19.514,-131.75,-177.57,-236.63,-259.74,-35.023
-1.7391,-16.762,-11.5,5.5774,0.71175,-17.07,-19.884,-127.96,-171.13,-226.53,-252.47,-35.603
-2.8952,-15.163,-8.9557,5.9954,-0.31179,-14.398,-19.794,-123.93,-163.94,-215.66,-245.05,-40.049
-4.1775,-15.058,-7.5363,7.3098,-0.848,-12.951,-19.407,-119.7,-156.2,-204.38,-237.35,-44.774
-4.9351,-15.47,-7.2714,8.6376,-0.69562,-12.409,-18.963,-115.28,-148.29,-193.02,-229.59,-45.686
-4.6579,-15.454,-7.8156,9.1344,0.19213,-12.191,-18.683,-110.71,-140.6,-181.9,-222.42,-39.39
-3.155,-14.427,-8.615,8.3376,1.6656,-11.726,-18.694,-106.04,-133.37,-171.41,-216.05,-28.226
-0.62601,-12.191,-9.1346,6.2518,3.4167,-10.616,-18.978,-101.37,-126.68,-161.72,-209.97,-15.634
2.3912,-8.8994,-9.0366,3.2698,5.0685,-8.7298,-19.371,-96.791,-120.47,-152.74,-203.62,-3.4099
5.1999,-5.1449,-8.2549,0.1051,6.2813,-6.2723,-19.618,-92.393,-114.54,-144.07,-196.78,6.4076
7.1799,-1.8421,-6.9756,-2.4354,6.8447,-3.7697,-19.484,-88.23,-108.66,-135.3,-189.39,11.337
7.9871,0.25145,-5.5429,-3.8082,6.727,-1.8315,-18.844,-84.304,-102.69,-126.17,-181.38,9.838
7.6567,0.86982,-4.3165,-3.9002,6.0685,-0.8443,-17.75,-80.58,-96.58,-116.73,-172.68,3.6622
6.5611,0.24787,-3.5261,-3.0108,5.1255,-0.82468,-16.412,-77.011,-90.437,-107.23,-163.23,-3.3834
5.2461,-0.98223,-3.1837,-1.7527,4.1785,-1.43,-15.121,-73.556,-84.457,-98.115,-153.22,-7.5178
4.2512,-2.0067,-3.0838,-0.82894,3.4303,-2.0846,-14.129,-70.209,-78.858,-89.918,-143.15,-5.9665
3.9348,-2.1325,-2.9035,-0.76441,2.9473,-2.2102,-13.546,-66.99,-73.802,-82.92,-133.66,1.5215
4.3473,-0.98984,-2.3619,-1.757,2.6714,-1.4462,-13.303,-63.922,-69.336,-76.993,-125.15,12.577
5.259,1.3688,-1.354,-3.6207,2.487,0.2391,-13.189,-60.999,-65.398,-71.709,-117.54,23.93
6.2912,4.402,0.00054835,-5.8026,2.3025,2.5222,-12.939,-58.171,-61.826,-66.523,-110.46,32.007
7.0539,7.1875,1.4001,-7.5755,2.1019,4.7912,-12.341,-55.35,-58.369,-60.927,-103.56,33.384
7.2773,8.8214,2.4795,-8.3395,1.9413,6.3852,-11.32,-52.423,-54.749,-54.768,-96.628,27.607
6.9006,8.8189,2.9591,-7.8302,1.9076,6.894,-9.9659,-49.288,-50.8,-48.603,-89.56,17.724
6.078,7.2746,2.7429,-6.2163,2.0779,6.3009,-8.4863,-45.901,-46.579,-43.224,-82.367,7.6326
5.1413,4.8671,1.9348,-4.1183,2.487,4.9671,-7.1306,-42.321,-42.311,-38.802,-75.32,1.0712
4.4962,2.6581,0.82267,-2.4024,3.0947,3.5131,-6.0985,-38.7,-38.244,-34.985,-68.849,0.94949
4.4246,1.6335,-0.16543,-1.7715,3.7501,2.5991,-5.4708,-35.2,-34.523,-31.471,-63.212,7.3753
4.901,2.3049,-0.5737,-2.4838,4.1767,2.6799,-5.183,-31.924,-31.135,-28.155,-58.51,17.68
5.5599,4.5511,-0.078879,-4.2571,4.0452,3.8527,-5.0528,-28.905,-27.958,-24.982,-54.726,28.7
5.8227,7.5934,1.3856,-6.2892,3.1237,5.8202,-4.8491,-26.123,-24.876,-21.89,-51.664,36.876
5.1576,10.273,3.6006,-7.6062,1.3935,7.9872,-4.3812,-23.508,-21.88,-18.889,-49.024,38.229
3.4005,11.64,6.1251,-7.586,-0.90674,9.7081,-3.5768,-20.968,-19.069,-16.086,-46.546,32.227
0.88553,11.32,8.4177,-6.1632,-3.3287,10.536,-2.5112,-18.431,-16.557,-13.606,-44.07,22.676
-1.6785,9.5546,9.9824,-3.8165,-5.3293,10.351,-1.3747,-15.881,-14.411,-11.537,-41.53,13.833
-3.4355,7.1445,10.5,-1.4939,-6.3964,9.374,-0.40676,-13.371,-12.66,-9.9322,-38.935,9.0677
-3.665,5.1918,9.9409,-0.24368,-6.2,8.1025,0.18176,-10.99,-11.299,-8.7913,-36.357,10.882
-2.0746,4.608,8.6194,-0.70781,-4.7545,7.1423,0.28776,-8.8297,-10.274,-8.0421,-33.908,19.245
1.0177,5.7704,7.1225,-2.9052,-2.485,6.9824,-0.03443,-6.94,-9.4716,-7.5397,-31.666,31.495
4.754,8.4539,6.0928,-6.2296,-0.10306,7.8329,-0.5829,-5.3199,-8.7286,-7.099,-29.615,44.599
8.0429,11.857,5.9651,-9.5876,1.6807,9.5582,-1.0764,-3.9238,-7.8859,-6.5471,-27.658,55.365
9.9469,14.815,6.8159,-11.851,2.4297,11.678,-1.2495,-2.684,-6.8457,-5.7638,-25.676,59.908
10.016,16.336,8.3427,-12.344,2.0984,13.504,-0.93241,-1.5367,-5.6027,-4.7128,-23.59,57.001
8.4163,15.996,9.958,-10.994,0.98721,14.426,-0.08107,-0.44146,-4.2389,-3.4576,-21.391,49.173
5.8297,13.996,11.005,-8.3443,-0.38643,14.147,1.2441,0.60993,-2.8912,-2.1446,-19.149,40.036
3.2479,11.12,11.02,-5.4515,-1.447,12.786,2.9089,1.5958,-1.7049,-0.94908,-16.977,33.995
1.6794,8.5011,9.9596,-3.4242,-1.7396,10.869,4.7039,2.4769,-0.7818,-0.0064255,-14.98,35.41
1.6588,7.1297,8.2808,-2.9444,-1.1891,9.169,6.3899,3.2144,-0.13689,0.64333,-13.215,44.42
2.9718,7.4763,6.7961,-4.1263,-0.19684,8.3829,7.8647,3.7898,0.31884,1.0705,-11.687,56.586
4.8547,9.424,6.2943,-6.4914,0.59957,8.8511,9.2532,4.218,0.74233,1.4275,-10.349,67.814
6.3325,12.304,7.1754,-9.0623,0.62088,10.47,10.798,4.5454,1.296,1.8982,-9.1034,75.117
6.5693,15.061,9.3247,-10.765,-0.42547,12.727,12.697,4.8282,2.0796,2.6344,-7.8258,75.474
5.2196,16.665,12.165,-10.901,-2.4292,14.832,15,5.1047,3.0924,3.693,-6.3932,68.673
2.5493,16.487,14.809,-9.3203,-4.9041,15.997,17.577,5.379,4.2361,5.006,-4.7215,57.9
-0.68847,14.464,16.366,-6.4253,-7.145,15.74,20.14,5.6252,5.3527,6.4087,-2.787,46.672
-3.4875,11.175,16.287,-3.1557,-8.4652,14.067,22.331,5.8049,6.2837,7.7245,-0.62075,38.645
-4.9378,7.7658,14.59,-0.65642,-8.4396,11.524,23.835,5.8908,6.9343,8.87,1.7211,37.37
-4.5983,5.4528,11.885,0.28087,-7.0816,9.0498,24.491,5.8843,7.3212,9.913,4.1919,42.914
-2.6639,4.9576,9.1431,-0.53499,-4.862,7.5505,24.33,5.8176,7.578,11.031,6.7685,51.781
0.15443,6.3401,7.2822,-2.7405,-2.5316,7.5098,23.538,5.7419,7.9052,12.434,9.4336,60.324
2.897,9.0529,6.8282,-5.518,-0.86146,8.8633,22.369,5.7105,8.4893,14.375,12.155,65.139
4.6622,12.039,7.7848,-7.8404,-0.39315,11.027,21.069,5.7671,9.4342,17.204,14.888,63.03
4.8934,14.125,9.6463,-8.8865,-1.2348,13.085,19.829,5.9422,10.732,21.263,17.592,54.446
3.5425,14.509,11.592,-8.3118,-3.0049,14.192,18.752,6.2521,12.28,26.529,20.218,43.191
1.0791,13.005,12.844,-6.3005,-5.0441,13.895,17.826,6.6985,13.932,32.305,22.676,32.724
-1.6732,10.113,12.971,-3.5544,-6.7092,12.281,16.944,7.2694,15.563,37.514,24.816,26.158
-3.813,6.9534,12.008,-1.0905,-7.5466,9.9786,15.955,7.9416,17.108,41.557,26.453,26.086
-4.6618,4.7766,10.415,0.18697,-7.3983,7.9264,14.737,8.6868,18.561,44.629,27.425,32.2
-4.0054,4.3938,8.8342,-0.19458,-6.4051,6.9119,13.286,9.4769,19.98,47.247,27.641,41.564
-2.112,5.9785,7.7827,-2.1634,-4.885,7.2646,11.749,10.291,21.489,49.858,27.149,50.962
0.42646,9.0399,7.4639,-5.0875,-3.2166,8.809,10.341,11.119,23.239,52.734,26.144,56.988
2.9054,12.48,7.7414,-7.9871,-1.7314,10.909,9.2489,11.968,25.305,55.949,24.896,56.548
4.7368,15.048,8.22,-9.9892,-0.61103,12.683,8.5827,12.848,27.594,59.377,23.615,50.062
5.6431,15.919,8.4267,-10.632,0.13338,13.404,8.3562,13.762,29.869,62.793,22.355,40.756
5.7109,14.905,8.0339,-9.9145,0.60701,12.787,8.477,14.689,31.87,65.999,21.043,31.792
5.3098,12.482,7.0174,-8.301,0.95895,11.081,8.7606,15.59,33.431,68.833,19.583,26.525
4.9329,9.7289,5.6743,-6.6238,1.3189,9.0234,8.9765,16.416,34.517,71.173,17.942,27.798
5.0246,7.885,4.4851,-5.7287,1.756,7.5336,8.9171,17.131,35.212,73.008,16.189,35.225
5.8177,7.7596,3.8884,-6.1048,2.2634,7.2678,8.4703,17.711,35.688,74.463,14.471,45.632
7.2172,9.502,4.1043,-7.7486,2.7703,8.3909,7.6638,18.151,36.148,75.731,12.969,55.792
8.8368,12.6,5.0668,-10.161,3.1773,10.579,6.6575,18.454,36.753,76.985,11.854,62.419
10.182,15.941,6.4458,-12.498,3.3977,13.082,5.6762,18.63,37.564,78.316,11.276,62.195
10.84,18.268,7.7451,-13.931,3.3907,14.978,4.9121,18.693,38.519,79.716,11.352,55.116
10.599,18.779,8.4641,-13.978,3.1713,15.568,4.4414,18.661,39.475,81.088,12.165,44.476
9.5094,17.326,8.2879,-12.627,2.7912,14.619,4.194,18.542,40.271,82.28,13.775,33.859
7.8707,14.425,7.2674,-10.356,2.2959,12.435,3.9906,18.326,40.782,83.13,16.185,27.095
6.1223,11.184,5.8964,-7.9993,1.6717,9.825,3.6307,17.987,40.946,83.527,19.32,27.491
4.6546,8.8595,4.9516,-6.3837,0.83077,7.8259,2.9908,17.498,40.768,83.45,22.977,34.64
3.6383,8.2619,5.0908,-5.9931,-0.33674,7.2074,2.087,16.851,40.319,82.976,26.88,44.878
2.9891,9.5188,6.4849,-6.8334,-1.874,8.1484,1.0707,16.062,39.707,82.239,30.799,54.434
2.4905,12.127,8.8096,-8.4513,-3.6691,10.291,0.15504,15.162,39.046,81.39,34.638,59.621
1.9696,15.083,11.42,-10.104,-5.4188,12.901,-0.46913,14.185,38.403,80.559,38.44,57.432
1.4008,17.253,13.511,-11.086,-6.7052,15.064,-0.69791,13.166,37.783,79.819,42.301,48.64
0.92596,17.835,14.346,-10.996,-7.1198,15.99,-0.55864,12.148,37.131,79.149,46.253,36.802
0.81561,16.583,13.492,-9.8421,-6.348,15.282,-0.22474,11.179,36.363,78.443,50.145,25.286
1.3823,13.878,10.926,-8.0585,-4.2674,13.059,0.035706,10.297,35.417,77.551,53.641,17.598
2.8505,10.703,7.0692,-6.4013,-1.0709,9.9618,-0.021591,9.5183,34.281,76.341,56.431,16.736
5.2079,8.2534,2.7548,-5.5879,2.7271,6.965,-0.49714,8.8382,33.01,74.757,58.424,22.495
8.1035,7.3937,-0.97125,-5.9638,6.4059,5.0009,-1.2924,8.2355,31.706,72.852,59.718,31.686
10.902,8.3829,-3.1745,-7.4046,9.2068,4.6508,-2.1498,7.6881,30.484,70.787,60.473,40.661
12.901,10.829,-3.3155,-9.3772,10.537,5.9845,-2.7639,7.1856,29.432,68.782,60.856,45.644
13.573,13.766,-1.4359,-11.118,10.131,8.4766,-2.9157,6.7368,28.573,67.037,61.017,43.729
12.712,16.048,1.784,-11.947,8.1331,11.152,-2.5603,6.3688,27.864,65.634,61.084,35.75
10.491,16.857,5.2725,-11.526,5.0675,13.049,-1.8367,6.1195,27.214,64.497,61.145,25.138
7.43,15.924,8.0604,-9.9533,1.6734,13.594,-1.0138,6.0238,26.524,63.44,61.244,15.132
4.2589,13.616,9.6647,-7.7639,-1.373,12.755,-0.39184,6.0976,25.723,62.267,61.374,8.6938
1.696,10.891,10.173,-5.7418,-3.6897,11.074,-0.18726,6.3249,24.791,60.843,61.499,8.1138
0.20168,8.8681,10.074,-4.5717,-5.1703,9.4484,-0.44195,6.6552,23.77,59.102,61.562,13.363
-0.15503,8.2626,9.9435,-4.5726,-5.8529,8.6335,-0.99847,7.0143,22.756,57.059,61.522,22.006
0.3396,9.1936,10.159,-5.6303,-5.9316,8.9154,-1.5568,7.3277,21.875,54.837,61.365,30.857
1.178,11.24,10.785,-7.2497,-5.7437,10.125,-1.7979,7.546,21.24,52.632,61.108,36.529
1.8288,13.527,11.581,-8.7205,-5.5756,11.716,-1.5145,7.6587,20.902,50.613,60.792,36.283
1.939,15.039,12.102,-9.4022,-5.4977,12.916,-0.69043,7.6907,20.822,48.828,60.472,30.383
1.4394,15.059,11.889,-8.9491,-5.3798,13.062,0.50741,7.6833,20.877,47.197,60.202,21.649
0.53613,13.399,10.699,-7.3889,-5.0204,11.891,1.8092,7.6696,20.896,45.577,60.029,13.215
-0.37308,10.455,8.6406,-5.1363,-4.2668,9.6348,2.9611,7.6623,20.733,43.827,59.971,8.0132
-0.83372,7.1799,6.1289,-2.9262,-3.0688,6.9669,3.8344,7.6471,20.318,41.845,60.002,8.1546
-0.47293,4.7073,3.7028,-1.5318,-1.4859,4.726,4.4661,7.5899,19.668,39.581,60.058,13.521
0.86503,3.7762,1.7985,-1.4262,0.32585,3.5064,5.0117,7.451,18.863,37.04,60.056,21.805
3.0167,4.4908,0.61815,-2.6294,2.1436,3.451,5.6518,7.2015,18.008,34.3,59.942,29.959
5.5177,6.3959,0.11044,-4.7291,3.7247,4.2794,6.5165,6.8407,17.202,31.524,59.719,34.787
7.7499,8.6323,0.040058,-6.977,4.8582,5.4279,7.6449,6.4055,16.506,28.917,59.443,33.836
9.1301,10.219,0.11357,-8.5348,5.4105,6.2654,8.9747,5.9653,15.945,26.64,59.199,27.468
9.2748,10.419,0.10788,-8.7845,5.3549,6.3347,10.363,5.5987,15.502,24.754,59.069,18.398
8.1282,8.9633,-0.070125,-7.5159,4.7794,5.4869,11.643,5.3634,15.13,23.238,59.095,9.6537
5.9967,6.1696,-0.39129,-5.0229,3.8643,3.914,12.688,5.2717,14.769,22.02,59.25,3.9949
3.4849,2.921,-0.74463,-2.0952,2.8243,2.0873,13.447,5.2828,14.361,20.983,59.434,3.2177
1.3208,0.33014,-0.97742,0.27431,1.8466,0.58564,13.953,5.3206,13.865,19.981,59.504,7.0051
0.051527,-0.79372,-0.92783,1.3534,1.0463,-0.12976,14.289,5.3026,13.273,18.908,59.333,13.015
-0.18732,-0.21128,-0.46148,0.91806,0.42685,0.13179,14.555,5.1781,12.631,17.767,58.854,18.172
0.29996,1.7329,0.48243,-0.6974,-0.12668,1.256,14.822,4.9515,12.019,16.656,58.086,19.638
0.89874,4.1761,1.855,-2.6549,-0.78634,2.8636,15.126,4.6804,11.511,15.695,57.124,16.023
0.95567,6.0301,3.489,-3.9483,-1.6791,4.4168,15.473,4.4474,11.139,14.957,56.109,8.3296
0.080923,6.4551,5.1109,-3.8753,-2.8088,5.3948,15.857,4.3204,10.873,14.433,55.176,-1.0144
-1.6885,5.1677,6.3768,-2.2848,-4.0308,5.4702,16.256,4.3189,10.635,14.009,54.396,-9.4225
-3.8893,2.5498,6.9536,0.34127,-5.0635,4.6139,16.621,4.4062,10.317,13.506,53.73,-14.763
-5.792,-0.4171,6.6569,2.9913,-5.5685,3.1195,16.881,4.4994,9.8219,12.759,53.046,-15.873
-6.7016,-2.5888,5.5829,4.6317,-5.3254,1.5167,16.967,4.5052,9.1072,11.707,52.17,-13.156
-6.2999,-3.2079,4.122,4.7076,-4.4165,0.36415,16.834,4.3575,8.2067,10.424,50.962,-8.5065
-4.8642,-2.1194,2.8082,3.2725,-3.2598,0.028986,16.478,4.0436,7.2228,9.086,49.376,-4.4634
-3.1421,0.19674,2.0844,0.99275,-2.4001,0.55552,15.946,3.6073,6.2829,7.8995,47.474,-3.3758
-1.9967,2.7082,2.1232,-1.0577,-2.2254,1.6317,15.333,3.1281,5.4846,7.0105,45.388,-6.3462
-2.0093,4.2768,2.7699,-1.9681,-2.8055,2.6878,14.761,2.6864,4.8625,6.4575,43.265,-12.583
-3.1765,4.2012,3.6026,-1.3881,-3.8595,3.143,14.325,2.3321,4.3717,6.1652,41.212,-20.152
-4.9091,2.4451,4.0983,0.44702,-4.8669,2.6687,14.047,2.0706,3.917,5.9739,39.279,-26.932
-6.2898,-0.32279,3.8523,2.7416,-5.2711,1.335,13.85,1.8695,3.391,5.696,37.462,-30.993
-6.4046,-2.9267,2.7395,4.3658,-4.6486,-0.40557,13.594,1.676,2.72,5.1832,35.734,-30.955
-4.6686,-4.3034,0.9353,4.4561,-2.8451,-1.9304,13.129,1.4354,1.8909,4.3758,34.077,-27.025
-1.1228,-4.0047,-1.1894,2.8202,-0.060796,-2.7585,12.357,1.104,0.95257,3.3172,32.507,-21.134
3.4639,-2.2285,-3.2233,-0.10792,3.1985,-2.7425,11.274,0.66862,-0.0015414,2.1385,31.047,-15.858
7.8962,0.28295,-4.849,-3.3923,6.2725,-2.0934,9.9832,0.15474,-0.86357,1.0185,29.711,-13.581
11.052,2.446,-5.926,-5.887,8.5367,-1.2988,8.6911,-0.37541,-1.5449,0.12887,28.502,-15.556
12.199,3.2934,-6.5057,-6.7462,9.5711,-0.9249,7.6368,-0.84113,-2.0043,-0.42282,27.422,-21.165
11.143,2.3825,-6.7632,-5.7115,9.2646,-1.3591,6.9894,-1.1699,-2.2582,-0.63335,26.473,-28.419
8.2729,-0.088786,-6.88,-3.1156,7.8374,-2.6439,6.7682,-1.3206,-2.3702,-0.60604,25.644,-34.999
4.4403,-3.3415,-6.9475,0.21103,5.7567,-4.4553,6.8413,-1.2938,-2.4253,-0.50699,24.896,-38.715
0.72613,-6.2975,-6.9416,3.2191,3.5654,-6.2241,6.9863,-1.1291,-2.4924,-0.4989,24.18,-38.042
-1.9575,-8.0747,-6.7677,5.0754,1.7018,-7.3966,6.9762,-0.8907,-2.6034,-0.68468,23.453,-33.286
-3.2098,-8.3183,-6.3472,5.4292,0.39947,-7.6838,6.6643,-0.64574,-2.7461,-1.0741,22.687,-26.556
-3.1285,-7.2184,-5.7029,4.4364,-0.29452,-7.1442,6.0454,-0.44158,-2.8711,-1.5815,21.876,-20.622
-2.1569,-5.3937,-4.9912,2.6755,-0.4698,-6.1331,5.2676,-0.2881,-2.9092,-2.0608,21.03,-18.081
-0.92427,-3.6805,-4.4658,0.93358,-0.31574,-5.1839,4.5742,-0.15287,-2.7993,-2.3685,20.183,-20.24
-0.024013,-2.8432,-4.3943,-0.10323,-0.045502,-4.829,4.1922,0.025804,-2.5154,-2.4227,19.406,-26.339
0.20653,-3.3468,-4.9656,-0.06228,0.2028,-5.4195,4.2242,0.31042,-2.081,-2.237,18.767,-34.356
-0.23706,-5.2286,-6.2323,1.0667,0.41094,-7.0143,4.5987,0.73184,-1.5666,-1.9225,18.293,-41.992
-1.0785,-8.0203,-8.1132,2.9313,0.66086,-9.3592,5.1033,1.2703,-1.0722,-1.6535,17.917,-46.772
-1.887,-10.867,-10.443,4.878,1.0892,-11.979,5.4782,1.8592,-0.69482,-1.6005,17.483,-46.654
-2.2452,-12.919,-12.979,6.2124,1.8339,-14.345,5.5285,2.4125,-0.49676,-1.8569,16.807,-41.85
-1.872,-13.661,-15.343,6.5079,2.9601,-15.996,5.1967,2.8604,-0.47975,-2.3975,15.791,-34.711
-0.68396,-12.999,-17.173,5.7229,4.409,-16.637,4.5665,3.1747,-0.5827,-3.091,14.469,-28.088
1.19,-11.271,-18.448,4.1705,6.0972,-16.328,3.8047,3.3705,-0.70934,-3.7561,12.99,-24.778
3.4634,-9.2267,-19.525,2.4175,8.0464,-15.563,3.0801,3.4896,-0.7793,-4.2386,11.533,-26.51
5.7993,-7.7738,-20.86,1.0782,10.299,-15.074,2.4932,3.578,-0.76531,-4.4736,10.233,-32.619
7.9042,-7.6025,-22.725,0.58402,12.759,-15.482,2.0381,3.671,-0.70237,-4.5039,9.1564,-40.772
9.5645,-8.9319,-25.071,1.0491,15.184,-17.015,1.61,3.7849,-0.66836,-4.4494,8.2958,-48.331
10.644,-11.388,-27.512,2.2336,17.23,-19.37,1.0593,3.9158,-0.75007,-4.4467,7.5937,-52.68
11.069,-14.065,-29.42,3.6261,18.499,-21.78,0.26767,4.0408,-1.0089,-4.5921,6.9673,-52.039
10.806,-15.93,-30.133,4.6777,18.639,-23.354,-0.79593,4.1246,-1.4575,-4.909,6.3389,-46.892
9.8454,-16.29,-29.213,5.0314,17.433,-23.456,-2.0708,4.1299,-2.0525,-5.3481,5.6595,-39.509
8.2108,-14.974,-26.606,4.6421,14.851,-21.906,-3.4423,4.0296,-2.7062,-5.8093,4.921,-32.519
5.9576,-12.388,-22.682,3.8102,11.148,-19.024,-4.7905,3.8155,-3.3114,-6.1769,4.1557,-28.52
3.1878,-9.501,-18.139,3.0899,6.8858,-15.609,-6.0267,3.5036,-3.7763,-6.358,3.4243,-29.232
0.11693,-7.4497,-13.834,3.0196,2.7868,-12.657,-7.1133,3.1297,-4.0572,-6.3127,2.7942,-34.333
-2.8753,-6.9766,-10.564,3.8605,-0.43792,-10.908,-8.0742,2.7331,-4.1802,-6.0734,2.3125,-41.994
-5.3049,-8.1572,-8.7817,5.4913,-2.2376,-10.562,-8.9934,2.3364,-4.2376,-5.7425,1.9833,-49.921
-6.7562,-10.428,-8.4326,7.4191,-2.4413,-11.27,-9.9928,1.9321,-4.3546,-5.4551,1.7587,-55.233
-7.0489,-12.768,-9.0329,8.9325,-1.3812,-12.316,-11.188,1.4842,-4.6393,-5.322,1.5472,-55.353
-6.2675,-14.116,-9.8569,9.415,0.28133,-12.933,-12.635,0.94302,-5.1397,-5.3869,1.2386,-50.738
-4.7164,-13.822,-10.174,8.6075,1.8495,-12.588,-14.301,0.26612,-5.8239,-5.6175,0.73795,-44.154
-2.886,-11.834,-9.4859,6.7018,2.7772,-11.084,-16.057,-0.56531,-6.594,-5.926,-0.0051129,-38.248
-1.3679,-8.709,-7.6838,4.3265,2.752,-8.6033,-17.71,-1.5366,-7.3252,-6.2003,-0.97521,-35.391
-0.69799,-5.4954,-5.0191,2.348,1.7428,-5.7285,-19.069,-2.598,-7.913,-6.3383,-2.1038,-37.237
-1.1747,-3.2975,-2.0578,1.4854,0.027639,-3.27,-20.014,-3.6755,-8.3076,-6.2799,-3.3008,-43.559
-2.6977,-2.7775,0.44025,2.0161,-1.8944,-1.9037,-20.558,-4.6956,-8.5385,-6.0383,-4.4933,-52.597
-4.7388,-3.9616,1.8228,3.687,-3.4676,-1.9064,-20.849,-5.6137,-8.714,-5.7124,-5.6528,-62.147
-6.5143,-6.2602,1.7807,5.7801,-4.2217,-3.094,-21.109,-6.4301,-8.9828,-5.4577,-6.8018,-69.41
-7.3134,-8.6814,0.44125,7.4143,-3.9133,-4.8977,-21.546,-7.1821,-9.4617,-5.4224,-7.9983,-71.302
-6.816,-10.276,-1.6527,7.9711,-2.6284,-6.5896,-22.253,-7.9167,-10.173,-5.684,-9.3064,-67.396
-5.2022,-10.488,-3.7333,7.2771,-0.76194,-7.56,-23.159,-8.6566,-11.028,-6.2181,-10.766,-60.546
-3.039,-9.2473,-5.12,5.5982,1.1283,-7.4823,-24.07,-9.3795,-11.861,-6.9066,-12.371,-54.015
-1.0608,-6.9882,-5.4573,3.5829,2.5276,-6.3828,-24.76,-10.021,-12.505,-7.5734,-14.059,-50.581
0.073255,-4.5756,-4.7871,2.0318,3.1309,-4.6682,-25.065,-10.498,-12.854,-8.0379,-15.721,-52.084
-0.0037357,-2.936,-3.4967,1.538,2.9061,-3.0058,-24.935,-10.745,-12.896,-8.1828,-17.227,-58.085
-1.2444,-2.6414,-2.1565,2.275,2.0631,-2.0267,-24.446,-10.752,-12.717,-8.0212,-18.474,-66.323
-3.1978,-3.7437,-1.2975,3.9648,0.96882,-2.0676,-23.781,-10.569,-12.474,-7.7138,-19.439,-73.915
-5.1728,-5.794,-1.2291,5.9654,0.019558,-3.0832,-23.18,-10.293,-12.346,-7.4961,-20.201,-77.616
-6.5399,-7.9877,-1.9188,7.5319,-0.5431,-4.6701,-22.883,-10.031,-12.473,-7.5626,-20.92,-75.401
-7.0319,-9.4967,-2.947,8.147,-0.78476,-6.1915,-23.028,-9.8573,-12.888,-7.9908,-21.761,-68.439
-6.8163,-9.8002,-3.6499,7.6868,-1.0203,-7.0307,-23.582,-9.779,-13.489,-8.7233,-22.82,-59.611
-6.3242,-8.807,-3.4466,6.4107,-1.6085,-6.8263,-24.325,-9.7392,-14.054,-9.5883,-24.084,-51.379
-6.0332,-6.8339,-2.1081,4.8538,-2.7622,-5.5609,-24.947,-9.6473,-14.354,-10.35,-25.416,-45.776
-6.2673,-4.5178,0.16401,3.6068,-4.4126,-3.5554,-25.168,-9.4263,-14.278,-10.78,-26.609,-44.092
-7.064,-2.6131,2.7835,3.0822,-6.1913,-1.4057,-24.844,-9.044,-13.852,-10.743,-27.457,-45.855
-8.1505,-1.7026,4.9501,3.4033,-7.5665,0.20689,-24.002,-8.5189,-13.194,-10.28,-27.835,-49.054
-9.0204,-1.9985,5.9517,4.3867,-8.0294,0.79671,-22.796,-7.9134,-12.481,-9.6279,-27.759,-51.239
-9.1108,-3.2883,5.4343,5.571,-7.2396,0.25821,-21.459,-7.3196,-11.892,-9.1107,-27.384,-50.202
-8.051,-4.9868,3.4978,6.373,-5.1257,-1.1077,-20.249,-6.8326,-11.548,-8.9576,-26.95,-45.028
-5.8612,-6.3381,0.69646,6.3559,-1.9824,-2.6909,-19.365,-6.5135,-11.462,-9.2094,-26.672,-36.931
-2.952,-6.7152,-2.0852,5.3891,1.4975,-3.791,-18.825,-6.3588,-11.54,-9.7342,-26.661,-27.915
0.020087,-5.8234,-3.9366,3.6444,4.424,-3.8732,-18.399,-6.2982,-11.615,-10.297,-26.912,-19.702
2.3194,-3.7838,-4.2356,1.5629,5.9854,-2.7411,-17.706,-6.2206,-11.519,-10.653,-27.328,-13.796
3.3076,-1.157,-2.8249,-0.2312,5.7052,-0.62701,-16.404,-6.0189,-11.157,-10.632,-27.778,-11.166
2.6309,1.201,-0.070126,-1.1426,3.6143,1.8355,-14.363,-5.6303,-10.539,-10.202,-28.131,-11.678
0.35585,2.5011,3.2455,-0.83986,0.22927,3.8658,-11.713,-5.0558,-9.7644,-9.4758,-28.294,-14.01
-3.0048,2.3524,6.2432,0.62372,-3.6441,4.8933,-8.777,-4.3491,-8.9769,-8.6777,-28.238,-16.165
-6.6031,0.89788,8.3,2.8045,-7.1639,4.7698,-5.9423,-3.5874,-8.3093,-8.0537,-28.017,-16.229
-9.5455,-1.2047,9.2206,4.9784,-9.6964,3.8045,-3.5475,-2.8403,-7.8396,-7.7672,-27.763,-13.141
-11.223,-3.0069,9.2011,6.3994,-10.948,2.6405,-1.8022,-2.1495,-7.5634,-7.8277,-27.621,-7.108
-11.419,-3.6695,8.6582,6.5782,-10.906,1.9691,-0.73038,-1.5229,-7.396,-8.0836,-27.672,0.58699
-10.278,-2.7697,8.0282,5.4264,-9.7705,2.2392,-0.1727,-0.94216,-7.2114,-8.2983,-27.9,7.998
-8.2755,-0.44381,7.6131,3.2979,-7.9769,3.5066,0.15315,-0.3814,-6.9079,-8.2807,-28.225,13.078
-6.1139,2.5589,7.5216,0.92479,-6.0992,5.3905,0.55633,0.17324,-6.458,-7.9661,-28.562,14.358
-4.478,5.1133,7.6928,-0.85768,-4.6772,7.1842,1.2399,0.71384,-5.9129,-7.4054,-28.852,11.861
-3.8188,6.2843,7.953,-1.4658,-4.047,8.1966,2.2065,1.2142,-5.3708,-6.7198,-29.058,7.3109
-4.254,5.7294,8.1178,-0.75005,-4.2131,8.0997,3.2806,1.6434,-4.9373,-6.0592,-29.165,3.1708
-5.5277,3.7788,8.1358,0.97316,-4.9216,7.0595,4.2023,1.9805,-4.6899,-5.5564,-29.194,1.7021
-7.0942,1.3543,8.1541,2.9907,-5.8595,5.6785,4.7438,2.2213,-4.6542,-5.2818,-29.207,4.1695
-8.337,-0.40348,8.4194,4.4637,-6.7624,4.7322,4.8027,2.3728,-4.8009,-5.2207,-29.296,10.231
-8.7812,-0.68176,9.0979,4.7934,-7.4208,4.7843,4.4278,2.4417,-5.0626,-5.2835,-29.539,18.198
-8.246,0.74123,10.152,3.806,-7.6834,5.9625,3.7821,2.4271,-5.3585,-5.3409,-29.946,25.814
-6.884,3.4834,11.32,1.7681,-7.4737,7.9348,3.0759,2.3265,-5.6152,-5.2724,-30.442,30.742
-5.0973,6.6155,12.202,-0.65955,-6.8135,10.006,2.4921,2.1478,-5.7828,-5.0077,-30.9,31.261
-3.4065,8.9914,12.414,-2.6427,-5.8442,11.392,2.1242,1.9188,-5.8469,-4.5432,-31.198,27.54
-2.3015,9.7897,11.769,-3.5363,-4.8148,11.572,1.9507,1.684,-5.8322,-3.9318,-31.27,21.64
-2.0856,8.804,10.397,-3.1137,-4.0205,10.477,1.8581,1.4923,-5.7945,-3.2604,-31.108,16.286
-2.7694,6.469,8.744,-1.6083,-3.7111,8.522,1.707,1.3771,-5.8008,-2.6207,-30.771,14.049
-4.0595,3.7595,7.4349,0.34591,-4.0097,6.4818,1.4023,1.3401,-5.9057,-2.083,-30.368,16.4
-5.4637,1.8115,7.0082,1.9422,-4.8751,5.1735,0.93116,1.3443,-6.1302,-1.6788,-30.039,22.741
-6.5074,1.4125,7.6692,2.5454,-6.1196,5.0887,0.35701,1.3264,-6.4522,-1.3966,-29.895,30.903
-6.9376,2.7571,9.215,1.9161,-7.4648,6.2427,-0.21149,1.2223,-6.8103,-1.1889,-29.964,38.368
-6.7766,5.414,11.151,0.28577,-8.6169,8.2269,-0.65664,0.99737,-7.1236,-0.98639,-30.16,42.729
-6.2297,8.4105,12.879,-1.6883,-9.3311,10.346,-0.88398,0.66685,-7.3201,-0.71727,-30.323,42.412
-5.5344,10.625,13.864,-3.2157,-9.4283,11.849,-0.84701,0.2917,-7.3638,-0.33229,-30.277,37.836
-4.8301,11.297,13.752,-3.7635,-8.7889,12.197,-0.55833,-0.04869,-7.2698,0.16871,-29.897,31.062
-4.1095,10.25,12.429,-3.2329,-7.3705,11.238,-0.084693,-0.29306,-7.0977,0.72387,-29.146,24.696
-3.2503,7.9168,10.059,-1.9645,-5.2512,9.2484,0.47402,-0.42585,-6.924,1.2255,-28.093,21.304
-2.09,5.2416,7.0906,-0.63494,-2.663,6.8774,1.0223,-0.48431,-6.8089,1.5631,-26.898,22.409
-0.52285,3.3183,4.1983,0.032153,0.011618,4.9204,1.5123,-0.54172,-6.7744,1.6746,-25.753,27.411
1.396,2.902,2.0888,-0.40194,2.3003,4.0126,1.9664,-0.67402,-6.7983,1.5796,-24.813,34.098
3.3756,4.1838,1.27,-1.9496,3.7463,4.4156,2.4654,-0.92636,-6.8254,1.3757,-24.139,39.942
4.9225,6.7643,1.8706,-4.1874,4.0215,5.9411,3.1115,-1.2945,-6.7908,1.2013,-23.695,42.659
5.5155,9.714,3.5981,-6.3374,3.0294,8,3.9852,-1.7276,-6.6502,1.1798,-23.38,40.993
4.8209,11.92,5.8624,-7.5793,0.96749,9.8227,5.1126,-2.1481,-6.4021,1.3674,-23.072,35.633
2.8571,12.591,7.999,-7.4447,-1.711,10.764,6.456,-2.4795,-6.0928,1.7261,-22.675,28.53
0.052522,11.516,9.4717,-5.9741,-4.4373,10.51,7.9193,-2.674,-5.8014,2.1353,-22.134,21.885
-2.867,9.1042,9.9957,-3.6865,-6.6758,9.1667,9.3523,-2.7286,-5.6111,2.4404,-21.454,17.808
-5.0913,6.3012,9.5714,-1.4474,-8.0209,7.2404,10.563,-2.6866,-5.5785,2.5174,-20.7,17.588
-5.9571,4.2136,8.4299,-0.14875,-8.2474,5.4332,11.359,-2.6196,-5.7112,2.3266,-19.968,20.857
-5.1434,3.5957,6.9222,-0.33657,-7.329,4.3256,11.612,-2.5944,-5.9628,1.9346,-19.346,25.822
-2.7804,4.6392,5.3907,-2.0314,-5.4389,4.1923,11.31,-2.6398,-6.2473,1.4927,-18.86,30.198
0.57237,6.9906,4.0551,-4.7332,-2.9132,4.9653,10.554,-2.7353,-6.4746,1.1771,-18.469,31.874
4.1208,9.806,2.9331,-7.5787,-0.153,6.2246,9.5078,-2.8298,-6.5889,1.1119,-18.099,29.727
7.1102,12.016,1.8485,-9.6814,2.4761,7.2954,8.3122,-2.8743,-6.5924,1.3104,-17.688,24.329
9.0115,12.788,0.56795,-10.464,4.6821,7.5346,7.0326,-2.8459,-6.5422,1.6671,-17.211,17.474
9.6188,11.813,-1.021,-9.7946,6.2733,6.616,5.66,-2.7529,-6.5236,2.0108,-16.673,11.297
9.0978,9.3913,-2.8107,-8.0185,7.1789,4.667,4.1516,-2.6293,-6.6132,2.1895,-16.092,7.6977
7.8996,6.4212,-4.4856,-5.8857,7.4231,2.2807,2.4639,-2.5259,-6.8492,2.1396,-15.497,7.6967
6.578,4.107,-5.634,-4.282,7.0857,0.32237,0.57328,-2.5011,-7.2173,1.9049,-14.92,10.943
5.5992,3.4059,-5.9038,-3.8831,6.2763,-0.4754,-1.497,-2.6064,-7.6523,1.6078,-14.39,15.93
5.1759,4.6865,-5.1357,-4.9355,5.1443,0.18933,-3.6711,-2.8701,-8.0565,1.3959,-13.921,20.639
5.2425,7.649,-3.4689,-7.1394,3.9049,2.1394,-5.8536,-3.2846,-8.329,1.3853,-13.505,23.123
5.5919,11.314,-1.3693,-9.7002,2.8099,4.7546,-7.9637,-3.8037,-8.401,1.6179,-13.106,22.247
6.0204,14.363,0.50166,-11.716,2.0894,7.1341,-9.9446,-4.3556,-8.2593,2.0457,-12.668,18.388
6.4006,15.791,1.5213,-12.598,1.9267,8.4662,-11.777,-4.868,-7.9505,2.5465,-12.137,13.196
6.7356,15.253,1.3173,-12.217,2.4393,8.3547,-13.5,-5.3013,-7.5638,2.9669,-11.48,8.747
7.1681,13.093,-0.10095,-10.908,3.6206,6.9252,-15.204,-5.6733,-7.204,3.1755,-10.704,6.8586
7.8987,10.277,-2.3014,-9.4086,5.2859,4.7955,-16.986,-6.0645,-6.9632,3.1034,-9.8726,8.4509
9.0483,8.0573,-4.5222,-8.5493,7.0926,2.8933,-18.886,-6.5925,-6.8959,2.7609,-9.1041,13.069
10.543,7.4257,-5.9288,-8.8401,8.6246,2.1024,-20.824,-7.3617,-6.9969,2.2308,-8.5476,19.087
12.097,8.7995,-5.9236,-10.305,9.5016,2.9509,-22.601,-8.4091,-7.1926,1.6405,-8.33,24.382
13.305,11.978,-4.3181,-12.534,9.4857,5.4899,-23.975,-9.6602,-7.3546,1.1261,-8.495,26.986
13.799,16.124,-1.3779,-14.847,8.5763,9.2216,-24.785,-10.916,-7.3281,0.81219,-8.9534,25.918
13.389,20.026,2.2319,-16.589,7.0373,13.145,-25.028,-11.9,-6.9731,0.81954,-9.4545,21.843
12.146,22.853,5.7302,-17.438,5.3038,16.262,-24.87,-12.383,-6.222,1.2635,-9.5732,16.782
10.381,24.864,8.5831,-17.577,3.8271,18.33,-24.638,-12.341,-5.1179,2.2136,-8.7616,13.456
8.5156,25.076,10.155,-17.431,2.9367,18.579,-24.761,-12.005,-3.7842,3.7987,-6.4621,14.643
6.8953,18.093,6.1129,-15.317,2.8282,12.249,-25.644,-11.769,-2.4494,7.7575,-1.5561,22.176
5.6898,12.707,0.204,-12.864,3.8833,6.1612,-27.478,-12.126,-1.5569,6.9412,0.30746,33.313
5.2123,12.565,-2.5369,-13.541,6.3458,5,-29.843,-13.799,-1.4279,1.1374,-2.5568,20.503
5.6478,18.275,0.95922,-16.855,7.1228,10.527,-32.262,-18.937,-2.5365,-6.1808,-9.9927,26.559
5.1908,28.324,10.219,-21.808,4.4882,20.893,-32.385,-25.252,-12.141,-13.801,-20.403,29.637
4.1271,40.947,23.926,-27.889,-1.1322,33.903,-28.796,-25.25,-21.157,-18.982,-30.441,25.854
3.3309,56.356,41.281,-35.256,-8.7072,49.972,-22.641,-23.672,-11.664,-15.531,-34.414,19.133
4.1413,75.794,60.66,-44.62,-17.758,69.964,-16.823,-20.715,5.3368,1.9468,-22.84,17.314
8.2109,99.764,81.809,-57.743,-28.287,92.962,-15.342,-16.431,27.897,35.284,14.183,31.669
17.252,130.12,106.85,-76.555,-39.3,120.47,-23.357,-12.053,49.615,81.831,82.366,78.796
32.141,170.75,138.13,-102.95,-50.5,155.63,-43.976,-11.328,63.003,136.71,184.44,175.53
52.129,224.59,176.75,-138.27,-61.86,201.18,-77.28,-19.029,60.149,195.99,319.61,325.49
75.073,291.01,223.01,-181.81,-74.168,257.11,-120.69,-44.133,32.731,253.12,482.19,510.8
99.031,364.78,273.54,-230.23,-87.03,319.19,-169.59,-112.23,-26.168,300.18,661.63,716.77
121.97,436.2,320.86,-277.72,-98.387,378.73,-218.2,-208.43,-119.53,329.71,843.45,919.21
142.26,492.89,355.05,-317.05,-104.32,424.29,-261.17,-317.92,-244.6,336.74,1011,1091.1
159.18,523.08,365.95,-341.44,-100.31,444.81,-295.01,-440.32,-393.51,319.87,1147.7,1208.9
171.91,518.15,346.04,-346,-83.458,432.19,-318.81,-567.62,-554.16,280.36,1238.2,1257.5
179.76,474.09,292.8,-328.34,-53.033,383.19,-334.27,-693.12,-713.7,219.56,1270.1,1232.4
182.59,392.8,208.85,-289.15,-10.419,300.25,-344.78,-812.27,-862.12,136.4,1233.8,1140.7
180.13,281.77,101.02,-232.2,41.254,190.63,-353.52,-921.72,-993.52,26.888,1123.1,995.95
172.44,151.84,-20.595,-163.26,97.335,64.83,-361.28,-1018.1,-1105.4,-113.7,936.97,813.63
159.82,15.481,-143.6,-88.84,152.15,-64.813,-366.32,-1097.6,-1196.9,-287.12,681.57,608.94
142,-113.7,-254.24,-15.688,198.67,-184.69,-365.94,-1156.4,-1267.6,-488.11,373.25,397.14
118.93,-222.58,-339.6,49.771,230.04,-281.74,-358.19,-1191.2,-1316.1,-701.34,40.078,192.36
91.629,-301.38,-390.89,102.31,242.34,-346.58,-342.36,-1199.8,-1338.7,-901.24,-279.89,7.1942
61.855,-345.37,-405.21,138.68,235.09,-375.34,-318.21,-1180.4,-1329.8,-1057,-545.8,-145.8
31.281,-355.19,-385.28,158.16,210.63,-369.72,-285.34,-1132.7,-1284.7,-1142.6,-725.49,-255.55
2.0068,-336,-338.03,162.63,173.06,-335.92,-244.04,-1059,-1203.2,-1146.4,-805.51,-316.42
-23.59,-295.55,-272.97,155.73,127.72,-282.81,-196.45,-964.85,-1091.5,-1076.1,-794.06,-330.77
-44.72,-242.45,-200.62,141.29,80.693,-220.03,-146.55,-858.07,-961.01,-953.96,-717.53,-308.58
-59.932,-185.59,-130.98,122.38,38.008,-156.81,-99.52,-747.12,-824.42,-807.86,-608.24,-263.27
-66.892,-132.32,-71.942,100.82,4.6768,-100.72,-60.458,-638.88,-692.27,-661.72,-493.54,-212.91
-64.234,-86.018,-27.69,76.844,-16.321,-55.547,-32.524,-537.19,-571.03,-530.35,-390.38,-174.32
-52.488,-48.24,0.89742,51.325,-25.321,-22.609,-16.874,-443.05,-463.1,-419.12,-305.15,-146.37
-33.628,-21.155,15.698,29.76,-24.474,-1.3409,-12.666,-356.61,-368.15,-326.74,-237.09,-127.09
-15.351,-4.314,20.353,14.289,-15.829,10.241,-15.803,-278.61,-285.15,-249.38,-182.33,-114.81
-5.9756,3.2248,17.55,4.3067,-4.0243,13.915,-21.542,-210.04,-214.04,-184.54,-136.75,-105.5
-0.99468,3.7371,8.679,-0.71456,4.5647,9.9854,-26.249,-152.03,-155.18,-132,-96.695,-96.46
2.5211,-0.46769,-2.3194,-1.4575,9.5804,2.1119,-27.499,-105.2,-108.14,-90.953,-62.214,-81.7
5.4821,-6.7121,-13.595,-0.16439,8.262,-6.6974,-23.459,-68.371,-71.878,-59.516,-36.65,-59.082
7.4075,-10.07,-17.117,0.69955,7.4806,-12.155,-13.027,-40.853,-44.409,-38.738,-19.58,-36.691
7.8677,-10.114,-9.6638,1.0133,8.2052,-9.9492,-6.3039,-22.236,-25.004,-27.159,-8.3112,-22.007
7.5216,-7.149,-7.4647,0.55255,7.8005,-6.3459,-1.2106,-10.165,-12.395,-21.12,-1.4122,-11.552
6.9932,-2.6295,-4.8111,-1.5209,6.4257,-2.736,2.9546,-2.709,-4.3192,-17.553,2.3963,-4.3522
6.4596,2.2569,-1.8985,-4.0989,4.5511,0.96274,6.6421,1.7764,1.0409,-14.374,3.8733,-1.1018
5.9646,6.173,0.54956,-6.3033,2.7794,3.8391,10.055,4.5914,4.8707,-10.538,4.15,-1.605
5.5131,8.0943,1.8603,-7.4421,1.6299,5.1602,13.143,6.4716,7.5382,-6.2168,8.6978,-4.5623
5.1179,7.7204,1.6417,-7.2919,1.335,4.64,15.806,6.5838,8.3779,-3.6164,15.048,-7.9857
4.8412,5.379,-0.035546,-6.0547,1.8488,2.5075,18.075,5.9824,6.1195,-1.583,21.379,-9.9584
4.7655,2.0083,-2.568,-4.2652,2.9227,-0.44227,20.031,8.8866,7.903,1.0606,27.647,-9.3699
4.9469,-1.0682,-5.0167,-2.6315,4.183,-3.0839,21.646,11.409,10.56,2.6766,33.754,-6.3529
5.3853,-2.7704,-6.5228,-1.7515,5.2435,-4.4998,22.854,13.695,12.839,3.585,39.501,-2.1594
6.0199,-2.6737,-6.6489,-1.8915,5.8315,-4.307,23.676,15.878,14.965,4.1755,44.682,1.3595
6.7357,-0.99667,-5.4894,-2.9406,5.8573,-2.6857,24.206,17.967,17.086,4.7319,49.291,2.3662
7.3667,1.4991,-3.5857,-4.4658,5.3951,-0.33885,24.543,19.898,19.186,5.4037,53.541,-0.13629
7.7087,3.7287,-1.6969,-5.8414,4.6234,1.7325,24.747,21.571,21.118,6.2026,57.716,-5.6517
7.565,4.7194,-0.48671,-6.4646,3.7461,2.6824,24.818,22.901,22.711,7.0291,62.082,-12.59
6.8133,3.9601,-0.27372,-5.9675,2.9093,2.135,24.709,23.877,23.873,7.7325,66.934,-19.112
5.4672,1.5283,-0.94964,-4.3355,2.1645,0.25629,24.351,24.569,24.639,8.1887,72.699,-23.668
3.7071,-1.868,-2.0561,-1.939,1.4973,-2.2814,23.665,25.082,25.143,8.3604,79.871,-25.217
1.8623,-5.0927,-3.0085,0.54297,0.88644,-4.5621,22.589,25.496,25.56,8.3062,88.479,-23.668
0.33957,-7.1392,-3.3716,2.3741,0.35045,-5.8779,21.094,25.82,26.027,8.1465,97.533,-20.207
-0.50517,-7.5358,-3.0272,3.0675,-0.039629,-5.9587,19.229,25.985,26.586,8.0206,105.69,-16.734
-0.51264,-6.3821,-2.1882,2.5469,-0.18474,-4.9665,17.13,25.876,27.17,8.0499,112.45,-15.044
0.19621,-4.3087,-1.289,1.172,-0.010729,-3.4451,14.99,25.39,27.64,8.2955,118.15,-16.112
1.2513,-2.3297,-0.79051,-0.35449,0.47743,-2.1535,12.966,24.484,27.839,8.7251,123.35,-19.581
2.1763,-1.431,-0.9904,-1.2704,1.177,-1.7495,11.127,23.206,27.67,9.2215,128.43,-23.899
2.5808,-2.1782,-1.9302,-1.0796,1.9178,-2.5433,9.4455,21.677,27.12,9.6345,133.45,-27.064
2.3103,-4.5523,-3.397,0.28253,2.5172,-4.4116,7.8443,20.054,26.26,9.8396,138.14,-27.467
1.4913,-7.8769,-4.9848,2.4041,2.8367,-6.8088,6.2427,18.465,25.215,9.774,142.19,-24.502
0.47029,-11.012,-6.2283,4.5106,2.8202,-8.9635,4.6117,16.974,24.128,9.4513,145.45,-18.652
-0.33763,-12.95,-6.7789,5.8384,2.5048,-10.242,3.0087,15.576,23.126,8.9614,147.95,-11.155
-0.6295,-13.227,-6.5271,5.9799,2.0017,-10.373,1.5697,14.232,22.283,8.4446,149.87,-3.6208
-0.33862,-11.94,-5.6481,4.9705,1.4571,-9.4835,0.45964,12.912,21.591,8.0345,151.4,2.4177
0.35167,-9.7296,-4.5751,3.2682,1.0103,-8.0826,-0.19137,11.618,20.967,7.7991,152.73,6.0458
1.0979,-7.6649,-3.8682,1.6341,0.75783,-6.9539,-0.33357,10.391,20.291,7.7113,154.03,7.4449
1.5429,-6.8106,-4.0059,0.81211,0.73362,-6.8564,-0.015335,9.2851,19.461,7.6585,155.4,7.7082
1.4673,-7.7869,-5.1944,1.206,0.91474,-8.2267,0.62822,8.3535,18.425,7.4909,156.9,8.2865
0.89475,-10.556,-7.2845,2.7557,1.2559,-10.999,1.4138,7.6361,17.204,7.0893,158.5,10.524
0.099629,-14.33,-9.859,4.9347,1.7381,-14.561,2.1663,7.1548,15.889,6.4142,160.15,15.187
-0.49138,-17.836,-12.437,6.8875,2.3917,-18.001,2.7736,6.9051,14.617,5.5181,161.79,21.968
-0.45555,-19.963,-14.627,7.8054,3.276,-20.509,3.2224,6.8523,13.512,4.5214,163.38,29.468
0.45824,-20.152,-16.223,7.2851,4.4464,-21.657,3.6016,6.9375,12.649,3.5738,164.93,35.835
2.1976,-18.47,-17.296,5.4533,5.9261,-21.551,4.0733,7.0955,12.025,2.8119,166.47,39.355
4.3972,-15.729,-18.165,2.967,7.6731,-20.834,4.8151,7.2773,11.577,2.3181,168.1,39.008
6.5404,-13.264,-19.245,0.79786,9.5913,-20.38,5.9452,7.4661,11.202,2.0911,169.97,35.108
8.1979,-12.241,-20.877,-0.23715,11.593,-20.861,7.4631,7.6804,10.806,2.0432,172.29,29.233
9.1871,-13.183,-23.153,0.20671,13.575,-22.455,9.2372,7.9612,10.336,2.0367,175.27,23.496
9.5733,-15.841,-25.78,1.9272,15.426,-24.79,11.045,8.347,9.8023,1.9466,179.12,19.801
9.5896,-19.187,-28.17,4.1841,17.198,-27.082,12.655,8.8484,9.2672,1.7142,183.83,19.104
9.5635,-21.821,-29.71,5.9995,18.857,-28.484,13.92,9.4346,8.8104,1.3654,189.02,20.969
9.7691,-22.712,-29.99,6.6789,20.041,-28.435,14.832,10.039,8.4973,0.99545,194.12,23.901
10.248,-21.547,-28.867,6.0094,20.366,-26.817,15.514,10.581,8.3521,0.72686,198.83,25.951
10.73,-18.696,-26.469,4.2508,19.581,-23.979,16.156,10.992,8.3475,0.66062,203.32,25.326
10.722,-15.164,-23.122,2.1544,17.494,-20.629,16.947,11.236,8.4122,0.84091,207.99,21.299
9.6859,-12.25,-19.225,0.71409,14.029,-17.567,17.993,11.323,8.4576,1.2406,213.21,14.657
7.2748,-10.911,-15.142,0.6541,9.3705,-15.338,19.267,11.294,8.4094,1.7665,219.17,7.128
3.556,-11.412,-11.16,2.139,4.0338,-14.073,20.627,11.204,8.2287,2.2829,225.86,0.67464
-0.89426,-13.312,-7.5177,4.7728,-1.1869,-13.515,21.867,11.091,7.9157,2.6492,233.05,-3.0655
-5.1321,-15.619,-4.4728,7.7068,-5.4099,-13.189,22.8,10.96,7.5013,2.7604,240.26,-3.3325
-8.2009,-17.246,-2.2548,9.9533,-7.989,-12.646,23.337,10.781,7.0346,2.5799,246.84,-0.54306
-9.5039,-17.522,-0.89981,10.833,-8.7738,-11.682,23.513,10.512,6.5697,2.1521,252.21,3.9225
-8.9863,-16.306,-0.19177,10.191,-8.0666,-10.285,23.472,10.123,6.1532,1.588,256.08,8.2788
-7.0923,-13.862,0.19329,8.3686,-6.4035,-8.5193,23.411,9.6219,5.8106,1.0285,258.66,10.888
-4.5879,-10.878,0.49109,6.0826,-4.3436,-6.5798,23.507,9.0398,5.5343,0.5933,260.5,10.818
-2.3062,-8.3198,0.73624,4.178,-2.3117,-4.8631,23.838,8.4157,5.2777,0.32865,262.37,8.328
-0.86844,-7.0076,0.81207,3.3074,-0.59442,-3.8186,24.347,7.7797,4.9664,0.17553,264.99,4.8245
-0.54168,-7.2866,0.61655,3.7547,0.56002,-3.713,24.878,7.1524,4.5289,-0.010178,268.71,2.1987
-1.2685,-8.9504,0.18441,5.3563,0.99427,-4.4965,25.257,6.55,3.9344,-0.38707,273.28,2.0737
-2.6956,-11.298,-0.29338,7.491,0.74366,-5.7943,25.366,5.987,3.2125,-1.0525,278.1,5.2252
-4.2735,-13.398,-0.52315,9.3395,-0.039974,-7.0259,25.186,5.4733,2.4427,-2.0068,282.66,11.241
-5.5177,-14.498,-0.22455,10.318,-1.2024,-7.644,24.786,5.0055,1.718,-3.1647,286.81,18.719
-6.2017,-14.265,0.7295,10.217,-2.6009,-7.3638,24.288,4.5608,1.1024,-4.3934,290.61,25.843
-6.368,-12.804,2.2276,9.1322,-4.0794,-6.2579,23.817,4.1003,0.60425,-5.5614,294.24,30.881
-6.228,-10.656,3.9274,7.4932,-5.4668,-4.7269,23.457,3.5824,0.17482,-6.5789,297.86,32.699
-6.0609,-8.6886,5.3529,5.9959,-6.6002,-3.3707,23.224,2.9818,-0.26795,-7.4243,301.6,31.293
-6.1157,-7.7752,6.0546,5.3054,-7.3488,-2.7727,23.072,2.3031,-0.80477,-8.1521,305.53,27.73
-6.5142,-8.4625,5.7695,5.8007,-7.6186,-3.2817,22.913,1.5781,-1.4869,-8.8846,309.65,23.758
-7.1874,-10.794,4.5086,7.479,-7.3511,-4.8803,22.659,0.84909,-2.3243,-9.7826,313.84,21.299
-7.8803,-14.235,2.5476,9.9294,-6.5311,-7.171,22.256,0.14599,-3.2878,-11.003,317.8,21.584
-8.2401,-17.833,0.32763,12.45,-5.2022,-9.5194,21.704,-0.52963,-4.3237,-12.654,321.16,24.376
-7.9662,-20.675,-1.7011,14.388,-3.4782,-11.315,21.04,-1.2076,-5.3762,-14.783,323.55,28.131
-6.9517,-22.201,-3.2335,15.382,-1.5394,-12.178,20.314,-1.9383,-6.4118,-17.383,324.8,30.841
-5.3588,-22.291,-4.1941,15.388,0.38825,-12.077,19.57,-2.771,-7.4343,-20.415,324.96,30.779
-3.6213,-21.414,-4.7181,14.745,2.0572,-11.378,18.832,-3.7285,-8.4795,-23.762,324.31,27.101
-2.3387,-20.603,-5.0491,14.182,3.2229,-10.746,18.124,-4.7939,-9.6011,-27.175,323.27,20.226
-2.0689,-21.002,-5.4241,14.519,3.6812,-10.876,17.464,-5.9177,-10.864,-30.41,322.27,11.525
-3.1076,-23.383,-5.9913,16.263,3.3207,-12.249,16.857,-7.0477,-12.352,-33.497,321.78,2.7375
-5.3547,-27.884,-6.7496,19.373,2.1679,-14.994,16.263,-8.1645,-14.197,-36.777,323.41,-4.5804
-8.3214,-33.823,-7.5273,23.249,0.39635,-18.812,15.589,-9.302,-16.629,-40.728,331.36,-9.5887
-11.286,-39.787,-8.0663,26.951,-1.713,-23.027,14.724,-10.538,-20.002,-45.685,341.2,-12.337
-13.562,-44.312,-8.2246,29.625,-3.8539,-26.723,13.603,-11.961,-24.569,-51.533,349.98,-13.746
-14.757,-46.634,-8.1163,30.849,-5.7562,-28.984,12.267,-13.628,-29.794,-57.715,357.94,-15.365
-14.868,-46.906,-7.9221,30.743,-7.1698,-29.511,10.865,-15.548,-34.557,-63.702,365.06,-18.7
-14.168,-45.956,-7.7869,29.902,-7.8348,-28.916,9.569,-17.678,-38.469,-69.338,369.97,-24.565
-13.026,-44.994,-8.1793,29.192,-7.5302,-28.285,8.4759,-19.947,-41.887,-74.743,368.92,-32.889
-11.787,-45.191,-9.8435,29.39,-6.1402,-28.685,7.573,-22.284,-45.267,-80.14,355.7,-42.953
-10.691,-47.239,-13.309,30.857,-3.6627,-30.795,6.7665,-24.644,-48.965,-85.81,323.24,-53.617
-9.8165,-51.146,-18.55,33.414,-0.23561,-34.714,5.9303,-27.017,-53.248,-92.1,266.63,-63.232
-9.0874,-56.207,-24.921,36.448,3.7756,-39.997,4.957,-29.431,-58.262,-99.303,186.32,-69.938
-8.3332,-61.185,-31.393,39.187,7.811,-45.843,3.8034,-31.943,-63.942,-107.42,89.137,-72.84
-7.3912,-64.949,-36.934,41.022,11.291,-51.316,2.5153,-34.63,-70.003,-115.97,-14.264,-72.736
-6.2365,-66.917,-40.765,41.646,13.746,-55.446,1.2219,-37.588,-76.102,-124.26,-113.87,-71.667
-5.0827,-67.036,-42.477,41.076,14.871,-57.517,0.094235,-40.916,-82.045,-132.01,-203.49,-72.157
-4.3623,-65.876,-42.105,39.74,14.584,-57.63,-0.72032,-44.679,-87.864,-139.65,-280.77,-76.032
-4.5692,-64.642,-40.235,38.504,13.044,-56.852,-1.157,-48.841,-93.73,-147.75,-345.62,-83.299
-6.0391,-64.669,-38.077,38.345,10.63,-56.624,-1.2592,-53.234,-99.831,-156.44,-399.04,-92.583
-8.7954,-66.808,-37.078,39.892,7.8528,-57.897,-1.16,-57.63,-106.28,-165.59,-443.15,-101.87
-12.539,-71.205,-37.782,43.229,5.2012,-60.554,-1.0314,-61.856,-113.07,-174.98,-481.25,-108.17
-16.747,-77.15,-39.31,47.798,3.0265,-63.769,-1.0222,-65.858,-120.01,-184.32,-517.07,-108.65
-20.762,-83.047,-40.569,52.403,1.5436,-66.681,-1.2114,-69.719,-126.85,-193.27,-553.36,-103.49
-23.853,-87.191,-41.142,55.732,0.82703,-68.669,-1.5942,-73.609,-133.47,-201.67,-590.63,-95.605
-25.44,-88.719,-41.03,57.078,0.7602,-69.489,-2.1001,-77.694,-139.86,-209.61,-626.68,-88.25
-25.481,-87.716,-40.316,56.538,1.0717,-69.144,-2.6359,-82.066,-146.14,-217.3,-656.99,-84.145
-24.566,-85.102,-39.175,54.891,1.4707,-67.832,-3.1338,-86.733,-152.43,-224.89,-676.28,-84.778
-23.587,-82.479,-37.934,53.289,1.7615,-66.132,-3.5808,-91.612,-158.88,-232.5,-681.15,-89.371
-23.318,-81.267,-36.955,52.667,1.8726,-64.844,-4.0215,-96.567,-165.54,-240.23,-672.45,-95.392
-24.138,-81.953,-36.468,53.371,1.8316,-64.494,-4.5387,-101.48,-172.31,-248.13,-653.9,-99.833
-25.88,-84.198,-36.503,55.202,1.7295,-65.072,-5.2281,-106.33,-178.96,-256.06,-632.26,-100.03
-27.808,-87.151,-36.934,57.506,1.6836,-66.169,-6.1752,-111.18,-185.25,-263.57,-617.02,-95.035
-29.012,-89.715,-37.515,59.425,1.7911,-67.229,-7.4348,-116.12,-191.08,-270.36,-614.78,-86.471
-28.926,-90.942,-37.954,60.318,2.0848,-67.773,-9.0174,-121.17,-196.41,-276.72,-626.74,-77.039
-27.521,-90.272,-38.009,59.865,2.5155,-67.487,-10.888,-126.21,-201.23,-283.05,-648.33,-68.93
-25.263,-87.659,-37.568,58.075,2.9758,-66.254,-12.974,-131.02,-205.57,-289.29,-671.99,-63.757
-22.883,-83.826,-36.692,55.497,3.346,-64.245,-15.184,-135.35,-209.54,-295.05,-686.75,-62.358
-21.012,-80.149,-35.594,53.119,3.5408,-61.958,-17.417,-139.07,-213.27,-300.06,-683.11,-64.277
-19.997,-77.724,-34.558,51.709,3.5398,-59.973,-19.583,-142.19,-216.88,-304.26,-659.37,-67.998
-19.856,-76.779,-33.814,51.446,3.3903,-58.641,-21.624,-144.79,-220.36,-307.76,-622.98,-71.366
-20.274,-76.889,-33.44,52.02,3.1825,-57.962,-23.524,-146.95,-223.6,-310.72,-588.41,-71.936
-20.701,-77.28,-33.339,52.774,3.0063,-57.642,-25.294,-148.71,-226.43,-313.32,-570.06,-68.462
-20.559,-77.033,-33.283,52.892,2.906,-57.2,-26.935,-150.05,-228.68,-315.6,-575.78,-62.023
-19.471,-75.371,-33.002,51.697,2.8536,-56.105,-28.424,-150.98,-230.29,-317.48,-605,-54.703
-17.469,-72.019,-32.277,49.039,2.7613,-53.956,-29.718,-151.49,-231.22,-318.86,-649.47,-48.252
-15.024,-67.475,-31.023,45.539,2.5388,-50.738,-30.78,-151.57,-231.4,-319.49,-697.07,-44.087
-12.823,-62.755,-29.322,42.046,2.1715,-46.963,-31.583,-151.2,-230.67,-319.04,-738.33,-43.021
-11.413,-58.787,-27.382,39.059,1.7612,-43.457,-32.117,-150.31,-228.74,-317.1,-769.52,-44.604
-10.9,-56.034,-25.511,36.907,1.4949,-40.894,-32.389,-148.8,-225.23,-313.14,-790.67,-47.275
-10.938,-54.47,-24.081,35.664,1.5848,-39.419,-32.426,-146.61,-219.97,-306.64,-803.76,-49.092
-10.876,-53.737,-23.317,34.929,2.2065,-38.72,-32.281,-143.73,-213.39,-297.54,-811.49,-48.46
-10.018,-53.193,-23.079,33.977,3.4216,-38.3,-32.013,-140.2,-206.47,-286.51,-815.82,-44.814
-7.9467,-52.005,-22.936,32.069,5.0993,-37.628,-31.672,-136.04,-199.91,-274.7,-817.71,-38.839
-4.7627,-49.41,-22.376,28.677,6.8775,-36.186,-31.276,-131.36,-193.78,-263.13,-817.46,-31.883
-1.0849,-44.938,-20.967,23.614,8.2392,-33.546,-30.812,-126.3,-187.78,-252.13,-815.97,-25.391
2.1683,-38.624,-18.49,17.369,8.6971,-29.511,-30.251,-121.02,-181.45,-241.41,-814.97,-20.629
4.1071,-31.291,-15.018,11.432,7.965,-24.352,-29.575,-115.67,-174.37,-230.35,-814.64,-18.306
4.2165,-24.483,-10.927,7.5018,6.0688,-18.93,-28.794,-110.32,-166.3,-218.41,-814.06,-18.259
2.5844,-19.604,-6.8033,6.0976,3.3724,-14.302,-27.964,-104.98,-157.36,-205.43,-813.17,-19.508
-0.12097,-16.981,-3.2833,6.5851,0.46766,-11.093,-27.171,-99.617,-147.99,-191.76,-811.98,-20.617
-2.8703,-15.898,-0.88477,7.8453,-1.9889,-9.323,-26.506,-94.231,-138.82,-178.28,-810.41,-20.233
-4.6233,-15.26,0.19393,8.7263,-3.466,-8.5875,-26.028,-88.834,-130.36,-166.06,-808.34,-17.673
-4.733,-14.205,0.24075,8.4377,-3.7585,-8.2377,-25.735,-83.443,-122.83,-155.51,-805.58,-13.12
-3.1904,-12.224,-0.028408,6.6811,-3.068,-7.5515,-25.56,-78.045,-116.07,-146.1,-801.94,-7.4314
-0.57645,-8.9953,0.21883,3.6185,-1.9063,-5.9196,-25.391,-72.625,-109.63,-137.01,-797.25,-1.8821
2.2303,-4.5768,1.552,-0.030112,-0.86176,-3.015,-25.117,-67.238,-103,-127.64,-791.57,2.2204
4.4091,0.22212,4.0388,-3.199,-0.33035,0.98004,-24.665,-62.019,-95.733,-117.85,-785.22,4.0301
5.4751,4.1353,7.1468,-5.0775,-0.38091,5.1681,-24.036,-57.054,-87.775,-107.9,-778.55,3.5547
5.3947,6.2594,9.8817,-5.4154,-0.81953,8.3141,-23.302,-52.265,-79.706,-98.264,-771.73,1.6851
4.5461,6.3978,11.305,-4.4747,-1.2921,9.637,-22.573,-47.494,-72.438,-89.62,-764.68,-0.20695
3.5332,4.9706,11.008,-2.9002,-1.3988,9.098,-21.931,-42.722,-66.464,-82.448,-757.26,-0.79785
2.8835,2.8974,9.3244,-1.4819,-0.99887,7.3285,-21.38,-38.112,-61.675,-76.699,-749.43,0.73899
2.7938,1.3122,7.2962,-0.84796,-0.41713,5.44,-20.836,-33.834,-57.624,-71.91,-741.31,4.4322
3.0785,1.1249,6.2336,-1.279,-0.26347,4.5873,-20.173,-29.941,-53.752,-67.514,-733.23,9.4997
3.314,2.7464,7.0892,-2.6546,-1.0691,5.4779,-19.263,-26.396,-49.539,-63.041,-725.51,14.652
3.0558,5.9604,10.089,-4.4674,-3.0362,8.1776,-18.02,-23.164,-44.675,-58.227,-718.45,18.545
2.0537,9.839,14.698,-6.0152,-5.9684,12.048,-16.437,-20.247,-39.195,-53.171,-712.3,20.228
0.39055,13.04,19.655,-6.7304,-9.2891,15.793,-14.625,-17.677,-33.461,-48.368,-707.27,19.558
-1.5357,14.499,23.363,-6.3873,-12.162,18.061,-12.8,-15.491,-28.046,-44.288,-703.48,17.308
-3.1708,13.824,24.622,-5.1231,-13.792,18.12,-11.197,-13.702,-23.543,-40.965,-700.88,14.85
-4.0283,11.32,23.112,-3.3827,-13.773,16.02,-9.9435,-12.281,-20.219,-38.199,-699.16,13.61
-3.8809,7.9871,19.547,-1.7854,-12.252,12.607,-9.0066,-11.164,-17.901,-35.872,-697.86,14.531
-2.834,5.197,15.411,-0.89655,-9.8649,9.3066,-8.2268,-10.266,-16.228,-33.884,-696.46,17.662
-1.2605,4.0261,12.288,-1.0241,-7.4782,7.4135,-7.4046,-9.5157,-14.885,-32.037,-694.55,22.142
0.35412,4.8823,11.223,-2.1426,-5.8465,7.5305,-6.3936,-8.8724,-13.685,-30.103,-691.88,26.587
1.5799,7.5149,12.436,-3.9094,-5.3585,9.5676,-5.1575,-8.3313,-12.567,-27.978,-688.26,29.581
2.1567,11.024,15.292,-5.7527,-5.906,12.771,-3.7753,-7.905,-11.545,-25.755,-683.49,30.17
2.0365,14.095,18.482,-7.0547,-6.9836,15.868,-2.4049,-7.6016,-10.676,-23.635,-677.4,28.296
1.3713,15.61,20.64,-7.3698,-7.9867,17.671,-1.2252,-7.4075,-10.029,-21.793,-670.11,24.831
0.46083,15.072,20.84,-6.5751,-8.428,17.546,-0.37441,-7.283,-9.6501,-20.345,-662.05,21.178
-0.33447,12.668,18.879,-4.9296,-8.0373,15.501,0.10282,-7.1701,-9.5342,-19.327,-653.78,18.77
-0.70582,9.2927,15.479,-3.0298,-6.8738,12.275,0.27587,-7.008,-9.6036,-18.652,-645.55,18.54
-0.50522,6.3121,11.995,-1.6032,-5.3458,9.1822,0.30607,-6.7509,-9.7269,-18.129,-637.21,20.49
0.20333,4.9285,9.7322,-1.2098,-4.0187,7.4713,0.38351,-6.3816,-9.7674,-17.55,-628.23,23.704
1.1817,5.692,9.5333,-2.036,-3.3951,7.8095,0.64363,-5.9162,-9.6342,-16.776,-617.99,26.781
2.1153,8.41,11.61,-3.8432,-3.7693,10.172,1.1029,-5.3978,-9.3085,-15.779,-606.25,28.351
2.7134,12.164,15.398,-6.0389,-5.1158,13.799,1.6504,-4.8806,-8.8393,-14.624,-593.27,27.575
2.7778,15.588,19.656,-7.8836,-7.0799,17.374,2.1027,-4.4093,-8.3187,-13.419,-579.75,24.533
2.2375,17.514,23.042,-8.7678,-9.1579,19.69,2.2925,-4.0026,-7.8482,-12.267,-566.63,20.181
1.1582,17.392,24.662,-8.41,-10.933,20.142,2.1436,-3.6492,-7.5,-11.245,-554.8,15.921
-0.26986,15.372,24.357,-6.9346,-12.193,18.8,1.6944,-3.3171,-7.2883,-10.393,-544.3,13.114
-1.769,12.311,22.754,-4.8551,-12.934,16.384,1.0687,-2.9735,-7.1615,-9.7022,-534.26,12.595
-3.0414,9.4844,20.918,-2.91,-13.313,14.002,0.41793,-2.6045,-7.0194,-9.1099,-523.44,14.324
-3.8536,7.9759,19.819,-1.7572,-13.547,12.625,-0.14041,-2.2263,-6.7484,-8.5266,-511.39,17.408
-4.1079,8.2788,20.04,-1.7262,-13.812,12.76,-0.56158,-1.8789,-6.2643,-7.8671,-499.65,20.479
-3.8696,10.247,21.629,-2.7287,-14.165,14.368,-0.86981,-1.6087,-5.5401,-7.0749,-491.2,22.171
-3.3444,13.098,24.032,-4.2866,-14.547,16.81,-1.1215,-1.4479,-4.6099,-6.1289,-488.04,21.656
-2.8146,15.644,26.285,-5.701,-14.853,19.04,-1.3661,-1.4016,-3.5509,-5.0447,-489.54,19.036
-2.552,16.854,27.463,-6.3425,-15.007,20.143,-1.6286,-1.4455,-2.4548,-3.8722,-492.37,15.281
-2.7374,16.22,27.082,-5.884,-14.991,19.695,-1.9133,-1.535,-1.3979,-2.6852,-492.05,11.78
-3.4116,13.855,25.301,-4.3945,-14.846,17.806,-2.2164,-1.6222,-0.41829,-1.5569,-484.8,9.8366
-4.4573,10.552,22.891,-2.3404,-14.676,15.165,-2.5376,-1.6745,0.4946,-0.5304,-468.64,10.185
-5.6259,7.5678,20.891,-0.43035,-14.629,12.845,-2.8831,-1.6862,1.3941,0.39867,-443.84,12.671
-6.6223,5.9425,20.069,0.70312,-14.85,11.709,-3.2601,-1.6761,2.3569,1.2774,-412.51,16.309
-7.2302,6.0595,20.638,0.75165,-15.413,12,-3.6665,-1.6702,3.4587,2.1732,-377.08,19.678
-7.4152,7.6799,22.227,-0.18857,-16.23,13.41,-4.0799,-1.6777,4.7537,3.1533,-339.42,21.428
-7.3324,10.038,24.035,-1.6237,-17.013,15.28,-4.4547,-1.6745,6.2633,4.2707,-302.14,20.794
-7.237,12.04,25.21,-2.8232,-17.419,16.792,-4.7345,-1.6063,7.9788,5.5528,-269.82,17.953
-7.3345,12.714,25.163,-3.1574,-17.236,17.233,-4.8801,-1.4101,9.8753,6.997,-247,13.934
-7.6393,11.574,23.653,-2.368,-16.393,16.207,-4.8975,-1.0432,11.922,8.5845,-235.42,10.16
-7.9327,8.7736,20.784,-0.65578,-14.88,13.779,-4.8447,-0.50289,14.076,10.309,-233.05,7.9156
-7.8392,5.1564,17.006,1.3448,-12.738,10.546,-4.8069,0.17435,16.279,12.192,-234.86,7.875
-6.9851,2.0123,13.06,2.7832,-10.106,7.4694,-4.8527,0.93478,18.496,14.272,-234.36,9.8289
-5.1859,0.41787,9.7514,2.9937,-7.2606,5.4205,-4.9965,1.738,20.755,16.599,-225.38,12.803
-2.5854,0.79262,7.645,1.7782,-4.5812,4.8163,-5.1805,2.5788,23.144,19.305,-203.65,15.467
0.33345,2.8844,6.8834,-0.53122,-2.4163,5.5906,-5.2895,3.4897,25.753,22.654,-168.1,16.615
2.9057,5.8319,7.2159,-3.1452,-0.96349,7.2625,-5.2018,4.5233,28.594,26.894,-121.54,15.623
4.5515,8.4062,8.1342,-5.1158,-0.23584,9.0469,-4.8588,5.7222,31.563,31.899,-69.893,12.719
5.0017,9.5473,9.0203,-5.7681,-0.087299,10.119,-4.3143,7.0916,34.465,36.996,-20.163,8.8626
4.3751,8.7704,9.2922,-4.9442,-0.26268,9.9194,-3.7222,8.5902,37.106,41.439,21.718,5.3279
3.1241,6.2938,8.6099,-3.0388,-0.47695,8.3506,-3.2643,10.145,39.373,44.979,51.939,3.2454
1.8552,3.0567,7.0837,-0.87267,-0.52139,5.8883,-3.0589,11.685,41.248,47.804,68.207,3.2095
1.0602,0.38446,5.3127,0.66859,-0.39119,3.4734,-3.1013,13.171,42.805,50.225,69.632,5.0583
0.90838,-0.68325,4.1254,1.017,-0.30758,2.0733,-3.2627,14.611,44.181,52.502,58.045,7.9405
1.2199,0.24875,4.1665,0.068902,-0.57993,2.2309,-3.3455,16.046,45.518,54.805,36.57,10.636
1.5875,2.9157,5.6246,-1.8012,-1.4422,3.9283,-3.1681,17.516,46.888,57.181,8.6054,11.984
1.5613,6.3847,8.1768,-3.8275,-2.9418,6.5938,-2.6387,19.023,48.238,59.531,-1.8032,11.321
0.84921,9.3258,11.071,-5.186,-4.8845,9.2286,-1.7812,20.519,49.415,61.631,-0.15415,8.7574
-0.54177,10.663,13.374,-5.3769,-6.8638,10.823,-0.71045,21.914,50.246,63.248,0.44351,5.1044
-2.2959,9.9752,14.35,-4.3482,-8.3996,10.796,0.42351,23.127,50.622,64.253,-0.26399,1.5373
-3.8922,7.5358,13.735,-2.4722,-9.121,9.168,1.4976,24.135,50.532,64.616,-1.386,-0.8292
-4.7648,4.3096,11.832,-0.48393,-8.8772,6.5852,2.4644,24.979,50.055,64.338,-1.8181,-1.3308
-4.4802,1.6424,9.3577,0.7667,-7.7385,4.1002,3.3601,25.741,49.318,63.439,-1.0298,-0.012841
-2.8871,0.57428,7.0951,0.69123,-5.9298,2.6343,4.2633,26.475,48.437,61.973,1.3823,2.368
-0.19432,1.4424,5.5542,-0.82196,-3.7594,2.5781,5.2304,27.159,47.462,60.041,1.467,4.6191
3.0747,3.8972,4.836,-3.3893,-1.5526,3.7509,6.2563,27.689,46.356,57.79,-0.61059,5.5527
6.2476,6.9862,4.6461,-6.2357,0.42285,5.4693,7.2775,27.931,45.015,55.371,-7.1984,4.4694
8.6843,9.4621,4.44,-8.4735,2.0067,6.781,8.2017,27.789,43.336,52.887,-16.853,1.494
9.9273,10.346,3.7131,-9.45,3.1454,6.9098,8.9426,27.266,41.28,50.38,-24.289,-2.4762
9.8494,9.2739,2.2789,-8.9308,3.8496,5.5799,9.4411,26.461,38.879,47.83,-24.826,-6.1684
8.7104,6.5568,0.33657,-7.1343,4.1657,3.0919,9.6621,25.53,36.201,45.154,-12.748,-8.4271
7.0391,3.1265,-1.6863,-4.6947,4.1987,0.21531,9.581,24.596,33.313,42.203,18.505,-8.6268
5.4546,0.18769,-3.3751,-2.478,4.1349,-2.166,9.1799,23.68,30.278,38.788,74.624,-6.9007
4.5189,-1.3486,-4.5042,-1.2582,4.1859,-3.477,8.4579,22.706,27.14,34.751,158.03,-4.0945
4.5927,-1.1578,-5.0842,-1.4479,4.4966,-3.6071,7.4515,21.549,23.932,30.11,266.08,-1.4472
5.6861,0.50906,-5.3027,-2.9753,5.0924,-2.8442,6.2572,20.117,20.698,25.223,390.97,-0.1102
7.4205,2.9004,-5.4021,-5.262,5.8707,-1.7331,5.0309,18.409,17.52,20.688,521.84,-0.66172
9.1575,4.9835,-5.5613,-7.3809,6.6306,-0.8704,3.9442,16.526,14.502,16.969,648.06,-2.8314
10.226,5.8583,-5.8437,-8.4541,7.1412,-0.69398,3.1256,14.62,11.729,14.174,761.98,-5.6333
10.19,5.0825,-6.2159,-8.0103,7.2305,-1.3622,2.6213,12.83,9.2329,12.139,860.09,-7.8096
9.0359,2.7961,-6.591,-6.1188,6.8537,-2.7196,2.3808,11.229,6.9843,10.59,942.42,-8.3276
7.1482,-0.25641,-6.8687,-3.4182,6.1109,-4.3439,2.2784,9.8142,4.9057,9.2489,1011.1,-6.7687
5.1729,-2.9857,-6.9739,-0.91165,5.2098,-5.7186,2.1726,8.5188,2.8964,7.9042,1069,-3.4974
3.7795,-4.5201,-6.8847,0.53924,4.3885,-6.4654,1.9765,7.2498,0.86231,6.4491,1118.4,0.45621
3.3761,-4.5498,-6.6318,0.56851,3.8201,-6.4714,1.7058,5.9237,-1.2598,4.8923,1161.6,3.7572
3.9305,-3.3133,-6.2769,-0.65082,3.5408,-5.883,1.4902,4.4945,-3.4931,3.3347,1200.6,5.2594
5.014,-1.4742,-5.8953,-2.4828,3.4465,-5.0325,1.5318,2.9706,-5.8296,1.9203,1237.9,4.4798
6.0145,0.10731,-5.5758,-4.0651,3.3698,-4.3282,2.0157,1.4196,-8.2415,0.77426,1275.7,1.8092
6.3984,0.69905,-5.4295,-4.6828,3.1864,-4.1308,3.0164,-0.053501,-10.677,-0.056484,1315.1,-1.7074
5.9297,-0.065833,-5.5848,-4.0223,2.8916,-4.6536,4.4492,-1.3571,-13.062,-0.64083,1356.6,-4.8402
4.7534,-2.0967,-6.1607,-2.2341,2.6114,-5.9069,6.0889,-2.4633,-15.351,-1.1574,1398.8,-6.6398
3.3206,-4.858,-7.2262,0.10904,2.5481,-7.6981,7.642,-3.427,-17.609,-1.8339,1440.3,-6.7477
2.2083,-7.5662,-8.7671,2.2253,2.8901,-9.7031,8.8347,-4.3653,-20.038,-2.8579,1479.2,-5.4753
1.9016,-9.5584,-10.675,3.4989,3.7344,-11.592,9.4858,-5.4094,-22.927,-4.3173,1514.1,-3.6222
2.5852,-10.569,-12.765,3.7382,5.0386,-13.157,9.5491,-6.6463,-26.541,-6.2084,1544.7,-2.0888
4.0284,-10.789,-14.813,3.1933,6.6091,-14.385,9.1287,-8.0772,-30.904,-8.5103,1572,-1.4869
13.197,-15.63,-28.253,0.58235,19.642,-23.76,13.724,-19.245,-50.64,-24.904,1597.1,13.799
16.515,-13.124,-29.243,-2.0023,22.162,-22.79,9.8422,-23.413,-54.147,-29.103,1622.9,-10.69
17.257,-12.238,-29.278,-2.3978,22.966,-22.215,8.5095,-25.756,-55.222,-29.554,1651,-38.235
15.383,-13.758,-29.107,-0.3037,22.306,-22.836,9.9215,-25.922,-54.369,-27.323,1682.2,-61.419
11.281,-17.716,-29.145,4.0202,20.512,-24.847,13.17,-24.362,-52.757,-24.352,1716,-74.137
5.7351,-23.384,-29.451,9.7882,17.961,-27.84,16.478,-22.149,-51.87,-22.779,1750.6,-73.334
-0.079957,-29.57,-30.007,15.845,15.202,-31.129,17.723,-20.638,-53.056,-24.339,1783.7,-59.493
-4.9075,-35.136,-30.932,21.063,12.904,-34.151,15.208,-20.962,-57.071,-29.887,1813.3,-35.769
-8.056,-39.518,-32.354,24.88,11.494,-36.685,8.5186,-23.485,-63.756,-39.084,1839.1,-6.39
-9.9014,-42.952,-34.131,27.622,10.798,-38.827,-0.9716,-27.532,-72.048,-50.437,1862.7,24.731
