I,II,III,aVR,aVL,aVF,V1,V2,V3,V4,V5,V6
35.288,-11.451,-6.876,-6.4567,4.7919,5.5605,20.874,120.07,164.29,494.74,238.49,57.378
62.663,16.621,-6.3751,-33.604,17.925,19.156,11.199,119.42,167.65,499.43,240.53,67.586
91.502,43.396,-8.6324,-60.929,33.189,30.8,2.9347,119.69,172.18,506.18,244.61,79.065
122.16,67.64,-15.238,-88.077,51.596,39.113,-3.1369,121.5,178.55,516.17,251.96,92.611
153.82,88.193,-26.537,-114.13,72.952,43.311,-6.9841,125.04,186.79,529.37,262.66,108.23
185.33,104.61,-41.812,-138.29,96.333,43.475,-9.253,130.02,196.28,544.44,275.54,125.11
215.83,117.3,-59.805,-160.31,120.68,40.41,-10.941,135.68,206,559.25,288.68,141.88
244.64,126.8,-79.29,-179.98,145.03,35.031,-13.087,140.86,214.74,571.55,300.01,157.04
270.83,132.96,-99.504,-196.6,168.55,27.7,-16.661,144.15,221.2,579.5,307.86,169.27
293.39,134.88,-120.32,-209.08,190.66,18.08,-22.475,144.11,224.18,582.07,311.23,177.64
311.62,131.89,-141.72,-216.67,210.98,5.8417,-30.752,139.99,223.06,579.41,310.21,182.03
289.9,118.48,-127.64,-203.11,196.6,27.513,-19.886,136.18,217.41,549.65,334.63,169.53
296.71,129.22,-139.22,-214.3,201.04,29.956,-21.782,136.12,221.93,550.76,340.17,178.59
296.04,138.17,-139.86,-221.85,196.24,32.685,-23.254,135.43,225.88,551.72,345.42,187.21
288.94,145.22,-128.51,-224.56,185.2,36.238,-24.201,133.93,228.69,552.91,350.02,195.44
278.49,150.28,-105.7,-222.67,170.56,40.805,-24.654,131.42,229.54,554.38,353.38,203.48
266.71,153.26,-73.145,-217.7,153.37,46.277,-24.732,127.82,227.8,555.57,354.75,211.64
254.42,154.21,-35.671,-211.11,134.81,52.231,-24.586,123.17,223.44,555.25,353.47,219.96
241.97,153.27,-1.506,-203.72,116.61,57.935,-24.345,117.64,217,552.22,349.26,227.15
229.49,150.68,21.673,-195.77,100.81,62.539,-24.089,111.43,209.14,546.24,342.17,230.87
217,146.59,30.7,-187.15,88.947,65.407,-23.82,104.77,200.33,538.14,332.51,229.77
204.45,141.16,27.121,-177.68,81.345,66.334,-23.481,97.883,190.78,528.82,320.61,224.28
191.82,134.6,16.279,-167.3,77.092,65.518,-23.01,90.947,180.66,518.51,306.94,215.75
179.18,127.18,5.1559,-156.12,74.249,63.371,-22.383,84.066,170.12,506.77,292.07,205.67
166.82,119.09,-2.8352,-144.46,70.747,60.271,-21.619,77.194,159.3,492.8,276.49,195.07
155.04,110.41,-8.5922,-132.7,65.489,56.408,-20.764,70.151,148.22,476.01,260.44,184.31
144,101.17,-12.654,-121.04,58.063,51.981,-19.872,62.705,136.76,456.05,243.87,173.31
133.52,91.456,-14.638,-109.48,49.241,47.493,-18.968,54.701,124.72,432.99,226.68,161.92
123.13,81.387,-14.124,-97.807,40.884,43.588,-18.025,46.189,111.97,408.86,208.81,150.1
112.42,71.167,-11.214,-85.808,33.56,40.461,-16.978,37.438,98.404,387.89,190.46,137.94
101.27,61.087,-6.8585,-73.578,27.03,37.557,-15.756,28.803,84.073,371.42,172.11,125.52
89.801,51.435,-2.4837,-61.656,21.26,33.976,-14.336,20.559,69.28,354.8,154.33,112.88
78.253,42.287,0.68672,-50.78,16.365,29.253,-12.762,12.859,54.747,331.9,137.48,99.949
66.806,33.476,2.0793,-41.402,12.293,23.663,-11.126,5.7775,41.356,299.15,121.55,86.812
55.58,24.779,1.8379,-33.483,8.7677,17.707,-9.5106,-0.64326,29.629,256.59,106.25,73.848
44.733,16.111,0.60463,-26.685,5.5187,11.761,-7.9355,-6.3886,19.561,207.55,91.213,61.667
34.609,7.5629,-0.80213,-20.629,2.5363,6.2021,-6.3586,-11.481,10.873,157.36,76.168,50.726
25.788,-0.64907,-1.7072,-15.011,0.038281,1.4313,-4.7116,-15.98,3.2738,111.9,61.12,41.086
18.846,-8.3062,-1.7938,-9.6274,-1.8676,-2.3729,-2.9489,-19.97,-3.4419,76.164,46.346,32.521
13.887,-15.291,-1.1454,-4.3919,-3.3258,-5.4305,-1.0808,-23.538,-9.4045,52.882,32.273,24.766
10.475,-21.578,-0.23487,0.6567,-4.4815,-8.2288,0.82888,-26.752,-14.691,40.956,19.358,17.672
8.0785,-27.162,0.063912,5.3721,-5.2147,-11.242,2.6903,-29.655,-19.344,34.748,7.9604,11.219
6.4245,-32.042,-1.3609,9.5835,-5.1357,-14.727,4.4157,-32.262,-23.396,25.544,-1.7872,5.4544
5.4481,-36.254,-5.3442,13.194,-3.8434,-18.688,5.9385,-34.581,-26.893,9.3003,-9.938,0.41633
5.0972,-39.868,-11.968,16.218,-1.2536,-22.955,7.2247,-36.627,-29.907,-5.913,-16.628,-3.9008
5.2006,-42.953,-20.442,18.758,2.2475,-27.245,8.275,-38.429,-32.525,-15.189,-22.044,-7.5393
5.458,-45.533,-29.254,20.943,5.899,-31.186,9.1161,-40.028,-34.826,-20.572,-26.413,-10.555
5.5212,-47.598,-36.64,22.89,8.8297,-34.374,9.7872,-41.459,-36.861,-23.802,-29.952,-13
5.1084,-49.153,-41.191,24.678,10.365,-36.497,10.329,-42.731,-38.643,-25.698,-32.833,-14.91
4.0882,-50.247,-42.28,26.34,10.245,-37.45,10.775,-43.815,-40.139,-26.708,-35.172,-16.32
2.4899,-50.971,-40.264,27.879,8.6588,-37.345,11.145,-44.656,-41.299,-27.139,-37.037,-17.274
0.44443,-51.425,-36.275,29.284,6.122,-36.42,11.445,-45.196,-42.082,-27.233,-38.474,-17.845
-1.898,-51.698,-31.536,30.554,3.2756,-34.947,11.687,-45.406,-42.485,-27.163,-39.524,-18.133
-4.4351,-51.867,-26.825,31.71,0.63904,-33.212,11.907,-45.312,-42.548,-27.029,-40.221,-18.248
-7.1424,-52.004,-22.354,32.797,-1.6461,-31.484,12.156,-44.992,-42.357,-26.866,-40.593,-18.304
-10.056,-52.165,-17.94,33.865,-3.94,-29.94,12.463,-44.577,-42.035,-26.681,-40.655,-18.399
-13.222,-52.377,-13.287,34.954,-6.8311,-28.648,12.802,-44.224,-41.726,-26.499,-40.426,-18.607
-16.641,-52.629,-8.0264,36.073,-10.606,-27.578,13.142,-44.083,-41.564,-26.367,-39.944,-18.978
-20.243,-52.868,-1.9224,37.198,-15.06,-26.628,13.53,-44.246,-41.63,-26.341,-39.255,-19.537
-23.888,-53.028,4.8465,38.287,-19.766,-25.663,14.084,-44.719,-41.929,-26.451,-38.41,-20.3
-27.388,-53.081,11.777,39.302,-24.315,-24.584,14.89,-45.418,-42.401,-26.688,-37.456,-21.28
-30.524,-53.082,18.183,40.229,-28.287,-23.434,15.896,-46.205,-42.947,-27.015,-36.441,-22.484
-33.08,-53.149,23.197,41.084,-31.197,-22.436,16.896,-46.934,-43.471,-27.383,-35.423,-23.904
-34.877,-53.414,25.863,41.9,-32.585,-21.927,17.604,-47.509,-43.915,-27.758,-34.47,-25.525
-35.817,-53.963,25.472,42.704,-32.198,-22.218,17.748,-47.916,-44.271,-28.136,-33.654,-27.329
-35.913,-54.804,21.87,43.494,-30.132,-23.478,17.147,-48.22,-44.58,-28.54,-33.023,-29.304
-35.304,-55.861,15.651,44.229,-26.88,-25.652,15.753,-48.52,-44.899,-29.008,-32.592,-31.45
-34.255,-56.99,8.1438,44.843,-23.259,-28.418,13.659,-48.902,-45.275,-29.57,-32.346,-33.769
-33.107,-58.009,1.0149,45.269,-20.144,-31.226,11.067,-49.394,-45.724,-30.229,-32.251,-36.248
-32.168,-58.753,-4.3015,45.46,-18.171,-33.499,8.2484,-49.956,-46.22,-30.95,-32.243,-38.843
-31.6,-59.126,-7.0007,45.404,-17.595,-34.856,5.5306,-50.49,-46.699,-31.666,-32.237,-41.478
-31.354,-59.133,-6.9925,45.127,-18.219,-35.223,3.3277,-50.88,-47.082,-32.299,-32.148,-44.054
-31.201,-58.88,-5.0437,44.687,-19.393,-34.816,2.0673,-51.047,-47.303,-32.789,-31.922,-46.49
-30.834,-58.527,-2.6506,44.165,-20.226,-34.03,1.9119,-50.97,-47.335,-33.106,-31.554,-48.765
-29.976,-58.229,-1.4421,43.639,-19.959,-33.31,2.5339,-50.681,-47.185,-33.255,-31.077,-50.923
-28.471,-58.078,-2.5759,43.148,-18.248,-33.022,3.3376,-50.246,-46.887,-33.261,-30.547,-53.037
-26.342,-58.078,-6.144,42.671,-15.244,-33.329,3.9247,-49.724,-46.49,-33.166,-30.01,-55.142
-23.831,-58.125,-11.045,42.14,-11.55,-34.103,4.2596,-49.154,-46.043,-33.004,-29.487,-57.171
-21.382,-58.044,-15.505,41.501,-8.1086,-34.919,4.5576,-48.53,-45.567,-32.796,-28.946,-58.946
-19.532,-57.674,-17.805,40.768,-5.9417,-35.246,5.1428,-47.809,-45.035,-32.532,-28.318,-60.242
-18.736,-56.97,-16.868,40.034,-5.7995,-34.723,6.2747,-46.947,-44.398,-32.2,-27.544,-60.937
-19.209,-56.037,-12.569,39.435,-7.9011,-33.318,7.9906,-45.958,-43.641,-31.814,-26.627,-61.117
-20.84,-55.083,-5.8234,39.081,-11.838,-31.341,10.088,-44.928,-42.817,-31.425,-25.65,-61.063
-23.207,-54.333,1.6228,39.018,-16.639,-29.327,12.256,-43.986,-42.026,-31.109,-24.738,-61.13
-25.709,-53.943,7.6985,39.22,-21.05,-27.831,14.24,-43.23,-41.358,-30.924,-24.002,-61.583
-27.768,-53.958,10.815,39.598,-23.994,-27.239,15.913,-42.669,-40.845,-30.867,-23.49,-62.482
-28.998,-54.3,10.469,40.038,-24.891,-27.651,17.265,-42.219,-40.445,-30.861,-23.17,-63.634
-29.26,-54.8,7.2807,40.416,-23.745,-28.831,18.356,-41.749,-40.063,-30.774,-22.951,-64.672
-28.647,-55.238,2.5737,40.628,-21.111,-30.293,19.291,-41.142,-39.597,-30.452,-22.719,-65.215
-27.425,-55.426,-2.1568,40.616,-17.852,-31.489,20.183,-40.345,-38.976,-29.757,-22.376,-65.069
-25.96,-55.276,-5.6375,40.389,-14.809,-32.018,21.113,-39.376,-38.176,-28.583,-21.869,-64.296
-24.624,-54.823,-7.2027,40.022,-12.577,-31.742,22.105,-38.299,-37.223,-26.847,-21.196,-63.151
-23.708,-54.201,-6.861,39.624,-11.455,-30.795,23.148,-37.19,-36.17,-24.481,-20.395,-61.941
-23.357,-53.555,-5.0209,39.294,-11.45,-29.464,24.259,-36.091,-35.068,-21.413,-19.512,-60.903
-23.541,-52.969,-2.3571,39.08,-12.302,-28.025,25.523,-34.987,-33.931,-17.564,-18.565,-60.129
-24.082,-52.435,0.34181,38.965,-13.593,-26.634,27.087,-33.803,-32.728,-12.871,-17.53,-59.561
-24.771,-51.876,2.5776,38.877,-14.951,-25.324,29.107,-32.443,-31.392,-7.3113,-16.354,-59.019
-25.468,-51.169,4.4402,38.727,-16.171,-23.98,31.685,-30.82,-29.853,-0.91399,-14.98,-58.27
-26.113,-50.176,6.4467,38.443,-17.241,-22.373,34.824,-28.884,-28.066,6.2432,-13.375,-57.139
-26.679,-48.79,9.1859,37.97,-18.282,-20.265,38.403,-26.626,-26.025,14.039,-11.549,-55.589
-27.146,-46.957,13.044,37.269,-19.442,-17.521,42.207,-24.062,-23.755,22.302,-9.5456,-53.714
-27.496,-44.688,18.013,36.318,-20.807,-14.175,46.015,-21.209,-21.296,30.819,-7.4266,-51.659
-27.712,-42.057,23.668,35.127,-22.363,-10.422,49.662,-18.055,-18.676,39.371,-5.2371,-49.53
-27.777,-39.178,29.383,33.741,-23.995,-6.5409,53.053,-14.558,-15.899,47.774,-2.9914,-47.361
-27.666,-36.153,34.6,32.219,-25.494,-2.757,56.173,-10.686,-12.963,55.879,-0.68368,-45.134
-27.328,-33,38.97,30.604,-26.597,0.87184,59.116,-6.4778,-9.8935,63.528,1.6773,-42.844
-26.685,-29.628,42.338,28.874,-27.055,4.4577,62.083,-2.1067,-6.7792,70.476,4.0315,-40.543
-25.634,-25.868,44.633,26.937,-26.719,8.1623,65.377,2.1148,-3.7863,76.349,6.2537,-38.333
-24.074,-21.567,45.792,24.649,-25.588,12.043,69.391,5.8066,-1.1282,80.688,8.1769,-36.328
-21.972,-16.699,45.847,21.889,-23.819,15.986,74.584,8.6456,0.99909,83.097,9.6469,-34.615
-19.404,-11.443,45.067,18.648,-21.702,19.76,81.238,10.479,2.4879,83.419,10.583,-33.238
-16.572,-6.1732,43.917,15.075,-19.587,23.146,88.903,11.357,3.3522,81.897,11.014,-32.191
-13.753,-1.32,42.908,11.475,-17.795,26.033,96.24,11.464,3.7014,79.179,11.058,-31.421
-11.244,2.8053,42.442,8.2123,-16.533,28.451,101.67,10.992,3.6794,76.049,10.88,-30.838
-9.2785,6.1272,42.722,5.5718,-15.835,30.552,103.78,10.042,3.4107,73.03,10.638,-30.347
-7.9267,8.8083,43.717,3.6404,-15.553,32.543,101.57,8.6145,2.9761,70.266,10.466,-29.86
-7.0473,11.159,45.179,2.2825,-15.418,34.6,94.586,6.67,2.409,67.704,10.467,-29.318
-6.3879,13.501,46.678,1.2294,-15.157,36.781,83.131,4.1946,1.7014,65.267,10.706,-28.688
-5.7619,16.026,47.711,0.22454,-14.614,38.979,68.277,1.2186,0.81327,62.879,11.192,-27.964
-5.1627,18.724,47.995,-0.86215,-13.836,40.972,51.519,-2.2033,-0.31539,60.391,11.854,-27.167
-4.7625,21.394,47.694,-2.0057,-13.103,42.563,34.482,-6.0137,-1.7457,57.543,12.549,-26.335
-4.8213,23.762,47.331,-3.0855,-12.868,43.732,18.795,-10.151,-3.5144,54.075,13.118,-25.51
-5.5632,25.642,47.623,-3.9815,-13.614,44.67,5.882,-14.528,-5.6041,49.93,13.486,-24.723
-7.0768,27.04,49.422,-4.6375,-15.694,45.687,-3.2972,-19.005,-7.9275,45.389,13.727,-23.958
-9.2583,28.108,53.416,-5.0588,-19.151,47.047,-8.325,-23.398,-10.343,40.934,14.021,-23.154
-11.801,29.006,59.387,-5.2669,-23.559,48.803,-9.1776,-27.504,-12.698,36.981,14.526,-22.241
-14.247,29.775,65.962,-5.262,-28.019,50.749,-6.7059,-31.138,-14.868,33.725,15.275,-21.2
-16.052,30.311,71.353,-5.0239,-31.376,52.499,-3.3163,-34.171,-16.781,31.154,16.154,-20.08
-16.686,30.411,74.15,-4.532,-32.61,53.649,-1.2033,-36.556,-18.414,29.121,16.952,-18.983
-15.851,29.846,73.619,-3.7613,-31.201,53.906,-0.57017,-38.337,-19.782,27.394,17.453,-18.019
-13.67,28.414,69.77,-2.6621,-27.286,53.147,-0.86956,-39.627,-20.927,25.715,17.516,-17.263
-10.669,25.987,63.382,-1.1755,-21.636,51.409,-1.7164,-40.573,-21.907,23.871,17.109,-16.737
-7.6338,22.55,55.919,0.71469,-15.545,48.814,-2.8079,-41.322,-22.79,21.759,16.28,-16.427
-5.417,18.207,49.105,2.9533,-10.545,45.441,-3.8746,-41.999,-23.641,19.403,15.104,-16.322
-4.7136,13.171,44.31,5.4395,-7.8975,41.28,-4.7199,-42.689,-24.515,16.905,13.628,-16.436
-5.8655,7.7052,42.361,8.0807,-8.2629,36.349,-5.2395,-43.439,-25.461,14.352,11.855,-16.821
-8.751,2.0115,43.296,10.834,-11.595,30.84,-5.4053,-44.268,-26.518,11.718,9.7343,-17.545
-12.825,-3.8601,45.718,13.717,-16.956,24.974,-5.2112,-45.167,-27.703,8.8708,7.1726,-18.666
-17.337,-9.9832,47.189,16.778,-22.689,18.731,-4.6522,-46.105,-29.003,5.6983,4.088,-20.197
-21.553,-16.403,45.932,20.04,-27.147,11.902,-3.8048,-47.029,-30.36,2.2352,0.52395,-22.08
-24.827,-22.977,41.556,23.426,-29.223,4.479,-2.9031,-47.884,-31.691,-1.3386,-3.3082,-24.178
-26.681,-29.329,34.61,26.744,-28.425,-3.0304,-2.2371,-48.64,-32.913,-4.8122,-7.1191,-26.32
-26.955,-35.008,25.823,29.74,-24.903,-9.8816,-1.9552,-49.301,-33.975,-8.0423,-10.668,-28.35
-25.877,-39.718,15.938,32.202,-19.469,-15.648,-1.9975,-49.904,-34.87,-10.978,-13.83,-30.165
-24.001,-43.425,6.1855,34.053,-13.455,-20.311,-2.201,-50.499,-35.626,-13.642,-16.59,-31.731
-22.081,-46.275,-1.904,35.379,-8.3851,-23.991,-2.4136,-51.126,-36.294,-16.096,-18.986,-33.076
-20.892,-48.468,-7.0805,36.385,-5.5166,-26.763,-2.5351,-51.808,-36.932,-18.411,-21.059,-34.255
-21.013,-50.173,-8.5375,37.293,-5.5352,-28.638,-2.513,-52.55,-37.585,-20.634,-22.816,-35.312
-22.629,-51.505,-5.9962,38.235,-8.4719,-29.64,-2.3297,-53.355,-38.274,-22.764,-24.238,-36.259
-25.407,-52.54,-0.13775,39.207,-13.614,-29.9,-2.0123,-54.21,-38.99,-24.743,-25.307,-37.081
-28.594,-53.34,7.1063,40.106,-19.592,-29.702,-1.6528,-55.089,-39.693,-26.493,-26.034,-37.746
-31.37,-53.971,13.343,40.818,-24.873,-29.429,-1.4053,-55.953,-40.329,-27.954,-26.471,-38.226
-33.16,-54.514,16.905,41.294,-28.298,-29.447,-1.4355,-56.778,-40.859,-29.109,-26.701,-38.509
-33.706,-55.049,17.123,41.566,-29.235,-30.008,-1.8335,-57.564,-41.275,-29.985,-26.806,-38.604
-33.029,-55.636,14.007,41.711,-27.549,-31.198,-2.546,-58.339,-41.598,-30.629,-26.849,-38.521
-31.367,-56.301,8.1587,41.818,-23.643,-32.947,-3.3763,-59.118,-41.852,-31.093,-26.859,-38.259
-29.09,-57.037,0.62545,41.952,-18.366,-35.064,-4.0514,-59.855,-42.027,-31.407,-26.836,-37.808
-26.62,-57.8,-7.3302,42.135,-12.722,-37.301,-4.3181,-60.375,-42.048,-31.56,-26.773,-37.185
-24.385,-58.525,-14.58,42.34,-7.6692,-39.41,-4.0117,-60.341,-41.743,-31.49,-26.671,-36.463
-22.797,-59.135,-20.334,42.498,-4.0123,-41.184,-3.0595,-59.255,-40.832,-31.065,-26.529,-35.737
-22.154,-59.56,-24.103,42.513,-2.2579,-42.487,-1.4511,-56.627,-38.95,-30.054,-26.301,-35.051
-22.443,-59.749,-25.744,42.288,-2.3895,-43.261,0.70914,-53.369,-35.982,-28.103,-25.848,-34.314
-23.272,-59.662,-25.648,41.727,-3.4027,-43.511,2.7333,-65.251,-36.194,-25.199,-24.882,-33.268
-24.583,-59.21,-24.335,40.728,-3.0031,-43.256,-1.4882,-91.411,-68.446,-29.79,-22.894,-31.503
-30.793,-58.191,-21.61,39.68,-4.0526,-42.478,-13.646,-97.26,-80.892,-65.515,-19.814,-28.876
-44.629,-56.475,-18.277,43.836,-11.001,-41.103,-16.691,-104.2,-85.684,-71.674,-32.428,-33.731
-51.037,-57.371,-16.438,58.493,-15.276,-39.221,-18.345,-109.62,-88.463,-72.653,-50.443,-58.353
-49.981,-74.079,-16.94,62.549,-14.376,-38.941,-17.74,-107.57,-84.137,-68.713,-51.354,-60.689
-40.271,-77.593,-20.736,57.777,-7.1587,-54.549,-12.446,-90.2,-65.907,-54.934,-50.749,-60.129
-19.887,-71.437,-34.884,45.131,8.8924,-61.337,1.039,-47.565,-26.433,-25.646,-45.732,-55.087
12.543,-60.622,-60.221,23.445,35.765,-66.321,26.584,31.6,41.528,24.416,-31.905,-41.56
58.634,-43.958,-91.437,-8.0689,73.343,-71.78,66.196,153.4,144.43,100.38,-4.5423,-15.332
119.56,-18.652,-126.71,-51.079,119.45,-74.273,119.07,314.49,283.41,208.04,42.479,29.49
192.92,20.519,-160.19,-108.91,169.45,-67.778,181.08,502.12,451.76,349.39,117.79,101.57
273.17,80.588,-181.15,-183.04,217.7,-44.737,245.42,695.25,638.73,522.68,227.79,208.76
354.03,170.09,-174.85,-270.73,257.01,-0.85906,304.32,866.91,830.5,723.93,375.19,355.53
428.69,292.55,-133.59,-366.53,279.16,66.653,349.48,988.36,1010,944.94,558.21,540.39
489.6,435.02,-56.959,-465.22,277.24,170.44,370.84,1034.4,1158.4,1171.2,768.01,753.14
528.42,585.56,51.137,-558,247.52,305,359.84,989.23,1256.3,1380.1,985.68,973.41
536.59,728.92,183.72,-631.46,189.38,442.7,314.46,849.9,1285.4,1539.6,1181.4,1170.7
506.83,840.9,326.01,-670.11,105.45,569.82,240.62,626.78,1229.3,1612.2,1317.8,1307.8
435.6,896.37,455.9,-660.33,2.9566,663.51,149.06,339.17,1075.6,1562.6,1358.4,1348.2
325.77,877.04,551.97,-594.92,-106.07,703.57,49.167,10.305,820.1,1368.3,1278.3,1266.8
187.8,778.75,600.37,-476.96,-207.36,680.1,-54.461,-335.61,473.79,1032,1075.1,1061.4
38.422,614.98,597.92,-321.02,-288.65,597.66,-161.03,-673.82,67.799,589.31,774.07,758.06
-103.38,414.23,552.47,-150.56,-342.91,474.29,-269.82,-978.44,-348.69,104.64,425.21,407.61
-221.1,211.56,479.71,8.2804,-368.54,335.12,-376.21,-1223.5,-719.22,-345.07,88.562,70.998
-304.02,37.97,397.08,134.1,-368.03,204.02,-470.33,-1386.8,-995.57,-693.38,-183.9,-199.65
-348.09,-87.558,317.46,215.62,-346.86,96.981,-539.71,-1455.2,-1150.5,-902.81,-362.21,-375.09
-355.38,-160.83,246.36,252.99,-311.97,21.092,-573.9,-1428.2,-1182.8,-971.29,-442.81,-452.99
-332.61,-190.13,184.15,254.82,-269.58,-25.487,-568.08,-1319.1,-1113.2,-925.78,-444.17,-452.81
-289.5,-190.23,130.48,233.14,-224.02,-50.561,-524.7,-1151.9,-975.74,-808.05,-396.3,-404.68
-236.64,-175.35,85.057,199.61,-177.86,-62.515,-452.76,-955.53,-806.99,-659.62,-327.78,-336.79
-183.45,-155.32,47.389,163.66,-133.48,-67.519,-365.13,-756.98,-637.37,-512.01,-258.39,-268.47
-136.61,-135.85,19.124,131.22,-93.987,-69.044,-274.74,-576.51,-486.63,-383.82,-198.96,-209.97
-99.932,-110.54,-0.17541,103.57,-62.243,-68.437,-192.01,-425.88,-363.79,-282.33,-153.24,-164.93
-74.425,-72.68,-12.459,84.998,-39.092,-57.863,-123.78,-308.69,-270.08,-207.61,-120.63,-132.93
-58.708,-65.713,-18.851,74.07,-23.848,-36.222,-72.485,-223.04,-202.27,-155.5,-97.351,-110.25
-49.163,-64.633,-19.914,67.672,-14.926,-33.513,-38.412,-164.45,-155.06,-120.56,-80.879,-95.683
-43.242,-63.564,-11.91,63.362,-10.863,-33.199,-19.593,-126.48,-122.8,-97.168,-70.461,-86.883
-39.731,-61.909,-4.647,59.098,-10.364,-32.984,-8.6883,-102.31,-100.47,-80.123,-62.238,-80.437
-36.915,-60,-3.7337,53.55,-10.038,-32.928,-0.59543,-86.523,-84.763,-66.975,-54.139,-75.081
-31.046,-58.214,-4.7116,47.579,-8.6308,-33.083,2.2079,-78.537,-74.127,-56.234,-45.326,-66.86
-25.612,-56.727,-5.5709,43.135,-8.8049,-33.328,2.4929,-71.2,-65.35,-47.715,-36.965,-55.714
-23.389,-55.514,-5.5547,40.435,-9.922,-33.452,1.2538,-65.702,-58.142,-37.554,-32.322,-47.997
-22.757,-54.462,-4.4526,38.771,-11.472,-33.292,0.077854,-59.035,-46.918,-29.058,-29.84,-43.557
-22.63,-53.468,-2.5404,37.59,-13.142,-32.828,4.663,-49.017,-37.002,-24.661,-28.222,-40.882
-22.444,-52.501,-0.54222,36.605,-14.55,-32.183,7.2658,-43.627,-32.082,-21.552,-26.971,-39.083
-21.838,-51.599,0.57067,35.714,-15.173,-31.566,8.4685,-40.231,-28.869,-18.968,-25.871,-37.682
-20.573,-50.836,-0.0023677,34.906,-14.468,-31.171,9.1659,-37.393,-26.239,-16.611,-24.801,-36.402
-18.574,-50.255,-2.5195,34.186,-12.177,-31.084,9.6225,-34.649,-23.778,-14.273,-23.673,-35.066
-15.978,-49.825,-6.5695,33.531,-8.5397,-31.229,9.8552,-31.792,-21.276,-11.805,-22.403,-33.546
-13.141,-49.427,-11.161,32.899,-4.2626,-31.37,9.8259,-28.741,-18.626,-9.1126,-20.907,-31.74
-10.575,-48.888,-14.982,32.255,-0.36597,-31.189,9.568,-25.507,-15.8,-6.1585,-19.109,-29.573
-8.8353,-48.039,-16.794,31.584,2.0957,-30.401,9.1983,-22.167,-12.824,-2.9493,-16.964,-27.008
-8.3589,-46.768,-15.842,30.88,2.3843,-28.871,8.8703,-18.796,-9.7498,0.48975,-14.467,-24.058
-9.2944,-45.054,-12.062,30.129,0.26405,-26.672,8.7783,-15.418,-6.6126,4.1461,-11.644,-20.771
-11.419,-42.974,-6.0001,29.292,-4.0147,-24.065,9.1401,-11.987,-3.4025,8.038,-8.5295,-17.201
-14.204,-40.672,1.4179,28.312,-9.749,-21.38,10.095,-8.4204,-0.077172,12.205,-5.1594,-13.385
-16.991,-38.299,9.0529,27.129,-15.885,-18.873,11.606,-4.6719,3.4019,16.675,-1.5806,-9.3493
-19.163,-35.931,15.765,25.702,-21.309,-16.639,13.444,-0.76526,7.0378,21.436,2.1378,-5.127
-20.219,-33.527,20.67,24.005,-25.087,-14.62,15.254,3.2164,10.795,26.437,5.9121,-0.76547
-19.768,-30.962,23.305,21.988,-26.547,-12.691,16.69,7.1804,14.622,31.623,9.6684,3.6801
-17.593,-28.129,23.633,19.58,-25.42,-10.762,17.53,11.074,18.485,36.985,13.366,8.1671
-13.794,-25.026,21.931,16.755,-21.949,-8.8436,17.753,14.904,22.39,42.585,17.006,12.683
-8.8283,-21.757,18.729,13.582,-16.795,-7.0402,17.516,18.725,26.39,48.548,20.623,17.254
-3.377,-18.475,14.684,10.203,-10.872,-5.4873,17.077,22.611,30.588,55.018,24.279,21.937
1.8661,-15.265,10.444,6.7653,-5.162,-4.2715,16.666,26.613,35.133,62.082,28.079,26.818
6.403,-12.063,6.6247,3.3281,-0.51427,-3.3628,16.412,30.734,40.205,69.715,32.181,32.015
10.055,-8.6461,3.7535,-0.18024,2.5824,-2.5994,16.301,34.912,45.985,77.758,36.794,37.674
12.988,-4.7234,2.1137,-3.9261,4.1779,-1.7592,16.215,39.014,52.581,85.965,42.101,43.917
15.645,-0.09171,1.5822,-8.0569,4.8524,-0.68923,16.007,42.873,59.938,94.081,48.104,50.746
18.647,5.2133,1.6568,-12.581,5.5033,0.58517,15.57,46.361,67.818,101.94,54.521,57.948
22.712,10.872,1.7055,-17.34,7.0476,1.8477,14.839,49.474,75.906,109.51,60.885,65.165
28.567,16.395,1.2678,-22.125,10.119,2.8071,13.787,52.367,83.985,116.89,66.852,72.13
36.604,21.358,0.23856,-26.816,14.821,3.2995,12.429,55.331,92.03,124.27,72.434,78.875
46.356,25.587,-1.1391,-31.411,20.718,3.4448,10.829,58.707,100.18,131.93,78.005,85.748
56.586,29.198,-2.4453,-35.927,27.115,3.6243,9.0651,62.795,108.64,140.15,84.11,93.256
66.22,32.503,-3.3313,-40.365,33.355,4.2896,7.1925,67.789,117.55,149.23,91.196,101.84
74.983,35.85,-3.7397,-44.802,39.028,5.7432,5.2208,73.714,126.98,159.37,99.404,111.67
83.257,39.486,-3.9857,-49.461,44.141,8.0254,3.1284,80.403,136.87,170.7,108.6,122.6
91.698,43.493,-4.6404,-54.718,49.143,10.926,0.89179,87.541,147.09,183.23,118.6,134.23
100.91,47.828,-6.27,-61.04,54.726,14.065,-1.5012,94.794,157.54,196.87,129.34,146.21
111.21,52.424,-9.1631,-68.895,61.512,17.024,-4.0363,101.95,168.16,211.48,140.75,158.37
122.39,57.277,-13.149,-78.517,69.747,19.505,-6.6446,108.94,178.95,226.87,152.72,170.74
133.75,62.456,-17.569,-89.575,79.047,21.487,-9.1998,115.79,189.99,242.86,165.16,183.55
144.37,68.111,-21.458,-101.14,88.275,23.246,-11.568,122.46,201.32,259.3,178.05,197.02
153.51,74.479,-23.901,-112.22,95.915,25.202,-13.674,128.89,212.95,276.13,191.4,211.25
161.05,81.843,-24.352,-122.43,101.04,27.701,-15.542,134.96,224.8,293.28,205.2,226.16
167.63,90.411,-22.84,-132.07,103.97,30.844,-17.283,140.59,236.72,310.74,219.38,241.52
174.52,100.16,-20.02,-141.65,106.08,34.449,-19.059,145.75,248.54,328.44,233.81,257.02
183.03,110.71,-17.025,-151.58,109.03,38.129,-21.011,150.48,260.03,346.24,248.36,272.36
193.9,121.44,-15.136,-161.92,114.11,41.478,-23.198,154.85,271.01,363.9,262.91,287.32
206.99,131.75,-15.306,-172.45,121.64,44.24,-25.568,158.96,281.31,381.07,277.34,301.72
221.3,141.33,-17.756,-182.76,130.86,46.39,-28.012,162.84,290.89,397.4,291.47,315.42
235.4,150.13,-21.906,-192.49,140.31,48.098,-30.438,166.46,299.71,412.57,305.06,328.29
248.08,158.23,-26.669,-201.4,148.71,49.625,-32.815,169.71,307.76,426.36,317.82,340.2
258.7,165.78,-30.883,-209.43,155.37,51.225,-35.172,172.45,314.95,438.65,329.51,351.07
267.06,172.81,-33.62,-216.59,159.89,53.073,-37.549,174.52,321.04,449.34,339.99,360.84
273.22,179.15,-34.307,-222.89,162.02,55.216,-39.955,175.76,325.74,458.33,349.13,369.42
277.38,184.5,-32.823,-228.21,161.94,57.563,-42.322,176.09,328.68,465.52,356.83,376.74
279.84,188.53,-29.561,-232.37,160.23,59.916,-44.509,175.5,329.66,470.79,363.04,382.71
280.92,191.11,-25.357,-235.18,157.65,62.007,-46.371,174.09,328.69,474.08,367.74,387.25
280.87,192.4,-21.257,-236.57,154.89,63.546,-47.834,172,326.06,475.45,371.02,390.36
279.8,192.65,-18.231,-236.56,152.48,64.302,-48.934,169.44,322.22,475.01,373.02,392.11
277.72,192.11,-16.952,-235.16,150.7,64.213,-49.779,166.59,317.57,472.97,373.87,392.61
274.48,190.9,-17.619,-232.35,149.55,63.408,-50.468,163.59,312.35,469.5,373.66,391.94
269.71,189.07,-19.838,-228.02,148.76,62.144,-51.034,160.45,306.58,464.66,372.44,390.14
262.92,186.63,-22.868,-222.19,147.64,60.712,-51.452,157.12,300.06,458.34,370.1,387.12
253.95,183.66,-25.874,-215.11,145.37,59.391,-51.683,153.4,292.42,450.21,366.38,382.6
243.21,180.29,-27.876,-207.27,141.44,58.437,-51.696,149.01,283.24,439.72,360.79,376.19
231.46,176.67,-27.863,-199.31,135.58,58.044,-51.441,143.62,272.23,426.41,352.78,367.43
219.51,172.84,-25.222,-191.66,127.61,58.323,-50.854,136.98,259.46,410.27,342.07,356.16
207.79,168.58,-19.862,-184.43,117.54,59.271,-49.905,129.02,245.39,391.99,328.96,342.66
196.15,163.5,-12.066,-177.31,105.47,60.76,-48.609,119.96,230.64,372.63,314.27,327.66
184.08,157.04,-2.4538,-169.67,91.548,62.544,-47.01,110.24,215.81,353.06,298.92,311.91
171.23,148.66,7.7928,-160.84,76.464,64.281,-45.167,100.34,201.24,333.66,283.48,295.92
157.8,138.18,17.065,-150.44,61.755,65.589,-43.132,90.65,187.05,314.43,268.08,279.8
144.41,126.25,23.914,-138.58,49.043,66.13,-40.904,81.451,173.26,295.25,252.53,263.49
131.85,114.22,27.397,-125.87,39.423,65.688,-38.452,72.934,159.9,276.02,236.61,246.89
120.86,103.33,27.117,-113.06,33.569,64.158,-35.857,65.182,147,256.79,220.26,230.02
111.7,93.874,23.35,-100.56,31.218,61.517,-33.333,58.185,134.6,237.76,203.66,213.05
103.58,85.389,17.222,-88.364,30.127,57.818,-30.9,51.833,122.64,219.21,187.2,196.26
94.523,77.235,10.338,-76.381,27.367,53.181,-28.161,45.889,111,201.35,171.3,180.05
82.325,68.909,4.1094,-64.784,22.815,47.779,-24.722,40.105,99.452,184.28,156.27,164.77
66.662,60.142,-0.41914,-53.902,18.081,41.849,-20.624,34.297,87.655,167.91,142.22,150.51
50.244,50.887,-2.4126,-43.91,13.083,35.704,-16.164,28.404,75.325,152.04,129.01,137.07
35.81,41.276,-1.4605,-34.747,7.0963,29.689,-11.609,22.466,62.476,136.44,116.27,124
23.954,31.569,2.0267,-26.306,0.18136,24.041,-7.1814,16.568,49.723,120.85,103.38,110.75
14.341,22.088,6.7919,-18.564,-6.8221,18.814,-3.1336,10.809,38.204,105.02,89.46,96.831
6.7369,13.116,11.254,-11.541,-12.765,13.962,0.29265,5.3234,28.799,88.692,73.954,82.471
0.97746,4.8112,14.168,-5.1864,-16.692,9.4993,2.9472,0.30247,21.516,72.175,58.359,68.944
-3.245,-2.7706,14.956,0.63587,-18.25,5.5316,4.7924,-4.0694,15.836,57.073,45.777,57.669
-6.3461,-9.5772,13.72,6.047,-17.849,2.137,5.9039,-7.7161,11.27,45.053,37.141,48.996
-8.5989,-15.524,11.154,11.03,-16.362,-0.72509,6.496,-10.714,7.4929,36.183,31.164,42.386
-10.129,-20.578,8.244,15.42,-14.578,-3.1717,6.8121,-13.255,4.2458,29.49,26.539,37.1
-11.178,-24.797,5.8869,19.041,-13.035,-5.3042,6.9801,-15.583,1.2857,23.963,22.491,32.499
-12.107,-28.252,4.6345,21.851,-12.151,-7.1433,7.0614,-17.923,-1.6139,18.866,18.573,28.069
-13.149,-30.955,4.6691,23.918,-12.209,-8.6352,7.1327,-20.417,-4.6201,13.788,14.52,23.436
-14.299,-32.913,5.8184,25.331,-13.204,-9.7442,7.2939,-23.075,-7.7781,8.6737,10.253,18.466
-15.399,-34.244,7.5726,26.208,-14.796,-10.557,7.6414,-25.769,-10.981,3.7506,5.8795,13.285
-16.3,-35.204,9.2106,26.735,-16.452,-11.299,8.1835,-28.286,-14.015,-0.67901,1.6227,8.193
-16.953,-36.107,10.031,27.149,-17.679,-12.241,8.7976,-30.428,-16.662,-4.4169,-2.2838,3.5097
-17.391,-37.18,9.5798,27.651,-18.172,-13.561,9.3285,-32.071,-18.784,-7.4124,-5.6759,-0.55204
-17.672,-38.479,7.7673,28.333,-17.854,-15.26,9.6852,-33.196,-20.347,-9.7303,-8.4976,-3.9241
-17.855,-39.899,4.8687,29.162,-16.858,-17.185,9.8478,-33.868,-21.417,-11.511,-10.791,-6.6563
-17.987,-41.272,1.4051,30.038,-15.461,-19.117,9.8414,-34.205,-22.12,-12.934,-12.653,-8.8662
-18.121,-42.471,-2.0336,30.859,-13.999,-20.868,9.7131,-34.349,-22.609,-14.181,-14.197,-10.692
-18.309,-43.474,-4.9529,31.579,-12.775,-22.355,9.5187,-34.436,-23.029,-15.396,-15.514,-12.254
-18.596,-44.353,-7.0463,32.213,-12,-23.6,9.3139,-34.565,-23.478,-16.661,-16.662,-13.638
-19.004,-45.22,-8.2099,32.815,-11.755,-24.679,9.1441,-34.79,-23.996,-17.99,-17.662,-14.887
-19.518,-46.149,-8.524,33.43,-11.989,-25.643,9.0299,-35.121,-24.583,-19.363,-18.519,-16.025
-20.096,-47.129,-8.218,34.069,-12.544,-26.481,8.9595,-35.54,-25.221,-20.752,-19.239,-17.067
-20.685,-48.091,-7.5946,34.707,-13.211,-27.149,8.8897,-36.016,-25.891,-22.132,-19.838,-18.029
-21.245,-48.962,-6.9437,35.314,-13.798,-27.62,8.7574,-36.505,-26.571,-23.485,-20.335,-18.915
-21.767,-49.701,-6.4967,35.88,-14.172,-27.921,8.5036,-36.965,-27.234,-24.785,-20.751,-19.72
-22.274,-50.31,-6.4023,36.414,-14.295,-28.124,8.0997,-37.358,-27.851,-26.008,-21.107,-20.429
-22.823,-50.813,-6.6958,36.939,-14.237,-28.319,7.5612,-37.663,-28.4,-27.137,-21.425,-21.028
-23.503,-51.253,-7.2801,37.479,-14.168,-28.585,6.9434,-37.879,-28.87,-28.166,-21.724,-21.513
-24.424,-51.67,-7.9285,38.064,-14.317,-28.943,6.33,-38.017,-29.262,-29.1,-22.019,-21.894
-25.678,-52.08,-8.3126,38.716,-14.904,-29.331,5.8159,-38.09,-29.583,-29.951,-22.315,-22.192
-27.289,-52.45,-8.0866,39.423,-16.059,-29.605,5.4834,-38.109,-29.843,-30.726,-22.606,-22.433
-29.169,-52.701,-7.0366,40.126,-17.754,-29.6,5.3759,-38.085,-30.056,-31.428,-22.883,-22.652
-31.107,-52.745,-5.2189,40.722,-19.783,-29.218,5.4819,-38.034,-30.247,-32.052,-23.136,-22.889
-32.801,-52.537,-2.9886,41.096,-21.809,-28.504,5.74,-37.973,-30.442,-32.593,-23.374,-23.185
-33.937,-52.113,-0.88209,41.162,-23.471,-27.657,6.0661,-37.91,-30.654,-33.044,-23.61,-23.565
-34.289,-51.593,0.58343,40.89,-24.499,-26.981,6.3915,-37.836,-30.876,-33.4,-23.863,-24.032
-33.786,-51.13,1.0971,40.312,-24.787,-26.732,6.6915,-37.734,-31.087,-33.663,-24.146,-24.561
-32.533,-50.826,0.63259,39.499,-24.408,-26.961,6.9899,-37.591,-31.26,-33.847,-24.463,-25.111
-30.758,-50.664,-0.62102,38.53,-23.534,-27.478,7.3387,-37.403,-31.376,-33.976,-24.813,-25.644
-28.728,-50.53,-2.3166,37.472,-22.317,-27.987,7.7855,-37.184,-31.419,-34.073,-25.187,-26.131
-26.655,-50.291,-3.9838,36.369,-20.837,-28.282,8.3491,-36.943,-31.377,-34.146,-25.561,-26.563
-24.643,-49.874,-5.4453,35.252,-19.148,-28.344,9.0104,-36.683,-31.239,-34.19,-25.907,-26.941
-22.69,-49.302,-7.1393,34.147,-17.231,-28.332,9.7188,-36.384,-30.996,-34.19,-26.196,-27.27
-20.684,-48.676,-9.9071,33.084,-14.893,-28.502,10.406,-36.013,-30.646,-34.136,-26.412,-27.552
-18.443,-48.121,-14.415,32.081,-11.834,-29.111,11.004,-35.536,-30.197,-34.029,-26.558,-27.786
-15.833,-47.708,-20.968,31.11,-7.8829,-30.281,11.462,-34.932,-29.667,-33.886,-26.652,-27.974
-12.904,-47.413,-29.453,30.104,-3.2542,-31.918,11.768,-34.199,-29.081,-33.719,-26.716,-28.114
-9.9537,-47.109,-38.712,28.986,1.4134,-33.703,11.957,-33.347,-28.454,-33.53,-26.761,-28.193
-7.4535,-46.612,-46.524,27.727,5.2317,-35.151,12.116,-32.378,-27.782,-33.291,-26.771,-28.175
-5.8727,-45.749,-50.725,26.363,7.3024,-35.746,12.366,-31.278,-27.037,-32.958,-26.705,-28.005
-5.4976,-44.432,-50.128,24.985,6.9765,-35.15,12.827,-30.017,-26.178,-32.479,-26.507,-27.624
-6.3224,-42.689,-44.864,23.693,4.1428,-33.334,13.596,-28.558,-25.169,-31.808,-26.122,-26.991
-8.0289,-40.63,-36.284,22.538,-0.60414,-30.566,14.722,-26.875,-23.992,-30.922,-25.518,-26.098
-10.064,-38.381,-26.501,21.487,-6.0978,-27.284,16.203,-24.952,-22.65,-29.82,-24.686,-24.964
-11.807,-35.991,-17.662,20.419,-10.994,-23.93,18.011,-22.785,-21.148,-28.519,-23.639,-23.611
-12.773,-33.361,-11.213,19.162,-14.225,-20.795,20.129,-20.367,-19.486,-27.039,-22.386,-22.049
-12.755,-30.236,-7.6274,17.544,-15.336,-17.888,22.598,-17.673,-17.648,-25.394,-20.932,-20.267
-11.869,-26.26,-6.5982,15.452,-14.636,-14.912,25.533,-14.663,-15.602,-23.588,-19.263,-18.239
-10.495,-21.103,-7.214,12.87,-13.005,-11.379,29.089,-11.287,-13.316,-21.615,-17.358,-15.938
-9.1311,-14.659,-7.9885,9.8975,-11.391,-6.8423,33.355,-7.5053,-10.768,-19.468,-15.197,-13.353
-8.2055,-7.2263,-7.53,6.7245,-10.425,-1.185,38.188,-3.313,-7.9605,-17.143,-12.771,-10.498
-7.9428,0.47934,-5.4142,3.5813,-10.416,5.2218,43.123,1.2403,-4.9317,-14.65,-10.109,-7.4226
-8.3162,7.5977,-1.889,0.66738,-11.467,11.692,47.626,6.0338,-1.763,-12.029,-7.2915,-4.219
-9.0786,13.542,2.6347,-1.9039,-13.455,17.598,51.505,10.877,1.4164,-9.3652,-4.4589,-1.0224
-9.859,18.217,7.6255,-4.1318,-15.98,22.625,54.993,15.533,4.4426,-6.7849,-1.7892,2.0081
-10.308,21.92,12.507,-6.113,-18.455,26.812,58.559,19.765,7.151,-4.4324,0.55731,4.7307
-10.226,25.072,16.821,-7.9719,-20.357,30.425,62.753,23.377,9.4206,-2.4336,2.4895,7.0647
-9.6073,28.003,20.293,-9.7736,-21.406,33.764,68.104,26.253,11.202,-0.85759,4.0019,9.0061
-8.6153,30.828,22.812,-11.487,-21.611,36.99,74.858,28.357,12.512,0.28581,5.1466,10.606
-7.5293,33.453,24.356,-13.027,-21.205,40.029,82.533,29.715,13.397,1.0276,5.9863,11.929
-6.6414,35.685,24.932,-14.332,-20.523,42.595,89.84,30.372,13.9,1.4146,6.5608,13.021
-6.1515,37.388,24.562,-15.406,-19.879,44.34,95.223,30.353,14.043,1.4921,6.8828,13.906
-6.1086,38.579,23.294,-16.323,-19.48,45.078,97.331,29.642,13.833,1.3002,6.952,14.593
-6.3943,39.42,21.238,-17.194,-19.388,44.891,95.257,28.19,13.265,0.86406,6.7805,15.093
-6.7437,40.15,18.608,-18.153,-19.51,44.079,88.727,25.956,12.338,0.19696,6.3974,15.42
-6.8066,40.996,15.68,-19.338,-19.635,43.009,78.135,22.931,11.051,-0.69145,5.8431,15.593
-6.2353,42.096,12.697,-20.863,-19.495,41.98,64.425,19.146,9.4055,-1.7963,5.1571,15.623
-4.7756,43.455,9.8247,-22.78,-18.847,41.144,48.995,14.646,7.4011,-3.1122,4.3726,15.52
-2.3367,44.968,7.1669,-25.07,-17.549,40.504,33.567,9.4947,5.0422,-4.6205,3.5234,15.297
0.97528,46.49,4.7984,-27.641,-15.6,39.98,19.702,3.7886,2.3554,-6.2862,2.648,14.983
4.8757,47.915,2.7733,-30.343,-13.152,39.487,8.2303,-2.3196,-0.60125,-8.0537,1.791,14.621
8.9764,49.192,1.104,-32.99,-10.46,38.982,-0.72302,-8.6149,-3.732,-9.8571,1.0022,14.259
12.908,50.306,-0.25842,-35.398,-7.7859,38.459,-7.2097,-14.833,-6.9207,-11.634,0.32327,13.931
16.448,51.258,-1.4267,-37.437,-5.2989,37.898,-11.324,-20.697,-10.051,-13.339,-0.23565,13.643
19.575,52.078,-2.563,-39.08,-3.02,37.19,-13.8,-25.968,-13.032,-14.953,-0.71788,13.348
22.418,52.847,-3.8663,-40.393,-0.81643,36.124,-16.115,-30.522,-15.818,-16.493,-1.2369,12.931
25.13,53.662,-5.5583,-41.46,1.5608,34.434,-19.075,-34.378,-18.425,-18.012,-1.9607,12.233
27.734,54.514,-7.7956,-42.304,4.3758,31.891,-22.486,-37.676,-20.905,-19.577,-3.0511,11.114
30.025,55.149,-10.451,-42.891,7.7145,28.402,-26.038,-40.592,-23.31,-21.239,-4.5831,9.5225
31.592,55.01,-13.081,-43.223,11.345,24.049,-29.452,-43.265,-25.662,-23.005,-6.5063,7.5033
32.041,53.347,-15.537,-43.339,14.854,18.985,-32.383,-45.749,-27.935,-24.831,-8.6853,5.1506
31.364,49.582,-18.423,-43.16,17.902,13.29,-34.541,-48.036,-30.081,-26.647,-10.987,2.5549
30.077,43.645,-22.615,-42.393,20.391,6.9524,-35.805,-50.067,-32.048,-28.393,-13.349,-0.22764
28.898,35.936,-28.898,-40.742,22.554,-0.017601,-36.226,-51.794,-33.804,-30.035,-15.779,-3.1759
28.22,27.019,-37.934,-38.119,24.845,-7.4874,-35.985,-53.21,-35.351,-31.571,-18.312,-6.2825
27.946,17.398,-49.956,-34.631,27.63,-15.179,-35.319,-54.363,-36.719,-33.015,-20.965,-9.5273
27.68,7.4606,-64.058,-30.454,30.91,-22.703,-34.443,-55.335,-37.956,-34.39,-23.708,-12.861
26.949,-2.4595,-78.445,-25.766,34.265,-29.622,-33.474,-56.222,-39.108,-35.707,-26.46,-16.202
25.386,-11.995,-91.804,-20.755,36.989,-35.528,-32.397,-57.098,-40.199,-36.953,-29.099,-19.44
22.865,-20.731,-103.04,-15.616,38.399,-40.15,-31.097,-57.99,-41.221,-38.095,-31.491,-22.453
19.558,-28.306,-111.09,-10.542,38.184,-43.414,-29.453,-58.878,-42.141,-39.083,-33.513,-25.131
15.884,-34.518,-115.61,-5.7086,36.612,-45.418,-27.42,-59.723,-42.92,-39.874,-35.08,-27.403
12.367,-39.333,-117.25,-1.2885,34.416,-46.377,-25.084,-60.498,-43.546,-40.449,-36.17,-29.264
9.5079,-42.832,-117.2,2.5204,32.449,-46.587,-22.651,-61.219,-44.055,-40.83,-36.837,-30.776
7.6714,-45.183,-116.56,5.526,31.335,-46.388,-20.384,-61.939,-44.521,-41.081,-37.205,-32.067
6.991,-46.629,-116.06,7.6342,31.287,-46.099,-18.508,-62.729,-45.027,-41.289,-37.442,-33.284
7.3325,-47.455,-116.19,8.9271,32.199,-45.935,-17.157,-63.633,-45.635,-41.53,-37.716,-34.551
8.3503,-47.935,-117.28,9.6335,33.855,-45.999,-16.368,-64.656,-46.358,-41.856,-38.145,-35.908
9.6152,-48.285,-119.42,10.03,35.974,-46.306,-16.118,-65.769,-47.171,-42.281,-38.758,-37.286
10.748,-48.629,-122.51,10.335,38.172,-46.833,-16.384,-66.942,-48.036,-42.793,-39.503,-38.548
11.51,-49.006,-126.36,10.657,40.046,-47.533,-17.158,-68.165,-48.92,-43.369,-40.294,-39.575
11.85,-49.403,-130.61,11.01,41.326,-48.358,-18.428,-69.451,-49.816,-43.983,-41.082,-40.355
11.899,-49.79,-134.74,11.357,42.029,-49.269,-20.135,-70.807,-50.736,-44.624,-41.885,-41
11.898,-50.143,-138.24,11.639,42.497,-50.228,-22.158,-72.195,-51.684,-45.292,-42.769,-41.683
12.076,-50.448,-140.87,11.79,43.291,-51.188,-24.34,-73.483,-52.617,-45.978,-43.803,-42.548
12.547,-50.693,-142.62,11.736,44.943,-52.118,-26.49,-74.387,-53.392,-46.634,-45.001,-43.663
13.337,-50.868,-143.49,11.378,47.782,-53.042,-28.332,-74.451,-53.738,-47.14,-46.293,-44.982
14.59,-50.965,-143.81,10.52,52.152,-54.07,-29.419,-73.165,-53.295,-47.297,-47.509,-46.331
17.096,-50.95,-145.08,8.7503,59.055,-55.388,-29.142,-71.329,-52.086,-46.925,-48.378,-47.405
23.281,-50.726,-147.72,5.3973,67.856,-57.127,-27.209,-81.613,-54.849,-46.579,-48.581,-47.807
33.01,-50.049,-144.39,-0.035424,67.954,-59.073,-25.821,-97.435,-77.263,-53.014,-47.953,-47.194
23.017,-48.416,-136.24,-5.4295,50.492,-60.385,-29.985,-103.06,-85.799,-73.504,-47.588,-45.907
-8.7179,-45.092,-129.18,4.4588,38.086,-59.842,-32.051,-110.08,-91.053,-78.296,-56.989,-50.187
-19.078,-43.071,-124.8,39.713,35.574,-57.122,-33.358,-116.07,-94.787,-80.11,-66.604,-68.54
-12.203,-65.851,-125.48,49.587,38.455,-55.928,-34.073,-115.85,-92.328,-77.873,-66.693,-70.52
6.91,-74.554,-136.82,40.319,49.807,-68.19,-33.166,-101.54,-77.151,-66.777,-65.267,-69.727
37.573,-68.838,-161.87,19.901,74.079,-76.389,-26.905,-61.387,-41.879,-41.225,-59.993,-64.292
80.076,-58.146,-200.25,-10.05,114.6,-84.965,-7.7681,17.374,20.951,3.7662,-47.378,-50.146
136.53,-41.636,-249.43,-47.535,170.41,-95.371,26.741,139.88,118.34,72.497,-23.257,-25.669
207.84,-17.135,-302.55,-94.1,235.39,-103.94,75.244,302.2,252.87,171.08,18.06,14.541
289.59,20.461,-348.19,-153.15,300.27,-105.81,134.57,491.73,419.29,304.49,85.748,80.51
374.15,79.234,-372.7,-225.52,354.81,-93.155,199.18,687.35,607.4,472.4,187.84,181.28
453.96,168.27,-363.62,-308.72,389.85,-53.326,260.78,861.31,803.63,671.55,328.14,320.9
522.76,290,-312.74,-400.07,398.81,20.705,308.51,983.77,990.41,895.51,507.2,499.28
575.41,432.81,-218.13,-495.22,377.82,128.96,331.3,1028.9,1147.2,1131,718.06,709.71
606.41,585.67,-84.865,-586.45,325.85,270.44,322.12,981.21,1253.6,1354.8,942.37,933.73
607.34,733.13,75.007,-661.59,244.93,421.51,281.13,838.52,1291.5,1535,1150.6,1141.1
567.53,852.17,243.05,-703.68,140.01,561.13,214.98,611.39,1244.1,1633.6,1305.8,1294.6
481.27,917.45,396.18,-695.66,20.394,665.86,132.49,319.49,1097.9,1612.5,1370.6,1357.2
353.77,908.76,510.35,-629.1,-99.381,714.69,39.873,-13.159,847.96,1443.9,1316,1300.9
201.14,819.35,566.57,-509.39,-202.34,696.81,-60.964,-362.43,503.83,1123.9,1133.6,1117.7
45.765,660.58,557.28,-354.02,-274.77,615.45,-170.69,-704.61,94.51,683.04,843.58,827.94
-90.306,460.11,489.88,-187.26,-310.15,487.62,-289.23,-1014.3,-332.08,184.56,492.77,478.39
-189.79,253.87,383.99,-34.323,-308.85,339.76,-411.73,-1264.8,-718.6,-291.5,142.07,129.5
-243.17,74.915,263.85,85.089,-276.51,198.99,-526.16,-1432.6,-1013.8,-672.29,-152.05,-162.8
-250.98,-55.922,151.39,162.02,-223.43,84.209,-615.41,-1503.2,-1186.3,-912.96,-353.61,-362.97
-224.01,-134.15,62.539,198.81,-164.06,6.0355,-662.97,-1476.1,-1231.3,-1005.4,-454.14,-462.75
-181.55,-168.81,4.5412,204.28,-113.6,-36.867,-659.6,-1364.9,-1167.6,-973.27,-468.99,-477.68
-144.16,-174.23,-24.42,187.89,-82.6,-55.281,-608.05,-1193.9,-1029.1,-858.11,-426.74,-436.33
-124.27,-163.68,-30.302,159.81,-72.511,-60.669,-521.12,-991.97,-853.41,-704.09,-357.01,-367.78
-123.99,-146.47,-26.463,131.47,-76.999,-59.465,-414.03,-786.42,-673.09,-546.64,-282.26,-293.93
-148.95,-129.06,-17.033,100.96,-88.854,-54.574,-302.72,-598.22,-510.34,-407.82,-215.92,-228.16
-170.09,-96.938,-3.6847,60.033,-103.34,-48.351,-202.13,-440.64,-376.67,-297.08,-163.53,-176.26
-180.38,-57.959,11.636,60.647,-119.84,-28.76,-121.55,-319.11,-275.18,-215.31,-125.33,-138.68
-189.29,-57.018,38.015,65.58,-138.15,-14.863,-62.79,-231.28,-203.51,-158.9,-98.479,-112.79
-198.49,-57.708,45.548,67.798,-157.64,-14.843,-22.848,-169.71,-155.64,-122.61,-79.602,-95.768
-206.87,-57.8,50.65,68.02,-174,-14.095,2.2491,-126.98,-122.9,-99.501,-67.252,-85.539
-212.75,-57.38,56.418,67.482,-182.86,-12.618,16.809,-98.267,-99.036,-82.41,-58.587,-78.909
-215.62,-56.807,61.614,67.061,-186.46,-10.819,26.479,-79.815,-81.581,-68.35,-49.875,-72.988
-216.06,-56.309,65.271,67.113,-187.19,-9.0165,31.863,-73.723,-70.879,-56.29,-39.842,-64.273
-214.77,-55.932,66.982,67.458,-185.86,-7.4371,34.079,-66.587,-61.294,-46.73,-26.747,-46.719
-212.13,-55.62,66.931,67.67,-182.62,-6.2206,33.943,-61.016,-53.205,-34.3,-17.812,-34.286
-208.39,-55.295,65.575,67.371,-177.69,-5.4271,28.178,-51.181,-35.564,-18.311,-12.577,-27.861
-203.63,-54.904,63.383,66.383,-171.55,-5.0684,23.638,-32.886,-19.737,-9.94,-8.6956,-24.032
-197.85,-54.425,60.737,64.73,-164.89,-5.1314,25.738,-25.383,-12.281,-4.4163,-5.7342,-21.533
-190.93,-53.851,57.894,62.577,-158.53,-5.5657,27.163,-21.188,-7.3905,-0.25396,-3.5419,-19.849
-182.85,-53.166,54.954,60.16,-153.07,-6.2508,28.131,-18.21,-3.6519,3.0714,-1.8898,-18.671
-173.74,-52.339,51.831,57.718,-148.68,-6.9886,28.867,-15.787,-0.46953,5.9931,-0.46676,-17.745
-163.89,-51.331,48.377,55.412,-145.14,-7.5371,29.387,-13.489,2.5808,8.9272,1.0513,-16.851
-153.88,-50.114,44.585,53.296,-142.13,-7.6699,29.714,-10.997,5.8097,12.245,2.9371,-15.803
-144.75,-48.7,40.73,51.345,-139.19,-7.2376,30.058,-8.106,9.4115,16.248,5.3665,-14.463
-137.26,-47.149,37.234,49.518,-134.94,-6.208,30.666,-4.7402,13.465,21.144,8.382,-12.745
-130.47,-45.553,34.199,47.763,-126.97,-4.676,31.538,-0.9666,17.931,26.957,11.868,-10.63
-121.66,-43.968,31.26,45.999,-114.72,-2.8322,32.4,3.0189,22.632,33.417,15.554,-8.1858
-109.06,-42.381,28.23,44.157,-100.38,-0.89067,32.976,6.9606,27.248,39.938,19.064,-5.564
-93.507,-40.737,25.671,42.257,-85.825,0.995,33.259,10.647,31.437,45.85,22.071,-2.9468
-77.326,-39.012,24.494,40.439,-72.755,2.7725,33.539,14.001,34.997,50.754,24.491,-0.43257
-63.732,-37.257,25.396,38.913,-64.74,4.4681,34.254,17.095,38.005,54.716,26.531,2.0399
-55.924,-35.581,28.86,37.871,-66.178,6.1309,35.654,20.104,40.804,58.221,28.557,4.6521
-54.681,-34.096,35.05,37.392,-78.206,7.7848,37.448,23.211,43.872,61.96,30.892,7.6003
-57.575,-32.847,43.206,37.404,-97.802,9.4093,38.889,26.53,47.687,66.566,33.724,11.023
-61.29,-31.77,51.572,37.704,-119.29,10.952,39.351,30.096,52.565,72.384,37.126,14.987
-63.627,-30.707,58.174,38.01,-135.63,12.364,38.751,33.902,58.64,79.37,41.126,19.53
-63.761,-29.465,61.548,38.036,-141.48,13.612,37.385,37.922,65.745,87.148,45.723,24.686
-61.636,-27.887,60.912,37.554,-136.47,14.671,35.559,42.134,73.45,95.25,50.86,30.486
-57.474,-25.885,56.076,36.455,-122.88,15.511,33.509,46.511,81.277,103.33,56.415,36.904
-51.78,-23.425,47.7,34.753,-103.29,16.107,31.468,51.01,88.941,111.26,62.234,43.832
-45.459,-20.5,37.488,32.549,-81.027,16.488,29.625,55.562,96.345,119.02,68.193,51.122
-39.603,-17.105,27.601,29.976,-60.535,16.766,27.999,60.07,103.56,126.71,74.208,58.642
-35.21,-13.234,19.76,27.133,-46.293,17.132,26.437,64.453,110.75,134.46,80.297,66.354
-33.121,-8.883,15.028,24.025,-39.772,17.789,24.851,68.67,118.08,142.48,86.535,74.314
-33.293,-4.0415,13.788,20.498,-36.852,18.864,23.338,72.778,125.65,151,93.003,82.643
-34.128,1.2889,15.465,16.269,-34.204,20.351,21.926,76.972,133.5,160.23,99.764,91.452
-33.741,7.0593,18.674,11.102,-33.222,22.127,20.498,81.553,141.68,170.4,106.9,100.79
-31.312,13.14,21.584,5.0066,-32.923,24.038,18.97,86.835,150.31,181.69,114.59,110.67
-27.219,19.333,22.849,-1.7264,-32.009,25.993,17.352,93.012,159.53,194.22,123.08,121.11
-22.045,25.426,22.236,-8.639,-30.211,27.999,15.712,100.08,169.48,208.04,132.59,132.15
-16.083,31.275,20.009,-15.308,-27.134,30.147,14.162,107.81,180.24,223.14,143.21,143.82
-9.6968,36.848,16.697,-21.52,-22.945,32.548,12.815,115.87,191.87,239.41,154.94,156.11
-3.3158,42.197,13.038,-27.305,-18.359,35.249,11.719,123.88,204.29,256.69,167.64,169
2.7769,47.41,9.7285,-32.868,-14.204,38.171,10.851,131.51,217.24,274.75,181.13,182.51
8.5894,52.578,7.2113,-38.535,-11.083,41.12,10.161,138.59,230.28,293.35,195.25,196.67
14.458,57.832,5.6457,-44.764,-9.2246,43.878,9.5991,145.05,243.05,312.24,209.81,211.46
20.998,63.407,4.991,-52.149,-8.3931,46.292,9.0904,150.96,255.32,331.16,224.62,226.71
28.918,69.703,5.0324,-61.293,-7.8986,48.328,8.5154,156.44,267.09,349.86,239.56,242.22
38.629,77.258,5.3899,-72.415,-6.8103,50.046,7.7393,161.63,278.46,368.14,254.56,257.81
49.903,86.534,5.6182,-84.923,-4.3598,51.555,6.6454,166.61,289.51,385.8,269.53,273.32
62.119,97.55,5.3472,-97.645,-0.29511,52.97,5.1394,171.37,300.2,402.66,284.3,288.59
74.744,109.65,4.3814,-109.76,5.1109,54.387,3.1358,175.85,310.44,418.51,298.6,303.42
87.392,121.82,2.7207,-121.2,11.38,55.876,0.55424,179.91,320.05,433.14,312.13,317.53
99.816,133.28,0.5166,-132.3,18.094,57.463,-2.6609,183.4,328.78,446.37,324.61,330.69
111.91,143.75,-1.9913,-143.39,24.93,59.144,-6.5042,186.19,336.39,458.09,335.86,342.7
123.59,153.34,-4.5058,-154.67,31.606,60.915,-10.878,188.2,342.71,468.31,345.81,353.45
134.69,162.24,-6.6723,-166.23,37.809,62.802,-15.588,189.46,347.67,477.06,354.45,362.88
145.05,170.6,-8.1171,-178.01,43.156,64.851,-20.384,190.07,351.35,484.44,361.8,370.94
154.67,178.41,-8.5494,-189.79,47.277,67.086,-25.018,190.17,353.91,490.58,367.92,377.71
163.71,185.51,-7.8723,-201.18,49.996,69.461,-29.315,189.89,355.52,495.6,372.98,383.31
172.39,191.6,-6.2335,-211.64,51.448,71.839,-33.224,189.29,356.32,499.59,377.15,387.92
180.6,196.38,-3.9853,-220.37,52.004,74.018,-36.794,188.39,356.38,502.58,380.58,391.67
187.49,199.65,-1.5764,-226.5,52.093,75.78,-40.093,187.14,355.69,504.55,383.33,394.6
191.38,201.44,0.57566,-229.5,52.02,76.958,-43.102,185.48,354.17,505.45,385.41,396.65
191.1,201.91,2.1908,-229.55,51.817,77.483,-45.699,183.37,351.68,505.2,386.79,397.66
187.31,201.33,3.1762,-227.31,51.193,77.399,-47.735,180.76,348.08,503.71,387.43,397.5
181.49,199.88,3.6073,-223.36,49.77,76.845,-49.12,177.67,343.3,500.83,387.25,396.03
174.68,197.71,3.6528,-218.16,47.41,75.996,-49.843,174.13,337.31,496.41,386.18,393.21
167.57,194.93,3.4906,-212.09,44.282,75.014,-49.957,170.16,330.18,490.35,384.07,388.94
160.62,191.68,3.2634,-205.57,40.699,74.012,-49.556,165.77,321.96,482.6,380.74,383.12
154.04,188.06,3.0917,-198.89,36.972,73.063,-48.75,160.9,312.7,473.06,375.95,375.58
147.69,184.1,3.0954,-192.08,33.327,72.195,-47.622,155.48,302.41,461.68,369.46,366.21
141.18,179.62,3.3685,-184.84,29.832,71.391,-46.197,149.45,291.1,448.38,361.08,355.02
134.06,174.28,3.9213,-176.7,26.393,70.577,-44.439,142.81,278.82,433.21,350.78,342.11
126.05,167.68,4.6516,-167.24,22.902,69.637,-42.277,135.6,265.73,416.36,338.71,327.76
117.28,159.54,5.3813,-156.38,19.41,68.457,-39.651,127.9,252.02,398.19,325.17,312.29
108.22,150.02,5.9452,-144.55,16.113,66.981,-36.548,119.76,237.95,379.14,310.55,296.06
99.306,139.71,6.2795,-132.51,13.2,65.232,-33.017,111.23,223.7,359.57,295.19,279.27
90.659,129.34,6.431,-120.94,10.727,63.284,-29.18,102.28,209.38,339.63,279.36,261.96
82.017,119.24,6.486,-110.15,8.5259,61.21,-25.228,92.884,194.98,319.3,263.1,244.03
72.905,109.33,6.5744,-99.947,6.1861,59.054,-21.367,83.095,180.43,298.41,246.35,225.44
62.774,99.39,6.9691,-89.945,3.199,56.812,-17.751,73.135,165.69,276.8,228.98,206.39
51.232,89.395,8.1436,-79.738,-0.84857,54.395,-14.45,63.399,150.79,254.58,210.97,187.39
38.387,79.451,10.753,-69.124,-6.1201,51.629,-11.471,54.296,135.9,232.2,192.64,169.07
25.084,69.68,15.231,-58.24,-12.405,48.327,-8.7981,46.047,121.2,210.37,174.64,151.87
12.706,60.133,21.104,-47.569,-19.081,44.379,-6.4317,38.614,106.74,189.67,157.65,135.9
2.4784,50.779,26.953,-37.727,-25.229,39.724,-4.3915,31.793,92.518,170.36,141.98,120.85
-5.0727,41.533,31.053,-29.113,-29.837,34.252,-2.7024,25.34,78.558,152.36,127.55,106.2
-10.025,32.299,31.971,-21.736,-32.027,27.821,-1.3717,19.06,65.1,135.4,113.9,91.408
-12.739,23.023,28.902,-15.327,-31.306,20.439,-0.37488,12.861,52.548,119.18,100.47,76.287
-13.711,13.721,21.871,-9.5282,-27.776,12.369,0.33911,6.7604,41.276,103.41,86.68,61.305
-13.514,4.4956,11.773,-4.0279,-22.153,4.0544,0.82582,0.86271,31.433,87.75,72.378,47.397
-12.721,-4.4264,0.19276,1.3095,-15.558,-3.9993,1.123,-4.6944,22.924,72.069,58.295,35.281
-11.826,-12.689,-10.955,6.3806,-9.2194,-11.283,1.2448,-9.7954,15.537,56.71,45.733,25.072
-11.207,-19.908,-19.848,10.929,-4.2528,-17.331,1.1956,-14.376,9.0716,42.522,35.425,16.496
-11.117,-25.839,-25.133,14.739,-1.455,-21.829,0.99133,-18.425,3.3842,30.303,27.161,9.2044
-11.665,-30.471,-26.236,17.765,-1.1275,-24.721,0.66581,-21.97,-1.6168,20.303,20.349,2.9193
-12.829,-34.009,-23.544,20.134,-2.9964,-26.224,0.2593,-25.07,-6.006,12.275,14.482,-2.5569
-14.51,-36.765,-18.357,22.073,-6.3476,-26.702,-0.20011,-27.811,-9.8593,5.7781,9.2383,-7.3639
-16.595,-39.028,-12.491,23.825,-10.354,-26.553,-0.70597,-30.286,-13.254,0.4039,4.4446,-11.603
-18.966,-40.983,-7.4211,25.56,-14.323,-26.232,-1.267,-32.579,-16.261,-4.1442,0.02246,-15.349
-21.481,-42.72,-3.7926,27.324,-17.781,-26.158,-1.8869,-34.736,-18.922,-8.0441,-4.0358,-18.652
-23.979,-44.269,-1.643,29.06,-20.512,-26.51,-2.5407,-36.752,-21.25,-11.379,-7.6826,-21.542
-26.303,-45.617,-0.73203,30.68,-22.511,-27.224,-3.1615,-38.575,-23.236,-14.177,-10.848,-24.031
-28.318,-46.727,-0.73627,32.123,-23.841,-28.109,-3.6505,-40.133,-24.869,-16.447,-13.482,-26.121
-29.919,-47.583,-1.3072,33.377,-24.522,-28.947,-3.9099,-41.36,-26.151,-18.212,-15.578,-27.815
-31.018,-48.206,-2.1145,34.458,-24.489,-29.577,-3.8807,-42.224,-27.097,-19.517,-17.17,-29.12
-31.522,-48.659,-3.0139,35.373,-23.629,-29.951,-3.5663,-42.74,-27.74,-20.421,-18.316,-30.055
-31.342,-49.017,-4.1611,36.087,-21.897,-30.137,-3.0281,-42.967,-28.122,-20.993,-19.084,-30.651
-30.457,-49.328,-5.8187,36.545,-19.427,-30.264,-2.3557,-43,-28.306,-21.312,-19.554,-30.951
-29,-49.599,-8.0314,36.719,-16.573,-30.451,-1.6347,-42.961,-28.373,-21.465,-19.824,-31.021
-27.315,-49.813,-10.515,36.647,-13.897,-30.759,-0.93098,-42.974,-28.421,-21.555,-20.009,-30.95
-25.913,-49.965,-12.679,36.431,-12.061,-31.17,-0.2751,-43.129,-28.534,-21.672,-20.214,-30.839
-25.299,-50.076,-13.733,36.203,-11.65,-31.575,0.36006,-43.452,-28.759,-21.874,-20.488,-30.762
-25.754,-50.164,-12.995,36.067,-13.012,-31.795,1.0491,-43.895,-29.09,-22.174,-20.813,-30.748
-27.217,-50.213,-10.255,36.054,-16.105,-31.66,1.8575,-44.364,-29.484,-22.553,-21.139,-30.793
-29.294,-50.165,-5.9206,36.11,-20.386,-31.101,2.7872,-44.767,-29.891,-22.988,-21.428,-30.879
-31.376,-49.96,-0.91163,36.118,-24.872,-30.213,3.763,-45.041,-30.273,-23.466,-21.695,-31.001
-32.795,-49.575,3.4914,35.953,-28.366,-29.229,4.6586,-45.167,-30.605,-23.981,-21.991,-31.163
-32.991,-49.047,5.8419,35.527,-29.767,-28.445,5.3356,-45.155,-30.873,-24.524,-22.379,-31.362
-31.672,-48.449,5.0531,34.825,-28.407,-28.107,5.6858,-45.03,-31.072,-25.082,-22.894,-31.574
-28.918,-47.865,0.95035,33.914,-24.307,-28.326,5.6705,-44.815,-31.201,-25.632,-23.529,-31.753
-25.178,-47.376,-5.6808,32.926,-18.214,-29.048,5.3443,-44.534,-31.265,-26.152,-24.23,-31.85
-21.163,-47.043,-13.363,32.029,-11.409,-30.081,4.8431,-44.203,-31.285,-26.631,-24.927,-31.834
-17.666,-46.888,-20.297,31.369,-5.3781,-31.153,4.3364,-43.845,-31.289,-27.076,-25.556,-31.715
-15.373,-46.868,-24.833,31.017,-1.4191,-31.959,3.9717,-43.49,-31.318,-27.509,-26.084,-31.538
-14.678,-46.878,-25.935,30.944,-0.30228,-32.228,3.8424,-43.177,-31.417,-27.959,-26.514,-31.368
-15.555,-46.807,-23.399,31.044,-2.1325,-31.82,3.9797,-42.936,-31.614,-28.447,-26.86,-31.265
-17.53,-46.592,-17.882,31.188,-6.2847,-30.79,4.3625,-42.774,-31.909,-28.961,-27.125,-31.254
-19.939,-46.253,-10.82,31.296,-11.533,-29.361,4.931,-42.656,-32.251,-29.451,-27.286,-31.31
-22.269,-45.863,-4.0248,31.362,-16.573,-27.833,5.605,-42.494,-32.545,-29.833,-27.3,-31.358
-24.211,-45.488,1.0524,31.433,-20.439,-26.483,6.3102,-42.166,-32.664,-30.01,-27.128,-31.289
-25.573,-45.134,3.7225,31.552,-22.551,-25.469,6.9955,-41.554,-32.49,-29.9,-26.749,-30.983
-26.264,-44.72,3.9765,31.706,-22.747,-24.777,7.6255,-40.587,-31.953,-29.459,-26.166,-30.334
-26.298,-44.111,2.2956,31.821,-21.322,-24.227,8.174,-39.265,-31.047,-28.689,-25.391,-29.285
-25.8,-43.17,-0.44102,31.789,-18.904,-23.558,8.6501,-37.658,-29.828,-27.626,-24.441,-27.845
-24.988,-41.809,-3.0797,31.513,-16.253,-22.569,9.1212,-35.886,-28.407,-26.341,-23.35,-26.095
-24.139,-40.014,-4.6511,30.924,-14.121,-21.202,9.6736,-34.088,-26.914,-24.923,-22.178,-24.171
-23.504,-37.832,-4.5838,29.982,-13.121,-19.491,10.365,-32.372,-25.464,-23.468,-21.006,-22.222
-23.216,-35.337,-2.5906,28.672,-13.588,-17.464,11.26,-30.784,-24.11,-22.045,-19.892,-20.36
-23.219,-32.606,1.2933,27.01,-15.487,-15.138,12.471,-29.295,-22.83,-20.675,-18.844,-18.64
-23.295,-29.71,6.5813,25.044,-18.353,-12.567,14.114,-27.813,-21.543,-19.339,-17.835,-17.067
-23.148,-26.693,12.351,22.84,-21.407,-9.8464,16.242,-26.205,-20.149,-17.995,-16.837,-15.627
-22.508,-23.533,17.5,20.449,-23.809,-7.0654,18.816,-24.335,-18.571,-16.608,-15.852,-14.311
-21.189,-20.138,21.126,17.891,-24.9,-4.2627,21.735,-22.102,-16.78,-15.169,-14.92,-13.122
-19.125,-16.408,22.748,15.177,-24.331,-1.4288,24.902,-19.461,-14.806,-13.703,-14.095,-12.064
-16.413,-12.332,22.344,12.355,-22.13,1.4463,28.246,-16.425,-12.716,-12.246,-13.413,-11.128
-13.309,-8.0253,20.308,9.5288,-18.699,4.331,31.706,-13.036,-10.573,-10.816,-12.846,-10.263
-10.174,-3.6838,17.376,6.8143,-14.715,7.1659,35.235,-9.3286,-8.3873,-9.3764,-12.287,-9.3621
-7.3877,0.52668,14.481,4.2849,-10.972,9.9345,38.82,-5.3053,-6.0945,-7.8278,-11.555,-8.2731
-5.256,4.5559,12.538,1.9385,-8.1956,12.719,42.456,-0.95836,-3.5953,-6.048,-10.451,-6.849
-3.9453,8.4589,12.243,-0.28455,-6.8764,15.659,46.091,3.6552,-0.83037,-3.9554,-8.8285,-5.0058
-3.4454,12.3,13.857,-2.4565,-7.1653,18.819,49.684,8.3384,2.1489,-1.566,-6.6538,-2.7641
-3.5733,16.064,17.061,-4.6243,-8.8424,22.088,53.329,12.74,5.1504,0.98265,-4.0444,-0.25413
-4.0279,19.632,21.056,-6.795,-11.387,25.183,57.336,16.434,7.859,3.4381,-1.2587,2.3044
-4.4822,22.842,24.913,-8.9326,-14.153,27.798,62.254,19.075,9.9205,5.484,1.3616,4.6366
-4.679,25.559,27.942,-10.962,-16.567,29.764,68.698,20.554,11.095,6.8635,3.5153,6.488
-4.4882,27.738,29.912,-12.787,-18.261,31.15,76.501,21.039,11.393,7.5217,5.1098,7.768
-3.9088,29.455,31.025,-14.333,-19.116,32.218,84.104,20.863,11.065,7.6384,6.3197,8.6332
-3.0188,30.886,31.721,-15.593,-19.202,33.32,89.631,20.305,10.443,7.5075,7.4556,9.3963
-1.9011,32.244,32.402,-16.638,-18.66,34.732,91.657,19.446,9.772,7.3809,8.7752,10.348
-0.59499,33.703,33.221,-17.605,-17.603,36.541,89.184,18.193,9.137,7.382,10.365,11.635
0.89306,35.356,34.045,-18.637,-16.106,38.632,81.74,16.386,8.4831,7.4945,12.132,13.228
2.5352,37.204,34.613,-19.822,-14.263,40.77,69.727,13.889,7.6587,7.6041,13.876,14.974
4.234,39.172,34.716,-21.158,-12.222,42.706,54.541,10.621,6.4944,7.5665,15.385,16.673
5.8179,41.153,34.3,-22.557,-10.206,44.255,38.162,6.5884,4.8934,7.2749,16.516,18.162
7.0876,43.067,33.486,-23.899,-8.4849,45.335,22.541,1.914,2.8904,6.7073,17.23,19.366
7.8874,44.882,32.575,-25.093,-7.33,46.007,9.1592,-3.1582,0.63779,5.9239,17.579,20.292
8.164,46.6,32.011,-26.109,-6.9619,46.492,-1.0152,-8.3236,-1.6858,5.0155,17.663,20.985
7.9829,48.227,32.281,-26.974,-7.5057,47.114,-7.4712,-13.316,-3.9566,4.0372,17.564,21.467
7.5027,49.752,33.733,-27.736,-8.9613,48.176,-10.259,-17.973,-6.1547,2.9719,17.306,21.682
6.9291,51.155,36.496,-28.434,-11.187,49.828,-10.093,-22.229,-8.3394,1.748,16.844,21.508
6.4679,52.402,40.536,-29.072,-13.895,51.995,-8.3899,-26.056,-10.574,0.29762,16.082,20.804
6.2836,53.446,45.587,-29.618,-16.666,54.395,-6.8125,-29.406,-12.848,-1.38,14.926,19.498
6.4682,54.184,50.835,-30.014,-18.999,56.587,-6.1691,-32.221,-15.065,-3.2008,13.352,17.663
7.0249,54.407,54.93,-30.178,-20.421,57.998,-6.2688,-34.466,-17.09,-5.031,11.439,15.507
7.873,53.8,56.638,-30.011,-20.601,58.008,-6.6921,-36.156,-18.816,-6.7451,9.3294,13.265
8.8701,52.05,55.371,-29.4,-19.422,56.158,-7.0719,-37.359,-20.205,-8.2721,7.1577,11.11
9.8509,48.965,51.018,-28.254,-16.974,52.288,-7.1708,-38.199,-21.293,-9.6174,4.9823,9.1015
10.673,44.511,43.684,-26.521,-13.5,46.46,-6.9855,-38.83,-22.183,-10.859,2.7685,7.1896
11.24,38.772,33.693,-24.184,-9.347,38.829,-6.6719,-39.422,-23.02,-12.119,0.42572,5.2482
11.497,31.889,21.688,-21.24,-4.9241,29.668,-6.4055,-40.126,-23.948,-13.513,-2.1401,3.1224
11.391,24.039,8.725,-17.693,-0.67455,19.462,-6.2903,-41.024,-25.066,-15.116,-4.9828,0.67448
10.845,15.416,-3.7086,-13.568,2.9624,8.9144,-6.3313,-42.133,-26.403,-16.934,-8.0901,-2.1664
9.7685,6.2293,-14.054,-8.9145,5.5982,-1.1844,-6.4724,-43.408,-27.918,-18.908,-11.366,-5.3563
8.0888,-3.2699,-21.158,-3.8117,6.9593,-10.163,-6.6582,-44.757,-29.522,-20.937,-14.641,-8.7341
5.7974,-12.74,-24.511,1.6135,6.94,-17.634,-6.8706,-46.08,-31.116,-22.917,-17.73,-12.085
2.976,-21.726,-24.436,7.1618,5.6336,-23.453,-7.1316,-47.308,-32.624,-24.777,-20.49,-15.225
-0.20373,-29.704,-22.087,12.561,3.332,-27.525,-7.4869,-48.419,-34.018,-26.486,-22.862,-18.042
-3.508,-36.23,-18.879,17.52,0.48938,-29.934,-7.9783,-49.435,-35.301,-28.047,-24.856,-20.505
-6.6875,-41.152,-15.949,21.821,-2.3507,-31.168,-8.6143,-50.398,-36.493,-29.465,-26.52,-22.623
-9.5189,-44.687,-14.048,25.367,-4.6758,-31.909,-9.3555,-51.34,-37.615,-30.745,-27.911,-24.422
-11.833,-47.243,-13.612,28.182,-6.1394,-32.676,-10.126,-52.286,-38.674,-31.884,-29.071,-25.928
-13.533,-49.191,-14.758,30.358,-6.6194,-33.705,-10.849,-53.251,-39.674,-32.888,-30.029,-27.178
-14.598,-50.742,-17.236,31.999,-6.1943,-34.991,-11.481,-54.254,-40.625,-33.771,-30.8,-28.214
-15.081,-51.97,-20.515,33.19,-5.0905,-36.381,-12.02,-55.316,-41.547,-34.563,-31.407,-29.095
-15.086,-52.883,-23.948,34.001,-3.6249,-37.674,-12.497,-56.468,-42.474,-35.298,-31.883,-29.889
-14.747,-53.498,-26.961,34.504,-2.1201,-38.704,-12.943,-57.727,-43.441,-36.011,-32.28,-30.657
-14.196,-53.876,-29.218,34.781,-0.8162,-39.403,-13.37,-59.07,-44.461,-36.719,-32.65,-31.44
-13.529,-54.113,-30.697,34.917,0.19936,-39.802,-13.748,-60.377,-45.487,-37.404,-33.037,-32.246
-12.784,-54.304,-31.647,34.964,1.0113,-40.008,-13.995,-61.399,-46.383,-38.005,-33.454,-33.043
-11.943,-54.502,-32.473,34.92,1.8361,-40.151,-13.973,-61.717,-46.908,-38.411,-33.877,-33.771
-10.959,-54.698,-33.532,34.725,2.9608,-40.331,-13.493,-60.772,-46.723,-38.457,-34.242,-34.348
-9.761,-54.817,-34.95,34.266,4.749,-40.585,-12.386,-58.176,-45.474,-37.933,-34.442,-34.672
-8.1717,-54.734,-36.553,33.359,7.7828,-40.887,-10.753,-56.379,-43.402,-36.662,-34.324,-34.597
-5.8058,-54.277,-37.73,31.668,12.761,-41.146,-10.34,-77.49,-47.323,-35.368,-33.678,-33.908
-3.1103,-53.193,-37.267,28.76,17.503,-41.218,-19.096,-93.822,-75.972,-44.536,-32.328,-32.355
-11.033,-51.099,-35.348,26.044,14.75,-40.928,-24.056,-99.645,-83.849,-70.481,-31.868,-30.385
-29.359,-48.053,-34.312,35.796,7.8068,-40.14,-26.098,-106.5,-88.78,-74.577,-48.523,-39.793
-35.478,-52.054,-35.011,54.524,4.8341,-39.031,-27.177,-110.32,-91.4,-75.589,-55.909,-61.02
-31.953,-73.308,-37.892,57.327,7.2956,-41.662,-25.189,-104.38,-86.301,-71.6,-56.132,-62.383
-18.898,-74.872,-43.16,50.892,17.147,-57.945,-18.022,-82.013,-66.537,-57.444,-54.6,-61.099
5.5335,-68.033,-57.714,35.827,36.257,-63.375,-3.0006,-35.247,-25.654,-27.612,-47.982,-54.682
42.686,-55.942,-84.029,10.802,65.76,-69.588,23.56,47.348,41.396,21.622,-31.925,-39.324
93.717,-37.651,-118.07,-24.03,108.15,-76.087,64.701,173.44,140.11,93.467,-3.2086,-11.975
158.31,-11.456,-151.94,-68.762,159.16,-78.239,120.81,340.2,274.94,193.94,42.719,32.497
233.08,27.347,-176.57,-125.91,210.12,-68.715,188.47,533.34,443.11,329.08,114.88,102.84
312.87,87.14,-183.55,-197.57,253.12,-41.759,260.62,729.11,633.96,500.14,222.24,208.44
391.15,177.28,-164.42,-282.53,280.22,6.702,327.48,898.39,831.93,703.79,369.68,354.78
460.12,298.64,-112.35,-377.39,284.64,83.961,377.62,1012,1018.3,931.46,555.85,540.86
511.57,441.6,-24.448,-475.64,262.16,200.33,400.14,1045.9,1173.2,1167.6,770.88,756.51
537.53,595.27,96.648,-566.66,211.75,341.88,387.55,986.46,1277.1,1388.7,994.74,980.8
530.76,741.55,242.96,-637.11,135.28,490.91,338.15,832.76,1311.3,1562.6,1197,1182.6
485.27,856.69,399.93,-672.3,37.257,629.81,256.67,595.94,1258.7,1650.5,1339.9,1324.3
398.4,916.22,545.57,-658.59,-73.646,734.75,152.1,295.67,1105.2,1614.5,1386.3,1369.3
274.96,901.46,654.43,-588.64,-183.7,783.49,33.654,-44.069,845.98,1429.3,1310.7,1292.4
128.91,807.14,707.26,-466.78,-278.04,763.21,-92.018,-397.94,492.59,1095.5,1110,1090.7
-20.777,645.85,698.4,-309.58,-346.31,676.59,-220.13,-739.91,77.31,647.84,809.05,789.07
-155.81,445.68,636.69,-141.06,-384.68,542.1,-345.19,-1043.2,-349.46,151.19,457.28,437.13
-261.9,241.58,541.06,14.192,-394.24,387.85,-458.86,-1281.8,-730.03,-315.71,115.06,95.426
-330.16,64.56,433,136.81,-378.61,241.86,-550.25,-1434.3,-1014.7,-683.21,-164.61,-183
-357.9,-66.194,329.65,216.34,-343.39,123.31,-608.72,-1488.8,-1174.8,-910.08,-350.59,-367.36
-348.86,-145.89,239.82,252.25,-295.22,39.242,-627.23,-1446.5,-1208.6,-991.09,-438.6,-454.01
-312.1,-181.77,165.4,252.32,-240.06,-13.336,-604.35,-1322.5,-1137.6,-951.62,-446.56,-461.27
-259.11,-187.25,104.84,228.62,-183.01,-42.968,-545.37,-1143.3,-996.6,-833.93,-403.4,-417.83
-200.69,-175.58,56.256,193.2,-128.85,-59.087,-462.07,-939.31,-823.02,-681.84,-336.94,-351.12
-145.57,-156.5,18.598,155.7,-82.355,-67.811,-369.04,-737.85,-647.99,-529.43,-267.39,-281.35
-99.992,-136.78,-7.8974,122.18,-47.266,-71.203,-279.02,-558.28,-492.28,-396.59,-206.54,-220.37
-67.627,-115.78,-23.629,92.241,-24.043,-70.988,-200.84,-411.33,-365.98,-291.25,-159.04,-172.86
-49.338,-71.976,-30.206,74.39,-11.045,-67.205,-138.9,-300.01,-271.27,-213.89,-124.91,-138.97
-41.451,-63.874,-29.649,66.18,-6.2264,-44.491,-93.186,-220.55,-205.04,-160.81,-100.86,-115.86
-39.28,-63.593,-23.275,61.717,-7.458,-36.686,-60.673,-165.02,-160.09,-126.34,-83.902,-101.55
-40.254,-63.026,-10.048,57.895,-13.494,-35.844,-38.045,-127.2,-128.34,-103.43,-73.25,-92.675
-40.678,-61.695,-1.2234,52.618,-20.204,-35.403,-23.029,-102.58,-105.09,-85.958,-65.03,-85.979
-35.289,-60.147,0.18297,47.274,-21.997,-35.117,-11.842,-86.522,-88.219,-71.924,-56.997,-80.905
-31.633,-58.83,-0.88861,43.947,-22.06,-35.144,-6.2934,-78.036,-76.845,-60.527,-48.564,-76.453
-29.368,-57.878,-4.0115,42.028,-20.306,-35.588,-3.5032,-70.401,-67.567,-51.53,-40.207,-68.185
-26.865,-57.194,-8.9157,40.646,-16.92,-36.413,-2.3795,-64.739,-60.352,-44.01,-34.859,-59.103
-23.798,-56.59,-14.956,39.347,-12.35,-37.441,-3.711,-58.139,-52.035,-38.295,-31.957,-52.864
-20.186,-55.882,-21.27,37.887,-7.1796,-38.408,-4.7607,-47.899,-42.526,-34.764,-30.184,-49.049
-16.199,-54.956,-26.891,36.15,-2.0761,-39.044,-0.82136,-42.018,-36.73,-32.099,-28.951,-46.657
-12.104,-53.802,-30.922,34.144,2.3303,-39.16,1.9406,-38.432,-32.966,-29.866,-27.969,-45.017
-8.2021,-52.503,-32.786,31.976,5.6038,-38.688,3.5914,-35.754,-30.085,-27.894,-27.063,-43.739
-4.7533,-51.172,-32.397,29.793,7.6011,-37.684,4.7214,-33.545,-27.645,-26.073,-26.125,-42.622
-1.9123,-49.903,-30.191,27.719,8.463,-36.303,5.6311,-31.588,-25.438,-24.32,-25.099,-41.583
0.29231,-48.751,-26.999,25.822,8.5123,-34.773,6.4529,-29.723,-23.337,-22.569,-23.959,-40.596
1.9339,-47.745,-23.793,24.126,8.1281,-33.353,7.2384,-27.806,-21.242,-20.758,-22.695,-39.64
3.1408,-46.894,-21.425,22.626,7.656,-32.268,7.9994,-25.701,-19.062,-18.825,-21.291,-38.674
4.0634,-46.184,-20.443,21.301,7.4336,-31.644,8.73,-23.293,-16.712,-16.705,-19.715,-37.63
4.8572,-45.568,-20.974,20.114,7.7598,-31.484,9.423,-20.485,-14.114,-14.331,-17.913,-36.412
5.6419,-44.971,-22.707,19.013,8.7163,-31.666,10.082,-17.216,-11.195,-11.633,-15.806,-34.917
6.4528,-44.297,-25.018,17.943,10.063,-31.994,10.721,-13.469,-7.9061,-8.5554,-13.311,-33.06
7.2119,-43.455,-27.2,16.868,11.342,-32.254,11.353,-9.2848,-4.2362,-5.0729,-10.381,-30.821
7.7934,-42.398,-28.669,15.763,12.15,-32.277,11.977,-4.7616,-0.2268,-1.2146,-7.0544,-28.247
8.1101,-41.126,-29.055,14.598,12.287,-31.973,12.588,-0.025656,4.0494,2.9505,-3.4497,-25.434
8.1529,-39.679,-28.228,13.358,11.724,-31.338,13.196,4.822,8.5362,7.361,0.28191,-22.466
7.9623,-38.128,-26.293,12.074,10.533,-30.426,13.845,9.7404,13.234,12.016,4.0328,-19.375
7.6102,-36.568,-23.542,10.817,8.8872,-29.314,14.596,14.744,18.197,16.993,7.7765,-16.133
7.2251,-35.092,-20.351,9.6528,7.0546,-28.073,15.49,19.868,23.535,22.43,11.558,-12.668
7.0126,-33.718,-17.105,8.5676,5.3661,-26.739,16.519,25.155,29.386,28.492,15.46,-8.8826
7.2316,-32.346,-14.128,7.4427,4.1411,-25.306,17.626,30.652,35.91,35.334,19.576,-4.6703
8.0737,-30.773,-11.639,6.0914,3.5863,-23.74,18.715,36.414,43.272,43.076,24,0.06758
9.5643,-28.767,-9.7251,4.3435,3.7233,-22.007,19.685,42.521,51.614,51.777,28.828,5.4074
11.554,-26.157,-8.3571,2.1185,4.3946,-20.112,20.453,49.077,61.026,61.422,34.183,11.403
13.799,-22.89,-7.4401,-0.54992,5.3466,-18.114,20.981,56.173,71.428,71.893,40.225,18.099
16.102,-19.02,-6.8583,-3.554,6.3426,-16.126,21.295,63.861,82.59,82.956,47.133,25.553
18.45,-14.644,-6.4946,-6.7949,7.2688,-14.268,21.466,72.098,94.149,94.317,55.037,33.849
21.136,-9.8007,-6.2292,-10.255,8.1831,-12.598,21.574,80.705,105.72,105.73,63.879,43.049
24.785,-4.4147,-5.9524,-14.011,9.3586,-11.061,21.66,89.373,117,117.1,73.315,53.101
30.197,1.6371,-5.6046,-18.193,11.197,-9.4947,21.703,97.769,127.86,128.4,82.825,63.754
37.856,8.3766,-5.2201,-22.968,14.074,-7.7142,21.633,105.66,138.29,139.69,92.01,74.628
47.455,15.596,-4.9429,-28.596,18.191,-5.6073,21.363,112.98,148.39,151.06,100.79,85.431
58.325,22.891,-5.0095,-35.451,23.651,-3.2088,20.811,119.85,158.33,162.72,109.38,96.119
70.208,29.856,-5.7002,-43.846,30.581,-0.6992,19.923,126.43,168.38,174.94,118.15,106.88
83.098,36.273,-7.2594,-53.738,39.048,1.6853,18.678,132.88,178.81,188.04,127.52,117.98
96.845,42.168,-9.7979,-64.68,48.911,3.7973,17.093,139.28,189.87,202.31,137.84,129.66
111.12,47.763,-13.221,-76.12,59.775,5.6989,15.199,145.62,201.69,217.9,149.3,141.98
125.53,53.418,-17.238,-87.719,71.04,7.6748,13.04,151.77,214.22,234.71,161.86,154.85
139.73,59.584,-21.46,-99.432,82.075,10.116,10.66,157.6,227.22,252.5,175.35,168.17
153.55,66.764,-25.512,-111.37,92.503,13.329,8.1161,163.02,240.35,270.94,189.53,181.95
167.1,75.459,-29.139,-123.64,102.36,17.361,5.5003,167.96,253.3,289.82,204.25,196.34
180.67,86.024,-32.26,-136.22,111.93,21.941,2.9368,172.45,265.87,309.02,219.44,211.45
194.52,98.417,-34.889,-148.98,121.4,26.622,0.54852,176.54,277.95,328.48,235.02,227.3
208.59,112.02,-36.982,-161.71,130.55,31.031,-1.5938,180.27,289.51,348.06,250.9,243.73
222.34,125.77,-38.359,-174.04,138.78,35.036,-3.4921,183.73,300.47,367.48,266.82,260.44
234.89,138.68,-38.743,-185.6,145.35,38.739,-5.2068,186.95,310.78,386.31,282.41,277.02
245.61,150.18,-37.859,-196.09,149.82,42.356,-6.8429,189.93,320.32,404.03,297.23,293.01
254.29,160.2,-35.584,-205.38,152.19,46.084,-8.5426,192.64,328.96,420.24,310.87,307.97
261.13,168.93,-32.066,-213.51,152.87,50.003,-10.465,195.04,336.62,434.71,323.15,321.65
266.55,176.6,-27.744,-220.56,152.48,54.058,-12.743,197.08,343.26,447.41,334.08,334.03
271.01,183.36,-23.23,-226.66,151.73,58.093,-15.438,198.66,348.89,458.44,343.88,345.25
274.91,189.27,-19.115,-231.93,151.17,61.931,-18.512,199.69,353.5,467.92,352.77,355.55
278.52,194.32,-15.788,-236.43,151.1,65.424,-21.811,200.03,357.01,475.89,360.86,365.04
281.93,198.49,-13.358,-240.21,151.54,68.464,-25.112,199.57,359.29,482.31,368.02,373.57
285.01,201.73,-11.697,-243.21,152.32,70.968,-28.241,198.26,360.24,487.07,373.94,380.74
287.38,204.03,-10.575,-245.29,153.07,72.861,-31.178,196.15,359.81,490.05,378.31,386.1
288.42,205.37,-9.8091,-246.26,153.29,74.099,-34.022,193.34,358.07,491.22,381.01,389.47
287.38,205.8,-9.3595,-245.89,152.31,74.688,-36.869,189.95,355.11,490.64,382.14,390.95
283.59,205.41,-9.3261,-244.1,149.49,74.678,-39.732,186.06,350.98,488.34,381.86,390.74
276.89,204.34,-9.7345,-240.93,144.81,74.168,-42.513,181.7,345.69,484.36,380.28,389.03
267.8,202.75,-10.293,-236.55,138.85,73.318,-45.039,176.89,339.2,478.67,377.43,385.89
257.07,200.73,-10.403,-231.19,131.97,72.369,-47.104,171.62,331.48,471.16,373.24,381.27
245.34,198.3,-9.3569,-225,124.13,71.624,-48.533,165.86,322.56,461.68,367.56,375.01
233.07,195.35,-6.5868,-218.05,115.2,71.382,-49.22,159.56,312.52,450.02,360.23,366.96
220.57,191.74,-1.8646,-210.37,105.17,71.831,-49.14,152.7,301.48,436.08,351.17,357.1
208.09,187.3,4.6962,-202.1,94.113,72.986,-48.336,145.25,289.51,420.02,340.41,345.62
195.81,181.96,12.629,-193.4,82.211,74.653,-46.883,137.2,276.64,402.27,328.14,332.82
183.84,175.76,20.908,-184.45,69.981,76.404,-44.863,128.52,262.9,383.41,314.63,319.01
172.23,168.76,28.062,-175.32,58.361,77.594,-42.348,119.25,248.47,363.94,300.21,304.43
161.05,160.98,32.716,-165.9,48.402,77.574,-39.403,109.54,233.74,344.15,285.1,289.23
150.31,152.33,34.011,-155.98,40.851,75.963,-36.088,99.77,219.1,324.08,269.43,273.51
140.03,142.73,31.735,-145.32,35.965,72.781,-32.472,90.422,204.85,303.68,253.21,257.34
130.2,132.22,26.247,-133.83,33.42,68.376,-28.648,81.84,191.04,282.94,236.48,240.85
120.8,121.05,18.509,-121.66,32.091,63.221,-24.718,74.046,177.58,261.96,219.39,224.17
111.56,109.61,10.079,-109.2,30.495,57.74,-20.754,66.781,164.32,240.94,202.16,207.48
101.94,98.326,2.5567,-96.959,28.128,52.237,-16.847,59.672,151.03,220.06,185.05,190.96
91.419,87.524,-2.8966,-85.419,25.264,46.962,-13.169,52.43,137.52,199.48,168.33,174.76
80.102,77.361,-5.2456,-74.808,21.738,42.221,-9.8876,44.98,123.65,179.31,152.21,159.05
68.571,67.839,-3.5134,-65.076,17.103,38.253,-7.041,37.458,109.32,159.58,136.83,143.89
57.256,58.836,2.2489,-56.009,11.255,34.847,-4.5741,30.09,94.434,140.32,122.12,129.17
46.341,50.142,10.087,-47.447,4.6037,31.217,-2.436,23.037,79.099,121.53,107.79,114.63
36.035,41.493,17.221,-39.407,-2.0348,26.479,-0.63411,16.359,63.917,103.19,93.325,99.961
26.714,32.643,21.679,-31.997,-7.6212,20.442,0.77128,10.076,49.988,85.033,78.273,85.14
18.888,23.522,22.509,-25.234,-11.142,13.795,1.7064,4.2257,38.156,66.866,62.897,70.759
13.008,14.381,19.529,-18.988,-12.006,7.3876,2.1293,-1.1323,28.459,49.343,48.521,57.709
9.1821,5.7093,13.411,-13.121,-10.364,1.6909,2.0627,-5.9635,20.445,33.807,36.437,46.514
7.0602,-2.0357,5.5644,-7.5926,-7.0464,-3.1071,1.6054,-10.277,13.657,21.019,26.796,37.131
5.9679,-8.6651,-2.1727,-2.4164,-3.1824,-6.9352,0.92093,-14.11,7.8032,10.779,19.004,29.235
5.1476,-14.301,-8.1299,2.4213,0.15295,-9.8242,0.20995,-17.505,2.7271,2.5325,12.471,22.49
3.9526,-19.228,-11.28,6.9597,2.0565,-11.911,-0.32825,-20.497,-1.659,-4.1917,6.8513,16.651
1.9529,-23.689,-11.303,11.204,1.9295,-13.411,-0.54119,-23.115,-5.4203,-9.7067,1.9911,11.564
-1.0183,-27.752,-8.598,15.104,-0.32308,-14.57,-0.36539,-25.396,-8.6244,-14.222,-2.1787,7.1306
-4.8442,-31.343,-4.1475,18.59,-4.2613,-15.585,0.15192,-27.39,-11.35,-17.898,-5.714,3.2751
-9.146,-34.372,0.81708,21.594,-9.0841,-16.588,0.86561,-29.166,-13.686,-20.878,-8.6928,-0.07329
-13.399,-36.813,5.2341,24.058,-13.914,-17.653,1.5906,-30.795,-15.721,-23.294,-11.212,-2.9956
-17.109,-38.694,8.5683,25.955,-18.058,-18.752,2.19,-32.329,-17.526,-25.257,-13.355,-5.5615
-19.954,-40.068,10.719,27.321,-21.139,-19.752,2.6395,-33.766,-19.128,-26.849,-15.171,-7.8026
-21.821,-41.025,11.833,28.279,-23.06,-20.509,3.0193,-35.04,-20.498,-28.111,-16.666,-9.7025
-22.753,-41.705,12.125,29.01,-23.839,-20.963,3.441,-36.048,-21.571,-29.055,-17.835,-11.215
-22.858,-42.287,11.675,29.673,-23.474,-21.187,3.9641,-36.701,-22.289,-29.686,-18.691,-12.304
-22.247,-42.936,10.35,30.346,-21.934,-21.388,4.5543,-36.989,-22.646,-30.031,-19.281,-12.983
-21.014,-43.753,7.9177,31.019,-19.258,-21.824,5.0964,-37.006,-22.717,-30.144,-19.682,-13.33
-19.278,-44.746,4.3124,31.633,-15.682,-22.684,5.4509,-36.923,-22.642,-30.108,-19.99,-13.476
-17.253,-45.838,-0.16236,32.136,-11.682,-23.98,5.522,-36.929,-22.592,-30.019,-20.304,-13.566
-15.288,-46.915,-4.8289,32.526,-7.9128,-25.533,5.3001,-37.158,-22.708,-29.964,-20.703,-13.734
-13.838,-47.877,-8.8176,32.859,-5.0575,-27.06,4.8747,-37.649,-23.055,-30.005,-21.222,-14.055
-13.35,-48.682,-11.339,33.244,-3.6606,-28.304,4.4058,-38.345,-23.61,-30.155,-21.829,-14.535
-14.119,-49.347,-11.943,33.795,-4.0072,-29.129,4.0552,-39.14,-24.298,-30.394,-22.452,-15.131
-16.178,-49.93,-10.664,34.575,-6.0632,-29.556,3.9124,-39.938,-25.042,-30.687,-23.025,-15.796
-19.268,-50.485,-7.985,35.562,-9.4884,-29.728,3.9575,-40.688,-25.8,-31.02,-23.528,-16.515
-22.905,-51.04,-4.6524,36.652,-13.713,-29.833,4.0772,-41.378,-26.564,-31.395,-23.989,-17.303
-26.51,-51.583,-1.4417,37.691,-18.045,-30.016,4.1193,-42.017,-27.335,-31.813,-24.461,-18.186
-29.547,-52.068,1.0488,38.527,-21.798,-30.318,3.956,-42.6,-28.097,-32.262,-24.994,-19.163
-31.615,-52.43,2.5324,39.051,-24.433,-30.658,3.5365,-43.094,-28.801,-32.701,-25.613,-20.193
-32.486,-52.599,3.0113,39.227,-25.624,-30.889,2.9095,-43.443,-29.373,-33.075,-26.301,-21.198
-32.09,-52.519,2.6021,39.073,-25.201,-30.865,2.2079,-43.583,-29.741,-33.32,-27.004,-22.067
-30.478,-52.173,1.3934,38.622,-23.129,-30.52,1.6009,-43.466,-29.854,-33.388,-27.648,-22.699
-27.799,-51.598,-0.56833,37.904,-19.592,-29.902,1.2346,-43.085,-29.711,-33.253,-28.166,-23.039
-24.338,-50.886,-3.2175,36.971,-15.041,-29.172,1.1879,-42.488,-29.37,-32.928,-28.524,-23.11
-20.57,-50.147,-6.3255,35.926,-10.197,-28.532,1.4651,-41.77,-28.936,-32.468,-28.733,-22.997
-17.154,-49.465,-9.3722,34.907,-5.9765,-28.112,2.0247,-41.034,-28.521,-31.947,-28.821,-22.805
-14.78,-48.865,-11.581,34.049,-3.2489,-27.869,2.8196,-40.346,-28.191,-31.43,-28.805,-22.6
-13.924,-48.308,-12.139,33.44,-2.5944,-27.601,3.825,-39.704,-27.936,-30.932,-28.674,-22.374
-14.687,-47.72,-10.525,33.108,-4.1665,-27.069,5.0508,-39.048,-27.681,-30.413,-28.395,-22.054
-16.824,-47.042,-6.7958,33.029,-7.6548,-26.132,6.5324,-38.298,-27.329,-29.811,-27.945,-21.548
-19.823,-46.252,-1.6456,33.123,-12.333,-24.815,8.2895,-37.4,-26.815,-29.087,-27.342,-20.806
-22.998,-45.369,3.7856,33.259,-17.202,-23.297,10.276,-36.339,-26.129,-28.243,-26.645,-19.845
-25.641,-44.438,8.2805,33.28,-21.233,-21.839,12.375,-35.139,-25.312,-27.324,-25.941,-18.747
-27.205,-43.489,10.945,33.056,-23.639,-20.651,14.45,-33.835,-24.423,-26.383,-25.308,-17.61
-27.452,-42.503,11.494,32.528,-24.081,-19.768,16.412,-32.445,-23.498,-25.452,-24.778,-16.491
-26.496,-41.383,10.327,31.709,-22.756,-19,18.258,-30.955,-22.532,-24.522,-24.329,-15.374
-24.741,-39.975,8.3359,30.665,-20.301,-17.994,20.071,-29.319,-21.478,-23.552,-23.901,-14.193
-22.714,-38.109,6.5793,29.474,-17.52,-16.383,21.99,-27.479,-20.278,-22.491,-23.423,-12.871
-20.894,-35.673,5.9161,28.199,-15.083,-13.939,24.157,-25.393,-18.9,-21.301,-22.851,-11.369
-19.579,-32.666,6.7068,26.872,-13.404,-10.702,26.662,-23.043,-17.343,-19.979,-22.161,-9.6928
-18.832,-29.235,8.7423,25.473,-12.659,-7.0283,29.507,-20.43,-15.632,-18.544,-21.35,-7.8827
-18.477,-25.643,11.397,23.93,-12.815,-3.4591,32.64,-17.557,-13.79,-17.02,-20.408,-5.9809
-18.186,-22.165,13.992,22.166,-13.649,-0.44372,36.021,-14.409,-11.816,-15.415,-19.314,-4.0087
-17.678,-18.955,16.24,20.148,-14.838,1.9016,39.638,-10.946,-9.6755,-13.706,-18.031,-1.953
-16.89,-15.973,18.327,17.912,-16.11,3.822,43.448,-7.1171,-7.3194,-11.852,-16.514,0.22503
-15.923,-13.02,20.654,15.541,-17.315,5.7679,47.311,-2.9033,-4.7107,-9.8166,-14.73,2.5637
-14.907,-9.8417,23.481,13.113,-18.408,8.1681,51.031,1.633,-1.8604,-7.5923,-12.68,5.0631
-13.919,-6.243,26.708,10.662,-19.348,11.237,54.508,6.3217,1.1487,-5.228,-10.423,7.6572
-12.956,-2.1615,29.862,8.1684,-20.015,14.873,57.84,10.911,4.1661,-2.8252,-8.0781,10.22
-11.952,2.3111,32.26,5.5874,-20.216,18.695,61.308,15.146,7.0171,-0.50426,-5.784,12.618
-10.827,6.9484,33.278,2.9093,-19.771,22.21,65.287,18.86,9.5731,1.6523,-3.6457,14.777
-9.5429,11.441,32.608,0.21215,-18.612,25.038,70.121,22.033,11.801,3.6407,-1.6844,16.729
-8.1334,15.493,30.428,-2.3467,-16.835,27.069,75.904,24.754,13.754,5.5272,0.16152,18.592
-6.6822,18.947,27.422,-4.6148,-14.701,28.494,82.266,27.13,15.505,7.39,1.9869,20.501
-5.2699,21.849,24.58,-6.5438,-12.574,29.718,88.455,29.186,17.073,9.247,3.8473,22.533
-3.9381,24.402,22.851,-8.2162,-10.82,31.163,93.604,30.835,18.385,11.008,5.7044,24.653
-2.7076,26.807,22.816,-9.7657,-9.7223,33.072,96.83,31.897,19.3,12.484,7.4233,26.721
-1.6198,29.138,24.544,-11.269,-9.4211,35.427,97.267,32.174,19.68,13.462,8.8312,28.546
-0.75229,31.327,27.657,-12.706,-9.89,38.009,94.271,31.519,19.471,13.817,9.807,29.966
-0.19689,33.277,31.533,-14.006,-10.957,40.538,87.697,29.886,18.722,13.585,10.343,30.915
-0.022305,34.981,35.545,-15.124,-12.364,42.818,78.017,27.33,17.539,12.93,10.538,31.432
-0.24931,36.554,39.242,-16.072,-13.847,44.801,66.18,23.974,16.019,12.043,10.548,31.641
-0.84646,38.161,42.378,-16.905,-15.211,46.55,53.384,19.962,14.224,11.059,10.519,31.696
-1.7337,39.908,44.848,-17.679,-16.358,48.142,40.827,15.428,12.175,10.027,10.548,31.729
-2.7853,41.787,46.659,-18.429,-17.282,49.64,29.458,10.464,9.8673,8.9352,10.66,31.805
-3.8414,43.728,47.985,-19.174,-18.045,51.131,19.85,5.1381,7.2905,7.7276,10.809,31.908
-4.7392,45.662,49.168,-19.934,-18.73,52.728,12.278,-0.46456,4.4532,6.3497,10.897,31.955
-5.3582,47.557,50.612,-20.713,-19.409,54.506,6.9113,-6.186,1.4132,4.7847,10.83,31.852
-5.6578,49.356,52.587,-21.474,-20.102,56.444,3.7288,-11.782,-1.7109,3.0741,10.561,31.555
-5.6807,50.925,55.068,-22.12,-20.746,58.412,2.0005,-16.969,-4.7561,1.3122,10.127,31.109
-5.5146,52.06,57.7,-22.513,-21.207,60.218,0.61647,-21.506,-7.5598,-0.38409,9.6218,30.618
-5.2377,52.583,59.95,-22.52,-21.311,61.645,-0.86776,-25.265,-10.011,-1.9262,9.1375,30.182
-4.8946,52.425,61.318,-22.058,-20.928,62.496,-2.2831,-28.246,-12.086,-3.2875,8.7089,29.82
-4.5248,51.636,61.493,-21.103,-20.031,62.641,-3.3912,-30.544,-13.832,-4.5055,8.2917,29.453
-4.2165,50.292,60.426,-19.653,-18.739,62.029,-4.1044,-32.298,-15.333,-5.6456,7.7891,28.933
-4.1383,48.35,58.342,-17.681,-17.301,60.641,-4.4709,-33.637,-16.662,-6.7512,7.1067,28.124
-4.5126,45.551,55.679,-15.108,-16.037,58.443,-4.601,-34.673,-17.856,-7.8181,6.2007,26.978
-5.542,41.537,52.936,-11.855,-15.253,55.38,-4.5971,-35.504,-18.931,-8.8126,5.0892,25.54
-7.3258,36.115,50.466,-7.9205,-15.147,51.423,-4.5121,-36.232,-19.91,-9.7122,3.8215,23.896
-9.8231,29.385,48.323,-3.4215,-15.775,46.576,-4.3488,-36.954,-20.838,-10.533,2.4368,22.108
-12.868,21.631,46.229,1.448,-17.043,40.843,-4.0942,-37.744,-21.772,-11.335,0.94268,20.19
-16.223,13.151,43.674,6.4887,-18.762,34.223,-3.7574,-38.635,-22.771,-12.2,-0.67958,18.124
-19.639,4.2092,40.17,11.532,-20.696,26.786,-3.3886,-39.641,-23.879,-13.203,-2.4566,15.878
-22.891,-4.9083,35.586,16.417,-22.601,18.74,-3.0707,-40.748,-25.118,-14.393,-4.4058,13.412
-25.79,-13.81,30.269,20.953,-24.236,10.449,-2.8983,-41.941,-26.487,-15.779,-6.5242,10.7
-28.169,-21.993,24.79,24.932,-25.378,2.4175,-2.9544,-43.201,-27.965,-17.339,-8.7828,7.7351
-29.876,-28.997,19.599,28.209,-25.823,-4.798,-3.2934,-44.506,-29.517,-19.023,-11.126,4.5615
-30.782,-34.619,14.852,30.764,-25.39,-10.81,-3.939,-45.821,-31.098,-20.772,-13.482,1.2789
-30.789,-38.946,10.434,32.666,-23.932,-15.549,-4.8939,-47.119,-32.665,-22.532,-15.784,-1.9942
-29.841,-42.202,6.1271,33.985,-21.393,-19.192,-6.1538,-48.398,-34.198,-24.272,-17.986,-5.1673
-27.95,-44.598,1.8078,34.76,-17.879,-21.988,-7.7103,-49.676,-35.702,-25.982,-20.074,-8.2031
-25.264,-46.295,-2.4583,35.029,-13.714,-24.132,-9.5446,-50.991,-37.201,-27.673,-22.052,-11.116
-22.142,-47.418,-6.44,34.892,-9.4448,-25.729,-11.61,-52.386,-38.727,-29.356,-23.926,-13.936
-19.162,-48.085,-9.7716,34.525,-5.7693,-26.818,-13.816,-53.889,-40.288,-31.024,-25.682,-16.67
-17.02,-48.41,-11.969,34.15,-3.3788,-27.418,-16.033,-55.501,-41.875,-32.653,-27.285,-19.291
-16.301,-48.507,-12.553,33.979,-2.7833,-27.563,-18.128,-57.198,-43.455,-34.203,-28.683,-21.748
-17.259,-48.491,-11.296,34.145,-4.1679,-27.342,-20.008,-58.947,-44.987,-35.635,-29.834,-23.986
-19.72,-48.482,-8.4147,34.669,-7.312,-26.923,-21.645,-60.697,-46.426,-36.918,-30.716,-25.974
-23.126,-48.586,-4.5313,35.463,-11.615,-26.533,-23.041,-62.339,-47.703,-38.02,-31.334,-27.703
-26.723,-48.865,-0.45471,36.353,-16.247,-26.374,-24.16,-63.645,-48.695,-38.89,-31.714,-29.171
-29.761,-49.28,3.078,37.111,-20.376,-26.528,-24.846,-64.219,-49.19,-39.437,-31.88,-30.37
-31.663,-49.688,5.5689,37.508,-23.349,-26.914,-24.788,-63.497,-48.889,-39.511,-31.835,-31.256
-32.098,-49.906,6.7658,37.359,-24.786,-27.366,-23.616,-61.042,-47.497,-38.917,-31.537,-31.744
-31.008,-49.808,6.5692,36.558,-24.503,-27.752,-21.374,-59.122,-45.516,-37.542,-30.873,-31.694
-28.577,-49.344,4.9373,35.023,-22.185,-28.041,-20.71,-78.073,-51.076,-36.495,-29.628,-30.896
-25.297,-48.436,1.9036,32.579,-17.213,-28.291,-26.671,-94.25,-77.379,-47.45,-27.468,-29.051
-23.301,-46.757,-2.2088,29.007,-11.378,-28.551,-28.556,-99.761,-84.135,-70.713,-24.566,-25.891
-29.905,-43.536,-6.8772,26.483,-8.5436,-28.718,-29.525,-106.46,-88.801,-74.32,-31.012,-24.65
-37.226,-40.241,-12.282,40.498,-5.0656,-28.498,-28.883,-110.93,-91.39,-75.303,-50.883,-49.389
-37.473,-61.449,-19.196,54.53,1.9878,-30.449,-24.903,-106.8,-86.926,-71.884,-51.768,-59.374
-31.689,-72.728,-32.203,52.897,13.761,-52.322,-15.682,-86.21,-68.485,-59.282,-50.522,-58.847
-17.767,-68.788,-59.082,43.945,31.457,-61.507,1.4126,-40.16,-28.674,-31.579,-45.792,-55.022
7.9315,-60.016,-89.277,26.6,56.934,-70.859,29.493,41.588,38.454,16.803,-34.134,-44.693
51.312,-44.963,-122.84,-1.0254,95.825,-78.892,71.223,165.27,137.37,90.019,-10.506,-23.025
114.91,-21.157,-153.02,-41.484,143.19,-79.901,126.96,328.29,270.77,193.01,32.661,17.757
190.95,16.664,-171.3,-99.007,189.75,-67.03,193.73,518.14,435.72,329.43,103.08,86.738
271.89,76.773,-171.34,-174.76,228.2,-36.622,265.1,712.9,622.78,499.1,205.32,188.18
351.28,168.46,-145.59,-265.24,251.99,14.927,331.49,883.9,817.66,698.85,342.27,325.54
422.29,295.59,-85.619,-364.39,254.87,98.433,381.17,1001.3,1002.2,920.38,513.7,498.74
477.19,444.01,12.613,-465.45,231.29,226.83,402.85,1040.4,1156.2,1148.5,712.13,699.08
507.44,599.31,145.64,-559.15,178.29,375.84,389.16,986.92,1260,1360.3,920.31,907.53
504.63,745.24,301.48,-632.46,97.207,526.55,338.8,839.19,1295.2,1525,1110.9,1096
462.38,858.28,460.37,-670.49,-5.4191,661.22,256.55,607.36,1244.9,1605.9,1248.8,1229.9
379,914.03,598.23,-659.56,-117.78,756.24,151.05,310.55,1095.6,1566.8,1297.9,1274.2
259.52,894.12,691.89,-591.9,-224.74,791.25,31.446,-27.171,842.43,1383.5,1231.5,1203.1
116.24,793.86,725.56,-470.29,-311.45,756.38,-95.364,-380.18,496.45,1056.6,1044.5,1011.2
-32.751,626.58,695.6,-309.88,-367.35,657.09,-224.53,-722.52,88.805,619.73,758.59,720.55
-167.38,421.35,613.13,-135.59,-389.8,513.89,-350.5,-1027.7,-331.63,135.51,419.85,377.69
-270.93,214.59,501.18,24.758,-383.84,356.07,-464.7,-1269.6,-708.48,-319.81,86.536,41.76
-333.96,38.771,384.58,148.67,-357.46,211.64,-555.96,-1426.4,-992.51,-678.32,-187.77,-233.28
-355.7,-86.888,281.32,225.2,-317.91,98.338,-613.37,-1485.3,-1154.6,-899.32,-369.76,-414.45
-342.79,-159.57,199.69,256.28,-271.2,21.65,-629.74,-1447.4,-1191.9,-977.34,-453.09,-496.42
-305.7,-189.19,139.04,252.56,-221.85,-23.629,-604,-1327.5,-1124.8,-937.35,-454.09,-497.31
-255.1,-190.5,93.179,227.11,-172.76,-47.432,-542.27,-1151.3,-987.54,-821.24,-403.12,-448.61
-200.34,-176.47,56.81,191.52,-126.62,-59.884,-456.8,-948.38,-817.24,-672.03,-332.44,-381.87
-148.82,-156.12,27.109,154.68,-86.774,-66.562,-362.11,-745.85,-644.71,-522.64,-262.71,-317.51
-105.96,-135.68,2.474,121.91,-55.589,-69.076,-270.91,-563.93,-490.4,-392.29,-203.26,-265.18
-74.816,-112.84,-15.407,94.098,-32.498,-68.816,-191.96,-414.57,-364.4,-288.69,-157.05,-226.54
-55.344,-72.129,-26.894,76.772,-16.325,-62.257,-129.73,-301.76,-269.04,-212.32,-123.67,-199.04
-44.22,-65.171,-33.244,67.625,-6.2608,-37.721,-84.64,-222.06,-201.86,-159.63,-100.25,-184.35
-38.165,-64.635,-27.701,62.605,-1.923,-35.718,-53.794,-167.21,-156.55,-125.24,-84.279,-179.01
-35.637,-63.534,-16.5,58.679,-3.2375,-35.48,-33.368,-129.87,-125.34,-102.34,-73.88,-163.32
-35.279,-61.475,-11.483,53.648,-6.3543,-34.587,-20.2,-105.23,-103.15,-84.95,-65.559,-142.97
-32.438,-59.028,-6.6594,47.634,-9.2692,-33.066,-9.9216,-89.085,-87.404,-71.088,-57.021,-130.86
-28.557,-56.7,-1.5426,43.166,-13.174,-31.211,-5.7549,-79.793,-76.744,-59.978,-47.856,-131.57
-27.705,-54.72,3.0777,40.62,-16.925,-29.378,-3.8019,-72.219,-68.158,-51.379,-37.957,-137.06
-28.039,-53.156,6.4259,39.126,-19.848,-27.883,-3.1113,-66.685,-61.573,-43.929,-30.7,-139.14
-28.493,-52.006,8.1003,38.171,-21.701,-26.934,-5.6136,-61.458,-54.779,-37.499,-26.295,-138.18
-28.72,-51.217,8.1561,37.525,-22.483,-26.588,-4.6168,-54.202,-48.172,-33.433,-23.107,-136.06
-28.532,-50.687,6.9997,37.017,-22.313,-26.74,-0.32525,-48.604,-43.783,-30.431,-20.349,-133.63
-27.751,-50.272,5.1755,36.458,-21.337,-27.161,2.5015,-44.789,-40.59,-27.846,-17.693,-131.13
-26.228,-49.814,3.1776,35.664,-19.683,-27.575,4.2515,-41.763,-37.972,-25.463,-15.003,-128.7
-23.909,-49.188,1.3422,34.515,-17.473,-27.765,5.3573,-39.138,-35.679,-23.188,-12.234,-126.51
-20.894,-48.363,-0.17324,33.017,-14.865,-27.639,6.061,-36.753,-33.586,-20.959,-9.3763,-124.66
-17.442,-47.409,-1.3827,31.306,-12.067,-27.263,6.5457,-34.513,-31.597,-18.717,-6.42,-123.15
-13.909,-46.454,-2.4597,29.578,-9.2865,-26.806,6.9781,-32.337,-29.62,-16.407,-3.3328,-121.92
-10.635,-45.609,-3.6978,28.001,-6.6628,-26.463,7.4955,-30.134,-27.566,-13.983,-0.067122,-120.78
-7.8417,-44.907,-5.3974,26.634,-4.2578,-26.379,8.1751,-27.829,-25.368,-11.423,3.4126,-119.58
-5.5936,-44.279,-7.7073,25.396,-2.0923,-26.598,9.0208,-25.367,-23.002,-8.7299,7.1031,-118.26
-3.8077,-43.559,-10.507,24.075,-0.18591,-27.053,9.9728,-22.723,-20.488,-5.919,10.962,-116.81
-2.2927,-42.535,-13.395,22.383,1.4405,-27.581,10.934,-19.891,-17.865,-2.9978,14.931,-115.29
-0.8183,-41.028,-15.788,20.063,2.7866,-27.983,11.802,-16.877,-15.17,0.046805,18.968,-113.69
0.79771,-38.978,-17.1,17.018,3.8716,-28.086,12.494,-13.689,-12.408,3.2526,23.07,-111.91
2.637,-36.499,-16.939,13.415,4.6894,-27.783,12.976,-10.311,-9.5402,6.6829,27.301,-109.83
4.6437,-33.855,-15.257,9.6487,5.1789,-27.037,13.259,-6.6893,-6.4815,10.432,31.81,-107.28
6.64,-31.317,-12.404,6.1438,5.3054,-25.876,13.388,-2.7469,-3.116,14.627,36.842,-104.1
8.4681,-29.006,-9.0816,3.1208,5.1736,-24.385,13.413,1.5851,0.67101,19.427,42.726,-100.24
10.232,-26.843,-6.1961,0.50937,5.0956,-22.69,13.364,6.3258,4.9695,25.012,49.802,-95.739
12.295,-24.622,-4.5993,-1.9534,5.5948,-20.931,13.248,11.427,9.824,31.554,58.242,-90.81
14.998,-22.112,-4.7772,-4.5527,7.1884,-19.233,13.056,16.78,15.256,39.167,67.798,-85.795
18.383,-19.124,-6.6634,-7.4682,10.024,-17.66,12.776,22.246,21.283,47.818,77.764,-81.058
22.172,-15.528,-9.6779,-10.724,13.696,-16.208,12.411,27.693,27.919,57.276,87.368,-76.87
25.981,-11.29,-12.928,-14.2,17.419,-14.823,11.987,33.019,35.161,67.174,96.224,-73.275
29.6,-6.4996,-15.462,-17.701,20.416,-13.448,11.568,38.207,43.011,77.192,104.43,-70.144
33.104,-1.3824,-16.511,-21.037,22.274,-12.047,11.242,43.363,51.53,87.202,112.36,-67.25
36.691,3.7598,-15.666,-24.092,23.018,-10.605,11.077,48.708,60.873,97.285,120.52,-64.358
40.362,8.6631,-12.996,-26.849,22.933,-9.1031,11.086,54.53,71.21,107.64,129.4,-61.282
43.967,13.21,-9.0714,-29.382,22.413,-7.506,11.203,61.09,82.564,118.51,139.38,-57.96
47.645,17.456,-4.8447,-31.86,21.975,-5.7687,11.297,68.546,94.687,130.04,150.68,-54.435
52.026,21.554,-1.4072,-34.537,22.33,-3.8696,11.211,76.841,107.13,142.27,163.22,-50.768
57.958,25.658,0.31524,-37.736,24.242,-1.8246,10.811,85.663,119.45,155.07,176.76,-47.005
66.078,29.872,-0.16664,-41.838,28.294,0.33661,10.032,94.565,131.4,168.27,191.02,-43.141
76.548,34.274,-2.7684,-47.363,34.763,2.6052,8.885,103.17,142.9,181.76,205.83,-39.157
88.975,38.948,-6.9077,-55.008,43.531,5.0078,7.4481,111.32,154.04,195.53,221.18,-35.021
102.55,44.008,-11.72,-65.299,53.947,7.5952,5.8243,119.03,165,209.65,237.07,-30.716
116.33,49.594,-16.278,-77.773,64.851,10.421,4.0971,126.37,176.01,224.23,253.37,-26.234
129.21,55.855,-19.776,-90.779,74.886,13.528,2.3089,133.38,187.26,239.36,269.73,-21.561
140.1,62.949,-21.707,-102.82,82.957,16.947,0.46751,140.02,198.85,255.1,285.64,-16.672
148.9,71.115,-22.009,-113.75,88.77,20.691,-1.4579,146.21,210.74,271.47,300.55,-11.542
156.95,80.697,-21.11,-124.41,93.193,24.724,-3.5624,151.88,222.81,288.43,314.07,-6.1624
166.31,91.952,-19.841,-135.77,97.898,28.94,-5.9974,156.99,234.88,305.87,326.09,-0.54985
178.48,104.72,-19.132,-148.31,104.36,33.155,-8.8956,161.59,246.77,323.67,336.73,5.2668
193.58,118.24,-19.64,-161.79,113.04,37.144,-12.284,165.75,258.38,341.65,346.32,11.252
210.36,131.48,-21.555,-175.49,123.14,40.727,-16.057,169.56,269.63,359.56,355.27,17.351
226.99,143.69,-24.586,-188.57,133.2,43.849,-20.021,173.08,280.44,377.07,364.04,23.466
242.02,154.62,-28.107,-200.42,141.99,46.607,-23.983,176.29,290.68,393.77,373.13,29.422
254.75,164.37,-31.38,-210.81,148.95,49.188,-27.815,179.1,300.16,409.19,383.17,34.984
265.1,173.15,-33.793,-219.8,154.08,51.759,-31.455,181.37,308.67,422.97,394.91,39.921
273.37,181.05,-35.051,-227.51,157.74,54.357,-34.869,183.02,316.01,434.88,408.7,44.1
279.99,187.91,-35.262,-234.07,160.51,56.857,-38.016,184.01,322.06,444.88,423.81,47.541
285.42,193.47,-34.849,-239.49,162.96,59.034,-40.841,184.41,326.85,453.09,438.64,50.383
289.95,197.53,-34.395,-243.72,165.52,60.685,-43.294,184.33,330.51,459.78,451.71,52.777
293.56,200.15,-34.524,-246.7,168.31,61.696,-45.354,183.87,333.24,465.25,462.35,54.78
296,201.58,-35.699,-248.43,171.06,62.055,-47.026,183.11,335.16,469.75,470.66,56.303
297.15,202.12,-37.905,-249.04,173.32,61.85,-48.336,182.02,336.29,473.42,477.12,57.145
297.11,202,-40.549,-248.73,174.84,61.265,-49.323,180.54,336.51,476.24,482.28,57.108
295.99,201.37,-42.695,-247.67,175.39,60.575,-50.03,178.55,335.59,478.03,486.53,56.169
293.72,200.3,-43.397,-245.95,174.6,60.082,-50.472,175.97,333.32,478.55,490.07,54.539
290.11,198.83,-41.969,-243.56,172.08,60.029,-50.635,172.77,329.59,477.49,492.98,52.522
284.99,196.95,-38.166,-240.45,167.56,60.516,-50.481,169,324.5,474.65,495.23,50.244
278.29,194.66,-32.246,-236.55,160.99,61.475,-49.962,164.78,318.27,469.91,496.7,47.572
270.06,191.93,-24.932,-231.76,152.67,62.689,-49.036,160.24,311.13,463.3,497.21,44.248
260.47,188.72,-17.263,-225.99,143.2,63.854,-47.686,155.42,303.24,454.9,496.5,40.038
249.72,184.93,-10.336,-219.19,133.42,64.66,-45.941,150.31,294.61,444.8,494.23,34.804
238.09,180.38,-5.0269,-211.4,124.1,64.88,-43.874,144.79,285.15,433.08,489.97,28.517
225.88,174.92,-1.7967,-202.76,115.77,64.43,-41.561,138.67,274.72,419.74,483.13,21.278
213.48,168.47,-0.61391,-193.55,108.56,63.368,-39.034,131.79,263.2,404.82,473.07,13.318
201.21,161.08,-0.96267,-184.05,102.16,61.859,-36.251,124.03,250.6,388.4,459.46,4.9318
189.34,152.88,-1.9929,-174.49,95.995,60.118,-33.134,115.44,237.15,370.77,442.86,-3.6658
177.93,144.03,-2.8092,-164.98,89.362,58.337,-29.643,106.22,223.19,352.25,424.98,-12.555
166.91,134.61,-2.7412,-155.44,81.618,56.611,-25.851,96.658,209.04,333.09,407.85,-22.348
156.14,124.68,-1.4689,-145.7,72.442,54.909,-21.96,86.985,194.81,313.37,392.7,-34.32
145.48,114.28,0.94391,-135.55,62.236,53.102,-18.234,77.35,180.5,293.07,379.63,-49.855
134.88,103.58,4.0577,-124.85,52.178,50.994,-14.881,67.887,166.07,272.26,368.01,-68.873
124.42,92.952,7.1667,-113.61,43.464,48.351,-11.972,58.769,151.6,251.17,357.15,-89.776
114.3,82.843,9.5326,-101.96,36.59,44.965,-9.464,50.169,137.26,230.23,346.62,-111.77
104.68,73.618,10.637,-90.131,31.429,40.784,-7.2579,42.19,123.24,209.94,336.33,-135.19
95.52,65.314,10.306,-78.487,27.606,36.019,-5.2469,34.854,109.62,190.66,326.32,-159.83
86.514,57.644,8.6996,-67.468,24.669,31.043,-3.3383,28.125,96.339,172.53,316.66,-184.39
77.051,50.185,6.2207,-57.434,22.057,26.155,-1.4896,21.917,83.318,155.44,307.31,-207.17
66.464,42.574,3.4332,-48.485,19.212,21.451,0.26935,16.094,70.53,139.18,297.99,-226.81
54.721,34.616,0.95197,-40.434,15.916,16.887,1.8914,10.522,58.072,123.51,288.19,-242.67
42.862,26.306,-0.68305,-32.96,12.272,12.411,3.3934,5.143,46.222,108.19,277.05,-255.2
32.121,17.824,-1.0933,-25.819,8.3288,8.0457,4.8541,-0.0016037,35.376,92.938,263.41,-265.61
22.885,9.4823,-0.08394,-18.968,3.977,3.9016,6.3445,-4.7928,25.87,77.417,246.57,-274.94
14.89,1.651,2.3363,-12.545,-0.84475,0.14237,7.8625,-9.096,17.818,61.628,226.98,-282.22
7.8546,-5.3488,5.8789,-6.757,-5.9925,-3.0802,9.3175,-12.818,11.119,46.403,206.61,-287.85
1.7278,-11.336,9.9256,-1.7468,-11.094,-5.7036,10.565,-15.94,5.5665,33.134,189.89,-298.77
-3.3698,-16.318,13.641,2.4823,-15.625,-7.7947,11.469,-18.515,0.95444,22.612,182.04,-315.08
-7.2752,-20.478,16.208,6.0893,-19.025,-9.5269,11.958,-20.637,-2.8847,14.565,181.88,-333.35
-9.8774,-24.104,17.033,9.3358,-20.814,-11.114,12.054,-22.399,-6.0738,8.2963,180.37,-349.4
-11.136,-27.451,15.859,12.425,-20.67,-12.735,11.87,-23.876,-8.7067,3.2424,168.83,-355.05
-11.09,-30.602,12.804,15.342,-18.56,-14.464,11.562,-25.138,-10.873,-0.93195,143.34,-340
-9.8962,-33.458,8.3429,17.877,-14.837,-16.26,11.269,-26.271,-12.68,-4.4338,104.24,-296.02
-7.8968,-35.856,3.2438,19.829,-10.219,-17.991,11.066,-27.378,-14.26,-7.4265,55.294,-221.26
-5.6452,-37.723,-1.5803,21.185,-5.6627,-19.52,10.963,-28.554,-15.735,-10.052,3.0059,-119.59
-3.8307,-39.139,-5.2633,22.138,-2.1471,-20.774,10.942,-29.85,-17.185,-12.417,-44.472,-10.906
-3.0895,-40.29,-7.1825,22.979,-0.41533,-21.784,10.978,-31.258,-18.635,-14.584,-79.375,63.532
-3.8126,-41.386,-7.1287,23.97,-0.79251,-22.661,11.034,-32.721,-20.06,-16.567,-96.449,104.2
-6.0361,-42.576,-5.3904,25.258,-3.1254,-23.538,11.054,-34.15,-21.411,-18.351,-94.332,125.66
-9.4476,-43.918,-2.6751,26.852,-6.8444,-24.513,10.989,-35.448,-22.623,-19.901,-78.198,135.27
-13.5,-45.377,0.13661,28.656,-11.143,-25.629,10.828,-36.519,-23.633,-21.178,-61.564,136.83
-17.572,-46.869,2.285,30.513,-15.197,-26.873,10.596,-37.293,-24.392,-22.157,-53.474,131.51
-21.101,-48.294,3.315,32.263,-18.332,-28.195,10.314,-37.749,-24.891,-22.846,-51.528,115.83
-23.678,-49.575,3.1113,33.784,-20.121,-29.518,9.9782,-37.938,-25.172,-23.293,-52.04,100.7
-25.1,-50.668,1.8346,35.005,-20.431,-30.755,9.5728,-37.969,-25.316,-23.579,-53.159,100.55
-25.382,-51.566,-0.18729,35.902,-19.414,-31.833,9.0981,-37.964,-25.419,-23.79,-53.771,105.06
-24.728,-52.292,-2.5735,36.487,-17.432,-32.702,8.5964,-38.016,-25.549,-23.986,-53.49,110.06
-23.463,-52.881,-4.9811,36.803,-14.94,-33.352,8.1491,-38.157,-25.733,-24.19,-52.558,112.61
-21.968,-53.356,-7.163,36.928,-12.395,-33.807,7.8491,-38.357,-25.95,-24.386,-51.319,111.32
-20.616,-53.729,-8.9784,36.967,-10.203,-34.11,7.7626,-38.554,-26.163,-24.544,-49.994,107.39
-19.702,-54.012,-10.367,37.024,-8.6681,-34.311,7.8977,-38.679,-26.333,-24.64,-48.681,102.27
-19.376,-54.227,-11.314,37.16,-7.939,-34.457,8.1975,-38.687,-26.435,-24.661,-47.378,96.861
-19.613,-54.397,-11.815,37.381,-7.99,-34.567,8.5609,-38.559,-26.453,-24.61,-46.042,91.482
-20.285,-54.54,-11.839,37.672,-8.6597,-34.621,8.8824,-38.294,-26.368,-24.493,-44.633,86.143
-21.244,-54.657,-11.332,38.015,-9.7247,-34.557,9.091,-37.897,-26.156,-24.31,-43.138,80.765
-22.33,-54.709,-10.26,38.358,-10.966,-34.292,9.1697,-37.371,-25.795,-24.057,-41.552,75.257
-23.382,-54.632,-8.6544,38.615,-12.222,-33.762,9.1513,-36.719,-25.28,-23.732,-39.844,69.52
-24.29,-54.37,-6.6111,38.714,-13.425,-32.946,9.1046,-35.949,-24.624,-23.33,-37.946,63.449
-25.05,-53.912,-4.2506,38.643,-14.61,-31.882,9.1197,-35.08,-23.859,-22.849,-35.754,56.941
-25.768,-53.308,-1.6809,38.463,-15.877,-30.652,9.2903,-34.137,-23.02,-22.287,-33.146,49.904
-26.597,-52.647,1.0084,38.285,-17.333,-29.358,9.69,-33.157,-22.144,-21.648,-30.006,42.263
-27.649,-52.01,3.7134,38.207,-19.005,-28.093,10.351,-32.189,-21.271,-20.954,-26.263,33.973
-28.905,-51.436,6.2788,38.261,-20.777,-26.918,11.257,-31.298,-20.452,-20.249,-21.956,25.092
-30.185,-50.905,8.493,38.389,-22.404,-25.869,12.344,-30.562,-19.747,-19.599,-17.333,15.857
-31.184,-50.353,10.13,38.449,-23.582,-24.962,13.522,-30.044,-19.207,-19.075,-12.884,6.7024
-31.564,-49.702,11.019,38.267,-24.059,-24.2,14.698,-29.773,-18.856,-18.73,-9.1882,-1.8513
-31.089,-48.889,11.12,37.699,-23.714,-23.566,15.805,-29.716,-18.677,-18.577,-6.5917,-9.3839
-29.73,-47.902,10.57,36.702,-22.611,-23.024,16.811,-29.784,-18.614,-18.589,-5.0251,-15.688
-27.689,-46.79,9.6566,35.355,-20.979,-22.528,17.695,-29.859,-18.589,-18.71,-4.1404,-20.735
-25.333,-45.646,8.7044,33.832,-19.151,-22.042,18.428,-29.837,-18.534,-18.876,-3.6147,-24.567
-23.063,-44.553,7.9417,32.326,-17.455,-21.551,18.975,-29.664,-18.412,-19.045,-3.3617,-27.19
-21.183,-43.539,7.4108,30.967,-16.111,-21.065,19.307,-29.341,-18.221,-19.198,-3.5327,-28.543
-19.802,-42.551,6.9675,29.772,-15.17,-20.594,19.438,-28.902,-17.979,-19.327,-4.3597,-28.547
-18.815,-41.449,6.3601,28.629,-14.503,-20.122,19.434,-28.382,-17.708,-19.426,-5.99,-27.177
-17.955,-40.03,5.3553,27.344,-13.873,-19.563,19.426,-27.784,-17.407,-19.473,-8.4188,-24.482
-16.934,-38.061,3.8682,25.726,-13.045,-18.745,19.59,-27.073,-17.049,-19.425,-11.498,-20.551
-15.621,-35.342,2.0518,23.699,-11.894,-17.405,20.142,-26.162,-16.57,-19.219,-14.957,-15.488
-14.117,-31.778,0.32035,21.37,-10.467,-15.245,21.327,-24.923,-15.873,-18.772,-18.451,-9.3818
-12.646,-27.476,-0.72586,19.007,-8.9473,-12.062,23.429,-23.191,-14.833,-17.994,-21.621,-2.3094
-11.412,-22.766,-0.51154,16.895,-7.6105,-7.9271,26.738,-20.793,-13.324,-16.801,-24.173,5.6331
-10.523,-18.062,1.282,15.153,-6.7825,-3.2088,31.364,-17.602,-11.25,-15.146,-25.926,14.243
-10,-13.625,4.7132,13.643,-6.7782,1.6556,36.897,-13.604,-8.5995,-13.048,-26.841,23.129
-9.8287,-9.4227,9.7233,12.055,-7.818,6.4242,42.495,-8.9612,-5.476,-10.613,-27.013,31.746
-9.9985,-5.2183,16.178,10.098,-9.9866,11.088,47.559,-3.9833,-2.0875,-8.021,-26.633,39.566
-10.509,-0.78009,23.908,7.6544,-13.24,15.776,52.068,0.99188,1.3289,-5.4507,-25.907,46.241
-11.357,3.9806,32.737,4.8331,-17.392,20.662,56.32,5.7375,4.615,-2.9951,-24.963,51.674
-12.51,8.9924,42.329,1.9191,-22.054,25.879,60.672,10.19,7.7487,-0.62178,-23.811,56.039
-13.862,14.078,51.937,-0.77214,-26.592,31.389,65.421,14.394,10.808,1.778,-22.356,59.715
-15.177,19.019,60.379,-3.0447,-30.176,36.886,70.762,18.403,13.874,4.2942,-20.488,63.079
-16.068,23.61,66.167,-4.8931,-31.988,41.826,76.749,22.179,16.934,6.917,-18.186,66.289
-16.093,27.684,67.898,-6.4583,-31.508,45.668,83.255,25.561,19.849,9.504,-15.576,69.256
-14.972,31.136,65.128,-7.9113,-28.703,48.165,89.917,28.305,22.363,11.798,-12.902,71.716
-12.759,33.939,58.938,-9.3468,-24.073,49.477,96.094,30.165,24.175,13.491,-10.47,73.334
-9.8613,36.131,51.477,-10.746,-18.594,50.033,100.87,30.968,25.049,14.334,-8.5451,73.846
-6.908,37.778,44.951,-12.011,-13.518,50.295,103.17,30.652,24.948,14.263,-7.2544,73.252
-4.547,38.92,40.9,-13.03,-10.007,50.585,102.08,29.228,24.075,13.446,-6.544,71.899
-3.2334,39.572,40.075,-13.764,-8.8062,51.045,97.177,26.729,22.745,12.185,-6.2413,70.322
-3.093,39.784,42.419,-14.288,-10.092,51.666,88.718,23.203,21.183,10.76,-6.1654,68.928
-3.8903,39.717,46.933,-14.794,-13.393,52.29,77.528,18.738,19.432,9.311,-6.2046,67.779
-5.1108,39.657,51.862,-15.519,-17.654,52.64,64.706,13.445,17.382,7.8326,-6.3279,66.636
-6.1513,39.92,55.351,-16.63,-21.592,52.475,51.439,7.4337,14.862,6.245,-6.5432,65.207
-6.5474,40.692,56.252,-18.134,-24.192,51.799,38.801,0.84257,11.766,4.4915,-6.8423,63.4
-6.096,41.93,54.578,-19.881,-24.911,50.845,27.435,-6.093,8.1554,2.601,-7.1658,61.406
-4.8256,43.431,51.012,-21.656,-23.688,49.909,17.437,-13.013,4.2559,0.66827,-7.4233,59.546
-2.9268,44.965,46.422,-23.265,-20.917,49.258,8.7639,-19.497,0.35414,-1.214,-7.5532,57.983
-0.68666,46.383,41.889,-24.582,-17.312,49.116,1.7979,-25.217,-3.3254,-3.0096,-7.5763,56.594
1.6066,47.63,38.491,-25.581,-13.649,49.609,-2.8467,-30.034,-6.6765,-4.7373,-7.5936,55.119
3.7429,48.712,36.858,-26.325,-10.58,50.704,-5.3824,-33.988,-9.6932,-6.4332,-7.7295,53.387
5.589,49.648,37.042,-26.919,-8.5695,52.207,-6.8453,-37.197,-12.42,-8.1229,-8.0654,51.373
7.0315,50.387,38.712,-27.413,-7.8477,53.805,-7.9858,-39.779,-14.907,-9.8205,-8.6194,49.082
7.9321,50.75,41.259,-27.723,-8.3681,55.104,-8.9459,-41.828,-17.182,-11.527,-9.3672,46.486
8.1391,50.446,43.824,-27.641,-9.8393,55.662,-9.627,-43.412,-19.244,-13.224,-10.262,43.602
7.5426,49.17,45.508,-26.923,-11.843,55.075,-10.001,-44.6,-21.073,-14.878,-11.259,40.551
6.1307,46.701,45.77,-25.376,-13.955,53.112,-10.165,-45.472,-22.663,-16.461,-12.337,37.488
4.0054,42.961,44.543,-22.92,-15.814,49.797,-10.237,-46.134,-24.039,-17.968,-13.508,34.519
1.355,38.026,41.958,-19.598,-17.138,45.351,-10.254,-46.699,-25.251,-19.414,-14.803,31.669
-1.5956,32.078,38.136,-15.54,-17.741,40.013,-10.184,-47.265,-26.352,-20.823,-16.239,28.909
-4.6351,25.316,33.196,-10.892,-17.566,33.921,-9.9625,-47.887,-27.383,-22.218,-17.82,26.197
-7.6,17.876,27.374,-5.765,-16.723,27.169,-9.5284,-48.566,-28.371,-23.606,-19.525,23.478
-10.39,9.8249,21.122,-0.23048,-15.479,19.94,-8.8479,-49.262,-29.331,-24.988,-21.32,20.678
-12.969,1.2405,15.122,5.5995,-14.213,12.573,-7.9372,-49.921,-30.272,-26.362,-23.157,17.686
-15.359,-7.6522,10.174,11.501,-13.315,5.4986,-6.8806,-50.499,-31.196,-27.721,-24.983,14.4
-17.628,-16.401,6.9806,17.14,-13.092,-0.88034,-5.8272,-50.993,-32.107,-29.058,-26.741,10.797
-19.84,-24.395,5.8508,22.17,-13.675,-6.2648,-4.9557,-51.439,-33.007,-30.357,-28.36,6.9818
-22.019,-31.105,6.5363,26.36,-14.994,-10.513,-4.4138,-51.898,-33.892,-31.587,-29.767,3.1412
-24.12,-36.326,8.33,29.666,-16.802,-13.702,-4.2605,-52.429,-34.747,-32.713,-30.912,-0.55624
-26.047,-40.213,10.364,32.188,-18.772,-16.118,-4.4413,-53.058,-35.552,-33.697,-31.784,-4.0318
-27.706,-43.101,11.917,34.091,-20.6,-18.122,-4.8116,-53.779,-36.284,-34.52,-32.394,-7.2815
-29.043,-45.326,12.603,35.54,-22.086,-19.988,-5.2027,-54.543,-36.92,-35.179,-32.749,-10.323
-30.07,-47.128,12.386,36.67,-23.161,-21.834,-5.4909,-55.292,-37.45,-35.687,-32.848,-13.171
-30.841,-48.647,11.445,37.578,-23.869,-23.657,-5.6334,-55.991,-37.883,-36.073,-32.691,-15.858
-31.41,-49.951,9.9911,38.319,-24.293,-25.408,-5.6632,-56.633,-38.256,-36.379,-32.289,-18.456
-31.789,-51.074,8.1381,38.913,-24.45,-27.055,-5.6638,-57.257,-38.612,-36.65,-31.67,-21.081
-31.926,-52.047,5.8619,39.359,-24.226,-28.621,-5.7459,-57.925,-39,-36.93,-30.873,-23.863
-31.715,-52.924,3.0006,39.664,-23.389,-30.204,-6.0228,-58.693,-39.454,-37.251,-29.943,-26.921
-31.022,-53.778,-0.72307,39.847,-21.678,-31.95,-6.57,-59.596,-39.991,-37.626,-28.926,-30.348
-29.729,-54.673,-5.6154,39.928,-18.904,-33.989,-7.3824,-60.61,-40.585,-38.046,-27.867,-34.212
-27.764,-55.616,-11.869,39.894,-15.026,-36.351,-8.3478,-61.582,-41.149,-38.468,-26.792,-38.571
-25.137,-56.544,-19.419,39.691,-10.162,-38.929,-9.2285,-62.155,-41.496,-38.799,-25.685,-43.456
-21.952,-57.347,-27.841,39.237,-4.541,-41.519,-9.6508,-61.755,-41.315,-38.882,-24.467,-48.795
-18.395,-57.913,-36.373,38.452,1.6051,-43.889,-9.1751,-59.727,-40.204,-38.499,-22.968,-54.282
-14.639,-58.156,-44.146,37.252,8.2509,-45.84,-7.6044,-56.387,-37.9,-37.416,-20.888,-59.288
-10.68,-58.007,-50.546,35.498,15.797,-47.225,-6.1372,-62.718,-36.397,-35.794,-17.718,-63.049
-6.3737,-57.372,-55.384,32.936,24.668,-47.938,-14.348,-90.74,-59.025,-38.682,-12.686,-65.116
-3.9957,-56.079,-58.638,29.82,33.168,-47.887,-21.935,-97.071,-80.205,-65.285,-6.7506,-65.694
-13.936,-54.244,-60.254,31.593,37.605,-47.032,-24.268,-104.09,-85.296,-73.843,-25.386,-68.102
-27.449,-56.403,-60.082,48.294,37.723,-45.655,-26.02,-110.41,-89.36,-75.808,-45.704,-89.263
-31.165,-73.385,-57.49,56.949,38.163,-46.513,-25.293,-110.71,-88.463,-74.453,-45.704,-103.05
-25.666,-77.329,-55.517,53.963,44.008,-60.397,-19.716,-97.054,-76.387,-65.863,-44.075,-106.54
-10.607,-71.201,-63.65,42.844,57.338,-65.494,-5.7752,-58.726,-45.492,-45.141,-38.332,-107.08
15.2,-60.036,-79.729,22.38,74.86,-68.069,20.887,15.868,12.856,-6.0823,-23.596,-104.07
53.49,-42.881,-97.83,-8.0952,92.031,-70.395,63.299,132.8,107.1,60.686,6.257,-99.113
106.56,-17.273,-119.28,-49.234,114.87,-69.386,121.09,289.56,239.54,163.08,56.835,-84.156
173.93,22.035,-137.82,-103.85,154.43,-59.65,189.64,474.5,403.13,298.44,133.2,-31.056
250.56,82.743,-146.59,-174.13,198.24,-35.587,260.72,667.39,586.05,462.16,239.73,59.238
330.08,173.24,-138.18,-258.42,236.64,7.2238,323.29,841.85,774.74,650.87,379.34,193.29
406.11,295.32,-105.04,-352.84,262.54,74.998,365.7,969.29,953.59,857.85,551.8,363.19
471.7,437.33,-42.455,-451.9,267.97,178.71,378.47,1024.3,1105.5,1070.1,749.94,550.1
519.24,587.3,48.952,-546.36,248.41,308.95,356.73,990.32,1212.9,1267.6,956.49,743.76
540.53,728.28,162.19,-623.23,203.41,442.02,301.55,862.97,1258.5,1422.8,1143.8,919.11
527.69,836.25,283.52,-667.78,135.68,561.74,218.98,650.68,1225,1502.2,1276.6,1043.4
475.33,887.07,393.63,-666.29,50.788,645.75,117.3,371.55,1097.6,1472,1319.3,1082.9
383.09,863.38,473.03,-610.08,-42.937,675.35,3.8559,48.557,869.12,1307.7,1247.6,1013.5
257.62,761.75,507.65,-500.08,-134.44,642.3,-116.48,-294.25,546.39,1007,1058.9,830.69
112.52,596.38,494.24,-349.04,-212.35,552.66,-240.07,-632.33,155.65,598.11,777.25,556.16
-34.566,396.02,441.89,-179.28,-268.27,425.94,-361.54,-939.66,-257.53,138.72,449.07,234.43
-165.98,194.99,367.77,-16.656,-298.61,287.86,-471.86,-1189.7,-637.07,-298.35,130.2,-79.214
-267.38,23.006,290.39,116.45,-305.55,160.74,-559.1,-1359.5,-931.54,-646.45,-130.24,-335.32
-330.42,-101.5,221.95,206.57,-295.17,58.504,-612,-1435.2,-1108.6,-864.39,-302.82,-504.05
-353.77,-173.32,166.27,251.42,-272.63,-12.888,-623.76,-1415.5,-1162.1,-944.97,-382.51,-580.53
-342.25,-199.61,121.82,258.34,-240.5,-54.052,-594.25,-1312.8,-1109.7,-910.41,-384.94,-580.72
-304.86,-196.3,85.309,239.25,-200.96,-70.468,-530.89,-1150,-984.18,-799.94,-337.56,-532.06
-252.39,-179.17,52.205,206.08,-157.8,-73.824,-446.24,-955.5,-822.37,-656.22,-269.14,-463.24
-195.39,-157.78,19.379,168.82,-114.45,-73.681,-353.77,-756.53,-655.31,-512.53,-200.84,-394.7
-141.97,-137.05,-7.7098,134.42,-72.304,-72.664,-264.92,-574.34,-503.71,-387.44,-143.36,-336.82
-97.608,-113.69,-27.729,105.26,-35.803,-70.147,-188.02,-421.42,-377.83,-287.71,-100.39,-292.93
-65.355,-77.073,-40.604,83.705,-11.343,-52.322,-127.57,-302.71,-279.51,-213.13,-71.172,-262.26
-46.089,-68.51,-42.078,70.983,1.1777,-38.984,-83.763,-217.66,-206.33,-159.47,-54.016,-243.51
-36.723,-66.795,-30.169,64.112,4.4382,-37.013,-53.61,-161.21,-155.95,-122.69,-47.09,-232.64
-33.497,-64.687,-19.146,59.76,0.73977,-35.369,-33.482,-125.32,-123.41,-98.764,-38.797,-221.67
-34.227,-61.623,-9.9453,55.162,-6.9279,-33.259,-20.559,-102.47,-101.75,-81.804,-28.686,-207.58
-34.59,-58.233,-0.93586,48.526,-14.173,-30.949,-9.4393,-87.301,-86.592,-68.816,-16.046,-191.55
-30.392,-55.263,6.9158,42.285,-20.002,-28.871,-4.5575,-78.407,-75.883,-58.102,-6.8994,-178.57
-28.357,-53.083,12.295,38.814,-24.46,-27.403,-1.606,-70.725,-67.097,-49.556,-1.0399,-171.49
-27.97,-51.675,14.363,37.07,-26.767,-26.767,-0.17774,-65.025,-60.211,-42.184,3.4241,-168.12
-27.258,-50.87,12.989,36.027,-26.518,-26.979,-2.8205,-59.716,-53.105,-37.128,6.878,-166.05
-25.695,-50.463,8.717,35.266,-23.836,-27.867,-1.5117,-53.068,-46.49,-33.954,9.4986,-164.46
-23.299,-50.257,2.5368,34.602,-19.362,-29.128,1.719,-48.016,-42.075,-31.402,11.471,-163.12
-20.329,-50.084,-4.2777,33.912,-14.031,-30.436,3.337,-44.395,-38.894,-29.137,12.946,-161.89
-17.182,-49.843,-10.525,33.123,-8.8136,-31.543,3.9214,-41.608,-36.423,-27.012,14.021,-160.63
-14.291,-49.519,-15.366,32.229,-4.5497,-32.322,4.0329,-39.385,-34.433,-24.941,14.783,-159.18
-12.01,-49.147,-18.261,31.278,-1.8264,-32.747,4.0697,-37.548,-32.763,-22.866,15.359,-157.38
-10.496,-48.764,-18.933,30.332,-0.85463,-32.84,4.3076,-35.915,-31.254,-20.723,15.935,-155.14
-9.6597,-48.362,-17.639,29.427,-1.3764,-32.62,4.8959,-34.305,-29.755,-18.428,16.71,-152.42
-9.2393,-47.893,-15.279,28.542,-2.7747,-32.123,5.8472,-32.567,-28.163,-15.9,17.819,-149.22
-8.9267,-47.282,-12.93,27.595,-4.3738,-31.441,7.037,-30.62,-26.433,-13.088,19.314,-145.55
-8.4188,-46.444,-11.387,26.461,-5.5662,-30.695,8.2425,-28.45,-24.567,-9.9779,21.164,-141.27
-7.4391,-45.308,-11.023,25.011,-5.839,-29.975,9.2395,-26.09,-22.587,-6.587,23.301,-136.15
-5.8331,-43.847,-11.749,23.166,-4.9667,-29.313,9.9092,-23.582,-20.507,-2.9469,25.656,-129.85
-3.6525,-42.093,-13.119,20.948,-3.1606,-28.689,10.276,-20.941,-18.311,0.92698,28.193,-122.28
-1.1394,-40.133,-14.514,18.478,-0.96087,-28.028,10.473,-18.132,-15.938,5.0553,30.924,-113.77
1.3636,-38.054,-15.282,15.922,1.0095,-27.203,10.671,-15.084,-13.305,9.4838,33.879,-104.95
3.5482,-35.895,-14.913,13.415,2.2512,-26.083,10.998,-11.745,-10.354,14.249,37.074,-96.246
5.2542,-33.643,-13.23,11.004,2.5436,-24.608,11.502,-8.1218,-7.0861,19.359,40.491,-87.774
6.5289,-31.281,-10.518,8.6484,2.0206,-22.855,12.143,-4.2993,-3.5632,24.795,44.058,-79.674
7.6097,-28.837,-7.4504,6.2489,1.1312,-21.043,12.829,-0.42451,0.12982,30.52,47.664,-72.287
8.8287,-26.375,-4.836,3.6817,0.48199,-19.459,13.437,3.352,3.9263,36.485,51.187,-65.903
10.485,-23.924,-3.3118,0.83882,0.62596,-18.316,13.862,6.9433,7.8097,42.662,54.584,-60.542
12.758,-21.405,-3.1206,-2.3296,1.8501,-17.639,14.038,10.373,11.834,49.118,57.975,-55.978
15.682,-18.617,-4.0689,-5.7867,4.0706,-17.247,13.966,13.783,16.133,56.063,61.661,-51.884
19.201,-15.307,-5.6713,-9.4237,6.911,-16.842,13.705,17.381,20.914,63.795,66.039,-47.925
23.252,-11.269,-7.3864,-13.119,9.9237,-16.135,13.342,21.362,26.435,72.522,71.42,-43.833
27.827,-6.4434,-8.8253,-16.799,12.822,-14.955,12.931,25.81,32.905,82.149,77.811,-39.463
32.956,-0.98495,-9.8804,-20.46,15.553,-13.312,12.466,30.654,40.436,92.255,84.836,-34.8
38.637,4.7352,-10.722,-24.137,18.279,-11.407,11.895,35.703,48.956,102.36,91.942,-29.904
44.83,10.244,-11.638,-27.852,21.31,-9.5681,11.173,40.748,58.222,112.17,98.727,-24.818
51.498,15.151,-12.833,-31.568,24.955,-8.1086,10.311,45.691,67.968,121.73,105.1,-19.529
58.619,19.297,-14.304,-35.2,29.365,-7.1617,9.371,50.628,78.091,131.26,111.33,-13.918
66.135,22.804,-15.817,-38.701,34.441,-6.5957,8.4368,55.846,88.665,141.16,117.85,-7.7515
74.005,26.022,-16.993,-42.155,39.921,-6.0645,7.5673,61.717,99.773,151.79,125.12,-0.69015
82.319,29.378,-17.508,-45.834,45.552,-5.1672,6.7575,68.531,111.34,163.39,133.53,7.6601
91.319,33.203,-17.294,-50.221,51.265,-3.6234,5.9267,76.318,123.13,176.03,143.27,17.711
101.25,37.6,-16.613,-56.087,57.209,-1.3712,4.9454,84.764,134.89,189.64,154.25,29.778
112.09,42.474,-15.989,-64.51,63.603,1.4493,3.6849,93.342,146.38,204.06,166.19,43.86
123.4,47.728,-16.018,-76.276,70.508,4.594,2.0639,101.57,157.49,219.08,178.78,59.327
134.3,53.502,-17.144,-90.35,77.703,7.8235,0.079406,109.2,168.23,234.53,191.83,75.071
143.89,60.164,-19.507,-103.85,84.849,10.962,-2.1888,116.26,178.75,250.35,205.35,90.243
152.07,68.002,-22.891,-115.09,91.779,13.912,-4.615,122.87,189.25,266.57,219.42,104.66
159.92,76.954,-26.822,-124.81,98.574,16.678,-7.095,129.16,199.94,283.27,234.07,118.51
168.99,86.771,-30.733,-134.54,105.44,19.383,-9.6177,135.19,210.93,300.48,249.2,132
180.29,97.327,-34.119,-145.35,112.59,22.209,-12.311,140.86,222.22,318.14,264.5,145.16
193.96,108.59,-36.655,-157.51,120.16,25.297,-15.422,146.01,233.65,336.03,279.51,157.97
209.47,120.4,-38.267,-170.6,128.11,28.676,-19.211,150.47,244.95,353.78,293.75,170.44
225.83,132.38,-39.147,-183.9,136.23,32.248,-23.773,154.14,255.81,370.98,306.86,182.68
241.96,144,-39.683,-196.7,144.23,35.816,-28.913,157.02,265.97,387.25,318.7,194.9
256.83,154.74,-40.345,-208.44,151.86,39.144,-34.222,159.2,275.25,402.32,329.28,207.43
269.7,164.3,-41.585,-218.77,158.95,42.043,-39.272,160.77,283.51,415.94,338.69,220.57
280.2,172.67,-43.722,-227.51,165.39,44.43,-43.781,161.79,290.6,427.91,347,234.55
288.36,179.98,-46.759,-234.67,171.09,46.363,-47.631,162.28,296.38,438.08,354.22,249.3
294.39,186.32,-50.286,-240.29,175.89,48.007,-50.851,162.22,300.81,446.42,360.31,264.33
298.45,191.61,-53.582,-244.43,179.54,49.571,-53.56,161.59,303.86,453.04,365.24,278.83
300.51,195.66,-55.814,-247.11,181.66,51.233,-55.899,160.39,305.61,458.1,369.1,291.99
300.59,198.42,-56.254,-248.45,181.9,53.102,-57.93,158.63,306.17,461.81,372,303.21
299.04,200.11,-54.449,-248.76,180.09,55.201,-59.587,156.37,305.68,464.31,374.13,312.32
296.38,201.09,-50.336,-248.41,176.33,57.474,-60.722,153.71,304.27,465.73,375.65,319.41
293.01,201.7,-44.263,-247.71,170.97,59.804,-61.207,150.74,302.01,466.08,376.66,324.6
289.13,202.07,-36.917,-246.77,164.44,62.056,-61.016,147.53,298.87,465.28,377.17,327.76
284.78,202.23,-29.15,-245.59,157.23,64.135,-60.223,144.08,294.71,463.07,377.03,328.43
279.96,202.16,-21.73,-244.06,149.8,66.029,-58.969,140.3,289.3,459.09,376.03,326.05
274.71,201.86,-15.131,-242.07,142.54,67.805,-57.404,136.05,282.4,452.86,373.84,320.38
269.01,201.25,-9.4815,-239.41,135.78,69.575,-55.657,131.2,273.94,443.94,370.17,311.84
262.82,200.06,-4.6806,-235.81,129.68,71.418,-53.809,125.73,264.04,432.18,364.77,301.27
256,197.82,-0.60191,-230.95,124.26,73.287,-51.891,119.71,253.08,417.87,357.51,289.48
248.33,194.09,2.789,-224.64,119.31,74.945,-49.897,113.25,241.46,401.7,348.41,276.9
239.53,188.69,5.4336,-216.87,114.46,75.99,-47.802,106.48,229.45,384.4,337.56,263.72
229.36,181.69,7.1874,-207.75,109.25,75.983,-45.561,99.462,217.17,366.49,325.16,249.95
217.69,173.16,7.8384,-197.4,103.3,74.586,-43.107,92.207,204.61,348.19,311.5,235.57
204.71,163.11,7.1985,-185.95,96.495,71.635,-40.392,84.688,191.75,329.48,296.88,220.63
190.85,151.64,5.2355,-173.55,89.145,67.169,-37.44,76.888,178.53,310.23,281.55,205.23
176.71,139.05,2.154,-160.52,81.809,61.435,-34.353,68.847,164.98,290.32,265.63,189.61
162.83,125.81,-1.6087,-147.29,74.941,54.846,-31.265,60.701,151.2,269.76,249.15,174.04
149.63,112.37,-5.4505,-134.24,68.648,47.891,-28.304,52.646,137.32,248.72,232.05,158.76
137.28,99.018,-8.728,-121.54,62.722,40.983,-25.566,44.862,123.42,227.6,214.34,143.92
125.58,85.891,-10.897,-109.06,56.749,34.355,-23.109,37.437,109.49,206.83,196.22,129.47
113.97,73.036,-11.585,-96.444,50.219,28.048,-20.954,30.359,95.41,186.76,178.19,115.21
101.7,60.503,-10.609,-83.234,42.714,21.954,-19.101,23.56,81.15,167.53,160.82,100.9
88.133,48.398,-8.035,-69.245,34.178,15.898,-17.525,16.977,66.928,149.12,144.52,86.438
73.05,36.804,-4.2587,-54.993,25.054,9.791,-16.156,10.607,53.28,131.44,129.38,72.053
56.965,25.654,0.021898,-41.789,16.136,3.8425,-14.878,4.5302,40.831,114.41,115.22,58.247
41.245,14.854,3.9807,-30.886,8.2679,-1.4872,-13.574,-1.1001,29.966,97.85,101.69,45.537
27.816,4.6908,6.8709,-22.495,2.0859,-5.8283,-12.18,-6.107,20.72,81.478,88.388,34.227
18.105,-4.1549,8.1244,-16.005,-2.0953,-9.1366,-10.721,-10.358,12.92,65.2,74.977,24.385
12.18,-11.14,7.3902,-10.788,-4.2307,-11.609,-9.2875,-13.811,6.3598,49.544,61.427,15.932
9.1504,-16.242,4.6333,-6.4867,-4.4519,-13.5,-7.9692,-16.519,0.86423,35.535,48.271,8.7424
7.9651,-19.855,0.20801,-2.8749,-3.0695,-15.024,-6.7718,-18.6,-3.7058,23.987,36.558,2.6815
7.7479,-22.535,-5.1813,0.2653,-0.60173,-16.337,-5.5939,-20.215,-7.4774,15.005,27.166,-2.381
7.8114,-24.811,-10.564,3.1503,2.237,-17.569,-4.2863,-21.529,-10.585,8.1456,20.118,-6.5788
7.6319,-27.073,-14.883,5.9464,4.5945,-18.808,-2.7263,-22.661,-13.153,2.8285,14.791,-10.044
6.8459,-29.501,-17.243,8.7306,5.6802,-20.051,-0.85559,-23.663,-15.288,-1.4043,10.537,-12.899
5.2623,-32.042,-17.049,11.481,5.0046,-21.155,1.2998,-24.528,-17.061,-4.8455,6.9602,-15.253
2.8684,-34.478,-14.1,14.103,2.4949,-21.891,3.6267,-25.244,-18.536,-7.6826,3.8567,-17.214
-0.18781,-36.567,-8.7236,16.491,-1.5254,-22.087,5.9441,-25.833,-19.795,-10.056,1.1083,-18.895
-3.6501,-38.189,-1.8762,18.593,-6.4297,-21.754,8.0418,-26.36,-20.926,-12.088,-1.374,-20.397
-7.227,-39.389,5.054,20.448,-11.454,-21.106,9.7359,-26.897,-22.001,-13.873,-3.6576,-21.797
-10.653,-40.33,10.687,22.156,-15.867,-20.486,10.92,-27.47,-23.048,-15.468,-5.7805,-23.122
-13.724,-41.207,14.014,23.821,-19.103,-20.245,11.583,-28.031,-24.038,-16.885,-7.7501,-24.355
-16.292,-42.181,14.575,25.503,-20.834,-20.636,11.798,-28.475,-24.901,-18.105,-9.554,-25.449
-18.259,-43.323,12.497,27.194,-21.013,-21.722,11.681,-28.693,-25.562,-19.102,-11.181,-26.366
-19.583,-44.593,8.4444,28.833,-19.864,-23.349,11.335,-28.643,-25.995,-19.881,-12.644,-27.106
-20.283,-45.868,3.4429,30.325,-17.803,-25.197,10.821,-28.387,-26.247,-20.491,-13.986,-27.72
-20.418,-46.995,-1.4268,31.568,-15.312,-26.894,10.159,-28.081,-26.437,-21.02,-15.279,-28.294
-20.069,-47.846,-5.3325,32.462,-12.843,-28.14,9.3685,-27.909,-26.71,-21.571,-16.588,-28.922
-19.333,-48.353,-7.8005,32.939,-10.754,-28.787,8.4995,-28.005,-27.174,-22.218,-17.934,-29.66
-18.347,-48.524,-8.6749,32.998,-9.2829,-28.849,7.6578,-28.393,-27.846,-22.969,-19.276,-30.514
-17.309,-48.426,-8.124,32.724,-8.5326,-28.457,6.9864,-28.97,-28.648,-23.762,-20.517,-31.428
-16.466,-48.163,-6.6307,32.278,-8.4834,-27.785,6.6219,-29.548,-29.438,-24.496,-21.555,-32.308
-16.055,-47.848,-4.7963,31.861,-9.0342,-27.015,6.657,-29.924,-30.067,-25.071,-22.32,-33.049
-16.232,-47.582,-3.0733,31.641,-10.051,-26.313,7.1134,-29.955,-30.433,-25.423,-22.801,-33.559
-17.01,-47.413,-1.6255,31.694,-11.391,-25.767,7.9176,-29.592,-30.509,-25.543,-23.038,-33.793
-18.229,-47.294,-0.38212,31.953,-12.897,-25.348,8.9037,-28.888,-30.342,-25.469,-23.101,-33.765
-19.592,-47.096,0.82117,32.227,-14.4,-24.93,9.8608,-27.96,-30.025,-25.268,-23.069,-33.543
-20.757,-46.671,2.1165,32.293,-15.736,-24.369,10.607,-26.937,-29.652,-25.006,-23.006,-33.209
-21.473,-45.94,3.5405,32.013,-16.785,-23.578,11.059,-25.916,-29.285,-24.723,-22.938,-32.823
-21.653,-44.961,5.0389,31.406,-17.49,-22.582,11.258,-24.935,-28.931,-24.425,-22.853,-32.404
-21.391,-43.923,6.498,30.64,-17.864,-21.514,11.357,-23.983,-28.563,-24.098,-22.719,-31.942
-20.887,-43.064,7.7698,29.946,-17.957,-20.564,11.537,-23.036,-28.144,-23.73,-22.512,-31.428
-20.356,-42.567,8.704,29.51,-17.833,-19.894,11.912,-22.088,-27.67,-23.333,-22.249,-30.88
-19.937,-42.483,9.1836,29.407,-17.534,-19.586,12.481,-21.169,-27.176,-22.95,-21.983,-30.347
-19.666,-42.739,9.1419,29.591,-17.077,-19.627,13.141,-20.33,-26.723,-22.632,-21.785,-29.887
-19.485,-43.184,8.5684,29.932,-16.456,-19.938,13.74,-19.609,-26.36,-22.417,-21.709,-29.538
-19.302,-43.65,7.522,30.279,-15.677,-20.403,14.13,-18.998,-26.092,-22.311,-21.763,-29.301
-19.051,-44,6.1448,30.515,-14.784,-20.893,14.216,-18.441,-25.882,-22.283,-21.915,-29.133
-18.751,-44.161,4.6496,30.603,-13.876,-21.298,13.974,-17.87,-25.671,-22.291,-22.113,-28.967
-18.518,-44.149,3.2735,30.597,-13.094,-21.551,13.455,-17.245,-25.408,-22.302,-22.31,-28.74
-18.526,-44.045,2.2166,30.618,-12.594,-21.641,12.764,-16.566,-25.077,-22.306,-22.486,-28.424
-18.922,-43.953,1.592,30.781,-12.502,-21.604,12.032,-15.862,-24.689,-22.316,-22.654,-28.039
-19.761,-43.935,1.4133,31.14,-12.874,-21.499,11.381,-15.164,-24.277,-22.354,-22.841,-27.634
-20.964,-43.981,1.6246,31.645,-13.671,-21.374,10.903,-14.488,-23.874,-22.441,-23.073,-27.263
-22.339,-44.024,2.1592,32.174,-14.775,-21.242,10.649,-13.835,-23.502,-22.585,-23.357,-26.957
-23.638,-43.978,2.9986,32.585,-16.02,-21.058,10.619,-13.182,-23.166,-22.773,-23.674,-26.714
-24.637,-43.769,4.1934,32.767,-17.241,-20.719,10.761,-12.492,-22.847,-22.976,-23.983,-26.503
-25.207,-43.341,5.8198,32.68,-18.308,-20.097,10.983,-11.708,-22.506,-23.152,-24.237,-26.277
-25.33,-42.673,7.8898,32.344,-19.142,-19.102,11.204,-10.766,-22.087,-23.255,-24.397,-25.987
-25.067,-41.777,10.279,31.82,-19.7,-17.731,11.41,-9.5957,-21.532,-23.244,-24.435,-25.589
-24.521,-40.68,12.73,31.172,-19.953,-16.063,11.667,-8.139,-20.802,-23.092,-24.348,-25.054
-23.807,-39.392,14.935,30.443,-19.884,-14.202,12.09,-6.3736,-19.895,-22.793,-24.146,-24.37
-23.037,-37.889,16.648,29.651,-19.505,-12.22,12.809,-4.3232,-18.849,-22.363,-23.855,-23.537
-22.306,-36.114,17.761,28.79,-18.87,-10.139,13.931,-2.0426,-17.727,-21.827,-23.496,-22.554
-21.683,-34.016,18.326,27.838,-18.093,-7.9625,15.54,0.41399,-16.579,-21.199,-23.076,-21.418
-21.202,-31.576,18.529,26.763,-17.332,-5.7104,17.694,3.0179,-15.417,-20.477,-22.585,-20.117
-20.861,-28.823,18.645,25.528,-16.769,-3.4264,20.419,5.7636,-14.215,-19.645,-21.999,-18.642
-20.617,-25.83,18.99,24.093,-16.565,-1.1393,23.686,8.6528,-12.932,-18.69,-21.304,-16.994
-20.392,-22.673,19.851,22.418,-16.819,1.1781,27.375,11.688,-11.541,-17.611,-20.496,-15.196
-20.084,-19.379,21.415,20.464,-17.528,3.6109,31.291,14.884,-10.039,-16.427,-19.586,-13.28
-19.59,-15.913,23.696,18.209,-18.573,6.2509,35.245,18.286,-8.4424,-15.156,-18.59,-11.287
-18.833,-12.236,26.467,15.675,-19.726,9.1221,39.154,21.966,-6.7664,-13.813,-17.523,-9.2491
-17.777,-8.3725,29.289,12.941,-20.7,12.141,43.04,25.98,-5.0216,-12.401,-16.395,-7.1873
-16.422,-4.4213,31.65,10.126,-21.211,15.142,46.905,30.305,-3.2188,-10.92,-15.222,-5.1161
-14.783,-0.49449,33.114,7.3171,-21.053,17.953,50.647,34.781,-1.3797,-9.381,-14.024,-3.0486
-12.879,3.3585,33.437,4.5368,-20.154,20.476,54.118,39.089,0.46014,-7.8045,-12.817,-0.99848
-10.756,7.1792,32.655,1.7435,-18.604,22.74,57.267,42.823,2.2581,-6.2184,-11.6,1.0282
-8.499,11.065,31.124,-1.1187,-16.637,24.902,60.214,45.633,3.9779,-4.6467,-10.351,3.0417
-6.2422,15.095,29.435,-4.0648,-14.582,27.162,63.22,47.369,5.5962,-3.1073,-9.0343,5.0683
-4.1498,19.259,28.223,-7.0359,-12.776,29.664,66.619,48.115,7.0966,-1.6197,-7.6299,7.1355
-2.3771,23.427,27.963,-9.9065,-11.481,32.42,70.767,48.075,8.4486,-0.2239,-6.1549,9.2463
-1.0204,27.397,28.796,-12.533,-10.825,35.301,75.927,47.413,9.5881,1.0073,-4.6781,11.356
-0.07943,30.967,30.495,-14.815,-10.784,38.09,81.976,46.147,10.416,1.9743,-3.3104,13.366
0.53275,33.997,32.6,-16.727,-11.217,40.569,88.091,44.166,10.831,2.5842,-2.1746,15.142
0.92942,36.436,34.67,-18.289,-11.936,42.605,92.875,41.289,10.776,2.7972,-1.3554,16.58
1.1811,38.309,36.482,-19.525,-12.776,44.196,94.901,37.353,10.279,2.6564,-0.85358,17.667
1.287,39.724,38.097,-20.449,-13.639,45.483,93.202,32.294,9.4461,2.2754,-0.57694,18.507
1.2002,40.866,39.799,-21.08,-14.5,46.714,87.466,26.207,8.4096,1.7947,-0.37818,19.272
0.88021,41.942,41.91,-21.459,-15.362,48.14,77.94,19.312,7.2828,1.3399,-0.10631,20.143
0.33006,43.095,44.542,-21.644,-16.203,49.879,65.351,11.881,6.1416,0.99735,0.35669,21.27
-0.40335,44.336,47.446,-21.676,-16.951,51.825,50.868,4.1718,5.0231,0.7982,1.0755,22.757
-1.2493,45.565,50.092,-21.581,-17.501,53.697,35.901,-3.5981,3.9243,0.71456,2.0468,24.629
-2.1291,46.66,51.967,-21.388,-17.783,55.197,21.842,-11.259,2.7979,0.65622,3.1901,26.797
-2.9679,47.562,52.853,-21.163,-17.809,56.163,9.9287,-18.657,1.5619,0.49178,4.3603,29.04
-3.7082,48.304,52.93,-21.003,-17.695,56.644,1.1586,-25.61,0.12967,0.094649,5.389,31.059
-4.3178,48.985,52.664,-21.014,-17.648,56.866,-3.8825,-31.91,-1.5437,-0.60065,6.1412,32.589
-4.7804,49.713,52.633,-21.274,-17.911,57.131,-5.3413,-37.386,-3.4263,-1.5632,6.5799,33.519
-5.0735,50.559,53.388,-21.812,-18.692,57.702,-4.4152,-41.974,-5.412,-2.6946,6.7577,33.919
-5.1557,51.51,55.354,-22.586,-20.071,58.699,-2.8122,-45.697,-7.3651,-3.878,6.754,33.961
-4.9777,52.466,58.616,-23.483,-21.916,60.058,-1.5273,-48.627,-9.179,-5.0362,6.5994,33.783
-4.511,53.291,62.634,-24.355,-23.851,61.557,-0.66033,-50.861,-10.814,-6.1528,6.2446,33.414
-3.756,53.881,66.22,-25.088,-25.325,62.877,-0.059624,-52.526,-12.296,-7.2555,5.5958,32.789
-2.692,54.192,68.055,-25.652,-25.752,63.684,0.35658,-53.773,-13.678,-8.3785,4.5678,31.842
-1.2348,54.195,67.269,-26.074,-24.696,63.7,0.63382,-54.736,-14.998,-9.5351,3.1457,30.58
0.66761,53.83,63.639,-26.347,-22.029,62.765,0.84205,-55.506,-16.261,-10.707,1.3903,29.095
2.886,52.997,57.483,-26.37,-18.021,60.855,1.0618,-56.13,-17.448,-11.863,-0.58702,27.506
5.0856,51.578,49.536,-25.972,-13.284,58.025,1.3473,-56.632,-18.539,-12.983,-2.6785,25.903
6.8372,49.393,40.787,-24.963,-8.6418,54.298,1.7055,-57.035,-19.54,-14.078,-4.8271,24.303
7.7376,46.12,32.227,-23.177,-4.9528,49.589,2.1011,-57.381,-20.496,-15.194,-7.0358,22.634
7.4954,41.371,24.734,-20.499,-2.9044,43.815,2.4853,-57.734,-21.485,-16.399,-9.3572,20.736
5.9819,34.964,19.184,-16.902,-2.8469,37.156,2.819,-58.172,-22.601,-17.76,-11.86,18.41
3.255,27.104,16.195,-12.468,-4.7076,30.088,3.071,-58.758,-23.913,-19.309,-14.56,15.535
-0.44524,18.218,15.499,-7.365,-8.003,22.994,3.2058,-59.52,-25.42,-21.014,-17.36,12.179
-4.7422,8.7079,15.993,-1.7909,-11.959,15.875,3.1822,-60.421,-27.048,-22.782,-20.069,8.5969
-9.1921,-1.1033,16.384,4.0622,-15.704,8.5181,2.9635,-61.377,-28.68,-24.5,-22.496,5.1046
-13.358,-10.896,15.605,10.01,-18.455,0.86853,2.534,-62.293,-30.207,-26.08,-24.54,1.9513
-16.887,-20.277,12.988,15.854,-19.68,-6.805,1.9027,-63.085,-31.555,-27.475,-26.198,-0.73231
-19.569,-28.808,8.4082,21.359,-19.226,-14.068,1.0925,-63.725,-32.7,-28.686,-27.531,-2.9282
-21.35,-36.107,2.3464,26.26,-17.366,-20.535,0.1302,-64.244,-33.669,-29.74,-28.622,-4.699
-22.317,-41.953,-4.2624,30.311,-14.669,-25.931,-0.95904,-64.701,-34.53,-30.684,-29.543,-6.1521
-22.66,-46.32,-10.362,33.375,-11.794,-30.103,-2.1424,-65.161,-35.359,-31.568,-30.351,-7.405
-22.64,-49.371,-15.103,35.491,-9.3008,-33.045,-3.3638,-65.667,-36.217,-32.427,-31.075,-8.5548
-22.533,-51.399,-18.055,36.859,-7.5734,-34.907,-4.536,-66.226,-37.128,-33.274,-31.718,-9.6623
-22.559,-52.741,-19.252,37.747,-6.7904,-35.957,-5.5644,-66.825,-38.087,-34.104,-32.266,-10.756
-22.821,-53.694,-19.098,38.389,-6.91,-36.473,-6.3939,-67.466,-39.083,-34.908,-32.704,-11.85
-23.298,-54.446,-18.177,38.93,-7.7021,-36.649,-7.0441,-68.177,-40.118,-35.688,-33.033,-12.962
-23.881,-55.055,-16.974,39.401,-8.8506,-36.581,-7.6013,-69.014,-41.202,-36.448,-33.276,-14.111
-24.429,-55.481,-15.686,39.754,-10.068,-36.302,-8.1687,-69.981,-42.32,-37.183,-33.47,-15.31
-24.833,-55.653,-14.287,39.909,-11.166,-35.819,-8.7993,-70.95,-43.383,-37.854,-33.644,-16.548
-25.045,-55.524,-12.715,39.813,-12.088,-35.163,-9.4323,-71.586,-44.188,-38.367,-33.808,-17.788
-25.081,-55.123,-10.999,39.464,-12.878,-34.427,-9.8511,-71.343,-44.408,-38.564,-33.935,-18.958
-24.987,-54.545,-9.3122,38.888,-13.598,-33.772,-9.6945,-69.578,-43.635,-38.23,-33.956,-19.942
-24.761,-53.894,-8.0049,38.081,-14.128,-33.358,-8.6143,-66.549,-41.694,-37.143,-33.747,-20.563
-24.324,-53.188,-7.4854,36.913,-13.653,-33.246,-6.7686,-72.229,-41.479,-35.531,-33.141,-20.56
-24.287,-52.251,-7.4673,35.052,-11.178,-33.355,-7.3958,-93.773,-65.891,-38.782,-31.942,-19.526
-31.712,-50.61,-7.4724,32.486,-14.06,-33.498,-18.897,-99.498,-81.705,-65.343,-30.393,-16.93
-44.232,-47.465,-8.7763,35.376,-18.219,-33.419,-22.316,-106.17,-86.748,-73.617,-36.837,-15.392
-47.403,-44.046,-11.648,53.813,-18.106,-32.842,-24.575,-112.49,-90.752,-75.56,-54.301,-45.883
-43.455,-61.676,-16.518,58.977,-13.31,-32.216,-26.104,-113.53,-89.568,-74.06,-55.316,-57.909
-30.554,-74.455,-24.176,54.045,-1.9006,-44.877,-24.742,-101.64,-76.795,-64.683,-54.518,-57.796
-6.7599,-70.061,-39.132,41.248,18.684,-56.631,-17.039,-66.006,-44.833,-41.75,-49.959,-53.908
29.686,-60.868,-64.808,19.236,50.635,-63.775,1.3295,5.6331,13.92,0.37009,-38.189,-42.789
80.658,-45.834,-99.63,-13.074,94.442,-72.349,33.315,119.74,106.33,66.387,-15.276,-20.285
145.69,-22.477,-139.05,-56.793,146.89,-78.708,79.185,273.53,235.33,162.06,23.857,18.645
220.64,13.724,-174.53,-113.76,201.63,-76.178,136.81,455.49,396.02,291.83,87.788,82.065
300.28,69.429,-197.22,-185.15,250.86,-57.044,202.02,646.06,577.5,454.5,184.75,178.15
378.9,152.76,-196.4,-269.16,286.17,-15.973,267.52,820.27,766,646.01,319.18,311.32
449.7,268.3,-160.35,-361.85,299.87,50.553,322.48,951.16,946.5,859.82,491.24,481.78
504.92,406.22,-83.382,-458.9,286.54,152.17,355.51,1014,1102.8,1084.8,694.43,683.36
536.21,556.04,32.404,-551.55,243.69,290.17,358.36,991.4,1217.3,1302.5,913.24,900.72
535.36,704.42,177.68,-626.51,172.08,436.95,327.96,877.33,1271.7,1485.3,1121.9,1108
496.05,828.62,336.21,-668.39,76.603,578.87,267,678.46,1248,1597,1285.6,1270.4
416.07,902.95,486.34,-663.42,-33.304,693.09,182.62,411.46,1130.6,1598.6,1366.1,1349.6
299.46,906.2,604.75,-603.66,-144.81,756.98,83.89,98.067,910.88,1459.3,1331.9,1314.6
157.67,829.48,672.85,-490.86,-244.25,756.07,-21.978,-238.63,594.29,1170.8,1171,1153.8
8.219,681.25,683.21,-338.53,-320.46,689.71,-132.05,-575.23,205.56,757.76,899.12,883.22
-129.63,486.72,641.16,-169.8,-367.65,571.93,-245.4,-887.15,-210.94,277.52,559.72,546.02
-240.09,280.93,561.31,-10.956,-385.77,427.25,-358.4,-1148.7,-599.59,-193.42,211.89,200.7
-314.26,97.546,462.61,116.85,-378.4,282.94,-462.17,-1336.1,-907.95,-581.91,-87.464,-96.525
-350.28,-41.525,363.17,202.68,-350.79,160.15,-543.94,-1432.5,-1101.1,-839.24,-299.93,-307.73
-351.18,-130.08,275.04,245.75,-309.43,68.577,-591.59,-1433.3,-1169.7,-951.92,-413.55,-421.13
-323.64,-174.23,202.07,252.54,-260.94,7.9597,-598.4,-1348.2,-1128.7,-938.96,-440.6,-448.91
-277.62,-185.73,142.98,233.81,-210.52,-28.955,-565.52,-1198.7,-1010,-839.41,-408.14,-417.72
-224.05,-177.13,94.597,201.66,-162.05,-50.653,-501.17,-1012.7,-850.43,-697.04,-345.86,-356.47
-171.81,-159.5,53.492,166.27,-118.43,-62.706,-417.12,-817.3,-682.31,-548.22,-276.91,-287.99
-126.52,-140.82,19.62,133.53,-81.144,-68.061,-326.16,-633.84,-527.78,-415.87,-215.47,-226.81
-90.868,-121.11,-3.6124,100.9,-51.13,-69.736,-239.75,-475.29,-398.36,-309.4,-167.2,-178.96
-65.902,-75.42,-18.518,79.087,-28.953,-68.669,-166.08,-347.73,-297.22,-228.85,-131.55,-144.02
-50.944,-62.944,-28.049,69.875,-14.358,-50.92,-109.12,-252.37,-222.4,-170.45,-105.44,-119.12
-42.679,-61.98,-31.646,64.289,-6.5613,-37.44,-68.958,-185.92,-170.15,-130.74,-86.065,-101.81
-38.634,-61.63,-28.236,59.929,-4.6247,-36.201,-42.687,-141.72,-134.59,-105.05,-74.166,-91.79
-37.285,-60.667,-18.203,55.114,-7.3532,-35.574,-26.372,-113.13,-109.62,-86.568,-65.574,-85.003
-34.869,-59.214,-10.343,49.419,-10.349,-34.679,-15.288,-94.662,-91.932,-72.324,-57.51,-80.213
-28.633,-57.666,-5.7053,44.457,-11.897,-33.691,-9.0167,-83.632,-80.116,-61.002,-49.235,-74.499
-24.968,-56.315,-2.7068,41.26,-14.029,-32.818,-6.5541,-75.611,-70.725,-52.071,-40.938,-64.612
-23.602,-55.255,-0.86969,39.392,-15.657,-32.19,-6.0142,-69.493,-63.459,-44.034,-35.165,-55.668
-22.828,-54.428,-0.2428,38.231,-16.361,-31.847,-7.0687,-64.36,-56.539,-35.675,-31.579,-49.776
-21.962,-53.709,-0.96334,37.36,-16.023,-31.758,-8.1494,-56.793,-47.627,-30.256,-29.048,-45.982
-20.696,-52.982,-3.0145,36.527,-14.576,-31.853,-2.4855,-48.661,-41.023,-26.622,-27.036,-43.358
-18.93,-52.195,-6.1573,35.615,-12.119,-32.044,2.4767,-43.676,-36.886,-23.754,-25.292,-41.362
-16.762,-51.38,-9.9422,34.629,-8.988,-32.268,5.8459,-40.234,-33.91,-21.284,-23.694,-39.715
-14.442,-50.631,-13.714,33.667,-5.7149,-32.487,8.2881,-37.443,-31.488,-19.032,-22.185,-38.287
-12.288,-50.042,-16.688,32.835,-2.903,-32.645,10.11,-34.945,-29.345,-16.889,-20.747,-37.018
-10.584,-49.622,-18.133,32.178,-1.0798,-32.615,11.395,-32.587,-27.34,-14.776,-19.36,-35.855
-9.5062,-49.262,-17.591,31.651,-0.56913,-32.222,12.174,-30.291,-25.388,-12.614,-17.987,-34.732
-9.097,-48.804,-15.031,31.152,-1.4196,-31.343,12.503,-28.005,-23.427,-10.327,-16.567,-33.572
-9.2547,-48.112,-10.895,30.57,-3.3971,-29.986,12.481,-25.675,-21.406,-7.8453,-15.032,-32.312
-9.7656,-47.127,-6.0205,29.813,-6.039,-28.31,12.228,-23.24,-19.289,-5.1207,-13.334,-30.923
-10.37,-45.863,-1.413,28.828,-8.7738,-26.57,11.859,-20.63,-17.047,-2.119,-11.445,-29.397
-10.843,-44.386,2.0433,27.612,-11.068,-25.03,11.473,-17.773,-14.639,1.1982,-9.3475,-27.724
-11.032,-42.787,3.8303,26.219,-12.541,-23.875,11.149,-14.601,-12.008,4.8877,-7.0182,-25.878
-10.851,-41.149,3.8956,24.737,-13.015,-23.154,10.937,-11.077,-9.0894,9.0127,-4.4356,-23.822
-10.22,-39.513,2.6006,23.23,-12.5,-22.763,10.843,-7.2351,-5.8556,13.603,-1.6085,-21.53
-9.0275,-37.845,0.56359,21.654,-11.132,-22.481,10.825,-3.2067,-2.3521,18.616,1.4052,-19.011
-7.1394,-36.022,-1.5418,19.831,-9.1124,-22.055,10.824,0.80264,1.3033,23.934,4.5071,-16.301
-4.4639,-33.889,-3.179,17.511,-6.6601,-21.31,10.817,4.6026,4.9711,29.438,7.606,-13.438
-0.99884,-31.348,-4.0406,14.507,-3.9812,-20.216,10.834,8.1105,8.5642,35.101,10.668,-10.431
3.1487,-28.401,-4.0391,10.783,-1.2297,-18.88,10.941,11.384,12.096,41.047,13.735,-7.2441
7.808,-25.125,-3.2993,6.481,1.5221,-17.47,11.171,14.569,15.666,47.517,16.899,-3.8109
12.8,-21.591,-2.155,1.849,4.2578,-16.134,11.481,17.823,19.425,54.791,20.268,-0.059466
17.967,-17.812,-1.0758,-2.8648,6.9752,-14.958,11.747,21.259,23.551,63.087,23.961,4.0765
23.185,-13.722,-0.54846,-7.5164,9.7214,-13.96,11.807,24.949,28.257,72.482,28.149,8.6633
28.448,-9.2104,-0.96666,-12.09,12.666,-13.102,11.521,28.953,33.838,82.816,33.103,13.778
33.971,-4.1955,-2.5327,-16.632,16.114,-12.315,10.815,33.332,40.629,93.699,39.177,19.513
40.184,1.2702,-5.1948,-21.168,20.424,-11.539,9.7004,38.134,48.858,104.71,46.664,25.961
47.545,6.9508,-8.664,-25.674,25.866,-10.766,8.2649,43.334,58.385,115.59,55.487,33.175
56.282,12.488,-12.49,-30.108,32.513,-10.047,6.6333,48.814,68.625,126.23,65.021,41.076
66.206,17.544,-16.152,-34.436,40.166,-9.4487,4.9281,54.39,78.833,136.54,74.404,49.424
76.694,21.922,-19.152,-38.645,48.3,-8.996,3.2431,59.88,88.503,146.51,83.081,57.896
86.922,25.613,-21.126,-42.728,56.129,-8.633,1.6384,65.159,97.506,156.21,90.988,66.269
96.24,28.781,-21.964,-46.715,62.898,-8.2341,0.13876,70.185,105.99,165.8,98.392,74.544
104.44,31.718,-21.893,-50.739,68.274,-7.6542,-1.2885,74.988,114.22,175.57,105.67,82.917
111.8,34.754,-21.468,-55.129,72.541,-6.7773,-2.7709,79.66,122.44,185.83,113.2,91.651
118.95,38.149,-21.42,-60.473,76.516,-5.5323,-4.5184,84.36,130.8,196.88,121.31,100.97
126.53,42.033,-22.428,-67.56,81.212,-3.886,-6.7369,89.335,139.45,209,130.31,111.01
134.91,46.449,-24.836,-77.036,87.379,-1.8335,-9.529,94.884,148.51,222.4,140.44,121.84
144.06,51.474,-28.458,-88.707,95.032,0.60778,-12.848,101.23,158.1,237.16,151.86,133.43
153.57,57.299,-32.602,-101.21,103.24,3.4163,-16.53,108.37,168.3,253.22,164.52,145.66
162.93,64.197,-36.325,-113.02,110.68,6.6,-20.387,116.02,179.1,270.35,178.18,158.36
171.76,72.389,-38.773,-123.64,116.49,10.206,-24.269,123.75,190.49,288.25,192.63,171.5
180.17,81.904,-39.447,-133.53,120.67,14.273,-28.083,131.17,202.35,306.63,207.73,185.19
188.75,92.539,-38.337,-143.36,123.77,18.769,-31.779,138.02,214.5,325.19,223.37,199.59
198.23,103.93,-35.916,-153.64,126.63,23.565,-35.336,144.16,226.62,343.57,239.34,214.73
209.16,115.67,-32.991,-164.6,130.07,28.472,-38.726,149.58,238.39,361.39,255.25,230.39
221.61,127.45,-30.447,-176.2,134.61,33.295,-41.868,154.32,249.56,378.27,270.65,246.19
235.12,139.03,-28.978,-188.12,140.3,37.881,-44.618,158.51,260.04,393.98,285.2,261.75
248.81,150.22,-28.88,-199.88,146.77,42.145,-46.853,162.29,269.89,408.42,298.76,276.81
261.66,160.81,-29.999,-210.89,153.39,46.055,-48.56,165.77,279.21,421.6,311.34,291.29
272.78,170.52,-31.821,-220.65,159.5,49.592,-49.859,169,288.06,433.61,323.06,305.2
281.68,179.08,-33.683,-228.79,164.61,52.738,-50.936,171.94,296.4,444.5,334.01,318.56
288.15,186.24,-34.994,-235.19,168.35,55.489,-51.969,174.47,303.99,454.27,344.23,331.34
292.27,191.88,-35.371,-239.87,170.51,57.863,-53.08,176.36,310.38,462.76,353.6,343.34
294.23,195.89,-34.651,-242.92,171.02,59.884,-54.31,177.39,314.93,469.7,361.77,354.08
294.21,198.28,-32.863,-244.42,169.98,61.565,-55.627,177.34,317.04,474.69,368.24,362.74
292.42,199.23,-30.202,-244.49,167.58,62.929,-56.953,176.17,316.45,477.43,372.53,368.4
289.21,199.1,-26.992,-243.34,164.07,64.003,-58.2,173.98,313.41,477.77,374.51,370.59
285.05,198.34,-23.62,-241.28,159.82,64.807,-59.316,171.01,308.46,475.83,374.41,369.65
280.33,197.21,-20.46,-238.55,155.27,65.339,-60.293,167.54,302.15,471.88,372.67,366.33
275.15,195.78,-17.793,-235.23,150.75,65.596,-61.14,163.76,294.87,466.23,369.66,361.31
269.39,193.96,-15.76,-231.25,146.34,65.589,-61.831,159.72,286.73,459.05,365.56,354.9
262.93,191.55,-14.328,-226.53,141.96,65.349,-62.279,155.35,277.69,450.34,360.38,347.09
255.74,188.31,-13.285,-221.07,137.48,64.929,-62.357,150.49,267.63,439.95,353.96,337.69
247.92,184.06,-12.28,-214.92,132.77,64.396,-61.934,144.99,256.54,427.71,346.05,326.57
239.52,178.71,-10.91,-208.18,127.72,63.807,-60.905,138.8,244.6,413.62,336.49,313.89
230.47,172.31,-8.8521,-200.88,122.14,63.189,-59.2,131.98,232.19,398,325.33,300.09
220.48,165.03,-6.036,-192.96,115.76,62.502,-56.786,124.71,219.68,381.38,312.92,285.66
209.35,157.08,-2.7406,-184.29,108.36,61.632,-53.681,117.15,207.25,364.25,299.67,270.91
197.12,148.57,0.39988,-174.82,100,60.416,-49.97,109.35,194.84,346.77,285.82,255.85
184.31,139.5,2.5501,-164.61,91.236,58.675,-45.824,101.24,182.26,328.85,271.35,240.37
171.63,129.74,3.0174,-153.87,82.934,56.267,-41.464,92.756,169.34,310.29,256.11,224.38
159.73,119.21,1.5854,-142.77,75.852,53.159,-37.1,83.995,156.07,290.98,240.02,207.94
148.86,108.16,-1.3359,-131.43,70.24,49.488,-32.848,75.269,142.64,271.06,223.18,191.36
138.82,97.184,-4.7869,-119.82,65.604,45.536,-28.72,66.962,129.34,250.89,205.95,175.07
129.07,86.951,-7.5439,-107.94,60.803,41.626,-24.689,59.32,116.41,230.98,188.82,159.5
118.98,77.759,-8.499,-95.887,54.603,37.983,-20.755,52.343,103.93,211.76,172.32,144.82
108.02,69.405,-7.0041,-83.897,46.393,34.658,-16.971,45.839,91.776,193.43,156.72,130.95
95.939,61.442,-3.0852,-72.197,36.553,31.512,-13.427,39.535,79.71,175.94,142.05,117.51
82.743,53.452,2.5527,-61.002,26.116,28.23,-10.267,33.184,67.579,159.08,128.07,103.95
68.868,45.134,8.7174,-50.549,16.227,24.412,-7.6261,26.653,55.489,142.61,114.41,89.722
55.169,36.279,14.049,-41.001,7.7969,19.774,-5.5097,19.972,43.881,126.36,100.59,74.669
42.551,26.821,17.43,-32.321,1.3181,14.367,-3.786,13.318,33.323,110.25,86.127,59.427
31.477,16.947,18.312,-24.307,-3.1683,8.5992,-2.2838,6.951,24.173,94.205,70.954,45.279
21.931,7.1247,16.814,-16.741,-5.9642,3.0009,-0.88785,1.128,16.454,78.233,56.087,33.199
13.832,-2.0782,13.554,-9.5185,-7.4639,-2.0494,0.41816,-3.979,9.9818,62.719,43.158,23.312
7.3211,-10.233,9.3355,-2.7,-7.9786,-6.4161,1.5638,-8.3421,4.5163,48.501,32.839,15.226
2.5306,-17.146,4.8995,3.5061,-7.7535,-10.132,2.4419,-12.068,-0.18439,36.246,24.63,8.4532
-0.75411,-22.815,0.75661,8.8337,-7.0744,-13.288,2.9731,-15.323,-4.3356,26.059,17.752,2.5907
-2.9914,-27.368,-2.7654,13.115,-6.2813,-15.973,3.1554,-18.243,-8.0834,17.689,11.677,-2.624
-4.5715,-31.028,-5.3713,16.395,-5.6734,-18.268,3.0773,-20.894,-11.484,10.818,6.1773,-7.3044
-5.7223,-34.048,-6.8503,18.894,-5.4154,-20.24,2.8901,-23.28,-14.528,5.1638,1.215,-11.459
-6.5659,-36.61,-7.1947,20.85,-5.5263,-21.878,2.7516,-25.392,-17.189,0.48642,-3.1632,-15.066
-7.1883,-38.747,-6.538,22.411,-5.9526,-23.079,2.7691,-27.232,-19.462,-3.405,-6.9114,-18.125
-7.6731,-40.394,-5.0384,23.622,-6.6432,-23.732,2.9741,-28.83,-21.374,-6.6629,-10.031,-20.68
-8.0982,-41.495,-2.8742,24.491,-7.5578,-23.809,3.3334,-30.223,-22.981,-9.4133,-12.581,-22.809
-8.521,-42.093,-0.33522,25.053,-8.6235,-23.421,3.7768,-31.455,-24.351,-11.761,-14.653,-24.605
-8.9782,-42.35,2.1443,25.407,-9.7073,-22.806,4.2201,-32.553,-25.543,-13.785,-16.344,-26.156
-9.5086,-42.508,4.0791,25.714,-10.649,-22.28,4.5907,-33.532,-26.595,-15.534,-17.74,-27.529
-10.169,-42.819,5.0943,26.158,-11.328,-22.127,4.8627,-34.39,-27.52,-17.032,-18.906,-28.76
-11.015,-43.446,5.0552,26.879,-11.706,-22.505,5.0758,-35.12,-28.32,-18.287,-19.89,-29.857
-12.062,-44.4,4.0977,27.902,-11.824,-23.388,5.316,-35.709,-28.984,-19.301,-20.718,-30.8
-13.251,-45.54,2.5546,29.12,-11.764,-24.593,5.6685,-36.145,-29.495,-20.076,-21.395,-31.559
-14.467,-46.657,0.82421,30.351,-11.618,-25.87,6.1744,-36.427,-29.845,-20.629,-21.921,-32.115
-15.589,-47.586,-0.75471,31.429,-11.47,-27.011,6.8171,-36.576,-30.044,-20.996,-22.303,-32.483
-16.555,-48.268,-1.9761,32.278,-11.397,-27.914,7.5392,-36.645,-30.138,-21.238,-22.564,-32.716
-17.391,-48.761,-2.7805,32.928,-11.463,-28.592,8.2737,-36.701,-30.195,-21.426,-22.745,-32.885
-18.188,-49.184,-3.2339,33.481,-11.702,-29.131,8.9708,-36.799,-30.276,-21.618,-22.882,-33.05
-19.048,-49.65,-3.4949,34.054,-12.098,-29.628,9.615,-36.963,-30.412,-21.845,-22.999,-33.235
-20.007,-50.201,-3.7616,34.716,-12.566,-30.132,10.228,-37.183,-30.601,-22.112,-23.101,-33.433
-20.987,-50.799,-4.1967,35.451,-12.956,-30.636,10.846,-37.423,-30.816,-22.407,-23.188,-33.619
-21.801,-51.355,-4.8485,36.157,-13.105,-31.089,11.495,-37.645,-31.026,-22.725,-23.261,-33.768
-22.226,-51.765,-5.604,36.679,-12.921,-31.419,12.162,-37.823,-31.213,-23.072,-23.334,-33.874
-22.115,-51.94,-6.2053,36.869,-12.45,-31.549,12.799,-37.949,-31.379,-23.462,-23.424,-33.943
-21.49,-51.831,-6.332,36.659,-11.877,-31.418,13.333,-38.035,-31.541,-23.91,-23.548,-33.993
-20.549,-51.462,-5.7103,36.102,-11.472,-30.998,13.685,-38.103,-31.732,-24.426,-23.715,-34.042
-19.606,-50.919,-4.2142,35.354,-11.498,-30.306,13.8,-38.178,-31.981,-25.012,-23.929,-34.103
-18.971,-50.319,-1.9457,34.613,-12.114,-29.414,13.666,-38.264,-32.299,-25.658,-24.185,-34.181
-18.842,-49.762,0.73912,34.052,-13.295,-28.444,13.333,-38.342,-32.666,-26.344,-24.472,-34.271
-19.23,-49.308,3.2635,33.764,-14.794,-27.561,12.901,-38.365,-33.031,-27.037,-24.769,-34.354
-19.947,-48.986,4.9293,33.745,-16.152,-26.931,12.492,-38.28,-33.323,-27.698,-25.048,-34.399
-20.649,-48.801,5.1346,33.91,-16.825,-26.684,12.216,-38.049,-33.482,-28.285,-25.278,-34.366
-20.962,-48.747,3.6206,34.127,-16.401,-26.87,12.139,-37.665,-33.47,-28.767,-25.431,-34.222
-20.641,-48.792,0.60466,34.263,-14.796,-27.427,12.274,-37.148,-33.283,-29.125,-25.487,-33.953
-19.679,-48.858,-3.2278,34.23,-12.314,-28.166,12.593,-36.528,-32.937,-29.35,-25.426,-33.551
-18.323,-48.844,-6.876,34.015,-9.5685,-28.796,13.048,-35.827,-32.457,-29.434,-25.23,-33.013
-16.994,-48.675,-9.3031,33.693,-7.3036,-29.021,13.592,-35.052,-31.862,-29.368,-24.876,-32.331
-16.149,-48.353,-9.7645,33.397,-6.1675,-28.664,14.207,-34.189,-31.163,-29.147,-24.349,-31.495
-16.139,-47.941,-8.056,33.256,-6.5138,-27.731,14.913,-33.211,-30.359,-28.772,-23.647,-30.507
-17.099,-47.518,-4.5669,33.35,-8.3057,-26.388,15.762,-32.081,-29.443,-28.252,-22.779,-29.38
-18.909,-47.134,-0.13092,33.671,-11.145,-24.877,16.798,-30.766,-28.407,-27.599,-21.764,-28.14
-21.225,-46.784,4.2553,34.131,-14.403,-23.431,18.032,-29.255,-27.246,-26.821,-20.625,-26.811
-23.591,-46.422,7.7668,34.593,-17.423,-22.204,19.427,-27.561,-25.97,-25.925,-19.385,-25.41
-25.588,-45.971,10.018,34.91,-19.71,-21.224,20.894,-25.733,-24.603,-24.925,-18.08,-23.948
-26.95,-45.331,11.135,34.968,-21.046,-20.375,22.298,-23.859,-23.192,-23.856,-16.766,-22.452
-27.584,-44.401,11.641,34.703,-21.504,-19.43,23.475,-22.048,-21.799,-22.775,-15.525,-20.976
-27.55,-43.089,12.218,34.094,-21.371,-18.129,24.318,-20.395,-20.484,-21.751,-14.445,-19.592
-27.005,-41.336,13.423,33.159,-20.984,-16.281,24.867,-18.929,-19.267,-20.834,-13.568,-18.351
-26.148,-39.137,15.454,31.939,-20.605,-13.845,25.297,-17.585,-18.113,-20.025,-12.868,-17.257
-25.154,-36.543,18.097,30.487,-20.357,-10.964,25.801,-16.247,-16.95,-19.28,-12.264,-16.265
-24.128,-33.641,20.845,28.851,-20.241,-7.9186,26.471,-14.804,-15.709,-18.536,-11.676,-15.326
-23.078,-30.514,23.137,27.049,-20.156,-4.9919,27.325,-13.198,-14.351,-17.743,-11.06,-14.408
-21.93,-27.186,24.619,25.054,-19.955,-2.3223,28.403,-11.407,-12.871,-16.872,-10.413,-13.497
-20.572,-23.601,25.271,22.794,-19.51,0.15514,29.849,-9.4154,-11.272,-15.906,-9.7475,-12.585
-18.921,-19.646,25.348,20.187,-18.78,2.644,31.869,-7.1926,-9.558,-14.836,-9.0776,-11.66
-16.969,-15.224,25.231,17.19,-17.821,5.3667,34.558,-4.7085,-7.7228,-13.653,-8.4045,-10.701
-14.785,-10.309,25.291,13.826,-16.755,8.4844,37.738,-1.9671,-5.7648,-12.361,-7.7114,-9.681
-12.488,-4.9483,25.811,10.18,-15.727,12.072,41.044,0.96605,-3.6984,-10.975,-6.9611,-8.5742
-10.217,0.75264,26.926,6.3745,-14.854,16.113,44.268,3.9675,-1.5583,-9.5289,-6.1035,-7.3587
-8.0925,6.6338,28.597,2.5395,-14.186,20.474,47.54,6.893,0.60871,-8.0654,-5.0923,-6.0266
-6.1952,12.465,30.615,-1.1902,-13.705,24.902,51.205,9.6216,2.7606,-6.6202,-3.9029,-4.5894
-4.564,17.969,32.669,-4.6776,-13.35,29.081,55.624,12.075,4.8674,-5.2141,-2.5417,-3.074
-3.2033,22.918,34.488,-7.8107,-13.059,32.779,61.037,14.207,6.9038,-3.858,-1.0436,-1.5129
-2.1011,27.245,36.02,-10.54,-12.816,35.982,67.433,15.979,8.8348,-2.5665,0.54074,0.068913
-1.2468,31.058,37.495,-12.893,-12.661,38.893,74.445,17.35,10.609,-1.3678,2.166,1.6686
-0.64075,34.561,39.293,-14.939,-12.676,41.792,81.391,18.294,12.164,-0.29219,3.8131,3.316
-0.29369,37.916,41.725,-16.741,-12.945,44.878,87.42,18.81,13.442,0.63315,5.4926,5.063
-0.22268,41.164,44.868,-18.313,-13.519,48.166,91.587,18.909,14.39,1.385,7.2229,6.9497
-0.44373,44.212,48.537,-19.623,-14.402,51.504,92.844,18.587,14.968,1.9416,8.9964,8.9668
-0.95878,46.907,52.401,-20.628,-15.551,54.665,90.175,17.794,15.157,2.2876,10.762,11.045
-1.7424,49.13,56.145,-21.315,-16.904,57.464,83.069,16.434,14.962,2.4155,12.442,13.082
-2.736,50.863,59.591,-21.736,-18.404,59.814,72.032,14.402,14.403,2.3278,13.961,14.981
-3.8499,52.194,62.717,-21.999,-20.009,61.725,58.575,11.634,13.497,2.0363,15.277,16.678
-4.9711,53.273,65.593,-22.235,-21.682,63.258,44.603,8.1318,12.24,1.5507,16.378,18.154
-5.9772,54.252,68.252,-22.562,-23.366,64.486,31.732,3.96,10.625,0.87716,17.275,19.427
-6.7518,55.25,70.585,-23.051,-24.948,65.467,20.892,-0.75877,8.6577,0.028536,17.986,20.534
-7.1924,56.331,72.325,-23.716,-26.245,66.232,12.382,-5.8431,6.3774,-0.97106,18.537,21.517
-7.213,57.484,73.138,-24.519,-27.019,66.772,6.283,-11.051,3.8614,-2.0815,18.942,22.399
-6.7524,58.599,72.758,-25.376,-27.023,67.042,2.6564,-16.106,1.2114,-3.2565,19.195,23.172
-5.7922,59.476,71.071,-26.166,-26.074,66.975,0.96158,-20.764,-1.4684,-4.4595,19.257,23.788
-4.3743,59.895,68.155,-26.761,-24.13,66.53,-0.090126,-24.875,-4.1026,-5.6738,19.078,24.177
-2.6111,59.747,64.297,-27.075,-21.342,65.727,-1.3932,-28.414,-6.6515,-6.8979,18.622,24.286
-0.68755,59.113,59.992,-27.083,-18.064,64.659,-3.0463,-31.429,-9.0922,-8.1287,17.89,24.102
1.1514,58.195,55.861,-26.79,-14.789,63.446,-4.8101,-33.988,-11.389,-9.3472,16.919,23.658
2.6307,57.07,52.509,-26.142,-12.033,62.164,-6.4053,-36.122,-13.486,-10.517,15.761,23
3.4917,55.495,50.343,-24.982,-10.213,60.763,-7.6077,-37.832,-15.323,-11.601,14.45,22.148
3.5203,52.98,49.399,-23.103,-9.5567,59.048,-8.3063,-39.121,-16.857,-12.588,12.986,21.079
2.5714,49.092,49.284,-20.366,-10.068,56.708,-8.534,-40.042,-18.1,-13.508,11.328,19.74
0.60014,43.678,49.272,-16.759,-11.561,53.388,-8.4232,-40.707,-19.134,-14.432,9.4049,18.068
-2.3168,36.836,48.515,-12.387,-13.737,48.769,-8.1234,-41.265,-20.083,-15.444,7.1573,16.025
-5.9929,28.801,46.359,-7.4089,-16.264,42.673,-7.7421,-41.868,-21.071,-16.61,4.5734,13.62
-10.176,19.858,42.666,-1.9847,-18.838,35.184,-7.3207,-42.614,-22.174,-17.944,1.7087,10.912
-14.58,10.324,37.86,3.7426,-21.198,26.68,-6.821,-43.525,-23.398,-19.407,-1.3293,7.9927
-18.875,0.55707,32.569,9.6144,-23.112,17.75,-6.1523,-44.574,-24.696,-20.935,-4.422,4.9537
-22.663,-9.0289,27.24,15.391,-24.359,9.0108,-5.2383,-45.695,-26.006,-22.469,-7.4754,1.8669
-25.519,-17.995,22.034,20.728,-24.726,0.93865,-4.0901,-46.831,-27.284,-23.982,-10.441,-1.2281
-27.117,-25.956,16.919,25.243,-24.077,-6.2123,-2.8422,-47.958,-28.529,-25.486,-13.318,-4.3253
-27.35,-32.651,11.812,28.652,-22.404,-12.393,-1.7202,-49.097,-29.778,-27.02,-16.131,-7.4384
-26.396,-37.974,6.6827,30.881,-19.864,-17.666,-0.96145,-50.294,-31.086,-28.62,-18.902,-10.575
-24.665,-41.973,1.5706,32.1,-16.752,-22.107,-0.72917,-51.581,-32.487,-30.298,-21.618,-13.704
-22.654,-44.862,-3.4394,32.647,-13.446,-25.79,-1.0596,-52.947,-33.97,-32.012,-24.223,-16.752
-20.796,-46.961,-8.2198,32.891,-10.327,-28.819,-1.8599,-54.323,-35.467,-33.683,-26.635,-19.608
-19.346,-48.557,-12.562,33.095,-7.707,-31.294,-2.9502,-55.604,-36.881,-35.217,-28.773,-22.163
-18.34,-49.803,-16.201,33.36,-5.7672,-33.254,-4.1356,-56.695,-38.123,-36.537,-30.577,-24.338
-17.618,-50.724,-18.942,33.643,-4.5011,-34.687,-5.2728,-57.555,-39.152,-37.61,-32.028,-26.112
-16.903,-51.299,-20.79,33.835,-3.7,-35.587,-6.3036,-58.227,-39.989,-38.448,-33.142,-27.519
-15.942,-51.544,-21.997,33.844,-3.0268,-36.004,-7.2464,-58.817,-40.7,-39.097,-33.96,-28.63
-14.659,-51.545,-22.926,33.656,-2.191,-36.059,-8.1594,-59.452,-41.366,-39.605,-34.527,-29.521
-13.212,-51.446,-23.82,33.35,-1.1106,-35.909,-9.0965,-60.191,-42.02,-39.994,-34.879,-30.243
-11.953,-51.398,-24.628,33.079,0.019979,-35.713,-10.053,-60.937,-42.6,-40.241,-35.04,-30.816
-11.319,-51.514,-25.031,33.012,0.75222,-35.588,-10.897,-61.351,-42.908,-40.269,-35.006,-31.217
-11.673,-51.817,-24.62,33.248,0.54891,-35.579,-11.335,-60.829,-42.601,-39.93,-34.738,-31.384
-13.148,-52.232,-23.138,33.764,-0.92318,-35.647,-10.981,-58.657,-41.234,-39.006,-34.163,-31.21
-15.553,-52.603,-20.641,34.382,-3.5728,-35.698,-9.5471,-55.039,-38.553,-37.257,-33.177,-30.539
-18.354,-52.723,-17.488,34.772,-6.6808,-35.63,-7.2855,-60.351,-36.933,-34.807,-31.642,-29.142
-20.966,-52.34,-14.008,34.433,-8.6838,-35.375,-7.9915,-90.034,-61.205,-36.422,-29.363,-26.656
-24.881,-51.091,-10.585,32.905,-9.9988,-34.893,-19.114,-96.369,-79.978,-63.259,-26.555,-22.651
-38.115,-48.45,-8.466,32.647,-15.376,-34.122,-21.651,-103.3,-84.812,-72.302,-33.592,-21.582
-50.323,-46.04,-8.6209,47.932,-20.134,-32.978,-23.37,-109.06,-88.31,-74.094,-50.88,-51.06
-52.026,-63.7,-11.446,61.465,-18.809,-32.742,-23.363,-107.73,-85.649,-72.191,-51.861,-57.739
-45.178,-76.226,-18.259,59.582,-9.7584,-49.678,-19.622,-92.128,-69.949,-61.745,-51.408,-57.501
-28.366,-71.56,-37.51,49.068,8.4365,-59.472,-9.7801,-53.913,-34.248,-36.881,-47.095,-53.396
0.57061,-61.709,-66.93,29.286,37.081,-66.492,9.8542,17.401,26.775,7.1829,-35.119,-41.563
44.029,-46.177,-101.38,-0.01734,76.929,-74.034,42.54,130.09,117.55,73.283,-11.819,-18.158
103.39,-23.671,-135.54,-38.921,124.32,-77.998,88.986,284.37,241.54,165.59,27.045,21.311
175.45,9.5924,-160.36,-89.971,172.65,-71.137,147.43,469.88,398.13,289.49,89.603,84.272
254.79,61.328,-169.91,-156.85,216.07,-47.936,214.31,666.36,580.71,448.3,184.5,178.58
335.38,141.71,-157.68,-239.42,247.61,-5.4449,282.83,846.76,776.22,640.72,317.45,310.06
410.49,255.98,-115.58,-332.83,260.91,62.366,341.68,981.48,967.05,860.17,489.04,479.91
472.67,394.76,-38.551,-431.65,250.9,168.64,378.52,1043.8,1134.3,1094.3,693.07,682.3
513.52,546.81,73.704,-528.07,213.86,306.21,383.96,1015.9,1259.2,1323.7,914.73,902.48
524.46,698.42,216.02,-609.99,148.84,454.2,354.37,893.04,1323.3,1520.1,1128.9,1115.3
498.13,827.42,373.19,-662.76,59.199,598.34,292.71,683.48,1308.1,1646.9,1301,1286.2
430.59,908.68,524.29,-671.75,-47.157,715.26,206.25,405.3,1197.3,1663.9,1392,1376.1
323.87,920.37,645.62,-626.56,-158.1,781.5,103.04,81.716,980.94,1537.9,1369.1,1352.2
187.7,851.79,715.95,-526.01,-258.95,780.92,-10.574,-262.84,662.74,1257.4,1217.5,1200.3
38.525,709.47,723.65,-380.93,-336.21,711.62,-130.56,-604.14,266.4,844.18,950.94,934.4
-104.39,517.31,672.44,-212.61,-381.93,588.31,-253.52,-917.76,-163.45,354.81,611.57,596.62
-223.69,309.66,580.23,-47.112,-395.8,437.66,-373.82,-1179.1,-569.31,-132.6,258.99,246.26
-307.37,120.53,470.69,92.061,-383.49,288.47,-482.16,-1366,-896.09,-541.67,-48.49,-59.012
-350.49,-26.242,363.63,189.94,-352.8,162.14,-566.99,-1462.7,-1106.6,-820.39,-271.16,-280.23
-355.32,-121.88,270.31,242.72,-310.44,68.375,-617.34,-1464.1,-1189.6,-952.71,-395.93,-404.85
-329.73,-171.26,194.33,256.21,-261.51,7.1145,-626.21,-1378.4,-1158.7,-955.69,-433.94,-443.76
-284.43,-186.84,134.44,241.39,-210.3,-28.841,-593.84,-1226.5,-1044,-866.95,-411.21,-421.89
-230.31,-181.48,87.63,210.27,-160.77,-48.616,-528.32,-1036.2,-882.58,-729.1,-356.03,-366.65
-176.65,-165.12,49.716,173.54,-116.67,-60.872,-442.03,-836.03,-708.5,-578,-289.49,-299.86
-129.86,-145.24,17.592,138.86,-80.328,-68.179,-348,-648.83,-546.69,-438.65,-226.21,-236.77
-93.494,-126.31,-6.8729,108.34,-51.991,-70.767,-257.76,-488.67,-410.77,-324.49,-175.01,-186.08
-68.827,-87.25,-20.865,85.136,-31.452,-69.917,-179.94,-360.65,-305,-238.55,-137.59,-149.25
-54.608,-66.914,-26.806,73.225,-18.356,-54.033,-119.21,-264.31,-227.85,-177.44,-110.69,-122.88
-46.971,-65.327,-27.064,66.791,-11.875,-41.029,-75.512,-195.73,-174.68,-136.48,-90.422,-103.37
-43.027,-64.712,-22.694,62.64,-10.173,-40.034,-45.829,-148.33,-138.35,-110.01,-77.143,-91.614
-41.137,-63.357,-17.431,58.152,-11.264,-39.608,-26.821,-116.55,-112.03,-90.773,-68.088,-83.988
-38.086,-61.539,-16.426,52.03,-10.945,-39.148,-15.239,-96.073,-92.944,-75.599,-60.032,-78.014
-29.655,-59.742,-17.972,46.091,-8.0482,-38.769,-6.9515,-83.456,-80.029,-63.49,-51.931,-71.534
-23.184,-58.255,-20.137,42.078,-6.5656,-38.507,-4.1556,-75.125,-69.939,-53.66,-43.601,-61.194
-19.793,-57.125,-21.656,39.656,-5.7006,-38.249,-3.2716,-68.293,-61.921,-45.436,-37.171,-51.391
-17.843,-56.233,-21.76,38.165,-5.3792,-37.813,-4.1057,-62.78,-53.893,-37.1,-33.538,-45.026
-16.749,-55.406,-20.294,37.16,-5.77,-37.078,-9.5038,-54.179,-41.989,-31.81,-31.378,-41.105
-16.169,-54.531,-17.685,36.347,-6.7616,-36.072,-6.8223,-45.808,-34.423,-28.332,-29.907,-38.565
-15.792,-53.604,-14.756,35.556,-7.9688,-34.971,-3.8255,-41.187,-30.061,-25.492,-28.761,-36.778
-15.377,-52.712,-12.431,34.735,-8.9277,-34.024,-1.9792,-37.929,-26.862,-22.93,-27.724,-35.366
-14.825,-51.96,-11.398,33.919,-9.2895,-33.448,-0.61985,-35.181,-24.13,-20.455,-26.639,-34.093
-14.163,-51.396,-11.896,33.16,-8.9362,-33.341,0.61821,-32.635,-21.587,-17.958,-25.407,-32.826
-13.469,-50.978,-13.689,32.471,-7.9879,-33.654,1.8545,-30.192,-19.129,-15.392,-23.99,-31.508
-12.792,-50.586,-16.226,31.802,-6.7058,-34.211,3.0812,-27.837,-16.741,-12.753,-22.406,-30.132
-12.106,-50.085,-18.87,31.056,-5.3485,-34.783,4.2547,-25.575,-14.431,-10.053,-20.713,-28.714
-11.293,-49.386,-21.106,30.135,-4.0622,-35.174,5.3508,-23.386,-12.192,-7.2962,-18.971,-27.269
-10.176,-48.485,-22.615,28.963,-2.8643,-35.27,6.376,-21.228,-10.004,-4.4864,-17.219,-25.809
-8.5755,-47.42,-23.243,27.484,-1.6983,-35.016,7.3468,-19.06,-7.8324,-1.6279,-15.468,-24.331
-6.3977,-46.2,-22.959,25.654,-0.50132,-34.371,8.2659,-16.851,-5.6314,1.2814,-13.702,-22.815
-3.6997,-44.785,-21.856,23.465,0.72825,-33.314,9.1077,-14.567,-3.3416,4.2711,-11.883,-21.218
-0.70781,-43.127,-20.15,20.99,1.892,-31.878,9.8253,-12.157,-0.87947,7.4211,-9.9628,-19.475
2.2467,-41.221,-18.156,18.387,2.8317,-30.18,10.37,-9.5429,1.8703,10.875,-7.8817,-17.51
4.8368,-39.11,-16.26,15.851,3.4492,-28.4,10.711,-6.6289,5.0375,14.842,-5.57,-15.238
6.8657,-36.853,-14.834,13.519,3.799,-26.712,10.849,-3.3234,8.7565,19.601,-2.9549,-12.569
8.3274,-34.483,-14.113,11.404,4.0423,-25.217,10.817,0.44352,13.178,25.494,0.025865,-9.423
9.3668,-31.982,-14.103,9.4023,4.3539,-23.921,10.687,4.7146,18.47,32.878,3.4069,-5.7318
10.16,-29.305,-14.562,7.3666,4.7889,-22.739,10.566,9.4979,24.799,41.96,7.1904,-1.4565
10.814,-26.408,-15.021,5.2118,5.2235,-21.534,10.573,14.761,32.264,52.567,11.355,3.4029
11.343,-23.269,-14.888,2.9472,5.3866,-20.145,10.806,20.421,40.829,64.077,15.88,8.808
11.726,-19.869,-13.639,0.62143,4.9786,-18.414,11.317,26.357,50.287,75.713,20.766,14.695
11.981,-16.162,-11.026,-1.7616,3.8313,-16.228,12.11,32.443,60.346,86.936,26.042,21.021
12.232,-12.065,-7.1841,-4.2773,2.0232,-13.571,13.146,38.583,70.74,97.592,31.754,27.786
12.758,-7.491,-2.6282,-7.055,-0.1028,-10.55,14.342,44.734,81.276,107.79,37.954,35.022
14.046,-2.3955,1.8799,-10.229,-1.995,-7.3777,15.584,50.918,91.825,117.75,44.705,42.769
16.845,3.1685,5.5448,-13.893,-2.9832,-4.3204,16.747,57.187,102.28,127.64,52.054,51.036
22.036,9.0386,7.7651,-18.094,-2.3954,-1.6152,17.725,63.592,112.57,137.6,60.01,59.79
30.061,14.996,8.293,-22.893,0.27108,0.60778,18.438,70.188,122.66,147.77,68.542,68.987
40.272,20.846,7.2642,-28.38,5.114,2.3777,18.831,77.059,132.62,158.32,77.596,78.621
51.488,26.448,5.0765,-34.53,11.722,3.8822,18.855,84.346,142.64,169.51,87.096,88.753
63.017,31.741,2.2002,-41.097,19.505,5.3964,18.462,92.191,152.95,181.7,96.993,99.472
74.639,36.754,-0.96734,-47.804,28.066,7.1471,17.6,100.62,163.73,195.17,107.31,110.82
86.317,41.552,-4.1958,-54.578,37.066,9.1761,16.213,109.44,175.15,210.12,118.17,122.72
98.123,46.179,-7.4754,-61.598,46.158,11.32,14.251,118.23,187.18,226.47,129.71,135.04
110.2,50.669,-10.958,-69.251,55.258,13.336,11.715,126.5,199.69,243.85,141.99,147.57
122.62,55.1,-14.834,-78.042,64.599,15.035,8.7173,133.95,212.42,261.8,154.87,160.14
135.21,59.641,-19.206,-88.368,74.385,16.363,5.4778,140.49,225.02,279.99,168.2,172.8
147.35,64.566,-23.903,-100.07,84.334,17.423,2.2356,146.2,237.27,298.23,181.86,185.71
158.24,70.254,-28.385,-112.2,93.627,18.479,-0.86003,151.26,249.09,316.48,195.87,199.15
167.46,77.128,-31.913,-123.6,101.42,19.877,-3.7711,155.85,260.54,334.72,210.3,213.32
175.3,85.531,-33.909,-133.88,107.45,21.905,-6.5213,160.11,271.68,352.92,225.2,228.28
182.63,95.542,-34.224,-143.48,112.05,24.653,-9.1551,164.12,282.56,370.92,240.57,243.96
190.4,106.84,-33.197,-153.05,115.91,27.985,-11.745,167.95,293.11,388.51,256.29,260.11
199.32,118.71,-31.49,-162.98,119.74,31.635,-14.41,171.57,303.22,405.36,272.09,276.36
209.56,130.3,-29.821,-173.2,124.08,35.336,-17.286,174.97,312.74,421.14,287.58,292.27
220.73,140.98,-28.703,-183.33,129.13,38.92,-20.463,178.07,321.54,435.59,302.3,307.42
232.21,150.46,-28.32,-192.98,134.75,42.335,-23.933,180.84,329.54,448.65,315.86,321.49
243.45,158.87,-28.536,-201.92,140.64,45.627,-27.594,183.22,336.66,460.39,328.07,334.31
254.09,166.47,-29.018,-210.16,146.44,48.872,-31.286,185.16,342.88,470.92,338.9,345.86
263.89,173.54,-29.391,-217.75,151.79,52.106,-34.84,186.61,348.12,480.32,348.41,356.16
272.65,180.21,-29.363,-224.71,156.35,55.29,-38.103,187.51,352.34,488.54,356.69,365.26
280.15,186.41,-28.787,-230.94,159.86,58.33,-40.952,187.81,355.48,495.46,363.73,373.15
286.07,191.94,-27.633,-236.28,162.06,61.128,-43.31,187.51,357.53,500.98,369.51,379.78
289.94,196.49,-25.889,-240.47,162.59,63.622,-45.151,186.66,358.53,505.01,374.03,385.07
291.02,199.83,-23.5,-243.11,161,65.809,-46.507,185.33,358.54,507.56,377.34,389.01
288.6,201.84,-20.394,-243.82,156.9,67.736,-47.42,183.61,357.6,508.68,379.57,391.63
282.81,202.62,-16.577,-242.52,150.54,69.466,-47.907,181.51,355.66,508.4,380.83,393
274.77,202.46,-12.22,-239.58,142.79,71.018,-47.94,179.03,352.63,506.75,381.16,393.13
265.59,201.67,-7.6539,-235.59,134.41,72.35,-47.498,176.09,348.34,503.67,380.51,392
255.79,200.48,-3.2933,-230.98,125.82,73.377,-46.594,172.6,342.65,499.04,378.72,389.51
245.52,198.94,0.48496,-225.9,117.23,74.021,-45.274,168.45,335.47,492.67,375.52,385.5
234.81,196.97,3.4875,-220.25,108.78,74.269,-43.588,163.52,326.83,484.4,370.57,379.74
223.66,194.39,5.7976,-213.84,100.49,74.191,-41.578,157.72,316.81,474.08,363.54,372.04
212.12,191,7.7294,-206.52,92.295,73.933,-39.286,151.03,305.56,461.65,354.22,362.32
200.35,186.56,9.6732,-198.24,84.023,73.655,-36.773,143.47,293.17,447.1,342.71,350.68
188.59,180.92,11.917,-189.13,75.458,73.461,-34.13,135.16,279.73,430.51,329.31,337.41
177.15,174.08,14.517,-179.48,66.496,73.337,-31.469,126.19,265.32,412.1,314.47,322.86
166.39,166.23,17.236,-169.59,57.343,73.131,-28.876,116.65,250.11,392.27,298.58,307.35
156.5,157.63,19.577,-159.71,48.642,72.587,-26.371,106.67,234.41,371.52,281.94,291.14
147.35,148.38,20.953,-149.83,41.196,71.42,-23.9,96.44,218.57,350.32,264.73,274.38
138.51,138.4,20.956,-139.74,35.347,69.406,-21.383,86.203,202.87,328.95,247.03,257.09
129.51,127.62,19.528,-129.1,30.823,66.469,-18.795,76.206,187.4,307.4,228.88,239.27
120.02,116.21,16.954,-117.68,27.112,62.734,-16.189,66.588,172.13,285.55,210.4,221.07
110.04,104.68,13.745,-105.58,23.79,58.497,-13.669,57.366,156.98,263.34,191.85,202.79
99.827,93.675,10.505,-93.391,20.624,54.106,-11.333,48.491,141.89,240.95,173.64,184.86
89.673,83.567,7.7874,-81.861,17.567,49.816,-9.2368,39.945,126.81,218.76,156.22,167.7
79.739,74.327,5.9798,-71.406,14.596,45.72,-7.3837,31.786,111.66,197.25,139.88,151.52
69.906,65.637,5.3358,-61.883,11.536,41.771,-5.7157,24.125,96.27,176.75,124.57,136.3
59.784,57.141,6.0713,-52.884,8.0767,37.841,-4.1426,17.056,80.584,157.4,109.96,121.72
48.978,48.576,8.326,-44.113,3.9479,33.729,-2.597,10.621,65.109,139.13,95.461,107.33
37.533,39.756,11.94,-35.532,-0.89887,29.196,-1.0737,4.8156,50.947,121.76,80.418,92.729
26.131,30.544,16.294,-27.266,-6.2219,24.09,0.36273,-0.3879,38.979,105.05,64.762,78.042
15.766,20.956,20.416,-19.434,-11.508,18.496,1.5971,-5.0297,29.269,88.634,49.749,64.043
7.1724,11.325,23.28,-12.141,-16.113,12.733,2.4978,-9.1698,21.338,72.278,37.146,51.664
0.59536,2.2522,24.104,-5.5438,-19.423,7.1477,2.96,-12.888,14.656,56.405,27.45,41.291
-4.0315,-5.7375,22.521,0.19272,-20.995,1.9199,2.9476,-16.267,8.8535,42.112,19.939,32.721
-6.8876,-12.489,18.619,5.0113,-20.661,-2.9563,2.5211,-19.371,3.736,30.29,13.754,25.528
-8.2059,-18.172,12.89,8.9995,-18.566,-7.5506,1.8363,-22.227,-0.77726,21.003,8.3728,19.346
-8.2891,-23.053,6.1186,12.311,-15.152,-11.866,1.1048,-24.835,-4.7117,13.752,3.5789,13.93
-7.5182,-27.309,-0.77441,15.077,-11.067,-15.79,0.53005,-27.183,-8.0837,7.962,-0.68652,9.1355
-6.3228,-31.003,-6.88,17.39,-7.0279,-19.144,0.24813,-29.275,-10.927,3.2113,-4.4342,4.8786
-5.1126,-34.148,-11.431,19.335,-3.6711,-21.8,0.29477,-31.128,-13.3,-0.75903,-7.6782,1.1103
-4.2009,-36.774,-13.972,20.998,-1.4256,-23.742,0.59732,-32.769,-15.279,-4.1026,-10.447,-2.1983
-3.7642,-38.939,-14.558,22.447,-0.43764,-25.057,0.99338,-34.238,-16.95,-6.9251,-12.792,-5.0801
-3.8645,-40.707,-13.744,23.708,-0.58999,-25.889,1.2937,-35.593,-18.413,-9.3254,-14.796,-7.5975
-4.5033,-42.128,-12.255,24.778,-1.6188,-26.418,1.369,-36.903,-19.763,-11.41,-16.567,-9.8453
-5.662,-43.244,-10.604,25.668,-3.2476,-26.805,1.2104,-38.217,-21.072,-13.282,-18.203,-11.921
-7.3038,-44.087,-8.9345,26.42,-5.2703,-27.127,0.93157,-39.53,-22.362,-15.011,-19.748,-13.881
-9.3665,-44.695,-7.1738,27.108,-7.5886,-27.382,0.70623,-40.78,-23.6,-16.616,-21.184,-15.721
-11.76,-45.131,-5.2663,27.825,-10.171,-27.531,0.67802,-41.869,-24.72,-18.074,-22.459,-17.393
-14.345,-45.473,-3.3101,28.652,-12.899,-27.561,0.89907,-42.708,-25.658,-19.346,-23.539,-18.849
-16.891,-45.809,-1.5683,29.618,-15.438,-27.508,1.3127,-43.253,-26.379,-20.411,-24.435,-20.075
-19.075,-46.201,-0.39615,30.676,-17.283,-27.451,1.7723,-43.513,-26.892,-21.278,-25.195,-21.103
-20.558,-46.668,-0.10905,31.702,-17.988,-27.472,2.0951,-43.539,-27.242,-21.986,-25.883,-21.987
-21.115,-47.181,-0.83616,32.551,-17.383,-27.622,2.1397,-43.399,-27.487,-22.575,-26.543,-22.779
-20.751,-47.683,-2.4227,33.132,-15.65,-27.887,1.874,-43.155,-27.682,-23.073,-27.183,-23.492
-19.713,-48.121,-4.4286,33.441,-13.271,-28.189,1.398,-42.852,-27.861,-23.487,-27.768,-24.1
-18.44,-48.463,-6.2398,33.562,-10.909,-28.42,0.90747,-42.52,-28.033,-23.806,-28.237,-24.551
-17.44,-48.716,-7.2576,33.628,-9.2274,-28.494,0.61699,-42.18,-28.199,-24.022,-28.535,-24.801
-17.164,-48.921,-7.0866,33.783,-8.7245,-28.388,0.67891,-41.849,-28.353,-24.138,-28.623,-24.841
-17.884,-49.133,-5.6442,34.136,-9.6134,-28.144,1.1349,-41.545,-28.499,-24.175,-28.496,-24.706
-19.608,-49.382,-3.1688,34.719,-11.777,-27.829,1.9195,-41.294,-28.649,-24.164,-28.178,-24.467
-22.068,-49.649,-0.1592,35.474,-14.788,-27.502,2.8975,-41.11,-28.816,-24.135,-27.72,-24.204
-24.788,-49.878,2.7429,36.269,-17.989,-27.194,3.9037,-40.984,-28.99,-24.096,-27.188,-23.976
-27.244,-50.006,4.9268,36.967,-20.669,-26.908,4.7814,-40.868,-29.135,-24.029,-26.638,-23.796
-29.026,-49.983,6.0004,37.467,-22.272,-26.609,5.4247,-40.691,-29.194,-23.896,-26.111,-23.633
-29.916,-49.78,5.9142,37.722,-22.542,-26.232,5.7996,-40.388,-29.122,-23.662,-25.62,-23.422
-29.89,-49.38,4.9607,37.717,-21.579,-25.699,5.9272,-39.939,-28.905,-23.32,-25.151,-23.104
-29.092,-48.783,3.6445,37.458,-19.789,-24.974,5.8517,-39.379,-28.578,-22.897,-24.684,-22.661
-27.807,-48.016,2.4859,36.969,-17.757,-24.102,5.6163,-38.796,-28.217,-22.46,-24.216,-22.139
-26.409,-47.135,1.8838,36.3,-16.107,-23.201,5.2542,-38.284,-27.906,-22.088,-23.776,-21.63
-25.283,-46.214,2.1389,35.522,-15.365,-22.373,4.8177,-37.902,-27.698,-21.832,-23.392,-21.227
-24.687,-45.315,3.5081,34.709,-15.827,-21.631,4.4103,-37.641,-27.597,-21.695,-23.069,-20.982
-24.654,-44.466,6.0748,33.898,-17.464,-20.902,4.1755,-37.437,-27.562,-21.64,-22.787,-20.9
-24.978,-43.659,9.524,33.092,-19.881,-20.119,4.2341,-37.206,-27.539,-21.614,-22.531,-20.962
-25.318,-42.866,13.126,32.267,-22.406,-19.289,4.6185,-36.873,-27.481,-21.579,-22.296,-21.138
-25.314,-42.062,15.964,31.389,-24.28,-18.496,5.2606,-36.384,-27.358,-21.516,-22.088,-21.404
-24.676,-41.231,17.212,30.429,-24.849,-17.858,6.0406,-35.715,-27.152,-21.417,-21.915,-21.732
-23.262,-40.357,16.365,29.373,-23.736,-17.463,6.8519,-34.853,-26.846,-21.277,-21.772,-22.089
-21.11,-39.422,13.358,28.227,-20.941,-17.334,7.6464,-33.798,-26.422,-21.088,-21.639,-22.435
-18.446,-38.408,8.5946,27.012,-16.872,-17.43,8.4494,-32.558,-25.865,-20.839,-21.492,-22.733
-15.64,-37.311,2.8673,25.766,-12.255,-17.672,9.3494,-31.139,-25.157,-20.514,-21.306,-22.95
-13.124,-36.143,-2.7905,24.524,-7.9661,-17.975,10.473,-29.529,-24.28,-20.084,-21.048,-23.055
-11.285,-34.898,-7.3137,23.304,-4.8232,-18.214,11.953,-27.69,-23.205,-19.51,-20.684,-23.022
-10.337,-33.502,-9.7889,22.08,-3.3914,-18.168,13.91,-25.561,-21.904,-18.754,-20.179,-22.831
-10.26,-31.777,-9.6648,20.773,-3.85,-17.521,16.439,-23.075,-20.361,-17.793,-19.511,-22.489
-10.811,-29.462,-7.0066,19.268,-5.9232,-15.962,19.63,-20.181,-18.579,-16.629,-18.68,-22.019
-11.61,-26.327,-2.5603,17.453,-8.9358,-13.322,23.585,-16.847,-16.575,-15.275,-17.695,-21.446
-12.256,-22.297,2.5199,15.286,-12.034,-9.6601,28.366,-13.059,-14.356,-13.735,-16.549,-20.764
-12.424,-17.527,7.117,12.816,-14.448,-5.2847,33.816,-8.815,-11.916,-11.996,-15.212,-19.928
-11.94,-12.358,10.556,10.172,-15.695,-0.64908,39.401,-4.1587,-9.2454,-10.044,-13.636,-18.875
-10.825,-7.1674,12.798,7.498,-15.711,3.8615,44.46,0.78429,-6.3618,-7.8984,-11.785,-17.564
-9.2883,-2.204,14.351,4.9078,-14.851,8.1171,48.751,5.7859,-3.3485,-5.637,-9.6677,-16.013
-7.6589,2.4759,16.05,2.4681,-13.713,12.275,52.611,10.562,-0.34692,-3.3889,-7.341,-14.29
-6.2846,6.9432,18.769,0.22713,-12.898,16.641,56.691,14.873,2.4996,-1.2802,-4.8743,-12.476
-5.4442,11.275,23.067,-1.758,-12.822,21.466,61.667,18.604,5.1116,0.62765,-2.3063,-10.616
-5.2724,15.479,28.934,-3.4341,-13.629,26.776,67.9,21.775,7.4901,2.3533,0.36717,-8.7023
-5.7136,19.499,35.742,-4.8049,-15.169,32.301,75.018,24.456,9.6659,3.9485,3.1582,-6.7086
-6.538,23.244,42.457,-5.963,-17.067,37.544,81.997,26.665,11.624,5.4276,6.0316,-4.6399
-7.4351,26.601,48.005,-7.0466,-18.869,41.955,87.752,28.316,13.263,6.7244,8.8725,-2.5656
-8.1458,29.462,51.628,-8.158,-20.198,45.159,91.41,29.264,14.429,7.7039,11.507,-0.60788
-8.5595,31.808,53.112,-9.3298,-20.878,47.115,92.264,29.376,14.992,8.2304,13.77,1.1106
-8.7249,33.784,52.854,-10.564,-20.978,48.137,89.752,28.593,14.927,8.2436,15.575,2.5257
-8.7852,35.665,51.692,-11.882,-20.767,48.742,83.596,26.924,14.322,7.7947,16.945,3.6533
-8.8786,37.718,50.549,-13.316,-20.573,49.407,74.044,24.401,13.317,7.014,17.981,4.5575
-9.05,40.039,50.035,-14.864,-20.605,50.361,62.011,21.061,12.026,6.0374,18.796,5.2971
-9.2219,42.509,50.247,-16.453,-20.84,51.558,48.935,16.969,10.494,4.9491,19.474,5.9
-9.2183,44.882,50.883,-17.965,-21.053,52.823,36.33,12.226,8.7227,3.7677,20.06,6.3746
-8.802,46.936,51.552,-19.317,-20.926,54.023,25.253,6.9566,6.7094,2.4804,20.562,6.7314
-7.7401,48.581,52.02,-20.524,-20.2,55.143,16.155,1.3054,4.4687,1.0754,20.962,6.9875
-5.9303,49.893,52.27,-21.697,-18.811,56.268,9.1621,-4.5461,2.0399,-0.43966,21.232,7.1539
-3.5096,51.054,52.465,-22.945,-16.954,57.526,4.4112,-10.36,-0.5153,-2.0324,21.335,7.2285
-0.85512,52.236,52.898,-24.272,-15.036,59.029,1.8076,-15.846,-3.105,-3.6421,21.254,7.2023
1.5159,53.482,53.904,-25.545,-13.564,60.795,0.41581,-20.716,-5.6094,-5.1885,20.999,7.0816
3.1005,54.676,55.721,-26.531,-12.993,62.697,-0.83517,-24.772,-7.9063,-6.5938,20.606,6.8868
3.5578,55.595,58.37,-26.993,-13.575,64.459,-2.1367,-27.96,-9.9233,-7.8151,20.12,6.6299
2.8012,56.016,61.567,-26.776,-15.277,65.713,-3.199,-30.37,-11.663,-8.8708,19.55,6.2815
1.0121,55.745,64.677,-25.843,-17.763,66.071,-3.8073,-32.185,-13.206,-9.8388,18.85,5.7573
-1.4196,54.554,66.8,-24.244,-20.466,65.175,-3.9473,-33.616,-14.661,-10.821,17.935,4.9496
-4.0163,52.135,67.042,-22.045,-22.751,62.748,-3.738,-34.842,-16.115,-11.89,16.725,3.7786
-6.3497,48.205,64.816,-19.299,-24.096,58.633,-3.3364,-35.967,-17.584,-13.059,15.184,2.2392
-8.1477,42.676,60.01,-16.042,-24.227,52.837,-2.8674,-37.024,-19.03,-14.286,13.335,0.40343
-9.3449,35.676,52.991,-12.26,-23.156,45.554,-2.3941,-38.008,-20.398,-15.52,11.228,-1.6255
-10.073,27.412,44.451,-7.89,-21.144,37.165,-1.9299,-38.91,-21.663,-16.734,8.905,-3.7717
-10.573,18.085,35.125,-2.8876,-18.594,28.154,-1.4789,-39.75,-22.845,-17.943,6.3779,-6.0108
-11.084,7.9169,25.603,2.6544,-15.933,18.953,-1.066,-40.58,-24.007,-19.195,3.6393,-8.3648
-11.763,-2.7241,16.401,8.4285,-13.507,9.8231,-0.73365,-41.454,-25.223,-20.534,0.68634,-10.876
-12.667,-13.21,8.097,13.969,-11.527,0.91968,-0.51259,-42.409,-26.548,-21.982,-2.4582,-13.572
-13.772,-22.724,1.193,18.857,-10.055,-7.4756,-0.39882,-43.446,-27.987,-23.519,-5.7354,-16.441
-15.006,-30.624,-4.1577,22.907,-9.0391,-14.89,-0.35087,-44.535,-29.503,-25.093,-9.0494,-19.416
-16.295,-36.761,-8.1738,26.187,-8.3797,-20.933,-0.3119,-45.618,-31.02,-26.64,-12.279,-22.387
-17.594,-41.41,-11.172,28.883,-8.0011,-25.548,-0.23964,-46.643,-32.465,-28.103,-15.304,-25.241
-18.889,-44.961,-13.318,31.176,-7.8775,-28.918,-0.12125,-47.578,-33.785,-29.443,-18.033,-27.891
-20.178,-47.712,-14.571,33.166,-8.0252,-31.248,0.027801,-48.407,-34.963,-30.645,-20.417,-30.283
-21.452,-49.827,-14.811,34.877,-8.4811,-32.68,0.17177,-49.151,-36.015,-31.712,-22.454,-32.401
-22.697,-51.388,-13.993,36.284,-9.2838,-33.333,0.26471,-49.864,-36.989,-32.663,-24.173,-34.257
-23.915,-52.46,-12.242,37.373,-10.459,-33.372,0.26426,-50.627,-37.939,-33.524,-25.615,-35.886
-25.145,-53.144,-9.8277,38.174,-12.01,-33.019,0.15359,-51.514,-38.907,-34.312,-26.812,-37.323
-26.458,-53.578,-7.0824,38.772,-13.914,-32.522,-0.04428,-52.564,-39.903,-35.032,-27.78,-38.595
-27.925,-53.909,-4.3098,39.282,-16.12,-32.093,-0.28341,-53.782,-40.916,-35.679,-28.532,-39.719
-29.555,-54.252,-1.7548,39.804,-18.525,-31.857,-0.53434,-55.137,-41.918,-36.253,-29.099,-40.712
-31.253,-54.656,0.37276,40.38,-20.928,-31.847,-0.8063,-56.545,-42.875,-36.762,-29.54,-41.6
-32.799,-55.096,1.8568,40.961,-23.017,-32.046,-1.1169,-57.81,-43.712,-37.201,-29.928,-42.414
-33.874,-55.496,2.4377,41.414,-24.402,-32.428,-1.4247,-58.566,-44.261,-37.517,-30.318,-43.165
-34.129,-55.767,1.8002,41.56,-24.674,-32.99,-1.5757,-58.25,-44.234,-37.583,-30.714,-43.797
-33.276,-55.839,-0.38592,41.223,-23.444,-33.744,-1.3221,-56.279,-43.255,-37.192,-31.05,-44.169
-31.179,-55.678,-4.3222,40.259,-20.262,-34.706,-0.51939,-53.443,-41.238,-36.111,-31.177,-44.073
-27.886,-55.253,-9.6877,38.533,-14.425,-35.855,0.00053146,-65.404,-41.789,-34.563,-30.866,-43.276
-23.92,-54.468,-15.241,35.854,-6.1355,-37.093,-8.557,-91.331,-68.565,-38.438,-29.811,-41.616
-23.171,-53.047,-20.018,32.307,-0.9893,-38.207,-19.839,-97.382,-82.198,-66.376,-28.353,-39.509
-31.618,-50.579,-24.894,32.649,0.53642,-38.856,-22.697,-104.53,-87.306,-73.93,-38.932,-43.876
-35.707,-50.289,-31.458,49.165,3.8983,-38.826,-24.52,-110.04,-90.982,-75.759,-54.845,-63.75
-33.546,-70.589,-39.306,55.679,10.63,-41.25,-23.361,-107.93,-88.346,-73.477,-55.52,-65.803
-24.94,-75.239,-46.932,51.616,22.318,-57.041,-17.079,-90.656,-72.44,-62.072,-54.485,-64.937
-7.3395,-69.675,-63.605,40.656,39.975,-63.225,-3.2878,-49.219,-36.366,-35.855,-49.18,-59.574
23.053,-59.352,-90.913,21.158,65.491,-70.898,21.644,27.431,25.117,9.3964,-35.727,-45.955
71.114,-43.151,-124.36,-8.7389,106.19,-78.889,61.045,146.87,117.19,77.02,-10.68,-21.411
136.54,-19.072,-156.35,-50.96,155.69,-81.353,116.11,307.67,244.74,172.76,30.69,19.37
211.83,17.602,-178.44,-108.06,203.76,-71.061,184.43,497.84,406.77,302.68,97.432,85.372
290.5,74.952,-182.36,-180.74,243.09,-43.156,258.57,695.67,593.37,468.13,197.91,185.47
367.1,162.97,-158.52,-266.53,266.59,7.7789,327.72,872.31,789.5,665.31,336.78,324.15
435.39,285.63,-98.18,-361.18,267.1,89.088,380.19,997.09,978.61,887.25,514.21,501.03
487.75,430.36,1.7511,-459.52,239.24,210.77,405.12,1044.2,1142.7,1121.6,723.03,708.96
515.56,584.88,136.33,-552.55,181.56,357.64,394.96,998.22,1262.2,1347.4,945.98,930.66
510.34,733.23,293.13,-627.35,96.92,508.97,347.75,856.49,1317.6,1534.2,1155.1,1138.3
465.77,852.31,453.24,-668.73,-7.5338,647.21,267.57,628.75,1289.7,1643.8,1314.3,1295.7
380.31,917.39,593.55,-662.35,-120.04,749.14,162.51,333.94,1162.5,1636.3,1384.9,1364.9
259.53,908.59,691.2,-599.77,-225.6,793.55,41.405,-3.9815,927.39,1481.4,1337.2,1316.3
116.6,818.83,728.99,-483.33,-309.6,768.13,-88.542,-359.4,591.14,1172.9,1161.6,1140.6
-30.087,659.02,701.47,-327.75,-362.56,675.56,-221.63,-706.14,181.68,739.19,877.33,857.15
-161.46,456.98,619.43,-157.08,-383.18,534.97,-351.44,-1017.1,-252.42,241.95,530.11,511.5
-262.4,249.36,506.11,1.9294,-376.48,376.02,-468.92,-1265.2,-651.48,-238.68,180.32,163.75
-324.45,69.622,387.27,127.61,-349.54,228.17,-562.71,-1427.9,-960.76,-627.84,-115.24,-129.71
-346.68,-61.848,282.71,208.72,-309.28,110.76,-621.84,-1492.4,-1146.1,-877.85,-319.67,-332.44
-334.65,-140.82,201.55,245.26,-261.81,31.205,-639.27,-1459.5,-1201.4,-978.8,-423.88,-435.65
-298.01,-175.78,141.9,245.59,-211.55,-15.172,-614.39,-1343.4,-1146,-954.03,-443.3,-454.88
-247.74,-180.59,96.583,222.1,-161.59,-39.291,-553.01,-1168.5,-1014.5,-845.34,-406.64,-418.45
-193.65,-168.87,60.267,187.56,-115.4,-51.876,-466.51,-964.31,-844.82,-696.65,-342.75,-354.67
-143.36,-150.43,29.994,151.84,-77.177,-59.797,-369.52,-758.86,-669.34,-543.41,-273.21,-285.1
-102.95,-132.06,4.4409,118.58,-48.816,-64.878,-275.51,-573.79,-509.91,-408.08,-211.45,-223.3
-74.109,-110.3,-13.734,79.911,-29.508,-67.29,-193.75,-421.71,-378.24,-299.77,-162.86,-174.83
-56.124,-66.838,-22.978,65.61,-18.038,-63.183,-129.05,-306.78,-277.98,-218.73,-127.04,-139.51
-47.902,-62.619,-25.403,62.47,-13.183,-38.773,-81.849,-225.48,-207.24,-161.85,-101.17,-114.45
-45.346,-63.154,-20.262,59.756,-13.654,-37.916,-49.139,-169.13,-159.9,-124.92,-82.43,-97.72
-45.02,-63.006,-11.914,56.193,-17.083,-38.617,-28.747,-130.3,-127.53,-101.21,-71.092,-88.039
-43.038,-61.984,-8.4666,51.561,-18.967,-38.626,-16.843,-104.67,-104.34,-83.861,-62.698,-81.201
-37.142,-60.593,-7.5909,47.186,-18.252,-38.272,-8.4991,-88.168,-87.683,-70.203,-54.724,-75.625
-31.675,-59.263,-8.5747,43.838,-16.519,-37.91,-5.6673,-80.042,-76.653,-59.131,-46.247,-67.652
-27.139,-58.204,-11.152,41.238,-13.642,-37.742,-5.4617,-72.661,-67.639,-50.449,-38.026,-56.207
-22.879,-57.42,-14.699,39.108,-9.8913,-37.789,-6.3665,-67.15,-60.579,-42.252,-33.233,-47.644
-19.015,-56.792,-18.352,37.345,-5.9446,-37.948,-9.0934,-61.434,-51.675,-35.528,-30.675,-42.466
-15.819,-56.175,-21.331,35.879,-2.478,-38.066,-6.6226,-53.59,-42.117,-31.912,-29.058,-39.216
-13.391,-55.451,-23.161,34.599,0.060844,-38.019,-1.7476,-48.638,-36.808,-29.447,-27.866,-36.988
-11.605,-54.581,-23.772,33.369,1.5191,-37.764,1.2827,-45.542,-33.493,-27.504,-26.886,-35.311
-10.192,-53.607,-23.507,32.111,2.0446,-37.351,3.2899,-43.255,-31.014,-25.87,-26.021,-33.943
-8.8874,-52.623,-23.025,30.838,2.0592,-36.892,4.6934,-41.371,-28.939,-24.413,-25.226,-32.754
-7.5158,-51.705,-23.07,29.594,2.1282,-36.497,5.6168,-39.671,-27.049,-23.032,-24.471,-31.66
-5.9951,-50.865,-24.058,28.39,2.7237,-36.21,6.1241,-37.996,-25.193,-21.63,-23.705,-30.568
-4.3562,-50.047,-25.798,27.201,4.0035,-35.978,6.324,-36.211,-23.238,-20.109,-22.847,-29.361
-2.7512,-49.142,-27.579,25.972,5.6863,-35.666,6.3755,-34.197,-21.07,-18.377,-21.789,-27.913
-1.4058,-48.02,-28.508,24.639,7.1161,-35.098,6.4373,-31.869,-18.602,-16.372,-20.427,-26.123
-0.52207,-46.567,-27.871,23.13,7.5915,-34.121,6.6119,-29.19,-15.799,-14.076,-18.69,-23.952
-0.18299,-44.708,-25.362,21.377,6.744,-32.656,6.937,-26.183,-12.669,-11.52,-16.552,-21.412
-0.30949,-42.42,-21.126,19.327,4.6338,-30.735,7.4233,-22.908,-9.2427,-8.755,-14.033,-18.533
-0.67986,-39.724,-15.693,16.954,1.6349,-28.473,8.0839,-19.427,-5.5477,-5.826,-11.169,-15.339
-0.9905,-36.679,-9.8395,14.27,-1.6929,-26.038,8.9257,-15.789,-1.5977,-2.7502,-8.007,-11.831
-0.93249,-33.372,-4.416,11.324,-4.7223,-23.598,9.9297,-12.011,2.6084,0.48586,-4.5845,-7.9917
-0.25167,-29.918,-0.14953,8.2022,-6.8624,-21.296,11.054,-8.063,7.0937,3.9294,-0.9213,-3.7808
1.2395,-26.434,2.5176,4.9866,-7.6667,-19.226,12.254,-3.8674,11.912,7.6628,2.994,0.86778
3.6191,-22.986,3.5009,1.725,-6.9517,-17.406,13.488,0.67137,17.132,11.797,7.1965,6.0397
6.8055,-19.527,3.0519,-1.579,-4.8753,-15.753,14.713,5.6058,22.831,16.454,11.716,11.809
10.539,-15.88,1.6646,-4.9468,-1.8861,-14.089,15.887,10.911,29.081,21.76,16.544,18.193
14.475,-11.818,-0.080922,-8.4014,1.4318,-12.22,16.965,16.497,35.949,27.837,21.638,25.153
18.319,-7.1961,-1.7058,-11.95,4.5537,-10.054,17.916,22.25,43.515,34.806,26.945,32.615
21.973,-2.0725,-2.9556,-15.571,7.1651,-7.7074,18.724,28.099,51.871,42.767,32.455,40.518
25.591,3.2759,-3.7663,-19.199,9.2086,-5.4899,19.391,34.044,61.115,51.783,38.234,48.859
29.497,8.4551,-4.148,-22.72,10.882,-3.7615,19.925,40.154,71.266,61.818,44.434,57.715
33.946,13.11,-4.1334,-26.011,12.552,-2.7381,20.322,46.535,82.165,72.678,51.239,67.165
38.875,17.046,-3.8011,-28.979,14.514,-2.3968,20.558,53.276,93.489,84.006,58.785,77.204
44.005,20.274,-3.2944,-31.605,16.845,-2.5194,20.599,60.39,104.84,95.443,67.054,87.669
49.248,22.974,-2.8049,-33.973,19.59,-2.8066,20.42,67.806,115.93,106.82,75.85,98.334
54.92,25.404,-2.5627,-36.288,22.961,-2.9946,20.017,75.414,126.68,118.19,84.883,109.04
61.562,27.792,-2.8464,-38.821,27.29,-2.9394,19.405,83.102,137.18,129.73,93.931,119.71
69.666,30.283,-3.9677,-41.843,32.899,-2.6424,18.598,90.805,147.56,141.62,102.95,130.41
79.452,32.953,-6.1978,-45.676,39.995,-2.214,17.601,98.486,157.98,153.97,112.08,141.23
90.767,35.838,-9.6625,-50.815,48.599,-1.8034,16.41,106.12,168.62,166.89,121.53,152.27
103.16,38.969,-14.256,-57.987,58.462,-1.5185,15.02,113.71,179.65,180.55,131.59,163.67
116,42.425,-19.597,-67.841,68.952,-1.339,13.44,121.22,191.24,195.12,142.45,175.61
128.45,46.398,-25.056,-80.151,79.027,-1.0421,11.686,128.61,203.47,210.69,154.21,188.29
139.41,51.255,-29.885,-93.326,87.603,-0.20662,9.7789,135.75,216.25,227.21,166.83,201.88
148.36,57.532,-33.474,-105.56,94.307,1.6549,7.7308,142.51,229.39,244.47,180.11,216.39
156.19,65.818,-35.568,-116.49,99.815,4.8651,5.5389,148.79,242.61,262.24,193.91,231.7
164.9,76.403,-36.373,-127.1,105.38,9.357,3.19,154.57,255.67,280.38,208.11,247.52
176.19,88.855,-36.516,-138.45,112.1,14.631,0.67893,159.87,268.44,298.87,222.73,263.52
190.53,102.11,-36.751,-150.95,120.48,20.032,-1.9737,164.73,280.78,317.71,237.77,279.39
207.2,115.16,-37.499,-164.34,130.22,25.149,-4.7296,169.17,292.57,336.86,253.2,294.8
224.72,127.61,-38.621,-177.99,140.28,29.959,-7.5695,173.2,303.66,356.08,268.81,309.43
241.57,139.5,-39.563,-191.29,149.46,34.681,-10.524,176.77,313.88,374.9,284.2,322.94
256.65,150.99,-39.673,-203.74,157.03,39.566,-13.654,179.86,323.11,392.77,298.84,335.09
269.36,162.12,-38.488,-215,162.66,44.72,-17.003,182.48,331.27,409.19,312.27,345.81
279.35,172.68,-35.893,-224.79,166.25,50.032,-20.547,184.65,338.38,423.89,324.26,355.19
286.46,182.25,-32.144,-232.88,167.79,55.206,-24.201,186.41,344.47,436.84,334.85,363.45
290.74,190.33,-27.759,-239.11,167.47,59.885,-27.858,187.78,349.61,448.14,344.21,370.83
292.54,196.57,-23.359,-243.46,165.64,63.777,-31.416,188.75,353.85,457.96,352.57,377.58
292.39,200.89,-19.502,-246.12,162.82,66.744,-34.771,189.29,357.2,466.45,360.1,383.89
290.95,203.51,-16.542,-247.45,159.63,68.815,-37.797,189.37,359.69,473.65,366.87,389.88
288.93,204.78,-14.56,-247.88,156.67,70.148,-40.357,188.93,361.3,479.56,372.87,395.51
286.94,205.11,-13.406,-247.75,154.4,70.957,-42.355,187.97,362,484.14,378.04,400.65
285.42,204.83,-12.82,-247.34,153.05,71.434,-43.785,186.5,361.78,487.34,382.24,405.08
284.56,204.22,-12.566,-246.79,152.64,71.7,-44.728,184.56,360.63,489.13,385.4,408.58
284.29,203.47,-12.539,-246.12,152.99,71.775,-45.295,182.15,358.53,489.47,387.47,411
284.27,202.64,-12.801,-245.26,153.76,71.607,-45.58,179.2,355.34,488.28,388.44,412.21
283.89,201.67,-13.485,-243.99,154.4,71.118,-45.63,175.6,350.87,485.39,388.21,412.06
282.41,200.41,-14.596,-242.04,154.23,70.271,-45.456,171.21,344.89,480.53,386.56,410.34
279.08,198.62,-15.857,-239.09,152.68,69.13,-45.032,165.97,337.29,473.44,383.21,406.83
273.43,196.13,-16.722,-234.88,149.43,67.878,-44.294,159.92,328.16,463.96,377.89,401.42
265.36,192.8,-16.549,-229.28,144.38,66.761,-43.165,153.25,317.79,452.16,370.52,394.22
255.09,188.62,-14.85,-222.35,137.51,65.994,-41.582,146.17,306.51,438.36,361.3,385.57
243,183.73,-11.523,-214.28,128.95,65.655,-39.519,138.89,294.58,423,350.56,375.89
229.53,178.3,-6.9165,-205.33,119.05,65.645,-36.996,131.53,282.16,406.56,338.64,365.5
215.13,172.47,-1.7237,-195.7,108.35,65.73,-34.087,124.11,269.33,389.41,325.78,354.53
200.21,166.14,3.2586,-185.48,97.398,65.632,-30.926,116.56,256.16,371.81,312.12,343.01
185.17,159.06,7.4045,-174.69,86.632,65.127,-27.658,108.77,242.7,353.85,297.74,330.84
170.33,150.8,10.463,-163.29,76.364,64.129,-24.367,100.66,229.06,335.46,282.67,317.94
155.98,141.04,12.607,-151.31,66.913,62.725,-21.023,92.243,215.32,316.52,266.9,304.22
142.33,129.8,14.298,-138.88,58.437,61.144,-17.52,83.684,201.53,296.94,250.38,289.64
129.4,117.72,16.074,-126.2,50.433,59.664,-13.777,75.214,187.7,276.69,233.11,274.23
116.89,105.83,18.396,-113.46,41.559,58.487,-9.8337,67.007,173.77,255.94,215.23,258.08
104.15,94.881,21.581,-100.67,30.625,57.63,-5.8789,59.142,159.68,234.99,197.02,241.34
90.387,85.051,25.844,-87.808,18.353,56.906,-2.1538,51.648,145.39,214.21,178.93,224.14
75.124,76.076,31.191,-74.99,6.9537,55.97,1.1577,44.54,130.89,193.9,161.42,206.67
58.789,67.596,37.02,-62.65,-2.3431,54.374,3.9614,37.811,116.17,174.33,144.79,189.26
42.953,59.296,42.047,-51.418,-9.5212,51.637,6.2194,31.42,101.23,155.63,129.12,172.34
29.521,50.927,44.903,-41.752,-14.699,47.381,7.9188,25.308,86.326,137.96,114.24,156.32
19.489,42.328,44.757,-33.688,-17.805,41.516,9.0638,19.441,72.185,121.39,99.875,141.46
12.724,33.482,41.47,-26.929,-18.758,34.324,9.6841,13.824,59.601,105.85,85.796,127.82
8.5751,24.498,35.415,-21.074,-17.662,26.309,9.8418,8.4773,48.826,91.047,71.993,115.33
6.3167,15.505,27.283,-15.754,-14.885,17.961,9.6278,3.4169,39.56,76.684,58.736,103.78
5.2944,6.5685,17.968,-10.667,-11.026,9.6562,9.1482,-1.3503,31.357,62.63,46.385,92.908
4.9464,-2.234,8.4753,-5.626,-6.8031,1.7223,8.5127,-5.8263,23.887,49.033,35.182,82.404
4.8271,-10.706,-0.15138,-0.62287,-2.9226,-5.5153,7.8278,-10.016,17.005,36.299,25.237,72.037
4.6199,-18.519,-6.9158,4.168,0.045186,-11.788,7.1877,-13.916,10.71,24.973,16.605,61.792
4.1221,-25.324,-11.123,8.4962,1.7585,-16.95,6.6687,-17.502,5.0659,15.479,9.2732,51.96
3.2164,-30.898,-12.7,12.185,2.1529,-20.963,6.3322,-20.737,0.12919,7.9046,3.1313,43.025
1.8556,-35.214,-12.247,15.212,1.4128,-23.866,6.2257,-23.578,-4.0882,2.0074,-1.9688,35.378
0.05004,-38.428,-10.734,17.686,-0.13791,-25.808,6.3688,-25.995,-7.61,-2.5701,-6.1325,29.12
-2.146,-40.779,-9.0097,19.775,-2.1682,-27.046,6.7331,-27.98,-10.475,-6.1341,-9.4257,24.119
-4.6354,-42.494,-7.4938,21.626,-4.4086,-27.831,7.2354,-29.554,-12.735,-8.9028,-11.937,20.16
-7.2628,-43.738,-6.2663,23.322,-6.6418,-28.311,7.7527,-30.767,-14.458,-11.041,-13.807,17.034
-9.8056,-44.612,-5.2813,24.869,-8.6601,-28.545,8.1484,-31.685,-15.74,-12.691,-15.211,14.55
-12.003,-45.189,-4.4815,26.216,-10.256,-28.553,8.3056,-32.381,-16.69,-13.986,-16.31,12.545
-13.633,-45.511,-3.7928,27.287,-11.284,-28.34,8.1616,-32.921,-17.414,-15.036,-17.221,10.888
-14.6,-45.605,-3.0797,28.028,-11.742,-27.896,7.7275,-33.356,-18.003,-15.921,-18.009,9.4831
-14.982,-45.503,-2.1573,28.457,-11.801,-27.214,7.083,-33.723,-18.523,-16.693,-18.705,8.2589
-15.002,-45.285,-0.87415,28.677,-11.72,-26.335,6.346,-34.052,-19.018,-17.387,-19.324,7.1558
-14.944,-45.083,0.8023,28.844,-11.753,-25.376,5.6342,-34.365,-19.514,-18.032,-19.884,6.1075
-15.055,-45.031,2.7588,29.104,-12.068,-24.497,5.037,-34.684,-20.034,-18.658,-20.407,5.0441
-15.484,-45.194,4.7764,29.531,-12.716,-23.836,4.6098,-35.025,-20.594,-19.296,-20.912,3.9004
-16.25,-45.537,6.6024,30.101,-13.636,-23.459,4.3818,-35.389,-21.207,-19.97,-21.407,2.633
-17.266,-45.949,8.0143,30.722,-14.687,-23.347,4.3575,-35.759,-21.874,-20.683,-21.885,1.2419
-18.384,-46.313,8.857,31.286,-15.698,-23.443,4.5096,-36.102,-22.574,-21.411,-22.322,-0.21723
-19.462,-46.571,9.0516,31.731,-16.521,-23.702,4.7878,-36.377,-23.265,-22.109,-22.692,-1.6471
-20.41,-46.749,8.5956,32.064,-17.071,-24.119,5.1487,-36.548,-23.894,-22.73,-22.976,-2.9471
-21.19,-46.926,7.5712,32.328,-17.339,-24.714,5.5718,-36.6,-24.417,-23.237,-23.168,-4.05
-21.796,-47.168,6.1528,32.563,-17.37,-25.479,6.0441,-36.539,-24.812,-23.616,-23.275,-4.9335
-22.226,-47.483,4.5752,32.771,-17.226,-26.339,6.537,-36.394,-25.08,-23.873,-23.314,-5.6241
-22.461,-47.821,3.0555,32.924,-16.939,-27.167,6.9991,-36.209,-25.248,-24.037,-23.311,-6.1777
-22.453,-48.099,1.7083,32.986,-16.483,-27.838,7.3735,-36.031,-25.356,-24.145,-23.291,-6.6613
-22.117,-48.241,0.50646,32.924,-15.762,-28.268,7.6233,-35.889,-25.446,-24.235,-23.27,-7.1334
-21.352,-48.196,-0.68439,32.712,-14.635,-28.423,7.7486,-35.786,-25.547,-24.33,-23.25,-7.6274
-20.088,-47.946,-2.013,32.333,-12.999,-28.316,7.7824,-35.687,-25.661,-24.432,-23.218,-8.1469
-18.362,-47.516,-3.5383,31.795,-10.901,-28.002,7.7711,-35.543,-25.765,-24.523,-23.156,-8.6771
-16.365,-46.977,-5.1518,31.148,-8.5791,-27.563,7.7487,-35.306,-25.826,-24.582,-23.055,-9.202
-14.422,-46.42,-6.5588,30.487,-6.4408,-27.079,7.7208,-34.956,-25.814,-24.592,-22.918,-9.7162
-12.917,-45.917,-7.3313,29.911,-4.9641,-26.584,7.6691,-34.5,-25.714,-24.544,-22.758,-10.224
-12.181,-45.48,-7.0263,29.491,-4.5664,-26.04,7.5748,-33.962,-25.523,-24.433,-22.589,-10.732
-12.401,-45.061,-5.3432,29.24,-5.4806,-25.354,7.4449,-33.358,-25.245,-24.258,-22.417,-11.24
-13.559,-44.587,-2.2697,29.125,-7.6796,-24.456,7.3239,-32.69,-24.887,-24.021,-22.242,-11.74
-15.443,-44.021,1.8435,29.088,-10.861,-23.366,7.2858,-31.944,-24.46,-23.725,-22.062,-12.231
-17.698,-43.399,6.3286,29.087,-14.499,-22.227,7.4077,-31.104,-23.976,-23.387,-21.881,-12.717
-19.914,-42.837,10.36,29.105,-17.952,-21.272,7.7384,-30.172,-23.462,-23.037,-21.712,-13.214
-21.701,-42.473,13.171,29.136,-20.607,-20.742,8.2767,-29.174,-22.954,-22.718,-21.578,-13.749
-22.752,-42.386,14.272,29.154,-22.014,-20.773,8.9742,-28.164,-22.498,-22.481,-21.508,-14.356
-22.897,-42.535,13.6,29.097,-21.993,-21.316,9.759,-27.189,-22.126,-22.359,-21.532,-15.061
-22.146,-42.766,11.519,28.887,-20.659,-22.145,10.568,-26.261,-21.84,-22.356,-21.659,-15.869
-20.679,-42.88,8.6439,28.462,-18.367,-22.961,11.368,-25.344,-21.601,-22.438,-21.873,-16.753
-18.777,-42.702,5.5612,27.789,-15.571,-23.508,12.16,-24.364,-21.347,-22.549,-22.135,-17.666
-16.723,-42.107,2.6208,26.853,-12.69,-23.641,12.962,-23.244,-21.018,-22.634,-22.402,-18.558
-14.725,-41.011,-0.091791,25.645,-10.014,-23.329,13.8,-21.928,-20.573,-22.653,-22.631,-19.383
-12.89,-39.375,-2.5836,24.176,-7.6774,-22.594,14.702,-20.385,-19.994,-22.579,-22.786,-20.104
-11.244,-37.237,-4.791,22.501,-5.7083,-21.481,15.693,-18.611,-19.277,-22.393,-22.837,-20.69
-9.7926,-34.74,-6.6144,20.737,-4.1088,-20.058,16.796,-16.623,-18.435,-22.086,-22.759,-21.123
-8.5551,-32.107,-7.9258,19.033,-2.9319,-18.421,18.038,-14.445,-17.486,-21.65,-22.532,-21.394
-7.5743,-29.524,-8.3892,17.479,-2.3058,-16.577,19.477,-12.086,-16.437,-21.077,-22.139,-21.499
-6.8995,-26.978,-7.3846,16.049,-2.4075,-14.323,21.245,-9.5048,-15.264,-20.346,-21.552,-21.423
-6.5815,-24.23,-4.2756,14.623,-3.4036,-11.293,23.58,-6.5999,-13.895,-19.418,-20.734,-21.134
-6.6746,-20.985,1.1955,13.109,-5.3622,-7.1726,26.827,-3.2214,-12.22,-18.231,-19.632,-20.583
-7.2278,-17.112,8.738,11.537,-8.1698,-1.8951,31.31,0.77668,-10.111,-16.715,-18.192,-19.712
-8.2636,-12.729,17.651,10.052,-11.514,4.3005,36.894,5.4619,-7.4671,-14.811,-16.364,-18.473
-9.7525,-8.1012,27.116,8.8277,-14.96,10.953,42.641,10.758,-4.2531,-12.494,-14.125,-16.851
-11.598,-3.4689,36.381,7.9581,-18.079,17.553,47.582,16.427,-0.54519,-9.7896,-11.501,-14.88
-13.641,1.0822,44.689,7.4005,-20.564,23.705,51.622,22.124,3.4526,-6.7898,-8.571,-12.643
-15.69,5.6092,51.249,6.9918,-22.299,29.199,55.293,27.483,7.4298,-3.6541,-5.4711,-10.265
-17.564,10.193,55.577,6.5163,-23.36,34.021,59.282,32.181,11.041,-0.59868,-2.3736,-7.8938
-19.125,14.81,57.959,5.7832,-23.976,38.318,64.296,35.995,14.007,2.1473,0.54808,-5.6754
-20.292,19.3,59.43,4.6767,-24.466,42.315,71.026,38.839,16.188,4.4021,3.1603,-3.7219
-21.029,23.446,61.155,3.1666,-25.165,46.169,79.692,40.783,17.603,6.0734,5.3885,-2.0959
-21.334,27.073,63.946,1.2962,-26.317,49.847,89.337,42.007,18.37,7.1598,7.2065,-0.81732
-21.205,30.079,68.074,-0.83451,-27.954,53.134,98.158,42.658,18.627,7.7196,8.6133,0.11734
-20.617,32.412,72.935,-3.0893,-29.816,55.765,104.36,42.685,18.455,7.8291,9.6159,0.71822
-19.516,34.089,77.147,-5.3343,-31.381,57.535,106.39,41.831,17.863,7.5533,10.226,0.99464
-17.836,35.235,79.256,-7.4912,-32.018,58.332,103.2,39.824,16.82,6.9422,10.467,0.95801
-15.532,36.096,78.332,-9.5726,-31.181,58.176,94.522,36.559,15.312,6.0433,10.38,0.63273
-12.585,36.959,74.138,-11.663,-28.59,57.247,80.985,32.128,13.375,4.9133,10.035,0.067368
-9.0579,38.031,67.093,-13.848,-24.344,55.82,63.964,26.748,11.089,3.6196,9.5238,-0.66276
-5.1405,39.363,58.178,-16.146,-18.931,54.172,45.58,20.66,8.5391,2.2283,8.949,-1.467
-1.1555,40.895,48.795,-18.502,-13.129,52.559,28.303,14.076,5.7771,0.78728,8.4045,-2.2619
2.5133,42.549,40.496,-20.823,-7.8263,51.224,13.776,7.147,2.7983,-0.6863,7.9513,-2.9934
5.5102,44.302,34.527,-23.015,-3.8221,50.369,2.5295,0.0026426,-0.424,-2.2003,7.6034,-3.6479
7.5852,46.146,31.455,-25.001,-1.662,50.068,-5.4632,-7.1911,-3.8679,-3.7614,7.3309,-4.2457
8.6444,47.991,31.175,-26.698,-1.5345,50.265,-10.225,-14.173,-7.4069,-5.3476,7.0787,-4.8235
8.756,49.595,33.199,-27.998,-3.2574,50.847,-11.445,-20.595,-10.828,-6.8969,6.7935,-5.4165
8.115,50.645,36.764,-28.804,-6.348,51.676,-9.7174,-26.119,-13.914,-8.3319,6.4485,-6.0458
6.9932,50.989,41.035,-29.103,-10.149,52.593,-8.0453,-30.547,-16.513,-9.5881,6.0554,-6.7106
5.6967,50.824,45.525,-29.018,-13.979,53.473,-7.8986,-33.885,-18.568,-10.63,5.6532,-7.3875
4.5295,50.515,50.006,-28.733,-17.284,54.289,-8.4776,-36.283,-20.105,-11.457,5.2794,-8.0429
3.7373,50.181,54.097,-28.336,-19.704,55.024,-9.1229,-37.95,-21.209,-12.098,4.9385,-8.6535
3.4304,49.558,57.224,-27.76,-21.013,55.479,-9.5768,-39.096,-21.998,-12.608,4.5864,-9.2244
3.5495,48.214,58.623,-26.834,-21.037,55.215,-9.7772,-39.909,-22.603,-13.062,4.1338,-9.7995
3.906,45.793,57.381,-25.364,-19.696,53.66,-9.7853,-40.548,-23.145,-13.541,3.4642,-10.46
4.2535,42.087,52.793,-23.201,-17.1,50.316,-9.7136,-41.14,-23.721,-14.122,2.4662,-11.306
4.3438,37.045,44.792,-20.284,-13.606,44.956,-9.655,-41.776,-24.397,-14.868,1.0652,-12.43
3.9704,30.764,34.09,-16.661,-9.7882,37.716,-9.6443,-42.504,-25.21,-15.816,-0.75151,-13.885
3.0026,23.493,22.106,-12.483,-6.3197,29.115,-9.6568,-43.329,-26.16,-16.974,-2.9302,-15.67
1.406,15.616,10.713,-7.9609,-3.8155,19.987,-9.6373,-44.226,-27.227,-18.317,-5.3705,-17.734
-0.75287,7.5636,1.7644,-3.3071,-2.6827,11.285,-9.5417,-45.148,-28.38,-19.795,-7.9607,-19.991
-3.3168,-0.33142,-3.5054,1.3269,-3.0243,3.7644,-9.3719,-46.049,-29.589,-21.348,-10.604,-22.349
-6.0737,-7.9553,-4.9008,5.8915,-4.6196,-2.2986,-9.1865,-46.901,-30.828,-22.921,-13.225,-24.732
-8.8048,-15.378,-3.2368,10.417,-6.9943,-7.1554,-9.0801,-47.712,-32.09,-24.481,-15.767,-27.087
-11.336,-22.639,0.05599,14.92,-9.5706,-11.295,-9.1404,-48.516,-33.378,-26.016,-18.187,-29.385
-13.571,-29.52,3.4557,19.302,-11.841,-14.975,-9.4082,-49.366,-34.7,-27.531,-20.449,-31.612
-15.508,-35.553,5.8249,23.337,-13.504,-18.178,-9.8594,-50.304,-36.054,-29.025,-22.523,-33.754
-17.224,-40.372,6.7063,26.807,-14.52,-20.921,-10.418,-51.344,-37.427,-30.489,-24.384,-35.783
-18.858,-43.992,6.2564,29.656,-15.075,-23.284,-10.989,-52.464,-38.787,-31.898,-26.005,-37.657
-20.567,-46.677,4.9657,31.996,-15.451,-25.328,-11.499,-53.616,-40.087,-33.21,-27.361,-39.324
-22.458,-48.708,3.3135,34.002,-15.852,-27.101,-11.916,-54.728,-41.278,-34.38,-28.439,-40.747
-24.532,-50.317,1.5561,35.813,-16.313,-28.67,-12.271,-55.734,-42.32,-35.375,-29.252,-41.921
-26.66,-51.693,-0.28997,37.497,-16.708,-30.126,-12.658,-56.604,-43.199,-36.189,-29.841,-42.879
-28.613,-52.974,-2.3294,39.059,-16.832,-31.556,-13.197,-57.355,-43.925,-36.843,-30.269,-43.685
-30.133,-54.214,-4.5863,40.457,-16.503,-32.969,-13.974,-58.031,-44.528,-37.369,-30.601,-44.398
-31.018,-55.368,-6.8949,41.617,-15.651,-34.255,-14.987,-58.673,-45.03,-37.796,-30.886,-45.038
-31.189,-56.334,-8.9502,42.457,-14.39,-35.23,-16.125,-59.259,-45.419,-38.129,-31.142,-45.566
-30.725,-57.003,-10.386,42.924,-13.024,-35.737,-17.173,-59.613,-45.605,-38.332,-31.353,-45.899
-29.868,-57.313,-10.81,43.011,-12.002,-35.7,-17.821,-59.341,-45.379,-38.309,-31.476,-45.928
-29.008,-57.255,-9.8808,42.765,-11.813,-35.13,-17.675,-57.849,-44.404,-37.888,-31.435,-45.554
-28.616,-56.86,-7.4383,42.257,-12.864,-34.118,-16.375,-54.702,-42.316,-36.818,-31.122,-44.703
-29.082,-56.151,-3.5774,41.551,-15.392,-32.814,-14.039,-52.459,-39.476,-34.87,-30.373,-43.306
-30.543,-55.082,1.2362,40.647,-19.162,-31.387,-13.163,-75.902,-44.328,-32.852,-28.937,-41.261
-33.727,-53.457,5.9883,39.571,-22.429,-29.952,-21.73,-92.967,-75.105,-42.644,-26.48,-38.459
-43.645,-50.878,9.4925,39.889,-24.51,-28.496,-24.879,-98.704,-82.356,-69.274,-24.1,-35.493
-54.948,-47.387,11.267,49.304,-30.405,-26.779,-26.327,-105.36,-86.75,-73.141,-39.958,-42.41
-59.436,-50.492,11.584,60.455,-34.06,-24.207,-26.914,-109.23,-89.01,-74,-51.599,-60.897
-56.681,-71.356,9.9666,61.13,-32.075,-20.846,-24.818,-103.52,-84.29,-70.542,-51.854,-62.255
-44.182,-73.889,3.8871,54.369,-22.606,-39.204,-17.594,-78.67,-65.659,-58.19,-50.731,-61.189
-20.266,-67.105,-13.986,39.104,-3.5905,-55.904,-1.0234,-23.474,-24.67,-30.95,-45.486,-56.194
15.919,-55.192,-48.594,14.132,26.671,-61.044,29.425,70.359,46.895,18.186,-31.743,-43.132
65.517,-36.758,-82.744,-20.805,68.211,-64.484,75.215,204.49,153.55,95.958,-3.2378,-16.615
129.22,-8.7197,-116.82,-66.947,117.34,-62.618,134.38,373.18,293.66,206.33,47.622,30.512
204.48,34.774,-146.27,-127.36,168.81,-50.749,201.88,562.05,461.39,348.84,126.09,105.83
285.69,101.58,-163.1,-203.13,216.86,-26.692,269.42,748.72,647.29,521.73,235.34,214.44
366.49,198.59,-155.74,-291.27,254.96,12.258,326.02,905.61,836.94,720.68,377.88,358.74
440.07,323.79,-115.02,-387.18,276.3,79.044,360.18,1004.8,1012.5,936.26,552.69,536.74
498.78,466.58,-38.536,-485,274.12,191.26,363.17,1023.9,1155.5,1153.4,751.82,739.42
534.28,616.15,66.825,-574.86,243.14,326.22,331.84,951.61,1247.3,1350.1,957.23,947.68
537.78,753.67,199.83,-642.86,181.72,461.24,269.59,789.72,1270.1,1496.3,1139.9,1131.8
501.24,854.51,340.47,-673.26,92.977,581.8,184.12,550.58,1207.4,1556.9,1263.7,1255.6
420.9,895.16,467.06,-652.84,-13.899,665.67,83.571,253.26,1047.1,1498.1,1293.9,1284.7
301.67,860.17,557.55,-576.2,-123.96,694.34,-26.417,-79.937,785.83,1299.2,1207.4,1196.4
157.27,748.74,596.35,-449.43,-221.27,659.78,-142.95,-425.4,436.23,964.29,1003.2,989.94
6.1838,577.33,580.44,-289.68,-293.72,568.44,-263.5,-758.27,30.878,529.8,707.55,692.11
-132.69,375.66,519.26,-120.96,-335.16,439.99,-382.94,-1051.9,-380.41,59.611,369.75,352.59
-243.4,177.59,430.19,32.025,-345.69,299.99,-491.96,-1279.9,-741.7,-371.93,47.362,29.739
-315.86,11.416,331.88,149.98,-330.5,171,-577.96,-1420.8,-1005.9,-702.01,-210.89,-227.17
-347.58,-106.35,238.3,223.35,-297.23,67.486,-628.77,-1464.3,-1147.4,-896.12,-377.25,-390.4
-342.96,-172.71,157.46,253.46,-253.06,-4.8678,-637.13,-1414.5,-1167,-953.19,-448.08,-457.33
-310.68,-196.29,93.415,249.7,-203.98,-47.887,-603.33,-1288.6,-1088.3,-899.76,-440.16,-446.91
-261.18,-192.28,46.936,224.44,-154.75,-68.115,-535.39,-1112,-947,-778.08,-384.18,-391.37
-204.97,-175.1,15.171,189.2,-109.07,-74.952,-446.88,-912.25,-778.65,-630.83,-312.41,-321.74
-150.91,-154.01,-7.2318,152.93,-68.583,-76.098,-351.84,-714.57,-611.35,-488.13,-244.82,-256.37
-105.65,-133.96,-20.68,120.3,-37.995,-74.677,-261.02,-537.85,-463.23,-365.92,-189.18,-202.38
-73.166,-109.31,-26.872,90.826,-20.659,-71.354,-181.98,-393.11,-343.02,-269.9,-146.85,-161.11
-54.294,-76.126,-27.286,75.614,-12.864,-60.146,-119.22,-283.81,-252.34,-199.43,-116.22,-131.24
-46.109,-69.627,-23.089,68.035,-11.259,-42.167,-72.544,-206.81,-188.21,-150.49,-93.655,-109.87
-42.981,-68.524,-12.789,63.379,-13.532,-39.605,-40.385,-154.62,-145.02,-117.99,-77.702,-96.331
-41.316,-67.181,-8.33,59.225,-15.124,-39.029,-21.297,-120.35,-115.9,-96.013,-67.439,-87.721
-36.706,-65.109,-8.6647,53.92,-14.037,-38.535,-10.581,-98.55,-95.816,-79.795,-59.231,-81.237
-30.074,-62.682,-9.6241,48.158,-13.229,-37.92,-3.5204,-84.81,-82.169,-67.185,-51.091,-75.986
-25.721,-60.356,-10.519,43.778,-12.217,-37.2,-1.9284,-77.161,-72.154,-56.843,-41.612,-68.511
-22.799,-58.403,-11.335,40.948,-10.909,-36.456,-2.6189,-70.31,-64.023,-48.568,-33.132,-57.117
-20.426,-56.89,-12.222,39.083,-9.3866,-35.788,-4.0265,-64.908,-56.456,-40.276,-28.751,-48.517
-18.29,-55.755,-13.26,37.738,-7.7458,-35.256,-4.0585,-56.708,-44.754,-34.448,-26.184,-43.337
-16.29,-54.859,-14.312,36.624,-6.1545,-34.833,2.1719,-47.682,-36.926,-30.878,-24.327,-40.09
-14.464,-54.037,-15.026,35.559,-4.8665,-34.401,5.9666,-42.943,-32.659,-28.147,-22.846,-37.882
-12.961,-53.155,-14.967,34.466,-4.1674,-33.81,8.2375,-39.952,-29.803,-25.907,-21.607,-36.263
-11.968,-52.161,-13.827,33.369,-4.2933,-32.967,9.8113,-37.761,-27.657,-24.006,-20.531,-34.991
-11.604,-51.083,-11.592,32.339,-5.3364,-31.885,10.955,-36.001,-25.896,-22.319,-19.565,-33.912
-11.838,-49.998,-8.6004,31.437,-7.162,-30.687,11.759,-34.467,-24.313,-20.735,-18.673,-32.916
-12.458,-48.982,-5.452,30.659,-9.3896,-29.552,12.277,-33.03,-22.767,-19.166,-17.835,-31.918
-13.11,-48.062,-2.8003,29.923,-11.485,-28.631,12.566,-31.6,-21.174,-17.546,-17.03,-30.857
-13.395,-47.184,-1.1285,29.08,-12.924,-27.972,12.685,-30.123,-19.488,-15.834,-16.23,-29.697
-12.98,-46.219,-0.61696,27.963,-13.351,-27.5,12.676,-28.575,-17.704,-14.006,-15.395,-28.427
-11.693,-45.02,-1.1364,26.437,-12.663,-27.055,12.565,-26.959,-15.845,-12.056,-14.48,-27.062
-9.5478,-43.473,-2.3451,24.448,-11.001,-26.475,12.366,-25.293,-13.935,-9.9816,-13.443,-25.619
-6.7278,-41.553,-3.8197,22.032,-8.682,-25.661,12.099,-23.589,-11.975,-7.7658,-12.247,-24.107
-3.5299,-39.321,-5.1734,19.306,-6.1008,-24.608,11.8,-21.823,-9.9203,-5.3636,-10.849,-22.515
-0.27434,-36.903,-6.1413,16.42,-3.6292,-23.395,11.513,-19.937,-7.6819,-2.7014,-9.2052,-20.808
2.7897,-34.429,-6.6124,13.503,-1.5342,-22.136,11.268,-17.86,-5.1483,0.30571,-7.2728,-18.935
5.5496,-31.967,-6.6092,10.599,0.070646,-20.919,11.071,-15.552,-2.235,3.7332,-5.0195,-16.837
8.0415,-29.492,-6.2583,7.6472,1.2468,-19.781,10.91,-13.014,1.0939,7.6376,-2.4308,-14.461
10.417,-26.926,-5.7595,4.5248,2.221,-18.731,10.778,-10.276,4.8296,12.07,0.49231,-11.761
12.89,-24.215,-5.3243,1.1246,3.3184,-17.798,10.694,-7.3543,8.9474,17.099,3.7549,-8.6984
15.702,-21.368,-5.1006,-2.5773,4.864,-17.046,10.695,-4.2316,13.441,22.828,7.3734,-5.2312
19.115,-18.436,-5.1412,-6.4972,7.1059,-16.529,10.817,-0.85981,18.345,29.39,11.367,-1.3184
23.411,-15.473,-5.4396,-10.472,10.162,-16.231,11.071,2.8124,23.741,36.927,15.743,3.0651
28.762,-12.502,-5.9703,-14.32,13.956,-16.065,11.42,6.8118,29.76,45.559,20.498,7.925
34.964,-9.5201,-6.694,-17.899,18.153,-15.922,11.787,11.127,36.586,55.328,25.651,13.256
41.278,-6.505,-7.6006,-21.12,22.278,-15.724,12.075,15.722,44.445,66.133,31.281,19.072
46.839,-3.4342,-8.8125,-23.949,25.921,-15.443,12.202,20.569,53.564,77.716,37.574,25.451
51.258,-0.30531,-10.596,-26.407,28.923,-15.091,12.135,25.679,64.079,89.732,44.862,32.567
54.816,2.8703,-13.22,-28.6,31.593,-14.718,11.9,31.125,75.895,101.95,53.552,40.692
58.283,6.1089,-16.792,-30.711,34.587,-14.381,11.576,37.027,88.609,114.34,63.841,50.12
62.632,9.4982,-21.128,-32.95,38.47,-14.088,11.259,43.513,101.64,126.95,75.361,60.988
68.747,13.197,-25.684,-35.515,43.45,-13.736,11.027,50.644,114.5,139.8,87.217,73.027
77.164,17.372,-29.634,-38.641,49.365,-13.119,10.909,58.34,126.92,152.79,98.638,85.558
87.757,22.097,-32.129,-42.754,55.867,-12.024,10.875,66.352,138.83,165.86,109.43,97.857
99.517,27.296,-32.59,-48.599,62.481,-10.335,10.85,74.341,150.25,178.99,119.81,109.55
111.06,32.777,-30.907,-57.008,68.563,-8.0841,10.74,82.009,161.27,192.26,130.05,120.66
121.36,38.35,-27.51,-67.946,73.313,-5.4259,10.46,89.219,172.03,205.84,140.43,131.41
129.77,43.919,-23.291,-79.934,76.234,-2.5677,9.9437,96.022,182.73,219.87,151.21,142.09
136.49,49.532,-19.396,-91.373,78.01,0.32019,9.1446,102.6,193.61,234.53,162.6,152.97
143.08,55.416,-16.912,-101.98,80.609,3.206,8.0237,109.14,204.86,249.95,174.75,164.26
151.61,61.979,-16.581,-112.47,85.902,6.2403,6.5422,115.78,216.63,266.21,187.75,176.15
163.31,69.704,-18.667,-123.61,94.384,9.6757,4.6721,122.47,228.92,283.3,201.58,188.81
178.05,78.955,-22.893,-135.71,105.25,13.694,2.4111,129.05,241.52,301.17,216.17,202.38
194.63,89.778,-28.473,-148.53,117.08,18.266,-0.22419,135.3,254.13,319.6,231.4,216.97
211.58,101.83,-34.407,-161.5,128.54,23.145,-3.2163,141.04,266.37,338.29,247.09,232.48
227.68,114.52,-39.805,-174.09,138.82,27.991,-6.5472,146.15,277.94,356.81,262.9,248.59
242.22,127.23,-43.974,-185.93,147.63,32.528,-10.185,150.63,288.67,374.69,278.41,264.84
254.9,139.45,-46.414,-196.88,154.96,36.644,-14.082,154.5,298.47,391.51,293.16,280.75
265.49,150.82,-46.917,-206.88,160.68,40.402,-18.178,157.75,307.26,406.95,306.75,295.87
273.77,161.08,-45.579,-215.84,164.48,43.972,-22.381,160.34,314.97,420.76,318.94,309.87
279.71,170.11,-42.632,-223.59,166.19,47.525,-26.523,162.18,321.52,432.83,329.62,322.5
283.54,177.9,-38.377,-230.02,165.84,51.139,-30.367,163.26,326.92,443.18,338.84,333.69
285.67,184.47,-33.245,-235.12,163.73,54.783,-33.69,163.62,331.25,451.94,346.75,343.48
286.55,189.89,-27.782,-238.99,160.49,58.361,-36.399,163.37,334.65,459.32,353.56,352.03
286.7,194.29,-22.528,-241.83,157.02,61.773,-38.58,162.6,337.25,465.53,359.49,359.54
286.67,197.83,-17.886,-243.87,154.13,64.958,-40.414,161.31,339.13,470.73,364.71,366.19
286.86,200.71,-14.045,-245.36,152.18,67.894,-42.057,159.43,340.26,474.94,369.29,372.04
287.39,203.07,-10.985,-246.49,151.16,70.574,-43.562,156.86,340.52,478.06,373.21,376.98
288.12,204.96,-8.5721,-247.35,150.81,72.976,-44.895,153.46,339.7,479.85,376.31,380.69
288.72,206.33,-6.6531,-247.87,150.73,75.045,-45.984,149.14,337.56,480.01,378.32,382.66
288.81,207,-5.0821,-247.91,150.47,76.689,-46.758,143.85,333.84,478.19,378.9,382.31
288.03,206.86,-3.7388,-247.28,149.65,77.806,-47.169,137.64,328.42,474.1,377.69,379.22
286.1,205.86,-2.5874,-245.8,148.08,78.309,-47.211,130.6,321.36,467.61,374.47,373.35
282.87,204.03,-1.721,-243.32,145.73,78.158,-46.936,122.8,312.88,458.79,369.24,365.08
278.22,201.39,-1.3323,-239.73,142.71,77.358,-46.447,114.25,303.28,447.9,362.17,354.99
272.1,197.93,-1.611,-234.94,139.13,75.956,-45.861,104.97,292.79,435.3,353.53,343.63
264.52,193.62,-2.6219,-228.92,135.03,74.031,-45.257,95.065,281.61,421.36,343.52,331.39
255.59,188.5,-4.2318,-221.74,130.47,71.699,-44.627,84.819,269.85,406.43,332.33,318.48
245.54,182.66,-6.1181,-213.62,125.43,69.112,-43.878,74.644,257.64,390.77,320.05,304.97
234.61,176.17,-7.8516,-204.81,119.88,66.43,-42.875,64.905,245.09,374.5,306.78,290.85
223.04,168.95,-9.0151,-195.5,113.74,63.771,-41.489,55.768,232.25,357.67,292.61,276.08
210.97,160.74,-9.3083,-185.75,106.92,61.181,-39.625,47.198,219.22,340.24,277.66,260.63
198.55,151.18,-8.6095,-175.51,99.362,58.634,-37.227,39.053,206.03,322.19,262.06,244.56
185.92,140.1,-6.996,-164.74,91.147,56.049,-34.303,31.205,192.71,303.51,245.91,227.99
173.3,127.74,-4.7349,-153.46,82.516,53.316,-30.957,23.605,179.27,284.27,229.27,211.17
160.89,114.74,-2.2431,-141.8,73.858,50.308,-27.353,16.313,165.75,264.62,212.23,194.41
148.87,101.92,0.0040302,-129.88,65.574,46.902,-23.642,9.4759,152.19,244.85,195,178.09
137.3,89.939,1.5991,-117.72,57.928,43.041,-19.921,3.2827,138.66,225.33,177.95,162.53
126.16,79.13,2.322,-105.27,50.996,38.802,-16.257,-2.1078,125.15,206.4,161.55,147.83
115.27,69.511,2.1953,-92.48,44.637,34.378,-12.713,-6.6261,111.58,188.32,146.17,133.94
104.34,60.818,1.4562,-79.59,38.457,29.956,-9.3608,-10.309,97.899,171.19,131.94,120.72
92.945,52.655,0.47696,-67.142,31.998,25.608,-6.2735,-13.273,84.337,155.03,118.75,108.1
80.579,44.633,-0.3319,-55.718,25.131,21.283,-3.5231,-15.668,71.492,139.84,106.33,96.18
67.024,36.455,-0.61012,-45.592,18.23,16.878,-1.1703,-17.638,59.962,125.57,94.375,85.09
52.833,27.944,-0.099757,-36.66,11.727,12.351,0.74851,-19.283,49.959,112.08,82.646,74.87
39.239,19.087,1.3382,-28.609,5.7265,7.8149,2.2261,-20.663,41.297,99.085,71.015,65.422
27.326,10.076,3.6795,-21.125,0.14188,3.5183,3.2742,-21.813,33.63,86.244,59.535,56.57
17.492,1.2826,6.6524,-14.013,-5.0277,-0.29915,3.9097,-22.763,26.638,73.263,48.497,48.172
9.6077,-6.8903,9.7214,-7.2324,-9.5993,-3.5566,4.1502,-23.549,20.127,60.095,38.368,40.196
3.3859,-14.145,12.211,-0.86976,-13.263,-6.334,4.0214,-24.211,14.04,47.121,29.559,32.732
-1.4205,-20.315,13.508,4.9212,-15.712,-8.7579,3.5671,-24.789,8.4205,35.113,22.149,25.905
-4.9928,-25.325,13.251,9.9731,-16.79,-10.913,2.8556,-25.319,3.3325,24.776,15.884,19.777
-7.4987,-29.185,11.431,14.156,-16.582,-12.842,1.9798,-25.834,-1.1868,16.308,10.424,14.334
-9.1379,-32.018,8.3988,17.428,-15.405,-14.579,1.0513,-26.35,-5.1369,9.4382,5.5395,9.5131
-10.146,-34.039,4.7771,19.854,-13.727,-16.15,0.1902,-26.868,-8.5581,3.7751,1.1393,5.2508
-10.763,-35.484,1.3116,21.577,-12.064,-17.551,-0.49366,-27.378,-11.503,-0.98802,-2.7979,1.4895
-11.189,-36.546,-1.2758,22.757,-10.869,-18.72,-0.92457,-27.871,-14.024,-5.0433,-6.2797,-1.8231
-11.552,-37.341,-2.4238,23.535,-10.436,-19.544,-1.0858,-28.345,-16.166,-8.5049,-9.3224,-4.732
-11.898,-37.91,-1.879,24.012,-10.838,-19.904,-1.0292,-28.804,-17.963,-11.441,-11.949,-7.2699
-12.201,-38.259,0.18493,24.26,-11.912,-19.758,-0.85452,-29.253,-19.445,-13.897,-14.187,-9.4574
-12.389,-38.423,3.174,24.342,-13.307,-19.209,-0.66488,-29.69,-20.645,-15.911,-16.069,-11.313
-12.393,-38.504,6.2485,24.336,-14.596,-18.499,-0.52611,-30.111,-21.603,-17.523,-17.628,-12.854
-12.196,-38.674,8.5904,24.359,-15.409,-17.951,-0.44785,-30.51,-22.367,-18.782,-18.902,-14.108
-11.867,-39.113,9.6477,24.539,-15.546,-17.858,-0.39056,-30.882,-22.97,-19.735,-19.923,-15.101
-11.55,-39.916,9.278,24.972,-15.036,-18.371,-0.29184,-31.226,-23.439,-20.426,-20.714,-15.856
-11.417,-41.028,7.7587,25.666,-14.121,-19.434,-0.096795,-31.544,-23.795,-20.892,-21.295,-16.393
-11.62,-42.27,5.6482,26.557,-13.165,-20.823,0.22568,-31.83,-24.052,-21.16,-21.685,-16.74
-12.256,-43.451,3.5541,27.558,-12.524,-22.255,0.68566,-32.059,-24.21,-21.246,-21.898,-16.916
-13.348,-44.459,1.9223,28.604,-12.435,-23.521,1.2793,-32.191,-24.264,-21.157,-21.948,-16.941
-14.845,-45.311,0.91954,29.676,-12.944,-24.565,1.9841,-32.184,-24.2,-20.911,-21.848,-16.825
-16.627,-46.114,0.41273,30.794,-13.896,-25.482,2.7492,-32.011,-24.014,-20.535,-21.619,-16.577
-18.523,-46.996,0.035261,31.985,-14.965,-26.42,3.5023,-31.667,-23.71,-20.062,-21.281,-16.196
-20.333,-48.022,-0.66191,33.245,-15.758,-27.469,4.1803,-31.168,-23.3,-19.531,-20.845,-15.674
-21.849,-49.152,-2.023,34.518,-15.956,-28.62,4.7617,-30.546,-22.809,-18.974,-20.308,-15.003
-22.901,-50.273,-4.1218,35.693,-15.437,-29.79,5.2727,-29.847,-22.271,-18.425,-19.669,-14.186
-23.417,-51.247,-6.6692,36.648,-14.33,-30.852,5.7655,-29.127,-21.726,-17.916,-18.938,-13.257
-23.448,-51.953,-9.0513,37.289,-12.99,-31.65,6.2923,-28.439,-21.213,-17.476,-18.151,-12.29
-23.174,-52.304,-10.507,37.575,-11.904,-32.011,6.8921,-27.818,-20.766,-17.126,-17.369,-11.382
-22.848,-52.26,-10.38,37.521,-11.535,-31.789,7.5884,-27.28,-20.408,-16.882,-16.663,-10.626
-22.724,-51.831,-8.3556,37.196,-12.194,-30.924,8.3864,-26.818,-20.152,-16.755,-16.094,-10.09
-22.974,-51.081,-4.5808,36.692,-13.936,-29.483,9.2646,-26.414,-20,-16.753,-15.695,-9.7995
-23.626,-50.112,0.31914,36.114,-16.517,-27.652,10.167,-26.05,-19.946,-16.885,-15.472,-9.7393
-24.544,-49.049,5.3598,35.555,-19.416,-25.713,11.006,-25.717,-19.977,-17.154,-15.416,-9.8667
-25.467,-48.031,9.4658,35.077,-21.946,-23.983,11.678,-25.422,-20.073,-17.557,-15.508,-10.131
-26.073,-47.191,11.8,34.708,-23.454,-22.732,12.101,-25.175,-20.213,-18.075,-15.732,-10.491
-26.07,-46.621,12.001,34.425,-23.509,-22.106,12.24,-24.978,-20.365,-18.67,-16.074,-10.913
-25.284,-46.315,10.265,34.147,-22.049,-22.059,12.128,-24.817,-20.493,-19.287,-16.513,-11.38
-23.741,-46.136,7.2695,33.758,-19.4,-22.352,11.85,-24.668,-20.567,-19.876,-17.025,-11.88
-21.697,-45.881,3.967,33.192,-16.193,-22.631,11.514,-24.511,-20.585,-20.409,-17.585,-12.416
-19.588,-45.413,1.2922,32.491,-13.179,-22.572,11.224,-24.344,-20.565,-20.891,-18.171,-12.998
-17.914,-44.735,-0.11131,31.799,-11.015,-22.022,11.061,-24.172,-20.543,-21.338,-18.757,-13.631
-17.084,-43.972,-0.043564,31.29,-10.101,-21.051,11.079,-23.998,-20.543,-21.766,-19.314,-14.306
-17.293,-43.286,1.2493,31.094,-10.495,-19.89,11.286,-23.821,-20.576,-22.179,-19.815,-15.013
-18.468,-42.806,3.1782,31.249,-11.933,-18.836,11.632,-23.646,-20.645,-22.573,-20.251,-15.745
-20.302,-42.575,5.019,31.679,-13.948,-18.137,12.02,-23.499,-20.755,-22.951,-20.634,-16.512
-22.362,-42.536,6.2397,32.218,-16.055,-17.905,12.346,-23.42,-20.91,-23.323,-20.982,-17.32
-24.232,-42.539,6.7687,32.661,-17.9,-18.026,12.549,-23.435,-21.099,-23.684,-21.3,-18.158
-25.613,-42.372,6.982,32.819,-19.318,-18.178,12.668,-23.527,-21.292,-24.016,-21.566,-18.985
-26.368,-41.846,7.4501,32.587,-20.322,-17.974,12.822,-23.634,-21.446,-24.287,-21.741,-19.743
-26.508,-40.873,8.6228,31.96,-21.032,-17.147,13.143,-23.673,-21.521,-24.468,-21.792,-20.374
-26.143,-39.508,10.604,31.035,-21.556,-15.665,13.689,-23.57,-21.491,-24.546,-21.706,-20.844
-25.422,-37.9,13.099,29.95,-21.905,-13.71,14.417,-23.284,-21.345,-24.523,-21.494,-21.143
-24.478,-36.184,15.54,28.824,-21.972,-11.551,15.199,-22.796,-21.083,-24.402,-21.178,-21.289
-23.391,-34.374,17.33,27.708,-21.593,-9.3777,15.878,-22.109,-20.703,-24.18,-20.78,-21.307
-22.182,-32.33,18.089,26.567,-20.627,-7.1913,16.335,-21.235,-20.207,-23.852,-20.307,-21.224
-20.832,-29.803,17.8,25.284,-19.049,-4.8198,16.535,-20.2,-19.603,-23.414,-19.759,-21.061
-19.324,-26.543,16.801,23.708,-17.009,-2.0433,16.541,-19.047,-18.916,-22.875,-19.137,-20.83
-17.715,-22.419,15.679,21.73,-14.832,1.2524,16.499,-17.825,-18.175,-22.253,-18.444,-20.54
-16.159,-17.545,15.111,19.361,-12.954,4.9993,16.603,-16.558,-17.402,-21.565,-17.689,-20.193
-14.859,-12.305,15.663,16.746,-11.809,9.0008,17.068,-15.215,-16.585,-20.809,-16.861,-19.786
-13.97,-7.2213,17.605,14.095,-11.715,13.033,18.101,-13.709,-15.677,-19.957,-15.936,-19.31
-13.535,-2.7226,20.89,11.583,-12.777,16.896,19.856,-11.918,-14.61,-18.97,-14.883,-18.752
-13.464,1.0215,25.265,9.2933,-14.85,20.443,22.429,-9.726,-13.319,-17.813,-13.68,-18.105
-13.581,4.0999,30.314,7.221,-17.548,23.623,25.888,-7.052,-11.765,-16.464,-12.322,-17.362
-13.701,6.7379,35.472,5.3408,-20.331,26.503,30.262,-3.871,-9.9386,-14.917,-10.815,-16.51
-13.686,9.1633,40.142,3.6584,-22.636,29.217,35.364,-0.22434,-7.8651,-13.184,-9.1591,-15.529
-13.454,11.534,43.828,2.2048,-24.005,31.876,40.606,3.7858,-5.5915,-11.285,-7.3524,-14.396
-12.965,13.931,46.157,0.98507,-24.164,34.474,45.307,8.0211,-3.1772,-9.2489,-5.3877,-13.094
-12.206,16.399,46.841,-0.072064,-23.073,36.875,49.264,12.334,-0.68649,-7.1124,-3.263,-11.621
-11.212,18.983,45.743,-1.1242,-20.946,38.9,52.853,16.575,1.8086,-4.9263,-0.99249,-9.9981
-10.083,21.758,43.111,-2.3805,-18.233,40.467,56.748,20.594,4.2185,-2.7607,1.379,-8.2718
-8.9754,24.79,39.724,-4.0354,-15.544,41.653,61.678,24.221,6.4294,-0.70906,3.7666,-6.5202
-8.0485,28.055,36.668,-6.1848,-13.519,42.637,68.198,27.275,8.3085,1.1156,6.0467,-4.8503
-7.3901,31.378,34.848,-8.7579,-12.661,43.613,76.197,29.588,9.7291,2.5983,8.0801,-3.3787
-6.9782,34.49,34.733,-11.52,-13.207,44.718,84.547,31.052,10.612,3.6557,9.7568,-2.1937
-6.6971,37.151,36.386,-14.174,-15.037,46.005,91.615,31.657,10.959,4.269,11.045,-1.3142
-6.3996,39.244,39.463,-16.48,-17.654,47.453,95.952,31.481,10.847,4.4938,12.009,-0.67455
-5.9469,40.828,43.197,-18.348,-20.305,48.991,96.464,30.627,10.387,4.4357,12.784,-0.14995
-5.1092,42.097,46.593,-19.899,-22.204,50.525,92.512,29.163,9.687,4.2079,13.516,0.39227
-3.5287,43.293,48.82,-21.399,-22.728,51.959,84.106,27.113,8.8133,3.8907,14.305,1.0388
-0.96502,44.592,49.381,-23.077,-21.572,53.203,71.983,24.47,7.7788,3.5027,15.159,1.7929
2.4652,46.035,48.067,-24.987,-18.837,54.172,57.51,21.207,6.5376,2.996,15.996,2.5701
6.2889,47.52,44.982,-26.98,-15.028,54.765,42.426,17.278,5.0068,2.2814,16.677,3.2328
9.853,48.861,40.618,-28.793,-10.922,54.889,28.434,12.646,3.1134,1.2798,17.077,3.6561
12.548,49.898,35.763,-30.176,-7.3467,54.507,16.761,7.3468,0.84725,-0.02452,17.152,3.7893
13.987,50.585,31.287,-30.994,-4.9588,53.706,8.0464,1.5445,-1.7118,-1.5634,16.96,3.6771
14.109,51.021,27.913,-31.28,-4.0733,52.689,2.6107,-4.4736,-4.415,-3.2119,16.62,3.4229
13.191,51.386,26.019,-31.212,-4.5911,51.704,0.52395,-10.363,-7.1052,-4.8453,16.239,3.1164
11.752,51.829,25.47,-31.031,-6.0515,50.935,0.80629,-15.816,-9.6735,-6.3854,15.849,2.7775
10.359,52.343,25.686,-30.933,-7.8133,50.43,1.4742,-20.625,-12.074,-7.8095,15.411,2.3534
9.4453,52.732,25.98,-30.985,-9.2892,50.11,1.4059,-24.697,-14.299,-9.1281,14.85,1.7646
9.2038,52.705,25.921,-31.093,-10.126,49.815,0.68593,-28.023,-16.335,-10.347,14.115,0.96394
9.5424,52.032,25.516,-31.038,-10.286,49.349,-0.2703,-30.634,-18.151,-11.453,13.197,-0.031634
10.107,50.607,25.146,-30.58,-10.018,48.522,-1.14,-32.588,-19.705,-12.42,12.123,-1.1504
10.477,48.377,25.217,-29.569,-9.6981,47.18,-1.7685,-33.966,-20.967,-13.231,10.935,-2.3034
10.403,45.303,25.779,-27.959,-9.5896,45.231,-2.1509,-34.879,-21.946,-13.893,9.658,-3.4273
9.8505,41.41,26.415,-25.789,-9.7194,42.624,-2.3768,-35.471,-22.704,-14.452,8.2744,-4.5155
8.8961,36.829,26.412,-23.184,-9.9231,39.274,-2.5622,-35.906,-23.344,-14.996,6.7205,-5.6268
7.6387,31.701,25.061,-20.292,-9.9659,35.021,-2.7907,-36.335,-23.991,-15.623,4.9082,-6.8635
6.1522,26.055,21.933,-17.158,-9.6533,29.71,-3.0656,-36.854,-24.743,-16.41,2.7653,-8.3264
4.4706,19.798,17.031,-13.672,-8.9058,23.338,-3.2902,-37.48,-25.637,-17.384,0.28277,-10.063
2.6064,12.828,10.779,-9.6418,-7.7651,16.142,-3.3058,-38.153,-26.64,-18.514,-2.4679,-12.035
0.56563,5.1733,3.9334,-4.9348,-6.3471,8.5857,-2.9803,-38.78,-27.67,-19.729,-5.3479,-14.125
-1.648,-2.9425,-2.568,0.39559,-4.8147,1.25,-2.2902,-39.287,-28.635,-20.951,-8.1985,-16.187
-4.0028,-11.135,-7.8437,6.076,-3.4043,-5.3346,-1.3484,-39.651,-29.477,-22.123,-10.901,-18.099
-6.4277,-18.965,-11.344,11.695,-2.4465,-10.854,-0.36254,-39.919,-30.197,-23.235,-13.409,-19.811
-8.8924,-26.061,-12.937,16.874,-2.3041,-15.267,0.44569,-40.19,-30.852,-24.319,-15.749,-21.344
-11.489,-32.204,-12.691,21.409,-3.2607,-18.714,0.92382,-40.57,-31.523,-25.43,-17.969,-22.753
-14.403,-37.338,-10.674,25.302,-5.4648,-21.358,1.0478,-41.121,-32.277,-26.606,-20.093,-24.092
-17.799,-41.519,-7.0886,28.672,-8.9197,-23.314,0.92845,-41.838,-33.136,-27.848,-22.095,-25.37
-21.689,-44.878,-2.4484,31.653,-13.439,-24.724,0.74389,-42.659,-34.076,-29.117,-23.926,-26.562
-25.854,-47.578,2.4494,34.317,-18.559,-25.772,0.62925,-43.512,-35.048,-30.36,-25.539,-27.637
-29.84,-49.758,6.7148,36.648,-23.518,-26.639,0.59683,-44.366,-36.019,-31.537,-26.924,-28.583
-33.048,-51.494,9.5295,38.551,-27.373,-27.487,0.5398,-45.235,-36.985,-32.633,-28.108,-29.419
-34.903,-52.834,10.191,39.911,-29.24,-28.474,0.2973,-46.174,-37.971,-33.653,-29.144,-30.186
-35.054,-53.849,8.1644,40.676,-28.561,-29.749,-0.27809,-47.249,-39.009,-34.609,-30.094,-30.924
-33.517,-54.661,3.2833,40.911,-25.308,-31.419,-1.2942,-48.515,-40.134,-35.513,-31.016,-31.664
-30.689,-55.399,-4.0434,40.78,-20.033,-33.492,-2.8077,-49.988,-41.352,-36.37,-31.95,-32.41
-27.233,-56.151,-12.841,40.488,-13.714,-35.854,-4.7878,-51.613,-42.626,-37.164,-32.913,-33.138
-23.889,-56.934,-21.799,40.216,-7.4796,-38.27,-7.0723,-53.205,-43.843,-37.854,-33.887,-33.795
-21.279,-57.695,-29.628,40.059,-2.2978,-40.459,-9.3391,-54.39,-44.788,-38.355,-34.82,-34.309
-19.734,-58.34,-35.442,40.006,1.2814,-42.197,-11.104,-54.606,-45.143,-38.531,-35.638,-34.606
-19.167,-58.774,-39.077,39.915,3.3223,-43.401,-11.782,-53.223,-44.536,-38.195,-36.259,-34.625
-18.97,-58.919,-41.131,39.525,4.7101,-44.148,-11.013,-50.197,-42.764,-37.14,-36.575,-34.286
-18.175,-58.699,-42.496,38.473,7.4402,-44.595,-9.9873,-52.872,-41.699,-35.45,-36.446,-33.453
-16.36,-58.002,-43.409,36.356,13.008,-44.845,-17.388,-86.525,-59.937,-36.658,-35.718,-31.898
-18.769,-56.599,-42.641,33.182,13.97,-44.826,-25.092,-94.773,-80.925,-60.107,-34.611,-29.496
-32.895,-54.071,-41.512,32.873,7.3701,-44.255,-27.193,-101.83,-85.927,-72.948,-38.486,-29.753
-39.48,-50.362,-42.8,46.949,4.5102,-42.786,-28.741,-108.57,-90.254,-75.092,-55.766,-52.776
-36.755,-53.541,-43.618,57.45,6.7784,-40.492,-28.025,-110.04,-90.966,-74.617,-57.343,-60.747
-25.555,-73.829,-44.425,54.691,12.402,-41.042,-22.747,-98.334,-82.539,-68.184,-56.819,-60.301
-4.8365,-72.17,-45.972,43.897,23.281,-57.461,-9.8183,-63.056,-57.458,-50.912,-54.119,-56.852
25.786,-63.383,-54.749,24.497,43.138,-61.389,14.694,6.1771,-6.8061,-16.58,-46.35,-47.101
66.819,-50.455,-77.194,-4.0901,74.628,-66.309,54.041,114.77,78.181,42.846,-28.699,-26.405
119.83,-31.511,-111.68,-42.007,117.96,-71.893,108.73,261.21,201.49,135.6,6.5874,11.265
186.12,-2.2275,-155.52,-91.69,171.02,-73.837,175.12,436.92,358.02,262.39,67.533,73.805
262.8,44.465,-203.19,-156.58,228.52,-65.36,245.61,625.1,536.62,418.98,158.23,167.1
343.64,117.23,-234.29,-236.12,281.33,-37.964,309.88,801.5,723.63,601.55,283.32,295.28
420.98,224.38,-224.22,-326.6,317.99,13.312,356.92,938.38,904.21,804.52,444.04,459.57
487.19,361.52,-165.01,-423.8,327.95,90.787,377.08,1010.2,1062.9,1018.5,634.85,654.3
534.96,511.2,-61.071,-520.06,305.66,212.76,364.15,998.55,1183.1,1227.1,841.3,865.02
556.82,660.53,74.324,-603.52,252.22,362.07,317.2,895.51,1247.1,1405.1,1039,1067.4
545.24,789.23,222.49,-659.75,173.44,498.47,240.77,705.29,1236.3,1518.2,1194.8,1228.2
494.34,873.11,362.35,-674.26,77.619,610.25,142.66,443.53,1133.8,1528.7,1272.4,1310
403.07,890.91,472.95,-636.36,-25.177,675.99,30.628,132.54,929.38,1405.8,1241.9,1281.6
277.88,830.93,537.84,-543.76,-123.8,679.98,-89.552,-203.91,626.45,1139.7,1091.1,1130.3
132.56,697.19,550.13,-405.45,-207.72,619.47,-213.58,-542.17,247.48,751.49,834.24,870.48
-15.073,510.47,514.78,-240.81,-269.19,507.62,-336.39,-857.56,-165.38,293.61,511.41,543.08
-147.62,302.96,445.67,-74.652,-304.98,368.14,-450.05,-1124,-557.5,-162.13,178.25,204.67
-251.41,109.16,359.49,69.494,-315.47,226.65,-543.51,-1316.7,-875.18,-544.91,-110.61,-89.58
-318.47,-43.591,269.89,175.21,-302.93,105.03,-604.99,-1418.1,-1080.4,-804.96,-316.94,-301.42
-347.22,-142.16,187.22,236.4,-272.15,16.321,-626.07,-1423,-1160.4,-925.08,-427.17,-417.32
-341.42,-189.09,118.03,256.88,-230.45,-38.093,-605.15,-1340.7,-1128.5,-920.21,-451.13,-446.95
-308.7,-198.38,64.274,246.79,-184.53,-64.779,-548.05,-1192.5,-1015.6,-827.02,-413.92,-415.35
-259.17,-186.75,26.875,218.16,-138.68,-74.018,-466.35,-1005.6,-858.53,-689.25,-346.56,-352.9
-203.59,-166.63,1.6867,181.94,-96.565,-75.994,-374.05,-807.37,-690.4,-544.06,-275.53,-284.55
-150.66,-145.52,-15.46,146.31,-60.734,-75.048,-284.09,-620.31,-534.49,-414.42,-214.6,-224.34
-106.52,-126.26,-23.969,114.78,-35.085,-72.173,-205.63,-459.15,-403.03,-309.43,-167.41,-177.22
-74.391,-93.167,-25.446,88.803,-21.687,-65.32,-143.04,-331.02,-299.24,-228.94,-132.71,-142.55
-55.455,-72.137,-21.47,74.594,-16.643,-42.689,-96.443,-237.59,-221.6,-168.89,-107.62,-117.64
-46.982,-68.946,-11.252,67.012,-16.485,-37.042,-63.449,-174.95,-167.67,-126.67,-89.826,-99.226
-43.351,-67.492,-4.4593,62.34,-17.726,-36.334,-40.947,-134.67,-132.23,-100.46,-78.787,-88.856
-40.718,-65.431,-6.488,57.711,-15.434,-36.337,-26.022,-108.82,-108.18,-83.118,-70.71,-82.187
-33.786,-62.894,-11.005,51.295,-10.61,-36.681,-14.654,-91.855,-91.236,-70.18,-63.053,-76.874
-24.02,-60.362,-16.407,44.44,-5.8983,-37.2,-8.7229,-81.925,-79.773,-59.6,-55.389,-68.449
-16.941,-58.139,-21.835,39.365,-1.3358,-37.704,-5.8422,-74.124,-70.584,-51.127,-48.081,-57.172
-11.806,-56.229,-26.529,35.829,2.7334,-38.004,-4.6756,-68.364,-63.522,-43.071,-41.956,-48.771
-7.7422,-54.536,-30,33.076,5.9648,-37.989,-6.3361,-63.389,-56.84,-36.031,-37.723,-43.413
-4.4907,-53.035,-32.126,30.801,8.2685,-37.675,-8.2755,-56.987,-48.908,-31.483,-34.726,-39.81
-1.9172,-51.81,-33.06,28.984,9.7442,-37.184,-3.7831,-51.097,-42.693,-28.061,-32.401,-37.148
0.10695,-50.953,-33.066,27.655,10.565,-36.63,0.12936,-47.084,-38.385,-25.195,-30.462,-34.99
1.6845,-50.45,-32.348,26.78,10.897,-36.024,2.7562,-44.057,-35.09,-22.655,-28.757,-33.095
2.8431,-50.169,-30.926,26.252,10.86,-35.287,4.6512,-41.49,-32.306,-20.277,-27.191,-31.317
3.5127,-49.943,-28.683,25.948,10.519,-34.351,6.1415,-39.114,-29.755,-17.927,-25.687,-29.569
3.5606,-49.645,-25.6,25.782,9.787,-33.227,7.3639,-36.791,-27.283,-15.514,-24.187,-27.812
2.8743,-49.228,-21.919,25.721,8.4064,-32.01,8.3613,-34.476,-24.823,-13.015,-22.662,-26.042
1.4524,-48.716,-18.098,25.759,6.2682,-30.848,9.1442,-32.191,-22.384,-10.485,-21.123,-24.283
-0.56983,-48.178,-14.629,25.883,3.5915,-29.899,9.7307,-29.995,-20.021,-8.0362,-19.614,-22.576
-2.9877,-47.665,-11.848,26.06,0.69668,-29.254,10.175,-27.933,-17.793,-5.7814,-18.189,-20.951
-5.6033,-47.175,-9.8137,26.241,-2.2402,-28.885,10.573,-25.984,-15.704,-3.7717,-16.864,-19.407
-8.2455,-46.637,-8.3316,26.393,-5.1647,-28.623,11.043,-24.034,-13.68,-1.9575,-15.601,-17.901
-10.702,-45.955,-7.1084,26.505,-7.959,-28.214,11.674,-21.906,-11.589,-0.19572,-14.31,-16.342
-12.634,-45.045,-5.9122,26.543,-10.3,-27.402,12.482,-19.417,-9.2756,1.7014,-12.883,-14.611
-13.581,-43.834,-4.6586,26.364,-11.721,-26.015,13.397,-16.444,-6.6183,3.9068,-11.226,-12.591
-13.164,-42.239,-3.3994,25.717,-11.872,-24.01,14.284,-12.961,-3.5603,6.5348,-9.2851,-10.192
-11.31,-40.196,-2.2149,24.401,-10.747,-21.471,14.988,-9.0592,-0.12473,9.624,-7.0547,-7.3821
-8.3524,-37.706,-1.0893,22.403,-8.7317,-18.579,15.38,-4.9153,3.596,13.135,-4.5806,-4.19
-4.9316,-34.84,0.12767,19.886,-6.4882,-15.548,15.403,-0.74267,7.4679,16.984,-1.94,-0.69752
-1.7472,-31.707,1.6678,17.077,-4.7388,-12.59,15.094,3.2865,11.366,21.076,0.79451,3.0005
0.69898,-28.415,3.7424,14.138,-4.047,-9.8881,14.584,7.1084,15.229,25.379,3.6014,6.8517
2.2836,-25.042,6.4353,11.089,-4.6429,-7.5841,14.058,10.79,19.111,30.007,6.5389,10.894
3.3116,-21.626,9.6335,7.804,-6.2963,-5.7784,13.667,14.482,23.177,35.246,9.7318,15.243
4.4374,-18.175,13.002,4.1078,-8.249,-4.5057,13.464,18.329,27.653,41.481,13.311,20.042
6.4614,-14.668,15.981,-0.082684,-9.3343,-3.7008,13.375,22.377,32.752,48.978,17.361,25.394
10.028,-11.095,17.876,-4.659,-8.4574,-3.2212,13.23,26.567,38.62,57.721,21.909,31.329
15.339,-7.5308,18.085,-9.3494,-5.1601,-2.9583,12.831,30.783,45.312,67.344,26.962,37.819
22.183,-4.1534,16.316,-13.869,0.41054,-2.9429,12.024,34.944,52.797,77.321,32.549,44.807
30.317,-1.1354,12.522,-18.071,7.8923,-3.3211,10.762,39.08,61.021,87.29,38.76,52.259
39.701,1.5348,6.7488,-21.994,16.897,-4.2195,9.1212,43.34,69.942,97.157,45.758,60.197
50.5,4.1489,-0.78498,-25.839,27.122,-5.6313,7.2588,47.913,79.47,107.02,53.718,68.656
62.902,7.2104,-9.5408,-29.952,38.392,-7.3835,5.3234,52.91,89.378,117.02,62.673,77.617
76.802,11.21,-18.703,-34.875,50.554,-9.1665,3.3762,58.283,99.337,127.22,72.387,86.949
91.71,16.347,-27.335,-41.423,63.21,-10.616,1.3881,63.829,109.07,137.65,82.411,96.458
106.92,22.398,-34.586,-50.547,75.383,-11.446,-0.68236,69.294,118.49,148.37,92.35,106.02
121.23,28.889,-39.886,-62.47,85.624,-11.549,-2.8289,74.538,127.67,159.48,102.1,115.64
133.2,35.373,-43.019,-75.728,93.037,-10.989,-5.0568,79.635,136.83,171.2,111.84,125.48
142.69,41.607,-44.077,-88.345,98.227,-9.8692,-7.4396,84.835,146.15,183.73,121.93,135.68
151.32,47.625,-43.46,-99.814,102.92,-8.2103,-10.053,90.413,155.76,197.23,132.71,146.32
161.17,53.733,-41.84,-110.94,108.63,-5.9361,-12.903,96.512,165.71,211.67,144.33,157.41
173.5,60.396,-40.033,-122.63,115.91,-2.9533,-15.945,103.09,175.99,226.94,156.76,168.94
188.38,68.15,-38.849,-135.28,124.48,0.76899,-19.115,109.98,186.63,242.82,169.83,180.99
204.88,77.499,-38.924,-148.68,133.64,5.1692,-22.35,116.9,197.63,259.18,183.43,193.69
221.57,88.684,-40.493,-162.27,142.5,10.081,-25.577,123.59,208.94,275.9,197.49,207.09
237.03,101.34,-43.26,-175.39,150.39,15.221,-28.707,129.82,220.45,292.92,211.97,221.18
250.31,114.52,-46.533,-187.54,156.92,20.256,-31.635,135.47,231.97,310.23,226.84,235.8
261.09,127.36,-49.519,-198.5,161.96,24.977,-34.282,140.57,243.36,327.72,242.02,250.74
269.64,139.55,-51.561,-208.32,165.64,29.427,-36.615,145.22,254.45,345.26,257.31,265.74
276.51,151.17,-52.284,-217.19,168.31,33.806,-38.669,149.5,265.09,362.55,272.46,280.54
282.18,162.14,-51.687,-225.13,170.3,38.239,-40.536,153.41,275.13,379.26,287.13,294.83
286.81,171.97,-50.108,-231.96,171.75,42.649,-42.327,156.87,284.41,395.03,300.94,308.36
290.3,180.08,-48.006,-237.38,172.62,46.821,-44.118,159.78,292.78,409.6,313.64,320.95
292.69,186.27,-45.727,-241.3,172.9,50.54,-45.91,162.03,300.1,422.78,325.1,332.53
294.23,190.74,-43.423,-243.94,172.73,53.69,-47.641,163.57,306.25,434.45,335.36,343.07
295.13,193.87,-41.045,-245.59,172.19,56.282,-49.232,164.32,311,444.46,344.47,352.54
295.39,196.05,-38.35,-246.5,171.13,58.444,-50.636,164.2,314.04,452.55,352.44,360.71
294.87,197.6,-35.025,-246.85,169.3,60.383,-51.858,163.1,315.08,458.39,359.09,367.16
293.45,198.79,-30.891,-246.78,166.53,62.305,-52.943,160.96,314.03,461.76,364.1,371.37
291.23,199.79,-26.075,-246.43,162.96,64.324,-53.951,157.83,311.13,462.67,367.24,373.07
288.54,200.64,-21.027,-245.9,159.04,66.398,-54.92,153.87,306.79,461.41,368.49,372.41
285.78,201.17,-16.393,-245.18,155.4,68.357,-55.845,149.28,301.35,458.33,368.07,369.79
283.27,201.06,-12.809,-244.13,152.53,69.98,-56.678,144.19,294.96,453.65,366.23,365.58
281.08,200.06,-10.671,-242.52,150.68,71.08,-57.342,138.66,287.58,447.35,363.13,360
279.11,198.08,-9.9839,-240.15,149.77,71.547,-57.76,132.66,279.06,439.23,358.74,353.02
276.98,195.25,-10.394,-236.92,149.48,71.348,-57.885,126.11,269.32,429,352.83,344.49
274.11,191.77,-11.345,-232.8,149.24,70.531,-57.698,118.96,258.46,416.58,345.17,334.29
269.83,187.83,-12.283,-227.77,148.35,69.215,-57.183,111.16,246.75,402.22,335.59,322.45
263.51,183.48,-12.855,-221.81,146.11,67.554,-56.307,102.74,234.52,386.45,324.22,309.22
254.85,178.66,-13.038,-214.86,142.01,65.662,-55.025,93.806,221.99,369.81,311.36,294.95
243.94,173.15,-13.046,-206.88,136.07,63.559,-53.302,84.592,209.28,352.64,297.4,279.91
231.32,166.6,-13.056,-197.89,128.84,61.222,-51.131,75.433,196.37,335.04,282.67,264.2
217.79,158.63,-13.016,-187.99,120.96,58.683,-48.536,66.657,183.29,317,267.33,247.85
204.07,149.08,-12.6,-177.46,112.8,56.091,-45.562,58.452,170.08,298.49,251.44,230.91
190.64,138.18,-11.319,-166.57,104.36,53.682,-42.261,50.842,156.89,279.63,235.01,213.64
177.67,126.54,-8.7804,-155.55,95.52,51.687,-38.689,43.761,143.87,260.62,218.22,196.46
165.08,114.85,-4.9383,-144.45,86.099,50.194,-34.905,37.142,131.18,241.79,201.38,179.87
152.61,103.48,-0.20052,-133.05,76.086,49.041,-30.975,30.956,118.85,223.4,184.89,164.19
140.06,92.51,4.6516,-120.99,65.79,47.806,-26.981,25.199,106.76,205.66,169.09,149.52
127.44,82.006,8.7039,-107.94,55.838,45.94,-22.999,19.853,94.724,188.6,154.18,135.74
114.95,72.168,11.216,-93.881,46.858,42.999,-19.082,14.847,82.513,172.14,140.16,122.55
102.77,63.037,11.87,-79.509,39.085,38.856,-15.273,10.084,70.058,156.12,126.86,109.53
90.729,54.32,10.894,-66.074,32.229,33.773,-11.659,5.4898,57.657,140.39,113.98,96.235
78.317,45.634,8.9944,-54.457,25.744,28.272,-8.3256,1.0487,45.954,124.87,101.09,82.361
65.115,36.827,7.1059,-44.582,19.267,22.887,-5.2904,-3.1954,35.612,109.48,87.583,68.1
51.27,27.967,6.0353,-35.867,12.841,17.916,-2.5132,-7.1726,26.905,94.12,73.057,54.295
37.606,19.156,6.1756,-27.784,6.7173,13.348,0.028892,-10.822,19.65,78.7,58.105,42.01
25.19,10.38,7.4162,-20.029,1.0757,8.9586,2.3038,-14.11,13.513,63.581,44.635,31.802
14.731,1.5538,9.2554,-12.498,-3.9955,4.4645,4.2371,-17.038,8.2012,49.69,34.14,23.562
6.384,-7.3021,11.012,-5.2354,-8.3568,-0.31292,5.7508,-19.631,3.5198,37.87,26.407,16.878
-0.012895,-15.888,12.059,1.594,-11.779,-5.2917,6.8044,-21.929,-0.65312,28.287,20.425,11.335
-4.6843,-23.644,12.024,7.7549,-14.042,-10.102,7.4229,-23.974,-4.393,20.568,15.397,6.6225
-7.8353,-30.023,10.872,13.019,-15.053,-14.281,7.6962,-25.806,-7.7483,14.213,10.915,2.5401
-9.6668,-34.799,8.8262,17.251,-14.871,-17.535,7.7506,-27.466,-10.757,8.8244,6.8288,-1.0284
-10.405,-38.111,6.212,20.455,-13.673,-19.829,7.7041,-29.001,-13.454,4.1437,3.0933,-4.1513
-10.313,-40.298,3.3244,22.752,-11.716,-21.33,7.6314,-30.457,-15.874,0.018458,-0.31956,-6.8958
-9.699,-41.729,0.39958,24.329,-9.3361,-22.302,7.5566,-31.863,-18.045,-3.6393,-3.449,-9.3384
-8.9018,-42.703,-2.3407,25.387,-6.9455,-23.001,7.4733,-33.209,-19.977,-6.8769,-6.3315,-11.554
-8.2566,-43.4,-4.6177,26.103,-4.995,-23.571,7.3737,-34.449,-21.664,-9.713,-8.9754,-13.592
-8.0434,-43.885,-6.092,26.615,-3.8826,-24.004,7.2693,-35.509,-23.089,-12.15,-11.354,-15.464
-8.4369,-44.151,-6.4477,27.018,-3.8506,-24.18,7.1991,-36.312,-24.237,-14.185,-13.42,-17.145
-9.4794,-44.19,-5.5001,27.379,-4.9354,-23.976,7.2252,-36.802,-25.103,-15.819,-15.127,-18.591
-11.08,-44.045,-3.2805,27.752,-6.972,-23.37,7.4055,-36.967,-25.705,-17.069,-16.456,-19.762
-13.03,-43.821,-0.0707,28.17,-9.6265,-22.473,7.7523,-36.859,-26.091,-17.984,-17.433,-20.641
-15.03,-43.639,3.6434,28.625,-12.457,-21.489,8.2081,-36.586,-26.338,-18.647,-18.125,-21.264
-16.766,-43.573,7.2952,29.058,-15.016,-20.62,8.6652,-36.293,-26.543,-19.166,-18.641,-21.707
-18.003,-43.618,10.394,29.398,-16.963,-19.986,9.0132,-36.108,-26.791,-19.649,-19.091,-22.072
-18.661,-43.728,12.644,29.607,-18.152,-19.606,9.1912,-36.103,-27.133,-20.18,-19.559,-22.445
-18.831,-43.859,13.985,29.707,-18.638,-19.436,9.2224,-36.269,-27.576,-20.791,-20.066,-22.874
-18.736,-44.003,14.533,29.774,-18.623,-19.427,9.2057,-36.527,-28.088,-21.466,-20.577,-23.354
-18.625,-44.185,14.463,29.898,-18.343,-19.564,9.2615,-36.773,-28.617,-22.153,-21.027,-23.839
-18.681,-44.443,13.885,30.143,-17.967,-19.877,9.4667,-36.917,-29.109,-22.792,-21.363,-24.264
-18.939,-44.8,12.775,30.506,-17.535,-20.423,9.8071,-36.921,-29.529,-23.342,-21.573,-24.582
-19.284,-45.247,11.014,30.912,-16.975,-21.262,10.17,-36.81,-29.874,-23.794,-21.691,-24.788
-19.498,-45.739,8.5281,31.247,-16.151,-22.401,10.386,-36.653,-30.167,-24.177,-21.786,-24.922
-19.365,-46.201,5.4176,31.407,-14.953,-23.746,10.294,-36.539,-30.447,-24.541,-21.933,-25.051
-18.78,-46.553,1.9884,31.352,-13.369,-25.094,9.8158,-36.538,-30.752,-24.939,-22.189,-25.242
-17.792,-46.732,-1.3426,31.109,-11.51,-26.202,8.9878,-36.678,-31.096,-25.399,-22.565,-25.526
-16.554,-46.722,-4.1957,30.752,-9.5718,-26.901,7.9667,-36.924,-31.461,-25.919,-23.021,-25.889
-15.25,-46.567,-6.3358,30.361,-7.7648,-27.174,6.9756,-37.2,-31.808,-26.461,-23.489,-26.284
-14.045,-46.37,-7.6978,30.002,-6.2895,-27.164,6.2187,-37.429,-32.097,-26.985,-23.911,-26.667
-13.091,-46.253,-8.3129,29.721,-5.334,-27.088,5.7977,-37.579,-32.318,-27.468,-24.277,-27.034
-12.515,-46.296,-8.1806,29.548,-5.0563,-27.096,5.6836,-37.671,-32.49,-27.918,-24.632,-27.428
-12.408,-46.494,-7.2113,29.494,-5.5505,-27.166,5.7527,-37.745,-32.646,-28.36,-25.043,-27.918
-12.795,-46.752,-5.3259,29.545,-6.8185,-27.145,5.8493,-37.823,-32.803,-28.812,-25.565,-28.553
-13.627,-46.95,-2.6198,29.676,-8.7471,-26.886,5.843,-37.878,-32.938,-29.261,-26.203,-29.323
-14.78,-47.02,0.54384,29.863,-11.077,-26.367,5.6841,-37.839,-32.993,-29.663,-26.908,-30.147
-16.066,-46.981,3.5557,30.103,-13.393,-25.717,5.4389,-37.622,-32.895,-29.959,-27.591,-30.897
-17.269,-46.922,5.7076,30.401,-15.205,-25.156,5.2633,-37.166,-32.59,-30.097,-28.162,-31.447
-18.205,-46.94,6.4249,30.765,-16.108,-24.898,5.326,-36.458,-32.066,-30.053,-28.553,-31.727
-18.784,-47.092,5.4721,31.191,-15.933,-25.057,5.7299,-35.535,-31.362,-29.837,-28.737,-31.743
-19.033,-47.37,3.0504,31.667,-14.798,-25.597,6.4834,-34.462,-30.545,-29.485,-28.723,-31.558
-19.08,-47.708,-0.2359,32.174,-13.067,-26.333,7.5292,-33.296,-29.679,-29.037,-28.529,-31.244
-19.11,-48.004,-3.5302,32.686,-11.244,-26.991,8.7878,-32.063,-28.799,-28.515,-28.167,-30.844
-19.296,-48.145,-5.9501,33.159,-9.8402,-27.292,10.18,-30.751,-27.9,-27.917,-27.628,-30.355
-19.759,-48.034,-6.8319,33.54,-9.252,-27.037,11.635,-29.33,-26.953,-27.22,-26.894,-29.74
-20.536,-47.623,-5.9056,33.779,-9.6659,-26.167,13.112,-27.772,-25.923,-26.4,-25.946,-28.946
-21.57,-46.934,-3.3337,33.848,-11.032,-24.777,14.603,-26.06,-24.787,-25.437,-24.773,-27.927
-22.724,-46.05,0.38906,33.75,-13.095,-23.065,16.121,-24.194,-23.541,-24.323,-23.378,-26.661
-23.823,-45.073,4.6259,33.518,-15.463,-21.227,17.662,-22.204,-22.209,-23.072,-21.792,-25.171
-24.718,-44.074,8.8068,33.197,-17.719,-19.379,19.174,-20.163,-20.849,-21.721,-20.078,-23.531
-25.319,-43.064,12.57,32.824,-19.533,-17.549,20.575,-18.172,-19.536,-20.333,-18.332,-21.847
-25.595,-42.005,15.79,32.407,-20.738,-15.703,21.797,-16.322,-18.335,-18.983,-16.649,-20.219
-25.56,-40.827,18.525,31.925,-21.32,-13.787,22.834,-14.636,-17.262,-17.726,-15.089,-18.7
-25.261,-39.461,20.904,31.341,-21.38,-11.752,23.743,-13.054,-16.276,-16.571,-13.65,-17.283
-24.791,-37.853,23.027,30.632,-21.078,-9.5562,24.595,-11.464,-15.293,-15.479,-12.272,-15.915
-24.273,-35.972,24.963,29.806,-20.585,-7.1545,25.428,-9.7626,-14.229,-14.392,-10.883,-14.539
-23.83,-33.808,26.776,28.903,-20.055,-4.5112,26.254,-7.9155,-13.049,-13.273,-9.4507,-13.137
-23.551,-31.37,28.523,27.975,-19.591,-1.6183,27.073,-5.9736,-11.79,-12.144,-8.0203,-11.76
-23.463,-28.679,30.215,27.049,-19.252,1.4737,27.865,-4.0533,-10.543,-11.087,-6.7108,-10.513
-23.508,-25.78,31.768,26.096,-19.064,4.6221,28.56,-2.2886,-9.4262,-10.212,-5.674,-9.5234
-23.561,-22.738,33.031,25.019,-19.045,7.6035,29.08,-0.77194,-8.5251,-9.6085,-5.0278,-8.8892
-23.466,-19.624,33.911,23.68,-19.214,10.211,29.422,0.48763,-7.8587,-9.3044,-4.7962,-8.6322
-23.087,-16.495,34.487,21.952,-19.599,12.362,29.704,1.5634,-7.3704,-9.2472,-4.8953,-8.6882
-22.358,-13.399,35.002,19.787,-20.215,14.121,30.1,2.5734,-6.9561,-9.3319,-5.1743,-8.9333
-21.296,-10.396,35.758,17.263,-21.032,15.632,30.738,3.6399,-6.5024,-9.44,-5.4758,-9.2267
-19.974,-7.5377,36.931,14.558,-21.944,17.057,31.64,4.869,-5.9121,-9.4679,-5.6747,-9.4444
-18.475,-4.7694,38.418,11.848,-22.754,18.572,32.745,6.3395,-5.1155,-9.3387,-5.6896,-9.4974
-16.836,-1.8535,39.861,9.1872,-23.176,20.385,33.969,8.0826,-4.0792,-9.0112,-5.4805,-9.3414
-15.012,1.5823,40.801,6.4683,-22.883,22.688,35.219,10.057,-2.8164,-8.4855,-5.0421,-8.9779
-12.877,5.8329,40.819,3.496,-21.586,25.506,36.355,12.145,-1.3874,-7.7994,-4.3929,-8.4413
-10.313,10.869,39.536,0.13857,-19.171,28.56,37.196,14.189,0.11394,-7.0112,-3.5587,-7.7744
-7.316,16.265,36.665,-3.5555,-15.801,31.319,37.631,16.047,1.5835,-6.1765,-2.5566,-7.0049
-4.0611,21.407,32.396,-7.3582,-11.946,33.345,37.74,17.627,2.9294,-5.3332,-1.3916,-6.1379
-0.86278,25.823,27.643,-10.978,-8.2974,34.638,37.817,18.871,4.0805,-4.5015,-0.069266,-5.1669
1.9395,29.382,23.66,-14.204,-5.5886,35.604,38.257,19.715,4.985,-3.6976,1.3841,-4.0965
4.1068,32.286,21.572,-16.981,-4.3956,36.761,39.283,20.072,5.6088,-2.9475,2.9138,-2.9586
5.5687,34.897,22.244,-19.397,-4.9675,38.481,40.629,19.855,5.9441,-2.2819,4.4572,-1.8017
6.4076,37.517,25.895,-21.6,-7.1265,40.875,41.511,19.021,6.0173,-1.7126,5.9846,-0.65127
6.7902,40.269,31.621,-23.707,-10.281,43.775,41.015,17.607,5.8917,-1.2104,7.5335,0.53325
6.9188,43.118,37.822,-25.745,-13.571,46.817,38.611,15.732,5.6562,-0.70578,9.2043,1.8659
7.0358,45.949,43.173,-27.651,-16.068,49.584,34.431,13.559,5.3934,-0.12361,11.112,3.4894
7.402,48.621,46.83,-29.309,-17.004,51.723,29.12,11.215,5.1326,0.56457,13.305,5.4939
8.1726,50.989,47.974,-30.611,-16.044,53.013,23.367,8.7371,4.8133,1.2966,15.697,7.8361
9.2701,52.947,46.148,-31.513,-13.455,53.486,17.571,6.0515,4.2978,1.9165,18.045,10.306
10.405,54.512,42.121,-32.069,-10.04,53.517,11.868,3.0289,3.439,2.2323,20.024,12.585
11.23,55.883,38.002,-32.409,-6.8835,53.718,6.3756,-0.42529,2.1654,2.1138,21.38,14.393
11.48,57.345,36.031,-32.675,-4.9991,54.664,1.395,-4.3008,0.51451,1.569,22.079,15.62
11.038,59.088,37.333,-32.951,-5.0453,56.625,-2.5953,-8.4698,-1.4064,0.71387,22.307,16.331
9.9284,61.031,42.093,-33.223,-7.2286,59.48,-5.2312,-12.716,-3.4745,-0.31552,22.303,16.651
8.2854,62.792,50.029,-33.381,-11.297,62.811,-6.5934,-16.778,-5.5723,-1.4231,22.206,16.669
6.3003,63.847,59.978,-33.278,-16.51,66.067,-7.1866,-20.414,-7.5941,-2.562,22.013,16.419
4.1965,63.828,69.655,-32.802,-21.747,68.635,-7.5412,-23.474,-9.4677,-3.7232,21.63,15.903
2.2413,62.714,76.542,-31.93,-25.871,69.916,-7.9515,-25.948,-11.177,-4.9369,20.94,15.106
0.74834,60.746,79.075,-30.724,-28.023,69.525,-8.5345,-27.943,-12.755,-6.2461,19.857,14.01
-0.0080715,58.231,76.86,-29.272,-27.736,67.455,-9.2799,-29.61,-14.254,-7.6793,18.367,12.618
0.0604,55.38,70.226,-27.625,-25.055,63.976,-10.032,-31.065,-15.702,-9.2244,16.54,10.979
0.7811,52.187,60.152,-25.748,-20.567,59.334,-10.536,-32.358,-17.086,-10.825,14.503,9.1782
1.7706,48.386,48.15,-23.507,-15.207,53.568,-10.547,-33.479,-18.365,-12.405,12.387,7.3041
2.5666,43.54,35.745,-20.7,-10.016,46.631,-9.9433,-34.412,-19.51,-13.912,10.263,5.3908
2.7662,37.274,24.201,-17.131,-5.9253,38.754,-8.7776,-35.182,-20.545,-15.355,8.1041,3.3824
2.1268,29.474,14.761,-12.704,-3.5732,30.599,-7.2545,-35.868,-21.541,-16.794,5.7896,1.1515
0.60091,20.346,8.421,-7.5098,-3.1536,22.835,-5.647,-36.573,-22.587,-18.306,3.1805,-1.4199
-1.6939,10.346,5.4439,-1.8384,-4.3624,15.612,-4.1956,-37.377,-23.738,-19.929,0.23493,-4.333
-4.5343,0.096095,5.2298,3.9187,-6.5592,8.6389,-3.0361,-38.3,-24.983,-21.635,-2.9337,-7.4411
-7.6632,-9.7158,6.1864,9.4258,-9.0396,1.7504,-2.174,-39.309,-26.257,-23.341,-6.1005,-10.516
-10.858,-18.525,6.7901,14.511,-11.235,-4.7819,-1.5191,-40.338,-27.476,-24.955,-9.0415,-13.355
-13.98,-26.058,6.3609,19.154,-12.824,-10.536,-0.97507,-41.328,-28.576,-26.413,-11.624,-15.846
-16.989,-32.304,4.8852,23.397,-13.789,-15.321,-0.51851,-42.251,-29.539,-27.701,-13.835,-17.98
-19.901,-37.361,2.7875,27.253,-14.376,-19.161,-0.21237,-43.123,-30.409,-28.851,-15.746,-19.826
-22.728,-41.341,0.72752,30.672,-14.943,-22.132,-0.15119,-44.002,-31.264,-29.918,-17.459,-21.486
-25.424,-44.367,-0.66038,33.573,-15.761,-24.294,-0.39649,-44.954,-32.181,-30.957,-19.054,-23.049
-27.864,-46.579,-0.99474,35.891,-16.897,-25.718,-0.94522,-45.997,-33.185,-31.987,-20.551,-24.548
-29.866,-48.123,-0.25116,37.589,-18.241,-26.516,-1.7418,-47.093,-34.234,-32.987,-21.922,-25.965
-31.233,-49.133,1.2836,38.668,-19.572,-26.832,-2.7103,-48.163,-35.236,-33.906,-23.113,-27.243
-31.807,-49.729,3.1389,39.17,-20.621,-26.824,-3.7841,-49.132,-36.107,-34.698,-24.088,-28.326
-31.549,-50.025,4.8108,39.191,-21.144,-26.625,-4.9204,-49.984,-36.81,-35.346,-24.844,-29.185
-30.574,-50.129,5.905,38.879,-21.008,-26.356,-6.0957,-50.78,-37.378,-35.872,-25.424,-29.837
-29.122,-50.145,6.2321,38.408,-20.237,-26.125,-7.2958,-51.629,-37.894,-36.326,-25.897,-30.345
-27.484,-50.148,5.7998,37.927,-18.991,-26.025,-8.4963,-52.62,-38.438,-36.76,-26.336,-30.791
-25.918,-50.169,4.7328,37.518,-17.5,-26.115,-9.6302,-53.709,-39.021,-37.185,-26.784,-31.242
-24.591,-50.189,3.1746,37.174,-15.983,-26.423,-10.543,-54.638,-39.511,-37.547,-27.23,-31.712
-23.551,-50.17,1.2291,36.815,-14.601,-26.965,-10.973,-54.881,-39.611,-37.703,-27.61,-32.147
-22.719,-50.089,-1.0582,36.33,-13.396,-27.755,-10.6,-53.734,-38.887,-37.439,-27.827,-32.433
-21.891,-49.932,-3.7195,35.593,-12.168,-28.791,-9.2388,-50.763,-36.916,-36.503,-27.778,-32.433
-20.756,-49.654,-6.8624,34.421,-10.189,-30.013,-7.2457,-49.388,-34.186,-34.766,-27.336,-31.977
-19.051,-49.109,-10.314,32.481,-6.2122,-31.273,-7.3791,-78.732,-43.152,-33.778,-26.288,-30.838
-17.953,-47.953,-13.094,29.255,-2.5694,-32.363,-17.559,-92.67,-76.333,-49.643,-24.301,-28.709
-25.008,-45.466,-14.875,25.083,-4.6339,-33.047,-21.602,-99.015,-82.471,-71.133,-23.139,-26.293
-36.656,-40.65,-17.131,29.421,-6.3933,-33.038,-23.689,-105.87,-87.02,-74.009,-44.958,-40.982
-39.446,-40.411,-21.343,52.093,-4.3793,-32.099,-25.299,-108.93,-88.344,-74.339,-52.357,-59.298
-34.034,-70.375,-27.754,56.747,2.4466,-35.396,-24.488,-100.93,-80.599,-69.013,-52.879,-60.414
-19.822,-72.291,-38.799,49.37,15.812,-54.654,-18.008,-72.797,-56.371,-52.703,-50.978,-58.512
4.476,-64.811,-60.545,33.088,37.165,-61.569,-1.7992,-15.294,-8.6724,-19.763,-42.863,-50.275
40.659,-52.554,-89.621,7.4986,67.602,-69.62,27.166,78.341,67.799,34.13,-24.455,-32.094
91.821,-33.903,-123.26,-27.718,109.18,-76.445,69.926,210.54,177.13,113.94,8.1098,-0.23161
158.55,-5.2245,-156.32,-74.786,158.71,-76.726,125.46,377.11,319.76,226.98,62.149,52.267
235.66,39.933,-180.97,-136.93,208.47,-63.003,189.68,564.55,489.69,375.61,147.48,135.13
316.21,109.7,-186.75,-214.23,250.76,-28.365,255.07,750.73,676.53,556.9,269.93,255.49
393.66,211.24,-161.87,-302.84,277.75,30.733,311.74,907.95,866.03,765.55,431.19,415.27
461.3,341.56,-98.568,-398.2,282.14,120.98,348.9,1007.9,1041.1,991.93,627.41,610.35
511.89,487.48,3.785,-494.95,258.92,251.32,357.89,1027.8,1183.1,1219.7,845.74,828.17
537.31,639.48,138.06,-583.07,206.67,396.9,335.28,955.54,1273.1,1423.9,1063,1046
529.33,778.46,290.34,-648.18,127.93,541.8,283.08,792.11,1291.4,1570.9,1246.8,1231.4
482.17,878.86,441.09,-674.62,29.465,666.25,206.62,550.1,1219.9,1621.5,1359.1,1345.5
395.25,916.85,567.78,-650.39,-77.916,747.19,112.49,250.12,1045.7,1539.5,1364,1351.8
274.66,877.73,649.68,-571.2,-181.42,766.97,6.7724,-83.992,767.11,1305.8,1241.3,1229.9
132.65,761.74,674.91,-442.97,-269.29,719.85,-106.94,-428.35,400.84,932.53,997.84,987.1
-14.295,586.13,644.86,-282.2,-332.65,615.42,-226.58,-758.75,-15.542,466.9,670.38,660.41
-148.33,381.42,572.61,-113.15,-367.02,475.75,-347.79,-1049.5,-428.7,-18.42,316.13,307.15
-254,182.74,477.63,38.495,-373.56,327.99,-460.92,-1274.7,-782.04,-445.84,-4.1366,-12.319
-322.12,19.16,379.1,153.43,-357.64,195.89,-551.93,-1413.3,-1030.9,-755.27,-244.17,-252.24
-351.17,-94.385,290.42,223.83,-326.09,93.028,-607.36,-1454.9,-1154.1,-919.65,-384.14,-392.95
-345.55,-158.63,217.03,252.82,-284.98,22.568,-619.76,-1403.1,-1157.3,-948.02,-431.84,-441.8
-313.35,-184.49,157.83,249.51,-238.6,-20.778,-590.23,-1275.1,-1066.9,-875.61,-413.24,-424.06
-264.75,-184.83,108.6,224.85,-190.26,-45.382,-526.61,-1096.1,-918.73,-746.28,-358.36,-369.43
-210.3,-170.8,66.636,189.94,-143.57,-59.208,-440.35,-894.65,-747.89,-597.85,-290.88,-302.02
-158.64,-151.17,32.362,154.08,-102.16,-65.917,-345.31,-696.41,-581.59,-456.75,-226.48,-237.83
-115.46,-131.98,7.7279,121.05,-68.385,-67.946,-254.8,-520.56,-437.01,-338.21,-173.98,-185.7
-83.011,-100.62,-8.8164,90.12,-42.569,-67.666,-177.67,-377.93,-322.07,-247.63,-135.68,-147.8
-61.21,-66.349,-19.975,74.663,-24.446,-57.184,-117.54,-271.34,-236.96,-182.79,-108.59,-121.09
-48.45,-62.219,-25.468,67.048,-13.378,-36.203,-74.3,-197.61,-177.78,-138.28,-87.809,-100.88
-41.551,-61.953,-25.04,62.099,-8.3769,-35.03,-45.86,-149.01,-138.64,-109.68,-74.692,-89.415
-38.352,-61.6,-19.547,57.853,-7.984,-35.802,-28.754,-117.63,-112.17,-90.181,-66.408,-82.576
-36.693,-60.708,-16.255,52.963,-8.7989,-36.231,-18.604,-97.515,-93.666,-75.498,-59.118,-77.845
-31.997,-59.479,-14.627,47.646,-7.535,-36.249,-10.848,-85.152,-81.323,-63.819,-51.801,-71.276
-25.238,-58.155,-13.437,43.38,-7.2648,-35.945,-9.2125,-77,-71.536,-54.312,-44.697,-60.115
-21.188,-56.863,-12.56,40.53,-7.7374,-35.449,-9.5664,-70.48,-63.828,-46.36,-39.819,-51.396
-18.697,-55.661,-12.109,38.503,-7.8397,-34.89,-12.52,-65.234,-56.407,-39.303,-36.848,-46.158
-16.696,-54.597,-12.104,36.888,-7.3491,-34.372,-19.147,-58.452,-46.819,-34.688,-34.736,-42.872
-15.063,-53.718,-12.41,35.6,-6.5406,-33.951,-14.562,-51.28,-40.139,-31.215,-32.978,-40.54
-13.954,-53.036,-12.798,34.684,-5.8538,-33.629,-8.9862,-46.656,-35.892,-28.221,-31.328,-38.617
-13.461,-52.507,-13.067,34.151,-5.5822,-33.361,-4.5757,-43.304,-32.706,-25.441,-29.655,-36.797
-13.463,-52.042,-13.134,33.909,-5.7118,-33.077,-0.90585,-40.474,-29.979,-22.706,-27.894,-34.921
-13.646,-51.543,-13.052,33.771,-5.9913,-32.712,2.2838,-37.86,-27.442,-19.919,-26.045,-32.94
-13.626,-50.929,-12.922,33.519,-6.1355,-32.23,4.9939,-35.377,-25,-17.062,-24.154,-30.889
-13.13,-50.156,-12.75,32.987,-5.984,-31.608,7.154,-33.042,-22.657,-14.168,-22.295,-28.842
-12.105,-49.217,-12.371,32.118,-5.5649,-30.812,8.7471,-30.888,-20.441,-11.28,-20.529,-26.87
-10.735,-48.146,-11.508,30.981,-5.0761,-29.811,9.8589,-28.897,-18.345,-8.4033,-18.873,-24.999
-9.3462,-47.032,-9.924,29.742,-4.8166,-28.62,10.656,-26.987,-16.315,-5.4932,-17.293,-23.198
-8.2638,-45.988,-7.5599,28.585,-5.0635,-27.335,11.311,-25.038,-14.268,-2.4734,-15.716,-21.411
-7.6723,-45.107,-4.6051,27.627,-5.9236,-26.102,11.942,-22.953,-12.134,0.7275,-14.073,-19.584
-7.5342,-44.4,-1.4755,26.857,-7.2414,-25.054,12.584,-20.683,-9.8751,4.1594,-12.32,-17.698
-7.5909,-43.778,1.2836,26.128,-8.6244,-24.269,13.2,-18.224,-7.4776,7.8694,-10.444,-15.749
-7.4477,-43.084,3.1404,25.199,-9.5636,-23.759,13.721,-15.582,-4.9191,11.94,-8.4321,-13.731
-6.7072,-42.151,3.7151,23.819,-9.5984,-23.485,14.072,-12.739,-2.1422,16.509,-6.2514,-11.6
-5.1141,-40.838,2.8706,21.817,-8.4757,-23.366,14.207,-9.6412,0.94359,21.754,-3.8276,-9.2664
-2.6289,-39.049,0.72999,19.159,-6.223,-23.283,14.124,-6.2298,4.433,27.818,-1.0651,-6.6032
0.60398,-36.738,-2.3698,15.954,-3.0992,-23.103,13.884,-2.4822,8.3847,34.742,2.12,-3.4785
4.361,-33.912,-5.9728,12.393,0.52667,-22.713,13.605,1.5667,12.791,42.399,5.7565,0.19433
8.4297,-30.622,-9.6177,8.6496,4.2983,-22.048,13.425,5.8332,17.584,50.525,9.7994,4.4142
12.676,-26.942,-12.905,4.8036,7.9543,-21.09,13.441,10.217,22.656,58.817,14.144,9.0904
17.054,-22.952,-15.495,0.83366,11.351,-19.856,13.671,14.635,27.927,67.075,18.678,14.091
21.58,-18.717,-17.107,-3.322,14.437,-18.376,14.05,19.044,33.397,75.227,23.342,19.329
26.278,-14.271,-17.551,-7.6905,17.213,-16.663,14.456,23.441,39.167,83.301,28.17,24.812
31.171,-9.621,-16.745,-12.224,19.689,-14.719,14.746,27.853,45.413,91.381,33.268,30.624
36.311,-4.7449,-14.754,-16.812,21.874,-12.553,14.797,32.331,52.343,99.536,38.774,36.883
41.83,0.38571,-11.845,-21.328,23.822,-10.204,14.539,36.943,60.13,107.82,44.818,43.699
47.966,5.7918,-8.495,-25.692,25.709,-7.753,13.961,41.759,68.823,116.28,51.498,51.151
55.046,11.475,-5.3185,-29.93,27.889,-5.3005,13.101,46.834,78.311,124.98,58.854,59.275
63.349,17.405,-2.9223,-34.221,30.856,-2.9378,12.011,52.188,88.283,133.98,66.834,68.053
72.904,23.487,-1.7595,-38.931,35.103,-0.72257,10.728,57.787,98.339,143.31,75.285,77.411
83.45,29.533,-2.0508,-44.601,40.936,1.314,9.2498,63.548,108.17,153.04,84.009,87.236
94.621,35.285,-3.792,-51.763,48.282,3.1372,7.5471,69.375,117.68,163.28,92.871,97.441
106.02,40.531,-6.7985,-60.531,56.69,4.6967,5.583,75.199,126.97,174.18,101.87,107.98
117.22,45.228,-10.746,-70.374,65.579,5.9631,3.3389,80.985,136.21,185.91,111.14,118.83
128.06,49.515,-15.234,-80.531,74.528,6.9777,0.80634,86.714,145.53,198.6,120.85,129.93
138.74,53.628,-19.895,-90.581,83.374,7.8472,-2.0371,92.374,154.96,212.24,131.16,141.22
149.7,57.792,-24.478,-100.52,92.162,8.6847,-5.2178,97.985,164.5,226.79,142.17,152.65
161.36,62.17,-28.84,-110.5,101.07,9.5685,-8.7253,103.61,174.18,242.14,153.89,164.31
173.95,66.889,-32.907,-120.68,110.32,10.563,-12.485,109.33,184.1,258.23,166.32,176.39
187.5,72.127,-36.677,-131.15,120.06,11.765,-16.38,115.19,194.38,275.03,179.44,189.15
201.75,78.198,-40.175,-141.94,130.13,13.313,-20.306,121.15,205.14,292.53,193.21,202.83
216.06,85.544,-43.362,-152.9,139.84,15.338,-24.236,127.1,216.41,310.65,207.61,217.55
229.45,94.562,-46.043,-163.7,148.16,17.891,-28.219,132.89,228.08,329.22,222.57,233.21
240.92,105.24,-47.898,-173.98,154.27,20.904,-32.291,138.39,239.97,347.99,237.99,249.52
249.96,116.93,-48.618,-183.51,157.97,24.23,-36.351,143.53,251.83,366.63,253.66,266.03
256.69,128.67,-48.056,-192.27,159.54,27.73,-40.143,148.29,263.42,384.71,269.33,282.29
261.71,139.75,-46.288,-200.39,159.55,31.331,-43.396,152.67,274.47,401.83,284.65,297.9
265.71,149.92,-43.619,-207.98,158.65,35.004,-45.993,156.69,284.75,417.56,299.24,312.53
269.35,159.13,-40.535,-215.09,157.59,38.711,-48.002,160.31,294.07,431.64,312.73,325.93
273.12,167.37,-37.649,-221.68,157.11,42.372,-49.603,163.51,302.33,443.98,324.88,337.99
277.29,174.57,-35.562,-227.66,157.8,45.869,-50.985,166.27,309.5,454.62,335.6,348.7
281.88,180.72,-34.69,-232.92,159.92,49.078,-52.277,168.55,315.57,463.66,344.93,358.12
286.75,185.86,-35.117,-237.41,163.33,51.896,-53.536,170.33,320.44,471.14,352.96,366.32
291.53,190.05,-36.571,-241.09,167.52,54.259,-54.745,171.49,323.9,477.02,359.7,373.28
295.73,193.31,-38.52,-243.86,171.74,56.128,-55.835,171.91,325.72,481.21,365.19,378.96
298.71,195.6,-40.331,-245.6,175.13,57.486,-56.703,171.5,325.78,483.67,369.43,383.28
299.91,196.89,-41.437,-246.17,176.95,58.362,-57.245,170.21,324.1,484.37,372.45,386.18
298.9,197.18,-41.438,-245.47,176.7,58.847,-57.397,168.11,320.83,483.34,374.27,387.6
295.48,196.53,-40.134,-243.43,174.26,59.094,-57.154,165.3,316.16,480.61,374.86,387.48
289.78,194.98,-37.537,-240.05,169.75,59.27,-56.58,161.85,310.21,476.19,374.14,385.77
282.23,192.61,-33.829,-235.42,163.51,59.509,-55.776,157.81,302.99,470.04,371.96,382.39
273.42,189.57,-29.288,-229.79,156,59.879,-54.842,153.12,294.49,462.15,368.12,377.25
263.9,186.09,-24.227,-223.46,147.75,60.38,-53.831,147.75,284.69,452.51,362.41,370.29
253.88,182.29,-18.967,-216.6,139.2,60.948,-52.741,141.68,273.76,441.15,354.68,361.54
243.31,178.13,-13.828,-209.24,130.65,61.472,-51.528,135.03,262.01,428.24,344.99,351.09
232.01,173.3,-9.1,-201.23,122.23,61.842,-50.133,127.99,249.84,414.02,333.61,339.19
219.8,167.33,-4.9999,-192.35,113.92,61.977,-48.494,120.72,237.53,398.73,320.92,326.11
206.58,159.74,-1.6484,-182.41,105.52,61.835,-46.548,113.28,225.12,382.53,307.26,312.07
192.54,150.31,0.93153,-171.34,96.826,61.401,-44.228,105.56,212.53,365.47,292.79,297.24
178.21,139.33,2.84,-159.31,87.81,60.68,-41.483,97.416,199.59,347.56,277.56,281.63
164.28,127.58,4.32,-146.78,78.742,59.686,-38.312,88.76,186.23,328.77,261.54,265.22
151.23,115.94,5.702,-134.3,69.9,58.434,-34.788,79.637,172.42,309.1,244.7,247.95
139.13,105,7.2847,-122.24,61.235,56.914,-31.055,70.272,158.25,288.6,227.05,229.89
127.63,94.862,9.2273,-110.59,52.316,55.065,-27.282,60.997,143.89,267.49,208.78,211.31
116.11,85.329,11.496,-99.057,42.682,52.747,-23.595,52.132,129.52,246.16,190.29,192.72
103.86,76.11,13.875,-87.285,32.41,49.758,-20.05,43.856,115.27,225.11,172.21,174.71
90.439,66.973,16.025,-75.152,22.384,45.878,-16.664,36.172,101.16,204.78,155.07,157.73
75.937,57.815,17.562,-62.999,13.729,40.951,-13.459,28.956,87.167,185.4,139.11,141.87
61.128,48.633,18.16,-51.57,7.0262,34.988,-10.497,22.052,73.321,166.96,124.19,126.94
47.253,39.471,17.627,-41.581,2.3246,28.244,-7.8648,15.35,59.888,149.34,109.91,112.48
35.515,30.409,15.942,-33.29,-0.5011,21.171,-5.641,8.8233,47.347,132.41,95.832,98.067
26.631,21.577,13.24,-26.523,-1.6221,14.251,-3.8746,2.5299,36.137,116.06,81.565,83.499
20.684,13.111,9.7688,-20.933,-1.3401,7.8225,-2.5726,-3.4183,26.397,100.16,67.095,69.077
17.187,5.0998,5.8439,-16.14,-0.14015,2.0491,-1.6963,-8.9142,17.975,84.463,52.959,55.45
15.3,-2.4021,1.8145,-11.776,1.4176,-3.0115,-1.1629,-13.895,10.612,68.751,39.969,43.149
14.191,-9.3069,-1.9587,-7.5453,2.8995,-7.3319,-0.8554,-18.338,4.1089,53.101,28.671,32.341
13.296,-15.476,-5.1547,-3.3306,4.0961,-10.902,-0.63955,-22.232,-1.6176,38.204,19.161,22.956
12.327,-20.777,-7.5761,0.77721,4.928,-13.761,-0.38728,-25.565,-6.5563,25.19,11.257,14.881
11.137,-25.147,-9.1687,4.5652,5.3086,-16.014,-0.0041583,-28.336,-10.673,14.856,4.6941,8.0198
9.645,-28.608,-9.9163,7.842,5.1145,-17.773,0.54816,-30.578,-13.983,7.1415,-0.74942,2.2768
7.8031,-31.253,-9.7207,10.544,4.2272,-19.096,1.249,-32.37,-16.575,1.4433,-5.2268,-2.4644
5.5814,-33.24,-8.4258,12.764,2.5596,-19.989,2.0396,-33.811,-18.583,-2.8604,-8.8527,-6.3374
2.9558,-34.783,-5.9727,14.715,0.070441,-20.461,2.8553,-34.994,-20.138,-6.203,-11.738,-9.4727
-0.073089,-36.108,-2.5399,16.644,-3.1829,-20.572,3.6533,-35.971,-21.338,-8.8475,-13.997,-11.995
-3.4235,-37.389,1.4283,18.729,-6.9524,-20.437,4.4228,-36.755,-22.235,-10.952,-15.741,-14.008
-6.8807,-38.696,5.3064,20.992,-10.759,-20.195,5.1711,-37.331,-22.86,-12.626,-17.076,-15.608
-10.108,-40.004,8.4371,23.296,-13.982,-19.994,5.8919,-37.697,-23.262,-13.97,-18.113,-16.889
-12.736,-41.245,10.287,25.421,-16.066,-19.974,6.545,-37.892,-23.527,-15.094,-18.962,-17.955
-14.496,-42.363,10.575,27.171,-16.735,-20.244,7.069,-37.995,-23.768,-16.104,-19.728,-18.904
-15.333,-43.342,9.3664,28.463,-16.097,-20.859,7.4187,-38.102,-24.092,-17.089,-20.484,-19.812
-15.449,-44.198,7.108,29.349,-14.603,-21.772,7.5986,-38.287,-24.565,-18.097,-21.259,-20.708
-15.235,-44.96,4.5328,29.968,-12.901,-22.835,7.67,-38.574,-25.185,-19.129,-22.041,-21.575
-15.126,-45.654,2.418,30.484,-11.617,-23.854,7.7235,-38.941,-25.897,-20.151,-22.793,-22.371
-15.43,-46.292,1.2938,31.012,-11.158,-24.674,7.8344,-39.333,-26.612,-21.109,-23.476,-23.045
-16.225,-46.871,1.2546,31.592,-11.606,-25.243,8.0269,-39.691,-27.249,-21.959,-24.06,-23.561
-17.34,-47.379,1.956,32.183,-12.697,-25.617,8.2661,-39.974,-27.766,-22.684,-24.535,-23.909
-18.413,-47.803,2.7732,32.695,-13.895,-25.913,8.4789,-40.178,-28.175,-23.298,-24.905,-24.104
-19.038,-48.142,3.0449,33.033,-14.593,-26.249,8.5915,-40.326,-28.526,-23.847,-25.187,-24.178
-18.959,-48.409,2.3218,33.143,-14.362,-26.702,8.5665,-40.447,-28.879,-24.378,-25.4,-24.162
-18.178,-48.627,0.55616,33.051,-13.131,-27.279,8.4219,-40.543,-29.259,-24.919,-25.551,-24.077
-16.95,-48.826,-1.8549,32.856,-11.197,-27.921,8.2263,-40.585,-29.641,-25.461,-25.633,-23.924
-15.661,-49.037,-4.2332,32.687,-9.118,-28.521,8.0704,-40.521,-29.962,-25.966,-25.613,-23.683
-14.691,-49.269,-5.8968,32.647,-7.4974,-28.964,8.0264,-40.315,-30.157,-26.388,-25.459,-23.33
-14.296,-49.502,-6.392,32.771,-6.7686,-29.165,8.1148,-39.976,-30.196,-26.704,-25.161,-22.859
-14.554,-49.692,-5.6123,33.028,-7.0852,-29.09,8.2973,-39.571,-30.11,-26.926,-24.753,-22.3
-15.379,-49.802,-3.8095,33.351,-8.3166,-28.776,8.5034,-39.196,-29.972,-27.096,-24.312,-21.718
-16.572,-49.825,-1.5138,33.681,-10.108,-28.323,8.6786,-38.927,-29.866,-27.265,-23.924,-21.187
-17.895,-49.789,0.6244,33.991,-11.991,-27.862,8.8233,-38.776,-29.835,-27.46,-23.656,-20.756
-19.142,-49.73,2.0384,34.274,-13.527,-27.505,8.9927,-38.676,-29.865,-27.677,-23.53,-20.429
-20.166,-49.667,2.4247,34.529,-14.424,-27.312,9.259,-38.522,-29.898,-27.892,-23.531,-20.173
-20.895,-49.602,1.8295,34.744,-14.615,-27.291,9.6626,-38.223,-29.867,-28.075,-23.617,-19.947
-21.322,-49.528,0.61414,34.898,-14.254,-27.401,10.182,-37.745,-29.73,-28.213,-23.753,-19.731
-21.495,-49.433,-0.68012,34.962,-13.657,-27.563,10.734,-37.119,-29.482,-28.311,-23.925,-19.541
-21.493,-49.287,-1.4997,34.903,-13.167,-27.648,11.211,-36.422,-29.155,-28.391,-24.146,-19.431
-21.399,-49.04,-1.4231,34.693,-13.047,-27.501,11.532,-35.737,-28.8,-28.482,-24.44,-19.461
-21.272,-48.656,-0.28217,34.335,-13.406,-27.014,11.675,-35.121,-28.471,-28.6,-24.824,-19.675
-21.127,-48.138,1.7513,33.863,-14.17,-26.19,11.699,-34.578,-28.193,-28.74,-25.286,-20.075
-20.936,-47.545,4.1848,33.345,-15.093,-25.156,11.713,-34.067,-27.96,-28.872,-25.775,-20.605
-20.641,-46.972,6.3568,32.856,-15.831,-24.119,11.839,-33.525,-27.732,-28.945,-26.215,-21.166
-20.193,-46.509,7.66,32.457,-16.064,-23.291,12.16,-32.898,-27.457,-28.913,-26.529,-21.645
-19.574,-46.212,7.7368,32.172,-15.614,-22.824,12.697,-32.164,-27.093,-28.749,-26.664,-21.956
-18.818,-46.078,6.5791,31.987,-14.506,-22.76,13.412,-31.332,-26.626,-28.458,-26.609,-22.06
-18.019,-46.043,4.5302,31.856,-12.976,-23.017,14.231,-30.433,-26.069,-28.071,-26.386,-21.966
-17.325,-45.997,2.198,31.728,-11.406,-23.406,15.072,-29.502,-25.452,-27.63,-26.034,-21.706
-16.912,-45.825,0.28842,31.572,-10.229,-23.686,15.878,-28.56,-24.805,-27.17,-25.591,-21.311
-16.932,-45.449,-0.60825,31.386,-9.796,-23.648,16.645,-27.601,-24.137,-26.694,-25.066,-20.777
-17.454,-44.841,-0.19897,31.185,-10.277,-23.18,17.427,-26.586,-23.429,-26.175,-24.436,-20.07
-18.424,-43.993,1.4352,30.963,-11.603,-22.264,18.308,-25.458,-22.645,-25.567,-23.665,-19.149
-19.651,-42.87,3.8859,30.666,-13.475,-20.931,19.351,-24.168,-21.752,-24.836,-22.725,-17.994
-20.847,-41.375,6.5634,30.182,-15.441,-19.207,20.569,-22.689,-20.734,-23.973,-21.613,-16.618
-21.697,-39.377,8.898,29.382,-17.02,-17.1,21.931,-21.028,-19.59,-22.991,-20.355,-15.06
-21.943,-36.789,10.532,28.168,-17.858,-14.651,23.393,-19.211,-18.339,-21.921,-18.997,-13.373
-21.458,-33.65,11.442,26.528,-17.831,-11.968,24.929,-17.267,-17.01,-20.793,-17.599,-11.614
-20.268,-30.166,11.94,24.546,-17.073,-9.1986,26.551,-15.213,-15.63,-19.633,-16.221,-9.8372
-18.531,-26.62,12.551,22.36,-15.917,-6.4264,28.324,-13.035,-14.213,-18.448,-14.9,-8.0785
-16.482,-23.187,13.828,20.082,-14.769,-3.5804,30.363,-10.676,-12.74,-17.223,-13.63,-6.3423
-14.359,-19.788,16.168,17.731,-13.974,-0.44468,32.812,-8.041,-11.16,-15.918,-12.362,-4.5965
-12.352,-16.133,19.68,15.236,-13.726,3.2323,35.773,-5.0366,-9.4062,-14.487,-11.026,-2.789
-10.567,-11.889,24.084,12.486,-14.024,7.5902,39.213,-1.6178,-7.4244,-12.897,-9.5648,-0.88115
-9.0289,-6.8702,28.763,9.3972,-14.686,12.538,42.921,2.1607,-5.2047,-11.15,-7.9703,1.1249
-7.7076,-1.1552,32.959,5.976,-15.422,17.723,46.614,6.1281,-2.7984,-9.2842,-6.2856,3.1818
-6.5521,4.9074,35.991,2.3412,-15.939,22.628,50.141,10.032,-0.30868,-7.3635,-4.5863,5.2156
-5.5231,10.826,37.457,-1.2919,-16.05,26.789,53.589,13.619,2.146,-5.4561,-2.9444,7.1566
-4.6067,16.171,37.433,-4.6753,-15.726,30.024,57.242,16.712,4.4741,-3.6155,-1.3968,8.9648
-3.803,20.739,36.508,-7.6275,-15.092,32.524,61.519,19.256,6.6295,-1.8758,0.061676,10.634
-3.0959,24.618,35.57,-10.117,-14.365,34.727,66.843,21.293,8.595,-0.26436,1.457,12.177
-2.425,28.078,35.442,-12.269,-13.757,37.073,73.298,22.897,10.35,1.1815,2.8062,13.598
-1.6944,31.382,36.559,-14.272,-13.398,39.799,80.213,24.114,11.854,2.4118,4.1061,14.894
-0.82752,34.623,38.833,-16.258,-13.305,42.849,86.228,24.933,13.052,3.3802,5.3465,16.063
0.1706,37.691,41.752,-18.22,-13.407,45.93,89.818,25.285,13.893,4.0638,6.527,17.114
1.1953,40.355,44.653,-20.028,-13.587,48.659,89.742,25.07,14.348,4.466,7.6614,18.075
2.0806,42.423,46.993,-21.51,-13.739,50.739,85.386,24.187,14.415,4.6126,8.771,18.976
2.6701,43.879,48.547,-22.571,-13.809,52.101,76.963,22.577,14.113,4.5381,9.8798,19.853
2.8757,44.939,49.456,-23.25,-13.817,52.956,65.4,20.25,13.484,4.282,11.013,20.741
2.6929,45.979,50.129,-23.701,-13.839,53.698,52.048,17.289,12.584,3.8892,12.198,21.678
2.176,47.349,51.012,-24.101,-13.976,54.718,38.4,13.829,11.474,3.4099,13.461,22.701
1.4019,49.218,52.388,-24.553,-14.303,56.213,25.839,10.009,10.206,2.8959,14.832,23.843
0.4422,51.518,54.327,-25.049,-14.84,58.13,15.426,5.9475,8.8154,2.3895,16.33,25.133
-0.65201,54.006,56.762,-25.492,-15.566,60.245,7.8735,1.7423,7.3164,1.919,17.968,26.58
-1.8561,56.357,59.579,-25.758,-16.448,62.315,3.6219,-2.4994,5.7238,1.5003,19.727,28.158
-3.1694,58.258,62.646,-25.748,-17.482,64.192,2.5568,-6.6278,4.0696,1.1307,21.528,29.777
-4.6081,59.513,65.821,-25.422,-18.71,65.851,3.38,-10.465,2.3978,0.77634,23.205,31.263
-6.1908,60.115,69.093,-24.805,-20.208,67.372,4.3102,-13.873,0.73462,0.36624,24.517,32.375
-7.9173,60.226,72.734,-23.965,-22.058,68.881,4.6238,-16.821,-0.93347,-0.19602,25.232,32.883
-9.7463,60.095,77.196,-22.973,-24.303,70.491,4.4779,-19.373,-2.6429,-0.98518,25.25,32.678
-11.582,59.945,82.754,-21.869,-26.881,72.221,4.1821,-21.621,-4.4147,-2.0129,24.663,31.838
-13.273,59.848,89.191,-20.647,-29.579,73.928,3.9873,-23.635,-6.2385,-3.2287,23.673,30.56
-14.634,59.571,95.627,-19.261,-32.02,75.253,4.0531,-25.453,-8.0783,-4.5623,22.441,29.028
-15.482,58.563,100.54,-17.641,-33.725,75.632,4.4063,-27.111,-9.9091,-5.971,21,27.317
-15.7,56.232,102.16,-15.712,-34.223,74.432,4.9335,-28.669,-11.737,-7.4607,19.278,25.389
-15.28,52.284,99.187,-13.42,-33.187,71.175,5.4321,-30.201,-13.592,-9.0752,17.164,23.136
-14.34,46.772,91.208,-10.75,-30.533,65.714,5.697,-31.771,-15.508,-10.861,14.56,20.441
-13.09,39.945,78.809,-7.7269,-26.466,58.229,5.6021,-33.399,-17.488,-12.835,11.419,17.223
-11.764,32.102,63.254,-4.3951,-21.457,49.125,5.141,-35.053,-19.505,-14.967,7.7685,13.485
-10.579,23.51,46.224,-0.8012,-16.155,38.929,4.41,-36.679,-21.518,-17.189,3.7169,9.3215
-9.7067,14.368,29.487,3.0124,-11.24,28.216,3.5478,-38.233,-23.491,-19.432,-0.57154,4.8861
-9.2786,4.8463,14.469,6.9896,-7.2939,17.569,2.6607,-39.713,-25.422,-21.648,-4.9167,0.34004
-9.3778,-4.8147,2.1587,11.031,-4.7001,7.5025,1.7874,-41.165,-27.339,-23.824,-9.1562,-4.1893
-10.021,-14.217,-6.5302,14.981,-3.5892,-1.6013,0.90537,-42.656,-29.285,-25.968,-13.158,-8.6133
-11.157,-22.835,-10.796,18.662,-3.85,-9.5028,-0.03226,-44.24,-31.294,-28.09,-16.815,-12.863
-12.687,-30.192,-10.978,21.941,-5.1919,-15.988,-1.0542,-45.945,-33.374,-30.182,-20.035,-16.869
-14.495,-36.057,-8.7431,24.777,-7.2304,-20.854,-2.1633,-47.761,-35.491,-32.203,-22.747,-20.557
-16.478,-40.505,-5.8826,27.227,-9.5637,-24.135,-3.3607,-49.631,-37.572,-34.081,-24.924,-23.872
-18.54,-43.823,-3.4735,29.393,-11.838,-26.231,-4.6538,-51.473,-39.524,-35.741,-26.602,-26.803
-20.579,-46.359,-1.9945,31.367,-13.764,-27.68,-6.0505,-53.208,-41.267,-37.129,-27.865,-29.375
-22.446,-48.392,-1.6498,33.184,-15.097,-28.897,-7.557,-54.776,-42.754,-38.228,-28.808,-31.621
-23.95,-50.075,-2.4437,34.805,-15.638,-30.073,-9.1798,-56.155,-43.981,-39.058,-29.513,-33.57
-24.912,-51.436,-4.1624,36.141,-15.307,-31.21,-10.917,-57.35,-44.979,-39.667,-30.041,-35.243
-25.253,-52.446,-6.4006,37.111,-14.225,-32.2,-12.737,-58.399,-45.8,-40.107,-30.433,-36.672
-25.067,-53.096,-8.643,37.71,-12.721,-32.92,-14.552,-59.341,-46.488,-40.421,-30.72,-37.893
-24.6,-53.454,-10.386,38.027,-11.246,-33.317,-16.207,-60.177,-47.052,-40.623,-30.912,-38.933
-24.171,-53.65,-11.263,38.207,-10.245,-33.439,-17.486,-60.817,-47.438,-40.698,-31.002,-39.799
-24.052,-53.823,-11.128,38.378,-10.037,-33.407,-18.146,-61.028,-47.511,-40.59,-30.972,-40.49
-24.39,-54.061,-10.075,38.603,-10.748,-33.355,-17.985,-60.406,-47.052,-40.204,-30.8,-41.008
-25.157,-54.374,-8.4203,38.849,-12.288,-33.369,-16.928,-58.444,-45.767,-39.399,-30.456,-41.354
-26.148,-54.686,-6.6853,38.995,-14.315,-33.472,-15.158,-55.111,-43.457,-37.986,-29.865,-41.486
-27.001,-54.853,-5.4933,38.841,-16.063,-33.64,-13.54,-55.99,-41.244,-35.839,-28.861,-41.272
-27.342,-54.675,-5.1728,38.082,-15.876,-33.823,-16.381,-85.106,-51.899,-34.066,-27.115,-40.449
-28.029,-53.873,-5.4723,36.35,-13.338,-33.948,-23.779,-95.032,-78.322,-45.475,-24.125,-38.678
-36.269,-52.041,-6.6522,34.508,-15.296,-33.9,-25.276,-101.33,-83.741,-69.937,-21.229,-36.218
-46.17,-49.276,-9.2494,43.165,-17.427,-33.525,-25.852,-107.92,-88.052,-73.289,-41.764,-43.301
-47.739,-56.647,-13.514,58.633,-14.856,-33.232,-24.38,-109.74,-89.275,-73.77,-50.271,-62.157
-42.66,-75.07,-21.124,59.295,-6.0239,-44.573,-19.049,-99.386,-81.356,-68.709,-50.105,-63.173
-28.903,-73.214,-39.685,52.087,11.709,-57.471,-8.3203,-69.874,-56.82,-52.441,-47.445,-61.688
-3.3482,-66.016,-67.265,36.877,40.535,-65.421,10.136,-14.51,-9.8972,-19.356,-38.311,-54.82
37.129,-53.501,-101.75,12.35,80.141,-74.727,38.887,75.34,62.038,33.428,-19.137,-39.172
92.903,-34.21,-137.1,-22.447,126.8,-81.446,80.175,206.01,162.5,108.04,13.056,-11.531
160.57,-5.5284,-164.03,-69.124,175.25,-78.028,134.83,374.26,297.34,210.46,63.943,34.295
235.89,37.689,-176.29,-130.02,219.23,-58.013,200.66,565.42,466.27,348.96,141.53,107.99
313.38,103.26,-166.97,-205.09,251.31,-19.765,271.51,755.76,658.3,525.27,255.46,219.41
387.09,200.6,-127.57,-290.9,264.32,38.811,336.74,916.44,856.52,734.5,411.02,373.22
450.35,328.29,-51.515,-384.21,252.35,132.13,383.22,1018.8,1041.8,966.55,605.66,566.07
495.57,473.77,62.07,-480.44,211.94,268.83,400.03,1040.6,1194.4,1204.7,827.51,785.46
514.26,627.76,206.22,-570.12,143.02,417.51,381.45,970.69,1295.1,1424.4,1054.4,1009.4
498.22,771.19,366.02,-639.35,49.666,566.76,327.97,809.99,1325.4,1592.8,1254.5,1206.7
442.18,879.14,520.72,-672.15,-59.199,695.12,245.29,569.77,1267.4,1670.7,1388.6,1339.6
346.82,927.23,646.66,-654.96,-169.98,779.34,141.37,268.98,1106.8,1619.4,1418.5,1371
220.38,898.74,722.61,-581.82,-266.97,801,23.488,-69.139,839.4,1414.2,1319.8,1276.8
77.841,791.41,736.62,-457.96,-337.34,753.08,-102.92,-419.86,478.34,1059.5,1093.6,1057.5
-62.665,620.92,690.96,-300.17,-375.76,644.55,-233.16,-757.7,57.778,595.86,772.07,742.76
-184.36,417.69,601.34,-132.79,-384.49,498.71,-360.97,-1056.2,-370.29,94.08,411.11,385.99
-275.02,217.23,490.13,19.308,-369.53,344.73,-476.77,-1289.4,-747.71,-364.72,73.64,49.165
-328.33,48.705,378.04,137.62,-337.69,207.31,-568.44,-1435.9,-1025.7,-713.56,-189.98,-215.95
-343.97,-72.459,278.79,213.37,-295.25,100.22,-624.7,-1484,-1177.6,-917.81,-355.57,-382.47
-327.57,-145.31,197.83,247.22,-247.09,26.587,-638.79,-1435.8,-1203.6,-979.52,-426.99,-452.4
-289.34,-178.83,135.15,246.87,-197,-18.31,-610.65,-1307.9,-1126.3,-928.35,-426.66,-448.71
-240.31,-184.95,88.072,223.88,-148.6,-43.278,-547.17,-1127,-981.03,-806.14,-382.14,-400.76
-189.11,-174.4,51.76,190.13,-105.44,-57.873,-460.56,-922.66,-804.92,-653.86,-317.38,-334.08
-141.55,-155.83,21.309,154.9,-70.227,-66.845,-364.79,-721.51,-628.85,-502.86,-250.07,-266.47
-102.26,-136.52,-3.7856,119.95,-43.552,-70.594,-272.41,-542.89,-473.46,-372.05,-191.52,-208.52
-72.767,-113.92,-19.742,79.845,-25.018,-70.566,-192.51,-397.64,-348.81,-269.85,-147.03,-164.51
-53.927,-70.493,-26.652,65.183,-13.871,-66.07,-129.8,-288.67,-256.98,-196.61,-116.31,-133.97
-44.292,-63.003,-27.084,61.118,-8.9192,-42.94,-84.68,-212.15,-194.22,-147.5,-93.59,-114.05
-39.985,-62.655,-21.877,57.774,-8.8522,-38.011,-54.325,-159.67,-152.48,-116.23,-77.405,-103.05
-38.006,-62.413,-14.306,53.905,-10.91,-37.789,-34.947,-124.14,-122.96,-95.183,-67.88,-95.064
-34.401,-61.596,-11.84,49.406,-10.554,-37.726,-22.482,-101.01,-101.37,-79.23,-60.066,-89.363
-28.52,-60.478,-11.505,45.295,-10.297,-37.609,-12.321,-86.101,-85.894,-66.534,-52.331,-86.928
-24.798,-59.375,-11.951,42.443,-10.561,-37.503,-7.8399,-77.708,-74.992,-56.117,-44.379,-83.202
-22.834,-58.447,-13,40.668,-10.411,-37.474,-6.1005,-70.513,-66.297,-47.713,-38.286,-74.283
-21.442,-57.73,-14.606,39.516,-9.6716,-37.562,-5.9188,-65.052,-59.292,-38.682,-34.504,-65.477
-20.242,-57.215,-16.614,38.717,-8.4764,-37.769,-9.3285,-57.139,-49.975,-31.491,-31.84,-59.136
-19.192,-56.864,-18.717,38.142,-7.0898,-38.054,-8.2648,-45.924,-40.455,-26.609,-29.669,-54.69
-18.332,-56.615,-20.509,37.71,-5.8267,-38.327,-2.9858,-39.573,-34.451,-22.658,-27.716,-51.328
-17.692,-56.379,-21.573,37.333,-4.9635,-38.469,0.77667,-35.553,-30.365,-19.126,-25.832,-48.51
-17.245,-56.065,-21.615,36.915,-4.6585,-38.36,3.4149,-32.373,-27.148,-15.738,-23.919,-45.92
-16.905,-55.608,-20.571,36.378,-4.9149,-37.93,5.4987,-29.471,-24.311,-12.311,-21.921,-43.405
-16.546,-54.981,-18.643,35.668,-5.5859,-37.179,7.2438,-26.609,-21.633,-8.7536,-19.831,-40.93
-16.03,-54.177,-16.24,34.758,-6.4214,-36.165,8.6733,-23.721,-19.032,-5.068,-17.688,-38.531
-15.233,-53.194,-13.865,33.627,-7.1321,-34.99,9.7531,-20.846,-16.505,-1.33,-15.556,-36.266
-14.065,-52.019,-11.983,32.246,-7.4439,-33.767,10.476,-18.061,-14.073,2.3547,-13.503,-34.174
-12.468,-50.628,-10.922,30.579,-7.148,-32.592,10.896,-15.424,-11.736,5.8985,-11.558,-32.252
-10.436,-48.985,-10.788,28.58,-6.1581,-31.508,11.116,-12.923,-9.4567,9.2693,-9.7047,-30.451
-8.0219,-47.041,-11.44,26.213,-4.5597,-30.493,11.256,-10.478,-7.1589,12.508,-7.8769,-28.698
-5.3496,-44.746,-12.497,23.474,-2.6128,-29.455,11.41,-7.9744,-4.7527,15.719,-5.9899,-26.921
-2.6024,-42.072,-13.428,20.412,-0.69691,-28.253,11.63,-5.3079,-2.1515,19.049,-3.9648,-25.063
0.0076055,-39.039,-13.704,17.143,0.80484,-26.739,11.923,-2.4078,0.72219,22.675,-1.7432,-23.09
2.3037,-35.727,-12.981,13.826,1.6388,-24.805,12.269,0.75362,3.9376,26.78,0.70892,-20.974
4.2266,-32.253,-11.222,10.597,1.7762,-22.439,12.632,4.1692,7.5735,31.527,3.4114,-18.679
5.8696,-28.732,-8.6957,7.507,1.4139,-19.745,12.977,7.7953,11.696,37,6.3666,-16.153
7.4157,-25.247,-5.8562,4.5059,0.8746,-16.934,13.273,11.544,16.315,43.129,9.5517,-13.332
9.0245,-21.852,-3.1668,1.5012,0.4707,-14.281,13.503,15.293,21.338,49.661,12.907,-10.161
10.767,-18.589,-0.94006,-1.5748,0.40025,-12.062,13.676,18.918,26.58,56.228,16.336,-6.6362
12.659,-15.479,0.75118,-4.7274,0.71278,-10.456,13.837,22.342,31.835,62.5,19.714,-2.8274
14.74,-12.494,2.0448,-7.9096,1.3543,-9.4717,14.053,25.557,36.98,68.324,22.934,1.1441
17.158,-9.5288,3.1508,-11.059,2.2846,-8.924,14.374,28.628,42.063,73.805,25.991,5.1807
20.168,-6.4223,4.1908,-14.129,3.5688,-8.5146,14.788,31.685,47.365,79.289,29.02,9.2795
23.979,-3.0163,5.1288,-17.11,5.3071,-7.9759,15.199,34.906,53.392,85.285,32.275,13.555
28.574,0.78808,5.751,-20.035,7.5602,-7.1991,15.451,38.506,60.781,92.234,36.096,18.215
33.793,5.0125,5.6019,-22.997,10.405,-6.25,15.38,42.731,70.053,100.32,40.889,23.521
39.647,9.6138,4.0602,-26.137,13.96,-5.2635,14.859,47.834,81.219,109.43,47.099,29.754
46.444,14.483,0.69614,-29.621,18.466,-4.3197,13.829,53.985,93.574,119.34,55.053,37.182
54.589,19.438,-4.4431,-33.611,24.241,-3.4243,12.308,61.152,106.1,129.88,64.646,45.995
64.306,24.262,-10.829,-38.247,31.461,-2.5807,10.395,69.071,118.13,140.87,75.189,56.195
75.485,28.808,-17.537,-43.654,40.051,-1.8139,8.247,77.356,129.5,152.23,85.809,67.514
87.658,33.068,-23.411,-49.944,49.661,-1.0892,6.0417,85.657,140.34,163.97,96.05,79.503
100.14,37.16,-27.335,-57.215,59.608,-0.25831,3.9588,93.756,150.91,176.24,106.01,91.751
112.29,41.269,-28.59,-65.551,68.871,0.88339,2.1678,101.55,161.42,189.27,116.08,104.05
123.55,45.576,-27.126,-74.994,76.371,2.4914,0.79234,108.99,172.08,203.26,126.65,116.37
133.51,50.207,-23.62,-85.465,81.491,4.5979,-0.17412,116.06,182.97,218.28,137.96,128.74
142.1,55.235,-19.304,-96.667,84.596,7.1073,-0.92646,122.79,194.13,234.26,150.06,141.18
149.89,60.763,-15.635,-108.14,87.217,9.8709,-1.7654,129.26,205.62,251.05,162.88,153.71
158.09,67.014,-13.843,-119.51,91.317,12.796,-2.9285,135.63,217.52,268.59,176.34,166.44
167.85,74.348,-14.665,-130.66,97.967,15.902,-4.492,142.03,229.93,286.92,190.43,179.65
179.61,83.116,-18.287,-141.67,106.91,19.255,-6.3735,148.55,242.92,306.15,205.29,193.73
192.92,93.417,-24.139,-152.63,117.1,22.844,-8.3897,155.15,256.43,326.31,221.08,209.1
206.84,104.95,-31.049,-163.5,127.36,26.538,-10.341,161.68,270.2,347.2,237.9,226.02
220.49,117.09,-37.748,-174.14,136.87,30.19,-12.094,167.93,283.85,368.36,255.59,244.3
233.31,129.18,-43.167,-184.42,145.15,33.756,-13.629,173.63,296.91,389.03,273.52,263.24
245,140.65,-46.452,-194.2,151.93,37.292,-15.023,178.62,308.93,408.42,290.76,281.84
255.27,151.1,-47.116,-203.34,156.98,40.876,-16.395,182.81,319.57,425.91,306.48,299.2
263.82,160.33,-45.238,-211.65,160.17,44.54,-17.827,186.26,328.67,441.25,320.27,314.81
270.47,168.34,-41.341,-218.97,161.49,48.255,-19.319,189.06,336.3,454.5,332.2,328.6
275.28,175.28,-36.11,-225.23,161.17,51.948,-20.789,191.35,342.68,465.93,342.55,340.72
278.56,181.39,-30.246,-230.49,159.59,55.542,-22.12,193.2,348.03,475.86,351.65,351.46
280.76,186.84,-24.454,-234.87,157.28,58.976,-23.236,194.64,352.49,484.53,359.75,361.02
282.39,191.75,-19.434,-238.56,154.96,62.183,-24.16,195.63,356.09,492.01,366.94,369.52
283.91,196.12,-15.788,-241.69,153.43,65.067,-25.033,196.07,358.74,498.23,373.18,376.97
285.65,199.84,-13.841,-244.33,153.19,67.524,-26.08,195.81,360.27,503.02,378.35,383.25
287.67,202.79,-13.536,-246.46,154.32,69.475,-27.511,194.7,360.43,506.18,382.3,388.15
289.82,204.8,-14.512,-247.96,156.5,70.896,-29.426,192.6,358.97,507.56,384.94,391.38
291.69,205.79,-16.221,-248.7,159.11,71.814,-31.746,189.45,355.65,506.93,386.12,392.61
292.68,205.75,-17.992,-248.51,161.29,72.294,-34.231,185.25,350.36,503.97,385.67,391.52
292.11,204.8,-19.092,-247.25,162.1,72.43,-36.582,180.13,343.17,498.39,383.37,387.94
289.29,203.1,-18.934,-244.78,160.71,72.325,-38.573,174.27,334.42,490.22,379.14,382.03
283.76,200.82,-17.331,-241.03,156.65,72.054,-40.122,167.9,324.54,479.84,373.08,374.24
275.4,198.05,-14.563,-235.96,149.91,71.636,-41.267,161.18,313.85,467.67,365.45,365.1
264.57,194.78,-11.204,-229.61,141.13,71.051,-42.094,154.19,302.52,454.05,356.51,354.99
252,190.97,-7.8669,-222.15,131.36,70.275,-42.653,146.9,290.54,439.15,346.44,344.08
238.52,186.58,-4.9741,-213.82,121.5,69.317,-42.884,139.23,277.82,423.03,335.27,332.34
224.8,181.59,-2.6323,-204.89,111.99,68.238,-42.597,131.07,264.33,405.77,322.97,319.64
211.22,175.88,-0.6473,-195.52,102.87,67.137,-41.556,122.37,250.15,387.47,309.51,305.91
197.82,169.22,1.3411,-185.66,93.939,66.128,-39.603,113.13,235.53,368.27,294.93,291.14
184.45,161.16,3.6766,-175.11,84.835,65.285,-36.713,103.43,220.76,348.34,279.36,275.47
170.91,151.17,6.5129,-163.64,75.195,64.586,-32.993,93.349,206.01,327.78,262.96,259.03
157.28,139.04,9.7146,-151.15,64.95,63.868,-28.662,83.046,191.31,306.58,245.85,241.92
143.91,125.24,12.894,-137.89,54.387,62.826,-24.027,72.734,176.56,284.67,228.09,224.21
131.21,110.97,15.556,-124.37,43.993,61.082,-19.41,62.709,161.68,262.09,209.78,206.07
119.31,97.487,17.27,-111,34.438,58.296,-15.078,53.275,146.66,239.14,191.22,187.91
107.96,85.422,17.799,-97.93,26.37,54.276,-11.197,44.625,131.6,216.44,172.91,170.27
96.584,74.689,17.15,-85.2,19.932,49.034,-7.846,36.772,116.59,194.67,155.47,153.61
84.539,64.839,15.516,-72.93,14.763,42.781,-5.0603,29.588,101.72,174.26,139.29,138.1
71.477,55.444,13.168,-61.34,10.434,35.871,-2.8491,22.906,87.16,155.36,124.42,123.66
57.678,46.274,10.365,-50.668,6.7203,28.709,-1.1947,16.577,73.322,137.87,110.64,110.08
44.222,37.294,7.3318,-41.092,3.5955,21.667,-0.056674,10.499,60.628,121.58,97.592,97.116
32.537,28.584,4.3154,-32.706,1.0956,15.047,0.63787,4.6286,49.217,106.17,84.876,84.519
23.465,20.241,1.6173,-25.49,-0.79277,9.0553,1.0047,-1.0056,38.973,91.171,72.158,72.115
16.895,12.282,-0.44849,-19.269,-2.1605,3.8024,1.1826,-6.319,29.726,76.104,59.261,59.865
12.208,4.6314,-1.619,-13.722,-3.1751,-0.65349,1.2932,-11.206,21.39,60.654,46.391,47.958
8.7492,-2.7615,-1.7126,-8.5112,-4.0465,-4.2705,1.4066,-15.585,13.962,45.079,34.276,36.794
6.001,-9.7986,-0.66694,-3.413,-4.9801,-7.0489,1.5394,-19.425,7.4637,30.453,23.813,26.806
3.5923,-16.238,1.4052,1.6007,-6.12,-9.0733,1.6811,-22.754,1.8778,18.097,15.378,18.219
1.2777,-21.811,4.2052,6.379,-7.5214,-10.499,1.8264,-25.633,-2.863,8.531,8.6731,10.996
-1.0951,-26.341,7.3117,10.688,-9.1647,-11.496,1.9927,-28.119,-6.8552,1.3511,3.211,4.9669
-3.6155,-29.806,10.278,14.35,-10.99,-12.215,2.2185,-30.247,-10.191,-4.1024,-1.3169,-0.033948
-6.3256,-32.328,12.726,17.337,-12.922,-12.782,2.5469,-32.023,-12.942,-8.3196,-5.0371,-4.1275
-9.2256,-34.112,14.409,19.758,-14.884,-13.303,3.0005,-33.447,-15.163,-11.596,-8.0201,-7.414
-12.274,-35.405,15.245,21.798,-16.795,-13.875,3.5623,-34.535,-16.913,-14.129,-10.359,-10.006
-15.385,-36.475,15.3,23.66,-18.56,-14.58,4.1739,-35.331,-18.262,-16.081,-12.187,-12.041
-18.412,-37.582,14.723,25.51,-20.046,-15.489,4.7537,-35.901,-19.296,-17.604,-13.652,-13.671
-21.138,-38.904,13.693,27.424,-21.081,-16.626,5.2258,-36.322,-20.105,-18.833,-14.89,-15.04
-23.286,-40.468,12.389,29.339,-21.488,-17.925,5.5442,-36.656,-20.766,-19.872,-15.996,-16.249
-24.592,-42.131,10.976,31.072,-21.155,-19.24,5.7036,-36.947,-21.334,-20.784,-17.012,-17.346
-24.904,-43.687,9.5912,32.418,-20.101,-20.419,5.7338,-37.22,-21.841,-21.6,-17.937,-18.327
-24.278,-44.986,8.3226,33.261,-18.515,-21.388,5.6799,-37.489,-22.301,-22.327,-18.752,-19.164
-23.001,-45.994,7.2259,33.635,-16.745,-22.171,5.5783,-37.772,-22.728,-22.972,-19.444,-19.837
-21.553,-46.767,6.3889,33.699,-15.234,-22.833,5.436,-38.097,-23.15,-23.556,-20.028,-20.358
-20.479,-47.394,5.9419,33.669,-14.4,-23.44,5.2293,-38.499,-23.611,-24.12,-20.544,-20.782
-20.216,-47.959,5.9539,33.747,-14.513,-24.04,4.9258,-39,-24.155,-24.714,-21.042,-21.183
-20.929,-48.519,6.3255,34.053,-15.589,-24.676,4.5157,-39.585,-24.804,-25.369,-21.551,-21.611
-22.446,-49.085,6.7814,34.585,-17.345,-25.387,4.0298,-40.196,-25.534,-26.077,-22.065,-22.065
-24.32,-49.632,6.9312,35.233,-19.248,-26.196,3.5287,-40.744,-26.283,-26.802,-22.551,-22.497
-25.981,-50.109,6.3748,35.832,-20.654,-27.094,3.0707,-41.156,-26.989,-27.499,-22.98,-22.843
-26.897,-50.45,4.8414,36.212,-21.002,-28.035,2.6791,-41.404,-27.617,-28.143,-23.344,-23.068
-26.715,-50.601,2.3023,36.241,-19.986,-28.945,2.3336,-41.52,-28.172,-28.735,-23.664,-23.175
-25.355,-50.536,-0.98696,35.862,-17.665,-29.732,1.9927,-41.571,-28.684,-29.296,-23.973,-23.211
-23.042,-50.275,-4.5275,35.118,-14.453,-30.302,1.6304,-41.623,-29.185,-29.846,-24.3,-23.241
-20.256,-49.871,-7.6895,34.141,-11.019,-30.582,1.2656,-41.708,-29.682,-30.394,-24.648,-23.318
-17.591,-49.391,-9.8709,33.114,-8.0988,-30.536,0.97421,-41.801,-30.153,-30.923,-24.993,-23.459
-15.585,-48.889,-10.658,32.213,-6.2901,-30.176,0.86958,-41.834,-30.554,-31.401,-25.293,-23.641
-14.567,-48.401,-9.9449,31.564,-5.9041,-29.553,1.0558,-41.727,-30.838,-31.787,-25.507,-23.817
-14.572,-47.938,-7.9789,31.196,-6.8872,-28.75,1.576,-41.426,-30.971,-32.048,-25.609,-23.933
-15.337,-47.481,-5.311,31.037,-8.8319,-27.865,2.3864,-40.919,-30.95,-32.166,-25.597,-23.946
-16.41,-46.995,-2.639,30.945,-11.097,-26.988,3.3698,-40.241,-30.792,-32.145,-25.49,-23.838
-17.337,-46.448,-0.58161,30.781,-13.023,-26.185,4.3814,-39.455,-30.532,-32.004,-25.317,-23.611
-17.84,-45.825,0.5288,30.47,-14.15,-25.478,5.3049,-38.625,-30.204,-31.769,-25.102,-23.284
-17.863,-45.134,0.73785,30.019,-14.338,-24.849,6.0923,-37.798,-29.828,-31.465,-24.857,-22.875
-17.527,-44.41,0.39705,29.508,-13.794,-24.255,6.7697,-36.994,-29.411,-31.112,-24.583,-22.405
-17.071,-43.716,-0.019742,29.048,-12.967,-23.669,7.4076,-36.22,-28.961,-30.73,-24.281,-21.899
-16.756,-43.124,-0.097895,28.726,-12.34,-23.096,8.0719,-35.486,-28.505,-30.352,-23.965,-21.4
-16.782,-42.684,0.41251,28.571,-12.256,-22.568,8.7901,-34.808,-28.085,-30.02,-23.67,-20.966
-17.223,-42.394,1.5698,28.545,-12.861,-22.113,9.5479,-34.198,-27.741,-29.773,-23.435,-20.657
-18.007,-42.182,3.2517,28.563,-14.09,-21.715,10.308,-33.64,-27.481,-29.623,-23.284,-20.511
-18.941,-41.927,5.181,28.515,-15.681,-21.311,11.029,-33.085,-27.271,-29.547,-23.221,-20.524
-19.772,-41.508,6.9758,28.32,-17.23,-20.822,11.672,-32.465,-27.037,-29.492,-23.228,-20.65
-20.281,-40.855,8.2331,27.955,-18.306,-20.193,12.206,-31.699,-26.693,-29.391,-23.277,-20.814
-20.331,-39.957,8.6345,27.472,-18.551,-19.385,12.615,-30.727,-26.165,-29.182,-23.339,-20.932
-19.88,-38.841,8.0598,26.95,-17.772,-18.356,12.92,-29.516,-25.414,-28.819,-23.379,-20.941
-18.958,-37.525,6.6801,26.438,-16.008,-17.035,13.189,-28.07,-24.44,-28.278,-23.361,-20.805
-17.673,-35.993,4.9668,25.917,-13.557,-15.354,13.524,-26.413,-23.27,-27.548,-23.246,-20.514
-16.227,-34.197,3.5548,25.312,-10.947,-13.307,14.045,-24.569,-21.936,-26.626,-22.986,-20.07
-14.913,-32.101,3.0169,24.534,-8.8436,-11.005,14.858,-22.551,-20.464,-25.514,-22.536,-19.479
-14.059,-29.712,3.7404,23.515,-7.8842,-8.6245,16.046,-20.358,-18.865,-24.219,-21.86,-18.742
-13.922,-27.067,5.9635,22.22,-8.5141,-6.2799,17.665,-17.968,-17.136,-22.752,-20.941,-17.86
-14.574,-24.192,9.8735,20.632,-10.897,-3.9332,19.765,-15.345,-15.263,-21.125,-19.786,-16.838
-15.858,-21.051,15.544,18.741,-14.847,-1.4255,22.412,-12.436,-13.219,-19.347,-18.418,-15.683
-17.418,-17.564,22.598,16.54,-19.768,1.4094,25.684,-9.183,-10.971,-17.423,-16.863,-14.403
-18.797,-13.671,30.022,14.048,-24.733,4.6369,29.626,-5.541,-8.4858,-15.347,-15.142,-12.999
-19.544,-9.3846,36.488,11.323,-28.688,8.1921,34.159,-1.4828,-5.73,-13.104,-13.252,-11.441
-19.291,-4.8014,40.887,8.4545,-30.682,11.925,38.991,3.0005,-2.6706,-10.655,-11.153,-9.6617
-17.817,-0.069471,42.597,5.5483,-30.103,15.661,43.686,7.8956,0.71947,-7.9455,-8.7706,-7.5609
-15.136,4.6344,41.499,2.7235,-26.89,19.251,47.922,13.142,4.4336,-4.9265,-6.0219,-5.0449
-11.565,9.1228,38.007,0.12539,-21.602,22.605,51.692,18.594,8.3911,-1.5991,-2.871,-2.0862
-7.6693,13.231,33.183,-2.0893,-15.251,25.732,55.291,24.007,12.41,1.9416,0.61467,1.2303
-4.0894,16.866,28.648,-3.8053,-9.0385,28.73,59.193,29.052,16.224,5.4949,4.2451,4.7043
-1.3748,20.032,25.958,-5.0032,-4.1378,31.725,63.948,33.373,19.531,8.7848,7.7484,8.065
0.10473,22.809,25.817,-5.7756,-1.4541,34.797,70.067,36.671,22.071,11.524,10.855,11.048
0.18111,25.3,28.144,-6.2891,-1.4079,37.938,77.627,38.796,23.698,13.492,13.38,13.471
-1.1003,27.586,32.687,-6.7068,-3.8779,41.064,85.688,39.802,24.424,14.603,15.27,15.282
-3.4998,29.703,39.042,-7.1157,-8.2646,44.05,92.475,39.904,24.406,14.934,16.597,16.552
-6.6653,31.662,46.537,-7.5086,-13.698,46.787,96.243,39.321,23.87,14.684,17.51,17.424
-10.215,33.491,54.421,-7.8406,-19.418,49.242,95.826,38.112,22.995,14.076,18.156,18.042
-13.781,35.271,62.118,-8.1159,-24.868,51.479,90.762,36.174,21.855,13.28,18.628,18.5
-17.025,37.138,69.026,-8.4367,-29.586,53.613,81.188,33.392,20.445,12.375,18.96,18.839
-19.618,39.223,74.348,-8.9877,-33.156,55.708,67.835,29.75,18.733,11.377,19.143,19.057
-21.217,41.585,77.418,-9.963,-35.243,57.718,52.093,25.319,16.698,10.266,19.143,19.135
-21.528,44.165,78.117,-11.476,-35.695,59.53,35.785,20.211,14.335,9.0142,18.93,19.048
-20.414,46.813,76.934,-13.507,-34.592,61.05,20.628,14.549,11.654,7.603,18.495,18.79
-17.961,49.337,74.589,-15.914,-32.202,62.264,7.8031,8.4779,8.6762,6.0379,17.871,18.377
-14.449,51.551,71.705,-18.48,-28.922,63.236,-2.0378,2.1647,5.4317,4.3334,17.111,17.835
-10.283,53.318,68.811,-20.974,-25.22,64.055,-8.5483,-4.2058,1.9587,2.4982,16.263,17.159
-5.8941,54.606,66.398,-23.219,-21.584,64.779,-11.713,-10.432,-1.6801,0.53694,15.342,16.303
-1.6497,55.534,64.822,-25.154,-18.427,65.401,-12.282,-16.289,-5.374,-1.5244,14.326,15.197
2.2157,56.312,64.079,-26.83,-15.976,65.79,-11.888,-21.535,-8.9601,-3.6143,13.192,13.808
5.5979,57.043,63.614,-28.332,-14.208,65.646,-11.883,-25.963,-12.26,-5.6348,11.941,12.169
8.4496,57.512,62.312,-29.665,-12.878,64.508,-12.426,-29.47,-15.133,-7.4919,10.601,10.373
10.692,57.18,58.918,-30.704,-11.649,61.912,-13.196,-32.094,-17.518,-9.1339,9.2056,8.5319
12.203,55.478,52.761,-31.219,-10.269,57.609,-14.014,-33.986,-19.443,-10.559,7.7855,6.7329
12.918,52.109,44.198,-30.974,-8.6685,51.633,-14.778,-35.345,-20.996,-11.8,6.3519,5.0229
12.929,47.129,34.204,-29.796,-6.8956,44.224,-15.359,-36.356,-22.284,-12.9,4.896,3.4058
12.433,40.806,23.691,-27.621,-4.9731,35.755,-15.663,-37.162,-23.404,-13.902,3.389,1.8475
11.567,33.464,13.355,-24.495,-2.9119,26.666,-15.672,-37.848,-24.429,-14.837,1.7905,0.28416
10.348,25.365,3.7923,-20.552,-0.84603,17.402,-15.394,-38.461,-25.402,-15.731,0.05718,-1.3652
8.7321,16.677,-4.368,-15.956,0.91326,8.3681,-14.83,-39.025,-26.342,-16.611,-1.8449,-3.1737
6.6522,7.504,-10.394,-10.825,1.9549,-0.031371,-13.985,-39.562,-27.261,-17.506,-3.93,-5.1869
4.0354,-2.0036,-13.584,-5.2133,1.8915,-7.3801,-12.911,-40.104,-28.171,-18.452,-6.1891,-7.4048
0.83936,-11.514,-13.622,0.82142,0.48385,-13.319,-11.725,-40.691,-29.092,-19.48,-8.5845,-9.7806
-2.871,-20.471,-10.904,7.0944,-2.2186,-17.642,-10.571,-41.368,-30.058,-20.613,-11.059,-12.242
-6.8749,-28.245,-6.4797,13.232,-5.7731,-20.385,-9.5659,-42.175,-31.108,-21.856,-13.552,-14.724
-10.831,-34.433,-1.6972,18.777,-9.4298,-21.899,-8.7723,-43.131,-32.275,-23.197,-16.01,-17.186
-14.391,-39.041,2.1622,23.405,-12.434,-22.747,-8.1701,-44.216,-33.561,-24.595,-18.385,-19.601
-17.337,-42.397,4.2225,27.051,-14.333,-23.477,-7.6651,-45.364,-34.925,-25.987,-20.627,-21.934
-19.673,-44.911,4.2536,29.868,-15.108,-24.446,-7.1438,-46.475,-36.287,-27.302,-22.683,-24.138
-21.604,-46.91,2.6712,32.105,-15.123,-25.764,-6.5509,-47.46,-37.568,-28.49,-24.514,-26.167
-23.428,-48.592,0.32951,33.998,-14.967,-27.335,-5.934,-48.289,-38.725,-29.544,-26.109,-27.994
-25.398,-50.051,-1.7966,35.697,-15.226,-28.953,-5.4264,-48.996,-39.768,-30.486,-27.483,-29.622
-27.604,-51.308,-2.9397,37.24,-16.263,-30.394,-5.1891,-49.666,-40.747,-31.356,-28.668,-31.074
-29.916,-52.35,-2.7732,38.567,-18.107,-31.487,-5.3486,-50.409,-41.725,-32.182,-29.695,-32.381
-31.994,-53.143,-1.4722,39.561,-20.431,-32.155,-5.958,-51.312,-42.751,-32.975,-30.586,-33.568
-33.376,-53.667,0.38247,40.108,-22.595,-32.44,-6.976,-52.416,-43.837,-33.723,-31.352,-34.646
-33.63,-53.942,1.9639,40.161,-23.819,-32.493,-8.2534,-53.661,-44.939,-34.388,-31.986,-35.604
-32.521,-54.04,2.3777,39.767,-23.451,-32.521,-9.5299,-54.824,-45.921,-34.901,-32.469,-36.412
-30.101,-54.069,0.9013,39.057,-21.181,-32.73,-10.449,-55.468,-46.539,-35.154,-32.77,-37.017
-26.673,-54.129,-2.7632,38.184,-17.141,-33.293,-10.604,-54.978,-46.455,-34.989,-32.853,-37.355
-22.698,-54.253,-8.3598,37.251,-11.866,-34.285,-9.6808,-52.75,-45.308,-34.202,-32.67,-37.36
-18.7,-54.372,-15.194,36.255,-6.0863,-35.636,-7.8193,-49.422,-43.09,-32.564,-32.147,-36.942
-15.128,-54.315,-22.346,35.049,-0.34089,-37.134,-7.3475,-60.328,-43.619,-30.293,-31.146,-35.954
-12.084,-53.823,-28.651,33.258,5.6223,-38.481,-18.01,-89.96,-69.034,-33.597,-29.436,-34.148
-10.187,-52.539,-32.596,30.332,12.033,-39.356,-22.67,-96.097,-82.028,-63.314,-27.241,-31.381
-19.965,-49.976,-33.243,28.45,11.529,-39.454,-24.647,-103.18,-86.945,-72.091,-34.311,-31.56
-33.663,-47.423,-32.062,43.811,5.3417,-38.533,-25.48,-108.59,-90.723,-73.772,-52.315,-54.772
-37.764,-62.718,-31.541,56.361,1.282,-37.068,-22.995,-106.23,-88.902,-71.835,-53.189,-60.785
-34.459,-75.898,-31.497,55.101,1.9378,-47.007,-15.302,-88.598,-74.753,-61.676,-52.306,-60.268
-21.897,-71.97,-36.748,45.718,10.137,-58.36,0.078689,-47.224,-40.856,-37.373,-47.685,-56.19
2.5619,-62.95,-56.209,26.98,29.289,-63.743,26.653,28.121,18.755,6.4145,-35.758,-44.971
42.931,-48.243,-84.514,-1.9092,62.442,-71.014,67.477,144.72,108.97,72.941,-12.473,-22.649
102.57,-26.099,-118.47,-41.632,109.33,-76.735,123.06,301.79,233.78,166.86,26.939,15.734
177.67,7.6574,-150.85,-94.765,162.44,-74.029,190.44,488.51,391.99,293.73,90.655,78.458
260.42,60.582,-173.78,-164.01,213.92,-55.236,262.92,684.35,575.22,454.88,187.07,173.9
344.16,142.06,-175.95,-248.34,255.07,-14.098,330.7,861.67,769.35,647.03,321.01,306.43
421.65,257.32,-145.72,-342.82,277.33,53.473,382.08,990.33,957.39,863.37,492.76,476.23
484.79,397.34,-75.279,-441.9,273.68,155.34,405.84,1043.9,1121.5,1092.3,695.96,677.27
525.35,549.87,35.688,-537.23,240.1,293.23,394.31,1005.8,1243.6,1315.2,915.12,894.3
534.94,700.71,179.14,-616.61,176.04,441.91,345.79,872.08,1304.8,1503.9,1124.2,1101.5
505.86,827.5,340.33,-665.39,84.581,586.07,264.91,652,1286.5,1621.7,1288.2,1264
433.71,905.27,496.84,-668.95,-26.116,702.71,160.21,364.5,1172.4,1628.9,1368.8,1343.8
320.57,912.75,623.09,-617.25,-142.24,768.31,40.449,33.41,952.93,1493.9,1334.8,1309.9
177.15,839.9,696.65,-509.9,-246.88,767.03,-87.567,-316.42,632.73,1207.3,1174,1150.6
22.312,693.81,706.23,-359.22,-325.61,697.31,-218.5,-660.02,236.45,792.77,902.15,881.56
-122.01,499.02,656.5,-188.49,-371.76,573.87,-346.25,-971.5,-190.69,307.63,562.55,545.43
-237.72,290.67,565.49,-25.139,-386.51,423.02,-462.16,-1224.7,-591.25,-170.82,214.26,200.5
-314.61,102.97,455.97,107.99,-375.12,273.2,-555.28,-1396.7,-910.76,-568.1,-85.84,-97.033
-350.74,-40.763,347.78,198.41,-343.99,146.1,-614.99,-1473.6,-1112.7,-834.17,-299.41,-309.11
-350.14,-132.27,253.73,244.65,-299.65,52.618,-634.38,-1454,-1186.7,-954.4,-414.44,-423.58
-320.66,-176.95,177.63,253.37,-248.08,-6.5221,-612.41,-1350.1,-1147.6,-947.05,-442.91,-452.12
-272.53,-188.01,117.3,235.43,-194.12,-39.19,-554.08,-1184.7,-1027.4,-850.82,-411.5,-421.05
-216.62,-179.26,70.29,202.69,-142,-55.909,-470.2,-986.03,-863.67,-709.2,-349.52,-359.41
-162.26,-161.22,34.369,165.71,-96.226,-64.935,-375.08,-781.74,-690.11,-558.6,-280.09,-290.34
-115.83,-141.27,6.8714,131.49,-60.728,-69.246,-282.19,-594.5,-530.21,-423.03,-217.75,-228.47
-80.677,-122.12,-12.576,97.907,-35.881,-70.007,-200.95,-438.56,-396.31,-313.42,-168.57,-179.92
-58.068,-78.318,-22.755,74.532,-20.064,-67.725,-136.11,-319.03,-292.27,-230.6,-132.17,-144.4
-46.393,-63.213,-25.69,65.801,-11.857,-45.772,-88.182,-233.01,-216.81,-170.88,-105.55,-118.93
-41.244,-62.475,-23.284,61.001,-9.6232,-36.852,-54.072,-173.26,-165.42,-130.71,-86.229,-101.51
-39.7,-62.187,-14.503,56.856,-11.545,-36.97,-31.322,-132.71,-130.92,-105.08,-74.345,-91.31
-38.864,-61.047,-10.144,51.546,-13.479,-37.288,-17.645,-106.13,-106.78,-86.899,-66.176,-84.242
-33.031,-59.42,-10.06,45.681,-11.927,-37.409,-8.7938,-88.939,-89.628,-72.91,-58.801,-78.998
-26.006,-57.786,-11.192,41.312,-10.59,-37.42,-5.3988,-80.315,-78.51,-61.647,-51.215,-74.017
-21.743,-56.382,-13.008,38.461,-9.1579,-37.423,-4.7989,-72.691,-69.258,-52.62,-43.477,-64.447
-18.498,-55.255,-15.323,36.389,-7.1657,-37.466,-5.6703,-66.964,-62.012,-44.963,-38.279,-54.859
-15.512,-54.361,-17.843,34.697,-4.7677,-37.524,-9.4207,-61.262,-54.037,-39.133,-35.533,-48.821
-12.714,-53.618,-20.144,33.23,-2.319,-37.517,-10.086,-52.546,-45.126,-35.586,-33.833,-45.227
-10.235,-52.945,-21.794,31.94,-0.22261,-37.353,-5.7573,-46.619,-39.57,-32.859,-32.541,-42.919
-8.2278,-52.292,-22.495,30.831,1.1945,-36.978,-2.6142,-42.901,-35.858,-30.561,-31.379,-41.252
-6.7737,-51.648,-22.195,29.921,1.7934,-36.399,-0.19968,-40.08,-32.977,-28.521,-30.205,-39.88
-5.8401,-51.029,-21.103,29.2,1.6651,-35.681,1.9691,-37.644,-30.482,-26.611,-28.95,-38.622
-5.3125,-50.444,-19.591,28.617,1.0668,-34.913,4.0466,-35.339,-28.129,-24.728,-27.584,-37.384
-5.0653,-49.876,-18.022,28.09,0.28873,-34.17,6.043,-33.017,-25.76,-22.783,-26.093,-36.098
-5.016,-49.283,-16.621,27.541,-0.47213,-33.485,7.9496,-30.571,-23.262,-20.694,-24.456,-34.694
-5.1208,-48.603,-15.443,26.906,-1.1631,-32.846,9.7935,-27.905,-20.548,-18.389,-22.626,-33.088
-5.344,-47.776,-14.403,26.128,-1.8428,-32.214,11.631,-24.94,-17.558,-15.811,-20.538,-31.199
-5.6331,-46.744,-13.335,25.148,-2.6154,-31.529,13.505,-21.633,-14.281,-12.945,-18.125,-28.984
-5.918,-45.458,-12.046,23.911,-3.5658,-30.728,15.401,-18,-10.77,-9.8336,-15.357,-26.449
-6.1072,-43.893,-10.397,22.387,-4.7053,-29.761,17.25,-14.121,-7.1403,-6.5771,-12.283,-23.654
-6.0699,-42.061,-8.3945,20.574,-5.9176,-28.621,18.981,-10.116,-3.5133,-3.3026,-9.0341,-20.693
-5.6235,-40.03,-6.2281,18.498,-6.9462,-27.364,20.556,-6.0912,0.037353,-0.11014,-5.7813,-17.664
-4.5687,-37.92,-4.2214,16.204,-7.4533,-26.097,21.963,-2.1109,3.5138,2.9699,-2.6595,-14.632
-2.7677,-35.85,-2.7058,13.733,-7.1558,-24.913,23.176,1.8087,6.9864,5.9867,0.28654,-11.606
-0.21848,-33.866,-1.8921,11.116,-5.9504,-23.832,24.145,5.6883,10.57,9.0532,3.0968,-8.5487
2.9303,-31.899,-1.812,8.3563,-3.9564,-22.79,24.82,9.587,14.415,12.324,5.8567,-5.382
6.4326,-29.783,-2.3496,5.449,-1.4473,-21.684,25.18,13.597,18.676,15.98,8.6543,-2.01
10.019,-27.337,-3.331,2.3996,1.2727,-20.439,25.234,17.813,23.525,20.214,11.562,1.6675
13.449,-24.443,-4.6096,-0.76184,3.9587,-19.058,25.012,22.313,29.13,25.221,14.625,5.7378
16.573,-21.106,-6.0951,-3.9957,6.4519,-17.644,24.543,27.133,35.632,31.185,17.868,10.263
19.386,-17.448,-7.7096,-7.2846,8.6857,-16.395,23.859,32.263,43.094,38.234,21.306,15.272
22.098,-13.628,-9.3073,-10.654,10.716,-15.524,22.998,37.633,51.453,46.357,24.957,20.745
25.182,-9.7235,-10.631,-14.153,12.763,-15.125,21.992,43.108,60.44,55.318,28.828,26.604
29.363,-5.6688,-11.369,-17.811,15.174,-15.07,20.851,48.513,69.66,64.693,32.89,32.717
35.383,-1.3275,-11.31,-21.618,18.196,-15.064,19.584,53.703,78.763,74.06,37.092,38.943
43.305,3.3718,-10.457,-25.598,21.697,-14.807,18.237,58.647,87.62,83.211,41.456,45.231
52.169,8.3529,-9.0391,-29.874,25.433,-14.139,16.889,63.483,96.357,92.191,46.164,51.709
60.999,13.414,-7.5244,-34.574,29.551,-13.066,15.604,68.483,105.25,101.26,51.566,58.702
69.534,18.318,-6.6206,-39.629,34.317,-11.728,14.411,73.983,114.54,110.75,58.109,66.653
77.979,22.901,-7.1668,-44.765,39.777,-10.324,13.304,80.28,124.4,121.01,66.167,75.961
86.806,27.136,-9.8319,-49.823,46.09,-9.0351,12.244,87.525,134.84,132.31,75.79,86.763
96.554,31.163,-14.751,-55.053,53.677,-7.932,11.16,95.61,145.82,144.77,86.559,98.806
107.61,35.249,-21.388,-61.123,62.835,-6.9054,9.9612,104.16,157.24,158.37,97.863,111.59
120,39.708,-28.609,-68.944,73.368,-5.6554,8.573,112.72,169.01,172.93,109.38,124.65
133.14,44.818,-34.963,-79.301,84.389,-3.7771,6.9685,120.92,181.07,188.32,121.16,137.74
145.78,50.791,-39.123,-92.05,94.424,-0.92807,5.1832,128.63,193.37,204.45,133.25,150.75
156.55,57.821,-40.325,-105.59,102.08,2.9854,3.3128,135.84,205.88,221.18,145.68,163.75
164.77,66.075,-38.618,-118.02,106.76,7.7074,1.4902,142.59,218.5,238.4,158.48,176.98
170.95,75.552,-34.84,-128.83,109.07,12.719,-0.15524,148.91,231.14,256.06,171.78,190.73
176.67,85.983,-30.296,-138.71,110.48,17.508,-1.5438,154.82,243.69,274.17,185.71,205.29
183.68,97.009,-26.248,-148.58,112.67,21.855,-2.6935,160.31,256.05,292.78,200.32,220.74
193.14,108.48,-23.519,-159.05,116.7,25.916,-3.7639,165.4,268.15,311.87,215.54,237.01
205.12,120.49,-22.414,-170.3,122.52,30.078,-5.0338,170.11,279.91,331.35,231.25,253.8
218.74,132.97,-22.81,-182.06,129.46,34.661,-6.7816,174.49,291.29,351.02,247.33,270.76
232.77,145.44,-24.274,-193.74,136.8,39.654,-9.151,178.59,302.27,370.63,263.6,287.48
246.18,157.12,-26.219,-204.69,144.05,44.695,-12.099,182.42,312.79,389.79,279.79,303.6
258.3,167.39,-28.113,-214.44,150.79,49.328,-15.443,185.93,322.7,408.04,295.51,318.8
268.79,176.05,-29.621,-222.82,156.66,53.273,-18.945,188.98,331.77,424.91,310.33,332.82
277.52,183.25,-30.558,-229.86,161.42,56.503,-22.374,191.44,339.73,440.01,323.87,345.5
284.43,189.25,-30.778,-235.7,165,59.168,-25.538,193.19,346.36,453.12,335.94,356.76
289.55,194.28,-30.16,-240.46,167.35,61.487,-28.325,194.19,351.56,464.2,346.45,366.6
292.92,198.43,-28.665,-244.18,168.4,63.66,-30.761,194.45,355.34,473.3,355.38,374.99
294.58,201.72,-26.341,-246.88,168.04,65.809,-33.004,193.99,357.76,480.49,362.7,381.96
294.77,204.15,-23.346,-248.63,166.34,67.947,-35.252,192.84,358.91,485.86,368.47,387.55
293.91,205.8,-19.977,-249.6,163.71,69.978,-37.588,191,358.83,489.48,372.82,391.85
292.49,206.77,-16.648,-250.01,160.75,71.742,-39.909,188.44,357.5,491.39,375.85,394.88
290.89,207.19,-13.789,-250.01,158.02,73.078,-42.013,185.17,354.84,491.55,377.56,396.57
289.34,207.16,-11.716,-249.71,155.88,73.886,-43.733,181.19,350.76,489.85,377.81,396.75
288,206.79,-10.569,-249.17,154.5,74.159,-45.001,176.53,345.18,486.09,376.28,395.2
286.9,206.15,-10.32,-248.4,153.88,73.982,-45.84,171.25,338.13,480.09,372.72,391.77
285.86,205.26,-10.804,-247.31,153.76,73.499,-46.33,165.39,329.71,471.81,366.99,386.46
284.42,204.11,-11.767,-245.73,153.63,72.866,-46.582,159,320.1,461.32,359.18,379.41
281.78,202.63,-12.893,-243.35,152.68,72.192,-46.679,152.11,309.51,448.85,349.57,370.87
277.03,200.7,-13.818,-239.8,150.11,71.53,-46.631,144.75,298.12,434.68,338.48,361.08
269.44,198.14,-14.112,-234.65,145.53,70.898,-46.358,136.94,286.04,419.11,326.23,350.21
258.77,194.72,-13.337,-227.57,138.99,70.324,-45.726,128.67,273.3,402.43,313.01,338.35
245.34,190.14,-11.156,-218.46,130.6,69.859,-44.585,119.9,259.92,384.89,298.94,325.5
229.82,184.08,-7.4287,-207.5,120.44,69.567,-42.8,110.63,245.99,366.7,284.11,311.69
213.08,176.29,-2.2802,-195.18,108.79,69.472,-40.274,100.89,231.7,347.99,268.6,297.03
196.11,166.78,3.8886,-182.14,96.162,69.512,-36.983,90.858,217.27,328.83,252.48,281.66
179.67,155.86,10.502,-169.03,83.161,69.492,-33.009,80.809,202.94,309.23,235.87,265.73
164.08,143.99,16.929,-156.24,70.17,69.09,-28.556,71.08,188.79,289.17,218.88,249.36
149.18,131.49,22.536,-143.83,57.369,67.911,-23.903,61.973,174.83,268.76,201.75,232.68
134.53,118.54,26.754,-131.56,44.891,65.614,-19.302,53.67,161.02,248.2,184.78,215.83
119.69,105.35,29.202,-119.03,32.908,62.034,-14.902,46.199,147.32,227.84,168.33,199.07
104.41,92.266,29.73,-105.82,21.678,57.243,-10.736,39.461,133.71,208.03,152.69,182.69
88.606,79.709,28.351,-91.593,11.819,51.496,-6.7894,33.29,120.13,189.05,138.02,166.97
72.372,68.032,25.193,-76.43,4.513,45.12,-3.0677,27.522,106.54,171.03,124.26,152.08
56.121,57.369,20.533,-61.388,0.60674,38.412,0.38526,22.027,92.966,153.99,111.19,138.08
41.394,47.648,14.878,-48.286,-0.40962,31.606,3.5045,16.737,79.637,137.89,98.446,124.89
30.491,38.672,9.0517,-38.263,0.18907,24.922,6.2417,11.639,67.001,122.67,85.714,112.3
23.773,30.185,4.0972,-31.013,1.1996,18.582,8.5689,6.7659,55.531,108.15,72.946,100.13
19.646,21.949,0.9139,-25.484,1.769,12.783,10.449,2.1667,45.464,94.059,60.521,88.21
16.603,13.848,-0.1411,-20.718,1.4689,7.6511,11.826,-2.1297,36.732,80.128,49.073,76.574
13.892,5.9914,0.62822,-16.183,0.28525,3.2398,12.657,-6.1296,29.099,66.274,39.078,65.392
11.282,-1.3178,2.4586,-11.762,-1.4958,-0.48811,12.949,-9.8579,22.334,52.812,30.643,54.946
8.7669,-7.7875,4.483,-7.5774,-3.4711,-3.6814,12.782,-13.327,16.288,40.414,23.572,45.508
6.39,-13.33,6.0478,-3.7573,-5.293,-6.5535,12.304,-16.522,10.885,29.742,17.543,37.212
4.1528,-18.047,6.8716,-0.30535,-6.7848,-9.2504,11.694,-19.416,6.0769,21.036,12.264,30.014
1.9895,-22.083,7.0271,2.8826,-7.98,-11.754,11.108,-21.993,1.814,14.085,7.5554,23.757
-0.20143,-25.512,6.7999,5.9256,-9.0586,-13.917,10.641,-24.267,-1.9634,8.4951,3.3331,18.268
-2.485,-28.351,6.4932,8.881,-10.184,-15.586,10.308,-26.281,-5.3223,3.9048,-0.44367,13.401
-4.822,-30.618,6.2341,11.725,-11.341,-16.702,10.066,-28.096,-8.3268,0.050512,-3.8138,9.0438
-7.0579,-32.387,5.8789,14.381,-12.291,-17.358,9.8358,-29.762,-11.023,-3.2425,-6.8202,5.1209
-8.9765,-33.817,5.1035,16.78,-12.696,-17.796,9.5363,-31.304,-13.426,-6.0814,-9.4972,1.5915
-10.384,-35.145,3.6151,18.894,-12.341,-18.364,9.1236,-32.712,-15.529,-8.5278,-11.862,-1.5532
-11.194,-36.608,1.3452,20.743,-11.267,-19.39,8.6202,-33.965,-17.322,-10.621,-13.924,-4.3109
-11.484,-38.326,-1.4107,22.37,-9.7885,-20.981,8.1056,-35.052,-18.817,-12.403,-15.701,-6.6966
-11.485,-40.211,-3.9473,23.803,-8.3954,-22.885,7.6681,-35.994,-20.066,-13.935,-17.229,-8.7594
-11.514,-42.015,-5.358,25.057,-7.6181,-24.598,7.352,-36.843,-21.156,-15.296,-18.565,-10.58
-11.854,-43.488,-4.9714,26.142,-7.8647,-25.663,7.1385,-37.667,-22.177,-16.566,-19.766,-12.247
-12.663,-44.515,-2.7021,27.083,-9.2576,-25.915,6.9684,-38.515,-23.189,-17.792,-20.868,-13.829
-13.911,-45.155,0.86709,27.921,-11.531,-25.519,6.7824,-39.394,-24.202,-18.98,-21.875,-15.352
-15.393,-45.573,4.6006,28.696,-14.062,-24.879,6.5447,-40.265,-25.179,-20.094,-22.769,-16.797
-16.8,-45.965,7.15,29.435,-16.06,-24.462,6.2416,-41.059,-26.056,-21.087,-23.531,-18.127
-17.85,-46.482,7.4702,30.149,-16.872,-24.635,5.873,-41.712,-26.779,-21.924,-24.158,-19.3
-18.412,-47.176,5.2226,30.845,-16.241,-25.539,5.4496,-42.183,-27.317,-22.588,-24.661,-20.286
-18.551,-48.001,0.90184,31.524,-14.397,-27.048,4.994,-42.465,-27.668,-23.081,-25.057,-21.068
-18.478,-48.833,-4.3346,32.175,-11.968,-28.827,4.5363,-42.584,-27.855,-23.411,-25.356,-21.642
-18.449,-49.536,-9.0666,32.778,-9.7497,-30.447,4.1029,-42.588,-27.921,-23.602,-25.563,-22.023
-18.671,-50.019,-12.063,33.312,-8.4167,-31.541,3.7132,-42.54,-27.92,-23.687,-25.68,-22.243
-19.228,-50.253,-12.639,33.762,-8.3208,-31.907,3.3885,-42.496,-27.894,-23.705,-25.704,-22.337
-20.06,-50.278,-10.806,34.11,-9.4327,-31.551,3.1659,-42.481,-27.86,-23.685,-25.624,-22.333
-20.987,-50.171,-7.2131,34.344,-11.377,-30.664,3.0984,-42.476,-27.801,-23.629,-25.427,-22.242
-21.786,-50.011,-2.9702,34.459,-13.55,-29.511,3.2338,-42.425,-27.68,-23.514,-25.109,-22.075
-22.278,-49.847,0.69928,34.471,-15.325,-28.346,3.5884,-42.269,-27.469,-23.314,-24.684,-21.853
-22.402,-49.701,2.9218,34.42,-16.278,-27.388,4.1334,-41.973,-27.163,-23.019,-24.187,-21.613
-22.234,-49.575,3.4673,34.349,-16.307,-26.768,4.8037,-41.541,-26.786,-22.639,-23.668,-21.397
-21.951,-49.442,2.7236,34.296,-15.634,-26.472,5.5235,-41.017,-26.372,-22.209,-23.169,-21.233
-21.773,-49.259,1.426,34.286,-14.707,-26.357,6.2346,-40.464,-25.955,-21.768,-22.718,-21.127
-21.9,-48.995,0.34609,34.335,-14.013,-26.231,6.915,-39.94,-25.558,-21.354,-22.315,-21.051
-22.439,-48.636,0.068627,34.44,-13.9,-25.916,7.5747,-39.485,-25.185,-20.999,-21.944,-20.967
-23.368,-48.177,0.87358,34.57,-14.491,-25.295,8.2348,-39.111,-24.83,-20.725,-21.583,-20.849
-24.528,-47.606,2.7073,34.664,-15.678,-24.337,8.9051,-38.808,-24.484,-20.541,-21.226,-20.712
-25.667,-46.924,5.218,34.655,-17.158,-23.096,9.5752,-38.548,-24.142,-20.448,-20.891,-20.604
-26.534,-46.148,7.8706,34.495,-18.543,-21.696,10.22,-38.308,-23.814,-20.443,-20.605,-20.589
-26.963,-45.323,10.125,34.183,-19.497,-20.297,10.809,-38.077,-23.521,-20.529,-20.4,-20.713
-26.911,-44.497,11.605,33.745,-19.854,-19.056,11.307,-37.863,-23.296,-20.716,-20.299,-20.992
-26.449,-43.695,12.2,33.211,-19.655,-18.083,11.676,-37.686,-23.173,-21.021,-20.315,-21.416
-25.723,-42.896,12.083,32.585,-19.124,-17.398,11.876,-37.574,-23.176,-21.459,-20.453,-21.959
-24.915,-42.031,11.658,31.846,-18.579,-16.9,11.886,-37.535,-23.302,-22.019,-20.7,-22.584
-24.186,-41.021,11.42,30.971,-18.309,-16.408,11.723,-37.534,-23.5,-22.649,-21.013,-23.236
-23.626,-39.827,11.739,29.965,-18.464,-15.753,11.451,-37.483,-23.669,-23.257,-21.326,-23.842
-23.216,-38.495,12.654,28.878,-18.982,-14.873,11.155,-37.271,-23.695,-23.732,-21.566,-24.332
-22.843,-37.152,13.833,27.796,-19.599,-13.859,10.919,-36.808,-23.489,-23.984,-21.685,-24.659
-22.324,-35.952,14.719,26.801,-19.918,-12.911,10.81,-36.056,-23.019,-23.971,-21.663,-24.809
-21.46,-34.99,14.783,25.912,-19.553,-12.222,10.881,-35.035,-22.306,-23.694,-21.502,-24.793
-20.114,-34.22,13.734,25.067,-18.285,-11.846,11.178,-33.795,-21.401,-23.185,-21.209,-24.624
-18.293,-33.457,11.63,24.153,-16.164,-11.656,11.742,-32.4,-20.364,-22.485,-20.785,-24.309
-16.182,-32.457,8.8709,23.077,-13.514,-11.399,12.609,-30.912,-19.248,-21.632,-20.226,-23.841
-14.111,-31.008,6.0776,21.806,-10.851,-10.818,13.796,-29.389,-18.102,-20.665,-19.518,-23.207
-12.45,-29,3.9009,20.357,-8.7454,-9.7558,15.295,-27.88,-16.958,-19.622,-18.647,-22.399
-11.486,-26.438,2.8342,18.764,-7.6697,-8.2115,17.06,-26.409,-15.833,-18.538,-17.605,-21.424
-11.321,-23.437,3.1023,17.056,-7.8681,-6.3175,19.027,-24.966,-14.722,-17.432,-16.402,-20.307
-11.844,-20.188,4.6621,15.259,-9.294,-4.2506,21.146,-23.495,-13.598,-16.308,-15.06,-19.09
-12.765,-16.884,7.2609,13.397,-11.612,-2.1275,23.427,-21.889,-12.419,-15.154,-13.613,-17.816
-13.7,-13.641,10.497,11.489,-14.274,0.043815,25.948,-20.003,-11.132,-13.955,-12.087,-16.514
-14.266,-10.477,13.897,9.5413,-16.666,2.3387,28.853,-17.68,-9.6767,-12.694,-10.488,-15.188
-14.165,-7.3327,17.035,7.5509,-18.264,4.8652,32.37,-14.769,-7.9932,-11.35,-8.7988,-13.816
-13.255,-4.1207,19.65,5.5246,-18.758,7.7319,36.723,-11.14,-6.0204,-9.8979,-6.9759,-12.349
-11.604,-0.7693,21.707,3.5014,-18.118,11.019,41.719,-6.7243,-3.7123,-8.305,-4.9633,-10.722
-9.4797,2.7326,23.347,1.5555,-16.58,14.719,46.455,-1.572,-1.0675,-6.5505,-2.723,-8.8828
-7.271,6.3059,24.76,-0.2295,-14.561,18.665,50.171,4.0883,1.8349,-4.6535,-0.27652,-6.8298
-5.367,9.7962,26.042,-1.7998,-12.544,22.534,53.054,9.8643,4.8202,-2.6974,2.2645,-4.6433
-4.0657,13.034,27.18,-3.1531,-10.992,25.968,55.857,15.301,7.6397,-0.82647,4.7095,-2.4841
-3.5247,15.909,28.193,-4.3328,-10.274,28.758,59.422,20.007,10.032,0.78842,6.8476,-0.54826
-3.7414,18.404,29.251,-5.4016,-10.589,30.931,64.556,23.748,11.796,2.0013,8.5243,0.99999
-4.5652,20.575,30.63,-6.4088,-11.928,32.689,71.887,26.484,12.855,2.7364,9.6915,2.0839
-5.7456,22.482,32.559,-7.3656,-14.071,34.244,81.181,28.333,13.263,3.0066,10.405,2.7268
-6.9949,24.116,35.027,-8.2475,-16.624,35.669,90.952,29.499,13.162,2.8914,10.777,3.0205
-8.0386,25.405,37.653,-9.0221,-19.097,36.867,99.322,30.149,12.697,2.4906,10.909,3.0719
-8.6477,26.28,39.793,-9.6807,-20.999,37.67,104.6,30.338,11.962,1.8862,10.864,2.9619
-8.6688,26.75,40.826,-10.247,-21.934,37.962,105.36,30.006,10.997,1.137,10.666,2.7404
-8.0529,26.931,40.387,-10.768,-21.68,37.756,100.68,29.035,9.8263,0.29471,10.337,2.4487
-6.8671,27.026,38.429,-11.305,-20.24,37.203,90.402,27.323,8.4823,-0.58249,9.9276,2.1422
-5.2756,27.27,35.209,-11.919,-17.839,36.549,75.244,24.85,7.0078,-1.4363,9.5206,1.8921
-3.4988,27.868,31.268,-12.651,-14.862,36.071,56.852,21.681,5.4299,-2.2274,9.2134,1.768
-1.7621,28.943,27.4,-13.515,-11.773,36.012,37.808,17.908,3.7371,-2.9515,9.0924,1.8168
-0.24214,30.534,24.5,-14.513,-9.0128,36.527,20.516,13.579,1.8802,-3.638,9.2146,2.0515
0.96803,32.605,23.221,-15.645,-6.93,37.654,6.3524,8.6905,-0.19654,-4.3331,9.5976,2.4494
1.8579,35.063,23.634,-16.925,-5.7368,39.329,-3.9603,3.2677,-2.5123,-5.0782,10.21,2.9514
2.4645,37.767,25.371,-18.362,-5.5101,41.427,-10.032,-2.5378,-5.0251,-5.8998,10.954,3.4591
2.8295,40.543,28.136,-19.939,-6.219,43.815,-11.482,-8.4247,-7.6426,-6.8126,11.67,3.8418
2.9753,43.207,31.839,-21.589,-7.7662,46.379,-8.4609,-14.019,-10.257,-7.823,12.187,3.9728
2.9014,45.604,36.37,-23.202,-10.025,49.041,-4.4592,-19.007,-12.773,-8.922,12.398,3.787
2.5857,47.615,41.605,-24.627,-12.856,51.753,-2.8762,-23.218,-15.113,-10.079,12.31,3.3107
1.9885,49.186,47.506,-25.698,-16.098,54.508,-3.0486,-26.624,-17.221,-11.247,12.001,2.6336
1.0912,50.357,53.93,-26.29,-19.501,57.303,-3.7299,-29.293,-19.068,-12.386,11.548,1.8464
-0.016666,51.274,60.341,-26.385,-22.657,60.05,-4.3921,-31.347,-20.669,-13.48,10.963,0.99034
-1.0734,52.072,65.763,-26.078,-25.021,62.447,-4.9796,-32.942,-22.072,-14.55,10.178,0.038109
-1.7223,52.602,68.95,-25.474,-26.038,63.903,-5.654,-34.249,-23.354,-15.647,9.0763,-1.0894
-1.7129,52.311,68.755,-24.564,-25.332,63.662,-6.6027,-35.413,-24.587,-16.822,7.5499,-2.4789
-1.0537,50.502,64.607,-23.203,-22.861,61.147,-7.9104,-36.53,-25.815,-18.108,5.5526,-4.18
-0.021432,46.736,56.753,-21.174,-18.971,56.203,-9.5164,-37.636,-27.05,-19.501,3.1129,-6.1925
0.94352,40.969,46.085,-18.275,-14.328,49.084,-11.253,-38.73,-28.287,-20.981,0.30171,-8.4896
1.3851,33.443,33.825,-14.39,-9.7397,40.321,-12.92,-39.808,-29.53,-22.524,-2.8108,-11.045
0.9577,24.546,21.348,-9.5503,-5.9533,30.587,-14.348,-40.875,-30.801,-24.124,-6.1708,-13.836
-0.50417,14.723,10.091,-3.9556,-3.4983,20.579,-15.417,-41.934,-32.121,-25.772,-9.7131,-16.82
-2.9712,4.4451,1.2755,2.063,-2.6013,10.901,-16.052,-42.97,-33.487,-27.439,-13.316,-19.907
-6.2421,-5.8122,-4.4835,8.1264,-3.177,1.9606,-16.239,-43.952,-34.863,-29.069,-16.796,-22.966
-10.004,-15.587,-7.2641,13.906,-4.9023,-6.0319,-16.039,-44.837,-36.19,-30.587,-19.955,-25.851
-13.923,-24.465,-7.6528,19.191,-7.3489,-12.931,-15.574,-45.584,-37.401,-31.921,-22.637,-28.446
-17.73,-32.121,-6.5461,23.889,-10.113,-18.528,-14.956,-46.161,-38.431,-33.016,-24.769,-30.679
-21.254,-38.359,-4.7499,27.98,-12.901,-22.654,-14.204,-46.549,-39.234,-33.842,-26.362,-32.52
-24.397,-43.14,-2.7018,31.444,-15.551,-25.376,-13.252,-46.756,-39.792,-34.401,-27.483,-33.967
-27.077,-46.587,-0.61806,34.245,-17.962,-26.982,-12.044,-46.822,-40.126,-34.727,-28.228,-35.036
-29.188,-48.937,1.269,36.354,-19.977,-27.832,-10.611,-46.821,-40.298,-34.88,-28.696,-35.774
-30.613,-50.467,2.6343,37.804,-21.341,-28.257,-9.0717,-46.845,-40.404,-34.939,-28.979,-36.258
-31.26,-51.436,3.1361,38.689,-21.804,-28.53,-7.5737,-46.976,-40.543,-34.983,-29.155,-36.585
-31.1,-52.047,2.553,39.13,-21.24,-28.85,-6.2299,-47.279,-40.796,-35.077,-29.283,-36.84
-30.198,-52.446,0.8966,39.236,-19.711,-29.327,-5.0915,-47.786,-41.205,-35.263,-29.397,-37.08
-28.718,-52.73,-1.5605,39.106,-17.474,-29.975,-4.1763,-48.492,-41.767,-35.553,-29.513,-37.324
-26.911,-52.943,-4.3581,38.822,-14.921,-30.709,-3.5053,-49.341,-42.422,-35.928,-29.639,-37.574
-25.048,-53.083,-6.9954,38.441,-12.475,-31.396,-3.0969,-50.177,-43.055,-36.335,-29.792,-37.83
-23.362,-53.12,-9.1012,37.988,-10.474,-31.929,-2.9177,-50.7,-43.481,-36.685,-29.987,-38.095
-21.985,-53.039,-10.572,37.457,-9.0711,-32.289,-2.8247,-50.433,-43.431,-36.841,-30.223,-38.358
-20.902,-52.849,-11.632,36.809,-8.1506,-32.556,-2.562,-48.79,-42.566,-36.618,-30.463,-38.564
-19.917,-52.569,-12.771,35.951,-7.2043,-32.878,-1.8991,-45.547,-40.67,-35.794,-30.609,-38.592
-18.643,-52.17,-14.488,34.681,-5.0999,-33.383,-1.1499,-45.615,-39.149,-34.322,-30.488,-38.254
-16.728,-51.508,-16.767,32.61,-0.45697,-34.101,-4.8188,-80.832,-53.95,-34.461,-29.827,-37.305
-16.495,-50.229,-18.792,29.348,2.8944,-34.917,-18.491,-92.405,-79.358,-54.043,-28.343,-35.564
-28.476,-47.695,-20.55,27.543,-0.74617,-35.558,-22.236,-99.204,-84.623,-72.339,-28.525,-34.269
-38.711,-44.118,-23.455,42.071,-3.2658,-35.637,-24.321,-106.03,-89.008,-74.916,-49.307,-48.874
-39.019,-53.204,-28.394,57.01,-1.3712,-34.957,-24.854,-108.13,-90.295,-74.994,-54.837,-63.065
-31.251,-74.98,-35.145,56.075,5.2538,-39.665,-21.337,-97.658,-83.007,-69.575,-54.892,-63.509
-14.113,-73.185,-43.635,46.526,18.347,-57.522,-10.525,-64.585,-59.69,-53.699,-52.941,-61.516
13.796,-64.753,-62.026,27.885,40.003,-63.084,11.144,1.1496,-12.118,-21.381,-45.842,-54.212
54.195,-50.903,-89.818,-0.551,71.92,-69.327,46.853,105.11,67.211,34.228,-29.026,-37.434
109.14,-30.123,-122.91,-38.817,115.61,-74.458,97.841,246.49,182.67,120.95,3.9861,-5.4428
177.97,1.1971,-155.89,-88.81,166.83,-73.603,161.44,418.1,331.64,242.58,61.701,51.02
255.58,50.05,-181.29,-153.65,217.67,-59.469,230.65,604.85,505.2,395.56,149.73,140.11
335.54,125.6,-188.79,-233.38,260.27,-24.595,295.52,783.74,691.06,575.9,271.81,264.69
411.39,234.29,-165.38,-324.36,286.56,36.171,345.29,927.21,875.08,778.89,430.39,424.84
476.19,370.23,-102.9,-421.98,288.9,130.48,370.02,1008.6,1041.7,996.05,621.44,616.42
522.41,520.77,-1.3074,-518.6,261.83,264,362.46,1007.9,1173.9,1211.5,831.65,826.6
541.84,672.01,131.37,-602.43,204.31,409.39,320.73,915.87,1253,1399.9,1037.2,1032.2
526.27,802.36,280.49,-659.1,120.21,549.43,249.41,736.3,1260.1,1527.9,1205.3,1200.8
469.96,887.59,426.07,-673.91,17.26,664.18,156.66,483.77,1177.6,1557.8,1299.5,1295.7
373.02,906.1,544.97,-635.74,-93.067,731.25,50.582,179.36,993.61,1457.5,1288.4,1284.7
243.43,845.86,616.3,-542.11,-196.18,734.31,-62.837,-154.01,708.34,1212.6,1156.1,1151.9
96.357,711.15,628.87,-402.34,-278.19,670.12,-180.6,-493.41,339.84,838.42,912.17,906.91
-49.54,523.67,585.63,-236.58,-330.7,551.67,-300.48,-814.78,-73.553,382.13,592.66,586.34
-176.66,316.54,501.84,-70.364,-352.3,404.22,-416.93,-1092,-478.38,-85.845,252.02,245.34
-272.07,123.9,398.24,72.694,-346.94,256.07,-519.6,-1299.3,-818.58,-491.48,-52.614,-58.74
-329.36,-28.729,294.12,176.87,-320.87,129.48,-595.36,-1417,-1051,-778.69,-278.23,-283.33
-348.54,-129.62,203.56,236.73,-280.9,36.487,-633.01,-1437.9,-1157,-923.88,-406.6,-411.1
-334.72,-180.95,133.45,256.26,-233.96,-21.32,-628.03,-1369.1,-1145.2,-937.87,-444.98,-449.89
-296.68,-194.95,83.147,245.46,-185.73,-51.324,-583.87,-1230.4,-1044.3,-855.93,-417.95,-424.27
-245.08,-186.74,45.819,216.37,-139.48,-64.435,-510.3,-1048,-891.74,-722.06,-356.31,-364.39
-190.05,-168.32,15.845,180.02,-96.557,-69.341,-420.6,-849.32,-721.96,-574.64,-286.31,-295.68
-139.38,-147.38,-4.6383,144.5,-60.39,-70.07,-328.16,-657.9,-560.41,-438.99,-223.54,-233.75
-99.061,-127.76,-17.276,112.93,-35.846,-68.336,-243.21,-490.46,-422.03,-327.27,-174.01,-184.93
-70.877,-92.592,-22.961,87.053,-21.666,-63.924,-171.53,-355.71,-312.57,-242.26,-137.61,-149.16
-54.326,-68.189,-22.314,73.676,-14.993,-38.352,-115.56,-255.71,-231.15,-180.82,-110.98,-123.17
-46.535,-65.641,-7.2637,66.585,-14.275,-31.464,-75.001,-186.98,-174.21,-138.21,-90.991,-104.18
-43.293,-64.574,7.4137,62.246,-17.539,-30.728,-46.926,-141.74,-136.09,-110.07,-77.808,-92.494
-41.708,-62.561,9.0053,58.008,-19.592,-30.087,-27.818,-112.57,-110.04,-90.15,-68.724,-84.719
-38.115,-60.037,8.6863,52.354,-19.569,-29.526,-15.401,-93.79,-91.813,-75.062,-60.667,-78.564
-32.688,-57.739,7.3416,46.728,-19.36,-29.294,-6.5093,-82.67,-79.645,-63.242,-52.39,-72.383
-28.992,-56.055,5.0185,42.931,-18.583,-29.529,-3.1641,-74.489,-69.958,-53.696,-43.585,-62.202
-26.436,-54.973,2.0021,40.621,-17.128,-30.171,-1.7559,-68.068,-62.351,-45.86,-36.554,-51.728
-24.169,-54.282,-1.2559,39.043,-15.15,-30.993,-1.8352,-62.826,-54.939,-38.556,-32.693,-44.854
-21.881,-53.735,-4.3156,37.738,-12.867,-31.73,-5.3405,-56.106,-44.784,-33.966,-30.432,-40.564
-19.453,-53.14,-6.9185,36.455,-10.467,-32.205,-3.4793,-49.743,-37.788,-30.91,-28.85,-37.636
-16.835,-52.416,-9.0767,35.087,-8.072,-32.386,-0.74108,-45.586,-33.415,-28.348,-27.554,-35.401
-14.035,-51.593,-11.039,33.644,-5.7054,-32.368,0.88467,-42.423,-30.053,-25.97,-26.342,-33.522
-11.124,-50.774,-13.162,32.222,-3.3058,-32.305,1.9482,-39.683,-27.111,-23.626,-25.087,-31.819
-8.2296,-50.084,-15.716,30.946,-0.81682,-32.334,2.8417,-37.087,-24.339,-21.21,-23.701,-30.178
-5.5093,-49.596,-18.665,29.899,1.705,-32.503,3.7701,-34.475,-21.615,-18.639,-22.125,-28.51
-3.1401,-49.263,-21.555,29.061,4.0381,-32.719,4.8033,-31.78,-18.889,-15.856,-20.329,-26.744
-1.2968,-48.911,-23.64,28.306,5.8288,-32.764,5.9155,-29.025,-16.18,-12.856,-18.334,-24.833
-0.11652,-48.316,-24.175,27.469,6.6909,-32.391,7.0268,-26.301,-13.548,-9.6835,-16.194,-22.769
0.34766,-47.319,-22.735,26.412,6.3494,-31.456,8.0625,-23.712,-11.048,-6.4161,-13.98,-20.569
0.14736,-45.909,-19.381,25.094,4.7576,-30.001,9.0082,-21.3,-8.6867,-3.1172,-11.735,-18.255
-0.58728,-44.245,-14.638,23.593,2.1315,-28.247,9.9052,-19.006,-6.3993,0.19624,-9.4611,-15.831
-1.6805,-42.585,-9.3177,22.086,-1.1062,-26.502,10.794,-16.681,-4.076,3.5536,-7.1256,-13.281
-2.8998,-41.149,-4.3049,20.738,-4.4114,-25.014,11.659,-14.157,-1.6113,7.0012,-4.6911,-10.581
-3.9145,-39.973,-0.3335,19.569,-7.2015,-23.862,12.413,-11.316,1.0516,10.569,-2.1441,-7.7194
-4.309,-38.868,2.1643,18.391,-8.9479,-22.957,12.919,-8.14,3.9054,14.262,0.48476,-4.7089
-3.7145,-37.521,3.0945,16.903,-9.2988,-22.114,13.049,-4.7008,6.9026,18.083,3.1345,-1.5727
-1.9716,-35.663,2.6388,14.872,-8.1837,-21.145,12.733,-1.1142,10.006,22.078,5.749,1.6785
0.79444,-33.2,1.1517,12.256,-5.8296,-19.946,12.001,2.5161,13.232,26.366,8.3096,5.0626
4.2292,-30.26,-0.95514,9.2247,-2.6703,-18.555,10.981,6.1379,16.662,31.129,10.841,8.6178
7.9025,-27.153,-3.3101,6.05,0.7979,-17.17,9.8589,9.7338,20.427,36.547,13.389,12.377
11.477,-24.22,-5.5883,2.9523,4.144,-16.056,8.8159,13.288,24.635,42.694,15.993,16.344
14.814,-21.613,-7.4562,-0.027033,7.0863,-15.364,7.9842,16.763,29.329,49.482,18.664,20.492
18.016,-19.16,-8.5894,-3.0513,9.5442,-14.991,7.4292,20.106,34.457,56.67,21.391,24.767
21.384,-16.41,-8.7908,-6.3984,11.644,-14.616,7.1622,23.277,39.914,63.988,24.168,29.123
25.359,-12.826,-8.1022,-10.305,13.655,-13.891,7.1492,26.28,45.622,71.273,27.025,33.563
30.431,-8.0272,-6.8287,-14.823,15.89,-12.609,7.3018,29.184,51.586,78.515,30.05,38.16
37.042,-2.0081,-5.4824,-19.794,18.668,-10.797,7.478,32.125,57.981,85.845,33.4,43.069
45.361,4.767,-4.6544,-24.981,22.32,-8.7119,7.524,35.302,65.119,93.444,37.309,48.525
55.121,11.539,-4.8345,-30.277,27.153,-6.7434,7.3265,38.954,73.351,101.48,42.094,54.835
65.7,17.665,-6.2427,-35.752,33.327,-5.2325,6.8253,43.307,82.85,110.09,48.135,62.295
76.577,22.941,-8.7599,-41.549,40.747,-4.274,5.9911,48.521,93.43,119.34,55.746,71.083
87.556,27.591,-11.983,-47.781,49.056,-3.6519,4.8131,54.648,104.6,129.22,64.955,81.109
98.652,32.045,-15.368,-54.56,57.76,-2.951,3.3077,61.62,115.87,139.77,75.327,92.01
109.88,36.682,-18.41,-62.072,66.383,-1.7509,1.536,69.268,126.98,151.01,86.145,103.34
121.24,41.689,-20.82,-70.628,74.63,0.20503,-0.3928,77.364,137.94,163.01,96.882,114.81
132.71,47.065,-22.615,-80.578,82.485,2.9303,-2.3451,85.664,148.83,175.82,107.49,126.37
144.22,52.778,-24.083,-92,90.134,6.2263,-4.2119,93.927,159.76,189.48,118.22,138.06
155.58,58.943,-25.648,-104.35,97.769,9.7904,-5.9597,101.94,170.77,203.89,129.31,149.93
166.6,65.851,-27.65,-116.63,105.46,13.332,-7.6548,109.56,181.87,218.9,140.88,162.01
177.3,73.794,-30.163,-128.11,113.17,16.661,-9.4405,116.73,193.07,234.33,152.92,174.37
187.91,82.847,-32.923,-138.79,120.66,19.74,-11.469,123.5,204.41,250.12,165.42,187.19
198.65,92.836,-35.429,-149.14,127.5,22.68,-13.814,129.99,215.95,266.34,178.46,200.69
209.55,103.53,-37.165,-159.63,133.22,25.679,-16.419,136.34,227.75,283.14,192.13,215.11
220.39,114.77,-37.81,-170.48,137.65,28.925,-19.125,142.65,239.85,300.64,206.51,230.57
230.94,126.33,-37.335,-181.53,141.06,32.491,-21.785,148.88,252.16,318.86,221.66,246.99
241.05,137.78,-35.998,-192.37,143.97,36.278,-24.378,154.92,264.49,337.58,237.51,264.02
250.62,148.55,-34.283,-202.53,146.88,40.04,-27.021,160.59,276.59,356.47,253.85,281.1
259.57,158.18,-32.81,-211.66,150.09,43.488,-29.868,165.72,288.18,375.03,270.28,297.64
267.79,166.5,-32.196,-219.6,153.74,46.419,-32.995,170.16,298.97,392.78,286.25,313.1
275.15,173.57,-32.884,-226.31,157.85,48.777,-36.316,173.79,308.67,409.25,301.21,327.17
281.56,179.53,-35.02,-231.83,162.32,50.622,-39.593,176.51,317.03,424.09,314.77,339.7
286.91,184.49,-38.382,-236.25,166.95,52.032,-42.546,178.34,323.91,437.07,326.78,350.73
291.17,188.55,-42.423,-239.7,171.43,53.086,-44.983,179.34,329.28,448.09,337.26,360.32
294.34,191.83,-46.393,-242.37,175.36,53.907,-46.878,179.6,333.2,457.09,346.31,368.57
296.48,194.51,-49.483,-244.44,178.29,54.685,-48.345,179.2,335.74,464.09,354,375.54
297.66,196.74,-50.947,-246.05,179.82,55.647,-49.559,178.19,336.94,469.08,360.33,381.21
297.92,198.62,-50.251,-247.25,179.68,56.985,-50.671,176.58,336.83,472.11,365.27,385.53
297.32,200.18,-47.219,-248.04,177.78,58.799,-51.736,174.4,335.44,473.24,368.8,388.43
295.95,201.35,-42.108,-248.34,174.38,61.073,-52.691,171.7,332.85,472.53,370.85,389.86
293.96,201.99,-35.578,-248.01,169.98,63.668,-53.385,168.52,329.11,470,371.31,389.72
291.43,201.94,-28.555,-246.85,165.18,66.343,-53.65,164.9,324.23,465.58,369.98,387.91
288.35,201.05,-21.99,-244.68,160.46,68.767,-53.374,160.82,318.2,459.15,366.61,384.33
284.53,199.22,-16.604,-241.39,156.1,70.567,-52.51,156.24,310.96,450.62,361.03,378.92
279.66,196.38,-12.761,-236.91,152.07,71.418,-51.052,151.14,302.56,440.07,353.35,371.79
273.31,192.43,-10.475,-231.16,148.13,71.122,-49.03,145.55,293.11,427.77,343.93,363.19
265.03,187.35,-9.5062,-224.03,143.86,69.664,-46.5,139.54,282.77,414.11,333.2,353.42
254.57,181.18,-9.4944,-215.49,138.8,67.224,-43.531,133.13,271.71,399.45,321.53,342.71
242.05,174.08,-10.118,-205.68,132.61,64.143,-40.206,126.34,260.02,384.04,309.05,331.15
228,166.21,-11.159,-194.93,125.31,60.828,-36.635,119.15,247.77,367.98,295.81,318.71
213.31,157.72,-12.351,-183.75,117.32,57.637,-32.95,111.59,235.07,351.28,281.8,305.37
198.98,148.7,-13.244,-172.62,109.16,54.813,-29.26,103.75,222.06,333.93,267.04,291.15
185.72,139.16,-13.278,-161.89,101.11,52.499,-25.631,95.745,208.89,315.94,251.58,276.17
173.68,128.98,-11.931,-151.59,93.019,50.745,-22.106,87.691,195.63,297.36,235.52,260.59
162.44,117.91,-8.8447,-141.44,84.345,49.488,-18.746,79.681,182.3,278.31,219.04,244.57
151.25,105.81,-4.0274,-130.88,74.512,48.502,-15.615,71.823,168.89,259.01,202.38,228.29
139.52,93.279,1.983,-119.14,63.398,47.416,-12.735,64.23,155.43,239.75,185.89,211.95
127.07,81.705,8.1724,-105.53,51.65,45.885,-10.093,56.991,141.98,220.82,169.91,195.81
114.19,72.26,13.35,-90.376,40.532,43.763,-7.6908,50.125,128.59,202.47,154.7,180.13
101.63,64.934,16.511,-75.993,31.295,41.087,-5.5697,43.577,115.23,184.8,140.37,165.09
90.31,58.978,17.105,-64.699,24.647,37.923,-3.7943,37.259,101.75,167.83,126.81,150.76
80.649,53.606,15.18,-56.609,20.563,34.303,-2.4068,31.107,88.056,151.46,113.8,137.09
72.134,48.2,11.404,-50.479,18.299,30.233,-1.3852,25.113,74.305,135.66,101.01,123.97
63.662,42.33,6.8858,-45.113,16.788,25.714,-0.62827,19.33,61.078,120.4,88.201,111.25
54.344,35.75,2.8195,-39.81,15.226,20.772,0.017423,13.831,49.1,105.64,75.363,98.826
44.338,28.359,0.13096,-34.305,13.281,15.494,0.69507,8.6672,38.741,91.205,62.766,86.687
34.781,20.169,-0.75157,-28.579,10.824,10.024,1.4749,3.834,29.882,76.872,50.783,74.879
26.603,11.321,0.0064723,-22.696,7.827,4.5098,2.3372,-0.7176,22.183,62.591,39.7,63.473
19.881,2.1262,1.699,-16.75,4.4827,-0.96408,3.2074,-5.0354,15.346,48.679,29.667,52.586
14.363,-6.9489,3.3188,-10.872,1.1826,-6.3452,4.007,-9.1083,9.2176,35.799,20.698,42.394
9.9881,-15.375,3.8924,-5.2169,-1.574,-11.476,4.6898,-12.847,3.7768,24.628,12.712,33.086
6.853,-22.707,2.7117,0.076595,-3.1728,-16.078,5.2528,-16.119,-0.93335,15.446,5.6201,24.8
4.9397,-28.72,-0.48186,4.9266,-3.0566,-19.949,5.7298,-18.814,-4.8723,8.0998,-0.61392,17.591
3.9613,-33.455,-5.3569,9.3131,-1.2209,-23.106,6.1763,-20.898,-8.0491,2.2477,-5.9787,11.439
3.4685,-37.142,-11.064,13.249,1.6018,-25.697,6.6537,-22.432,-10.538,-2.445,-10.467,6.2652
3.0271,-40.05,-16.506,16.735,4.3724,-27.84,7.211,-23.551,-12.458,-6.2453,-14.108,1.9512
2.2891,-42.366,-20.577,19.749,6.2389,-29.537,7.8601,-24.426,-13.96,-9.3556,-16.973,-1.633
0.99606,-44.158,-22.364,22.261,6.6418,-30.658,8.5697,-25.209,-15.186,-11.925,-19.16,-4.6025
-0.98092,-45.411,-21.39,24.269,5.2888,-31.033,9.3092,-26.003,-16.248,-14.066,-20.783,-7.0621
-3.5934,-46.109,-17.801,25.802,2.2454,-30.586,10.096,-26.849,-17.225,-15.864,-21.952,-9.0959
-6.6123,-46.309,-12.357,26.918,-2.0169,-29.425,10.979,-27.734,-18.157,-17.39,-22.766,-10.765
-9.6943,-46.166,-6.2093,27.709,-6.7364,-27.853,11.978,-28.619,-19.054,-18.695,-23.3,-12.107
-12.488,-45.911,-0.54709,28.307,-11.082,-26.269,13.038,-29.452,-19.903,-19.807,-23.609,-13.145
-14.716,-45.785,3.7449,28.853,-14.38,-25.034,14.032,-30.189,-20.686,-20.74,-23.739,-13.895
-16.214,-45.926,6.2602,29.427,-16.272,-24.347,14.789,-30.813,-21.384,-21.508,-23.742,-14.391
-16.944,-46.305,7.0756,30.012,-16.771,-24.185,15.147,-31.333,-21.997,-22.133,-23.676,-14.687
-17.005,-46.757,6.6496,30.518,-16.194,-24.349,15.004,-31.784,-22.545,-22.658,-23.604,-14.855
-16.617,-47.09,5.634,30.863,-15.022,-24.578,14.356,-32.206,-23.062,-23.131,-23.579,-14.966
-16.088,-47.192,4.6378,31.032,-13.752,-24.662,13.303,-32.63,-23.582,-23.59,-23.631,-15.065
-15.746,-47.083,4.0071,31.097,-12.783,-24.538,12.027,-33.062,-24.121,-24.055,-23.76,-15.171
-15.841,-46.898,3.7234,31.18,-12.349,-24.316,10.735,-33.49,-24.669,-24.522,-23.936,-15.272
-16.464,-46.823,3.4959,31.402,-12.476,-24.237,9.6242,-33.882,-25.201,-24.97,-24.112,-15.349
-17.511,-47.012,2.9689,31.838,-12.97,-24.544,8.8459,-34.202,-25.681,-25.373,-24.24,-15.391
-18.732,-47.52,1.8982,32.486,-13.496,-25.331,8.4941,-34.411,-26.077,-25.712,-24.285,-15.403
-19.822,-48.276,0.24645,33.257,-13.728,-26.491,8.5543,-34.487,-26.373,-25.982,-24.236,-15.411
-20.519,-49.096,-1.772,33.982,-13.495,-27.763,8.8644,-34.427,-26.564,-26.188,-24.1,-15.443
-20.665,-49.744,-3.7188,34.466,-12.826,-28.824,9.193,-34.254,-26.659,-26.343,-23.903,-15.517
-20.251,-50.022,-5.0839,34.564,-11.926,-29.404,9.3892,-34,-26.669,-26.448,-23.666,-15.627
-19.439,-49.866,-5.4912,34.259,-11.096,-29.374,9.4551,-33.696,-26.6,-26.5,-23.402,-15.739
-18.523,-49.365,-4.8367,33.668,-10.628,-28.793,9.5139,-33.347,-26.444,-26.48,-23.111,-15.807
-17.836,-48.7,-3.3201,32.988,-10.713,-27.867,9.733,-32.938,-26.182,-26.366,-22.786,-15.794
-17.618,-48.053,-1.3765,32.409,-11.379,-26.874,10.24,-32.447,-25.801,-26.145,-22.428,-15.692
-17.927,-47.537,0.47286,32.038,-12.479,-26.065,11.069,-31.872,-25.306,-25.825,-22.055,-15.533
-18.601,-47.167,1.7987,31.855,-13.725,-25.577,12.154,-31.245,-24.734,-25.446,-21.704,-15.382
-19.316,-46.856,2.3877,31.722,-14.769,-25.388,13.358,-30.632,-24.15,-25.071,-21.428,-15.315
-19.702,-46.458,2.2636,31.457,-15.305,-25.327,14.522,-30.115,-23.633,-24.772,-21.273,-15.393
-19.485,-45.845,1.6259,30.925,-15.148,-25.172,15.516,-29.763,-23.251,-24.602,-21.264,-15.639
-18.592,-44.983,0.75503,30.118,-14.287,-24.749,16.272,-29.6,-23.034,-24.571,-21.392,-16.03
-17.151,-43.948,-0.077992,29.145,-12.871,-24.003,16.787,-29.594,-22.96,-24.644,-21.615,-16.51
-15.425,-42.888,-0.67791,28.172,-11.175,-23.01,17.095,-29.668,-22.966,-24.761,-21.88,-17.011
-13.737,-41.958,-0.95362,27.352,-9.53,-21.937,17.235,-29.738,-22.976,-24.863,-22.14,-17.486
-12.403,-41.278,-0.90199,26.784,-8.2632,-20.988,17.223,-29.746,-22.94,-24.922,-22.371,-17.921
-11.678,-40.902,-0.55825,26.515,-7.6398,-20.33,17.044,-29.686,-22.852,-24.944,-22.577,-18.335
-11.707,-40.811,0.067275,26.533,-7.8186,-20.024,16.653,-29.598,-22.75,-24.968,-22.782,-18.766
-12.494,-40.893,1.0273,26.768,-8.8223,-19.973,16.013,-29.541,-22.691,-25.034,-23.004,-19.24
-13.904,-40.967,2.4016,27.107,-10.531,-19.951,15.137,-29.549,-22.711,-25.167,-23.245,-19.756
-15.707,-40.842,4.1957,27.43,-12.695,-19.707,14.112,-29.61,-22.808,-25.354,-23.481,-20.277
-17.645,-40.416,6.2553,27.676,-14.969,-19.084,13.072,-29.672,-22.94,-25.559,-23.668,-20.744
-19.47,-39.738,8.2645,27.865,-16.957,-18.105,12.15,-29.674,-23.048,-25.737,-23.767,-21.108
-20.966,-39.001,9.8352,28.074,-18.3,-16.974,11.436,-29.57,-23.086,-25.856,-23.758,-21.343
-21.972,-38.454,10.637,28.369,-18.78,-16.005,10.966,-29.342,-23.026,-25.897,-23.641,-21.449
-22.41,-38.263,10.532,28.742,-18.404,-15.471,10.731,-28.994,-22.86,-25.856,-23.436,-21.446
-22.321,-38.42,9.6919,29.117,-17.413,-15.441,10.693,-28.558,-22.606,-25.741,-23.174,-21.36
-21.876,-38.764,8.6177,29.398,-16.222,-15.732,10.791,-28.08,-22.294,-25.566,-22.892,-21.224
-21.338,-39.1,7.9771,29.545,-15.301,-16.034,10.966,-27.616,-21.965,-25.343,-22.627,-21.065
-20.984,-39.301,8.3175,29.585,-15.023,-16.085,11.181,-27.201,-21.648,-25.078,-22.398,-20.897
-21.002,-39.342,9.7987,29.581,-15.549,-15.8,11.436,-26.84,-21.35,-24.762,-22.2,-20.719
-21.426,-39.254,12.104,29.575,-16.78,-15.267,11.765,-26.502,-21.061,-24.381,-22.003,-20.517
-22.118,-39.056,14.563,29.548,-18.38,-14.664,12.202,-26.142,-20.76,-23.921,-21.769,-20.284
-22.827,-38.716,16.409,29.419,-19.872,-14.154,12.752,-25.72,-20.438,-23.381,-21.473,-20.027
-23.285,-38.15,17.036,29.084,-20.797,-13.81,13.386,-25.215,-20.09,-22.772,-21.117,-19.766
-23.308,-37.246,16.184,28.453,-20.855,-13.593,14.053,-24.619,-19.716,-22.107,-20.711,-19.519
-22.84,-35.874,13.999,27.47,-19.993,-13.342,14.719,-23.919,-19.302,-21.387,-20.26,-19.281
-21.938,-33.896,10.991,26.113,-18.399,-12.8,15.402,-23.077,-18.81,-20.587,-19.741,-19.018
-20.725,-31.199,7.9198,24.394,-16.421,-11.662,16.195,-22.033,-18.181,-19.655,-19.097,-18.666
-19.34,-27.741,5.6004,22.366,-14.447,-9.6686,17.261,-20.713,-17.352,-18.528,-18.244,-18.148
-17.891,-23.633,4.6877,20.137,-12.777,-6.7186,18.808,-19.052,-16.264,-17.153,-17.092,-17.398
-16.43,-19.177,5.4735,17.853,-11.569,-2.9697,21.015,-17.006,-14.878,-15.502,-15.569,-16.373
-14.951,-14.79,7.7621,15.65,-10.852,1.1883,23.968,-14.556,-13.181,-13.577,-13.649,-15.071
-13.429,-10.8,11.012,13.59,-10.573,5.3393,27.623,-11.716,-11.186,-11.417,-11.375,-13.535
-11.874,-7.2443,14.754,11.612,-10.671,9.2835,31.791,-8.5493,-8.946,-9.0962,-8.8653,-11.846
-10.383,-3.8443,18.844,9.5706,-11.125,13.114,36.172,-5.174,-6.5515,-6.7178,-6.2887,-10.116
-9.1397,-0.16436,23.365,7.3198,-11.973,17.103,40.458,-1.7635,-4.1323,-4.4018,-3.8103,-8.4583
-8.3635,4.141,28.402,4.8004,-13.282,21.5,44.491,1.4948,-1.8308,-2.2578,-1.5332,-6.9573
-8.2172,9.1411,33.89,2.0702,-15.098,26.354,48.348,4.4598,0.24101,-0.35473,0.52855,-5.6412
-8.7239,14.594,39.539,-0.73963,-17.365,31.431,52.379,7.0783,2.039,1.2969,2.432,-4.4809
-9.736,20.072,44.842,-3.489,-19.883,36.304,57.116,9.3738,3.5883,2.7367,4.2527,-3.4153
-10.971,25.162,49.233,-6.0601,-22.309,40.56,62.842,11.388,4.9447,4.0195,6.0299,-2.3904
-12.092,29.598,52.279,-8.3582,-24.227,43.981,69.025,13.12,6.1435,5.1752,7.7372,-1.3889
-12.796,33.3,53.797,-10.318,-25.239,46.586,74.318,14.496,7.1704,6.1887,9.2935,-0.43596
-12.857,36.335,53.876,-11.933,-25.083,48.543,77.087,15.397,7.9673,7.0101,10.606,0.4217
-12.135,38.846,52.832,-13.273,-23.709,50.072,76.005,15.694,8.4585,7.5806,11.617,1.1421
-10.617,40.982,51.151,-14.463,-21.319,51.382,70.572,15.288,8.5786,7.8579,12.321,1.7025
-8.4557,42.851,49.385,-15.622,-18.336,52.633,61.318,14.118,8.296,7.8334,12.764,2.1016
-5.9689,44.503,48.015,-16.823,-15.332,53.908,49.585,12.178,7.6252,7.5412,13.03,2.3617
-3.5696,45.948,47.364,-18.08,-12.912,55.19,37.076,9.5225,6.618,7.0525,13.219,2.529
-1.6496,47.171,47.578,-19.375,-11.576,56.39,25.346,6.2575,5.3376,6.4501,13.431,2.668
-0.45567,48.185,48.656,-20.686,-11.605,57.399,15.419,2.5229,3.8364,5.7996,13.737,2.8438
-0.01432,49.061,50.447,-22.003,-12.986,58.155,7.7587,-1.5396,2.1498,5.1354,14.162,3.1031
-0.1441,49.929,52.666,-23.32,-15.399,58.69,2.4315,-5.8036,0.30213,4.4613,14.687,3.4606
-0.5504,50.926,54.925,-24.626,-18.28,59.112,-0.84512,-10.154,-1.6827,3.7593,15.257,3.896
-0.94436,52.143,56.797,-25.9,-20.955,59.526,-2.7421,-14.473,-3.772,3.0006,15.801,4.3597
-1.0923,53.584,57.876,-27.128,-22.794,59.959,-4.1863,-18.636,-5.9194,2.1551,16.255,4.789
-0.77168,55.14,57.811,-28.3,-23.316,60.337,-5.9152,-22.518,-8.062,1.2147,16.582,5.1308
0.23336,56.604,56.364,-29.405,-22.279,60.542,-8.1198,-26.014,-10.123,0.19941,16.774,5.3604
1.9975,57.722,53.525,-30.396,-19.769,60.481,-10.568,-29.049,-12.019,-0.84614,16.836,5.4835
4.3209,58.3,49.625,-31.183,-16.218,60.13,-12.916,-31.587,-13.683,-1.8727,16.774,5.517
6.7535,58.273,45.325,-31.65,-12.313,59.532,-14.876,-33.627,-15.083,-2.8528,16.57,5.462
8.756,57.706,41.427,-31.683,-8.8267,58.765,-16.288,-35.205,-16.233,-3.7934,16.183,5.2862
9.8953,56.704,38.625,-31.207,-6.4193,57.884,-17.143,-36.388,-17.191,-4.738,15.561,4.9298
9.9733,55.298,37.263,-30.186,-5.4765,56.871,-17.557,-37.269,-18.034,-5.7367,14.653,4.3258
9.0253,53.355,37.184,-28.597,-6.0303,55.588,-17.704,-37.96,-18.843,-6.83,13.427,3.422
7.2251,50.597,37.769,-26.412,-7.7896,53.778,-17.725,-38.575,-19.686,-8.0392,11.871,2.1963
4.7923,46.729,38.179,-23.614,-10.269,51.113,-17.655,-39.204,-20.604,-9.3603,10.003,0.66631
1.9404,41.59,37.693,-20.215,-12.952,47.299,-17.419,-39.894,-21.602,-10.774,7.861,-1.1172
-1.1588,35.192,36.029,-16.24,-15.42,42.198,-16.911,-40.647,-22.655,-12.253,5.4953,-3.0922
-4.4032,27.66,33.339,-11.697,-17.422,35.898,-16.095,-41.44,-23.728,-13.779,2.9495,-5.2115
-7.7382,19.171,29.891,-6.5649,-18.852,28.67,-15.048,-42.252,-24.802,-15.345,0.26055,-7.4512
-11.072,9.9527,25.859,-0.86138,-19.664,20.873,-13.923,-43.079,-25.875,-16.952,-2.5319,-9.7949
-14.215,0.33681,21.344,5.2548,-19.797,12.899,-12.893,-43.929,-26.96,-18.596,-5.3707,-12.216
-16.902,-9.206,16.414,11.433,-19.181,5.1338,-12.099,-44.814,-28.064,-20.256,-8.1798,-14.663
-18.884,-18.144,11.14,17.2,-17.798,-2.1119,-11.628,-45.742,-29.194,-21.902,-10.883,-17.079
-20.032,-26.043,5.6709,22.134,-15.746,-8.6535,-11.504,-46.702,-30.348,-23.498,-13.419,-19.409
-20.398,-32.67,0.31299,26.029,-13.281,-14.408,-11.702,-47.665,-31.502,-25.007,-15.753,-21.616
-20.233,-37.982,-4.5024,28.93,-10.801,-19.312,-12.167,-48.586,-32.622,-26.406,-17.873,-23.674
-19.928,-42.067,-8.3699,31.049,-8.7727,-23.284,-12.838,-49.43,-33.672,-27.686,-19.777,-25.571
-19.903,-45.105,-10.998,32.649,-7.6239,-26.291,-13.652,-50.178,-34.639,-28.855,-21.468,-27.31
-20.472,-47.32,-12.203,33.958,-7.6402,-28.404,-14.548,-50.846,-35.534,-29.931,-22.953,-28.91
-21.748,-48.927,-11.937,35.115,-8.8841,-29.773,-15.448,-51.472,-36.397,-30.936,-24.236,-30.393
-23.596,-50.092,-10.384,36.167,-11.147,-30.558,-16.266,-52.1,-37.268,-31.882,-25.325,-31.779
-25.666,-50.928,-7.985,37.087,-13.957,-30.905,-16.916,-52.757,-38.168,-32.767,-26.229,-33.078
-27.497,-51.508,-5.3683,37.816,-16.669,-30.947,-17.345,-53.464,-39.1,-33.584,-26.965,-34.291
-28.669,-51.891,-3.1959,38.298,-18.636,-30.813,-17.553,-54.244,-40.049,-34.325,-27.557,-35.413
-28.917,-52.127,-1.9915,38.501,-19.381,-30.633,-17.597,-55.086,-40.981,-34.985,-28.029,-36.433
-28.185,-52.268,-2.0074,38.431,-18.743,-30.533,-17.538,-55.901,-41.822,-35.553,-28.405,-37.341
-26.638,-52.363,-3.1892,38.135,-16.931,-30.619,-17.374,-56.434,-42.423,-35.984,-28.696,-38.122
-24.63,-52.444,-5.2511,37.688,-14.456,-30.944,-16.981,-56.212,-42.528,-36.177,-28.887,-38.744
-22.641,-52.513,-7.8,37.168,-11.943,-31.488,-16.099,-54.596,-41.78,-35.95,-28.92,-39.145
-21.124,-52.532,-10.455,36.604,-9.8768,-32.164,-14.433,-51.261,-39.844,-35.043,-28.673,-39.21
-20.297,-52.411,-12.896,35.909,-8.2417,-32.862,-11.976,-50.169,-37.418,-33.239,-27.939,-38.756
-20.126,-51.973,-14.735,34.801,-6.0904,-33.477,-10.42,-80.555,-47.571,-31.884,-26.373,-37.531
-22.185,-50.881,-15.644,32.959,-3.8602,-33.903,-18.611,-93.171,-77.861,-48.777,-23.568,-35.336
-33.76,-48.596,-16.14,32.716,-6.7862,-33.991,-22.681,-99.635,-83.641,-71.285,-23.61,-33.694
-44.436,-46.036,-17.502,46.8,-10.497,-33.516,-24.627,-106.42,-88.215,-74.025,-48.337,-51.124
-46.7,-59.329,-20.721,59.692,-10.221,-32.652,-25.965,-108.78,-89.259,-73.861,-51.529,-62.093
-41.117,-76.387,-25.649,58.762,-4.4954,-41.881,-24.761,-99.39,-80.72,-67.021,-51.202,-62.286
-25.852,-73.509,-36.475,49.483,8.5912,-57.548,-18.316,-69.118,-55.266,-47.886,-47.638,-59.439
0.7816,-64.78,-60.022,30.962,30.971,-63.697,-2.4394,-7.5476,-6.152,-11.048,-37.299,-50.161
40.661,-50.259,-89.696,2.5461,64.034,-70.405,27.15,93.065,72.442,47.525,-16.366,-30.853
96.016,-28.545,-123.43,-35.741,108.38,-75.036,72.164,233.47,185.74,133.02,19.794,3.1257
165.71,3.5169,-154.7,-85.452,158.47,-72.315,130.95,406.37,333.8,252.07,79.272,60.149
244.27,52.113,-175.28,-149.35,207.14,-55.262,198.66,595.76,508.61,405.7,170.96,149.63
325.51,125.66,-176.71,-227.81,247.26,-18.634,267.05,777.98,697.54,590.71,299.79,276.18
402.83,230.07,-149.62,-317.38,271.44,41.849,324.96,925.28,885.43,801.75,466.41,439.79
468.86,360.11,-87.245,-413.71,273.29,136.79,360.87,1011,1056,1028.9,665.72,635.71
515.7,506.67,12.207,-510.2,248.15,267.6,366.12,1014.5,1192.1,1255.5,884.3,851.13
535.13,658.31,144.66,-595.7,193.73,412.65,337.3,925.93,1275,1455.9,1098.5,1063.1
519.13,793.9,298.23,-655.63,111.3,557.83,276.81,748.66,1285.1,1595.5,1274.8,1238.6
461.77,887.95,453.47,-674.63,7.0933,681.21,191.9,497.52,1204.2,1633.7,1374.1,1338.9
362.68,917.45,586.63,-640.77,-106.99,759.77,91.603,193.69,1019.7,1534.9,1362,1329.4
230.1,869.04,674.2,-550.85,-215.19,776.24,-17.265,-140.15,731.76,1283.1,1221.9,1193.1
80.155,745.16,701.38,-413.65,-302.57,725.33,-131.57,-481.11,358.65,894.33,965.06,940.45
-67.423,565.55,668.84,-249.01,-359.84,617.41,-249.23,-804.91,-60.235,419.49,631.27,610.8
-194.24,362.09,591.14,-82.447,-384.8,475.66,-365.46,-1085.3,-470.14,-65.975,279.14,262.11
-286.94,168.42,489.33,62.147,-380.81,327.41,-471.09,-1296.6,-814.29,-484.23,-32.051,-46.729
-339.2,10.126,382.85,168.55,-353.86,195,-554,-1419.2,-1049.9,-778.56,-260.22,-273.63
-351.86,-100.22,284.88,230.86,-310.81,91.227,-602.68,-1444.7,-1159,-927.53,-389.95,-402.89
-331.5,-162.96,201.36,252.64,-258.53,19.041,-610.49,-1379.5,-1150.4,-944.56,-431.1,-443.9
-288.22,-187.57,132.47,243.52,-202.93,-26.317,-578.32,-1242.6,-1052.1,-865.9,-409.33,-421.78
-233.12,-186.64,76.483,215.36,-148.57,-52.434,-514.55,-1061,-900.3,-734.08,-353.32,-365.25
-176.29,-171.74,32.505,179.31,-99.186,-66.576,-431.2,-862.62,-729.61,-585.58,-285.95,-297.78
-125.19,-151.7,0.64452,143.71,-58.884,-72.734,-340.81,-671.36,-566.36,-446.29,-222.7,-235.05
-84.604,-132.21,-19.899,109.07,-30.58,-73.498,-254.26,-503.7,-426.56,-330.74,-171.71,-184.96
-57.294,-101.36,-30.858,77.403,-13.195,-71.364,-179.62,-368.21,-316.41,-243.28,-134.4,-148.52
-43.35,-66.585,-34.579,66.408,-4.2163,-63.743,-121.06,-266.64,-234.85,-180.62,-107.64,-122.52
-37.505,-62.505,-32.224,61.51,-1.5019,-40.106,-78.543,-195.31,-177.66,-137.06,-85.866,-102.39
-35.901,-62.027,-21.412,57.568,-4.0557,-34.959,-49.259,-147.26,-138.73,-108.46,-71.586,-90.258
-35.671,-61.121,-8.0455,53.002,-9.171,-33.598,-30.099,-116.11,-111.8,-88.711,-62.129,-82.655
-30.92,-59.606,-4.1644,47.767,-11.54,-32.654,-17.926,-96.244,-92.995,-73.991,-53.733,-76.591
-26.904,-57.952,-1.9607,43.708,-14.471,-31.913,-8.1277,-83.965,-80.411,-62.494,-44.896,-68.875
-26.23,-56.524,0.055401,41.4,-17.111,-31.343,-4.0374,-75.793,-70.623,-53.303,-36.247,-57.907
-26.484,-55.438,2.0751,40.159,-19.265,-30.894,-1.7009,-69.117,-62.896,-45.494,-30.995,-48.927
-26.866,-54.663,3.9238,39.446,-21.015,-30.531,-0.5695,-63.773,-55.656,-37.63,-28.123,-43.288
-27.037,-54.124,5.2523,38.975,-22.197,-30.282,-1.8367,-56.041,-44.798,-32.642,-26.346,-39.79
-26.696,-53.748,5.5969,38.551,-22.429,-30.224,2.0538,-47.99,-36.948,-29.607,-25.136,-37.505
-25.562,-53.462,4.4624,38.009,-21.309,-30.448,6.0433,-43.713,-32.616,-27.347,-24.276,-35.942
-23.464,-53.202,1.524,37.229,-18.625,-31.007,8.1223,-40.924,-29.701,-25.511,-23.666,-34.848
-20.433,-52.918,-3.1696,36.161,-14.495,-31.88,9.0543,-38.779,-27.477,-23.953,-23.25,-34.085
-16.726,-52.568,-9.13,34.836,-9.4027,-32.951,9.3373,-36.972,-25.662,-22.571,-22.977,-33.559
-12.76,-52.109,-15.522,33.341,-4.076,-34.032,9.3017,-35.335,-24.09,-21.278,-22.784,-33.187
-8.9773,-51.492,-21.379,31.77,0.7282,-34.906,9.1956,-33.747,-22.622,-19.979,-22.576,-32.875
-5.6985,-50.666,-25.874,30.172,4.456,-35.38,9.2008,-32.104,-21.125,-18.568,-22.235,-32.513
-3.0291,-49.596,-28.538,28.531,6.8795,-35.345,9.4307,-30.306,-19.48,-16.928,-21.629,-31.986
-0.87729,-48.278,-29.32,26.783,8.0758,-34.79,9.9188,-28.273,-17.599,-14.958,-20.638,-31.197
0.93759,-46.746,-28.475,24.854,8.3232,-33.777,10.611,-25.974,-15.453,-12.597,-19.191,-30.084
2.5731,-45.047,-26.372,22.705,7.9792,-32.405,11.388,-23.448,-13.078,-9.8549,-17.282,-28.626
4.1114,-43.227,-23.354,20.338,7.3718,-30.771,12.119,-20.787,-10.559,-6.8135,-14.977,-26.842
5.5724,-41.306,-19.688,17.79,6.711,-28.97,12.722,-18.086,-7.9811,-3.588,-12.385,-24.773
6.9359,-39.267,-15.622,15.106,6.0333,-27.076,13.223,-15.37,-5.3635,-0.2551,-9.5944,-22.449
8.1651,-37.046,-11.466,12.336,5.2406,-25.135,13.745,-12.556,-2.6204,3.2206,-6.6126,-19.854
9.2262,-34.553,-7.5954,9.5299,4.2608,-23.174,14.436,-9.4873,0.41034,6.9819,-3.3642,-16.916
10.126,-31.714,-4.3952,6.7342,3.1958,-21.221,15.365,-6.0115,3.8943,11.213,0.2353,-13.555
10.926,-28.508,-2.2015,3.9909,2.308,-19.308,16.477,-2.0526,7.9351,16.072,4.1994,-9.7398
11.727,-24.998,-1.2427,1.332,1.8885,-17.474,17.612,2.3574,12.558,21.663,8.4514,-5.509
12.629,-21.331,-1.5503,-1.2112,2.127,-15.75,18.571,7.1025,17.745,28.058,12.854,-0.95229
13.696,-17.712,-2.8773,-3.5969,3.031,-14.151,19.191,12.034,23.481,35.29,17.289,3.8402
14.943,-14.331,-4.7136,-5.7886,4.4143,-12.655,19.406,17.021,29.767,43.366,21.717,8.8216
16.357,-11.278,-6.4181,-7.7973,5.9632,-11.192,19.253,21.979,36.628,52.239,26.203,14.004
17.911,-8.4812,-7.4047,-9.7127,7.3492,-9.6748,18.857,26.88,44.114,61.783,30.892,19.44
19.612,-5.7353,-7.2967,-11.697,8.346,-8.0445,18.367,31.764,52.298,71.822,35.975,25.2
21.578,-2.7643,-5.992,-13.939,8.919,-6.2927,17.907,36.728,61.282,82.136,41.654,31.364
24.145,0.69421,-3.6483,-16.586,9.2284,-4.4364,17.53,41.898,71.122,92.52,48.108,38.025
27.827,4.8157,-0.64316,-19.674,9.5721,-2.4708,17.209,47.374,81.713,102.85,55.442,45.299
32.993,9.6238,2.4825,-23.137,10.221,-0.3518,16.862,53.173,92.728,113.09,63.624,53.312
39.441,14.953,5.122,-26.907,11.358,1.9584,16.392,59.212,103.73,123.31,72.441,62.152
46.595,20.487,6.7138,-31.025,13.24,4.4087,15.725,65.364,114.42,133.64,81.566,71.807
54.249,25.892,6.8422,-35.621,16.317,6.8181,14.828,71.566,124.71,144.25,90.741,82.138
62.745,30.947,5.3431,-40.827,21.124,8.944,13.718,77.887,134.75,155.34,99.931,92.951
72.575,35.598,2.3648,-46.756,28.068,10.625,12.455,84.481,144.8,167.11,109.32,104.11
83.993,39.929,-1.6777,-53.515,37.176,11.877,11.107,91.476,155.06,179.74,119.18,115.57
96.854,44.083,-6.2133,-61.208,47.987,12.861,9.717,98.863,165.7,193.36,129.76,127.35
110.62,48.183,-10.611,-69.923,59.61,13.786,8.2967,106.48,176.79,208.05,141.21,139.46
124.5,52.299,-14.301,-79.701,70.92,14.814,6.8368,114.04,188.33,223.71,153.56,151.91
137.69,56.514,-17.018,-90.456,80.956,16.042,5.3143,121.3,200.24,240.16,166.71,164.68
149.7,61.025,-18.97,-101.88,89.407,17.492,3.6835,128.04,212.37,257.13,180.48,177.82
160.56,66.186,-20.771,-113.46,96.724,19.085,1.8699,134.19,224.54,274.44,194.71,191.46
170.7,72.362,-23.226,-124.67,103.76,20.585,-0.20871,139.78,236.59,291.99,209.3,205.69
180.9,79.695,-26.952,-135.36,111.25,21.677,-2.6055,144.9,248.47,309.77,224.18,220.58
192.03,88.053,-31.961,-145.84,119.5,22.199,-5.3135,149.7,260.15,327.81,239.31,236.05
204.47,97.24,-37.527,-156.59,128.19,22.349,-8.2598,154.27,271.58,346.04,254.63,251.98
217.69,107.15,-42.519,-167.73,136.46,22.661,-11.328,158.65,282.63,364.22,269.97,268.11
230.62,117.64,-45.932,-178.96,143.49,23.774,-14.404,162.76,293.05,381.92,285.03,284.09
242.51,128.33,-47.233,-189.73,149.09,26.102,-17.414,166.5,302.63,398.6,299.41,299.5
253.23,138.66,-46.56,-199.66,153.69,29.581,-20.347,169.79,311.18,413.8,312.68,313.93
263.06,148.07,-44.931,-208.6,158.02,33.635,-23.242,172.59,318.67,427.29,324.55,327.07
272.18,156.26,-43.839,-216.53,162.56,37.463,-26.158,174.92,325.09,439.05,334.93,338.8
280.41,163.24,-44.24,-223.48,167.22,40.458,-29.158,176.83,330.52,449.21,343.9,349.12
287.28,169.25,-46.148,-229.39,171.59,42.477,-32.282,178.34,334.99,457.92,351.62,358.14
292.33,174.57,-48.692,-234.19,175.15,43.839,-35.512,179.43,338.46,465.29,358.26,365.98
295.32,179.45,-50.49,-237.83,177.27,45.146,-38.733,179.94,340.77,471.3,363.92,372.73
296.2,183.95,-50.17,-240.33,177.23,47.005,-41.728,179.69,341.68,475.82,368.59,378.31
295.11,187.92,-46.838,-241.76,174.61,49.716,-44.246,178.48,340.95,478.66,372.1,382.5
292.45,191.09,-40.713,-242.24,169.77,53.091,-46.146,176.21,338.45,479.58,374.26,384.99
288.79,193.26,-33.146,-241.94,163.8,56.565,-47.502,173.03,334.32,478.46,374.88,385.56
284.76,194.45,-25.855,-241.01,157.93,59.509,-48.58,169.26,328.93,475.35,373.98,384.32
280.86,194.78,-20.305,-239.56,153,61.496,-49.692,165.24,322.74,470.51,371.73,381.57
277.28,194.38,-17.316,-237.57,149.41,62.402,-51.023,161.22,316.09,464.22,368.36,377.72
273.85,193.27,-16.781,-234.88,147.1,62.408,-52.546,157.29,309.1,456.68,363.97,373.02
269.97,191.44,-17.774,-231.24,145.47,61.938,-54.12,153.37,301.66,447.9,358.49,367.49
264.74,188.77,-18.977,-226.29,143.54,61.501,-55.587,149.25,293.49,437.72,351.67,360.97
257.29,185.12,-19.135,-219.72,140.23,61.483,-56.702,144.72,284.32,425.93,343.27,353.19
247.1,180.32,-17.469,-211.39,134.72,61.985,-57.032,139.6,273.99,412.4,333.27,343.98
234.27,174.26,-13.956,-201.41,126.82,62.82,-56.091,133.75,262.6,397.24,321.89,333.35
219.49,166.92,-9.182,-190.18,117.03,63.648,-53.565,127.15,250.39,380.8,309.48,321.47
203.86,158.37,-3.9387,-178.26,106.17,64.131,-49.409,119.81,237.66,363.48,296.37,308.65
188.42,148.71,1.0422,-166.25,95.144,64.012,-43.861,111.76,224.69,345.63,282.8,295.19
173.82,138.09,5.2735,-154.57,84.498,63.157,-37.414,103.12,211.64,327.35,268.87,281.27
160.18,126.78,8.6396,-143.33,74.314,61.592,-30.764,94.07,198.53,308.55,254.48,266.91
147.17,115.25,11.343,-132.4,64.251,59.472,-24.589,84.992,185.32,289.13,239.46,252.06
134.23,104.02,13.698,-121.52,53.688,56.963,-19.257,76.347,171.97,269.18,223.71,236.71
120.81,93.445,15.907,-110.36,42.132,54.137,-14.76,68.501,158.59,249.05,207.44,221.02
106.64,83.626,17.944,-98.57,29.812,50.981,-11.014,61.556,145.41,229.28,191.14,205.36
91.801,74.471,19.508,-85.95,18.389,47.453,-7.9631,55.351,132.65,210.38,175.39,190.05
76.736,65.852,20.073,-72.7,10.135,43.462,-5.3034,49.567,120.42,192.56,160.55,175.38
62.31,57.704,19.136,-59.817,5.7006,38.836,-2.9281,43.82,108.58,175.73,146.71,161.42
49.816,49.994,16.495,-48.869,4.3346,33.38,-1.1596,37.746,96.792,159.59,133.65,148.06
40.513,42.594,12.39,-40.839,5.1457,27.054,-0.19558,31.094,84.622,143.74,120.98,135.04
34.699,35.286,7.4562,-35.429,7.3197,20.152,0.00013156,23.819,71.776,127.86,108.27,122.02
31.538,27.943,2.5256,-31.656,9.9841,13.277,-0.42237,16.089,58.36,111.78,95.023,108.62
29.764,20.686,-1.6234,-28.641,12.236,7.0735,-1.246,8.2308,45.048,95.36,80.853,94.59
28.363,13.822,-4.4581,-25.854,13.37,1.9496,-2.2355,0.64837,32.805,78.426,65.752,80.042
26.802,7.6295,-5.8378,-23.032,13.16,-1.996,-3.1868,-6.2341,22.287,61.132,50.658,65.626
24.956,2.1889,-6.0781,-20.041,11.91,-4.8945,-3.9683,-12.08,13.602,44.581,37.155,52.318
22.893,-2.6617,-5.8195,-16.792,10.209,-7.0553,-4.5584,-16.762,6.5574,30.37,26.129,40.832
20.675,-7.2553,-5.7256,-13.215,8.5938,-8.93,-5.0374,-20.377,0.87409,19.221,17.356,31.32
18.285,-11.93,-6.1654,-9.2763,7.3399,-10.966,-5.5107,-23.165,-3.7317,10.755,10.226,23.531
15.65,-16.826,-6.9905,-5.0007,6.3861,-13.364,-6.0265,-25.386,-7.5167,4.2389,4.2625,17.07
12.638,-21.774,-7.5531,-0.49183,5.3154,-15.923,-6.538,-27.241,-10.677,-0.91957,-0.79357,11.6
9.0896,-26.397,-7.0146,4.0951,3.4744,-18.171,-6.886,-28.83,-13.327,-5.0845,-5.0525,6.9136
4.9345,-30.362,-4.7621,8.6094,0.33984,-19.672,-6.8355,-30.168,-15.519,-8.4571,-8.5445,2.9105
0.29356,-33.584,-0.73052,12.951,-4.0722,-20.283,-6.1932,-31.231,-17.281,-11.16,-11.287,-0.45908
-4.5326,-36.224,4.4821,17.07,-9.165,-20.224,-4.9308,-32.009,-18.661,-13.296,-13.337,-3.2501
-9.1745,-38.55,9.7396,20.927,-14.068,-19.969,-3.2273,-32.532,-19.737,-14.98,-14.809,-5.5485
-13.277,-40.78,13.686,24.456,-17.931,-20.041,-1.4053,-32.878,-20.615,-16.336,-15.867,-7.4651
-16.535,-43.004,15.196,27.562,-20.113,-20.81,0.19803,-33.15,-21.408,-17.488,-16.685,-9.1183
-18.743,-45.192,13.781,30.168,-20.345,-22.382,1.3575,-33.453,-22.207,-18.538,-17.418,-10.603
-19.881,-47.247,9.7765,32.241,-18.821,-24.599,2.0267,-33.858,-23.056,-19.546,-18.171,-11.974
-20.145,-49.052,4.2188,33.807,-16.157,-27.112,2.3248,-34.374,-23.944,-20.525,-18.979,-13.238
-19.887,-50.512,-1.5189,34.933,-13.192,-29.5,2.4554,-34.95,-24.809,-21.445,-19.814,-14.36
-19.498,-51.585,-6.1941,35.707,-10.713,-31.406,2.5976,-35.509,-25.582,-22.263,-20.622,-15.298
-19.286,-52.297,-9.0393,36.215,-9.2553,-32.643,2.8158,-36.001,-26.227,-22.963,-21.373,-16.062
-19.394,-52.734,-9.858,36.524,-9.0022,-33.233,3.0427,-36.438,-26.771,-23.576,-22.081,-16.73
-19.778,-52.998,-8.9782,36.685,-9.7659,-33.356,3.1448,-36.881,-27.295,-24.174,-22.796,-17.425
-20.244,-53.164,-7.2252,36.729,-11.03,-33.224,3.0189,-37.388,-27.88,-24.835,-23.558,-18.254
-20.539,-53.27,-5.7048,36.681,-12.137,-33.022,2.646,-37.968,-28.559,-25.593,-24.361,-19.243
-20.459,-53.337,-5.3201,36.564,-12.547,-32.914,2.0787,-38.57,-29.288,-26.416,-25.137,-20.316
-19.912,-53.386,-6.3611,36.402,-12.003,-33.003,1.4218,-39.112,-29.974,-27.216,-25.79,-21.335
-18.94,-53.425,-8.4235,36.21,-10.581,-33.26,0.82666,-39.519,-30.519,-27.894,-26.243,-22.161
-17.699,-53.424,-10.667,35.99,-8.6526,-33.512,0.45213,-39.741,-30.857,-28.375,-26.456,-22.702
-16.425,-53.311,-12.192,35.724,-6.7728,-33.512,0.39334,-39.768,-30.966,-28.627,-26.43,-22.928
-15.385,-53,-12.314,35.4,-5.4887,-33.027,0.63659,-39.623,-30.871,-28.667,-26.198,-22.872
-14.83,-52.451,-10.756,35.043,-5.1714,-31.946,1.0794,-39.354,-30.626,-28.545,-25.818,-22.613
-14.952,-51.688,-7.7167,34.713,-5.9396,-30.325,1.5972,-39.015,-30.293,-28.324,-25.361,-22.247
-15.844,-50.788,-3.7813,34.479,-7.6824,-28.367,2.1088,-38.651,-29.923,-28.062,-24.888,-21.862
-17.475,-49.832,0.30882,34.389,-10.137,-26.346,2.6029,-38.29,-29.547,-27.798,-24.442,-21.511
-19.693,-48.872,3.9161,34.446,-12.985,-24.514,3.1251,-37.939,-29.166,-27.546,-24.043,-21.211
-22.252,-47.922,6.7216,34.601,-15.935,-23.051,3.7393,-37.583,-28.761,-27.293,-23.691,-20.947
-24.853,-46.989,8.7928,34.769,-18.769,-22.025,4.4778,-37.188,-28.299,-27.013,-23.371,-20.69
-27.169,-46.116,10.481,34.869,-21.319,-21.374,5.3001,-36.726,-27.759,-26.69,-23.069,-20.425
-28.872,-45.382,12.222,34.852,-23.416,-20.897,6.0899,-36.196,-27.158,-26.332,-22.792,-20.175
-29.662,-44.796,14.313,34.666,-24.855,-20.337,6.6973,-35.649,-26.558,-25.983,-22.572,-19.999
-29.319,-44.243,16.752,34.214,-25.419,-19.497,7.005,-35.165,-26.052,-25.707,-22.456,-19.971
-27.784,-43.587,19.18,33.407,-24.952,-18.345,6.9798,-34.825,-25.725,-25.564,-22.482,-20.142
-25.23,-42.79,20.98,32.255,-23.432,-17.05,6.6852,-34.668,-25.62,-25.579,-22.658,-20.519
-22.07,-41.936,21.52,30.905,-21.02,-15.915,6.2547,-34.68,-25.717,-25.74,-22.956,-21.069
-18.879,-41.153,20.441,29.585,-18.055,-15.229,5.8407,-34.8,-25.953,-25.998,-23.326,-21.736
-16.252,-40.533,17.803,28.527,-15.001,-15.128,5.5623,-34.947,-26.239,-26.287,-23.708,-22.461
-14.63,-40.095,14.051,27.879,-12.337,-15.559,5.4663,-35.043,-26.491,-26.545,-24.05,-23.191
-14.174,-39.794,9.8779,27.658,-10.437,-16.317,5.514,-35.031,-26.649,-26.72,-24.317,-23.884
-14.742,-39.556,6.0458,27.776,-9.4806,-17.133,5.6042,-34.885,-26.683,-26.779,-24.488,-24.504
-15.963,-39.324,3.207,28.094,-9.4156,-17.78,5.6254,-34.601,-26.58,-26.697,-24.545,-25.011
-17.362,-39.08,1.7403,28.448,-10.004,-18.132,5.5185,-34.186,-26.339,-26.45,-24.462,-25.357
-18.506,-38.804,1.6717,28.652,-10.935,-18.144,5.3168,-33.648,-25.964,-26.02,-24.204,-25.484
-19.125,-38.456,2.7578,28.56,-11.952,-17.801,5.1478,-32.992,-25.46,-25.395,-23.731,-25.342
-19.183,-37.98,4.6881,28.139,-12.938,-17.099,5.1947,-32.209,-24.83,-24.583,-23.011,-24.902
-18.873,-37.335,7.2212,27.471,-13.937,-16.073,5.6314,-31.268,-24.071,-23.603,-22.031,-24.165
-18.529,-36.499,10.177,26.678,-15.111,-14.828,6.5519,-30.124,-23.165,-22.473,-20.795,-23.156
-18.472,-35.474,13.359,25.856,-16.627,-13.513,7.9239,-28.743,-22.103,-21.215,-19.324,-21.917
-18.856,-34.272,16.493,25.046,-18.511,-12.256,9.5938,-27.135,-20.902,-19.856,-17.662,-20.51
-19.578,-32.874,19.226,24.198,-20.558,-11.122,11.344,-25.371,-19.618,-18.448,-15.894,-19.027
-20.301,-31.208,21.18,23.173,-22.356,-10.092,12.97,-23.562,-18.328,-17.06,-14.132,-17.57
-20.563,-29.18,22.058,21.796,-23.4,-9.0713,14.342,-21.81,-17.093,-15.751,-12.486,-16.228
-19.966,-26.715,21.744,19.973,-23.258,-7.8886,15.475,-20.142,-15.928,-14.546,-11.019,-15.033
-18.337,-23.792,20.376,17.757,-21.722,-6.3221,16.555,-18.48,-14.776,-13.412,-9.7178,-13.943
-15.793,-20.474,18.339,15.346,-18.89,-4.1707,17.873,-16.645,-13.528,-12.272,-8.4942,-12.862
-12.668,-16.922,16.24,13.006,-15.134,-1.3392,19.707,-14.432,-12.063,-11.025,-7.2311,-11.681
-9.3946,-13.355,14.805,10.978,-11.001,2.1107,22.288,-11.686,-10.299,-9.5963,-5.8298,-10.332
-6.4202,-9.9364,14.549,9.3833,-7.1257,5.9671,25.843,-8.3473,-8.2192,-7.9564,-4.2438,-8.8058
-4.163,-6.6786,15.433,8.188,-4.168,9.9478,30.516,-4.4679,-5.8725,-6.1272,-2.4874,-7.1433
-2.9777,-3.4283,17.17,7.2163,-2.7032,13.84,35.937,-0.19834,-3.3508,-4.1672,-0.62364,-5.4138
-3.0788,0.059486,19.863,6.2156,-3.0832,17.601,41.098,4.2346,-0.76306,-2.1496,1.2637,-3.685
-4.4573,3.9906,23.944,4.9465,-5.3595,21.347,45.301,8.5721,1.7857,-0.14234,3.1033,-1.9989
-6.8723,8.4048,29.717,3.2846,-9.298,25.243,48.715,12.587,4.2067,1.8052,4.8602,-0.35849
-9.9368,13.115,37.143,1.2962,-14.463,29.398,52.022,16.135,6.4315,3.6618,6.5387,1.2658
-13.215,17.765,45.824,-0.7859,-20.288,33.784,56.055,19.161,8.4084,5.4038,8.1656,2.9116
-16.264,21.99,55.021,-2.7022,-26.085,38.234,61.617,21.662,10.096,7.0018,9.7654,4.5944
-18.637,25.557,63.69,-4.3161,-31.065,42.482,69.061,23.639,11.458,8.4146,11.341,6.2881
-19.9,28.39,70.644,-5.6504,-34.447,46.23,77.669,25.068,12.472,9.5965,12.87,7.9311
-19.72,30.523,74.832,-6.8207,-35.664,49.212,85.868,25.906,13.127,10.509,14.304,9.4502
-17.987,32.044,75.679,-7.96,-34.535,51.255,92.089,26.098,13.417,11.123,15.583,10.785
-14.89,33.092,73.266,-9.1864,-31.324,52.298,95.122,25.603,13.331,11.414,16.645,11.904
-10.876,33.863,68.218,-10.602,-26.667,52.383,94.145,24.407,12.863,11.37,17.442,12.809
-6.5298,34.575,61.381,-12.289,-21.382,51.63,88.788,22.527,12.032,11.012,17.959,13.531
-2.4054,35.413,53.587,-14.286,-16.282,50.252,79.154,19.992,10.881,10.396,18.208,14.116
1.1008,36.498,45.633,-16.555,-12.043,48.578,65.889,16.821,9.4628,9.5908,18.213,14.585
3.8012,37.882,38.429,-18.971,-9.0657,46.985,50.498,13.019,7.805,8.6437,17.994,14.917
5.691,39.547,33.052,-21.345,-7.3379,45.718,35.222,8.5844,5.8914,7.5619,17.57,15.062
6.8882,41.391,29.934,-23.487,-6.4684,44.731,21.985,3.5511,3.6805,6.3233,16.969,14.975
7.6043,43.257,28.149,-25.281,-6.0023,43.848,11.544,-1.9627,1.1635,4.9148,16.233,14.658
8.1306,45.009,26.625,-26.73,-5.6508,43.092,3.8165,-7.7185,-1.5826,3.3658,15.415,14.163
8.7294,46.578,25.447,-27.926,-5.3117,42.756,-1.232,-13.373,-4.4032,1.7504,14.575,13.568
9.475,47.96,25.399,-28.966,-5.0959,43.182,-3.3531,-18.556,-7.1181,0.15744,13.743,12.928
10.191,49.17,27.176,-29.853,-5.3198,44.563,-3.3622,-22.983,-9.5887,-1.3475,12.909,12.249
10.533,50.213,31.123,-30.484,-6.3807,46.882,-3.2693,-26.539,-11.747,-2.7355,12.032,11.506
10.16,51.08,37.265,-30.708,-8.5408,49.947,-3.7415,-29.266,-13.586,-4.0043,11.07,10.675
8.8929,51.732,45.272,-30.365,-11.759,53.431,-4.316,-31.297,-15.133,-5.1664,10.013,9.76
6.7578,52.005,54.296,-29.313,-15.666,56.849,-4.5624,-32.785,-16.432,-6.2381,8.8744,8.7868
3.9489,51.517,62.928,-27.434,-19.653,59.514,-4.3074,-33.875,-17.54,-7.2394,7.6623,7.7793
0.75449,49.789,69.477,-24.697,-23.031,60.674,-3.5807,-34.695,-18.512,-8.1974,6.3521,6.7342
-2.5241,46.548,72.521,-21.199,-25.211,59.815,-2.5398,-35.352,-19.408,-9.1477,4.8925,5.6234
-5.6477,41.858,71.334,-17.13,-25.865,56.827,-1.3819,-35.925,-20.281,-10.127,3.2266,4.407
-8.4935,35.974,66.009,-12.664,-25.016,51.862,-0.26772,-36.46,-21.163,-11.16,1.3253,3.0557
-11.064,29.136,57.43,-7.8824,-23.017,45.151,0.71612,-36.965,-22.057,-12.255,-0.80214,1.5617
-13.44,21.483,47.021,-2.7602,-20.447,36.964,1.5443,-37.428,-22.952,-13.406,-3.1159,-0.067582
-15.706,13.072,36.256,2.741,-17.956,27.769,2.2141,-37.838,-23.837,-14.612,-5.5686,-1.8291
-17.893,3.9853,26.366,8.5308,-16.1,18.352,2.7165,-38.21,-24.716,-15.887,-8.1203,-3.7294
-19.962,-5.5075,18.405,14.29,-15.23,9.6058,3.0262,-38.605,-25.62,-17.257,-10.742,-5.7834
-21.812,-14.875,13.138,19.525,-15.418,2.0527,3.0994,-39.111,-26.593,-18.753,-13.411,-8.0042
-23.318,-23.391,10.698,23.781,-16.447,-4.3072,2.882,-39.819,-27.693,-20.399,-16.11,-10.398
-24.374,-30.389,10.458,26.88,-17.875,-9.6128,2.3346,-40.796,-28.966,-22.202,-18.81,-12.957
-24.947,-35.629,11.144,28.975,-19.197,-13.884,1.469,-42.047,-30.422,-24.139,-21.453,-15.636
-25.094,-39.419,11.52,30.422,-20.009,-17.235,0.37419,-43.499,-32.017,-26.144,-23.951,-18.344
-24.935,-42.316,10.914,31.578,-20.091,-20.007,-0.79769,-45.024,-33.653,-28.129,-26.212,-20.965
-24.599,-44.755,9.1296,32.671,-19.423,-22.536,-1.8843,-46.47,-35.21,-29.998,-28.175,-23.39
-24.176,-46.904,6.3465,33.758,-18.148,-24.941,-2.7733,-47.719,-36.582,-31.678,-29.829,-25.548
-23.714,-48.73,3.0134,34.769,-16.511,-27.152,-3.4378,-48.724,-37.709,-33.132,-31.209,-27.412
-23.246,-50.147,-0.36404,35.602,-14.79,-29.046,-3.9311,-49.522,-38.587,-34.354,-32.364,-28.993
-22.826,-51.141,-3.4155,36.206,-13.239,-30.571,-4.3465,-50.209,-39.257,-35.356,-33.339,-30.315
-22.555,-51.82,-5.9839,36.631,-12.056,-31.798,-4.7652,-50.899,-39.781,-36.16,-34.152,-31.407
-22.569,-52.397,-8.0943,37.013,-11.361,-32.9,-5.2153,-51.688,-40.219,-36.786,-34.795,-32.286
-22.99,-53.088,-9.8764,37.509,-11.19,-34.068,-5.6502,-52.58,-40.593,-37.242,-35.246,-32.963
-23.866,-54.015,-11.499,38.212,-11.492,-35.405,-5.9416,-53.411,-40.837,-37.507,-35.48,-33.448
-25.117,-55.143,-13.107,39.104,-12.144,-36.875,-5.8918,-53.794,-40.76,-37.513,-35.479,-33.75
-26.53,-56.309,-14.744,40.045,-12.968,-38.339,-5.2681,-53.131,-40.039,-37.123,-35.23,-33.867
-27.782,-57.293,-16.334,40.806,-13.746,-39.61,-3.8739,-50.781,-38.271,-36.129,-34.707,-33.764
-28.5,-57.88,-17.767,41.115,-14.202,-40.508,-1.7091,-47.146,-35.279,-34.283,-33.848,-33.332
-28.314,-57.898,-19.005,40.695,-13.928,-40.906,0.3296,-56.664,-34.323,-31.708,-32.534,-32.356
-26.938,-57.208,-20.106,39.254,-12.204,-40.745,-6.5732,-89.161,-63.426,-33.588,-30.579,-30.464
-24.622,-55.639,-21.148,36.568,-8.028,-40.013,-16.575,-95.429,-79.736,-62.076,-28.249,-27.265
-25.812,-52.991,-22.236,34.105,-2.3839,-38.696,-19.175,-102.51,-84.423,-71.655,-35.278,-26.55
-36.551,-51.203,-23.55,43.701,0.12078,-36.802,-20.83,-107.6,-87.543,-73.355,-51.887,-52.67
-40.497,-66.052,-25.016,57.159,1.5255,-35.694,-19.496,-104.44,-84.136,-71.339,-52.775,-59.051
-37.35,-75.724,-26.326,55.6,7.2198,-50.844,-13.224,-86.048,-67.153,-60.694,-52.155,-58.699
-26.898,-70.582,-32.19,46.782,20.289,-60.332,0.57741,-44.585,-29.836,-35.486,-47.639,-54.521
-6.5407,-60.852,-62.812,30.63,38.696,-65.147,25.844,30.182,32.128,8.8021,-35.508,-42.798
27.828,-46.011,-89.082,5.7705,60.866,-70.594,65.606,145.87,122.33,74.801,-12.132,-19.731
81.502,-24.542,-116.76,-29.901,101.79,-73.585,119.99,301.84,244.48,166.9,27.005,19.442
152.67,7.4668,-138.31,-80.13,147.07,-67.676,185.96,487.44,399.51,290.93,90.295,82.44
233.04,57.634,-147.83,-148.28,189.82,-46.673,257.23,682.66,582.16,450.51,186.34,177.42
315.06,135.44,-139.56,-232.49,223.9,-6.7555,324.45,860.56,779.06,644,320.45,309.84
392.2,245.58,-105.36,-326.69,242.83,57.754,376.37,991.28,971.67,864.22,492.98,480.47
457.12,380.09,-38.032,-425.46,240.44,158.72,401.85,1048,1140.4,1098.5,697.62,683.26
501.31,528.77,64.432,-521.86,211.57,291.6,392.76,1013.5,1266.4,1327.5,919.22,903.16
515.93,679.65,200.3,-604.78,153.47,437.34,347.13,883.8,1330.8,1523,1132.3,1114.7
492.7,811.75,355.75,-659.91,67.365,582.01,269.99,667.88,1315.5,1648.4,1301.9,1283
426.49,899.5,509.74,-671.92,-40.017,702.75,170.66,384.6,1204,1663.2,1389.3,1369.4
318.79,919.7,637.7,-629.33,-155.94,775.85,58.816,57.632,986.59,1534.6,1362,1341.6
179.8,860.17,716.6,-530.34,-263.37,784.19,-58.79,-288.43,667.23,1251.6,1206.3,1186.4
27.117,725.87,732.71,-385.57,-345.47,724.18,-179.33,-629.38,269.92,836.65,936.89,918.37
-118.24,539.24,687.78,-216.45,-392.15,608.74,-300.79,-940.77,-160.55,346.68,596.38,580.07
-236.95,333.77,598.64,-49.708,-404.13,463.2,-417.9,-1198,-566.82,-140.32,244.4,230.6
-316.11,143.33,488.57,90.038,-389.29,315.34,-521.17,-1379,-894,-548.15,-61.019,-72.553
-351.9,-7.5629,377.95,187.08,-355.71,186.39,-599.06,-1468.4,-1104.9,-824.8,-280.42,-290.43
-348.97,-108.41,279.78,237.72,-309.54,87.166,-641.05,-1462.3,-1188,-954.33,-401.24,-410.73
-317.01,-162.2,199.32,248.69,-256.11,19.502,-641.05,-1370.2,-1156.9,-954.43,-435.36,-445.26
-267.34,-180.42,136.31,232.06,-200.35,-22.005,-600.19,-1213.6,-1041.9,-863.37,-409.36,-419.91
-210.76,-176.28,87.557,200.35,-146.8,-45.506,-527.19,-1020.2,-879.86,-724.06,-351.93,-362.6
-156.06,-160.85,48.898,164.02,-99.836,-59.628,-435.81,-817.94,-704.91,-572.43,-284.65,-295.24
-109.4,-141.99,17.14,129.36,-63.038,-67.441,-340.4,-629.95,-542.39,-433.39,-221.98,-232.88
-74.435,-123.13,-7.4999,85.201,-36.648,-69.997,-252.01,-470.96,-406.09,-320.23,-171.87,-183.4
-53.056,-75.08,-22.262,61.601,-19.079,-69.553,-176.93,-346.35,-300.03,-235.3,-135.15,-147.42
-42.782,-59.813,-28.742,58.039,-9.3308,-59.378,-117.8,-254.23,-222.81,-174.66,-108.38,-121.59
-38.619,-59.566,-29.134,55.711,-5.8824,-39.644,-74.401,-189.11,-170.12,-133.99,-88.147,-103.02
-37.736,-59.838,-24.359,52.195,-7.2024,-37.895,-44.557,-144.17,-134.62,-107.9,-75.344,-92.205
-36.386,-59.558,-16.645,47.761,-10.997,-38.043,-25.875,-114.03,-109.31,-88.976,-66.46,-85.004
-29.813,-58.878,-13.546,43.897,-11.821,-38.062,-14.7,-94.524,-91.055,-74.126,-58.345,-79.614
-25.463,-58.091,-12.535,41.405,-12.973,-37.873,-6.5312,-82.92,-78.823,-62.36,-50.087,-73.876
-23.743,-57.357,-11.855,39.892,-14.115,-37.531,-4.1285,-74.84,-69.122,-53.043,-41.749,-64.206
-22.64,-56.711,-11.364,38.871,-14.59,-37.12,-3.7301,-68.49,-61.572,-45.241,-35.836,-54.936
-21.52,-56.14,-11.356,38.066,-14.297,-36.737,-4.801,-63.24,-53.696,-37.375,-32.457,-48.762
-20.202,-55.63,-12.128,37.334,-13.233,-36.484,-11.149,-55.149,-42.007,-32.046,-30.321,-44.825
-18.695,-55.175,-13.768,36.618,-11.535,-36.436,-10.01,-47.241,-34.087,-28.437,-28.76,-42.137
-17.147,-54.776,-16.058,35.916,-9.5153,-36.602,-7.423,-42.774,-29.357,-25.481,-27.468,-40.12
-15.779,-54.431,-18.494,35.26,-7.6056,-36.914,-5.926,-39.688,-25.915,-22.847,-26.295,-38.468
-14.783,-54.125,-20.437,34.678,-6.2301,-37.237,-5.0024,-37.232,-23.117,-20.423,-25.176,-37.042
-14.236,-53.817,-21.334,34.167,-5.6714,-37.404,-4.3622,-35.158,-20.734,-18.166,-24.09,-35.789
-14.049,-53.444,-20.922,33.664,-5.9718,-37.27,-3.9151,-33.347,-18.647,-16.047,-23.034,-34.693
-13.985,-52.932,-19.323,33.061,-6.9133,-36.768,-3.6373,-31.708,-16.747,-14.016,-22,-33.727
-13.74,-52.226,-17.01,32.244,-8.0843,-35.928,-3.4927,-30.137,-14.921,-12.007,-20.962,-32.836
-13.059,-51.319,-14.648,31.145,-9.0176,-34.872,-3.4097,-28.527,-13.058,-9.9466,-19.878,-31.941
-11.825,-50.254,-12.881,29.775,-9.3383,-33.767,-3.2994,-26.778,-11.072,-7.7768,-18.701,-30.96
-10.084,-49.104,-12.129,28.22,-8.8644,-32.772,-3.0918,-24.817,-8.9056,-5.4541,-17.377,-29.828
-8.0182,-47.942,-12.468,26.608,-7.642,-31.986,-2.7561,-22.593,-6.5183,-2.9355,-15.85,-28.506
-5.8765,-46.812,-13.638,25.059,-5.9187,-31.418,-2.2976,-20.07,-3.8649,-0.15441,-14.054,-26.975
-3.8948,-45.713,-15.148,23.637,-4.0649,-30.989,-1.7497,-17.212,-0.87001,2.994,-11.914,-25.216
-2.2313,-44.591,-16.431,22.32,-2.464,-30.554,-1.1616,-13.985,2.5561,6.6508,-9.3606,-23.203
-0.9294,-43.335,-16.995,20.99,-1.4113,-29.946,-0.58138,-10.362,6.5196,10.977,-6.3445,-20.89
0.066437,-41.805,-16.542,19.474,-1.0558,-29.019,-0.036081,-6.3458,11.109,16.12,-2.8524,-18.212
0.87528,-39.873,-15.034,17.607,-1.383,-27.697,0.48052,-1.9833,16.357,22.164,1.081,-15.099
1.6312,-37.459,-12.695,15.292,-2.2284,-25.996,1.0003,2.6411,22.219,29.067,5.3689,-11.511
2.455,-34.541,-9.9277,12.512,-3.3278,-24.015,1.5643,7.4247,28.585,36.645,9.8735,-7.466
3.4606,-31.134,-7.1777,9.3074,-4.3938,-21.904,2.2018,12.278,35.348,44.64,14.439,-3.0479
4.7868,-27.277,-4.7957,5.7453,-5.1796,-19.817,2.914,17.148,42.454,52.825,18.953,1.6388
6.6293,-23.015,-2.9602,1.8823,-5.4964,-17.872,3.6635,22.026,49.954,61.123,23.387,6.5216
9.2463,-18.393,-1.6873,-2.2427,-5.1871,-16.104,4.3748,26.942,57.988,69.583,27.782,11.586
12.896,-13.457,-0.89281,-6.5938,-4.109,-14.467,4.9465,31.951,66.705,78.299,32.226,16.859
17.718,-8.271,-0.46065,-11.108,-2.1725,-12.856,5.2754,37.123,76.16,87.312,36.813,22.371
23.602,-2.9325,-0.29834,-15.682,0.59582,-11.17,5.2842,42.529,86.262,96.592,41.645,28.139
30.21,2.4506,-0.38026,-20.198,4.0514,-9.3434,4.9453,48.258,96.803,106.11,46.858,34.195
37.207,7.8183,-0.77093,-24.594,8.0123,-7.3623,4.2943,54.429,107.56,115.87,52.686,40.646
44.516,13.206,-1.6093,-28.914,12.356,-5.2358,3.4239,61.191,118.4,126.01,59.482,47.739
52.392,18.726,-3.0449,-33.32,17.065,-2.9589,2.4559,68.672,129.26,136.71,67.61,55.869
61.297,24.475,-5.1495,-38.088,22.209,-0.49035,1.5006,76.874,140.17,148.1,77.167,65.477
71.623,30.452,-7.8514,-43.657,27.891,2.2264,0.62471,85.581,151.15,160.24,87.746,76.787
83.387,36.573,-10.917,-50.71,34.233,5.1988,-0.15423,94.392,162.19,173.13,98.692,89.513
96.099,42.761,-13.982,-60.015,41.354,8.3258,-0.84908,102.89,173.26,186.75,109.65,102.91
108.97,49.018,-16.62,-71.682,49.247,11.421,-1.4773,110.81,184.39,201.05,120.68,116.24
121.11,55.38,-18.441,-84.456,57.558,14.332,-2.0395,118.12,195.63,215.96,131.96,129.17
131.71,61.88,-19.21,-96.604,65.531,17.031,-2.5091,124.92,207.06,231.46,143.62,141.73
140.53,68.554,-18.928,-107.51,72.324,19.604,-2.8383,131.41,218.74,247.54,155.78,154.11
148.47,75.485,-17.832,-117.75,77.715,22.179,-2.984,137.74,230.73,264.28,168.55,166.62
157.11,82.812,-16.363,-128.16,82.564,24.882,-2.9443,143.99,243.02,281.75,182.06,179.59
167.77,90.739,-15.13,-139.21,88.189,27.812,-2.7793,150.16,255.53,300,196.38,193.38
180.84,99.479,-14.822,-150.88,95.392,31.001,-2.5972,156.18,268.07,318.99,211.53,208.26
195.88,109.1,-16.057,-162.82,104.32,34.356,-2.5121,161.92,280.45,338.54,227.49,224.39
211.89,119.39,-19.161,-174.55,114.76,37.622,-2.6019,167.31,292.48,358.31,244.18,241.64
227.75,129.86,-23.947,-185.62,126.1,40.48,-2.8927,172.26,303.96,377.79,261.31,259.6
242.4,140.04,-29.712,-195.73,137.24,42.739,-3.3681,176.77,314.73,396.45,278.37,277.59
255.03,149.67,-35.373,-204.68,146.92,44.49,-3.9922,180.85,324.65,413.81,294.75,294.96
265.01,158.62,-39.666,-212.41,154.1,46.05,-4.7284,184.47,333.56,429.56,309.93,311.19
271.89,166.7,-41.471,-218.82,158.05,47.785,-5.5506,187.63,341.35,443.56,323.61,326
275.54,173.68,-40.192,-223.88,158.54,49.953,-6.4415,190.27,347.96,455.81,335.73,339.3
276.34,179.39,-35.904,-227.65,155.88,52.629,-7.381,192.33,353.39,466.4,346.31,351.05
275.07,183.88,-29.264,-230.34,150.77,55.722,-8.3389,193.81,357.71,475.44,355.42,361.23
272.68,187.36,-21.325,-232.22,144.16,59.039,-9.2854,194.72,361.02,483.08,363.1,369.84
270.07,190.11,-13.298,-233.58,137.16,62.352,-10.212,195.12,363.44,489.4,369.46,376.96
267.9,192.41,-6.2581,-234.64,130.84,65.471,-11.145,195.02,365.08,494.48,374.66,382.78
266.62,194.5,-0.90285,-235.57,125.87,68.285,-12.132,194.43,365.94,498.34,378.88,387.49
266.31,196.54,2.5268,-236.5,122.46,70.774,-13.219,193.27,365.99,500.94,382.24,391.25
266.79,198.55,4.2079,-237.42,120.49,72.966,-14.423,191.45,365.07,502.19,384.78,394.07
267.67,200.43,4.6137,-238.25,119.46,74.885,-15.717,188.86,362.95,501.92,386.43,395.79
268.41,201.91,4.3246,-238.75,118.53,76.5,-17.029,185.42,359.35,499.87,386.99,396.07
268.39,202.63,3.8468,-238.6,116.82,77.726,-18.258,181.12,354.01,495.71,386.14,394.51
266.96,202.32,3.5156,-237.42,113.89,78.454,-19.295,175.97,346.84,489.14,383.55,390.78
263.52,200.87,3.4668,-234.94,109.98,78.604,-20.059,170.07,337.92,480.09,378.92,384.71
257.69,198.37,3.6592,-231.02,105.59,78.157,-20.53,163.48,327.55,468.62,372.14,376.4
249.43,194.98,3.929,-225.66,101,77.146,-20.743,156.26,316.05,454.9,363.27,366.11
239.13,190.79,4.052,-218.92,96.31,75.633,-20.755,148.46,303.64,439.16,352.49,354.2
227.46,185.78,3.8159,-210.9,91.603,73.701,-20.601,140.14,290.39,421.69,340.05,340.92
215.14,179.89,3.1075,-201.78,86.915,71.442,-20.27,131.34,276.34,402.89,326.2,326.47
202.64,173.05,1.9877,-191.84,82.172,68.959,-19.71,122.12,261.6,383.2,311.19,311.01
190.22,165.23,0.71058,-181.32,77.231,66.378,-18.861,112.57,246.39,362.96,295.25,294.68
178.05,156.39,-0.34283,-170.4,71.921,63.838,-17.685,102.74,230.93,342.37,278.59,277.65
166.19,146.48,-0.80086,-159.2,66.066,61.446,-16.183,92.707,215.42,321.44,261.37,259.97
154.66,135.43,-0.43906,-147.74,59.508,59.222,-14.402,82.494,199.89,300.06,243.66,241.67
143.37,123.29,0.7532,-136,52.179,57.064,-12.423,72.172,184.31,278.13,225.51,222.86
132.14,110.42,2.603,-123.87,44.241,54.76,-10.317,61.939,168.66,255.71,207.03,203.82
120.79,97.527,4.8402,-111.27,36.099,52.031,-8.1096,52.142,152.99,233.15,188.52,185.1
109.2,85.393,7.1749,-98.318,28.204,48.612,-5.8003,43.163,137.51,211.02,170.51,167.32
97.391,74.396,9.3364,-85.342,20.815,44.36,-3.4121,35.24,122.39,189.95,153.58,150.88
85.397,64.364,11.089,-72.752,14.036,39.345,-1.0196,28.416,107.61,170.26,138.03,135.74
73.119,54.862,12.242,-60.851,7.9474,33.824,1.2726,22.602,92.903,151.94,123.75,121.48
60.422,45.524,12.65,-49.816,2.6976,28.104,3.3705,17.624,78.274,134.77,110.24,107.58
47.426,36.159,12.228,-39.707,-1.5325,22.4,5.2074,13.253,64.384,118.5,96.885,93.745
34.761,26.713,10.988,-30.446,-4.672,16.773,6.7532,9.2532,52.168,102.94,83.37,80.236
23.362,17.21,9.0758,-21.858,-6.8692,11.195,8.0428,5.4482,42.052,87.88,70.141,67.714
13.89,7.7601,6.8035,-13.794,-8.4589,5.6679,9.1713,1.7553,33.813,73.269,58.117,56.7
6.3962,-1.3857,4.6113,-6.2348,-9.8223,0.33409,10.239,-1.8284,26.954,59.393,47.852,47.247
0.52176,-9.809,2.9594,0.66021,-11.245,-4.525,11.291,-5.2731,21.01,46.699,39.234,39.066
-4.1194,-17.031,2.1765,6.6187,-12.838,-8.5912,12.283,-8.5584,15.659,35.47,31.827,31.799
-7.7367,-22.725,2.3381,11.403,-14.524,-11.661,13.089,-11.688,10.71,25.724,25.211,25.178
-10.375,-26.878,3.2373,14.952,-16.085,-13.75,13.548,-14.678,6.0723,17.324,19.094,19.047
-12.035,-29.788,4.4575,17.42,-17.249,-15.086,13.524,-17.543,1.7148,10.083,13.302,13.331
-12.77,-31.916,5.5126,19.121,-17.774,-16.002,12.964,-20.278,-2.3508,3.8176,7.7761,8.0104
-12.738,-33.703,6.0023,20.412,-17.534,-16.808,11.932,-22.861,-6.0894,-1.6199,2.5549,3.1053
-12.177,-35.441,5.7326,21.588,-16.56,-17.691,10.593,-25.258,-9.4599,-6.329,-2.2536,-1.3425
-11.356,-37.217,4.7578,22.796,-15.033,-18.683,9.1681,-27.438,-12.434,-10.376,-6.5343,-5.2942
-10.51,-38.935,3.3283,24.02,-13.231,-19.699,7.8614,-29.392,-15.015,-13.818,-10.218,-8.7406
-9.8173,-40.419,1.7722,25.143,-11.47,-20.608,6.8155,-31.141,-17.239,-16.724,-13.3,-11.713
-9.4223,-41.525,0.37327,26.056,-10.045,-21.315,6.1136,-32.72,-19.169,-19.171,-15.823,-14.263
-9.4683,-42.226,-0.706,26.744,-9.203,-21.818,5.7938,-34.16,-20.865,-21.229,-17.838,-16.445
-10.086,-42.639,-1.4368,27.3,-9.1014,-22.228,5.8302,-35.466,-22.366,-22.948,-19.387,-18.284
-11.351,-42.976,-1.8824,27.878,-9.7916,-22.732,6.1182,-36.627,-23.678,-24.357,-20.508,-19.787
-13.231,-43.451,-2.133,28.611,-11.21,-23.5,6.53,-37.624,-24.797,-25.475,-21.256,-20.954
-15.571,-44.181,-2.2489,29.546,-13.187,-24.587,6.9873,-38.447,-25.718,-26.329,-21.696,-21.796
-18.1,-45.137,-2.2388,30.622,-15.462,-25.888,7.4756,-39.091,-26.439,-26.953,-21.891,-22.329
-20.468,-46.178,-2.0848,31.696,-17.706,-27.184,8.0128,-39.552,-26.962,-27.383,-21.888,-22.576
-22.297,-47.117,-1.7988,32.603,-19.542,-28.237,8.6111,-39.826,-27.298,-27.651,-21.725,-22.566
-23.252,-47.805,-1.4866,33.205,-20.591,-28.887,9.2527,-39.926,-27.474,-27.784,-21.443,-22.359
-23.108,-48.178,-1.3808,33.427,-20.525,-29.112,9.8874,-39.883,-27.537,-27.819,-21.101,-22.034
-21.82,-48.272,-1.7982,33.269,-19.163,-29.021,10.45,-39.751,-27.551,-27.804,-20.772,-21.683
-19.557,-48.189,-3.0081,32.799,-16.579,-28.801,10.881,-39.587,-27.585,-27.799,-20.53,-21.389
-16.706,-48.049,-5.0791,32.147,-13.141,-28.644,11.143,-39.443,-27.691,-27.859,-20.425,-21.207
-13.805,-47.948,-7.791,31.477,-9.4563,-28.676,11.228,-39.346,-27.893,-28.022,-20.475,-21.159
-11.438,-47.93,-10.655,30.952,-6.2316,-28.922,11.148,-39.295,-28.173,-28.291,-20.664,-21.234
-10.074,-47.987,-13.041,30.684,-4.0996,-29.299,10.934,-39.256,-28.48,-28.634,-20.948,-21.399
-9.9363,-48.075,-14.372,30.703,-3.4571,-29.665,10.627,-39.18,-28.749,-28.999,-21.276,-21.61
-10.948,-48.145,-14.328,30.957,-4.3627,-29.888,10.261,-39.026,-28.931,-29.335,-21.614,-21.828
-12.783,-48.175,-12.951,31.361,-6.5191,-29.89,9.8646,-38.78,-29.015,-29.616,-21.946,-22.039
-14.997,-48.167,-10.641,31.827,-9.3557,-29.672,9.456,-38.458,-29.03,-29.843,-22.283,-22.251
-17.139,-48.132,-8.0134,32.271,-12.193,-29.298,9.0497,-38.09,-29.029,-30.041,-22.644,-22.487
-18.84,-48.088,-5.7016,32.621,-14.43,-28.859,8.666,-37.706,-29.059,-30.241,-23.044,-22.772
-19.883,-48.047,-4.1459,32.843,-15.7,-28.437,8.3355,-37.322,-29.141,-30.463,-23.474,-23.113
-20.252,-48.007,-3.4686,32.937,-15.965,-28.074,8.0987,-36.94,-29.255,-30.702,-23.905,-23.489
-20.123,-47.948,-3.4751,32.932,-15.489,-27.764,7.9976,-36.553,-29.356,-30.932,-24.293,-23.857
-19.797,-47.846,-3.7738,32.884,-14.716,-27.461,8.0631,-36.152,-29.388,-31.118,-24.602,-24.162
-19.59,-47.701,-3.9529,32.872,-14.076,-27.114,8.3048,-35.738,-29.309,-31.227,-24.812,-24.364
-19.717,-47.539,-3.7452,32.975,-13.839,-26.698,8.7084,-35.311,-29.104,-31.24,-24.927,-24.442
-20.219,-47.4,-3.1231,33.221,-14.05,-26.239,9.2413,-34.873,-28.78,-31.159,-24.963,-24.405
-20.946,-47.306,-2.2762,33.555,-14.565,-25.802,9.8612,-34.424,-28.364,-30.996,-24.945,-24.283
-21.617,-47.232,-1.4786,33.846,-15.139,-25.435,10.522,-33.972,-27.895,-30.777,-24.899,-24.118
-21.953,-47.106,-0.94076,33.944,-15.526,-25.135,11.18,-33.543,-27.418,-30.533,-24.849,-23.952
-21.825,-46.848,-0.71797,33.759,-15.59,-24.847,11.803,-33.166,-26.975,-30.292,-24.81,-23.813
-21.312,-46.416,-0.69515,33.31,-15.361,-24.496,12.387,-32.853,-26.579,-30.066,-24.777,-23.7
-20.645,-45.826,-0.6522,32.702,-15.018,-24.033,12.958,-32.578,-26.208,-29.844,-24.727,-23.582
-20.098,-45.128,-0.38033,32.07,-14.812,-23.453,13.558,-32.285,-25.811,-29.594,-24.622,-23.41
-19.876,-44.374,0.21458,31.517,-14.937,-22.782,14.226,-31.896,-25.326,-29.274,-24.427,-23.145
-20.043,-43.571,1.0728,31.068,-15.44,-22.052,14.983,-31.333,-24.699,-28.841,-24.111,-22.764
-20.49,-42.663,2.0128,30.66,-16.189,-21.26,15.848,-30.516,-23.884,-28.253,-23.652,-22.247
-20.961,-41.525,2.8086,30.151,-16.917,-20.343,16.867,-29.365,-22.833,-27.469,-23.016,-21.563
-21.143,-39.986,3.2819,29.368,-17.316,-19.175,18.144,-27.808,-21.505,-26.448,-22.161,-20.669
-20.784,-37.882,3.3806,28.173,-17.147,-17.594,19.844,-25.807,-19.873,-25.16,-21.049,-19.528
-19.796,-35.116,3.2245,26.531,-16.334,-15.449,22.115,-23.383,-17.961,-23.61,-19.673,-18.143
-18.281,-31.713,3.1018,24.535,-14.999,-12.654,24.944,-20.636,-15.855,-21.849,-18.086,-16.582
-16.479,-27.833,3.4067,22.37,-13.423,-9.2296,28.134,-17.717,-13.692,-19.983,-16.394,-14.962
-14.678,-23.72,4.523,20.229,-11.971,-5.3124,31.533,-14.749,-11.597,-18.135,-14.704,-13.399
-13.127,-19.595,6.697,18.228,-10.996,-1.1044,35.204,-11.76,-9.6156,-16.382,-13.06,-11.944
-11.996,-15.562,9.9766,16.367,-10.764,3.2199,39.288,-8.6753,-7.7032,-14.722,-11.431,-10.571
-11.36,-11.559,14.252,14.55,-11.4,7.5941,43.751,-5.3907,-5.7746,-13.102,-9.7694,-9.2255
-11.204,-7.3968,19.343,12.632,-12.87,12.075,48.307,-1.856,-3.7677,-11.469,-8.0546,-7.8676
-11.442,-2.8609,25.046,10.488,-14.991,16.779,52.601,1.8834,-1.6741,-9.8034,-6.3127,-6.4913
-11.951,2.1637,31.101,8.065,-17.479,21.765,56.461,5.7076,0.47241,-8.1181,-4.5896,-5.1061
-12.592,7.5921,37.143,5.4144,-20.002,26.925,59.987,9.4761,2.6258,-6.4362,-2.9168,-3.7121
-13.221,13.129,42.69,2.6652,-22.238,31.968,63.487,13.072,4.7449,-4.7777,-1.294,-2.2904
-13.682,18.383,47.216,-0.031865,-23.926,36.526,67.364,16.41,6.7888,-3.1597,0.30088,-0.81437
-13.83,23.037,50.333,-2.5643,-24.9,40.342,71.944,19.422,8.7009,-1.6077,1.8875,0.73067
-13.553,26.976,51.964,-4.8942,-25.108,43.37,77.226,22.035,10.403,-0.16569,3.4622,2.3334
-12.787,30.295,52.36,-7.0651,-24.604,45.75,82.713,24.159,11.805,1.1064,4.9923,3.9516
-11.528,33.207,51.955,-9.1759,-23.526,47.706,87.533,25.688,12.825,2.1463,6.4232,5.5158
-9.8272,35.917,51.176,-11.325,-22.054,49.426,90.703,26.499,13.404,2.9075,7.6977,6.9441
-7.7849,38.516,50.322,-13.552,-20.381,51.004,91.384,26.473,13.509,3.3708,8.7775,8.1686
-5.5404,40.976,49.542,-15.821,-18.682,52.432,89.089,25.528,13.134,3.5463,9.6594,9.162
-3.2571,43.217,48.861,-18.043,-17.096,53.653,83.77,23.666,12.308,3.4719,10.381,9.9533
-1.0961,45.189,48.236,-20.134,-15.712,54.617,75.751,20.996,11.107,3.2154,11.017,10.628
0.81341,46.915,47.618,-22.042,-14.569,55.32,65.633,17.724,9.6556,2.8713,11.668,11.306
2.3901,48.465,46.998,-23.738,-13.675,55.814,54.235,14.082,8.0897,2.5414,12.422,12.104
3.598,49.898,46.439,-25.197,-13.021,56.198,42.525,10.26,6.5148,2.2997,13.318,13.081
4.4412,51.234,46.061,-26.396,-12.609,56.596,31.516,6.3509,4.9648,2.1594,14.314,14.205
4.9604,52.477,46.008,-27.34,-12.458,57.125,22.099,2.3609,3.3994,2.0722,15.298,15.354
5.2213,53.642,46.399,-28.069,-12.604,57.857,14.929,-1.7422,1.7401,1.9516,16.131,16.36
5.2914,54.731,47.301,-28.633,-13.086,58.789,10.3,-5.9572,-0.077406,1.7134,16.701,17.073
5.2212,55.683,48.718,-29.051,-13.924,59.839,7.9153,-10.211,-2.069,1.3038,16.95,17.394
5.0345,56.36,50.588,-29.303,-15.1,60.853,6.8439,-14.368,-4.1976,0.70969,16.878,17.288
4.7244,56.59,52.719,-29.332,-16.533,61.635,6.173,-18.272,-6.39,-0.052363,16.524,16.774
4.2612,56.241,54.733,-29.062,-18.064,61.983,5.5609,-21.792,-8.5625,-0.94766,15.941,15.906
3.6261,55.267,56.092,-28.434,-19.459,61.706,5.0573,-24.854,-10.635,-1.9349,15.173,14.745
2.8653,53.676,56.226,-27.432,-20.435,60.619,4.7654,-27.455,-12.554,-2.9855,14.232,13.335
2.1198,51.451,54.677,-26.084,-20.7,58.53,4.6953,-29.655,-14.31,-4.096,13.093,11.692
1.5864,48.475,51.17,-24.416,-20.02,55.264,4.7577,-31.558,-15.942,-5.2861,11.705,9.8095
1.418,44.553,45.661,-22.408,-18.298,50.72,4.8197,-33.279,-17.517,-6.5908,10.014,7.6812
1.6329,39.516,38.39,-19.978,-15.639,44.948,4.7728,-34.914,-19.105,-8.0375,7.9989,5.3194
2.0864,33.327,29.911,-17.016,-12.36,38.163,4.5785,-36.506,-20.743,-9.6279,5.6838,2.7619
2.5093,26.105,21.029,-13.447,-8.9303,30.689,4.2786,-38.045,-22.413,-11.333,3.1323,0.070851
2.579,18.082,12.634,-9.272,-5.8648,22.881,3.9637,-39.491,-24.058,-13.108,0.42647,-2.6886
1.995,9.5357,5.5002,-4.5835,-3.6335,15.059,3.7169,-40.805,-25.627,-14.909,-2.3676,-5.4713
0.54406,0.76445,0.16795,0.45548,-2.5764,7.4847,3.5617,-41.984,-27.103,-16.719,-5.2167,-8.2646
-1.8506,-7.8886,-3.1233,5.638,-2.8407,0.4046,3.4469,-43.071,-28.514,-18.544,-8.1123,-11.077
-5.1096,-16.022,-4.4603,10.744,-4.3549,-5.9128,3.2812,-44.121,-29.911,-20.391,-11.036,-13.912
-9.0105,-23.273,-4.2217,15.586,-6.8509,-11.227,2.9907,-45.169,-31.328,-22.239,-13.929,-16.735
-13.232,-29.47,-2.941,20.055,-9.9291,-15.465,2.5616,-46.204,-32.751,-24.031,-16.692,-19.47
-17.412,-34.661,-1.1321,24.108,-13.147,-18.766,2.0484,-47.174,-34.132,-25.689,-19.216,-22.021
-21.202,-38.978,0.81009,27.716,-16.107,-21.328,1.5455,-48.028,-35.403,-27.139,-21.416,-24.306
-24.319,-42.506,2.62,30.817,-18.515,-23.281,1.1522,-48.73,-36.516,-28.336,-23.255,-26.272
-26.576,-45.272,4.1248,33.316,-20.193,-24.683,0.94177,-49.284,-37.455,-29.277,-24.741,-27.907
-27.912,-47.305,5.196,35.143,-21.072,-25.594,0.94374,-49.735,-38.24,-29.996,-25.916,-29.239
-28.41,-48.688,5.7147,36.314,-21.185,-26.127,1.1409,-50.147,-38.921,-30.552,-26.845,-30.332
-28.29,-49.565,5.5636,36.956,-20.652,-26.451,1.4873,-50.578,-39.563,-31.011,-27.588,-31.265
-27.858,-50.129,4.662,37.281,-19.664,-26.769,1.9264,-51.072,-40.22,-31.421,-28.193,-32.11
-27.417,-50.581,3.0273,37.509,-18.448,-27.277,2.399,-51.661,-40.927,-31.804,-28.686,-32.904
-27.173,-51.081,0.82666,37.799,-17.218,-28.096,2.85,-52.355,-41.692,-32.166,-29.084,-33.651
-27.171,-51.694,-1.6183,38.201,-16.132,-29.207,3.2383,-53.154,-42.506,-32.501,-29.406,-34.33
-27.287,-52.361,-3.9025,38.638,-15.262,-30.427,3.5529,-54.014,-43.327,-32.804,-29.682,-34.917
-27.276,-52.92,-5.6733,38.935,-14.586,-31.494,3.8261,-54.78,-44.054,-33.052,-29.945,-35.398
-26.878,-53.197,-6.7695,38.897,-14.007,-32.199,4.1471,-55.11,-44.5,-33.185,-30.217,-35.781
-25.931,-53.1,-7.2942,38.393,-13.387,-32.486,4.6757,-54.443,-44.365,-33.072,-30.492,-36.065
-24.415,-52.652,-7.5913,37.391,-12.553,-32.46,5.6179,-52.168,-43.274,-32.495,-30.709,-36.207
-22.411,-51.956,-8.1525,35.914,-11.196,-32.331,7.1105,-48.846,-41.129,-31.156,-30.737,-36.078
-20.005,-51.095,-9.4265,33.938,-8.6023,-32.31,8.22,-60.437,-41.56,-29.065,-30.347,-35.454
-17.457,-49.996,-11.445,31.269,-3.892,-32.509,-5.2454,-90.045,-68.918,-31.827,-29.231,-34.056
-17.727,-48.28,-13.663,27.842,-0.22557,-32.859,-14.55,-96.278,-82.226,-63.338,-27.677,-31.946
-28.189,-45.218,-15.956,26.897,-1.779,-33.082,-16.847,-103.46,-87.337,-72.634,-37.239,-34.922
-36.944,-41.718,-19.157,41.172,-2.6966,-32.731,-16.465,-108.64,-91.065,-74.408,-54.181,-58.612
-37.758,-55.969,-23.754,55.174,0.52242,-32.019,-11.653,-105.72,-88.892,-72.342,-54.913,-62.364
-31.09,-74.711,-29.587,54.762,9.6118,-46.474,-1.8731,-87.061,-74.147,-61.89,-53.879,-61.629
-15.173,-71.36,-46.771,45.792,26.388,-59.079,14.512,-43.474,-39.335,-37.292,-49,-57.207
12.348,-62.049,-72.391,27.627,50.74,-64.774,41.509,35.824,21.901,6.9825,-36.705,-45.392
54.321,-47.088,-103.61,-0.66917,85.442,-70.902,83.13,157.37,114.61,74.863,-12.518,-22.011
112.07,-24.976,-136.26,-39.66,130.91,-74.268,139.81,318.62,242.03,171.06,28.506,17.89
181.65,8.6685,-162.01,-91.822,178.53,-68.686,208.2,507.3,401.59,300.04,93.665,82.25
257.63,61.765,-173.32,-159.59,222.02,-47.605,281.35,702.13,583.92,461.93,190.63,178.8
335.04,143.31,-161.41,-241.63,254.6,-5.5916,348.96,875.18,775.28,653.34,324.58,312.06
407.83,257.68,-115.82,-333.98,268.29,63.982,398.83,996.76,959.76,867.78,496.09,482.34
468.85,396.65,-31.099,-431.77,256.05,172.02,419.77,1041.5,1120,1093.8,698.51,683.25
509.98,548.45,89.492,-527.36,214.95,312.47,404.49,993.96,1237.6,1312.6,915.92,899.09
522.51,698.91,236.43,-609.03,146.21,461.37,351.74,851.45,1293.5,1496,1122.3,1103.9
498.49,825.69,393.39,-662.05,54.114,603.72,266.65,623.66,1269.2,1607.5,1282.8,1262.9
433.57,903.63,538.1,-671.55,-52.7,715.78,158.38,329.63,1148.6,1607.6,1359.5,1338.4
329.89,911.44,645.87,-627.23,-161,774.16,36.435,-6.4962,923.21,1465.6,1321.3,1300.1
197.27,839.36,697.29,-528.07,-255.77,764.1,-92.125,-359,599.14,1173.8,1157.1,1136.8
51.608,694.71,685.98,-384.72,-324.84,686.12,-222.46,-701.87,202.62,757.66,883.74,865.41
-88.918,501.58,621.3,-217.86,-362.75,556.93,-349.16,-1008.7,-220.27,275.47,545.12,529.17
-207.9,294.04,523.93,-52.767,-371.24,403.85,-463.72,-1253.5,-612.48,-195.84,200.12,186.5
-293.37,105.65,416.63,87.266,-356.52,255.19,-554.88,-1414.5,-921.1,-583.18,-95.269,-107.03
-339.53,-39.683,316.11,186.6,-325.84,131.61,-612.23,-1478.8,-1111.7,-838.43,-303.87,-314.44
-347.51,-132.62,230.28,240.41,-285.01,42.669,-629.64,-1446.7,-1176.1,-948.89,-414.61,-424.56
-324.59,-178.09,160.34,254.25,-238.16,-12.598,-606.19,-1332,-1130.6,-934.17,-439.6,-449.51
-281.46,-189.75,104.09,239.59,-188.79,-42.846,-546.95,-1159.6,-1007.5,-833.54,-405.21,-415.76
-228.96,-181.64,59.18,208.78,-140.65,-58.7,-463.55,-958.63,-844.36,-690.78,-341.45,-352.95
-175.94,-163.95,24.572,172.43,-97.407,-67.176,-370.59,-756.54,-673.46,-542,-272.32,-284.43
-128.51,-143.91,-0.58755,137.94,-62.402,-70.461,-280.95,-573.86,-516.84,-409.89,-211.52,-223.9
-90.743,-124.5,-17.101,104.56,-36.647,-70.031,-203.48,-422.84,-385.74,-303.59,-163.89,-176.51
-64.161,-80.705,-27.126,78.916,-19.061,-65.973,-142.49,-307.7,-283.27,-222.54,-128.62,-141.66
-48.852,-63.742,-31.921,68.622,-8.4382,-39.554,-97.99,-225.49,-208.28,-162.72,-102.49,-116.39
-41.57,-61.98,-26.709,62.996,-4.5242,-31.749,-66.866,-168.86,-157.77,-122.24,-82.373,-98.582
-38.986,-60.965,-7.0874,58.643,-6.8896,-30.663,-45.199,-130.64,-124.92,-97.451,-70.426,-88.625
-38.549,-59.246,1.1377,53.662,-12.287,-29.774,-29.967,-105.53,-102.42,-80.546,-61.731,-81.887
-36.009,-57.154,5.4181,47.882,-16.483,-28.808,-17.1,-89.014,-86.389,-67.551,-53.485,-76.377
-31.722,-55.196,9.497,43.163,-20.386,-27.849,-9.5932,-79.622,-75.225,-56.785,-44.632,-68.226
-29.543,-53.621,13.116,40.227,-23.562,-26.99,-5.9432,-71.879,-66.199,-48.177,-36.867,-57.307
-28.246,-52.44,15.561,38.414,-25.319,-26.33,-4.7209,-66.227,-59.086,-39.332,-32.403,-49.108
-26.706,-51.578,16.231,37.116,-25.347,-25.988,-9.5956,-60.894,-49.882,-32.145,-29.794,-43.931
-24.611,-50.989,14.74,36.052,-23.572,-26.099,-19.924,-53.024,-39.758,-27.715,-28.025,-40.506
-22.041,-50.676,11.005,35.152,-20.202,-26.772,-19.17,-47.136,-33.651,-24.337,-26.674,-37.997
-19.287,-50.663,5.3452,34.449,-15.748,-28.043,-16.192,-43.463,-29.677,-21.441,-25.534,-35.957
-16.729,-50.936,-1.5202,33.994,-10.928,-29.823,-13.88,-40.798,-26.65,-18.823,-24.493,-34.163
-14.703,-51.422,-8.6245,33.796,-6.4972,-31.897,-12.246,-38.672,-24.116,-16.395,-23.496,-32.52
-13.391,-51.993,-14.97,33.789,-3.0674,-33.966,-11.025,-36.882,-21.866,-14.12,-22.525,-30.996
-12.766,-52.496,-19.744,33.841,-0.97672,-35.734,-10.069,-35.318,-19.789,-11.974,-21.574,-29.584
-12.601,-52.802,-22.495,33.784,-0.2252,-36.984,-9.3159,-33.906,-17.813,-9.9268,-20.628,-28.266
-12.559,-52.823,-23.257,33.465,-0.49857,-37.614,-8.7198,-32.582,-15.879,-7.9269,-19.657,-27.007
-12.319,-52.525,-22.49,32.779,-1.2949,-37.619,-8.2177,-31.288,-13.935,-5.9116,-18.619,-25.753
-11.671,-51.92,-20.824,31.694,-2.1252,-37.066,-7.7296,-29.964,-11.932,-3.8112,-17.467,-24.438
-10.537,-51.037,-18.749,30.24,-2.6788,-36.064,-7.1855,-28.549,-9.8135,-1.5553,-16.16,-22.991
-8.9474,-49.906,-16.534,28.484,-2.8591,-34.743,-6.5493,-26.98,-7.5197,0.9218,-14.664,-21.349
-6.995,-48.53,-14.354,26.498,-2.7095,-33.215,-5.8294,-25.198,-4.9988,3.6748,-12.954,-19.459
-4.7994,-46.899,-12.394,24.35,-2.3013,-31.57,-5.0688,-23.163,-2.2149,6.7428,-11.016,-17.287
-2.4851,-45.014,-10.855,22.1,-1.6565,-29.889,-4.3254,-20.856,0.85041,10.152,-8.8532,-14.826
-0.14116,-42.932,-9.8888,19.803,-0.74001,-28.263,-3.648,-18.273,4.2218,13.939,-6.4812,-12.095
2.1807,-40.775,-9.5452,17.499,0.4842,-26.801,-3.0598,-15.412,7.942,18.18,-3.9144,-9.1178
4.4645,-38.69,-9.7326,15.176,1.9824,-25.608,-2.5426,-12.251,12.087,23.023,-1.1436,-5.8925
6.7166,-36.741,-10.21,12.739,3.6331,-24.725,-2.0349,-8.7466,16.777,28.664,1.866,-2.3709
8.9615,-34.834,-10.621,10.026,5.2786,-24.073,-1.4617,-4.8529,22.14,35.282,5.1616,1.5322
11.268,-32.744,-10.595,6.8771,6.8019,-23.475,-0.77449,-0.55146,28.262,42.937,8.775,5.8999
13.78,-30.223,-9.8895,3.2227,8.163,-22.739,0.021286,4.1296,35.169,51.505,12.712,10.787
16.697,-27.097,-8.5061,-0.86416,9.3716,-21.757,0.86651,9.1257,42.84,60.708,16.968,16.218
20.173,-23.304,-6.7392,-5.1823,10.476,-20.545,1.676,14.365,51.226,70.244,21.552,22.209
24.253,-18.896,-5.1581,-9.5037,11.649,-19.224,2.3674,19.809,60.316,79.92,26.524,28.799
28.986,-14.007,-4.4775,-13.697,13.256,-17.956,2.8892,25.469,70.137,89.666,31.998,36.079
34.596,-8.8058,-5.2886,-17.782,15.799,-16.87,3.2292,31.404,80.685,99.52,38.136,44.18
41.495,-3.4338,-7.791,-21.898,19.76,-16.004,3.406,37.702,91.821,109.55,45.125,53.234
50.031,2.0354,-11.689,-26.242,25.397,-15.292,3.4539,44.476,103.27,119.83,53.113,63.289
60.239,7.6154,-16.269,-31.024,32.628,-14.56,3.4075,51.839,114.75,130.43,62.074,74.215
71.77,13.395,-20.59,-36.441,41.002,-13.552,3.291,59.855,126.07,141.37,71.755,85.698
84.002,19.469,-23.737,-42.685,49.725,-11.988,3.1079,68.463,137.15,152.67,81.741,97.351
96.235,25.824,-25.092,-49.939,57.858,-9.6654,2.8378,77.446,148.05,164.34,91.662,108.89
107.86,32.298,-24.558,-58.313,64.682,-6.5658,2.4464,86.52,158.87,176.46,101.41,120.25
118.49,38.669,-22.647,-67.728,70.034,-2.8901,1.9094,95.494,169.83,189.24,111.16,131.59
128.04,44.813,-20.316,-77.871,74.366,1.0078,1.2326,104.33,181.21,202.95,121.32,143.19
136.76,50.783,-18.589,-88.339,78.567,4.781,0.45185,113.05,193.18,217.81,132.25,155.29
145.15,56.784,-18.11,-98.878,83.546,8.2704,-0.39269,121.6,205.8,233.82,144.16,168.03
153.84,63.125,-18.941,-109.49,89.834,11.591,-1.2873,129.81,218.87,250.77,156.96,181.49
163.38,70.197,-20.67,-120.36,97.267,15.049,-2.2513,137.52,232.06,268.3,170.4,195.74
173.92,78.443,-22.656,-131.56,104.98,18.935,-3.3138,144.65,245.08,286.17,184.23,210.81
184.99,88.203,-24.297,-142.93,111.92,23.335,-4.4796,151.23,257.78,304.28,198.38,226.62
195.77,99.445,-25.208,-154.05,117.48,28.078,-5.7125,157.36,270.15,322.62,212.91,243.02
205.74,111.6,-25.322,-164.53,121.76,32.821,-6.9517,163.12,282.18,341.21,227.93,259.75
214.98,123.79,-24.867,-174.3,125.26,37.217,-8.1517,168.57,293.85,359.91,243.46,276.47
223.89,135.2,-24.241,-183.48,128.63,41.032,-9.3203,173.71,305.04,378.39,259.34,292.75
232.83,145.43,-23.859,-192.25,132.35,44.19,-10.526,178.52,315.58,396.16,275.22,308.16
241.88,154.49,-23.999,-200.67,136.6,46.757,-11.877,182.95,325.26,412.74,290.56,322.32
250.85,162.6,-24.715,-208.72,141.26,48.911,-13.476,186.92,333.89,427.78,304.87,335.01
259.4,169.99,-25.851,-216.28,146,50.881,-15.389,190.4,341.36,441.16,317.82,346.22
267.21,176.77,-27.14,-223.17,150.5,52.863,-17.623,193.36,347.69,452.91,329.33,356.09
274.06,182.87,-28.341,-229.25,154.54,54.93,-20.122,195.76,352.92,463.11,339.52,364.84
279.87,188.11,-29.329,-234.4,158.05,57.002,-22.783,197.61,357.16,471.85,348.58,372.72
284.63,192.36,-30.11,-238.58,161.03,58.899,-25.49,198.87,360.43,479.2,356.65,379.88
288.41,195.58,-30.747,-241.84,163.5,60.448,-28.157,199.51,362.72,485.15,363.77,386.38
291.25,197.88,-31.272,-244.25,165.49,61.568,-30.761,199.43,363.94,489.62,369.81,392.03
293.19,199.41,-31.645,-245.93,166.97,62.289,-33.328,198.54,363.95,492.44,374.53,396.55
294.22,200.35,-31.777,-246.93,167.86,62.723,-35.897,196.78,362.69,493.49,377.75,399.62
294.37,200.86,-31.595,-247.35,168.04,63.005,-38.466,194.2,360.17,492.72,379.41,401.08
293.65,201.05,-31.071,-247.22,167.42,63.24,-40.954,190.95,356.49,490.17,379.6,400.99
292.11,200.98,-30.199,-246.61,165.97,63.48,-43.212,187.26,351.8,485.98,378.47,399.52
289.69,200.68,-28.946,-245.48,163.58,63.76,-45.062,183.31,346.24,480.26,376.14,396.85
286.24,200.13,-27.212,-243.75,160.1,64.12,-46.36,179.23,339.84,473.05,372.63,393.07
281.45,199.28,-24.839,-241.22,155.34,64.619,-47.029,175.02,332.56,464.29,367.82,388.14
275.02,198.02,-21.687,-237.66,149.19,65.304,-47.075,170.58,324.32,453.86,361.54,381.92
266.81,196.23,-17.702,-232.88,141.78,66.199,-46.558,165.76,315,441.64,353.58,374.21
256.95,193.79,-12.956,-226.84,133.37,67.287,-45.515,160.4,304.59,427.53,343.82,364.83
245.8,190.56,-7.6383,-219.71,124.27,68.514,-43.91,154.37,293.1,411.58,332.24,353.73
233.77,186.45,-2.0388,-211.7,114.73,69.763,-41.652,147.56,280.53,394.03,318.97,340.97
221.13,181.35,3.4835,-202.99,104.88,70.846,-38.679,139.98,266.89,375.31,304.38,326.78
208.04,175.19,8.5329,-193.62,94.813,71.519,-35.01,131.67,252.33,355.87,288.95,311.53
194.57,167.89,12.739,-183.57,84.632,71.543,-30.779,122.76,237.23,336.01,273.01,295.56
180.84,159.34,15.832,-172.8,74.52,70.761,-26.239,113.42,222.04,315.8,256.63,279.07
167.08,149.54,17.71,-161.33,64.748,69.149,-21.711,103.83,207.05,295.21,239.74,262.11
153.57,138.61,18.452,-149.27,55.639,66.814,-17.486,94.247,192.35,274.33,222.34,244.67
140.57,126.96,18.292,-136.85,47.387,63.946,-13.746,84.944,177.95,253.4,204.71,226.85
128.26,115.04,17.543,-124.31,39.786,60.748,-10.522,76.172,163.85,232.82,187.29,208.98
116.63,103.23,16.566,-111.74,32.433,57.393,-7.7106,68.069,150.12,212.94,170.59,191.5
105.33,91.746,15.755,-99.025,25.287,54.001,-5.1437,60.619,136.79,193.99,154.98,174.83
93.716,80.666,15.481,-86.04,18.623,50.613,-2.691,53.665,123.78,176.02,140.54,159.22
81.033,70.054,15.985,-72.85,12.461,47.15,-0.32684,46.965,110.87,158.88,127.09,144.68
66.832,59.926,17.292,-59.935,6.5874,43.39,1.8967,40.281,97.704,142.33,114.23,130.94
51.597,50.171,19.212,-48.04,0.89696,39.038,3.9169,33.494,83.918,126.11,101.33,117.5
36.935,40.561,21.387,-37.699,-4.482,33.876,5.6912,26.674,69.453,109.95,87.557,103.74
24.563,30.91,23.364,-28.934,-9.2788,27.928,7.1917,20.044,55.07,93.62,72.312,89.234
15.13,21.261,24.668,-21.452,-13.194,21.493,8.3953,13.85,42.243,76.933,56.596,74.414
8.3137,11.889,24.898,-14.964,-15.977,15.003,9.2905,8.2516,32.002,60.403,43.259,60.704
3.5195,3.1017,23.813,-9.2448,-17.488,8.8108,9.8847,3.2913,24.237,45.514,33.789,49.329
0.25825,-4.9338,21.353,-4.0924,-17.71,3.0752,10.201,-1.0731,18.234,33.515,27.212,40.36
-1.8021,-12.186,17.582,0.65558,-16.735,-2.216,10.264,-4.9359,13.33,24.365,22.124,33.169
-2.8993,-18.648,12.66,5.0476,-14.729,-7.1319,10.082,-8.4171,9.1075,17.26,17.687,27.098
-3.2251,-24.272,6.8802,8.9886,-11.925,-11.693,9.6564,-11.634,5.3362,11.43,13.518,21.677
-2.9473,-28.986,0.71626,12.306,-8.6478,-15.838,8.9981,-14.67,1.9067,6.3983,9.4738,16.626
-2.244,-32.768,-5.1902,14.872,-5.3134,-19.463,8.1419,-17.548,-1.2178,1.9339,5.5381,11.819
-1.3459,-35.688,-10.161,16.698,-2.3781,-22.477,7.145,-20.237,-4.0353,-2.0482,1.7737,7.2561
-0.53937,-37.908,-13.652,17.941,-0.25021,-24.834,6.065,-22.679,-6.5381,-5.5726,-1.7205,3.0031
-0.11745,-39.63,-15.358,18.849,0.78996,-26.538,4.9413,-24.828,-8.7376,-8.657,-4.8519,-0.86218
-0.29945,-41.034,-15.257,19.672,0.63284,-27.635,3.7994,-26.678,-10.67,-11.333,-7.5646,-4.2912
-1.1619,-42.239,-13.625,20.583,-0.64311,-28.212,2.669,-28.254,-12.384,-13.643,-9.8457,-7.2728
-2.6036,-43.3,-11.007,21.64,-2.7597,-28.398,1.6044,-29.589,-13.914,-15.619,-11.712,-9.821
-4.3723,-44.229,-8.1236,22.799,-5.2453,-28.352,0.6886,-30.703,-15.274,-17.281,-13.192,-11.961
-6.1422,-45.024,-5.7226,23.959,-7.5097,-28.241,0.0080246,-31.608,-16.462,-18.64,-14.32,-13.725
-7.6239,-45.685,-4.3851,25.02,-9.0184,-28.208,-0.39368,-32.327,-17.489,-19.726,-15.145,-15.163
-8.6615,-46.229,-4.3467,25.933,-9.4965,-28.347,-0.55317,-32.915,-18.394,-20.594,-15.736,-16.345
-9.28,-46.688,-5.4516,26.714,-9.0401,-28.686,-0.58284,-33.446,-19.231,-21.317,-16.176,-17.359
-9.6623,-47.104,-7.2495,27.427,-8.0558,-29.183,-0.62365,-33.974,-20.038,-21.953,-16.536,-18.275
-10.068,-47.508,-9.1428,28.14,-7.0777,-29.741,-0.7874,-34.499,-20.816,-22.524,-16.855,-19.125
-10.733,-47.902,-10.528,28.889,-6.5826,-30.223,-1.1239,-34.971,-21.532,-23.016,-17.15,-19.903
-11.79,-48.258,-10.947,29.67,-6.8679,-30.503,-1.6261,-35.334,-22.152,-23.408,-17.427,-20.583
-13.22,-48.536,-10.248,30.442,-7.9786,-30.511,-2.258,-35.555,-22.663,-23.696,-17.704,-21.149
-14.838,-48.712,-8.6519,31.14,-9.6848,-30.274,-2.9796,-35.652,-23.087,-23.904,-18.003,-21.614
-16.34,-48.799,-6.6779,31.686,-11.55,-29.909,-3.7528,-35.671,-23.469,-24.069,-18.345,-22.007
-17.42,-48.842,-4.9193,32.032,-13.093,-29.575,-4.5346,-35.662,-23.852,-24.233,-18.739,-22.363
-17.907,-48.894,-3.8002,32.188,-13.963,-29.383,-5.2685,-35.652,-24.257,-24.421,-19.17,-22.706
-17.823,-48.982,-3.4231,32.22,-14.058,-29.337,-5.8865,-35.636,-24.672,-24.632,-19.603,-23.033
-17.354,-49.086,-3.5863,32.214,-13.526,-29.337,-6.3236,-35.576,-25.057,-24.84,-19.996,-23.323
-16.744,-49.15,-3.9486,32.23,-12.655,-29.249,-6.5399,-35.424,-25.358,-25,-20.308,-23.549
-16.21,-49.117,-4.2241,32.29,-11.719,-28.977,-6.5308,-35.141,-25.525,-25.071,-20.515,-23.688
-15.892,-48.964,-4.3003,32.388,-10.905,-28.51,-6.3133,-34.707,-25.53,-25.028,-20.611,-23.729
-15.875,-48.708,-4.2368,32.51,-10.324,-27.923,-5.9029,-34.138,-25.378,-24.875,-20.611,-23.672
-16.203,-48.398,-4.156,32.656,-10.06,-27.333,-5.3053,-33.473,-25.109,-24.643,-20.543,-23.534
-16.89,-48.079,-4.1063,32.827,-10.181,-26.842,-4.5252,-32.765,-24.779,-24.38,-20.432,-23.332
-17.914,-47.775,-3.9873,33.025,-10.734,-26.481,-3.5708,-32.04,-24.429,-24.119,-20.282,-23.072
-19.221,-47.485,-3.5655,33.246,-11.737,-26.191,-2.4462,-31.278,-24.052,-23.854,-20.077,-22.734
-20.721,-47.202,-2.5635,33.489,-13.165,-25.856,-1.1523,-30.416,-23.59,-23.546,-19.784,-22.276
-22.289,-46.924,-0.78534,33.745,-14.934,-25.361,0.2881,-29.392,-22.979,-23.142,-19.379,-21.657
-23.755,-46.638,1.7745,33.979,-16.883,-24.633,1.7991,-28.192,-22.199,-22.627,-18.877,-20.886
-24.917,-46.304,4.883,34.112,-18.781,-23.666,3.2484,-26.886,-21.316,-22.049,-18.346,-20.036
-25.587,-45.865,8.1007,34.048,-20.359,-22.521,4.4893,-25.609,-20.465,-21.514,-17.895,-19.232
-25.655,-45.28,10.892,33.714,-21.389,-21.321,5.4263,-24.506,-19.79,-21.135,-17.624,-18.593
-25.146,-44.556,12.782,33.112,-21.741,-20.213,6.0572,-23.656,-19.376,-20.984,-17.574,-18.181
-24.233,-43.752,13.508,32.338,-21.425,-19.333,6.4599,-23.048,-19.215,-21.056,-17.712,-17.98
-23.187,-42.963,13.102,31.547,-20.581,-18.755,6.7382,-22.604,-19.225,-21.284,-17.95,-17.921
-22.275,-42.276,11.849,30.896,-19.43,-18.465,6.9662,-22.23,-19.293,-21.572,-18.197,-17.923
-21.659,-41.731,10.155,30.477,-18.194,-18.368,7.1613,-21.853,-19.327,-21.834,-18.396,-17.928
-21.338,-41.303,8.3862,30.273,-17.013,-18.331,7.2901,-21.446,-19.286,-22.024,-18.532,-17.914
-21.157,-40.93,6.7824,30.18,-15.931,-18.235,7.2971,-21.017,-19.184,-22.136,-18.628,-17.889
-20.897,-40.54,5.4854,30.064,-14.922,-18.002,7.1424,-20.592,-19.067,-22.195,-18.716,-17.868
-20.394,-40.081,4.6005,29.826,-13.951,-17.587,6.8368,-20.177,-18.979,-22.232,-18.818,-17.852
-19.639,-39.527,4.2156,29.438,-13.033,-16.954,6.459,-19.741,-18.923,-22.256,-18.925,-17.819
-18.786,-38.86,4.3897,28.942,-12.267,-16.054,6.1451,-19.212,-18.851,-22.245,-18.995,-17.723
-18.089,-38.044,5.1471,28.413,-11.822,-14.849,6.0512,-18.504,-18.678,-22.147,-18.97,-17.508
-17.808,-37.021,6.4702,27.906,-11.905,-13.348,6.3026,-17.561,-18.318,-21.906,-18.793,-17.127
-18.125,-35.701,8.2932,27.413,-12.686,-11.609,6.9511,-16.388,-17.729,-21.486,-18.436,-16.569
-19.076,-33.974,10.521,26.847,-14.243,-9.717,7.9603,-15.063,-16.925,-20.893,-17.92,-15.866
-20.514,-31.734,13.068,26.057,-16.515,-7.7201,9.2294,-13.702,-15.974,-20.166,-17.308,-15.084
-22.123,-28.922,15.871,24.875,-19.273,-5.6025,10.648,-12.388,-14.945,-19.357,-16.666,-14.294
-23.491,-25.574,18.841,23.195,-22.123,-3.3,12.157,-11.113,-13.872,-18.487,-16.035,-13.53
-24.216,-21.836,21.801,21.029,-24.562,-0.74719,13.781,-9.7589,-12.722,-17.541,-15.399,-12.774
-23.998,-17.909,24.474,18.511,-26.085,2.0789,15.615,-8.1359,-11.41,-16.463,-14.697,-11.962
-22.67,-13.944,26.539,15.787,-26.297,5.1433,17.791,-6.052,-9.8406,-15.192,-13.849,-11.012
-20.206,-9.9811,27.721,12.92,-25.017,8.3667,20.455,-3.3819,-7.9455,-13.685,-12.788,-9.8564
-16.768,-5.9595,27.885,9.9038,-22.349,11.665,23.744,-0.11138,-5.7142,-11.934,-11.472,-8.468
-12.717,-1.7831,27.105,6.7356,-18.679,14.985,27.662,3.6524,-3.1992,-9.9657,-9.9021,-6.8599
-8.5507,2.5929,25.687,3.4669,-14.603,18.29,31.881,7.699,-0.50478,-7.8324,-8.1157,-5.0817
-4.7921,7.1014,24.09,0.21018,-10.801,21.513,35.795,11.754,2.2351,-5.6056,-6.1861,-3.2085
-1.8521,11.58,22.791,-2.9093,-7.8874,24.544,38.974,15.534,4.877,-3.3698,-4.2077,-1.3279
0.065198,15.85,22.138,-5.8152,-6.2817,27.283,41.463,18.796,7.2812,-1.2218,-2.2788,0.47326
0.99094,19.801,22.29,-8.5018,-6.128,29.699,43.734,21.375,9.3192,0.7286,-0.48601,2.1183
1.1442,23.397,23.261,-10.997,-7.2887,31.856,46.639,23.199,10.886,2.3668,1.1072,3.5509
0.83006,26.651,24.987,-13.301,-9.3965,33.853,51.114,24.275,11.918,3.5972,2.4684,4.7453
0.3254,29.565,27.335,-15.365,-11.95,35.77,57.154,24.659,12.416,4.3739,3.5996,5.7128
-0.18875,32.116,30.077,-17.104,-14.443,37.636,63.25,24.408,12.431,4.7166,4.529,6.493
-0.61186,34.262,32.912,-18.449,-16.462,39.445,67.229,23.535,12.036,4.6985,5.297,7.137
-0.86015,35.975,35.547,-19.376,-17.708,41.169,67.443,22.012,11.294,4.4143,5.9448,7.6935
-0.84752,37.29,37.681,-19.936,-17.992,42.75,63.31,19.825,10.254,3.9493,6.5081,8.203
-0.51403,38.321,38.937,-20.271,-17.287,44.098,55.18,17.004,8.9559,3.3579,7.0086,8.6902
0.16006,39.253,38.976,-20.603,-15.775,45.138,43.998,13.622,7.4279,2.6523,7.4404,9.1533
1.141,40.285,37.838,-21.168,-13.841,45.881,31.07,9.7495,5.6759,1.805,7.7668,9.5602
2.3245,41.562,36.092,-22.119,-11.999,46.465,17.918,5.4315,3.6777,0.76763,7.9357,9.8617
3.5434,43.126,34.596,-23.45,-10.748,47.109,6.034,0.68306,1.3981,-0.49715,7.911,10.015
4.5993,44.907,34.157,-24.999,-10.437,48.011,-3.5183,-4.469,-1.1791,-1.9868,7.6964,10.003
5.3108,46.765,35.22,-26.532,-11.15,49.263,-10.366,-9.9302,-4.0216,-3.6488,7.3356,9.8331
5.5922,48.532,37.651,-27.85,-12.66,50.809,-14.704,-15.502,-7.0372,-5.3951,6.8889,9.5294
5.555,50.061,40.764,-28.87,-14.459,52.455,-17.279,-20.898,-10.089,-7.1319,6.4057,9.1134
5.5312,51.26,43.585,-29.639,-15.898,53.935,-19.41,-25.821,-13.033,-8.7882,5.9054,8.5966
5.913,52.111,45.201,-30.272,-16.391,54.991,-22.184,-30.053,-15.757,-10.331,5.3718,7.9776
6.9139,52.631,45.054,-30.847,-15.629,55.447,-25.621,-33.521,-18.203,-11.765,4.7603,7.2449
8.4366,52.813,43.114,-31.322,-13.689,55.236,-29.245,-36.279,-20.364,-13.111,4.0206,6.3877
10.101,52.56,39.846,-31.514,-11.014,54.382,-32.639,-38.445,-22.264,-14.387,3.1235,5.4101
11.382,51.664,35.996,-31.15,-8.2735,52.941,-35.457,-40.14,-23.939,-15.592,2.0758,4.3375
11.785,49.852,32.314,-29.969,-6.1587,50.912,-37.495,-41.458,-25.415,-16.713,0.91285,3.2075
11.006,46.878,29.291,-27.829,-5.1795,48.188,-38.723,-42.47,-26.714,-17.73,-0.32791,2.0486
9.0049,42.601,27.025,-24.75,-5.5432,44.577,-39.223,-43.238,-27.852,-18.642,-1.6348,0.86019
5.985,37.014,25.278,-20.889,-7.1344,39.921,-39.112,-43.831,-28.853,-19.48,-3.029,-0.39734
2.3051,30.238,23.66,-16.457,-9.5563,34.211,-38.512,-44.329,-29.759,-20.304,-4.5617,-1.7945
-1.6368,22.487,21.841,-11.64,-12.238,27.606,-37.526,-44.822,-30.632,-21.192,-6.2923,-3.4069
-5.5012,14.013,19.669,-6.5364,-14.62,20.38,-36.217,-45.395,-31.541,-22.218,-8.2565,-5.2806
-9.0587,5.0811,17.122,-1.1605,-16.3,12.887,-34.589,-46.109,-32.549,-23.418,-10.439,-7.4056
-12.182,-4.0308,14.217,4.4819,-17.083,5.527,-32.609,-46.983,-33.685,-24.783,-12.768,-9.7144
-14.787,-13,10.976,10.278,-16.956,-1.3468,-30.249,-47.998,-34.938,-26.263,-15.137,-12.107
-16.794,-21.43,7.4819,15.935,-16.055,-7.5146,-27.537,-49.11,-36.267,-27.793,-17.45,-14.489
-18.172,-28.898,3.9185,21.045,-14.628,-12.884,-24.57,-50.275,-37.622,-29.324,-19.639,-16.79
-19.005,-35.087,0.56082,25.272,-12.998,-17.422,-21.494,-51.462,-38.964,-30.827,-21.669,-18.971
-19.508,-39.905,-2.2824,28.516,-11.526,-21.115,-18.462,-52.644,-40.262,-32.288,-23.535,-21.014
-19.968,-43.483,-4.3617,30.909,-10.543,-23.985,-15.59,-53.792,-41.497,-33.692,-25.237,-22.909
-20.654,-46.077,-5.5704,32.693,-10.269,-26.119,-12.937,-54.858,-42.64,-35.008,-26.775,-24.644
-21.738,-47.957,-5.9732,34.092,-10.777,-27.666,-10.517,-55.791,-43.66,-36.197,-28.146,-26.204
-23.242,-49.35,-5.7773,35.266,-11.971,-28.807,-8.3219,-56.561,-44.528,-37.212,-29.343,-27.576
-25.03,-50.434,-5.2666,36.298,-13.609,-29.717,-6.3463,-57.174,-45.235,-38.024,-30.364,-28.751
-26.852,-51.337,-4.7232,37.225,-15.352,-30.527,-4.5812,-57.687,-45.797,-38.631,-31.213,-29.736
-28.42,-52.153,-4.3586,38.056,-16.833,-31.296,-3.0128,-58.204,-46.266,-39.061,-31.902,-30.55
-29.47,-52.914,-4.2781,38.777,-17.735,-32.001,-1.6176,-58.849,-46.714,-39.371,-32.454,-31.232
-29.8,-53.585,-4.4917,39.323,-17.841,-32.57,-0.34534,-59.7,-47.203,-39.613,-32.89,-31.827
-29.302,-54.084,-4.9582,39.592,-17.085,-32.929,0.89462,-60.727,-47.736,-39.808,-33.231,-32.372
-28.015,-54.339,-5.6309,39.508,-15.585,-33.061,2.2186,-61.723,-48.209,-39.916,-33.493,-32.897
-26.169,-54.351,-6.4852,39.082,-13.644,-33.024,3.7413,-62.267,-48.403,-39.84,-33.685,-33.409
-24.185,-54.191,-7.5232,38.422,-11.679,-32.944,5.5542,-61.755,-48.003,-39.434,-33.809,-33.887
-22.57,-53.968,-8.7745,37.675,-10.081,-32.979,7.7245,-59.584,-46.66,-38.515,-33.85,-34.269
-21.699,-53.75,-10.305,36.933,-8.9847,-33.256,10.359,-56.292,-44.3,-36.907,-33.754,-34.427
-21.634,-53.496,-12.172,36.119,-7.8373,-33.82,13.797,-62.942,-43.406,-34.788,-33.419,-34.159
-22.765,-52.99,-14.172,34.97,-5.3783,-34.585,13.534,-90.188,-62.305,-36.072,-32.687,-33.181
-30.413,-51.784,-15.654,34.057,-5.5972,-35.335,-2.7549,-96.43,-80.656,-60.143,-31.541,-31.236
-44.033,-49.385,-16.62,40.746,-11.166,-35.728,-7.6925,-103.01,-85.386,-72.228,-33.643,-30.031
-49.484,-48.488,-18.408,57.297,-13.769,-35.337,-9.3459,-109.31,-89.528,-74.367,-53.114,-49.381
-47.267,-66.106,-22.14,61.368,-11.777,-33.944,-7.4727,-110.59,-90.076,-73.719,-56.215,-61.075
-35.824,-77.304,-28.098,55.934,-4.2544,-38.746,-0.33581,-98.745,-81.599,-66.694,-56.573,-61.575
-13.788,-72.218,-36.775,41.713,10.17,-57.084,14.294,-61.636,-56.569,-48.541,-54.713,-59.415
19.419,-61.546,-55.446,17.663,33.383,-61.683,39.627,12.81,-4.9305,-13.134,-47.879,-51.731
65.044,-44.989,-81.767,-16.095,67.753,-66.153,78.133,129.26,84.169,48.909,-31.33,-33.832
125.65,-20.107,-113.38,-60.156,114.16,-68.404,130.19,284.3,213.46,146.84,3.2951,2.4465
200.83,18.251,-147.04,-117.8,168.38,-63.675,192.91,466.43,374.41,278.75,64.549,67.009
284.62,77.423,-176.51,-191.71,222.46,-46.145,260.03,656.12,554.43,438.89,156.57,162.6
369.19,165.81,-188.81,-279.97,267.98,-11.62,322.54,828.11,740.08,623.47,282.64,291.54
446.39,286.65,-169.01,-377.14,296.83,45.687,369.81,954.99,917.27,827.33,443.15,455.32
507.96,428.3,-110.23,-476.51,301.87,138.52,391.39,1012,1070.6,1039.4,632.7,648.48
545.6,578.24,-12.431,-568.09,277.88,269.42,379.72,982.31,1183.2,1241.1,836.66,855.78
551.08,720.61,116.8,-638.5,222.33,406.95,333.14,861.03,1237.2,1405.5,1030.4,1051.9
516.97,831.77,262.5,-672.56,136.97,535.79,256.87,655.69,1214.5,1499.1,1181.1,1203.4
439.13,887.17,404.59,-656.85,29.291,635.56,160.78,383.62,1100,1486.6,1252.8,1274.3
320.57,868.59,521.07,-584.87,-87.915,685.71,54.538,67.082,885.41,1341.7,1216.5,1235.4
173.17,771.56,592.55,-461.14,-198.89,673.66,-55.989,-270.62,575.94,1058.9,1061,1076.3
15.649,609.25,608.79,-301.76,-288.95,600.41,-168.6,-606.04,195.39,662.69,801.18,812.58
-130.88,409.77,572.41,-130.85,-348.61,481.49,-281.47,-914.42,-213.5,207.04,478.01,485.96
-248.15,207.55,496.95,25.736,-375.18,341.71,-389.58,-1169.6,-596.36,-236.73,147.62,152.78
-324.93,33.136,401.01,147.4,-371.48,206.4,-483.4,-1347.5,-900.82,-600.34,-135.56,-132.64
-358.77,-94.097,301.87,223.75,-343.73,93.792,-551.04,-1432.6,-1091.2,-838.25,-334.59,-333.53
-354.68,-168.29,211.66,255.86,-299.76,12.333,-582.38,-1422.3,-1157.6,-938.2,-437.62,-438.19
-321.88,-196.19,136.64,253.19,-247.16,-38.101,-573.19,-1328.5,-1115.5,-918.86,-455.89,-457.89
-270.8,-193.61,78.718,228.22,-192.16,-63.138,-526.69,-1173.3,-997.06,-817.97,-415.03,-418.9
-211.91,-176.8,37.721,192.47,-139.1,-72.181,-452.02,-984.23,-839.05,-677.72,-345.88,-352.85
-154.82,-155.72,8.4577,155.11,-90.515,-74.517,-362.14,-787.85,-673.08,-532.91,-274.27,-284.1
-106.85,-135.45,-12.301,121.9,-51.417,-73.958,-270.78,-605.35,-520.69,-404.98,-213.24,-224.52
-72.497,-111.85,-24.38,93.737,-26.183,-71.623,-188.62,-449.73,-392.95,-302.57,-166.18,-178.12
-52.879,-74.866,-29.85,76.436,-12.376,-64.392,-121.64,-326.55,-292.49,-225.27,-132,-144.55
-43.681,-67.607,-29.641,67.582,-6.5864,-42.253,-71.931,-236.23,-217.36,-168.76,-107.55,-120.98
-39.95,-66.619,-23.572,62.795,-6.5084,-37.815,-38.475,-174.6,-164.9,-129.71,-89.988,-105.23
-39.255,-65.458,-11.908,58.81,-10.433,-37.029,-17.22,-134.33,-129.99,-104.09,-78.596,-95.333
-38.424,-63.634,-6.9386,53.399,-12.956,-36.485,-2.9911,-108.33,-106.13,-85.647,-70.087,-88.041
-32.372,-61.546,-4.9605,47.231,-13.807,-35.903,12.65,-91.2,-89.256,-71.549,-62.006,-82.263
-27.479,-59.589,-3.8204,42.78,-14.768,-35.298,19.414,-81.129,-77.766,-60.353,-53.646,-77.034
-24.865,-57.942,-3.3957,40.054,-14.821,-34.758,22.996,-73.244,-68.593,-51.561,-45.081,-68.723
-22.67,-56.626,-3.9218,38.169,-13.831,-34.391,23.188,-67.424,-61.524,-43.836,-37.692,-58.792
-20.401,-55.607,-5.5629,36.662,-11.924,-34.286,18.592,-62.446,-54.249,-36.104,-32.995,-51.125
-18.055,-54.83,-8.2706,35.358,-9.3343,-34.471,17.421,-55.607,-44.692,-30.987,-30.014,-45.864
-15.74,-54.215,-11.757,34.174,-6.3751,-34.898,18.985,-49.328,-38.032,-27.501,-27.894,-42.135
-13.56,-53.658,-15.544,33.035,-3.3994,-35.44,19.914,-45.372,-33.938,-24.734,-26.242,-39.317
-11.569,-53.05,-19.048,31.861,-0.73833,-35.922,20.461,-42.585,-31.021,-22.389,-24.874,-37.076
-9.7603,-52.295,-21.699,30.579,1.3589,-36.164,20.79,-40.403,-28.712,-20.341,-23.699,-35.244
-8.0734,-51.342,-23.078,29.134,2.7739,-36.03,20.998,-38.571,-26.763,-18.516,-22.663,-33.729
-6.4142,-50.194,-23.014,27.5,3.5391,-35.459,21.14,-36.937,-25.035,-16.842,-21.729,-32.462
-4.6915,-48.903,-21.615,25.687,3.8122,-34.476,21.233,-35.386,-23.424,-15.241,-20.859,-31.377
-2.8578,-47.547,-19.209,23.735,3.8093,-33.173,21.28,-33.821,-21.841,-13.633,-20.017,-30.405
-0.94248,-46.2,-16.239,21.72,3.7174,-31.678,21.291,-32.164,-20.205,-11.946,-19.156,-29.472
0.95251,-44.906,-13.159,19.733,3.629,-30.12,21.29,-30.352,-18.447,-10.118,-18.227,-28.506
2.6921,-43.667,-10.359,17.855,3.55,-28.617,21.308,-28.342,-16.513,-8.1039,-17.18,-27.442
4.1653,-42.448,-8.1446,16.117,3.4668,-27.265,21.371,-26.096,-14.364,-5.8671,-15.968,-26.229
5.333,-41.211,-6.73,14.496,3.4199,-26.147,21.491,-23.584,-11.976,-3.3805,-14.559,-24.844
6.2318,-39.932,-6.2215,12.935,3.5126,-25.319,21.653,-20.784,-9.339,-0.62172,-12.933,-23.288
6.9468,-38.607,-6.5812,11.371,3.8408,-24.794,21.827,-17.686,-6.4587,2.4354,-11.079,-21.567
7.5656,-37.216,-7.5952,9.7517,4.4065,-24.513,21.977,-14.294,-3.3428,5.8307,-8.9858,-19.678
8.1528,-35.695,-8.8821,8.0378,5.0882,-24.33,22.082,-10.623,0.015253,9.6328,-6.6342,-17.592
8.7376,-33.958,-9.9778,6.2175,5.687,-24.047,22.155,-6.6753,3.658,13.954,-3.9779,-15.244
9.3164,-31.972,-10.483,4.3303,6.0117,-23.489,22.235,-2.4228,7.6704,18.955,-0.94962,-12.536
9.8565,-29.801,-10.187,2.4708,5.9484,-22.572,22.377,2.1794,12.163,24.825,2.5219,-9.3516
10.328,-27.572,-9.107,0.74622,5.497,-21.302,22.625,7.1605,17.244,31.706,6.4919,-5.5865
10.756,-25.389,-7.4473,-0.79586,4.7793,-19.74,22.996,12.515,23.005,39.637,10.976,-1.1732
11.245,-23.256,-5.515,-2.2176,4.0195,-17.971,23.47,18.209,29.519,48.504,15.957,3.892
11.954,-21.082,-3.6216,-3.6783,3.4756,-16.096,23.999,24.201,36.842,58.049,21.385,9.5393
13.025,-18.738,-1.9857,-5.3703,3.3392,-14.234,24.502,30.435,44.968,67.942,27.193,15.636
14.551,-16.097,-0.66476,-7.4519,3.6678,-12.491,24.887,36.833,53.782,77.883,33.303,22.019
16.61,-13.035,0.45595,-10.011,4.3939,-10.902,25.081,43.294,63.062,87.628,39.638,28.553
19.364,-9.4085,1.5952,-13.064,5.4155,-9.3938,25.081,49.726,72.571,97.044,46.155,35.173
23.169,-5.078,2.935,-16.57,6.7392,-7.8315,24.949,56.095,82.151,106.15,52.876,41.904
28.614,0.019854,4.4734,-20.481,8.5953,-6.1155,24.753,62.455,91.742,115.08,59.891,48.855
36.238,5.7968,5.9568,-24.815,11.377,-4.2673,24.497,68.915,101.33,123.97,67.311,56.178
45.863,11.994,6.9267,-29.761,15.358,-2.4477,24.099,75.583,110.88,133,75.192,64.038
56.621,18.268,6.8602,-35.736,20.573,-0.87909,23.408,82.507,120.37,142.28,83.502,72.575
68.168,24.354,5.3566,-43.252,27.183,0.30802,22.239,89.652,129.79,151.93,92.155,81.888
80.79,30.186,2.2827,-52.554,35.562,1.2004,20.425,96.919,139.2,162.07,101.1,91.999
94.431,35.885,-2.2271,-63.392,45.798,2.0887,17.879,104.19,148.68,172.84,110.38,102.83
108.74,41.658,-7.871,-75.249,57.506,3.326,14.658,111.38,158.36,184.4,120.19,114.25
123.55,47.748,-14.211,-87.694,70.085,5.1797,10.972,118.44,168.35,196.94,130.77,126.14
138.75,54.463,-20.67,-100.46,82.895,7.7655,7.1268,125.29,178.76,210.56,142.26,138.4
154.12,62.221,-26.658,-113.37,95.335,11.053,3.4472,131.85,189.63,225.24,154.65,150.94
169.42,71.44,-31.722,-126.27,106.97,14.89,0.18279,138.01,200.88,240.74,167.76,163.65
184.49,82.283,-35.595,-139.11,117.65,19.029,-2.5581,143.71,212.35,256.79,181.34,176.54
199.37,94.424,-38.165,-151.97,127.42,23.205,-4.8259,148.97,223.88,273.13,195.2,189.72
214.12,107.18,-39.403,-164.89,136.17,27.235,-6.7788,153.87,235.33,289.69,209.29,203.33
228.45,119.93,-39.28,-177.78,143.5,31.089,-8.5918,158.46,246.65,306.48,223.64,217.5
241.65,132.37,-37.798,-190.33,148.93,34.89,-10.385,162.83,257.8,323.55,238.29,232.29
252.91,144.44,-35.121,-202.08,152.28,38.832,-12.211,167.03,268.77,340.85,253.24,247.67
261.95,156.05,-31.66,-212.61,153.89,43.048,-14.087,171.06,279.48,358.24,268.36,263.48
269.01,166.84,-28.026,-221.63,154.47,47.47,-16.043,174.88,289.78,375.44,283.39,279.4
274.63,176.34,-24.939,-229.06,154.83,51.782,-18.14,178.37,299.48,392.04,297.96,295.02
279.33,184.12,-23.076,-234.95,155.7,55.541,-20.454,181.38,308.29,407.61,311.69,309.95
283.43,190.06,-22.9,-239.46,157.53,58.381,-23.037,183.76,315.96,421.78,324.24,323.86
287.07,194.33,-24.519,-242.79,160.39,60.157,-25.886,185.39,322.27,434.25,335.4,336.51
290.29,197.22,-27.651,-245.16,164.04,60.962,-28.939,186.26,327.11,444.83,345.02,347.69
293.03,199.09,-31.711,-246.79,168.02,61.056,-32.103,186.36,330.45,453.39,353.02,357.14
295.21,200.23,-35.95,-247.88,171.74,60.773,-35.265,185.72,332.3,459.82,359.28,364.57
296.74,200.87,-39.571,-248.6,174.64,60.432,-38.301,184.39,332.73,464.07,363.79,369.72
297.53,201.22,-41.852,-249.04,176.28,60.278,-41.091,182.41,331.8,466.14,366.61,372.53
297.6,201.4,-42.338,-249.28,176.49,60.451,-43.551,179.87,329.59,466.12,367.93,373.18
297,201.49,-40.998,-249.35,175.35,60.972,-45.646,176.85,326.18,464.18,367.96,371.94
295.88,201.51,-38.247,-249.23,173.17,61.738,-47.381,173.39,321.61,460.44,366.87,369.08
294.4,201.4,-34.801,-248.91,170.42,62.567,-48.749,169.52,315.9,454.94,364.71,364.73
292.72,201.08,-31.417,-248.3,167.54,63.265,-49.676,165.16,309.07,447.55,361.38,358.81
290.92,200.44,-28.629,-247.32,164.88,63.709,-50.047,160.19,301.07,438,356.58,351.12
288.9,199.33,-26.608,-245.78,162.62,63.891,-49.786,154.45,291.8,426.05,349.83,341.42
286.39,197.6,-25.179,-243.44,160.62,63.897,-48.921,147.8,281.23,411.75,340.74,329.66
282.93,195.04,-23.95,-240.04,158.53,63.827,-47.553,140.21,269.42,395.59,329.28,316.12
277.95,191.47,-22.504,-235.33,155.86,63.702,-45.797,131.77,256.66,378.32,315.98,301.43
270.9,186.74,-20.564,-229.07,152.05,63.422,-43.734,122.72,243.36,360.62,301.61,286.15
261.38,180.71,-18.09,-221.11,146.64,62.83,-41.412,113.4,229.92,342.79,286.8,270.63
249.26,173.28,-15.268,-211.4,139.41,61.795,-38.862,104.09,216.61,324.88,271.82,254.91
234.81,164.52,-12.412,-200.12,130.57,60.275,-36.128,94.956,203.5,306.79,256.67,238.96
218.68,154.62,-9.8112,-187.68,120.71,58.332,-33.282,86.003,190.53,288.42,241.21,222.77
201.79,143.95,-7.5967,-174.67,110.42,56.111,-30.416,77.131,177.57,269.69,225.36,206.41
185.11,132.87,-5.6752,-161.66,99.997,53.795,-27.609,68.234,164.5,250.67,209.1,190.08
169.28,121.61,-3.7535,-148.99,89.633,51.558,-24.897,59.284,151.25,231.49,192.59,174.02
154.43,110.25,-1.4512,-136.68,79.432,49.504,-22.276,50.371,137.79,212.41,176.18,158.52
140.16,98.769,1.5382,-124.45,69.213,47.617,-19.734,41.655,124.13,193.71,160.27,143.71
125.81,87.261,5.3274,-111.84,58.363,45.763,-17.264,33.293,110.23,175.57,145.18,129.52
110.72,76.101,9.8317,-98.368,46.119,43.736,-14.857,25.38,96.007,158.07,130.98,115.67
94.563,65.762,14.838,-83.836,32.282,41.335,-12.512,17.958,81.461,141.23,117.49,101.76
77.512,56.473,20.009,-68.868,18.077,38.447,-10.248,11.057,66.991,124.99,104.27,87.527
60.273,48.093,24.82,-54.995,5.7421,35.099,-8.1161,4.7408,53.471,109.25,90.732,73.207
44.15,40.308,28.6,-43.627,-3.2771,31.435,-6.1854,-0.89092,41.746,93.786,76.522,59.596
30.775,32.865,30.7,-35.028,-8.8751,27.598,-4.514,-5.7456,32.073,78.439,62.226,47.582
21.21,25.63,30.652,-28.536,-11.522,23.612,-3.1134,-9.8073,24.161,63.527,49.416,37.558
15.295,18.511,28.277,-23.291,-11.774,19.364,-1.9326,-13.166,17.549,49.884,39.216,29.359
12.016,11.416,23.759,-18.613,-10.233,14.711,-0.88424,-15.993,11.855,38.196,31.447,22.573
10.225,4.3031,17.691,-14.085,-7.6002,9.6358,0.11109,-18.475,6.806,28.525,25.314,16.792
9.0335,-2.7445,11.026,-9.5321,-4.6588,4.3224,1.1124,-20.757,2.2339,20.495,20.116,11.698
7.8714,-9.5118,4.8975,-4.9781,-2.1652,-0.89116,2.1739,-22.906,-1.9414,13.674,15.425,7.0717
6.4386,-15.748,0.33503,-0.55949,-0.70535,-5.6487,3.343,-24.915,-5.7333,7.7672,11.027,2.7942
4.6259,-21.276,-2.0129,3.5822,-0.57336,-9.7062,4.631,-26.723,-9.1114,2.638,6.8729,-1.1558
2.4465,-26.05,-2.0706,7.3707,-1.7288,-12.992,5.9846,-28.251,-12.031,-1.7506,3.0173,-4.7291
-0.016373,-30.134,-0.33974,10.81,-3.8521,-15.584,7.2831,-29.436,-14.462,-5.4096,-0.44701,-7.8555
-2.6525,-33.643,2.2956,13.96,-6.4753,-17.644,8.3754,-30.272,-16.414,-8.3755,-3.4538,-10.508
-5.3595,-36.685,4.888,16.898,-9.1305,-19.339,9.1415,-30.822,-17.945,-10.73,-6.0073,-12.721
-8.0629,-39.327,6.7251,19.677,-11.465,-20.813,9.5454,-31.196,-19.141,-12.592,-8.1716,-14.571
-10.706,-41.604,7.4681,22.311,-13.284,-22.165,9.6537,-31.493,-20.088,-14.079,-10.023,-16.135
-13.217,-43.535,7.1281,24.772,-14.508,-23.424,9.6237,-31.744,-20.837,-15.276,-11.596,-17.448
-15.481,-45.125,5.9563,27.003,-15.111,-24.543,9.6622,-31.901,-21.39,-16.211,-12.874,-18.497
-17.352,-46.365,4.3156,28.929,-15.093,-25.431,9.95,-31.887,-21.728,-16.879,-13.817,-19.255
-18.699,-47.254,2.5793,30.475,-14.517,-26.014,10.565,-31.666,-21.851,-17.282,-14.411,-19.721
-19.461,-47.829,1.0624,31.601,-13.552,-26.298,11.447,-31.277,-21.809,-17.462,-14.697,-19.943
-19.69,-48.164,-0.013033,32.311,-12.485,-26.378,12.417,-30.836,-21.693,-17.502,-14.762,-20.014
-19.56,-48.356,-0.49298,32.667,-11.666,-26.379,13.245,-30.485,-21.611,-17.505,-14.721,-20.033
-19.326,-48.482,-0.21381,32.77,-11.426,-26.364,13.755,-30.338,-21.645,-17.558,-14.68,-20.081
-19.253,-48.585,1.0141,32.742,-11.987,-26.3,13.904,-30.429,-21.824,-17.708,-14.692,-20.186
-19.529,-48.668,3.2571,32.685,-13.396,-26.108,13.795,-30.698,-22.117,-17.944,-14.743,-20.316
-20.189,-48.71,6.2694,32.656,-15.476,-25.751,13.585,-31.024,-22.452,-18.215,-14.77,-20.394
-21.093,-48.68,9.4711,32.641,-17.835,-25.282,13.393,-31.299,-22.767,-18.474,-14.711,-20.351
-21.952,-48.552,12.086,32.568,-19.914,-24.838,13.238,-31.476,-23.043,-18.708,-14.555,-20.178
-22.406,-48.328,13.338,32.336,-21.115,-24.6,13.032,-31.586,-23.307,-18.952,-14.353,-19.937
-22.148,-48.043,12.672,31.873,-20.965,-24.738,12.622,-31.709,-23.612,-19.265,-14.195,-19.743
-21.034,-47.756,9.9433,31.171,-19.276,-25.341,11.866,-31.92,-24.001,-19.697,-14.167,-19.705
-19.144,-47.538,5.5005,30.309,-16.226,-26.381,10.713,-32.253,-24.485,-20.266,-14.312,-19.881
-16.758,-47.428,0.10041,29.424,-12.332,-27.69,9.2281,-32.673,-25.031,-20.943,-14.616,-20.25
-14.257,-47.411,-5.295,28.652,-8.3004,-28.995,7.5645,-33.095,-25.575,-21.656,-15.007,-20.723
-11.989,-47.412,-9.7731,28.065,-4.8052,-30.005,5.9019,-33.418,-26.044,-22.319,-15.389,-21.177
-10.155,-47.333,-12.713,27.645,-2.2782,-30.518,4.4036,-33.577,-26.388,-22.865,-15.686,-21.514
-8.7843,-47.11,-13.959,27.309,-0.81963,-30.486,3.1838,-33.566,-26.6,-23.271,-15.878,-21.708
-7.7988,-46.75,-13.84,26.972,-0.2634,-30.035,2.2915,-33.436,-26.709,-23.571,-16.007,-21.818
-7.1277,-46.328,-12.981,26.597,-0.33045,-29.392,1.7271,-33.261,-26.765,-23.828,-16.153,-21.949
-6.7854,-45.944,-11.979,26.218,-0.77754,-28.787,1.4638,-33.105,-26.812,-24.109,-16.388,-22.194
-6.8723,-45.671,-11.09,25.912,-1.4887,-28.358,1.4486,-32.986,-26.864,-24.446,-16.728,-22.581
-7.5053,-45.511,-10.138,25.755,-2.5109,-28.094,1.6178,-32.881,-26.901,-24.826,-17.133,-23.07
-8.7388,-45.397,-8.7235,25.784,-4.0333,-27.855,1.9363,-32.737,-26.884,-25.197,-17.525,-23.572
-10.512,-45.22,-6.5522,25.975,-6.2357,-27.446,2.403,-32.508,-26.779,-25.496,-17.838,-23.998
-12.63,-44.881,-3.6379,26.255,-9.0461,-26.727,3.0057,-32.178,-26.574,-25.687,-18.047,-24.298
-14.784,-44.344,-0.33303,26.537,-12.048,-25.681,3.6842,-31.766,-26.287,-25.764,-18.174,-24.473
-16.623,-43.659,2.766,26.757,-14.631,-24.43,4.3465,-31.314,-25.948,-25.751,-18.263,-24.559
-17.85,-42.959,5.0118,26.906,-16.237,-23.199,4.92,-30.857,-25.583,-25.676,-18.347,-24.591
-18.313,-42.405,5.9487,27.018,-16.561,-22.227,5.3912,-30.405,-25.193,-25.546,-18.424,-24.578
-18.055,-42.114,5.5017,27.144,-15.649,-21.671,5.8056,-29.938,-24.756,-25.348,-18.456,-24.492
-17.299,-42.108,4.0296,27.324,-13.886,-21.529,6.2348,-29.43,-24.249,-25.061,-18.395,-24.298
-16.385,-42.305,2.2174,27.572,-11.871,-21.633,6.7332,-28.872,-23.667,-24.678,-18.209,-23.98
-15.675,-42.567,0.83947,27.883,-10.231,-21.732,7.3143,-28.279,-23.032,-24.216,-17.904,-23.557
-15.454,-42.761,0.48544,28.236,-9.443,-21.607,7.9572,-27.679,-22.378,-23.708,-17.514,-23.074
-15.868,-42.809,1.3724,28.608,-9.723,-21.16,8.6311,-27.084,-21.729,-23.183,-17.078,-22.578
-16.901,-42.693,3.3214,28.977,-11.004,-20.416,9.3165,-26.476,-21.083,-22.652,-16.619,-22.094
-18.4,-42.432,5.8677,29.337,-12.967,-19.467,10.014,-25.813,-20.411,-22.101,-16.132,-21.616
-20.14,-42.057,8.4369,29.702,-15.134,-18.396,10.74,-25.05,-19.679,-21.509,-15.593,-21.11
-21.896,-41.592,10.538,30.096,-17.016,-17.242,11.524,-24.157,-18.85,-20.85,-14.968,-20.527
-23.477,-41.062,11.904,30.537,-18.263,-16.032,12.393,-23.118,-17.899,-20.099,-14.228,-19.82
-24.732,-40.498,12.53,30.998,-18.765,-14.834,13.364,-21.932,-16.81,-19.238,-13.359,-18.959
-25.569,-39.911,12.664,31.391,-18.663,-13.735,14.426,-20.602,-15.581,-18.262,-12.372,-17.938
-25.981,-39.233,12.767,31.574,-18.304,-12.73,15.539,-19.142,-14.234,-17.19,-11.303,-16.785
-26.06,-38.306,13.419,31.402,-18.117,-11.635,16.638,-17.581,-12.815,-16.072,-10.221,-15.554
-25.972,-36.927,15.151,30.776,-18.482,-10.155,17.646,-15.961,-11.396,-14.989,-9.2182,-14.325
-25.873,-34.928,18.241,29.653,-19.609,-8.0732,18.498,-14.339,-10.061,-14.037,-8.3953,-13.19
-25.83,-32.214,22.478,28.022,-21.45,-5.3673,19.165,-12.768,-8.8868,-13.298,-7.8322,-12.228
-25.758,-28.759,27.128,25.876,-23.678,-2.2141,19.688,-11.263,-7.9033,-12.802,-7.5563,-11.475
-25.432,-24.592,31.209,23.191,-25.739,1.1151,20.188,-9.7788,-7.0724,-12.512,-7.5311,-10.911
-24.555,-19.786,33.866,19.947,-27.001,4.3907,20.811,-8.216,-6.2959,-12.335,-7.6786,-10.465
-22.865,-14.446,34.612,16.164,-26.939,7.5114,21.679,-6.4576,-5.4572,-12.166,-7.9194,-10.058
-20.228,-8.7158,33.395,11.943,-25.296,10.5,22.862,-4.4067,-4.4632,-11.918,-8.1977,-9.6262
-16.677,-2.7772,30.555,7.4483,-22.158,13.445,24.389,-2.0086,-3.2633,-11.537,-8.4775,-9.1292
-12.407,3.1971,26.764,2.839,-17.937,16.461,26.241,0.74078,-1.8434,-10.99,-8.7235,-8.5346
-7.7417,9.102,22.942,-1.7783,-13.288,19.692,28.3,3.7878,-0.21589,-10.264,-8.8864,-7.8075
-3.0989,14.901,20.084,-6.3196,-8.947,23.278,30.328,7.0115,1.58,-9.3568,-8.9035,-6.9086
1.0739,20.542,18.974,-10.664,-5.5669,27.253,32.052,10.23,3.4747,-8.2864,-8.7073,-5.8002
4.4021,25.871,19.881,-14.642,-3.5747,31.434,33.309,13.237,5.3737,-7.086,-8.2372,-4.4544
6.6887,30.645,22.404,-18.095,-3.0813,35.432,34.158,15.851,7.1756,-5.798,-7.4494,-2.8574
7.9547,34.664,25.67,-20.944,-3.8783,38.842,34.931,17.959,8.7868,-4.4696,-6.3281,-1.015
8.379,37.881,28.838,-23.201,-5.5516,41.463,36.167,19.51,10.125,-3.1566,-4.8972,1.0407
8.1777,40.413,31.473,-24.925,-7.661,43.392,38.256,20.493,11.12,-1.9266,-3.2206,3.2501
7.5254,42.465,33.63,-26.164,-9.8714,44.945,41.012,20.914,11.722,-0.85043,-1.3882,5.5333
6.5569,44.234,35.67,-26.958,-12.007,46.482,43.618,20.775,11.92,0.014863,0.50771,7.8059
5.4082,45.828,37.954,-27.374,-14.011,48.21,44.911,20.074,11.74,0.6408,2.393,9.9965
4.2488,47.232,40.578,-27.513,-15.819,50.077,43.857,18.809,11.242,1.0324,4.225,12.062
3.2761,48.33,43.265,-27.479,-17.277,51.815,39.988,16.99,10.496,1.2222,5.9963,13.998
2.664,49.004,45.468,-27.358,-18.19,53.123,33.488,14.651,9.5734,1.2535,7.7226,15.829
2.5023,49.228,46.614,-27.213,-18.41,53.808,24.996,11.839,8.5233,1.157,9.4115,17.581
2.7776,49.068,46.309,-27.093,-17.885,53.813,15.403,8.5829,7.3507,0.93069,11.028,19.247
3.4023,48.65,44.43,-27.032,-16.671,53.174,5.7881,4.8772,6.0096,0.53886,12.485,20.767
4.262,48.12,41.157,-27.05,-14.923,52.013,-2.7425,0.70572,4.4185,-0.068061,13.668,22.047
5.2509,47.639,36.99,-27.171,-12.875,50.561,-9.4764,-3.9049,2.499,-0.92886,14.486,22.989
6.2841,47.363,32.679,-27.42,-10.8,49.133,-14.316,-8.8347,0.22207,-2.0568,14.895,23.526
7.2954,47.4,29.025,-27.804,-8.9587,48.056,-17.711,-13.864,-2.3588,-3.4347,14.899,23.631
8.2348,47.75,26.613,-28.295,-7.5455,47.549,-20.474,-18.717,-5.1119,-5.0186,14.531,23.312
9.066,48.29,25.614,-28.816,-6.6584,47.635,-23.226,-23.121,-7.8656,-6.7398,13.829,22.604
9.7544,48.801,25.801,-29.264,-6.2977,48.13,-25.956,-26.877,-10.456,-8.5217,12.834,21.558
10.25,49.045,26.739,-29.527,-6.3916,48.715,-28.385,-29.893,-12.767,-10.295,11.576,20.232
10.481,48.815,27.998,-29.48,-6.8329,49.047,-30.358,-32.189,-14.743,-12.007,10.074,18.673
10.349,47.948,29.259,-28.964,-7.5157,48.856,-31.809,-33.872,-16.393,-13.631,8.3314,16.91
9.7294,46.3,30.34,-27.78,-8.3604,48.001,-32.72,-35.098,-17.776,-15.16,6.342,14.944
8.4959,43.733,31.12,-25.738,-9.3175,46.456,-33.166,-36.038,-18.98,-16.611,4.0975,12.763
6.5792,40.122,31.429,-22.75,-10.353,44.215,-33.294,-36.843,-20.096,-18.017,1.606,10.353
4.0181,35.382,31.047,-18.889,-11.434,41.19,-33.24,-37.618,-21.194,-19.412,-1.0999,7.7207
0.94114,29.519,29.802,-14.351,-12.536,37.208,-33.086,-38.4,-22.303,-20.821,-3.9578,4.9075
-2.4966,22.652,27.693,-9.356,-13.67,32.132,-32.857,-39.177,-23.418,-22.247,-6.8848,1.9834
-6.1602,14.996,24.922,-4.0713,-14.868,26.01,-32.538,-39.915,-24.52,-23.675,-9.7997,-0.97451
-9.9266,6.8004,21.773,1.3939,-16.144,19.106,-32.13,-40.598,-25.599,-25.086,-12.645,-3.9079
-13.646,-1.6767,18.455,6.9266,-17.439,11.808,-31.708,-41.24,-26.666,-26.461,-15.393,-6.787
-17.113,-10.138,15.048,12.351,-18.586,4.5062,-31.405,-41.871,-27.739,-27.786,-18.03,-9.598
-20.077,-18.236,11.529,17.432,-19.321,-2.4656,-31.33,-42.516,-28.827,-29.049,-20.533,-12.324
-22.279,-25.615,7.8178,21.939,-19.346,-8.8441,-31.505,-43.185,-29.925,-30.239,-22.864,-14.936
-23.509,-31.986,3.8618,25.692,-18.429,-14.439,-31.856,-43.877,-31.018,-31.35,-24.985,-17.392
-23.662,-37.163,-0.28079,28.576,-16.505,-19.116,-32.243,-44.579,-32.083,-32.375,-26.857,-19.649
-22.798,-41.089,-4.411,30.562,-13.741,-22.784,-32.492,-45.277,-33.1,-33.303,-28.45,-21.668
-21.17,-43.853,-8.2218,31.745,-10.527,-25.434,-32.442,-45.943,-34.045,-34.119,-29.748,-23.421
-19.205,-45.679,-11.354,32.344,-7.4009,-27.175,-31.99,-46.545,-34.899,-34.808,-30.752,-24.896
-17.411,-46.873,-13.458,32.642,-4.9354,-28.206,-31.123,-47.063,-35.651,-35.363,-31.483,-26.106
-16.259,-47.735,-14.272,32.914,-3.6011,-28.754,-29.929,-47.492,-36.309,-35.783,-31.983,-27.086
-16.059,-48.488,-13.713,33.353,-3.646,-29.012,-28.578,-47.851,-36.892,-36.078,-32.304,-27.887
-16.896,-49.247,-11.943,34.038,-5.0284,-29.115,-27.254,-48.188,-37.434,-36.273,-32.508,-28.565
-18.619,-50.032,-9.3495,34.942,-7.425,-29.144,-26.068,-48.588,-37.978,-36.405,-32.653,-29.168
-20.907,-50.803,-6.4671,35.967,-10.323,-29.155,-25.024,-49.133,-38.571,-36.512,-32.785,-29.729
-23.382,-51.505,-3.8388,37,-13.175,-29.192,-24.07,-49.87,-39.235,-36.624,-32.938,-30.26
-25.722,-52.103,-1.885,37.956,-15.549,-29.299,-23.179,-50.735,-39.938,-36.741,-33.124,-30.756
-27.725,-52.595,-0.81091,38.794,-17.241,-29.524,-22.361,-51.48,-40.545,-36.811,-33.34,-31.207
-29.32,-53.001,-0.60112,39.502,-18.295,-29.901,-21.553,-51.637,-40.797,-36.716,-33.566,-31.604
-30.532,-53.339,-1.1013,40.059,-18.93,-30.44,-20.474,-50.561,-40.318,-36.266,-33.755,-31.924
-31.422,-53.583,-2.1311,40.379,-19.39,-31.12,-18.658,-47.7,-38.703,-35.205,-33.829,-32.101
-32.046,-53.615,-3.5978,40.284,-19.643,-31.871,-15.872,-44.45,-36.1,-33.334,-33.652,-31.987
-32.839,-53.178,-5.5428,39.541,-18.633,-32.572,-13.54,-66.375,-40.194,-31.919,-33.038,-31.333
-38.221,-51.85,-7.7958,38.609,-16.224,-33.044,-19.996,-90.208,-74.208,-47.355,-31.883,-29.859
-49.608,-49.12,-9.6845,43.187,-19.371,-33.066,-24.68,-96.485,-82.216,-70.87,-32.458,-28.365
-53.868,-45.752,-11.377,57.788,-21.786,-32.361,-26.821,-103.55,-86.982,-73.833,-50.723,-42.269
-51.771,-52.72,-13.969,61.965,-20.698,-30.531,-28.663,-107.67,-89.427,-74.212,-56.185,-60.603
-41.058,-72.742,-18.622,57.361,-14.393,-27.476,-28.716,-102.08,-84.673,-69.472,-56.629,-61.801
-20.121,-71.945,-25.976,45.402,-1.0147,-37.524,-24.207,-77.182,-65.84,-54.922,-55.355,-60.631
11.466,-63.082,-38.418,24.697,20.817,-55.321,-9.4973,-21.757,-23.962,-24.398,-49.429,-54.649
53.943,-49.569,-61.275,-5.3293,52.656,-60.308,20.632,71.691,51.189,29.745,-34.3,-39.502
109.31,-29.781,-91.562,-44.414,96.083,-65.05,66.613,203.73,164.88,114.73,-3.3524,-9.3374
178.97,-0.29907,-125.87,-94.517,150.21,-66.073,125.63,368.62,311.36,231.82,51.531,43.58
259.24,44.952,-160.24,-159.28,209.12,-57.893,192.48,553.3,480.55,377.89,135.31,126.28
343.23,114.28,-187.44,-238.44,263.97,-35.54,258.87,737.38,662.78,551.22,250.7,242.74
423.42,213.62,-193.76,-328.31,305.56,3.5469,314.01,894.96,846.1,748.81,400.13,394.06
491.82,338.43,-167.05,-424.96,325.51,66.104,347.43,998.34,1014.9,961.99,581.39,577.57
540.49,479.77,-101.65,-520.88,317.42,167.97,351.19,1023.3,1151.1,1175.5,784.1,783.19
561.77,627.28,1.9024,-604.14,277.91,300.42,321.56,955.22,1236,1366.5,988.2,990.34
548.24,761.58,135.48,-660.08,207.28,435.08,260.96,794.29,1251,1504,1163.9,1167.8
494.23,857.79,283.65,-674.04,110.27,559.09,178.07,555.36,1180.1,1551,1275.3,1278.5
398.96,892.42,425.69,-635.43,-3.7192,650.38,83.298,261.54,1011.8,1473.8,1288.8,1288.7
269.09,851.01,538.93,-542.36,-121.3,689.16,-16.728,-63.159,744.51,1254.5,1184.5,1179.3
118.76,734.58,604.29,-404.23,-227.47,665.41,-120.4,-396.7,393.02,903.27,965.31,955.12
-33.218,561.18,613.16,-240.64,-309.65,583.44,-228.06,-717.27,-8.4628,462.26,661.39,647.64
-168.03,360.94,570.47,-76.081,-360.83,461.1,-337.17,-1001.2,-410.14,-2.1642,323.59,308.49
-271.17,166.52,491.2,66.82,-380.13,323.16,-439.76,-1224.1,-757.86,-417.43,9.0553,-5.4555
-335.05,4.4048,394,172.54,-371.42,192.87,-523.35,-1364.7,-1007.3,-725.67,-236.02,-248.57
-359.4,-110.01,295.64,234.97,-341.34,86.101,-574.94,-1411.2,-1135.6,-898.29,-387.91,-397.7
-349.36,-173.64,207.96,257.09,-297.19,9.7978,-586.48,-1366,-1145.4,-938.7,-446.93,-454.21
-313.21,-194.83,136.45,248.38,-245.47,-36.933,-558.39,-1245.8,-1061.2,-875.1,-432.22,-438.79
-261.07,-189.34,81.679,220.77,-191.39,-60.421,-499.28,-1075.5,-919,-749.04,-374.23,-382.21
-203.71,-172.04,41.599,185.21,-139.11,-69.857,-420.7,-882.93,-754.13,-601.94,-303.21,-313.15
-150.07,-151.81,11.552,149.8,-92.36,-72.888,-334.18,-692.11,-593.08,-463.07,-237.96,-249.38
-106.12,-132.5,-9.5345,118.14,-55.711,-72.845,-250,-520.43,-451.88,-346.68,-185.47,-197.91
-75.02,-99.832,-22.098,91.532,-31.083,-70.621,-176.11,-378.11,-337.63,-256.61,-146.21,-159.37
-56.554,-68.957,-27.814,76.346,-16.49,-59.91,-116.39,-269.15,-250.73,-190.74,-117.79,-131.5
-46.412,-64.448,-27.971,67.995,-9.4247,-38.673,-71.291,-192.94,-187.57,-143.77,-96.771,-111.32
-40.76,-63.306,-22.873,62.832,-7.64,-34.591,-40.789,-144.36,-144.11,-111.69,-81.992,-98.463
-37.814,-61.762,-12.727,58.218,-8.993,-33.179,-22.755,-114.25,-115.35,-90.268,-72.186,-89.977
-35.121,-59.623,-8.3687,52.402,-8.4532,-32.067,-11.801,-95.093,-95.886,-74.905,-64.003,-83.458
-27.772,-57.358,-7.4519,45.948,-7.0254,-31.236,-4.7704,-83.332,-82.667,-63.124,-55.862,-78.235
-21.566,-55.384,-7.7346,41.082,-7.149,-30.798,-2.2902,-75.352,-72.697,-53.648,-47.567,-71.676
-18.949,-53.86,-8.5035,38.167,-7.3654,-30.755,-1.9859,-68.874,-64.812,-45.713,-39.641,-61.95
-17.755,-52.727,-9.3042,36.366,-7.3585,-30.969,-2.6805,-63.621,-58.148,-36.544,-34.443,-53.539
-17.012,-51.831,-9.8273,35.028,-7.1446,-31.228,-3.3885,-55.213,-48.961,-30.164,-31.529,-47.962
-16.346,-51.033,-9.9018,33.83,-6.7671,-31.349,1.6559,-46.102,-40.831,-26.55,-29.744,-44.368
-15.56,-50.258,-9.5474,32.65,-6.2618,-31.262,5.5666,-41.531,-36.263,-23.997,-28.51,-41.958
-14.532,-49.507,-9.0836,31.478,-5.6483,-31.03,7.9947,-38.632,-33.353,-21.987,-27.57,-40.279
-13.166,-48.818,-9.1395,30.349,-4.8341,-30.808,9.7737,-36.348,-31.198,-20.315,-26.821,-39.092
-11.323,-48.222,-10.447,29.279,-3.5006,-30.761,11.153,-34.342,-29.442,-18.852,-26.225,-38.26
-8.8613,-47.71,-13.452,28.24,-1.2596,-30.975,12.153,-32.463,-27.9,-17.488,-25.752,-37.675
-5.7911,-47.222,-18.038,27.183,1.9938,-31.402,12.765,-30.599,-26.442,-16.1,-25.34,-37.206
-2.3613,-46.665,-23.491,26.079,5.9289,-31.859,13.052,-28.643,-24.948,-14.553,-24.888,-36.694
0.98747,-45.958,-28.647,24.954,9.8926,-32.09,13.158,-26.481,-23.308,-12.713,-24.261,-35.975
3.7486,-45.081,-32.242,23.889,13.102,-31.87,13.268,-24.016,-21.444,-10.473,-23.323,-34.92
5.4877,-44.095,-33.326,22.982,14.826,-31.107,13.538,-21.202,-19.323,-7.7832,-21.968,-33.471
5.9541,-43.101,-31.536,22.292,14.6,-29.872,14.035,-18.061,-16.981,-4.6671,-20.158,-31.643
5.1532,-42.154,-27.132,21.781,12.409,-28.325,14.725,-14.693,-14.504,-1.2208,-17.944,-29.516
3.3609,-41.207,-20.831,21.31,8.6953,-26.617,15.505,-11.227,-11.989,2.4331,-15.441,-27.184
1.0512,-40.124,-13.6,20.678,4.1846,-24.835,16.275,-7.7535,-9.4692,6.2241,-12.757,-24.716
-1.2597,-38.747,-6.4957,19.701,-0.37118,-23.029,16.989,-4.2635,-6.8771,10.198,-9.9167,-22.104
-3.1653,-36.966,-0.44635,18.294,-4.3871,-21.252,17.654,-0.65565,-4.0618,14.512,-6.8508,-19.259
-4.4044,-34.771,3.8995,16.5,-7.4527,-19.583,18.298,3.2058,-0.85295,19.38,-3.4415,-16.049
-4.7784,-32.269,6.2156,14.443,-9.2425,-18.128,18.939,7.416,2.873,25.001,0.40324,-12.355
-4.0826,-29.662,6.4629,12.238,-9.4196,-17.011,19.559,11.977,7.1483,31.495,4.6886,-8.1259
-2.1402,-27.177,4.852,9.9175,-7.6623,-16.343,20.09,16.787,11.904,38.853,9.3031,-3.4195
1.1034,-24.956,1.8012,7.4286,-3.91,-16.142,20.436,21.674,16.995,46.917,14.039,1.6071
5.5227,-22.96,-2.1067,4.6682,1.4564,-16.272,20.522,26.458,22.256,55.414,18.665,6.7501
10.851,-20.96,-6.1815,1.5172,7.7318,-16.465,20.34,31.007,27.577,64.062,23.034,11.843
16.778,-18.626,-9.7787,-2.1219,14.178,-16.45,19.94,35.288,32.962,72.686,27.151,16.823
23.055,-15.678,-12.501,-6.2688,20.303,-16.082,19.391,39.375,38.571,81.254,31.191,21.757
29.578,-12.018,-14.338,-10.817,25.996,-15.412,18.744,43.434,44.705,89.843,35.463,26.804
36.436,-7.7667,-15.669,-15.551,31.504,-14.666,18.011,47.669,51.731,98.547,40.345,32.175
43.891,-3.193,-17.116,-20.243,37.288,-14.139,17.171,52.257,59.94,107.42,46.209,38.09
52.234,1.4399,-19.258,-24.762,43.76,-14.05,16.191,57.288,69.342,116.47,53.281,44.735
61.533,6.0176,-22.312,-29.124,50.99,-14.417,15.042,62.731,79.541,125.68,61.455,52.201
71.513,10.628,-25.978,-33.47,58.636,-14.999,13.711,68.447,89.904,134.99,70.237,60.413
81.71,15.492,-29.575,-38.024,66.183,-15.369,12.206,74.264,99.926,144.39,79.027,69.143
91.72,20.804,-32.389,-43.09,73.223,-15.068,10.57,80.08,109.44,153.88,87.493,78.153
101.38,26.582,-33.998,-49.067,79.565,-13.765,8.8875,85.902,118.54,163.56,95.681,87.346
110.85,32.646,-34.464,-56.421,85.287,-11.361,7.2609,91.797,127.44,173.58,103.86,96.787
120.44,38.782,-34.344,-65.549,90.79,-8.0094,5.7646,97.814,136.32,184.13,112.32,106.6
130.5,44.943,-34.461,-76.498,96.681,-4.0813,4.4149,103.93,145.26,195.37,121.32,116.87
141.09,51.306,-35.478,-88.697,103.41,-0.082933,3.1615,110.06,154.28,207.42,131.01,127.58
151.98,58.113,-37.523,-101.12,110.85,3.5321,1.8877,116.07,163.34,220.32,141.47,138.62
162.74,65.474,-40.117,-112.9,118.24,6.5891,0.41853,121.89,172.45,234.04,152.66,149.9
173.12,73.334,-42.446,-123.89,124.66,9.2802,-1.4335,127.49,181.68,248.51,164.53,161.4
183.27,81.637,-43.659,-134.52,129.66,12.053,-3.7948,132.92,191.18,263.68,177.01,173.23
193.66,90.49,-43.115,-145.38,133.42,15.405,-6.6854,138.2,201.11,279.52,190.1,185.64
204.84,100.17,-40.871,-156.87,136.56,19.661,-10.023,143.38,211.59,296,203.85,198.88
217.19,110.98,-37.849,-169.04,139.86,24.782,-13.658,148.42,222.61,313.07,218.3,213.14
230.65,122.93,-35.321,-181.47,144.1,30.307,-17.406,153.28,234.01,330.58,233.4,228.42
244.52,135.45,-34.522,-193.42,149.63,35.557,-21.086,157.84,245.49,348.21,248.93,244.45
257.59,147.42,-36.274,-204.12,156.09,39.913,-24.561,161.99,256.62,365.5,264.46,260.73
268.64,157.81,-40.491,-213.05,162.67,43.037,-27.772,165.62,267.04,381.97,279.48,276.66
277,166.21,-46.095,-220.1,168.66,45.002,-30.763,168.7,276.53,397.21,293.52,291.77
282.55,172.92,-51.418,-225.5,173.33,46.275,-33.627,171.23,285.07,411.06,306.38,305.81
285.47,178.47,-54.861,-229.59,175.8,47.506,-36.417,173.25,292.7,423.52,318.06,318.74
286.18,183.27,-55.307,-232.73,175.37,49.229,-39.079,174.81,299.48,434.68,328.72,330.68
285.39,187.44,-52.355,-235.27,172.13,51.652,-41.504,175.88,305.31,444.57,338.5,341.7
284,190.99,-46.626,-237.44,167.1,54.631,-43.616,176.4,309.9,453.08,347.38,351.73
282.91,193.93,-39.618,-239.46,161.79,57.79,-45.41,176.23,312.82,459.85,355.09,360.41
282.81,196.34,-33.204,-241.42,157.72,60.663,-46.928,175.24,313.7,464.45,361.11,367.13
284.03,198.24,-29.101,-243.32,156.17,62.803,-48.216,173.4,312.42,466.6,364.97,371.33
286.47,199.67,-28.333,-245.05,157.71,63.918,-49.32,170.82,309.25,466.34,366.52,372.93
289.71,200.58,-30.968,-246.4,161.92,63.988,-50.279,167.7,304.61,464.01,366.01,372.29
293.1,200.95,-36.106,-247.12,167.66,63.263,-51.116,164.24,298.9,459.97,363.81,369.94
295.75,200.74,-42.151,-246.91,173.44,62.142,-51.819,160.56,292.29,454.43,360.23,366.25
296.61,199.9,-47.331,-245.49,177.72,61.024,-52.326,156.64,284.79,447.41,355.39,361.35
294.77,198.35,-50.315,-242.63,179.41,60.198,-52.523,152.41,276.31,438.78,349.26,355.15
289.74,196.02,-50.453,-238.25,178.26,59.793,-52.268,147.74,266.79,428.39,341.79,347.52
281.54,192.88,-47.593,-232.4,174.3,59.801,-51.417,142.54,256.26,416.21,332.94,338.34
270.59,188.96,-42.084,-225.31,166.93,60.147,-49.848,136.74,244.87,402.41,322.74,327.63
257.7,184.35,-34.583,-217.24,156.02,60.732,-47.484,130.33,232.85,387.29,311.29,315.62
243.74,179,-25.862,-208.43,142.7,61.412,-44.32,123.31,220.43,371.22,298.78,302.62
229.4,172.72,-16.826,-199.02,128.61,61.985,-40.439,115.67,207.72,354.41,285.41,288.93
215.18,165.21,-8.4822,-189.07,115.22,62.242,-36.026,107.47,194.75,336.92,271.27,274.69
201.42,156.24,-1.737,-178.66,103.68,62.025,-31.346,98.786,181.5,318.67,256.33,259.88
188.28,145.84,2.8151,-167.86,94.608,61.205,-26.693,89.786,167.98,299.62,240.53,244.43
175.75,134.4,4.9752,-156.72,87.835,59.642,-22.321,80.724,154.28,279.84,223.9,228.34
163.73,122.4,4.9131,-145.2,82.407,57.201,-18.392,71.887,140.58,259.64,206.74,211.78
152.13,110.38,3.103,-133.19,77.076,53.837,-14.995,63.497,127.06,239.43,189.53,195.13
140.86,98.805,0.23471,-120.6,71.018,49.647,-12.16,55.629,113.86,219.66,172.83,178.82
129.79,88.026,-2.9595,-107.43,64.145,44.841,-9.8602,48.211,101.02,200.59,157.02,163.25
118.72,78.144,-5.8773,-93.987,56.783,39.673,-8.0085,41.1,88.42,182.28,142.23,148.57
107.43,69.014,-8.0781,-81.004,49.413,34.389,-6.4717,34.148,75.853,164.61,128.29,134.69
95.886,60.412,-9.2412,-69.201,42.597,29.2,-5.1082,27.25,63.151,147.41,114.84,121.31
84.395,52.167,-9.2117,-58.87,36.608,24.256,-3.8173,20.388,50.418,130.5,101.45,107.97
73.349,44.189,-8.0776,-49.867,31.325,19.645,-2.5652,13.669,38.197,113.75,87.596,94.189
62.834,36.414,-6.1264,-41.858,26.444,15.446,-1.36,7.3243,27.287,97.016,72.859,79.774
52.647,28.757,-3.7123,-34.501,21.659,11.759,-0.19131,1.6478,18.274,80.113,57.454,65.231
42.556,21.118,-1.1405,-27.516,16.728,8.6459,1.0147,-3.1386,11.254,63.143,42.833,51.766
32.564,13.451,1.3807,-20.704,11.547,6.0692,2.3773,-6.9873,5.9407,47.026,30.827,40.44
23.05,5.8477,3.7302,-13.975,6.2374,3.8899,3.9855,-10.031,1.9048,33.2,21.927,31.453
14.637,-1.4582,5.8457,-7.3908,1.1672,1.9268,5.8371,-12.507,-1.2824,22.421,15.335,24.342
7.7774,-8.159,7.7177,-1.175,-3.227,0.03511,7.8451,-14.672,-3.9818,14.35,10.081,18.5
2.4598,-13.995,9.4192,4.3831,-6.7519,-1.8199,9.8967,-16.732,-6.453,8.1654,5.5411,13.453
-1.667,-18.857,11.108,9.0911,-9.5737,-3.5559,11.918,-18.793,-8.836,3.1539,1.4372,8.9204
-5.0336,-22.812,12.909,12.955,-12.022,-5.0689,13.871,-20.852,-11.156,-1.1111,-2.2895,4.8031
-7.9851,-26.051,14.729,16.146,-14.311,-6.3556,15.676,-22.823,-13.359,-4.8167,-5.6005,1.1152
-10.688,-28.806,16.182,18.884,-16.389,-7.5492,17.173,-24.603,-15.367,-8.0241,-8.4636,-2.0993
-13.079,-31.264,16.682,21.32,-17.928,-8.8522,18.16,-26.125,-17.133,-10.769,-10.905,-4.8351
-14.899,-33.53,15.688,23.476,-18.46,-10.434,18.471,-27.392,-18.664,-13.112,-13.006,-7.1456
-15.828,-35.608,12.956,25.267,-17.627,-12.354,18.025,-28.47,-20.021,-15.143,-14.858,-9.1228
-15.687,-37.441,8.6807,26.584,-15.412,-14.527,16.85,-29.464,-21.288,-16.954,-16.534,-10.862
-14.578,-38.961,3.5016,27.392,-12.196,-16.743,15.056,-30.475,-22.546,-18.615,-18.062,-12.434
-12.895,-40.147,-1.6253,27.777,-8.6666,-18.741,12.809,-31.569,-23.839,-20.161,-19.433,-13.871
-11.193,-41.039,-5.684,27.918,-5.6196,-20.305,10.318,-32.754,-25.167,-21.587,-20.612,-15.17
-10.004,-41.716,-7.8953,28.011,-3.7327,-21.326,7.8778,-33.985,-26.482,-22.862,-21.556,-16.305
-9.6705,-42.251,-7.9495,28.2,-3.381,-21.81,5.8634,-35.183,-27.718,-23.945,-22.239,-17.253
-10.267,-42.682,-6.0883,28.536,-4.5464,-21.859,4.5828,-36.261,-28.803,-24.806,-22.659,-18.001
-11.604,-43.02,-3.0161,28.983,-6.8368,-21.637,4.0897,-37.148,-29.688,-25.433,-22.84,-18.558
-13.3,-43.268,0.33072,29.447,-9.6065,-21.329,4.1643,-37.804,-30.353,-25.84,-22.827,-18.949
-14.91,-43.421,3.081,29.811,-12.151,-21.091,4.4727,-38.224,-30.813,-26.066,-22.683,-19.211
-16.076,-43.473,4.6838,29.988,-13.913,-21.003,4.7409,-38.445,-31.112,-26.164,-22.483,-19.396
-16.625,-43.424,5.0285,29.951,-14.632,-21.062,4.8316,-38.525,-31.31,-26.198,-22.297,-19.549
-16.591,-43.306,4.4069,29.759,-14.393,-21.208,4.7454,-38.524,-31.458,-26.214,-22.168,-19.701
-16.165,-43.18,3.3383,29.527,-13.566,-21.367,4.5925,-38.47,-31.576,-26.232,-22.101,-19.847
-15.6,-43.119,2.3306,29.373,-12.597,-21.483,4.5326,-38.352,-31.642,-26.235,-22.067,-19.967
-15.103,-43.157,1.7034,29.355,-11.804,-21.526,4.6926,-38.135,-31.613,-26.192,-22.032,-20.047
-14.777,-43.276,1.5314,29.457,-11.323,-21.49,5.1125,-37.795,-31.459,-26.085,-21.984,-20.116
-14.624,-43.417,1.682,29.62,-11.137,-21.394,5.75,-37.337,-31.189,-25.929,-21.942,-20.23
-14.582,-43.529,1.9002,29.789,-11.114,-21.272,6.5155,-36.796,-30.846,-25.762,-21.938,-20.449
-14.585,-43.599,1.9133,29.946,-11.066,-21.161,7.3067,-36.21,-30.479,-25.619,-21.983,-20.79
-14.612,-43.664,1.5363,30.118,-10.85,-21.103,8.0411,-35.599,-30.121,-25.507,-22.061,-21.223
-14.703,-43.789,0.75725,30.362,-10.435,-21.137,8.6866,-34.955,-29.77,-25.4,-22.123,-21.677
-14.939,-44.019,-0.22979,30.723,-9.9328,-21.265,9.2772,-34.254,-29.401,-25.249,-22.106,-22.07
-15.4,-44.347,-1.065,31.213,-9.5584,-21.423,9.8998,-33.469,-28.975,-24.999,-21.953,-22.335
-16.143,-44.698,-1.3236,31.793,-9.558,-21.472,10.661,-32.595,-28.464,-24.616,-21.624,-22.43
-17.191,-44.965,-0.64823,32.401,-10.122,-21.238,11.64,-31.663,-27.864,-24.107,-21.117,-22.353
-18.526,-45.05,1.125,32.975,-11.323,-20.591,12.842,-30.743,-27.209,-23.52,-20.473,-22.138
-20.093,-44.894,3.8974,33.464,-13.1,-19.492,14.173,-29.937,-26.565,-22.94,-19.774,-21.854
-21.798,-44.471,7.3362,33.832,-15.279,-18.004,15.473,-29.343,-26.019,-22.46,-19.121,-21.586
-23.522,-43.783,10.984,34.048,-17.621,-16.256,16.613,-29.015,-25.635,-22.146,-18.6,-21.415
-25.135,-42.857,14.394,34.096,-19.869,-14.414,17.562,-28.93,-25.429,-22.014,-18.249,-21.378
-26.511,-41.769,17.235,33.991,-21.787,-12.655,18.354,-28.986,-25.347,-22.015,-18.049,-21.453
-27.535,-40.655,19.355,33.775,-23.184,-11.141,19.009,-29.04,-25.288,-22.065,-17.937,-21.572
-28.105,-39.682,20.791,33.508,-23.943,-9.9655,19.494,-28.963,-25.148,-22.08,-17.85,-21.652
-28.133,-38.98,21.717,33.226,-24.019,-9.1195,19.743,-28.696,-24.862,-22.017,-17.751,-21.639
-27.551,-38.562,22.338,32.901,-23.448,-8.5046,19.682,-28.268,-24.436,-21.878,-17.65,-21.536
-26.348,-38.309,22.781,32.445,-22.34,-7.9954,19.251,-27.775,-23.934,-21.71,-17.59,-21.397
-24.609,-38.044,23.04,31.767,-20.873,-7.5106,18.425,-27.335,-23.444,-21.565,-17.625,-21.299
-22.544,-37.632,22.999,30.843,-19.274,-7.0572,17.242,-27.02,-23.033,-21.473,-17.788,-21.3
-20.469,-37.03,22.504,29.731,-17.783,-6.728,15.84,-26.818,-22.711,-21.423,-18.064,-21.414
-18.714,-36.265,21.44,28.536,-16.602,-6.642,14.457,-26.633,-22.428,-21.361,-18.388,-21.605
-17.514,-35.373,19.781,27.345,-15.84,-6.8668,13.375,-26.321,-22.093,-21.216,-18.66,-21.804
-16.918,-34.358,17.586,26.187,-15.484,-7.3851,12.814,-25.754,-21.625,-20.925,-18.787,-21.933
-16.78,-33.195,14.96,25.012,-15.396,-8.1163,12.844,-24.869,-20.981,-20.463,-18.712,-21.941
-16.799,-31.856,12.022,23.726,-15.34,-8.9497,13.364,-23.678,-20.165,-19.841,-18.43,-21.813
-16.607,-30.327,8.915,22.233,-15.037,-9.7543,14.161,-22.245,-19.213,-19.09,-17.977,-21.56
-15.86,-28.614,5.8364,20.472,-14.24,-10.363,15.009,-20.635,-18.151,-18.23,-17.395,-21.192
-14.33,-26.724,3.0422,18.433,-12.82,-10.574,15.774,-18.858,-16.968,-17.251,-16.701,-20.694
-11.987,-24.666,0.80897,16.172,-10.819,-10.203,16.456,-16.849,-15.606,-16.106,-15.872,-20.016
-9.0154,-22.471,-0.63847,13.809,-8.4514,-9.1544,17.185,-14.485,-13.982,-14.727,-14.852,-19.081
-5.7733,-20.181,-1.1826,11.495,-6.0395,-7.4533,18.169,-11.63,-12.021,-13.058,-13.577,-17.819
-2.69,-17.784,-0.82469,9.3345,-3.9445,-5.211,19.621,-8.1971,-9.6885,-11.081,-12.006,-16.195
-0.15923,-15.185,0.34345,7.3358,-2.499,-2.5569,21.708,-4.1729,-7.0053,-8.8257,-10.14,-14.234
1.5419,-12.22,2.1905,5.4129,-1.9475,0.41132,24.544,0.38543,-4.0271,-6.3607,-8.022,-12.002
2.2963,-8.7299,4.5987,3.4372,-2.3993,3.6479,28.205,5.3808,-0.81083,-3.7515,-5.7029,-9.575
2.1531,-4.6161,7.4984,1.2992,-3.8098,7.1593,32.648,10.697,2.6034,-1.0377,-3.2213,-7.0082
1.2959,0.13011,10.872,-1.0432,-5.9945,11.001,37.553,16.192,6.1723,1.7598,-0.59972,-4.3276
-0.014166,5.4235,14.728,-3.5462,-8.6679,15.253,42.349,21.692,9.8075,4.6054,2.1376,-1.5481
-1.4872,11.067,19.052,-6.0953,-11.491,19.942,46.615,26.999,13.36,7.4253,4.9495,1.3067
-2.8354,16.752,23.748,-8.5563,-14.121,24.95,50.394,31.934,16.654,10.12,7.7831,4.1991
-3.8117,22.131,28.597,-10.834,-16.26,30.004,54.139,36.363,19.548,12.597,10.589,7.0868
-4.2583,26.942,33.274,-12.898,-17.699,34.783,58.56,40.195,21.964,14.793,13.325,9.927
-4.1379,31.059,37.444,-14.75,-18.357,39.05,64.428,43.364,23.876,16.664,15.945,12.669
-3.5331,34.486,40.894,-16.392,-18.291,42.722,72.032,45.807,25.278,18.164,18.391,15.252
-2.6156,37.326,43.627,-17.822,-17.681,45.865,80.476,47.483,26.172,19.249,20.602,17.613
-1.5901,39.767,45.833,-19.066,-16.773,48.638,87.975,48.406,26.584,19.907,22.538,19.722
-0.62907,42.038,47.758,-20.201,-15.817,51.209,92.744,48.646,26.581,20.183,24.2,21.595
0.16475,44.351,49.579,-21.347,-15.02,53.677,93.422,48.276,26.256,20.181,25.632,23.286
0.75403,46.835,51.349,-22.616,-14.515,56.043,89.276,47.317,25.693,20.02,26.89,24.85
1.1361,49.524,53.028,-24.056,-14.361,58.235,80.385,45.736,24.932,19.775,28.008,26.301
1.3128,52.39,54.562,-25.623,-14.551,60.172,67.664,43.497,23.961,19.448,28.982,27.603
1.2742,55.354,55.951,-27.194,-15.038,61.818,52.672,40.575,22.737,18.975,29.761,28.684
1.002,58.284,57.277,-28.618,-15.766,63.202,37.23,36.958,21.213,18.272,30.28,29.472
0.49614,61.01,58.679,-29.784,-16.689,64.416,22.991,32.648,19.373,17.295,30.499,29.933
-0.18886,63.418,60.321,-30.679,-17.781,65.599,11.156,27.684,17.241,16.071,30.436,30.089
-0.92428,65.524,62.357,-31.402,-19.019,66.895,2.3873,22.162,14.876,14.687,30.165,30
-1.5253,67.443,64.906,-32.105,-20.364,68.411,-3.0465,16.257,12.374,13.257,29.764,29.721
-1.8082,69.256,68.016,-32.902,-21.75,70.163,-5.15,10.245,9.8679,11.886,29.283,29.286
-1.6614,70.887,71.647,-33.799,-23.074,72.059,-4.6887,4.4808,7.5126,10.653,28.728,28.708
-1.0878,72.105,75.626,-34.681,-24.202,73.916,-3.5108,-0.66855,5.4401,9.596,28.088,27.994
-0.19661,72.68,79.558,-35.371,-24.977,75.509,-2.9764,-4.9406,3.7145,8.7074,27.346,27.151
0.84875,72.558,82.776,-35.73,-25.232,76.585,-3.0946,-8.2533,2.3183,7.9336,26.49,26.178
1.9002,71.85,84.368,-35.721,-24.819,76.854,-3.509,-10.701,1.168,7.1932,25.499,25.065
2.8839,70.617,83.353,-35.384,-23.63,75.961,-4.031,-12.501,0.1392,6.3926,24.342,23.788
3.8141,68.719,79.068,-34.767,-21.627,73.538,-4.5848,-13.923,-0.90299,5.4422,22.975,22.309
4.7478,65.89,71.49,-33.876,-18.863,69.354,-5.1245,-15.227,-2.0664,4.2794,21.354,20.588
5.7101,61.94,61.137,-32.679,-15.489,63.422,-5.6193,-16.588,-3.3974,2.8897,19.459,18.599
6.64,56.843,48.768,-31.115,-11.758,55.986,-6.0578,-18.054,-4.873,1.3063,17.291,16.336
7.3867,50.694,35.272,-29.105,-7.9838,47.436,-6.4393,-19.569,-6.4305,-0.41673,14.86,13.799
7.7564,43.604,21.716,-26.553,-4.497,38.214,-6.7551,-21.035,-8.0125,-2.2397,12.18,11.003
7.5852,35.649,9.3002,-23.394,-1.5733,28.723,-6.9928,-22.382,-9.5906,-4.1467,9.2794,7.9892
6.8036,26.904,-0.90584,-19.641,0.61463,19.234,-7.1769,-23.581,-11.154,-6.1244,6.2227,4.8472
5.4697,17.526,-8.2942,-15.417,2.0186,9.927,-7.3875,-24.629,-12.687,-8.1344,3.1133,1.7089
3.7588,7.8183,-12.881,-10.932,2.7046,1.0785,-7.719,-25.527,-14.155,-10.108,0.071678,-1.287
1.9088,-1.7396,-15.155,-6.4304,2.8182,-6.8225,-8.2207,-26.285,-15.52,-11.966,-2.7995,-4.0389
0.13928,-10.578,-15.776,-2.132,2.5282,-13.261,-8.8698,-26.92,-16.755,-13.656,-5.4406,-6.5052
-1.4191,-18.245,-15.37,1.8366,1.9685,-18,-9.5836,-27.458,-17.851,-15.159,-7.8372,-8.6974
-2.7507,-24.548,-14.454,5.4619,1.2275,-21.169,-10.25,-27.926,-18.819,-16.494,-10,-10.652
-3.9236,-29.532,-13.503,8.8024,0.40887,-23.156,-10.757,-28.339,-19.674,-17.691,-11.94,-12.401
-5.029,-33.402,-13.011,11.928,-0.31266,-24.455,-11.015,-28.698,-20.434,-18.775,-13.648,-13.957
-6.1305,-36.463,-13.427,14.882,-0.73628,-25.539,-10.972,-28.987,-21.106,-19.756,-15.106,-15.315
-7.2485,-39.018,-14.954,17.662,-0.75106,-26.744,-10.632,-29.187,-21.693,-20.63,-16.299,-16.47
-8.3768,-41.264,-17.435,20.216,-0.40545,-28.204,-10.059,-29.29,-22.195,-21.385,-17.24,-17.43
-9.5149,-43.249,-20.404,22.466,0.10775,-29.846,-9.3844,-29.315,-22.612,-22.016,-17.967,-18.22
-10.693,-44.929,-23.232,24.356,0.5101,-31.464,-8.7723,-29.304,-22.944,-22.519,-18.54,-18.872
-11.973,-46.264,-25.29,25.895,0.5128,-32.818,-8.3544,-29.31,-23.193,-22.897,-19.015,-19.41
-13.418,-47.269,-26.134,27.148,-0.093335,-33.751,-8.1729,-29.348,-23.345,-23.152,-19.442,-19.846
-15.044,-48.018,-25.679,28.195,-1.34,-34.238,-8.1819,-29.329,-23.346,-23.27,-19.844,-20.175
-16.761,-48.605,-24.295,29.073,-2.999,-34.401,-8.2836,-28.983,-23.065,-23.2,-20.224,-20.389
-18.342,-49.099,-22.752,29.726,-4.5474,-34.453,-8.324,-27.809,-22.243,-22.828,-20.551,-20.472
-19.429,-49.5,-21.988,29.971,-5.1786,-34.629,-8.0509,-24.971,-20.432,-21.932,-20.755,-20.387
-19.563,-49.698,-22.739,29.457,-3.7953,-35.084,-7.1552,-18.933,-16.844,-20.126,-20.701,-20.038
-18.277,-49.444,-25.092,27.638,0.86765,-35.831,-5.5464,-7.9092,-10.325,-16.813,-20.13,-19.213
-15.962,-48.304,-28.082,23.984,7.6257,-36.71,-4.5279,-31.065,-9.6329,-12.105,-18.558,-17.498
-20.8,-45.602,-30.368,20.072,8.1027,-37.406,-13.125,-73.681,-64.8,-25.475,-15.209,-14.168
-35.56,-40.762,-32.628,28.25,3.273,-37.513,-21.334,-81.261,-75.212,-66.411,-12.511,-9.5246
-39.079,-38.646,-35.828,50.257,2.8277,-36.61,-23.55,-88.259,-79.245,-70.471,-42.024,-30.472
-34.02,-61.776,-40.621,54.82,6.8474,-34.86,-25.173,-88.119,-78.571,-69.842,-49.523,-55.935
-20.599,-72.635,-46.519,47.72,15.508,-45.045,-24.673,-72.785,-66.224,-62.243,-49.301,-56.544
2.381,-65.999,-52.372,31.659,31.372,-58.337,-19.168,-35.938,-34.543,-41.756,-46.055,-53.28
35.791,-54.298,-68.391,6.0614,56.449,-62.809,-4.3532,28.484,21.568,-2.6784,-35.951,-43.022
81.304,-37.319,-96.554,-27.628,92.276,-68.703,23.821,126.17,105.05,57.922,-15.516,-22.062
139.91,-14.231,-131.07,-68.431,140.07,-72.99,66.851,260.99,218.56,142.54,19.013,13.78
209.65,18.146,-163.3,-119.27,193.94,-69.062,123.38,429.94,362.24,255.69,74.892,70.808
285.99,67.634,-186.08,-183.6,244.44,-50.126,189.02,619.47,530.35,400.99,160.27,156.14
363.35,145.25,-189.46,-260.21,282.95,-11.4,255.95,807,714.18,578.72,281.85,276.52
435.52,253.74,-161.08,-346.98,301.8,51.49,313.57,964.69,902.08,785.39,442.73,435.28
495.39,384.27,-92.657,-440.88,294.71,148.73,350.84,1064.4,1078,1012.3,639.68,629.82
535.01,531.03,16.38,-534.85,257.91,281.44,359.4,1083.4,1222.7,1243.5,860.59,848.79
546.21,682.62,157.83,-617.6,191.49,427.38,335.79,1009.2,1315.4,1453.6,1082.8,1070.1
521.57,818.23,316.24,-674.71,99.769,573.45,282.2,842.96,1334.8,1607.3,1273,1260.3
456.21,912.22,471.14,-691.13,-8.8758,697.45,204.78,598.91,1262,1662.9,1391.4,1378.6
351.11,940.79,599.72,-655.41,-122.32,775.58,110.35,298.86,1083.7,1582.3,1400.5,1387.2
215.47,890.49,680.34,-564.89,-226.23,790.12,4.0402,-33.731,799.29,1346.5,1279.5,1265.4
65.887,764.77,699.5,-428.86,-307.63,736.26,-110.95,-375.44,426.95,968.62,1035.6,1021.2
-78.139,584.75,659.64,-267.16,-359.08,625.32,-231.74,-701.89,6.0458,497.74,705.9,692.13
-199.58,382.85,577.96,-104.57,-379.81,481.28,-352.99,-987.12,-408.81,7.8463,348.2,336.2
-287.34,192.01,476.16,36.455,-373.51,331.96,-465.02,-1205.8,-761.19,-423.2,23.42,13.675
-336.68,36.696,372.37,141.04,-345.69,200.04,-554.73,-1338.1,-1008.3,-736.33,-222.32,-230.3
-348.09,-71.063,278.19,203.64,-302.36,98.01,-609.68,-1374.6,-1131.3,-905.79,-369.09,-376.56
-326.78,-132.13,198.25,226.99,-249.68,28.953,-623.03,-1319.7,-1136.8,-940.61,-423.82,-432.17
-282.29,-156.71,131.38,219.36,-193.22,-12.239,-595.76,-1190.1,-1049.7,-874.49,-411.08,-421.09
-198.26,-101.1,76.768,137.47,-134.9,-12.063,-536.16,-994.24,-865.62,-710.7,-332.58,-328.3
-131.88,-89.983,20.897,98.194,-73.794,-34.426,-450,-791.2,-694.31,-561.6,-262.99,-259.63
-73.332,-78.061,-26.338,62.612,-20.99,-52.117,-354.37,-591.19,-525.94,-419.26,-197.4,-194.56
-28.265,-66.701,-60.661,34.23,18.62,-63.643,-262.68,-413.51,-377.85,-298.99,-144.35,-141.52
1.0434,-54.906,-78.794,13.635,42.321,-66.832,-184.93,-270.11,-259.15,-206.76,-106.07,-102.79
14.128,-41.968,-79.563,0.64931,49.278,-60.728,-126.59,-165.53,-172.69,-142.77,-81.488,-77.581
11.368,-28.554,-64.016,-4.5931,40.102,-46.187,-88.537,-97.707,-116.56,-103.9,-68.221,-63.942
-5.7348,-16.039,-35.029,-2.1255,16.848,-25.325,-67.786,-59.299,-85.001,-84.723,-63.368,-59.398
-33.622,-5.1473,3.116,6.6486,-16.629,-0.63753,-58.427,-39.061,-68.996,-77.717,-63.499,-60.68
-66.314,4.7756,45.094,18.377,-54.606,25.523,-52.791,-23.606,-57.258,-73.729,-64.61,-63.534
