I,II,III,aVR,aVL,aVF,V1,V2,V3,V4,V5,V6
-65.991,23.35,168.81,6.3893,-130.86,49.431,15.001,-113.53,-97.708,-17.429,-74.883,0.82449
-63.652,22.944,165.4,5.7491,-127.12,48.463,4.906,-117.56,-106.94,-25.231,-74.052,1.9946
-61.088,22.914,162.15,4.8058,-123.55,47.628,-4.7344,-121.72,-114.4,-32.269,-73.191,2.4889
-58.423,23.2,159.12,3.6709,-120.36,46.861,-13.457,-125.83,-118.86,-37.854,-72.265,1.9104
-56.068,23.298,156.21,2.8395,-117.71,45.902,-20.792,-129.33,-119.82,-41.454,-71.271,0.25493
-54.447,22.53,153.17,2.8793,-115.57,44.399,-26.336,-131.52,-117.68,-42.862,-70.232,-2.161
-53.685,20.479,149.71,4.0339,-113.77,42.108,-29.899,-131.93,-113.61,-42.3,-69.151,-4.8364
-53.491,17.32,145.72,5.9992,-111.99,39.095,-31.618,-130.59,-109.17,-40.407,-67.975,-7.1957
-53.23,13.903,141.4,7.9524,-109.94,35.846,-31.905,-127.95,-105.86,-38.037,-66.589,-8.6942
-52.113,11.486,137.23,8.8161,-107.39,33.143,-31.247,-124.66,-104.47,-35.967,-64.854,-8.9616
-49.483,11.126,133.61,7.7416,-104.17,31.671,-30.036,-121.26,-104.92,-34.634,-62.702,-7.9691
-41.296,10.904,139.3,3.6814,-105.39,25.974,-18.822,-83.464,-82.038,-22.9,-53.928,-4.2764
-39.58,10.643,137.26,3.3619,-103.03,25.429,-18.797,-84.259,-81.792,-22.866,-51.236,-4.4132
-38.166,10.664,134.15,3.075,-99.561,25.474,-18.429,-85.599,-81.117,-22.565,-48.164,-4.3388
-37.163,11.049,128.61,2.8903,-94.409,26.365,-17.786,-87.409,-79.732,-21.795,-44.525,-3.9488
-36.529,11.927,120.63,2.824,-88.461,28.292,-16.895,-89.347,-77.166,-20.302,-40.302,-3.1345
-36.187,13.474,114.25,2.8128,-84.521,29.224,-15.751,-90.843,-72.855,-17.879,-35.856,-1.8046
-36.214,14.203,110.4,2.7154,-83.385,27.751,-14.339,-91.176,-66.475,-14.801,-32.024,0.073788
-36.827,11.3,108.44,2.3499,-84.102,25.989,-12.667,-89.534,-58.517,-18.755,-34.232,1.9555
-38.297,8.3926,109.19,1.6776,-86.191,25.001,-10.81,-85.174,-52.022,-24.376,-37.195,-0.17183
-40.765,7.3972,113.58,2.1044,-89.846,26.141,-8.919,-79.008,-57.89,-26.204,-35.771,-3.5062
-43.336,9.8876,122.55,5.4234,-96.183,31.032,-7.2097,-81.421,-63.293,-27.801,-33.933,-2.6456
-46.069,17.613,137.7,6.3191,-106.8,41.702,-5.9715,-101.52,-65.414,-27.25,-29.999,0.85807
-55.237,32.189,160.62,3.154,-122.44,60.444,-5.6237,-116.95,-64.742,-22.022,-21.978,7.7558
-64.698,54.311,191.12,-3.9761,-142.18,88.498,-6.5809,-129.31,-58.521,-8.9994,-7.8266,18.896
-72.747,82.312,226.11,-14.798,-163.39,123.98,-2.8769,-140.08,-43.487,15.723,14.329,34.399
-78.162,112.57,260.9,-28.703,-183.19,158.62,1.1522,-137.1,-14.953,55.807,45.906,54.227
-79.559,142.52,290.84,-44.687,-198.7,187.6,6.0535,-107.37,33.382,113.24,87.671,78.453
-75.181,171.19,311.68,-61.517,-206.93,210.91,12.034,-48.815,103.47,189.42,139.95,107.39
-62.94,197.12,320.08,-79.034,-205,227.57,17.672,34.121,192.15,283.31,203.21,141.6
-40.953,217.41,313.48,-98.753,-190.35,234.32,20.222,130.23,295.21,390.7,277.85,182.16
-7.5908,230.28,289.26,-121.72,-161.04,228.52,15.749,222.21,404.14,505.86,362.82,230.38
38.448,235.69,245.68,-148.16,-116.02,209.93,-0.76573,289.04,507.24,624.15,456.58,288.19
97.866,233.74,184.37,-178,-55.448,180.26,-38.171,310.32,593.31,742.77,557.89,355.69
170.38,227.67,110.34,-211.27,18.873,141.19,-110.17,271.26,653.17,856.33,665.83,428.74
254.29,223.73,28.24,-249.87,103.22,96.649,-200.44,166.72,679.71,958.5,778.3,509.82
346.42,227.23,-56.129,-296.92,192.26,54.438,-303.62,0.85275,669.53,1043.7,891.19,598.45
442.32,243.17,-134.32,-352.46,279.93,22.357,-414.01,-216.28,622.35,1105.1,998.31,691.47
536.75,274.13,-198.81,-414.88,360.01,6.0104,-522.09,-468.23,536.74,1132.7,1091.1,784.11
623.88,318.5,-244.68,-480.25,426.55,6.7234,-619.21,-733.09,410.75,1115.7,1158.9,869.1
697.54,369.23,-270.69,-541.84,476.02,21.211,-697.38,-990.81,245.75,1047.9,1190.3,936.74
751.95,414.09,-282.04,-590.89,508.96,40.183,-750.55,-1228.4,46.684,925.61,1175.1,976.04
783.16,438.02,-290.64,-618.14,529.1,49.542,-778.45,-1439,-179.44,749.01,1106.5,977.19
789.97,427.67,-308.94,-616.29,541.8,36.65,-785.93,-1622.3,-425.46,526.26,984.41,934.77
773.85,376.37,-344.73,-582.62,551.79,-5.3688,-779.64,-1782.6,-684.01,271.42,816.91,850.43
738.08,287.15,-398.37,-520.22,561.02,-75.767,-766.65,-1925.3,-944.61,2.2688,619.31,733.36
686.56,171.94,-461.92,-436.99,567.78,-166.46,-752.85,-2053.1,-1194.6,-262.41,410.65,597.79
622.47,47.398,-522.08,-342.67,567.47,-260.75,-741.04,-2163.2,-1422.5,-505.24,209,458.79
548.19,-70.361,-565.83,-246.22,553.21,-344.03,-730.47,-2247.9,-1616.6,-714.92,28.196,328.53
467.66,-169.43,-585.42,-155.23,519.62,-405.53,-718.32,-2296.5,-1763.6,-884.47,-123.09,214.68
386.77,-243.42,-580,-75.671,473.85,-440.84,-702.2,-2297.9,-1851.6,-1005.5,-240.81,120.3
310.04,-290.97,-552.27,-11.233,421.26,-450.76,-681.05,-2244.9,-1873.9,-1073.9,-325.36,43.825
240.38,-314.55,-506.6,37.299,364.21,-439.21,-654.37,-2136.7,-1831.8,-1092.7,-379.97,-16.805
179.22,-318.88,-449.02,71.554,305.72,-411.46,-621.26,-1980.7,-1734.2,-1069.9,-408.72,-62.634
126.74,-309.15,-385.44,94.124,248.1,-372.98,-580.53,-1789.9,-1595.1,-1015.9,-418.96,-97.699
82.557,-289.66,-320.36,107.41,193.19,-328.07,-531.63,-1578.9,-1430.8,-941.06,-416.66,-124.98
46.7,-263.05,-257.04,113.3,143.18,-281.14,-475.07,-1361.4,-1256.3,-854.01,-404.75,-145
19.09,-231.71,-198.11,112.69,100.1,-235.34,-412.52,-1150,-1082.9,-760.39,-383.82,-156.69
-0.58581,-198.28,-145.46,105.95,64.602,-192.3,-346.76,-954.71,-917.55,-663.3,-353.65,-158.96
-12.549,-163.82,-101.23,94.437,36.539,-153.33,-282.13,-780.99,-765.14,-563.03,-315.18,-151.84
-17.673,-131.77,-66.946,80.315,15.886,-118.61,-224.44,-630.49,-629.31,-464.04,-270.84,-136.67
-17.547,-104.57,-41.358,65.366,2.087,-89.931,-177.4,-504.86,-511.46,-375.89,-223.64,-116.61
-14.436,-82.395,-23.323,50.984,-6.2672,-68.635,-141.36,-403.4,-411.93,-301.51,-178.32,-95.908
-10.842,-66.314,-11.122,38.461,-11.038,-53.659,-115.06,-319.76,-330.5,-239.77,-138.46,-76.942
-7.132,-54.773,-2.6648,29.917,-13.896,-43.423,-95.103,-247.83,-263.84,-190.34,-105.23,-61.14
-6.1599,-45.777,3.7324,23.969,-14.907,-36.354,-77.67,-185.27,-208.62,-151.83,-79.765,-49.365
-6.0397,-37.755,8.3923,19.221,-9.6818,-31.024,-60.497,-130.67,-163.03,-121.58,-62.035,-42.104
-5.8086,-30.071,9.0719,15.413,-10.405,-26.343,-43.896,-83.523,-125.06,-97.43,-50.257,-38.132
-5.4363,-22.928,12.176,12.512,-12.735,-21.748,-29.812,-44.117,-92.85,-77.98,-42.248,-36.016
-4.9512,-16.987,15.766,10.111,-14.407,-17.25,-18.497,-12.511,-65.324,-61.761,-36.221,-34.973
-4.3924,-13.458,17.815,8.0204,-15.429,-13.459,-9.4432,12.03,-42.175,-47.621,-30.819,-33.999
-3.7887,-11.826,19.063,6.4847,-15.928,-10.996,-3.7303,30.861,-23.591,-35.322,-25.266,-31.451
-3.1621,-10.696,19.691,5.4094,-16.04,-9.6629,-0.95387,45.606,-9.8523,-25.441,-19.778,-28.167
-2.5439,-10.032,19.786,4.6535,-15.867,-9.1483,2.3207,56.538,-1.7877,-18.927,-14.948,-25.685
-1.9842,-9.8676,19.433,4.2004,-15.471,-9.1741,6.2331,62.231,-0.13325,-16.227,-9.8863,-24.017
-1.5503,-10.204,18.702,4.1147,-14.897,-9.5878,10,66.608,-0.015062,-15.167,-5.6608,-22.863
-1.3105,-11.068,17.646,4.4734,-14.177,-10.329,13.311,75.189,2.757,-12.746,-2.4542,-22.026
-1.3065,-12.451,16.322,5.2986,-13.353,-11.364,16.152,87.562,6.8466,-9.8993,0.085119,-21.395
-1.5291,-14.251,14.804,6.5126,-12.47,-12.637,18.58,100.53,11.301,-7.3543,2.1939,-20.906
-1.9105,-16.269,13.184,7.9384,-11.578,-14.051,20.631,111.86,15.934,-5.1718,4.0207,-20.522
-2.3356,-18.25,11.556,9.3398,-10.721,-15.487,22.308,121.11,20.75,-3.3028,5.6687,-20.221
-2.6676,-19.957,9.9991,10.482,-9.9233,-16.832,23.604,128.68,25.712,-1.708,7.1975,-19.992
-2.7864,-21.224,8.5645,11.191,-9.1893,-18.005,24.514,135.04,30.688,-0.36276,8.6224,-19.822
-2.6275,-21.986,7.277,11.399,-8.5035,-18.97,25.041,140.52,35.496,0.75757,9.9261,-19.695
-2.2035,-22.287,6.1423,11.157,-7.8467,-19.737,25.203,145.33,40.018,1.6897,11.083,-19.594
-1.6011,-22.258,5.1562,10.621,-7.2101,-20.34,25.03,149.59,44.266,2.4853,12.084,-19.501
-0.95679,-22.074,4.3107,10.004,-6.6002,-20.822,24.558,153.38,48.382,3.2057,12.947,-19.399
-0.41423,-21.893,3.5973,9.5083,-6.0326,-21.201,23.82,156.74,52.558,3.9127,13.726,-19.274
-0.074509,-21.815,3.0046,9.2659,-5.5192,-21.465,22.842,159.72,56.938,4.6601,14.491,-19.112
0.03869,-21.864,2.5132,9.2969,-5.0558,-21.592,21.643,162.38,61.544,5.4863,15.309,-18.898
-0.016865,-21.978,2.09,9.5147,-4.6183,-21.578,20.237,164.8,66.248,6.4064,16.213,-18.621
-0.12726,-22.051,1.6878,9.7724,-4.1702,-21.453,18.641,167.06,70.834,7.4093,17.187,-18.273
-0.16221,-22.005,1.2513,9.9283,-3.6759,-21.285,16.881,169.25,75.105,8.4604,18.169,-17.853
-0.015166,-21.827,0.72689,9.8922,-3.1118,-21.157,14.996,171.43,78.973,9.5155,19.07,-17.362
0.36702,-21.56,0.072416,9.6374,-2.47,-21.147,13.033,173.64,82.489,10.542,19.817,-16.803
0.97364,-21.277,-0.73852,9.1998,-1.7547,-21.317,11.047,175.88,85.798,11.537,20.386,-16.178
1.7422,-21.064,-1.7201,8.6669,-0.97446,-21.703,9.0873,178.15,89.075,12.537,20.821,-15.485
2.5859,-20.991,-2.8799,8.1481,-0.13494,-22.315,7.2033,180.45,92.469,13.609,21.215,-14.718
3.423,-21.1,-4.2202,7.7371,0.76409,-23.136,5.4436,182.79,96.073,14.835,21.683,-13.863
4.1999,-21.387,-5.729,7.4846,1.7276,-24.115,3.8578,185.19,99.931,16.299,22.321,-12.901
4.9004,-21.816,-7.3658,7.3927,2.7586,-25.172,2.4934,187.73,104.04,18.074,23.196,-11.806
5.5414,-22.33,-9.0483,7.4265,3.8467,-26.207,1.3883,190.45,108.35,20.201,24.333,-10.562
6.1599,-22.87,-10.654,7.5312,4.9554,-27.116,0.56288,193.42,112.75,22.671,25.721,-9.1699
6.7989,-23.38,-12.049,7.6458,6.0207,-27.82,0.017821,196.65,117.06,25.4,27.301,-7.6591
7.496,-23.8,-13.133,7.7133,6.9731,-28.286,-0.2587,200.13,121.03,28.266,28.98,-6.0818
8.2795,-24.058,-13.876,7.681,7.7725,-28.526,-0.28013,203.85,124.3,31.18,30.665,-4.4951
9.1718,-24.076,-14.318,7.4963,8.4222,-28.564,-0.054285,207.83,126.48,34.156,32.322,-2.9451
10.189,-23.774,-14.518,7.102,8.9497,-28.377,0.41575,212.08,127.35,37.316,33.99,-1.4604
11.334,-23.064,-14.516,6.4412,9.376,-27.893,1.125,216.68,126.97,40.82,35.746,-0.053554
12.587,-21.856,-14.311,5.4703,9.7015,-27.034,2.0617,221.66,125.69,44.772,37.639,1.2736
13.907,-20.083,-13.878,4.1773,9.9089,-25.758,3.2071,227.07,123.98,49.143,39.654,2.526
15.239,-17.742,-13.186,2.5922,9.9765,-24.065,4.5387,232.89,121.98,53.742,41.719,3.7101
16.536,-14.905,-12.224,0.78406,9.8947,-21.995,6.0319,239.1,119.43,58.31,43.752,4.8295
17.8,-11.711,-11.013,-1.154,9.6811,-19.621,7.6594,245.67,116.02,62.665,45.716,5.8839
19.109,-8.3454,-9.6188,-3.1241,9.3848,-17.045,9.3924,252.6,111.79,66.777,47.65,6.872
20.622,-5.0118,-8.1357,-5.0423,9.0783,-14.396,11.206,259.93,107.17,70.739,49.658,7.7966
22.525,-1.8888,-6.6718,-6.8543,8.8371,-11.808,13.084,267.74,102.71,74.686,51.851,8.6717
24.933,0.90354,-5.3199,-8.5487,8.7195,-9.3978,15.02,276.08,98.811,78.743,54.298,9.5274
27.772,3.3147,-4.14,-10.163,8.754,-7.2338,17.015,285.03,95.588,83.004,56.987,10.412
30.758,5.3628,-3.1581,-11.781,8.9389,-5.3341,19.062,294.61,92.959,87.544,59.838,11.389
33.545,7.1259,-2.3795,-13.5,9.2532,-3.6814,21.143,304.82,91.043,92.39,62.729,12.522
35.925,8.7103,-1.806,-15.39,9.6774,-2.2512,23.223,315.62,90.55,97.481,65.537,13.865
37.891,10.2,-1.4537,-17.436,10.221,-1.0379,25.252,326.97,92.428,102.64,68.194,15.449
39.579,11.625,-1.3638,-19.56,10.949,-0.067282,27.174,338.83,96.456,107.7,70.728,17.271
41.185,12.97,-1.6004,-21.684,11.981,0.61075,28.935,351.14,101.38,112.63,73.226,19.294
42.893,14.202,-2.2357,-23.765,13.489,0.94355,30.495,363.85,106.47,117.54,75.782,21.454
44.825,15.282,-3.3364,-25.775,15.674,0.89516,31.825,376.87,111.82,122.6,78.443,23.682
47.044,16.174,-4.965,-27.685,18.729,0.45378,32.9,390.04,117.88,127.9,81.197,25.924
49.575,16.844,-7.1925,-29.474,22.691,-0.36986,33.69,403.19,125.11,133.43,83.977,28.164
52.416,17.256,-10.091,-31.157,27.237,-1.5451,34.159,416.2,133.76,139.07,86.674,30.428
55.528,17.382,-13.668,-32.784,31.762,-3.0247,34.281,429.01,143.74,144.63,89.169,32.772
58.839,17.2,-17.769,-34.419,35.885,-4.7568,34.04,441.68,154.72,149.94,91.36,35.253
62.274,16.698,-22.14,-36.101,39.682,-6.7043,33.438,454.27,166.23,154.92,93.197,37.888
65.81,15.878,-26.713,-37.825,43.479,-8.8635,32.487,466.81,177.79,159.56,94.682,40.641
69.529,14.76,-31.769,-39.553,47.668,-11.264,31.203,479.28,189.02,163.93,95.842,43.444
73.588,13.379,-37.725,-41.247,52.62,-13.946,29.598,491.61,199.69,168.09,96.692,46.227
78.079,11.789,-44.806,-42.885,58.547,-16.929,27.679,503.65,209.64,172.1,97.229,48.947
82.9,10.065,-52.856,-44.472,65.343,-20.192,25.461,515.21,218.85,175.99,97.435,51.584
87.843,8.3037,-61.378,-46.027,72.562,-23.676,22.97,526.02,227.3,179.65,97.299,54.134
92.785,6.6139,-69.801,-47.589,79.64,-27.294,20.242,535.81,234.98,182.97,96.824,56.597
97.755,5.1019,-77.713,-49.203,86.203,-30.962,17.31,544.38,241.84,185.81,96.038,58.967
102.85,3.8454,-84.891,-50.909,92.2,-34.62,14.203,551.63,247.81,188.07,94.982,61.227
108.15,2.8716,-91.259,-52.714,97.806,-38.256,10.951,557.58,252.9,189.69,93.687,63.345
113.64,2.1476,-96.895,-54.578,103.28,-41.913,7.5749,562.3,257.19,190.66,92.131,65.278
119.18,1.5943,-101.99,-56.408,108.81,-45.636,4.083,565.86,260.84,191.01,90.222,66.991
124.46,1.1189,-106.71,-58.091,114.32,-49.385,0.47213,568.33,264.06,190.74,87.817,68.466
129.18,0.64898,-111.08,-59.535,119.46,-53.014,-3.2545,569.79,266.91,189.79,84.82,69.713
133.17,0.14839,-115.08,-60.712,123.88,-56.36,-7.0666,570.31,269.16,188.04,81.311,70.77
136.44,-0.39325,-118.78,-61.641,127.45,-59.33,-10.905,569.97,270.22,185.43,77.512,71.691
139.02,-0.98999,-122.31,-62.34,130.21,-61.915,-14.707,568.83,269.53,181.99,73.599,72.511
140.91,-1.6816,-125.7,-62.804,132.29,-64.146,-18.43,566.89,266.88,177.71,69.548,73.212
142.1,-2.5272,-128.84,-63.009,133.82,-66.083,-22.069,564.12,262.4,172.54,65.184,73.723
142.75,-3.5708,-131.62,-62.946,134.94,-67.789,-25.628,560.46,256.32,166.4,60.301,73.951
143.03,-4.8032,-134.05,-62.652,135.78,-69.331,-29.102,555.88,248.87,159.3,54.776,73.834
143.1,-6.1489,-136.22,-62.206,136.47,-70.773,-32.445,550.39,240.35,151.4,48.641,73.367
143.09,-7.4936,-138.2,-61.71,137.04,-72.159,-35.589,544.05,231.09,142.97,42.058,72.607
143.09,-8.7335,-140.02,-61.244,137.55,-73.492,-38.481,536.93,221.46,134.28,35.247,71.637
143.15,-9.8103,-141.64,-60.837,137.97,-74.719,-41.113,529.1,211.69,125.51,28.405,70.536
143.2,-10.708,-142.97,-60.461,138.29,-75.76,-43.517,520.57,201.84,116.73,21.672,69.356
143.15,-11.426,-143.92,-60.055,138.48,-76.531,-45.738,511.4,191.81,107.94,15.142,68.121
142.88,-11.943,-144.42,-59.561,138.5,-76.963,-47.802,501.63,181.48,99.064,8.891,66.84
142.26,-12.217,-144.29,-58.958,138.31,-76.978,-49.704,491.4,170.76,90.014,3.0194,65.531
141.19,-12.188,-143.33,-58.265,137.85,-76.459,-51.398,480.82,159.74,80.746,-2.3305,64.222
139.53,-11.805,-141.29,-57.54,137.06,-75.258,-52.808,470,148.73,71.233,-7.0174,62.955
137.17,-11.034,-138.23,-56.844,135.87,-73.251,-53.843,458.96,138.18,61.43,-11.009,61.778
134.29,-9.8714,-134.7,-56.223,134.24,-70.411,-54.409,447.64,128.49,51.539,-14.416,60.729
131.5,-8.3384,-131.35,-55.689,132.21,-66.81,-54.432,435.94,119.77,42.479,-17.396,59.826
129.27,-6.4813,-128.28,-55.214,129.71,-62.579,-53.857,423.78,111.88,35.281,-20.044,59.06
127.18,-4.3649,-124.93,-54.743,126.42,-57.906,-52.641,411.18,104.54,30.071,-22.373,58.4
124.48,-2.0541,-120.47,-54.209,122.03,-52.956,-50.741,398.2,97.483,26.386,-24.356,57.805
120.76,0.40937,-114.17,-53.562,116.37,-47.755,-48.115,384.87,90.49,23.777,-25.962,57.243
116.01,3.017,-105.63,-52.786,109.4,-42.156,-44.736,371.14,83.445,21.949,-27.189,56.706
110.46,5.7753,-94.988,-51.896,101.3,-36.039,-40.622,356.85,76.358,20.701,-28.066,56.21
104.26,8.6789,-82.979,-50.921,92.452,-29.58,-35.883,341.82,69.326,19.877,-28.642,55.791
97.307,11.708,-70.751,-49.889,83.365,-23.161,-30.711,325.96,62.468,19.355,-28.964,55.483
89.661,14.848,-59.309,-48.815,74.499,-16.992,-25.298,309.33,55.918,19.063,-29.068,55.291
82.034,18.101,-49.107,-47.72,66.065,-11.015,-19.765,292.18,49.828,18.986,-28.979,55.196
75.332,21.5,-40.013,-46.66,57.976,-5.1098,-14.175,274.83,44.338,19.154,-28.71,55.174
70.05,25.098,-31.579,-45.707,50.03,0.73882,-8.6045,257.52,39.526,19.604,-28.269,55.209
66.162,28.934,-23.35,-44.898,42.283,6.4288,-3.1839,240.44,35.392,20.351,-27.664,55.301
63.009,32.966,-15.056,-44.193,34.946,11.823,1.9411,223.67,31.86,21.358,-26.922,55.447
59.411,37.032,-6.7416,-43.483,27.927,16.829,6.68,207.23,28.802,22.531,-26.099,55.634
54.351,40.898,1.1613,-42.646,21.057,21.402,10.997,191.04,26.073,23.728,-25.274,55.83
47.785,44.362,8.016,-41.618,14.47,25.493,14.875,174.94,23.551,24.804,-24.528,56
40.702,47.327,13.524,-40.417,8.5305,29.041,18.307,158.84,21.166,25.655,-23.928,56.116
34.102,49.803,17.956,-39.129,3.6698,32.058,21.297,142.78,18.898,26.238,-23.517,56.154
28.282,51.854,21.712,-37.864,-0.039935,34.637,23.85,126.96,16.742,26.558,-23.325,56.091
23.242,53.534,24.994,-36.678,-2.9336,36.869,25.956,111.55,14.677,26.638,-23.374,55.888
19.048,54.838,27.836,-35.52,-5.331,38.797,27.578,96.463,12.655,26.488,-23.681,55.489
15.645,55.704,30.235,-34.225,-7.4115,40.422,28.66,81.314,10.617,26.103,-24.253,54.831
12.836,56.032,32.201,-32.586,-9.2696,41.725,29.156,65.707,8.5222,25.472,-25.074,53.854
10.462,55.733,33.758,-30.474,-10.948,42.668,29.05,50.034,6.3664,24.59,-26.098,52.522
8.4566,54.766,34.917,-27.938,-12.441,43.214,28.369,35.899,4.185,23.471,-27.259,50.825
6.7625,53.165,35.673,-25.215,-13.703,43.341,27.17,24.756,2.0317,22.145,-28.497,48.779
5.3036,51.027,36.008,-22.583,-14.678,43.055,25.53,16.556,-0.043007,20.657,-29.793,46.422
4.0119,48.475,35.909,-20.185,-15.33,42.383,23.529,10.388,-2.0083,19.048,-31.184,43.795
2.8362,45.61,35.379,-17.998,-15.662,41.358,21.244,5.4473,-3.8611,17.347,-32.745,40.939
1.7339,42.484,34.441,-15.906,-15.716,39.998,18.746,1.2526,-5.6257,15.562,-34.544,37.884
0.67134,39.116,33.131,-13.782,-15.554,38.305,16.104,-2.4513,-7.3467,13.687,-36.613,34.655
-0.36382,35.533,31.497,-11.548,-15.239,36.274,13.388,-5.8014,-9.0742,11.712,-38.929,31.278
-1.3496,31.802,29.586,-9.2208,-14.814,33.91,10.678,-8.8704,-10.846,9.6362,-41.423,27.8
-2.2294,28.034,27.438,-6.9063,-14.291,31.243,8.0698,-11.691,-12.678,7.4816,-44.005,24.303
-2.9303,24.329,25.085,-4.7371,-13.654,28.329,5.6674,-14.267,-14.555,5.2853,-46.605,20.906
-3.394,20.713,22.542,-2.8012,-12.868,25.227,3.5614,-16.59,-16.449,3.0842,-49.195,17.729
-3.6072,17.157,19.819,-1.1082,-11.901,21.977,1.801,-18.652,-18.325,0.90505,-51.781,14.844
-3.6162,13.615,16.92,0.40813,-10.743,18.589,0.38475,-20.454,-20.154,-1.234,-54.368,12.264
-3.5192,10.039,13.863,1.8637,-9.4117,15.058,-0.72434,-22.009,-21.914,-3.3139,-56.923,9.9594
-3.4381,6.3804,10.677,3.3817,-7.9581,11.38,-1.5734,-23.325,-23.58,-5.3075,-59.361,7.8878
-3.4765,2.6058,7.402,5.0455,-6.4486,7.5717,-2.1993,-24.403,-25.121,-7.1807,-61.569,6.0132
-3.6843,-1.2765,4.0813,6.8676,-4.9472,3.6855,-2.6204,-25.235,-26.499,-8.9018,-63.46,4.3075
-4.0419,-5.1966,0.76092,8.79,-3.4961,-0.18389,-2.8427,-25.813,-27.683,-10.455,-65.02,2.7485
-4.473,-9.0393,-2.5167,10.715,-2.1104,-3.932,-2.8751,-26.144,-28.664,-11.853,-66.318,1.3135
-4.877,-12.697,-5.7229,12.547,-0.78757,-7.4917,-2.7407,-26.258,-29.46,-13.137,-67.476,-0.028308
-5.1685,-16.112,-8.8499,14.22,0.47486,-10.854,-2.4766,-26.208,-30.114,-14.366,-68.609,-1.3179
-5.3066,-19.267,-11.902,15.72,1.6671,-14.048,-2.1217,-26.052,-30.672,-15.593,-69.768,-2.5984
-5.3035,-22.152,-14.88,17.072,2.7673,-17.097,-1.7033,-25.836,-31.156,-16.832,-70.921,-3.8987
-5.2106,-24.736,-17.758,18.326,3.751,-19.985,-1.2297,-25.572,-31.55,-18.046,-71.973,-5.2172
-5.0943,-26.969,-20.482,19.532,4.6002,-22.655,-0.69153,-25.234,-31.798,-19.15,-72.815,-6.5185
-5.0179,-28.809,-22.976,20.714,5.3072,-25.03,-0.069895,-24.776,-31.831,-20.035,-73.371,-7.7478
-5.0343,-30.268,-25.16,21.87,5.8719,-27.047,0.65562,-24.149,-31.596,-20.623,-73.601,-8.8555
-5.1823,-31.423,-26.969,22.963,6.2945,-28.678,1.501,-23.331,-31.081,-20.898,-73.493,-9.8141
-5.4781,-32.376,-28.35,23.951,6.5691,-29.933,2.4765,-22.334,-30.32,-20.916,-73.042,-10.62
-5.9078,-33.195,-29.262,24.802,6.6869,-30.836,3.5868,-21.197,-29.368,-20.776,-72.259,-11.281
-6.4216,-33.892,-29.675,25.496,6.6479,-31.407,4.8331,-19.972,-28.283,-20.568,-71.177,-11.804
-6.9339,-34.431,-29.586,25.995,6.4733,-31.646,6.2132,-18.711,-27.108,-20.345,-69.855,-12.182
-7.3386,-34.744,-29.023,26.232,6.2019,-31.533,7.7211,-17.451,-25.861,-20.104,-68.347,-12.401
-7.5406,-34.737,-28.035,26.123,5.8733,-31.039,9.3472,-16.211,-24.542,-19.803,-66.676,-12.437
-7.488,-34.3,-26.667,25.594,5.5129,-30.145,11.077,-14.992,-23.145,-19.384,-64.821,-12.271
-7.1904,-33.336,-24.965,24.624,5.1292,-28.852,12.889,-13.788,-21.666,-18.805,-62.716,-11.898
-6.7152,-31.82,-22.989,23.277,4.7174,-27.191,14.762,-12.589,-20.119,-18.067,-60.282,-11.338
-6.1641,-29.82,-20.83,21.699,4.2652,-25.217,16.667,-11.393,-18.532,-17.219,-57.475,-10.638
-5.6368,-27.463,-18.58,20.054,3.7591,-23.004,18.576,-10.207,-16.941,-16.333,-54.324,-9.856
-5.198,-24.874,-16.309,18.448,3.1948,-20.626,20.464,-9.0363,-15.372,-15.471,-50.954,-9.0457
-4.8551,-22.138,-14.055,16.908,2.585,-18.137,22.313,-7.8844,-13.833,-14.658,-47.535,-8.2337
-4.5577,-19.291,-11.843,15.386,1.9601,-15.574,24.112,-6.7466,-12.319,-13.876,-44.216,-7.4171
-4.2197,-16.349,-9.6935,13.807,1.3597,-12.968,25.851,-5.6165,-10.824,-13.08,-41.085,-6.5747
-3.7596,-13.342,-7.6325,12.126,0.81864,-10.355,27.513,-4.4942,-9.3447,-12.219,-38.183,-5.6895
-3.1393,-10.343,-5.6914,10.361,0.3526,-7.7947,29.061,-3.3921,-7.891,-11.259,-35.541,-4.77
-2.3853,-7.4546,-3.8984,8.5961,-0.048844,-5.3612,30.432,-2.3346,-6.4818,-10.196,-33.195,-3.8534
-1.582,-4.7856,-2.2649,6.9365,-0.41964,-3.118,31.546,-1.3517,-5.1381,-9.0465,-31.148,-2.9845
-0.83919,-2.4041,-0.77572,5.4664,-0.80334,-1.0863,32.323,-0.46844,-3.8719,-7.8289,-29.352,-2.1889
-0.24759,-0.31308,0.60746,4.229,-1.2323,0.76778,32.714,0.30228,-2.6761,-6.5438,-27.72,-1.4597
0.15269,1.539,1.93,3.219,-1.7112,2.516,32.704,0.96286,-1.5228,-5.1668,-26.163,-0.76482
0.37629,3.2216,3.2263,2.3906,-2.2159,4.2303,32.305,1.5273,-0.37376,-3.6592,-24.614,-0.065548
0.4725,4.7898,4.5107,1.6782,-2.7076,5.9494,31.532,2.0141,0.80026,-1.9892,-23.029,0.66623
0.49984,6.2731,5.7786,1.0226,-3.1518,7.6669,30.392,2.4384,2.002,-0.15215,-21.386,1.4409
0.50982,7.6813,7.0158,0.38478,-3.5304,9.3436,28.884,2.8044,3.2004,1.8217,-19.679,2.2533
0.5418,9.0221,8.2072,-0.26507,-3.8455,10.935,27.011,3.1017,4.3378,3.8727,-17.915,3.0871
0.62473,10.334,9.3444,-0.96593,-4.1144,12.418,24.788,3.3043,5.3437,5.9212,-16.119,3.9173
0.78112,11.703,10.426,-1.7621,-4.3601,13.803,22.242,3.3737,6.1478,7.8763,-14.331,4.7121
1.0293,13.224,11.449,-2.6804,-4.5997,15.118,19.409,3.2667,6.689,9.645,-12.603,5.4399
1.3839,14.943,12.405,-3.7248,-4.8343,16.382,16.328,2.9457,6.9246,11.144,-10.989,6.0776
1.854,16.835,13.265,-4.8846,-5.0446,17.587,13.043,2.3892,6.8412,12.314,-9.5317,6.6155
2.4363,18.803,13.987,-6.1264,-5.1959,18.69,9.5983,1.5982,6.4611,13.131,-8.261,7.0551
3.1032,20.69,14.522,-7.3752,-5.2524,19.621,6.0385,0.59615,5.8373,13.607,-7.1871,7.4021
3.7968,22.307,14.829,-8.5151,-5.1921,20.3,2.4149,-0.5771,5.0396,13.791,-6.307,7.6623
4.4375,23.477,14.89,-9.4195,-5.0153,20.658,-1.207,-1.8728,4.1378,13.747,-5.6089,7.8428
4.9472,24.083,14.714,-9.9941,-4.7429,20.664,-4.7385,-3.2437,3.186,13.542,-5.0759,7.9557
5.2737,24.103,14.341,-10.21,-4.409,20.326,-8.0704,-4.6552,2.2122,13.225,-4.6882,8.0181
5.4022,23.603,13.825,-10.105,-4.0514,19.696,-11.093,-6.0925,1.2135,12.813,-4.4275,8.0449
5.3524,22.709,13.222,-9.7658,-3.7034,18.843,-13.725,-7.5594,0.16025,12.286,-4.2817,8.039
5.1653,21.555,12.569,-9.2808,-3.3852,17.831,-15.922,-9.0697,-0.99053,11.594,-4.2492,7.9855
4.8859,20.243,11.873,-8.7077,-3.1026,16.702,-17.665,-10.636,-2.276,10.688,-4.3398,7.8554
4.5477,18.807,11.124,-8.0514,-2.8534,15.461,-18.939,-12.26,-3.7119,9.5472,-4.566,7.6187
4.1654,17.228,10.304,-7.2777,-2.6356,14.098,-19.736,-13.933,-5.2853,8.1922,-4.9297,7.2616
3.7405,15.48,9.4155,-6.3597,-2.451,12.605,-20.058,-15.636,-6.9576,6.6884,-5.4115,6.797
3.2701,13.588,8.4825,-5.3202,-2.3037,11.004,-19.925,-17.348,-8.6739,5.1245,-5.9738,6.2606
2.7532,11.649,7.5468,-4.2253,-2.1975,9.3492,-19.375,-19.044,-10.374,3.5851,-6.5729,5.6936
2.1898,9.7815,6.6519,-3.1393,-2.136,7.7126,-18.465,-20.698,-12.007,2.1271,-7.171,5.1247
1.5801,8.0619,5.8298,-2.0941,-2.1204,6.159,-17.259,-22.283,-13.535,0.77055,-7.7414,4.5639
0.92708,6.5017,5.0978,-1.0916,-2.1491,4.7367,-15.824,-23.771,-14.938,-0.49522,-8.2684,4.0067
0.23997,5.0728,4.4612,-0.11989,-2.2149,3.4739,-14.224,-25.136,-16.212,-1.6971,-8.7477,3.4434
-0.4646,3.7324,3.917,0.83781,-2.306,2.3744,-12.521,-26.36,-17.359,-2.8645,-9.1864,2.8657
-1.1647,2.4331,3.4538,1.7997,-2.4093,1.4155,-10.767,-27.432,-18.387,-4.02,-9.5992,2.2709
-1.8353,1.132,3.0543,2.7792,-2.5138,0.55499,-9.0103,-28.358,-19.302,-5.1738,-10,1.6617
-2.448,-0.1932,2.6982,3.7719,-2.6134,-0.25132,-7.2988,-29.155,-20.112,-6.3217,-10.395,1.0433
-2.9729,-1.5295,2.3666,4.7453,-2.7052,-1.0351,-5.6783,-29.855,-20.833,-7.4491,-10.775,0.41705
-3.3846,-2.834,2.0442,5.6426,-2.789,-1.811,-4.1898,-30.499,-21.494,-8.5414,-11.13,-0.22671
-3.6741,-4.0515,1.7215,6.4017,-2.8687,-2.5817,-2.8657,-31.136,-22.136,-9.5943,-11.451,-0.90845
-3.8578,-5.1393,1.3943,6.9796,-2.9532,-3.3448,-1.7233,-31.816,-22.812,-10.617,-11.735,-1.6527
-3.9769,-6.083,1.0625,7.3668,-3.0534,-4.097,-0.75997,-32.574,-23.566,-11.628,-11.981,-2.4735
-4.0869,-6.896,0.73002,7.5897,-3.1786,-4.8317,0.047492,-33.429,-24.417,-12.644,-12.187,-3.3625
-4.2433,-7.6063,0.40581,7.7055,-3.3329,-5.5351,0.73609,-34.376,-25.359,-13.674,-12.34,-4.2866
-4.4919,-8.2473,0.10301,7.7956,-3.5156,-6.1903,1.3473,-35.396,-26.356,-14.715,-12.422,-5.2006
-4.8677,-8.8679,-0.16558,7.9579,-3.7229,-6.7899,1.9182,-36.461,-27.364,-15.76,-12.419,-6.0676
-5.3983,-9.5453,-0.39266,8.2939,-3.9524,-7.3485,2.4765,-37.549,-28.348,-16.798,-12.328,-6.877
-6.1031,-10.375,-0.57853,8.8858,-4.2077,-7.9023,3.0408,-38.641,-29.293,-17.826,-12.163,-7.65
-6.9848,-11.436,-0.73049,9.7701,-4.4974,-8.4946,3.6234,-39.727,-30.208,-18.85,-11.957,-8.4281
-8.0191,-12.751,-0.8601,10.919,-4.83,-9.1579,4.2304,-40.802,-31.116,-19.885,-11.755,-9.2523
-9.1523,-14.268,-0.97825,12.244,-5.208,-9.8953,4.859,-41.864,-32.043,-20.949,-11.607,-10.142
-10.312,-15.873,-1.089,13.623,-5.6269,-10.68,5.4928,-42.912,-33.002,-22.058,-11.554,-11.089
-11.426,-17.425,-1.1851,14.934,-6.0788,-11.462,6.1002,-43.949,-33.992,-23.218,-11.624,-12.062
-12.442,-18.805,-1.2464,16.087,-6.5596,-12.19,6.6368,-44.97,-34.988,-24.423,-11.819,-13.025
-13.341,-19.945,-1.244,17.034,-7.0706,-12.813,7.0519,-45.963,-35.946,-25.646,-12.12,-13.954
-14.133,-20.825,-1.1454,17.776,-7.6159,-13.29,7.2977,-46.91,-36.809,-26.831,-12.485,-14.837
-14.849,-21.472,-0.92153,18.358,-8.1987,-13.587,7.3351,-47.795,-37.524,-27.911,-12.861,-15.673
-15.532,-21.924,-0.54832,18.861,-8.8221,-13.681,7.1331,-48.616,-38.058,-28.821,-13.196,-16.462
-16.222,-22.204,-0.0043824,19.358,-9.4921,-13.547,6.6623,-49.383,-38.413,-29.519,-13.448,-17.202
-16.932,-22.293,0.7372,19.866,-10.218,-13.159,5.8902,-50.106,-38.602,-29.98,-13.58,-17.871
-17.624,-22.118,1.7049,20.31,-11.003,-12.475,4.7839,-50.781,-38.639,-30.19,-13.557,-18.432
-18.199,-21.559,2.9274,20.534,-11.835,-11.434,3.319,-51.367,-38.52,-30.13,-13.337,-18.826
-18.514,-20.481,4.4231,20.358,-12.679,-9.9695,1.4907,-51.792,-38.211,-29.777,-12.874,-18.988
-18.437,-18.775,6.1884,19.662,-13.482,-8.0371,-0.67689,-51.969,-37.666,-29.109,-12.127,-18.864
-17.908,-16.397,8.1898,18.436,-14.195,-5.6369,-3.1271,-51.826,-36.844,-28.119,-11.066,-18.423
-16.979,-13.351,10.368,16.759,-14.79,-2.822,-5.774,-51.325,-35.73,-26.821,-9.6754,-17.671
-15.777,-9.6848,12.647,14.725,-15.269,0.31686,-8.5122,-50.477,-34.345,-25.254,-7.9459,-16.643
-14.44,-5.497,14.954,12.377,-15.648,3.6786,-11.232,-49.331,-32.729,-23.463,-5.8604,-15.388
-13.052,-0.94296,17.226,9.7275,-15.948,7.1707,-13.83,-47.961,-30.931,-21.492,-3.4045,-13.952
-11.629,3.8056,19.421,6.8232,-16.181,10.705,-16.221,-46.45,-29.004,-19.389,-0.57803,-12.36
-10.135,8.6003,21.516,3.7561,-16.351,14.19,-18.338,-44.88,-27.003,-17.203,2.5912,-10.62
-8.5179,13.324,23.5,0.62194,-16.457,17.528,-20.143,-43.328,-24.993,-14.989,6.0419,-8.7416
-6.7556,17.885,25.371,-2.4907,-16.498,20.629,-21.612,-41.856,-23.047,-12.812,9.6787,-6.7603
-4.8852,22.205,27.135,-5.4784,-16.483,23.432,-22.738,-40.511,-21.241,-10.742,13.375,-4.7481
-3.007,26.191,28.804,-8.2245,-16.439,25.908,-23.516,-39.321,-19.635,-8.8449,16.988,-2.7993
-1.2634,29.728,30.377,-10.625,-16.398,28.05,-23.945,-38.304,-18.267,-7.1755,20.377,-1.0089
0.19431,32.723,31.839,-12.609,-16.397,29.861,-24.04,-37.464,-17.148,-5.7636,23.433,0.54546
1.2407,35.153,33.16,-14.143,-16.461,31.355,-23.835,-36.803,-16.269,-4.615,26.094,1.8094
1.8058,37.051,34.308,-15.226,-16.6,32.545,-23.382,-36.314,-15.61,-3.7185,28.355,2.7617
1.8934,38.448,35.26,-15.897,-16.806,33.463,-22.741,-35.983,-15.144,-3.0589,30.243,3.4083
1.5803,39.366,36.011,-16.236,-17.06,34.155,-21.968,-35.799,-14.851,-2.6279,31.793,3.7733
0.99218,39.843,36.569,-16.358,-17.341,34.667,-21.116,-35.76,-14.724,-2.4308,33.017,3.8903
0.26421,39.936,36.955,-16.366,-17.639,35.028,-20.234,-35.882,-14.77,-2.4839,33.904,3.7848
-0.49506,39.686,37.186,-16.297,-17.952,35.242,-19.377,-36.194,-15.012,-2.8055,34.42,3.4717
-1.2186,39.107,37.273,-16.097,-18.273,35.291,-18.595,-36.735,-15.473,-3.4034,34.527,2.9554
-1.8742,38.205,37.222,-15.653,-18.589,35.149,-17.926,-37.536,-16.173,-4.2648,34.188,2.2321
-2.4475,37.01,37.04,-14.885,-18.876,34.801,-17.387,-38.618,-17.111,-5.354,33.404,1.3068
-2.9377,35.573,36.733,-13.823,-19.111,34.247,-16.969,-39.976,-18.272,-6.617,32.224,0.19455
-3.3615,33.951,36.314,-12.584,-19.284,33.498,-16.639,-41.576,-19.622,-7.9974,30.735,-1.0754
-3.7511,32.188,35.795,-11.286,-19.396,32.578,-16.362,-43.358,-21.125,-9.4501,29.035,-2.4691
-4.1383,30.316,35.179,-9.9917,-19.458,31.515,-16.107,-45.251,-22.745,-10.951,27.193,-3.9551
-4.5388,28.363,34.474,-8.7187,-19.481,30.334,-15.864,-47.192,-24.45,-12.497,25.248,-5.5051
-4.9523,26.359,33.696,-7.4707,-19.478,29.064,-15.638,-49.143,-26.219,-14.102,23.222,-7.0912
-5.3761,24.349,32.891,-6.2566,-19.473,27.746,-15.435,-51.103,-28.03,-15.776,21.14,-8.6774
-5.8192,22.399,32.154,-5.0933,-19.516,26.456,-15.25,-53.114,-29.854,-17.508,19.051,-10.213
-6.3124,20.605,31.661,-3.9994,-19.704,25.334,-15.057,-55.245,-31.636,-19.242,17.038,-11.63
-6.9107,19.094,31.702,-2.9849,-20.189,24.59,-14.811,-57.561,-33.274,-20.839,15.232,-12.842
-7.6883,18.023,32.723,-2.0513,-21.204,24.5,-14.457,-60.069,-34.596,-22.065,13.821,-13.746
-8.7269,17.572,35.323,-1.2084,-23.098,25.413,-13.934,-62.637,-35.343,-22.594,13.071,-14.215
-10.101,17.988,38.904,-0.49115,-26.165,27.517,-13.181,-64.926,-35.16,-22.081,13.389,-14.106
-11.856,18.631,38.547,0.033782,-28.47,27.938,-12.13,-66.356,-33.66,-20.353,15.421,-13.259
-13.981,15.427,36.315,0.29361,-28.316,26.261,-10.721,-66.172,-30.633,-19.331,18.027,-11.587
-16.359,11.1,35.026,0.30261,-28.342,24.738,-8.9167,-63.683,-27.734,-27.768,8.6929,-9.6875
-18.733,8.3641,36.19,0.59612,-29.568,24.541,-6.7302,-59.005,-40.053,-30.35,4.5562,-12.067
-20.751,9.0223,40.885,2.5301,-32.266,26.94,-4.2238,-57.625,-51.62,-32.532,2.7588,-15.509
-22.172,14.712,49.837,4.8647,-37.281,33.146,-1.4809,-80.334,-53.586,-33.177,2.9193,-14.651
-23.781,26.693,65.011,4.3444,-46.566,44.676,1.3864,-98.339,-52.706,-29.58,7.1327,-11.07
-34.541,45.36,89.11,-0.081113,-62.246,63.796,3.9414,-104.12,-45.316,-18.274,17.654,-3.7283
-46.257,69.973,122.18,-8.6591,-83.759,92.787,5.0858,-105.25,-27.618,4.0955,35.868,8.1012
-53.988,99.222,160.37,-21.157,-107.96,129.93,3.7234,-102.19,2.5431,40.057,62.336,24.425
-59.263,131.63,199.06,-36.758,-131.14,167.49,8.5816,-87.441,47.375,90.886,97.603,45.252
-61.982,164.79,233.74,-53.619,-150.14,201.35,16.753,-50.664,110.65,156.78,142.27,70.791
-61.177,195.31,260.27,-70.001,-162.04,229.43,27.963,11.564,195.68,237.75,196.83,101.09
-53.735,220.6,275.23,-85.82,-164.16,249.62,41.139,96.125,301.07,334.41,262.15,136.53
-36.607,239.97,275.84,-102.65,-154.08,260.1,51.669,193.18,417.7,446.01,338.77,178.4
-7.0552,254.33,260.01,-122.9,-130,259.32,53.396,286.92,533.44,568.78,427.93,228.84
37.05,265.82,226.59,-148.73,-90.924,247.16,41.236,358.03,637.9,697.79,529.24,289.94
96.481,274.55,175.71,-181.3,-36.579,224.87,9.8651,387.01,722.68,827.17,640.79,361.85
170.25,279.6,109.3,-220.88,32.063,192.97,-45.248,357.58,780.79,949.33,759.46,443.04
255.82,286.04,32.64,-267.32,111.63,154.95,-123.89,260.23,805.9,1057.6,880.99,531.77
349.41,298.25,-46.762,-320.12,196.57,119.13,-220.79,96.602,792.98,1144.9,999.66,626.53
446.03,318.11,-120.77,-378.06,280.28,91.458,-329.52,-121.14,738.58,1202.9,1108.5,724.01
539.74,347.38,-181.64,-439.3,356.19,76.388,-442.16,-375.19,640.72,1222.9,1199.5,818.66
624.54,385.84,-225.06,-500.99,419.44,75.534,-548.46,-645.57,499.82,1197.1,1263.9,903.69
695.44,429.18,-251.28,-558.47,468.03,85.832,-639.31,-913.47,319.83,1120.6,1292.8,971.21
748.78,467.75,-265.23,-604.9,503,99.072,-709.34,-1162.2,108.06,991.94,1277.8,1012.4
782.4,487.89,-277.87,-632.15,528.03,103.05,-755.71,-1381.1,-126.53,814.39,1212.7,1018.7
795.68,475.79,-303.07,-632.75,548.39,84.626,-779.3,-1568.6,-375.33,595.28,1096.1,984.57
789.19,422.7,-350.14,-602.33,568.6,34.883,-784.9,-1727.2,-631.52,345.82,933.21,909.68
763.88,328.93,-419.6,-541.6,589.99,-46.177,-780.14,-1859.2,-889.25,79.863,737.04,799.99
721.05,204.56,-502.68,-456.81,609.35,-148.76,-772.13,-1970.7,-1141.4,-187.74,524.78,666.6
663.15,66.334,-583.63,-357.98,619.35,-256.94,-763.86,-2067,-1378,-442.54,313.16,523.05
593.37,-67.69,-645.73,-256.01,612.54,-354.48,-754.08,-2146,-1585.9,-671.4,115.73,382.04
515.69,-183.08,-679.39,-160.17,587.63,-429.71,-740.3,-2199.8,-1750.3,-862.63,-57.148,253.08
435.33,-271.51,-683.55,-76.969,548.66,-477.14,-721.46,-2218.6,-1857.7,-1006.5,-198.21,141.84
357.95,-330.67,-661.86,-9.8466,500.39,-496.77,-698.01,-2194.8,-1900.3,-1097.4,-304.1,50.462
286.76,-362.84,-620.14,40.735,446.14,-492.39,-669.94,-2125,-1878,-1135.2,-375.92,-21.721
222.21,-372.91,-564.73,76.699,388.37,-469.89,-637.36,-2011.1,-1798.4,-1126.4,-418.66,-77.405
164.32,-366.53,-501.6,101.14,329.37,-435.47,-600.74,-1858.8,-1674.5,-1081.3,-439.2,-120.83
113.14,-348.72,-435.35,117.56,271.57,-393.73,-558.98,-1677.9,-1521.8,-1011.7,-443.95,-153.58
69.457,-323.33,-368.58,127.58,217.32,-347.26,-511.44,-1480,-1355.1,-927.04,-437.07,-175.9
34.116,-292.58,-302.92,130.61,168.53,-297.83,-458.58,-1276.8,-1187.2,-834.01,-420.25,-189.24
7.5092,-257.34,-241.02,125.93,126.28,-247.64,-400.61,-1079.5,-1026.9,-736.96,-393.61,-193.07
-9.969,-218.54,-186.36,114.67,90.93,-199.6,-338.36,-897.87,-877.69,-639.29,-357.09,-186.87
-18.925,-178.72,-139.93,100.31,62.836,-156.47,-276.38,-738.49,-738.67,-545.24,-311.91,-171.48
-21.6,-141.79,-101.42,85.09,42.103,-120.24,-220.74,-602.78,-610.49,-459.9,-261.74,-150.06
-20.483,-110.27,-71.088,70.015,28.067,-91.387,-175.58,-488.19,-496.59,-378.27,-212.42,-127.52
-17.583,-87.159,-49.533,56.866,19.537,-69.326,-141.47,-391.3,-399.58,-303.28,-168.29,-105.37
-14.397,-71.307,-36.116,47.254,15.072,-53.521,-116.01,-309.35,-320.11,-240.66,-130.09,-84.647
-7.6409,-59.87,-28.964,40.281,13.421,-42.982,-95.686,-239.23,-255.4,-190.71,-98.753,-67.268
-3.6751,-51.006,-25.763,33.946,13.713,-36.127,-77.531,-178.72,-201.79,-151.88,-75.117,-53.744
-2.0815,-43.165,-24.299,27.293,14.54,-31.298,-60.217,-126.77,-156.73,-121.5,-58.507,-43.761
-0.27983,-35.13,-22.939,20.537,9.9847,-27.114,-44.664,-82.916,-118.24,-97.224,-47.342,-36.72
1.7344,-26.487,-18.42,14.48,6.0514,-22.763,-31.578,-46.717,-85.25,-77.542,-39.869,-32.226
3.7045,-18.063,-9.5541,9.5556,4.5144,-18.293,-20.576,-17.469,-57.43,-61.151,-34.425,-29.886
5.3613,-12.511,-4.3417,5.6969,3.6921,-13.656,-11.284,5.7421,-34.694,-47.054,-29.595,-28.874
6.5287,-10.133,-1.4222,3.156,3.1648,-9.8862,-4.6314,23.871,-17.016,-34.891,-24.574,-27.233
7.151,-7.9377,0.40252,1.6984,2.7837,-7.1804,-1.3094,37.851,-4.3557,-25.032,-19.727,-23.678
7.2873,-6.2997,1.5751,0.99513,2.4702,-5.4279,1.6306,44.832,2.6589,-18.394,-15.235,-20.619
7.0737,-5.4458,2.3273,0.82439,2.1824,-4.4026,5.1144,38.48,2.3963,-15.65,-11.647,-18.583
6.6626,-5.226,2.8225,0.99377,1.8987,-3.8677,8.5003,32.625,1.2889,-14.789,-9.3425,-17.201
6.1703,-5.423,3.187,1.3545,1.6017,-3.6228,11.391,34.031,3.5485,-12.496,-7.8906,-16.238
5.6509,-5.8764,3.5108,1.8409,1.2698,-3.5211,13.678,39.131,6.9232,-9.7855,-6.9578,-15.543
5.0921,-6.5283,3.8448,2.4793,0.87864,-3.4847,15.349,45.783,10.377,-7.3511,-6.3377,-15.013
4.4401,-7.3908,4.2039,3.3362,0.41164,-3.5017,16.394,52.947,13.688,-5.2219,-5.8964,-14.572
3.6586,-8.4631,4.5795,4.4356,-0.13164,-3.5913,16.809,59.924,16.804,-3.3496,-5.5418,-14.163
2.7767,-9.6815,4.9565,5.707,-0.73145,-3.7581,16.618,66.262,19.682,-1.7019,-5.2093,-13.741
1.8783,-10.914,5.3273,6.9949,-1.3529,-3.9639,15.885,71.777,22.257,-0.25459,-4.8539,-13.273
1.0633,-11.978,5.701,8.1113,-1.9547,-4.1285,14.691,76.503,24.499,1.0228,-4.4465,-12.736
0.41586,-12.682,6.1025,8.8955,-2.505,-4.1526,13.125,80.6,26.449,2.17,-3.9736,-12.123
-0.01851,-12.887,6.5631,9.2576,-2.9922,-3.9559,11.267,84.263,28.227,3.2321,-3.433,-11.452
-0.2459,-12.557,7.1071,9.1952,-3.4293,-3.5097,9.1946,87.666,29.987,4.2556,-2.8349,-10.755
-0.31775,-11.775,7.7418,8.7885,-3.8447,-2.8479,6.9935,90.944,31.878,5.2804,-2.1925,-10.07
-0.30345,-10.707,8.4474,8.173,-4.2634,-2.0527,4.7648,94.191,34.01,6.3366,-1.5129,-9.421
-0.25295,-9.5417,9.1772,7.4925,-4.6852,-1.2226,2.6206,97.488,36.446,7.4477,-0.78981,-8.8049
-0.17251,-8.4317,9.8628,6.8523,-5.0714,-0.44189,0.6659,100.92,39.216,8.6389,-0.0036081,-8.1931
-0.030869,-7.4659,10.423,6.3024,-5.3517,0.23355,-1.0185,104.56,42.332,9.94,0.86992,-7.5485
0.21107,-6.6835,10.785,5.8539,-5.4488,0.77093,-2.3797,108.46,45.782,11.378,1.8458,-6.8504
0.57246,-6.1019,10.895,5.5051,-5.3097,1.1466,-3.3854,112.63,49.581,12.964,2.9192,-6.112
1.0419,-5.734,10.73,5.2541,-4.9246,1.3365,-4.0191,117,53.757,14.688,4.0635,-5.3787
1.5824,-5.5944,10.296,5.1035,-4.3279,1.3132,-4.2805,121.48,58.353,16.524,5.2363,-4.7098
2.141,-5.7036,9.6195,5.0619,-3.5841,1.0492,-4.189,125.98,63.374,18.455,6.3866,-4.1588
2.6622,-6.0826,8.7281,5.1311,-2.7614,0.52061,-3.7863,130.46,68.744,20.482,7.4774,-3.7607
3.1145,-6.7305,7.6442,5.2809,-1.9105,-0.28462,-3.1344,134.89,74.288,22.639,8.4875,-3.5263
3.5292,-7.6062,6.3838,5.4398,-1.0466,-1.3542,-2.3062,139.3,79.793,24.985,9.4227,-3.44
4.0123,-8.6317,4.9635,5.5152,-0.15004,-2.6455,-1.3719,143.72,85.101,27.583,10.317,-3.4607
4.6856,-9.7124,3.4067,5.4326,0.81434,-4.0906,-0.388,148.25,90.159,30.464,11.22,-3.5299
5.5954,-10.77,1.7487,5.1773,1.8661,-5.6159,0.60576,152.98,95.02,33.596,12.183,-3.5892
6.6675,-11.778,0.031418,4.8184,2.9915,-7.1607,1.5796,158.01,99.811,36.876,13.24,-3.6007
7.732,-12.78,-1.7037,4.4993,4.1455,-8.6911,2.5026,163.41,104.67,40.188,14.398,-3.555
8.5891,-13.865,-3.4217,4.3899,5.2713,-10.199,3.3388,169.21,109.67,43.478,15.646,-3.4656
9.0874,-15.113,-5.0973,4.6225,6.3175,-11.685,4.0515,175.38,114.86,46.803,16.952,-3.3481
9.182,-16.545,-6.7118,5.2343,7.2562,-13.144,4.6114,181.85,120.21,50.302,18.291,-3.2034
8.947,-18.09,-8.2493,6.1462,8.0839,-14.55,5.0029,188.56,125.7,54.12,19.651,-3.0111
8.5521,-19.61,-9.6894,7.1833,8.8189,-15.864,5.2274,195.41,131.32,58.307,21.04,-2.7406
8.2229,-20.943,-11.021,8.1294,9.4996,-17.052,5.3011,202.34,137.05,62.754,22.479,-2.3673
8.1848,-21.971,-12.252,8.7896,10.185,-18.1,5.2499,209.3,142.91,67.216,23.986,-1.8881
8.5979,-22.65,-13.412,9.0437,10.945,-19.021,5.1025,216.27,148.89,71.422,25.565,-1.3205
9.5149,-23.014,-14.546,8.8731,11.842,-19.847,4.8879,223.27,155.05,75.231,27.211,-0.6904
10.898,-23.138,-15.696,8.3494,12.909,-20.608,4.6358,230.34,161.42,78.669,28.912,-0.016898
12.661,-23.103,-16.885,7.5953,14.146,-21.317,4.379,237.59,168.07,81.904,30.669,0.69674
14.728,-22.967,-18.11,6.7395,15.54,-21.968,4.1558,245.14,175.1,85.171,32.513,1.465
17.099,-22.753,-19.361,5.8749,17.09,-22.54,4.009,253.1,182.54,88.711,34.518,2.3182
19.876,-22.449,-20.624,5.029,18.829,-23.004,3.9825,261.52,190.36,92.702,36.777,3.3002
23.143,-22.015,-21.893,4.1615,20.813,-23.333,4.1138,270.41,198.46,97.207,39.384,4.4659
26.808,-21.408,-23.172,3.1916,23.095,-23.514,4.4271,279.75,206.69,102.13,42.376,5.8799
30.619,-20.602,-24.45,2.0394,25.665,-23.554,4.9322,289.5,214.94,107.29,45.704,7.6216
34.384,-19.601,-25.692,0.65825,28.421,-23.473,5.6254,299.66,223.14,112.51,49.257,9.8021
38.017,-18.428,-26.844,-0.96558,31.206,-23.291,6.497,310.26,231.3,117.8,52.935,12.574
41.419,-17.101,-27.848,-2.84,33.867,-23.011,7.5393,321.32,239.51,123.29,56.687,16.09
44.539,-15.606,-28.655,-4.9923,36.317,-22.612,8.7543,332.88,247.91,129.15,60.509,20.363
47.475,-13.891,-29.238,-7.4784,38.555,-22.051,10.15,344.95,256.67,135.46,64.42,25.165
50.419,-11.885,-29.585,-10.383,40.644,-21.271,11.729,357.46,265.84,142.18,68.478,30.157
53.552,-9.5165,-29.689,-13.794,42.657,-20.22,13.474,370.29,275.35,149.1,72.776,35.171
56.958,-6.7452,-29.543,-17.748,44.65,-18.866,15.341,383.25,284.97,155.99,77.419,40.253
60.602,-3.5746,-29.143,-22.174,46.639,-17.206,17.26,396.14,294.48,162.7,82.484,45.501
64.366,-0.067344,-28.497,-26.873,48.606,-15.257,19.146,408.81,303.75,169.28,87.987,50.946
68.148,3.6756,-27.629,-31.627,50.512,-13.047,20.918,421.2,312.83,175.89,93.861,56.549
71.937,7.6053,-26.572,-36.353,52.313,-10.599,22.506,433.32,321.85,182.64,99.938,62.226
75.807,11.799,-25.354,-41.03,53.982,-7.9291,23.863,445.18,330.89,189.54,105.99,67.875
79.841,16.425,-23.989,-45.639,55.507,-5.0514,24.947,456.8,339.91,196.52,111.84,73.359
84.063,21.654,-22.491,-50.268,56.89,-2.0002,25.708,468.07,348.75,203.49,117.36,78.508
88.428,27.567,-20.893,-55.122,58.14,1.1597,26.083,478.8,357.16,210.37,122.51,83.154
92.851,34.012,-19.263,-60.407,59.268,4.3319,26.003,488.79,364.89,217.04,127.19,87.188
97.257,40.553,-17.682,-66.161,60.283,7.3992,25.415,497.81,371.76,223.21,131.23,90.602
101.56,46.644,-16.242,-72.082,61.197,10.243,24.303,505.72,377.62,228.49,134.38,93.475
105.63,51.88,-15.023,-77.62,62.028,12.755,22.692,512.39,382.4,232.46,136.43,95.917
109.28,56.102,-14.1,-82.354,62.813,14.847,20.636,517.72,386.01,234.87,137.35,98.011
112.41,59.335,-13.546,-86.125,63.605,16.456,18.201,521.55,388.35,235.66,137.26,99.763
115.04,61.692,-13.423,-88.896,64.465,17.538,15.446,523.74,389.22,234.85,136.32,101.09
117.24,63.282,-13.788,-90.671,65.447,18.077,12.412,524.18,388.4,232.46,134.62,101.85
119.03,64.14,-14.674,-91.481,66.577,18.081,9.131,522.84,385.73,228.61,132.15,101.89
120.42,64.201,-16.073,-91.354,67.837,17.578,5.6284,519.89,381.21,223.56,128.92,101.19
121.41,63.362,-17.925,-90.376,69.173,16.601,1.9343,515.57,375.02,217.57,125.03,99.808
122.03,61.594,-20.131,-88.871,70.522,15.184,-1.9198,510.13,367.39,210.76,120.6,97.898
122.32,58.986,-22.595,-87.249,71.846,13.359,-5.9084,503.78,358.62,203.11,115.69,95.59
122.29,55.716,-25.257,-85.616,73.142,11.174,-10.015,496.69,348.95,194.66,110.19,92.975
121.95,51.982,-28.088,-83.852,74.433,8.699,-14.223,489.01,338.55,185.5,104.02,90.107
121.38,47.977,-31.053,-81.87,75.737,6.0199,-18.485,480.91,327.46,175.79,97.202,87.014
120.66,43.881,-34.084,-79.672,77.046,3.2337,-22.71,472.53,315.62,165.59,90.008,83.707
119.81,39.827,-37.073,-77.293,78.313,0.43519,-26.776,464.01,302.99,154.86,82.764,80.19
118.84,35.886,-39.903,-74.765,79.461,-2.2958,-30.586,455.4,289.6,143.64,75.659,76.468
117.66,32.072,-42.477,-72.124,80.421,-4.9046,-34.096,446.7,275.65,132.16,68.646,72.554
116.21,28.38,-44.741,-69.456,81.16,-7.3582,-37.307,437.82,261.45,120.75,61.515,68.469
114.47,24.842,-46.677,-66.908,81.672,-9.6309,-40.23,428.62,247.27,109.6,54.098,64.249
112.45,21.514,-48.281,-64.578,81.95,-11.689,-42.861,418.97,233.3,98.619,46.419,59.954
110.19,18.452,-49.544,-62.382,81.947,-13.493,-45.174,408.81,219.57,87.473,38.64,55.648
107.71,15.702,-50.451,-60.126,81.598,-15.008,-47.125,398.2,206.01,75.895,30.892,51.361
105.03,13.285,-50.985,-57.719,80.872,-16.223,-48.669,387.29,192.42,63.841,23.212,47.056
102.2,11.171,-51.127,-55.204,79.79,-17.153,-49.767,376.16,178.68,51.478,15.627,42.628
99.244,9.2722,-50.839,-52.588,78.373,-17.829,-50.387,364.77,164.78,39.053,8.3025,37.96
96.049,7.4829,-50.065,-49.751,76.597,-18.283,-50.507,353.03,151.05,26.987,1.6317,33.025
92.376,5.7437,-48.757,-46.57,74.409,-18.528,-50.116,340.85,137.96,16.144,-3.9479,28.011
88.019,4.0821,-46.913,-43.066,71.785,-18.561,-49.22,328.14,125.96,7.5717,-8.3427,23.285
83.118,2.6009,-44.594,-39.44,68.775,-18.365,-47.845,314.89,115.13,1.5675,-11.795,19.165
78.35,1.4327,-41.891,-36.019,65.492,-17.924,-46.028,301.18,105.22,-2.5433,-14.565,15.769
74.497,0.68257,-38.907,-33.073,62.052,-17.233,-43.813,287.13,95.774,-5.582,-16.794,13.05
71.805,0.37488,-35.744,-30.643,58.483,-16.31,-41.257,272.92,86.246,-8.0186,-18.54,10.897
69.962,0.42957,-32.493,-28.554,54.703,-15.2,-38.431,258.72,76.222,-10.048,-19.842,9.1947
68.392,0.68311,-29.216,-26.539,50.581,-13.962,-35.415,244.68,65.657,-11.748,-20.747,7.8376
66.439,0.94559,-25.931,-24.364,46.03,-12.654,-32.272,230.82,55.041,-13.152,-21.316,6.7372
63.466,1.0684,-22.628,-21.931,41.065,-11.314,-29.034,217.07,45.169,-14.276,-21.602,5.8254
59.095,0.99408,-19.287,-19.331,35.795,-9.9507,-25.71,203.27,36.665,-15.117,-21.637,5.0591
53.494,0.76782,-15.902,-16.778,30.416,-8.5428,-22.319,189.28,29.712,-15.668,-21.423,4.4218
47.275,0.50538,-12.486,-14.47,25.195,-7.0553,-18.896,175.02,24.149,-15.931,-20.939,3.9207
41.118,0.33119,-9.0603,-12.509,20.399,-5.4589,-15.489,160.49,19.683,-15.934,-20.168,3.5757
35.552,0.31778,-5.6529,-10.897,16.158,-3.7522,-12.133,145.86,16.028,-15.727,-19.121,3.4028
30.714,0.45515,-2.2973,-9.537,12.409,-1.9698,-8.8479,131.37,12.947,-15.372,-17.847,3.4006
26.325,0.66488,0.97998,-8.2633,8.987,-0.16607,-5.6358,117.26,10.292,-14.919,-16.421,3.5492
21.936,0.85111,4.1776,-6.9144,5.7344,1.618,-2.4854,103.52,7.9774,-14.393,-14.911,3.8215
17.161,0.95932,7.328,-5.4034,2.5449,3.3869,0.63076,89.964,5.9672,-13.775,-13.36,4.1981
11.927,1.0074,10.489,-3.7202,-0.61825,5.1969,3.7438,76.302,4.2534,-13.019,-11.776,4.674
6.8899,1.0746,13.722,-1.9133,-3.7377,7.1324,6.8663,62.58,2.8288,-12.077,-10.137,5.2554
2.7944,1.2654,17.076,-0.093699,-6.7818,9.2629,9.9723,49.568,1.6656,-10.917,-8.4076,5.951
-0.45216,1.6719,20.566,1.5877,-9.7265,11.606,12.997,38.383,0.70982,-9.5449,-6.5608,6.7622
-3.1566,2.3479,24.16,2.9913,-12.55,14.117,15.857,29.572,-0.1063,-7.9939,-4.5874,7.6784
-5.3908,3.3048,27.768,4.0104,-15.221,16.702,18.481,22.868,-0.84263,-6.3153,-2.5025,8.6818
-7.0974,4.5344,31.257,4.5695,-17.692,19.254,20.828,17.661,-1.5329,-4.5593,-0.34038,9.7574
-8.2205,6.0328,34.498,4.6289,-19.897,21.69,22.885,13.413,-2.1795,-2.7622,1.8544,10.899
-8.7738,7.7976,37.422,4.2031,-21.776,23.98,24.646,9.7717,-2.763,-0.94035,4.036,12.107
-8.8691,9.8035,40.038,3.3736,-23.311,26.129,26.092,6.5435,-3.2596,0.89754,6.1594,13.37
-8.6984,11.979,42.391,2.2845,-24.543,28.142,27.178,3.6249,-3.6592,2.7384,8.1753,14.654
-8.4693,14.197,44.509,1.1189,-25.539,29.994,27.855,0.95764,-3.9688,4.5499,10.026,15.891
-8.3298,16.281,46.363,0.058551,-26.339,31.629,28.082,-1.498,-4.2214,6.2744,11.645,16.995
-8.3313,18.039,47.862,-0.75707,-26.938,32.966,27.858,-3.7718,-4.4605,7.8331,12.969,17.897
-8.4467,19.314,48.881,-1.2538,-27.295,33.918,27.217,-5.8869,-4.7304,9.1377,13.945,18.56
-8.6136,20.018,49.327,-1.4251,-27.362,34.416,26.225,-7.8608,-5.0694,10.105,14.54,18.987
-8.7719,20.124,49.171,-1.3153,-27.122,34.409,24.963,-9.7088,-5.5052,10.675,14.743,19.19
-8.8754,19.644,48.442,-0.99294,-26.594,33.873,23.505,-11.437,-6.0501,10.824,14.563,19.171
-8.8921,18.605,47.192,-0.5223,-25.828,32.805,21.923,-13.06,-6.6987,10.568,14.019,18.908
-8.8068,17.051,45.47,0.059163,-24.881,31.222,20.271,-14.587,-7.433,9.9552,13.132,18.372
-8.6298,15.049,43.308,0.753,-23.804,29.166,18.601,-16.023,-8.2331,9.0458,11.924,17.552
-8.3993,12.673,40.744,1.5906,-22.636,26.709,16.961,-17.359,-9.0854,7.8966,10.427,16.476
-8.1658,9.9781,37.836,2.6031,-21.395,23.932,15.405,-18.573,-9.9807,6.5609,8.695,15.217
-7.97,7.012,34.667,3.7894,-20.082,20.908,13.984,-19.625,-10.905,5.0954,6.8066,13.866
-7.8207,3.8508,31.324,5.1004,-18.683,17.702,12.734,-20.468,-11.832,3.5656,4.851,12.509
-7.6889,0.61641,27.884,6.4469,-17.18,14.384,11.671,-21.059,-12.721,2.0389,2.9102,11.201
-7.5251,-2.5537,24.418,7.7271,-15.57,11.04,10.79,-21.377,-13.53,0.57282,1.0464,9.9667
-7.2899,-5.5422,20.996,8.8589,-13.871,7.7614,10.069,-21.429,-14.229,-0.79287,-0.69804,8.8057
-6.9775,-8.2656,17.694,9.8014,-12.122,4.6288,9.4798,-21.252,-14.805,-2.0346,-2.293,7.7068
-6.6132,-10.682,14.566,10.558,-10.368,1.7012,8.9962,-20.898,-15.261,-3.1381,-3.7111,6.6659
-6.2325,-12.799,11.642,11.163,-8.6491,-0.99215,8.5976,-20.415,-15.607,-4.0918,-4.9255,5.6968
-5.8591,-14.66,8.9189,11.661,-6.9881,-3.4507,8.2735,-19.839,-15.85,-4.8844,-5.913,4.8288
-5.4928,-16.326,6.3716,12.087,-5.3959,-5.6928,8.023,-19.187,-15.996,-5.5057,-6.6613,4.0939
-5.1056,-17.842,3.9721,12.45,-3.873,-7.7441,7.8509,-18.464,-16.043,-5.9504,-7.1723,3.5162
-4.6448,-19.226,1.6968,12.729,-2.4091,-9.6305,7.763,-17.671,-15.988,-6.2219,-7.4636,3.1051
-4.0448,-20.463,-0.4728,12.878,-0.98277,-11.373,7.7608,-16.811,-15.822,-6.3357,-7.5643,2.8521
-3.2485,-21.522,-2.5544,12.85,0.43407,-12.984,7.8387,-15.894,-15.541,-6.3205,-7.5101,2.7325
-2.2335,-22.381,-4.5662,12.619,1.8663,-14.468,7.9821,-14.936,-15.148,-6.2157,-7.339,2.7104
-1.0321,-23.035,-6.5241,12.2,3.3237,-15.829,8.1668,-13.96,-14.663,-6.0647,-7.089,2.7457
0.26767,-23.509,-8.439,11.655,4.7928,-17.075,8.3617,-12.995,-14.119,-5.9061,-6.7979,2.7979
1.545,-23.844,-10.312,11.067,6.2354,-18.219,8.5353,-12.07,-13.56,-5.765,-6.5028,2.8302
2.6901,-24.078,-12.129,10.512,7.5992,-19.266,8.6645,-11.205,-13.026,-5.6484,-6.2362,2.8153
3.6489,-24.225,-13.864,10.021,8.8373,-20.211,8.7401,-10.407,-12.535,-5.5458,-6.0207,2.7406
4.4402,-24.272,-15.484,9.579,9.9311,-21.038,8.7648,-9.6669,-12.089,-5.4384,-5.8655,2.6103
5.1327,-24.196,-16.961,9.1402,10.898,-21.73,8.7451,-8.9681,-11.673,-5.3107,-5.7669,2.4417
5.7982,-23.993,-18.281,8.6683,11.779,-22.281,8.6818,-8.2969,-11.267,-5.1621,-5.7129,2.2565
6.4723,-23.692,-19.447,8.1618,12.612,-22.7,8.5666,-7.6488,-10.86,-5.0081,-5.6894,2.0693
7.1379,-23.354,-20.47,7.6582,13.41,-23.011,8.3843,-7.029,-10.451,-4.871,-5.6835,1.8789
7.7366,-23.048,-21.362,7.2149,14.152,-23.244,8.1202,-6.4475,-10.044,-4.7625,-5.6856,1.6623
8.1972,-22.819,-22.119,6.8803,14.791,-23.424,7.7681,-5.915,-9.6489,-4.6723,-5.6897,1.3747
8.4716,-22.675,-22.727,6.6703,15.271,-23.56,7.3324,-5.4414,-9.2731,-4.5675,-5.6927,0.95355
8.5571,-22.587,-23.166,6.5629,15.557,-23.649,6.8266,-5.035,-8.9251,-4.4066,-5.6927,0.32943
8.4948,-22.509,-23.427,6.5132,15.643,-23.684,6.2681,-4.7002,-8.6132,-4.1596,-5.6855,-0.55846
8.3477,-22.409,-23.525,6.4764,15.56,-23.667,5.6742,-4.4352,-8.3457,-3.8242,-5.6629,-1.7483
8.1734,-22.286,-23.504,6.4293,15.357,-23.621,5.061,-4.2293,-8.1315,-3.4282,-5.6137,-3.2439
8.0026,-22.18,-23.423,6.3808,15.092,-23.588,4.448,-4.0627,-7.9784,-3.019,-5.5294,-5.002
7.8272,-22.156,-23.342,6.3725,14.809,-23.617,3.8628,-3.9086,-7.8891,-2.6451,-5.4097,-6.935
7.603,-22.282,-23.299,6.4661,14.518,-23.751,3.3455,-3.7403,-7.858,-2.34,-5.2672,-8.9558
7.2673,-22.605,-23.301,6.7221,14.199,-24.009,2.9489,-3.5396,-7.8717,-2.1153,-5.1272,-11.04
6.7675,-23.127,-23.327,7.1753,13.811,-24.388,2.7327,-3.304,-7.9161,-1.9637,-5.0205,-13.245
6.0846,-23.801,-23.341,7.8195,13.318,-24.857,2.7535,-3.0479,-7.9833,-1.867,-4.9741,-15.668
5.2385,-24.552,-23.3,8.6121,12.709,-25.373,3.0556,-2.7974,-8.0768,-1.8054,-5.001,-18.432
4.2723,-25.306,-23.167,9.4984,12,-25.897,3.6647,-2.5831,-8.2103,-1.7678,-5.0978,-21.699
3.2299,-26.026,-22.917,10.439,11.217,-26.404,4.5829,-2.4338,-8.403,-1.7582,-5.2499,-25.657
2.1418,-26.726,-22.537,11.423,10.389,-26.892,5.7821,-2.3712,-8.672,-1.7966,-5.4388,-30.34
1.0224,-27.453,-22.022,12.457,9.5374,-27.361,7.2003,-2.403,-9.0223,-1.905,-5.6446,-35.359
-0.12284,-28.247,-21.372,13.529,8.6778,-27.792,8.7478,-2.5161,-9.4343,-2.0857,-5.8413,-39.903
-1.288,-29.125,-20.579,14.598,7.8188,-28.133,10.328,-2.6726,-9.8573,-2.3054,-5.9918,-43.195
-2.4609,-30.074,-19.632,15.616,6.9656,-28.305,11.863,-2.8154,-10.215,-2.4957,-6.0489,-44.92
-3.6257,-31.045,-18.512,16.57,6.121,-28.229,13.306,-2.883,-10.428,-2.5725,-5.9634,-45.394
-4.7626,-31.919,-17.208,17.474,5.2827,-27.844,14.622,-2.8291,-10.434,-2.4597,-5.6922,-45.463
-5.836,-32.494,-15.71,18.295,4.4397,-27.102,15.772,-2.6354,-10.204,-2.106,-5.1997,-45.868
-6.7836,-32.545,-14.015,18.914,3.5755,-25.965,16.7,-2.3155,-9.7417,-1.4889,-4.4565,-46.524
-7.5184,-31.906,-12.124,19.162,2.6794,-24.398,17.343,-1.9086,-9.0765,-0.60825,-3.4411,-46.736
-7.9407,-30.489,-10.042,18.86,1.754,-22.379,17.648,-1.4671,-8.2462,0.52236,-2.1478,-45.974
-7.9589,-28.243,-7.7748,17.853,0.81277,-19.903,17.585,-1.0425,-7.2881,1.8819,-0.58989,-44.206
-7.5207,-25.136,-5.3185,16.067,-0.13349,-16.982,17.147,-0.67226,-6.2313,3.4444,1.2079,-41.681
-6.6451,-21.168,-2.6599,13.555,-1.0888,-13.635,16.355,-0.37268,-5.0939,5.1822,3.2231,-38.693
-5.4325,-16.404,0.21515,10.497,-2.0751,-9.8907,15.253,-0.1365,-3.8823,7.0742,5.4443,-35.496
-4.0477,-10.997,3.3018,7.15,-3.1221,-5.7939,13.913,0.063982,-2.5927,9.1144,7.8678,-32.286
-2.6816,-5.2406,6.5588,3.7968,-4.2521,-1.4248,12.429,0.26867,-1.2155,11.31,10.486,-29.217
-1.5135,0.44669,9.9054,0.70596,-5.468,3.0857,10.909,0.51709,0.25495,13.666,13.27,-26.383
-0.6827,5.6409,13.239,-1.8987,-6.7523,7.5579,9.4634,0.83457,1.8067,16.151,16.155,-23.779
-0.26787,10.046,16.46,-3.8894,-8.0725,11.794,8.2034,1.2226,3.3994,18.68,19.04,-21.291
-0.27265,13.577,19.476,-5.2705,-9.3862,15.619,7.2217,1.6581,4.9643,21.103,21.796,-18.786
-0.62507,16.351,22.2,-6.1687,-10.642,18.912,6.5744,2.1022,6.4199,23.247,24.296,-16.208
-1.1985,18.571,24.551,-6.7771,-11.784,21.619,6.2679,2.5112,7.6938,24.965,26.446,-13.611
-1.8513,20.41,26.469,-7.2759,-12.76,23.752,6.2674,2.8425,8.7385,26.175,28.203,-11.11
-2.469,21.936,27.931,-7.7642,-13.536,25.366,6.5138,3.0554,9.5298,26.874,29.561,-8.8265
-2.9858,23.133,28.955,-8.237,-14.108,26.514,6.9321,3.1093,10.056,27.112,30.516,-6.8532
-3.3727,23.953,29.589,-8.6198,-14.49,27.237,7.4353,2.9674,10.308,26.957,31.043,-5.2338
-3.6186,24.36,29.886,-8.828,-14.707,27.566,7.9362,2.6052,10.276,26.472,31.117,-3.9649
-3.7238,24.346,29.882,-8.8128,-14.773,27.528,8.3641,2.0175,9.9575,25.699,30.738,-3.0124
-3.698,23.942,29.59,-8.581,-14.692,27.16,8.6738,1.2188,9.3641,24.661,29.947,-2.3261
-3.55,23.21,29.015,-8.1901,-14.459,26.509,8.8432,0.23843,8.5226,23.37,28.816,-1.8502
-3.2802,22.249,28.179,-7.7289,-14.077,25.634,8.8627,-0.8878,7.4734,21.84,27.426,-1.532
-2.8848,21.182,27.133,-7.2934,-13.558,24.611,8.7227,-2.126,6.262,20.094,25.838,-1.3326
-2.3687,20.127,25.946,-6.962,-12.921,23.522,8.4087,-3.451,4.9306,18.166,24.078,-1.234
-1.7586,19.176,24.685,-6.7755,-12.193,22.439,7.904,-4.8483,3.5122,16.102,22.135,-1.2374
-1.1085,18.368,23.4,-6.727,-11.4,21.408,7.2008,-6.3121,2.0291,13.955,19.964,-1.3532
-0.4925,17.699,22.118,-6.7691,-10.569,20.45,6.3074,-7.8403,0.49453,11.777,17.544,-1.5898
0.0098894,17.135,20.862,-6.8335,-9.7329,19.57,5.2497,-9.4297,-1.0857,9.6148,14.913,-1.9463
0.33371,16.642,19.667,-6.8575,-8.9327,18.773,4.064,-11.074,-2.709,7.5096,12.192,-2.4079
0.44834,16.201,18.582,-6.8072,-8.2115,18.076,2.7877,-12.763,-4.372,5.4963,9.5486,-2.9438
0.37316,15.818,17.659,-6.6896,-7.6021,17.498,1.4492,-14.488,-6.0677,3.5989,7.1357,-3.5081
0.18077,15.519,16.928,-6.5501,-7.1144,17.054,0.060369,-16.242,-7.7853,1.8263,5.0481,-4.043
-0.01797,15.331,16.386,-6.4523,-6.7309,16.737,-1.3855,-18.02,-9.5152,0.1728,3.3153,-4.4888
-0.10778,15.265,15.989,-6.4503,-6.4134,16.511,-2.9116,-19.82,-11.254,-1.3786,1.9184,-4.8
-0.010806,15.297,15.67,-6.5638,-6.1207,16.322,-4.5496,-21.643,-13.008,-2.8513,0.8067,-4.9606
0.28483,15.377,15.355,-6.7656,-5.8241,16.106,-6.3298,-23.484,-14.788,-4.2693,-0.084355,-4.9906
0.72352,15.435,14.985,-6.9912,-5.5144,15.802,-8.2724,-25.336,-16.605,-5.6516,-0.81782,-4.9359
1.2047,15.398,14.521,-7.164,-5.1958,15.365,-10.386,-27.189,-18.457,-7.0107,-1.4442,-4.8489
1.6192,15.214,13.959,-7.2258,-4.8837,14.779,-12.669,-29.03,-20.334,-8.353,-1.9986,-4.7699
1.8861,14.862,13.325,-7.1542,-4.5915,14.062,-15.117,-30.845,-22.209,-9.6824,-2.5043,-4.7176
1.975,14.36,12.655,-6.9616,-4.3216,13.263,-17.723,-32.616,-24.055,-11.005,-2.9798,-4.6918
1.9041,13.749,11.988,-6.6782,-4.0654,12.441,-20.465,-34.328,-25.847,-12.332,-3.4471,-4.6822
1.7198,13.068,11.338,-6.3297,-3.8,11.638,-23.305,-35.968,-27.575,-13.685,-3.9354,-4.6804
1.4704,12.328,10.696,-5.9223,-3.5017,10.86,-26.186,-37.542,-29.25,-15.09,-4.4824,-4.6875
1.186,11.505,10.041,-5.4385,-3.1694,10.075,-29.044,-39.081,-30.901,-16.574,-5.1304,-4.7188
0.86827,10.559,9.3599,-4.8474,-2.8296,9.2352,-31.825,-40.638,-32.578,-18.16,-5.921,-4.8029
0.49911,9.4605,8.664,-4.1251,-2.5328,8.3067,-34.489,-42.282,-34.331,-19.861,-6.887,-4.9737
0.065273,8.2252,7.9845,-3.2803,-2.3355,7.2868,-37.012,-44.077,-36.204,-21.677,-8.0451,-5.2668
-0.41895,6.9176,7.3586,-2.3694,-2.2789,6.2034,-39.385,-46.062,-38.212,-23.593,-9.3896,-5.706
-0.91133,5.6297,6.8121,-1.4891,-2.3702,5.1069,-41.609,-48.235,-40.343,-25.578,-10.89,-6.2921
-1.3629,4.4442,6.3459,-0.73613,-2.5744,4.048,-43.69,-50.547,-42.549,-27.586,-12.493,-6.9958
-1.7445,3.3984,5.9351,-0.15267,-2.8245,3.0622,-45.64,-52.902,-44.758,-29.558,-14.126,-7.7607
-2.0712,2.4661,5.5394,0.31215,-3.0497,2.1579,-47.463,-55.176,-46.887,-31.433,-15.708,-8.5201
-2.4188,1.5522,5.1216,0.79852,-3.209,1.3104,-49.15,-57.243,-48.856,-33.146,-17.172,-9.2182
-2.9114,0.51045,4.6604,1.488,-3.3061,0.46896,-50.669,-59.006,-50.595,-34.646,-18.481,-9.8267
-3.666,-0.79683,4.1525,2.5276,-3.381,-0.42503,-51.965,-60.411,-52.048,-35.892,-19.635,-10.347
-4.7265,-2.427,3.6055,3.9562,-3.4715,-1.4033,-52.971,-61.453,-53.183,-36.865,-20.655,-10.801
-6.0279,-4.317,3.034,5.6713,-3.5908,-2.4599,-53.625,-62.166,-53.996,-37.563,-21.574,-11.219
-7.4077,-6.2996,2.4486,7.4572,-3.7225,-3.55,-53.879,-62.601,-54.513,-38.008,-22.419,-11.622
-8.6571,-8.1613,1.8561,9.0549,-3.8281,-4.6085,-53.692,-62.811,-54.783,-38.24,-23.204,-12.014
-9.5902,-9.7146,1.2695,10.247,-3.876,-5.5756,-53.022,-62.833,-54.857,-38.312,-23.925,-12.373
-10.106,-10.857,0.71525,10.925,-3.8634,-6.41,-51.824,-62.687,-54.779,-38.28,-24.566,-12.665
-10.22,-11.596,0.23068,11.12,-3.8211,-7.0953,-50.06,-62.376,-54.567,-38.186,-25.103,-12.853
-10.054,-12.033,-0.13629,10.981,-3.8051,-7.6303,-47.713,-61.888,-54.206,-38.036,-25.515,-12.915
-9.7874,-12.296,-0.34326,10.702,-3.872,-8.0124,-44.808,-61.202,-53.646,-37.785,-25.782,-12.85
-9.5902,-12.475,-0.36149,10.457,-4.0508,-8.2252,-41.415,-60.292,-52.809,-37.341,-25.899,-12.671
-9.5629,-12.586,-0.17134,10.355,-4.3375,-8.2345,-37.645,-59.141,-51.622,-36.598,-25.867,-12.392
-9.7119,-12.585,0.23872,10.419,-4.7066,-7.9918,-33.636,-57.757,-50.051,-35.49,-25.692,-12.022
-9.9719,-12.382,0.8822,10.598,-5.1331,-7.4408,-29.529,-56.176,-48.127,-34.034,-25.371,-11.552
-10.259,-11.87,1.7756,10.778,-5.6127,-6.5281,-25.448,-54.455,-45.945,-32.329,-24.902,-10.962
-10.524,-10.938,2.9343,10.826,-6.1653,-5.2269,-21.487,-52.661,-43.627,-30.517,-24.28,-10.22
-10.771,-9.5227,4.3646,10.647,-6.8234,-3.5485,-17.723,-50.85,-41.288,-28.727,-23.506,-9.298
-11.008,-7.6296,6.056,10.188,-7.6105,-1.5407,-14.229,-49.063,-39.008,-27.031,-22.585,-8.1859
-11.204,-5.3266,7.9736,9.4279,-8.5217,0.7282,-11.069,-47.337,-36.831,-25.441,-21.526,-6.9029
-11.278,-2.7105,10.056,8.3642,-9.5142,3.1878,-8.2813,-45.701,-34.769,-23.931,-20.346,-5.4939
-11.144,0.12865,12.224,7.0126,-10.519,5.7793,-5.886,-44.188,-32.828,-22.463,-19.066,-4.0177
-10.758,3.1192,14.398,5.4179,-11.468,8.4551,-3.908,-42.827,-31.013,-21.014,-17.71,-2.5294
-10.141,6.1918,16.52,3.6609,-12.328,11.164,-2.3627,-41.641,-29.337,-19.587,-16.299,-1.0657
-9.3744,9.2488,18.568,1.8567,-13.111,13.845,-1.2307,-40.646,-27.808,-18.203,-14.84,0.36284
-8.5732,12.159,20.544,0.13855,-13.853,16.417,-0.46033,-39.847,-26.433,-16.89,-13.334,1.7602
-7.8472,14.798,22.457,-1.373,-14.588,18.799,0.013687,-39.245,-25.206,-15.674,-11.795,3.1348
-7.2633,17.095,24.299,-2.6093,-15.32,20.925,0.25287,-38.828,-24.113,-14.562,-10.256,4.4845
-6.8284,19.048,26.042,-3.5724,-16.024,22.765,0.30999,-38.582,-23.137,-13.547,-8.7608,5.7964
-6.5045,20.699,27.642,-4.3212,-16.655,24.329,0.22657,-38.486,-22.265,-12.611,-7.3553,7.0497
-6.2462,22.11,29.064,-4.9356,-17.184,25.651,0.031681,-38.523,-21.496,-11.741,-6.0733,8.2252
-6.0352,23.339,30.304,-5.4772,-17.612,26.777,-0.25698,-38.678,-20.841,-10.938,-4.9447,9.3082
-5.8914,24.423,31.395,-5.9653,-17.975,27.752,-0.62967,-38.944,-20.311,-10.214,-3.9896,10.288
-5.8588,25.365,32.383,-6.3713,-18.331,28.611,-1.0804,-39.31,-19.913,-9.5868,-3.2174,11.153
-5.9809,26.141,33.306,-6.6404,-18.728,29.373,-1.6046,-39.755,-19.641,-9.0649,-2.6226,11.896
-6.2737,26.723,34.171,-6.726,-19.192,30.045,-2.1994,-40.248,-19.479,-8.6456,-2.188,12.516
-6.7116,27.104,34.953,-6.6197,-19.706,30.623,-2.8652,-40.761,-19.417,-8.3221,-1.893,13.013
-7.2323,27.3,35.607,-6.3604,-20.232,31.096,-3.6072,-41.283,-19.459,-8.0983,-1.7257,13.378
-7.7623,27.348,36.109,-6.0151,-20.731,31.456,-4.4337,-41.841,-19.633,-7.9951,-1.6869,13.591
-8.2472,27.292,36.483,-5.648,-21.201,31.71,-5.3512,-42.508,-19.977,-8.0413,-1.7855,13.634
-8.6752,27.173,36.827,-5.2979,-21.693,31.887,-6.3594,-43.401,-20.52,-8.2508,-2.0189,13.517
-9.085,27.033,37.314,-4.9725,-22.318,32.057,-7.4453,-44.65,-21.248,-8.592,-2.3516,13.29
-9.5567,26.935,38.193,-4.6575,-23.236,32.334,-8.5812,-46.35,-22.065,-8.9658,-2.6985,13.053
-10.186,26.99,39.821,-4.3309,-24.651,32.873,-9.7232,-48.497,-22.769,-9.19,-2.9182,12.954
-11.053,27.402,42.733,-3.98,-26.82,33.889,-10.809,-50.899,-23.041,-8.9932,-2.8085,13.192
-12.192,28.776,46.781,-3.6228,-29.701,35.6,-11.755,-53.111,-22.464,-8.0189,-2.0912,14.063
-13.592,31.989,47.869,-3.3262,-31.497,36.19,-12.448,-54.439,-20.614,-5.8963,-0.37191,16.052
-15.195,30.31,46.16,-3.1783,-31.338,34.414,-12.768,-54.077,-17.36,-5.6517,1.758,19.725
-16.901,25.306,44.47,-2.8439,-31.104,32.198,-12.625,-51.427,-15.732,-18.834,-3.271,22.855
-18.586,21.067,44.396,0.60335,-31.853,31.157,-12.012,-46.848,-38.966,-21.841,-5.0457,16.223
-20.106,19.984,47.545,6.1742,-34.257,32.862,-11.045,-45.976,-48.709,-24.908,-5.6717,9.2392
-21.458,23.935,55.177,7.67,-39.404,38.472,-9.9603,-68.129,-49.361,-26.363,-4.465,10.02
-24.679,33.977,69.031,5.0459,-49.034,49.246,-9.109,-87.641,-46.211,-22.997,0.54453,14.615
-38.302,50.661,91.367,-1.2583,-64.172,67.18,-8.9804,-96.103,-35.698,-10.851,11.454,23.032
-46.332,73.94,122.47,-10.855,-83.618,94.484,-9.9497,-101.7,-14.375,13.927,29.858,36.035
-51.203,102.85,159.2,-23.307,-105.3,130.13,-4.7751,-98.745,20.162,54.084,56.771,54.185
-53.733,135.52,196.99,-38.124,-126.16,167.42,-0.52977,-76.571,70.497,111.61,93.132,77.55
-52.008,168.62,231.3,-54.788,-143.26,201.49,3.9148,-31.796,139.05,186.63,140.17,105.76
-44.933,199.28,257.97,-73.016,-153.83,229.8,9.0157,36.222,225.56,276.25,198.29,138.55
-32.144,227.19,273.35,-92.27,-155.48,250.43,13.802,122.86,326.6,380.84,267.03,176.95
-12.663,250.55,274.61,-112.15,-146.43,261.66,16.485,216.31,436.94,497.15,346.89,222.27
15.078,267.21,259.65,-133.63,-125.29,261.83,13.883,297.5,548.42,621.15,437.81,274.92
52.92,276.72,227.19,-158.67,-90.738,250,0.15188,343.36,650.22,749.96,539.79,336.33
102.1,279.05,177.08,-186.99,-42.049,226.04,-35.541,334.47,731.7,880.51,652.65,407.64
162.37,274.78,110.9,-217.05,19.933,191.01,-106.82,262.54,784.87,1008.6,774.68,488.11
232.17,268.71,33.898,-250.14,92.501,150.11,-196.48,126.89,804.5,1128.4,901.67,576.08
308.63,266.94,-45.674,-288.14,171.08,110.57,-298.96,-65.42,786.4,1231.4,1027.3,669.3
387.86,273.6,-119.54,-331.51,249.54,78.924,-409.86,-297.69,727.24,1307.4,1143.6,764.73
465.49,291.83,-180.19,-379.38,321.37,60.64,-520.75,-549.64,625.24,1344.6,1241.3,857.9
537.18,321.63,-223.15,-429.62,381.09,57.341,-623.01,-803.42,480.96,1332.3,1310.7,942.52
598.94,358.03,-248.68,-478.14,425.8,65.006,-709.45,-1043.6,298.54,1263.2,1342.4,1010.6
647.32,390.76,-262.49,-518.45,456.75,74.42,-775.44,-1257.5,85.771,1135.3,1328.6,1053.3
679.72,406.02,-275.69,-542.39,478.98,73.158,-818.38,-1437.6,-147.88,952.01,1264.2,1062
694.61,390.14,-301.33,-542.17,498.63,48.969,-837.82,-1583.1,-394.11,721.92,1148.7,1031.1
691.65,334.76,-348.3,-513.23,520.26,-5.6825,-836.49,-1698.9,-646.99,457.48,987.55,959.94
671.41,241.19,-417.22,-456.24,544.81,-89.539,-820.17,-1792.7,-901.72,173.84,792.31,853.6
635.05,120.15,-499.38,-376.96,568.69,-192.2,-794.99,-1871.4,-1151.9,-112.91,578.65,722.29
584.19,-12.465,-579.72,-284.59,584.82,-298.3,-764.67,-1938.6,-1387.7,-387.25,363.24,578.96
521.41,-139.26,-642.93,-189.45,585.79,-392.49,-730.01,-1992.9,-1595.2,-634.66,160.64,436.62
450.71,-245.75,-679.32,-100.78,568.13,-463.29,-691.3,-2026.8,-1758.8,-841.85,-18.153,305.76
377.3,-323.76,-686.57,-25.174,534.41,-505.52,-650.56,-2029.4,-1864.3,-997.92,-165.76,192.92
306.45,-372.01,-667.72,34.055,490.28,-520.24,-610.25,-1991.1,-1902.6,-1096.5,-278.57,100.71
242.17,-394.28,-628.56,76.841,439.34,-512.26,-571.7,-1907.8,-1873,-1137.8,-356.75,28.641
186.72,-396.59,-575.61,105.23,384.94,-487.45,-534.43,-1782.8,-1783.4,-1128.3,-404.46,-26.461
139.9,-384.98,-514.62,122.5,329.81,-451.26,-496.62,-1624.5,-1647.8,-1079.9,-429.28,-69.953
99.036,-363.48,-449.68,132.66,275.25,-408.38,-455.73,-1444.8,-1482.9,-1005.8,-437.43,-105.41
63.383,-335.32,-383.39,137.03,222.67,-361.91,-409.85,-1256.4,-1305,-916,-432.63,-133.48
34.549,-302.66,-317.81,135.64,174.52,-313.2,-359.01,-1070.6,-1126.8,-816.83,-416.33,-152.99
13.307,-265.92,-255.66,128.4,132.86,-263.32,-304.66,-896.37,-956.89,-713.54,-389.1,-162.27
-0.71776,-225.9,-200.11,115.76,98.418,-214.44,-249.14,-738.68,-800.05,-610.25,-351.9,-160.46
-8.4261,-185.33,-152.26,99.415,71.308,-169.83,-196.05,-599.8,-658.68,-510.22,-306.51,-148.42
-10.965,-147.72,-112.12,81.835,51.1,-131,-149.27,-481.25,-533.09,-417.13,-256.23,-128.29
-9.8403,-114.58,-80.225,65.333,36.873,-98.398,-111.4,-382.21,-424.05,-334.69,-206.02,-103.55
-6.9515,-86.272,-56.898,50.917,27.593,-72.763,-82.861,-299.25,-333.1,-264.26,-160.13,-78.687
-3.0269,-64.643,-41.365,38.425,22.186,-53.81,-61.966,-228.96,-259.21,-206.28,-121.18,-56.809
-0.44085,-49.477,-32.173,28.578,19.551,-40.908,-46.2,-168.42,-199.29,-160.32,-90.97,-40.572
-0.10314,-39.08,-27.539,21.814,18.764,-32.781,-33.107,-116.12,-149.99,-124.12,-69.227,-31.143
0.39606,-32.102,-25.495,17.52,18.938,-27.712,-21.459,-71.533,-108.65,-95.692,-54.267,-25.943
0.87311,-27.093,-24.153,14.85,14.761,-24.027,-11.261,-34.771,-73.723,-73.817,-44.237,-22.713
1.1895,-22.932,-21.451,13.259,8.0406,-20.492,-2.8212,-5.7006,-44.492,-56.754,-37.401,-20.875
1.3022,-19.303,-12.888,12.416,4.8279,-16.61,2.771,16.565,-20.806,-42.57,-32.138,-20.019
1.2723,-16.363,-6.2452,11.288,3.1936,-12.174,1.8913,33.429,-2.8876,-29.878,-27.106,-17.697
1.2352,-13.509,-2.6229,9.854,2.1397,-8.5342,1.551,45.274,9.2769,-18.752,-21.823,-13.719
1.3299,-11.012,-0.40319,8.6852,1.4283,-5.8989,3.3892,44.358,15.793,-10.791,-17.001,-10.571
1.6328,-9.0041,1.0596,7.6588,0.97238,-4.0193,4.7641,35.136,15.504,-6.6161,-12.318,-8.3581
2.1317,-7.4133,2.0355,6.6702,0.71654,-2.6907,5.4651,33.867,15.344,-2.2553,-8.8355,-6.8581
2.7377,-6.2281,2.6565,5.7646,0.61378,-1.7984,5.6474,37.957,18.656,2.9351,-6.4854,-5.8655
3.3192,-5.4846,2.9959,5.0626,0.61979,-1.2836,5.4399,44.16,23.079,7.1237,-4.8476,-5.2105
3.7466,-5.2132,3.1027,4.6779,0.69437,-1.1046,4.937,51.138,27.601,10.454,-3.6668,-4.7669
3.9361,-5.3954,3.0176,4.6617,0.80712,-1.2127,4.2186,58.172,31.953,13.222,-2.7898,-4.4473
3.8784,-5.9503,2.7795,4.9814,0.9425,-1.5439,3.3607,64.83,36.092,15.622,-2.1189,-4.2005
3.6419,-6.746,2.4264,5.5315,1.1007,-2.0227,2.4353,70.91,40.026,17.773,-1.5953,-4.0015
3.3471,-7.6311,1.9951,6.1667,1.2931,-2.5735,1.5036,76.369,43.739,19.746,-1.1901,-3.8435
3.1221,-8.4737,1.5171,6.7475,1.5331,-3.1366,0.6093,81.234,47.188,21.577,-0.89564,-3.7326
3.0575,-9.1979,1.0148,7.183,1.8271,-3.6824,-0.22637,85.53,50.313,23.268,-0.71516,-3.6871
3.1776,-9.8004,0.4964,7.4543,2.1701,-4.2162,-1.0052,89.259,53.066,24.798,-0.65344,-3.7285
3.442,-10.336,-0.044446,7.6044,2.5493,-4.7681,-1.7465,92.422,55.441,26.147,-0.70845,-3.876
3.7708,-10.877,-0.62239,7.7004,2.9489,-5.3714,-2.4764,95.064,57.495,27.32,-0.86588,-4.1364
4.0785,-11.471,-1.2484,7.7947,3.3513,-6.0387,-3.2141,97.32,59.381,28.375,-1.0945,-4.4957
4.3026,-12.103,-1.9177,7.9053,3.7374,-6.7479,-3.9606,99.419,61.266,29.417,-1.3498,-4.919
4.4262,-12.708,-2.6041,8.0118,4.0893,-7.4452,-4.6964,101.64,63.323,30.568,-1.5826,-5.3581
4.4878,-13.192,-3.2619,8.0636,4.3952,-8.0611,-5.3864,104.23,65.693,31.933,-1.7482,-5.7653
4.5652,-13.472,-3.8391,8.0043,4.6576,-8.5329,-5.9889,107.35,68.465,33.59,-1.8129,-6.1041
4.7397,-13.507,-4.297,7.8057,4.897,-8.8255,-6.4607,111.01,71.687,35.584,-1.7531,-6.3554
5.0593,-13.326,-4.6315,7.4909,5.1491,-8.9451,-6.7586,115.09,75.351,37.919,-1.5548,-6.5188
5.527,-13.031,-4.8785,7.1322,5.4535,-8.9411,-6.8404,119.41,79.41,40.547,-1.2133,-6.6093
6.1078,-12.763,-5.0996,6.8271,5.8381,-8.8921,-6.67,123.79,83.775,43.38,-0.73634,-6.6528
6.7445,-12.649,-5.3555,6.6606,6.3098,-8.8779,-6.2222,128.11,88.333,46.323,-0.14457,-6.6782
7.3672,-12.741,-5.6841,6.6718,6.8488,-8.949,-5.4834,132.34,92.968,49.328,0.53295,-6.7084
7.8877,-12.991,-6.0882,6.83,7.4092,-9.1108,-4.4494,136.49,97.59,52.404,1.2676,-6.7521
8.2146,-13.275,-6.5365,7.0316,7.9233,-9.3276,-3.1245,140.57,102.14,55.594,2.043,-6.8001
8.3223,-13.449,-6.9734,7.1323,8.3191,-9.5387,-1.5235,144.65,106.62,58.925,2.8612,-6.8286
8.317,-13.393,-7.3373,6.9934,8.5551,-9.6806,0.32615,148.82,111.05,62.362,3.7377,-6.8106
8.3991,-13.035,-7.582,6.5273,8.6497,-9.7076,2.3829,153.15,115.48,65.816,4.6896,-6.7272
8.7241,-12.378,-7.6924,5.741,8.6729,-9.605,4.5961,157.74,120.01,69.187,5.7275,-6.5711
9.3002,-11.52,-7.6846,4.7574,8.7017,-9.391,6.914,162.68,124.75,72.427,6.8565,-6.3427
10.003,-10.647,-7.5912,3.7896,8.7776,-9.1115,9.2909,168.04,129.8,75.562,8.0812,-6.0447
10.648,-9.985,-7.442,3.0776,8.8935,-8.8263,11.685,173.88,135.29,78.671,9.4081,-5.6793
11.056,-9.7134,-7.2511,2.8109,9.0036,-8.5843,14.054,180.2,141.25,81.859,10.841,-5.2499
11.112,-9.8772,-7.0171,3.0578,9.0471,-8.3981,16.353,186.94,147.65,85.207,12.374,-4.7635
10.785,-10.352,-6.7347,3.73,8.9778,-8.2401,18.542,193.97,154.39,88.746,13.983,-4.2321
10.145,-10.898,-6.4082,4.604,8.7867,-8.0637,20.586,201.16,161.3,92.452,15.633,-3.6712
9.3832,-11.267,-6.0569,5.3911,8.5078,-7.8285,22.458,208.36,168.21,96.249,17.286,-3.096
8.7713,-11.277,-5.7128,5.8191,8.2079,-7.515,24.133,215.47,174.99,100.04,18.92,-2.5171
8.5512,-10.848,-5.414,5.7113,7.9658,-7.1325,25.591,222.45,181.61,103.72,20.529,-1.9377
8.8308,-10.02,-5.1981,5.0574,7.8505,-6.7189,26.823,229.28,188.07,107.27,22.121,-1.3532
9.5675,-8.9486,-5.0968,4.0171,7.9048,-6.3301,27.832,236.03,194.44,110.73,23.709,-0.75233
10.637,-7.8646,-5.1286,2.8435,8.1385,-6.024,28.645,242.77,200.8,114.19,25.316,-0.11829
11.896,-6.9927,-5.2934,1.7981,8.5324,-5.8414,29.305,249.62,207.21,117.8,26.988,0.5714
13.214,-6.4654,-5.5703,1.0753,9.0507,-5.7905,29.868,256.69,213.72,121.7,28.801,1.3429
14.525,-6.2767,-5.922,0.73295,9.6574,-5.8412,30.383,264.08,220.33,125.93,30.853,2.2213
15.861,-6.3006,-6.3074,0.67457,10.33,-5.9337,30.878,271.9,227.01,130.44,33.24,3.2255
17.34,-6.351,-6.7002,0.69988,11.07,-5.9997,31.351,280.16,233.75,135.1,36.035,4.3648
19.125,-6.2523,-7.1081,0.58069,11.907,-5.9935,31.779,288.87,240.54,139.75,39.231,5.6426
21.376,-5.9046,-7.5789,0.14403,12.901,-5.9219,32.118,297.97,247.41,144.27,42.697,7.0633
24.181,-5.3111,-8.1874,-0.66993,14.133,-5.8494,32.324,307.4,254.41,148.58,46.222,8.6388
27.484,-4.5539,-9.013,-1.809,15.701,-5.8686,32.355,317.09,261.56,152.7,49.626,10.39
31.039,-3.7474,-10.121,-3.1535,17.711,-6.0548,32.186,326.99,268.82,156.71,52.839,12.34
34.491,-2.9886,-11.554,-4.5766,20.253,-6.4295,31.805,337.06,276.14,160.67,55.878,14.504
37.584,-2.3204,-13.325,-5.9985,23.335,-6.9535,31.209,347.27,283.42,164.66,58.802,16.868
40.305,-1.7243,-15.414,-7.4116,26.807,-7.5503,30.403,357.56,290.6,168.71,61.68,19.386
42.869,-1.1469,-17.767,-8.8603,30.395,-8.1473,29.387,367.89,297.62,172.79,64.575,21.993
45.565,-0.54413,-20.306,-10.405,33.882,-8.7141,28.153,378.18,304.47,176.82,67.517,24.623
48.574,0.086471,-22.971,-12.108,37.245,-9.2742,26.688,388.38,311.15,180.73,70.5,27.231
51.878,0.70182,-25.749,-14.039,40.587,-9.888,24.98,398.39,317.65,184.42,73.469,29.79
55.34,1.2364,-28.668,-16.253,44.01,-10.622,23.029,408.16,323.97,187.83,76.338,32.279
58.854,1.6376,-31.753,-18.729,47.546,-11.522,20.847,417.64,330.04,190.94,78.999,34.669
62.391,1.8945,-34.996,-21.343,51.155,-12.596,18.457,426.78,335.72,193.74,81.345,36.916
65.972,2.0447,-38.346,-23.936,54.766,-13.814,15.883,435.47,340.85,196.23,83.284,38.978
69.619,2.1568,-41.719,-26.413,58.306,-15.112,13.141,443.56,345.21,198.34,84.739,40.837
73.333,2.3005,-45.027,-28.765,61.719,-16.415,10.238,450.84,348.61,199.92,85.667,42.501
77.091,2.5178,-48.204,-31.017,64.972,-17.661,7.175,457.08,350.94,200.84,86.062,43.983
80.858,2.8071,-51.225,-33.177,68.062,-18.822,3.954,462.15,352.15,200.97,85.953,45.28
84.592,3.1257,-54.1,-35.219,71.003,-19.906,0.57793,466.02,352.24,200.26,85.364,46.359
88.238,3.4101,-56.855,-37.099,73.809,-20.937,-2.9522,468.75,351.2,198.72,84.283,47.168
91.709,3.6053,-59.508,-38.784,76.476,-21.939,-6.6384,470.42,349.03,196.39,82.664,47.651
94.869,3.6858,-62.044,-40.268,78.969,-22.907,-10.476,471.09,345.73,193.31,80.464,47.761
97.552,3.6577,-64.411,-41.56,81.222,-23.81,-14.441,470.84,341.34,189.45,77.702,47.467
99.63,3.5462,-66.526,-42.665,83.16,-24.603,-18.485,469.77,335.93,184.79,74.504,46.758
101.09,3.3819,-68.3,-43.58,84.734,-25.252,-22.547,467.96,329.63,179.4,71.048,45.66
102.04,3.1945,-69.674,-44.298,85.937,-25.741,-26.58,465.53,322.54,173.36,67.427,44.232
102.59,3.0118,-70.642,-44.824,86.797,-26.075,-30.556,462.57,314.74,166.75,63.595,42.564
102.85,2.8567,-71.249,-45.17,87.362,-26.272,-34.467,459.11,306.2,159.6,59.433,40.751
102.85,2.7449,-71.563,-45.346,87.687,-26.349,-38.324,455.13,296.89,151.93,54.859,38.864
102.64,2.6884,-71.634,-45.369,87.822,-26.318,-42.159,450.55,286.84,143.75,49.869,36.932
102.23,2.7027,-71.48,-45.27,87.806,-26.176,-46.036,445.27,276.18,135.12,44.557,34.939
101.68,2.8117,-71.089,-45.108,87.662,-25.905,-49.995,439.21,265.11,126.06,39.079,32.84
101.04,3.0438,-70.419,-44.949,87.388,-25.474,-53.987,432.34,253.77,116.65,33.592,30.588
100.37,3.4239,-69.404,-44.844,86.96,-24.85,-57.9,424.7,242.29,106.96,28.188,28.16
99.666,3.9659,-67.967,-44.813,86.338,-24.005,-61.647,416.4,230.75,97.143,22.887,25.565
98.914,4.6715,-66.056,-44.842,85.478,-22.924,-65.216,407.56,219.17,87.251,17.686,22.854
98.031,5.5348,-63.667,-44.897,84.335,-21.606,-68.639,398.24,207.5,77.261,12.606,20.108
96.91,6.549,-60.832,-44.934,82.85,-20.061,-71.941,388.46,195.6,67.081,7.7218,17.425
95.427,7.7111,-57.59,-44.92,80.943,-18.304,-75.101,378.17,183.35,56.616,3.1567,14.903
93.48,9.0209,-53.977,-44.843,78.531,-16.346,-78.035,367.31,170.74,45.845,-0.94544,12.621
91.042,10.473,-50.03,-44.72,75.578,-14.194,-80.591,355.84,157.94,34.987,-4.4984,10.62
88.217,12.042,-45.8,-44.58,72.156,-11.859,-82.573,343.69,145.37,24.752,-7.5295,8.8913
85.214,13.678,-41.344,-44.424,68.454,-9.3653,-83.78,330.86,133.47,16.127,-10.143,7.3922
82.213,15.297,-36.718,-44.192,64.664,-6.7556,-84.052,317.39,122.45,9.4832,-12.441,6.0615
79.277,16.805,-31.965,-43.755,60.813,-4.0916,-83.304,303.33,112.26,4.3971,-14.484,4.8394
76.374,18.12,-27.136,-42.953,56.731,-1.4452,-81.532,288.82,102.58,0.33306,-16.298,3.6767
73.428,19.194,-22.296,-41.631,52.185,1.1148,-78.798,274,92.963,-3.0348,-17.889,2.5377
70.311,20.023,-17.541,-39.68,47.041,3.5362,-75.192,259.03,82.877,-5.8859,-19.255,1.4015
66.763,20.628,-12.972,-37.112,41.339,5.7925,-70.792,244.04,71.9,-8.3342,-20.39,0.26221
62.413,21.026,-8.664,-34.108,35.273,7.8812,-65.647,229.17,60.159,-10.454,-21.283,-0.87103
56.989,21.21,-4.6512,-30.928,29.129,9.8099,-59.811,214.48,48.594,-12.284,-21.922,-1.9782
50.594,21.144,-0.93724,-27.744,23.214,11.577,-53.447,199.94,38.377,-13.836,-22.295,-3.0359
43.737,20.769,2.4937,-24.544,17.776,13.163,-46.863,185.42,30.064,-15.097,-22.39,-4.0233
37.045,20.03,5.6731,-21.232,12.933,14.54,-40.354,170.78,23.521,-16.043,-22.204,-4.9207
30.912,18.907,8.6463,-17.765,8.6531,15.696,-34.058,156.03,18.348,-16.649,-21.734,-5.7026
25.315,17.44,11.466,-14.226,4.8138,16.652,-27.998,141.32,14.179,-16.898,-20.985,-6.3348
19.888,15.743,14.184,-10.759,1.2862,17.464,-22.169,126.86,10.749,-16.803,-19.973,-6.7825
14.184,13.98,16.845,-7.4771,-2.0257,18.21,-16.573,112.76,7.8758,-16.405,-18.734,-7.026
8.2667,12.336,19.475,-4.4285,-5.1643,18.968,-11.236,98.955,5.428,-15.77,-17.321,-7.0713
2.9692,10.967,22.071,-1.6436,-8.1157,19.797,-6.1894,85.123,3.3052,-14.965,-15.792,-6.9495
-1.1662,9.97,24.607,0.82889,-10.841,20.727,-1.4604,71.021,1.4337,-14.043,-14.197,-6.706
-4.3357,9.3661,27.051,2.9278,-13.319,21.755,2.9408,57.008,-0.23553,-13.037,-12.573,-6.388
-6.83,9.1042,29.376,4.6034,-15.558,22.852,7.0177,44.216,-1.7298,-11.957,-10.944,-6.0353
-8.7825,9.1003,31.55,5.8314,-17.577,23.968,10.784,33.712,-3.0625,-10.797,-9.3332,-5.6745
-10.242,9.291,33.524,6.6159,-19.373,25.054,14.25,25.674,-4.2429,-9.5486,-7.7626,-5.3164
-11.239,9.6584,35.239,6.9882,-20.906,26.071,17.419,19.587,-5.2846,-8.2147,-6.257,-4.9563
-11.817,10.205,36.646,7.0011,-22.119,26.999,20.288,14.821,-6.2079,-6.8165,-4.8386,-4.5787
-12.039,10.915,37.727,6.7208,-22.975,27.823,22.856,10.913,-7.0364,-5.3931,-3.5235,-4.1678
-11.983,11.735,38.494,6.2261,-23.484,28.524,25.123,7.5873,-7.7905,-3.9927,-2.3224,-3.7178
-11.745,12.57,38.965,5.6168,-23.7,29.067,27.077,4.693,-8.4829,-2.6635,-1.2456,-3.2406
-11.422,13.291,39.133,5.0127,-23.678,29.402,28.687,2.145,-9.1192,-1.4475,-0.30895,-2.7672
-11.091,13.752,38.954,4.5362,-23.447,29.457,29.909,-0.11454,-9.7028,-0.37875,0.4655,-2.3405
-10.794,13.812,38.361,4.2858,-23,29.15,30.7,-2.1334,-10.24,0.515,1.0543,-2.002
-10.527,13.367,37.293,4.3133,-22.307,28.413,31.035,-3.9567,-10.743,1.2105,1.4392,-1.7816
-10.254,12.373,35.72,4.6154,-21.332,27.198,30.903,-5.629,-11.239,1.6852,1.6112,-1.6956
-9.931,10.857,33.652,5.1404,-20.061,25.497,30.301,-7.1947,-11.765,1.9147,1.5706,-1.7495
-9.5274,8.9023,31.138,5.8087,-18.517,23.341,29.23,-8.696,-12.366,1.877,1.3263,-1.9415
-9.0367,6.6308,28.261,6.5377,-16.757,20.802,27.696,-10.168,-13.082,1.5591,0.89571,-2.2623
-8.4689,4.169,25.134,7.2629,-14.862,17.978,25.724,-11.638,-13.936,0.96432,0.30329,-2.6964
-7.839,1.6197,21.871,7.9465,-12.913,14.966,23.354,-13.123,-14.931,0.11282,-0.42209,-3.2246
-7.1606,-0.95351,18.563,8.5733,-10.971,11.84,20.641,-14.634,-16.051,-0.96318,-1.2519,-3.8287
-6.4422,-3.5228,15.259,9.1405,-9.0692,8.6437,17.64,-16.172,-17.271,-2.2264,-2.1619,-4.495
-5.6856,-6.0809,11.977,9.6485,-7.2091,5.396,14.4,-17.734,-18.565,-3.6391,-3.1323,-5.2122
-4.8881,-8.6188,8.7243,10.096,-5.375,2.1179,10.964,-19.302,-19.908,-5.1642,-4.1433,-5.9647
-4.0493,-11.104,5.5161,10.482,-3.5551,-1.1444,7.3773,-20.85,-21.276,-6.764,-5.1697,-6.7255
-3.1838,-13.474,2.3937,10.808,-1.7638,-4.3077,3.698,-22.349,-22.644,-8.3998,-6.1801,-7.457
-2.3335,-15.653,-0.5737,11.09,-0.05396,-7.2651,0.0053223,-23.778,-23.99,-10.032,-7.1405,-8.1223
-1.5712,-17.593,-3.2921,11.36,1.4913,-9.917,-3.601,-25.13,-25.291,-11.625,-8.0234,-8.6987
-0.98568,-19.291,-5.6545,11.668,2.7841,-12.197,-7.0143,-26.417,-26.53,-13.15,-8.814,-9.1884
-0.65349,-20.79,-7.5703,12.068,3.7629,-14.083,-10.139,-27.66,-27.698,-14.593,-9.5132,-9.6186
-0.60769,-22.141,-9.0033,12.596,4.4146,-15.595,-12.904,-28.874,-28.787,-15.951,-10.131,-10.032
-0.82118,-23.376,-9.9886,13.248,4.7755,-16.78,-15.263,-30.066,-29.79,-17.228,-10.68,-10.474
-1.216,-24.476,-10.611,13.966,4.9109,-17.689,-17.185,-31.218,-30.694,-18.42,-11.167,-10.975
-1.6921,-25.374,-10.959,14.65,4.886,-18.343,-18.641,-32.3,-31.483,-19.514,-11.599,-11.549
-2.1607,-25.978,-11.089,15.189,4.7471,-18.73,-19.595,-33.279,-32.146,-20.488,-11.983,-12.187
-2.567,-26.209,-11.012,15.487,4.5148,-18.817,-20.014,-34.129,-32.679,-21.315,-12.33,-12.864
-2.8985,-26.024,-10.709,15.496,4.1861,-18.577,-19.894,-34.836,-33.084,-21.982,-12.657,-13.544
-3.1793,-25.436,-10.159,15.225,3.745,-18.013,-19.272,-35.401,-33.369,-22.494,-12.984,-14.192
-3.4553,-24.511,-9.3593,14.744,3.1767,-17.161,-18.225,-35.837,-33.539,-22.881,-13.338,-14.793
-3.7755,-23.363,-8.3342,14.16,2.4808,-16.085,-16.854,-36.156,-33.597,-23.185,-13.742,-15.347
-4.1726,-22.135,-7.1291,13.594,1.6763,-14.867,-15.259,-36.365,-33.534,-23.444,-14.215,-15.874
-4.6487,-20.976,-5.8057,13.148,0.79769,-13.594,-13.524,-36.457,-33.339,-23.674,-14.765,-16.392
-5.174,-20.004,-4.435,12.876,-0.11248,-12.349,-11.709,-36.414,-32.993,-23.861,-15.38,-16.911
-5.6994,-19.271,-3.0844,12.782,-1.0122,-11.187,-9.853,-36.214,-32.48,-23.973,-16.039,-17.426
-6.1774,-18.753,-1.8002,12.824,-1.8683,-10.126,-7.9885,-35.849,-31.797,-23.975,-16.71,-17.921
-6.5841,-18.361,-0.59669,12.941,-2.6653,-9.14,-6.1481,-35.327,-30.965,-23.85,-17.361,-18.372
-6.9343,-17.978,0.54036,13.079,-3.4101,-8.1771,-4.3677,-34.675,-30.024,-23.605,-17.966,-18.763
-7.2778,-17.505,1.6407,13.205,-4.1264,-7.1829,-2.6787,-33.926,-29.026,-23.265,-18.504,-19.084
-7.6725,-16.884,2.734,13.308,-4.8396,-6.1208,-1.0991,-33.114,-28.017,-22.863,-18.959,-19.337
-8.1476,-16.095,3.838,13.378,-5.5598,-4.9789,0.37138,-32.257,-27.026,-22.426,-19.324,-19.525
-8.6809,-15.134,4.9561,13.392,-6.2752,-3.7623,1.7478,-31.359,-26.052,-21.956,-19.593,-19.654
-9.2001,-14.001,6.0837,13.304,-6.9585,-2.481,3.0522,-30.414,-25.072,-21.431,-19.764,-19.724
-9.6073,-12.694,7.2172,13.055,-7.5812,-1.1419,4.3072,-29.411,-24.048,-20.811,-19.832,-19.739
-9.8126,-11.213,8.3598,12.593,-8.1281,0.25276,5.5315,-28.34,-22.946,-20.049,-19.789,-19.699
-9.7637,-9.5707,9.5166,11.894,-8.6065,1.6995,6.7392,-27.193,-21.742,-19.112,-19.621,-19.604
-9.4615,-7.7945,10.686,10.97,-9.043,3.1847,7.9385,-25.966,-20.428,-17.995,-19.315,-19.454
-8.9598,-5.9385,11.852,9.8815,-9.4708,4.6772,9.1326,-24.655,-19.006,-16.715,-18.867,-19.248
-8.3462,-4.0806,12.989,8.711,-9.9114,6.132,10.319,-23.251,-17.481,-15.309,-18.288,-18.989
-7.7125,-2.2973,14.063,7.5407,-10.359,7.5049,11.491,-21.739,-15.854,-13.814,-17.602,-18.687
-7.129,-0.63965,15.039,6.4316,-10.778,8.7621,12.634,-20.101,-14.119,-12.258,-16.841,-18.354
-6.6367,0.86173,15.874,5.4304,-11.117,9.8769,13.73,-18.315,-12.271,-10.65,-16.031,-18.003
-6.2582,2.1715,16.526,4.584,-11.33,10.816,14.758,-16.371,-10.312,-8.9872,-15.19,-17.641
-6.0107,3.2331,16.954,3.9423,-11.392,11.535,15.695,-14.274,-8.2544,-7.2553,-14.319,-17.272
-5.9096,3.979,17.132,3.5456,-11.303,11.988,16.522,-12.047,-6.123,-5.4371,-13.407,-16.888
-5.9621,4.3584,17.061,3.4107,-11.085,12.145,17.218,-9.7284,-3.9433,-3.5163,-12.427,-16.471
-6.1477,4.3662,16.764,3.5173,-10.772,12.011,17.765,-7.361,-1.7369,-1.4825,-11.348,-15.989
-6.4024,4.0547,16.281,3.7989,-10.395,11.621,18.151,-4.9892,0.48059,0.66323,-10.142,-15.409
-6.6204,3.524,15.654,4.1467,-9.9705,11.034,18.373,-2.6524,2.6951,2.9042,-8.7913,-14.7
-6.6803,2.8982,14.913,4.4337,-9.4976,10.313,18.442,-0.38549,4.8865,5.2059,-7.2869,-13.845
-6.4825,2.2959,14.074,4.5495,-8.9574,9.5093,18.376,1.7778,7.0226,7.5165,-5.63,-12.846
-5.9788,1.801,13.137,4.432,-8.3235,8.6604,18.195,3.8015,9.0609,9.7721,-3.8271,-11.718
-5.1856,1.4424,12.097,4.085,-7.5732,7.781,17.911,5.6468,10.959,11.908,-1.8887,-10.492
-4.1792,1.191,10.948,3.5751,-6.6987,6.8681,17.524,7.2747,12.686,13.869,0.17091,-9.1996
-3.076,0.97713,9.6926,3.0085,-5.7121,5.9102,17.024,8.6513,14.223,15.618,2.3308,-7.8733
-2.0009,0.72765,8.3482,2.4936,-4.6431,4.9034,16.39,9.7519,15.552,17.126,4.5596,-6.5374
-1.0523,0.40603,6.9494,2.0998,-3.5322,3.8665,15.597,10.561,16.652,18.371,6.812,-5.2083
-0.27366,0.03346,5.5463,1.8316,-2.4223,2.8467,14.63,11.075,17.49,19.332,9.0296,-3.8992
0.35543,-0.3212,4.1974,1.631,-1.3528,1.9085,13.483,11.295,18.039,19.996,11.146,-2.627
0.90717,-0.57465,2.9598,1.4076,-0.35572,1.1129,12.168,11.236,18.281,20.362,13.093,-1.4174
1.4743,-0.66434,1.879,1.0786,0.54573,0.49856,10.709,10.92,18.227,20.435,14.813,-0.30257
2.1284,-0.56992,0.98136,0.60271,1.3399,0.072628,9.1386,10.371,17.911,20.237,16.258,0.68635
2.8882,-0.31795,0.26828,-0.0055741,2.0275,-0.18842,7.5044,9.6164,17.382,19.796,17.394,1.5257
3.714,0.028145,-0.28315,-0.6838,2.6188,-0.33029,5.8629,8.6776,16.688,19.146,18.202,2.1999
4.5278,0.38993,-0.71256,-1.3472,3.1274,-0.40682,4.2737,7.5703,15.86,18.316,18.672,2.6998
5.2392,0.7004,-1.0628,-1.9159,3.5633,-0.46475,2.7884,6.3081,14.905,17.329,18.803,3.0206
5.7663,0.92338,-1.3668,-2.3332,3.9264,-0.53395,1.4453,4.9076,13.817,16.196,18.6,3.1633
6.0521,1.057,-1.6388,-2.5735,4.2032,-0.62651,0.27287,3.3927,12.584,14.92,18.07,3.1359
6.078,1.1243,-1.8719,-2.6456,4.3693,-0.74018,-0.70329,1.794,11.211,13.507,17.226,2.9536
5.8744,1.1588,-2.0406,-2.5907,4.3992,-0.86126,-1.4584,0.14512,9.728,11.974,16.087,2.6377
5.5175,1.1882,-2.1112,-2.472,4.2822,-0.96928,-1.9716,-1.5221,8.1854,10.355,14.688,2.2113
5.0989,1.2173,-2.0586,-2.3473,4.0336,-1.0475,-2.2322,-3.1799,6.6418,8.6924,13.076,1.6946
4.6837,1.2179,-1.8821,-2.2366,3.6904,-1.0948,-2.2452,-4.8046,5.1478,7.0372,11.308,1.1009
4.2879,1.131,-1.6045,-2.1049,3.2918,-1.1278,-2.0314,-6.3753,3.7358,5.435,9.4416,0.43645
3.8788,0.88347,-1.2569,-1.8711,2.859,-1.1714,-1.623,-7.872,2.4174,3.9218,7.5294,-0.2927
3.3895,0.41768,-0.86009,-1.4423,2.3875,-1.2406,-1.0561,-9.2756,1.1866,2.5185,5.6202,-1.0723
2.7455,-0.27662,-0.41587,-0.75505,1.8539,-1.3288,-0.36329,-10.571,0.027644,1.2287,3.7616,-1.8744
1.8994,-1.1417,0.089581,0.19088,1.2337,-1.3978,0.42696,-11.747,-1.0766,0.041872,2.0007,-2.6593
0.85416,-2.0539,0.67432,1.3191,0.51892,-1.3875,1.2865,-12.801,-2.1391,-1.0604,0.38181,-3.383
-0.33243,-2.848,1.3584,2.4926,-0.2812,-1.2315,2.1818,-13.737,-3.1675,-2.0973,-1.0586,-4.0081
-1.5611,-3.359,2.1539,3.5496,-1.1431,-0.87602,3.074,-14.571,-4.1656,-3.0857,-2.2964,-4.5106
-2.7142,-3.4663,3.0581,4.3445,-2.0374,-0.29739,3.924,-15.333,-5.1354,-4.0384,-3.3232,-4.8884
-3.6811,-3.1251,4.0533,4.7798,-2.929,0.49236,4.6994,-16.062,-6.0781,-4.9642,-4.1424,-5.1558
-4.3829,-2.3753,5.1072,4.8241,-3.7862,1.4485,5.3792,-16.795,-6.9941,-5.8664,-4.7714,-5.3344
-4.7914,-1.3216,6.1901,4.5153,-4.5885,2.5163,5.9571,-17.558,-7.883,-6.7412,-5.2339,-5.4399
-4.9358,-0.094585,7.2845,3.9502,-5.3369,3.6509,6.4383,-18.362,-8.7437,-7.5765,-5.5558,-5.4724
-4.8921,1.1876,8.38,3.2571,-6.047,4.8223,6.8359,-19.206,-9.5746,-8.3566,-5.7624,-5.4147
-4.7569,2.4449,9.4664,2.5585,-6.7337,6.0091,7.1637,-20.08,-10.375,-9.0676,-5.877,-5.2426
-4.6167,3.6399,10.524,1.936,-7.397,7.1901,7.4301,-20.976,-11.146,-9.7042,-5.9235,-4.939
-4.5261,4.7642,11.532,1.4161,-8.0202,8.3437,7.6345,-21.885,-11.89,-10.273,-5.9302,-4.5088
-4.5028,5.8193,12.474,0.98384,-8.58,9.4536,7.7664,-22.805,-12.612,-10.794,-5.9332,-3.9856
-4.5418,6.8009,13.344,0.61257,-9.0605,10.505,7.8074,-23.74,-13.319,-11.294,-5.9749,-3.4269
-4.6344,7.6858,14.14,0.29044,-9.4618,11.479,7.7359,-24.689,-14.016,-11.799,-6.0965,-2.898
-4.7769,8.4349,14.856,0.029497,-9.7959,12.349,7.5324,-25.648,-14.703,-12.323,-6.3289,-2.4481
-4.9652,9.011,15.484,-0.14526,-10.076,13.087,7.1819,-26.601,-15.368,-12.86,-6.6775,-2.0949
-5.1849,9.4045,16.016,-0.22113,-10.309,13.68,6.6749,-27.525,-15.987,-13.381,-7.1219,-1.8219
-5.4094,9.6486,16.453,-0.21989,-10.496,14.138,6.0068,-28.394,-16.529,-13.848,-7.6187,-1.5905
-5.6056,9.8168,16.808,-0.1988,-10.639,14.5,5.1767,-29.19,-16.965,-14.224,-8.1134,-1.3588
-5.7442,10.003,17.109,-0.23219,-10.747,14.82,4.1858,-29.906,-17.279,-14.491,-8.5566,-1.0988
-5.8053,10.294,17.386,-0.38634,-10.832,15.155,3.0349,-30.548,-17.474,-14.651,-8.9147,-0.80656
-5.7798,10.743,17.66,-0.70173,-10.905,15.543,1.7238,-31.121,-17.562,-14.722,-9.1721,-0.49678
-5.6682,11.36,17.935,-1.1836,-10.968,15.996,0.25374,-31.627,-17.555,-14.727,-9.3247,-0.19261
-5.4808,12.113,18.205,-1.8003,-11.016,16.5,-1.3687,-32.046,-17.458,-14.678,-9.3712,0.091292
-5.2382,12.94,18.462,-2.4926,-11.048,17.027,-3.1253,-32.364,-17.271,-14.572,-9.3068,0.3543
-4.9658,13.773,18.708,-3.1911,-11.07,17.548,-4.9774,-32.561,-16.998,-14.395,-9.1188,0.60977
-4.6833,14.559,18.951,-3.8395,-11.09,18.045,-6.8578,-32.618,-16.647,-14.129,-8.7925,0.87805
-4.3967,15.273,19.197,-4.4116,-11.111,18.507,-8.6714,-32.523,-16.228,-13.772,-8.3198,1.1754
-4.1007,15.912,19.446,-4.9104,-11.125,18.931,-10.311,-32.264,-15.762,-13.339,-7.7102,1.5034
-3.7888,16.485,19.679,-5.355,-11.118,19.312,-11.679,-31.84,-15.268,-12.869,-6.9968,1.8456
-3.464,17.002,19.863,-5.7617,-11.077,19.634,-12.708,-31.257,-14.764,-12.413,-6.2364,2.1717
-3.1461,17.456,19.954,-6.1296,-10.988,19.875,-13.372,-30.534,-14.265,-12.02,-5.4983,2.4485
-2.8708,17.821,19.914,-6.4332,-10.85,20.002,-13.676,-29.697,-13.784,-11.725,-4.849,2.6504
-2.682,18.059,19.724,-6.6284,-10.672,19.987,-13.653,-28.78,-13.326,-11.537,-4.3368,2.7657
-2.6175,18.127,19.39,-6.6683,-10.479,19.807,-13.339,-27.82,-12.897,-11.444,-3.9856,2.7943
-2.6951,17.994,18.942,-6.5209,-10.308,19.451,-12.761,-26.854,-12.498,-11.427,-3.7972,2.738
-2.8992,17.648,18.424,-6.1854,-10.195,18.927,-11.931,-25.915,-12.135,-11.47,-3.7673,2.5945
-3.1783,17.095,17.883,-5.7027,-10.162,18.259,-10.857,-25.022,-11.816,-11.567,-3.8903,2.357
-3.4592,16.361,17.349,-5.1448,-10.202,17.481,-9.5551,-24.183,-11.554,-11.72,-4.1635,2.0243
-3.6788,15.485,16.841,-4.5874,-10.284,16.641,-8.0654,-23.39,-11.349,-11.93,-4.5825,1.6102
-3.8106,14.509,16.363,-4.0734,-10.366,15.791,-6.4497,-22.63,-11.195,-12.188,-5.1312,1.1471
-3.883,13.469,15.917,-3.587,-10.422,14.974,-4.7798,-21.886,-11.068,-12.477,-5.7764,0.6827
-3.9797,12.379,15.503,-3.0566,-10.447,14.217,-3.1222,-21.142,-10.941,-12.771,-6.4699,0.2656
-4.2125,11.232,15.113,-2.3913,-10.46,13.515,-1.5308,-20.394,-10.791,-13.044,-7.1578,-0.065823
-4.6667,10.018,14.734,-1.5349,-10.478,12.841,-0.044403,-19.651,-10.608,-13.268,-7.7882,-0.28998
-5.3492,8.7628,14.34,-0.51037,-10.5,12.164,1.3127,-18.918,-10.392,-13.415,-8.3176,-0.40008
-6.1727,7.5434,13.903,0.56914,-10.494,11.472,2.5273,-18.207,-10.144,-13.463,-8.7119,-0.39847
-6.978,6.4795,13.395,1.5306,-10.408,10.776,3.5913,-17.529,-9.8713,-13.405,-8.9493,-0.29227
-7.5823,5.689,12.8,2.1972,-10.189,10.102,4.497,-16.896,-9.5794,-13.249,-9.023,-0.091067
-7.8308,5.2456,12.114,2.4429,-9.8028,9.4703,5.2371,-16.326,-9.2735,-13.02,-8.941,0.19539
-7.6367,5.1519,11.347,2.2302,-9.2436,8.8925,5.8093,-15.831,-8.9579,-12.75,-8.7223,0.55961
-7.0006,5.3339,10.518,1.6202,-8.5338,8.3632,6.2194,-15.414,-8.6365,-12.466,-8.3913,0.99647
-6.0084,5.661,9.6498,0.75488,-7.7143,7.8634,6.483,-15.064,-8.3115,-12.184,-7.9727,1.4995
-4.8069,5.9829,8.7612,-0.1835,-6.8313,7.3641,6.6231,-14.756,-7.9819,-11.906,-7.4892,2.056
-3.5605,6.173,7.8599,-1.0251,-5.9225,6.832,6.665,-14.458,-7.6431,-11.62,-6.9616,2.6445
-2.3991,6.1628,6.9411,-1.6624,-5.0062,6.2377,6.6278,-14.136,-7.2898,-11.313,-6.4099,3.2384
-1.3819,5.9545,5.9901,-2.0758,-4.0777,5.564,6.5181,-13.766,-6.9217,-10.972,-5.8529,3.8142
-0.49623,5.6069,4.9903,-2.3254,-3.1174,4.8111,6.3288,-13.342,-6.5493,-10.601,-5.3071,4.3573
0.30967,5.2034,3.9333,-2.5155,-2.1111,3.9966,6.0463,-12.882,-6.196,-10.221,-4.7872,4.8623
1.0836,4.8185,2.8301,-2.745,-1.0706,3.1508,5.6631,-12.419,-5.8943,-9.868,-4.3071,5.3258
1.8394,4.4958,1.7128,-3.0576,-0.039009,2.3092,5.1887,-11.987,-5.6755,-9.5816,-3.8814,5.7379
2.5447,4.2383,0.62521,-3.4181,0.92428,1.5032,4.6524,-11.611,-5.5616,-9.3928,-3.528,6.0767
3.1341,4.0095,-0.3925,-3.7329,1.7679,0.75017,4.0983,-11.296,-5.5563,-9.3139,-3.2672,6.307
3.5432,3.7487,-1.3174,-3.9032,2.4664,0.049341,3.5749,-11.031,-5.6427,-9.3355,-3.1174,6.3894
3.741,3.3974,-2.1461,-3.8712,3.0218,-0.61362,3.126,-10.788,-5.786,-9.4289,-3.0868,6.2954
3.7408,2.9225,-2.8859,-3.6356,3.4516,-1.2569,2.7854,-10.533,-5.9427,-9.5548,-3.167,6.0222
3.5924,2.3256,-3.5444,-3.2405,3.7746,-1.8946,2.577,-10.237,-6.0768,-9.6759,-3.3344,5.5936
3.3696,1.6353,-4.1287,-2.7555,4.0067,-2.5368,2.5165,-9.8842,-6.1677,-9.7695,-3.5616,5.0472
3.1543,0.88795,-4.6529,-2.2579,4.166,-3.194,2.6134,-9.4757,-6.2191,-9.8355,-3.8308,4.4195
3.0121,0.11055,-5.1452,-1.8132,4.276,-3.8813,2.8704,-9.0298,-6.2526,-9.8956,-4.1433,3.7357
2.9664,-0.69153,-5.6429,-1.4519,4.3592,-4.6164,3.2817,-8.575,-6.3015,-9.9817,-4.5175,3.0066
2.9874,-1.5394,-6.183,-1.1516,4.4285,-5.4167,3.831,-8.1414,-6.3942,-10.121,-4.9789,2.2289
3.001,-2.4763,-6.7907,-0.83774,4.4848,-6.2952,4.492,-7.752,-6.5423,-10.322,-5.5471,1.3907
2.9127,-3.5559,-7.4785,-0.40246,4.523,-7.261,5.2315,-7.418,-6.7355,-10.569,-6.2259,0.48023
2.6363,-4.8276,-8.2476,0.26084,4.5396,-8.3185,6.0137,-7.1408,-6.9478,-10.827,-7.0025,-0.50247
2.122,-6.323,-9.0902,1.222,4.5376,-9.4666,6.8032,-6.9169,-7.1491,-11.054,-7.8511,-1.5432
1.3737,-8.041,-9.9875,2.4863,4.5265,-10.695,7.5666,-6.7431,-7.3173,-11.216,-8.7402,-2.611
0.45188,-9.9365,-10.911,3.987,4.5174,-11.979,8.2714,-6.6173,-7.4439,-11.293,-9.6393,-3.6644
-0.54142,-11.915,-11.819,5.6004,4.5176,-13.274,8.8836,-6.538,-7.5318,-11.279,-10.523,-4.6617
-1.4882,-13.842,-12.652,7.1722,4.5251,-14.516,9.3659,-6.5032,-7.5885,-11.184,-11.372,-5.571
-2.281,-15.572,-13.349,8.5503,4.5279,-15.633,9.6772,-6.5115,-7.6229,-11.024,-12.173,-6.3739
-2.8444,-16.986,-13.851,9.6139,4.5074,-16.563,9.7767,-6.5638,-7.6407,-10.811,-12.923,-7.0646
-3.1497,-18.014,-14.121,10.295,4.444,-17.267,9.6276,-6.6668,-7.6445,-10.551,-13.616,-7.6418
-3.2175,-18.637,-14.148,10.585,4.3205,-17.727,9.2035,-6.8319,-7.6367,-10.232,-14.246,-8.0992
-3.1088,-18.863,-13.931,10.524,4.1228,-17.927,8.4912,-7.0707,-7.6199,-9.8306,-14.79,-8.4205
-2.9044,-18.711,-13.48,10.191,3.8422,-17.849,7.4899,-7.3912,-7.5979,-9.3187,-15.209,-8.5833
-2.6789,-18.204,-12.815,9.6782,3.4804,-17.474,6.2049,-7.7939,-7.576,-8.6798,-15.46,-8.5721
-2.4817,-17.372,-11.958,9.0673,3.0511,-16.793,4.6414,-8.2709,-7.5588,-7.916,-15.512,-8.3818
-2.3352,-16.247,-10.934,8.4111,2.5752,-15.806,2.8052,-8.8062,-7.5482,-7.0444,-15.352,-8.0212
-2.2486,-14.858,-9.7535,7.7327,2.0688,-14.527,0.71163,-9.3756,-7.5347,-6.0856,-14.991,-7.5069
-2.2322,-13.234,-8.4152,7.0399,1.534,-12.976,-1.6011,-9.9465,-7.4961,-5.0523,-14.452,-6.8548
-2.3012,-11.411,-6.9081,6.3375,0.95566,-11.185,-4.0626,-10.481,-7.3979,-3.9484,-13.757,-6.0747
-2.4661,-9.4353,-5.2326,5.6311,0.31088,-9.1954,-6.5715,-10.945,-7.2079,-2.7717,-12.919,-5.1784
-2.7178,-7.3639,-3.411,4.9281,-0.41924,-7.0614,-9.0096,-11.316,-6.9086,-1.5223,-11.941,-4.1842
-3.0161,-5.2593,-1.486,4.2292,-1.2383,-4.8398,-11.263,-11.59,-6.5041,-0.20658,-10.817,-3.1124
-3.2914,-3.1787,0.48739,3.5217,-2.1309,-2.5869,-13.238,-11.777,-6.0187,1.16,-9.5439,-1.9869
-3.465,-1.1594,2.4537,2.7803,-3.0669,-0.35374,-14.876,-11.898,-5.4891,2.5529,-8.1273,-0.82675
-3.4792,0.78485,4.3637,1.9809,-4.0094,1.8183,-16.145,-11.969,-4.954,3.9388,-6.5869,0.35233
-3.3213,2.6548,6.1775,1.1163,-4.9195,3.8979,-17.04,-12.003,-4.4432,5.2797,-4.9587,1.5367
-3.0294,4.449,7.8608,0.20632,-5.7602,5.8603,-17.563,-12.001,-3.969,6.5405,-3.29,2.7125
-2.6834,6.1497,9.3823,-0.69958,-6.5008,7.6801,-17.715,-11.947,-3.5247,7.699,-1.6282,3.8639
-2.3865,7.7167,10.715,-1.5295,-7.1238,9.3254,-17.493,-11.817,-3.0858,8.7516,-0.0089098,4.9731
-2.2388,9.0923,11.834,-2.2055,-7.6271,10.756,-16.893,-11.578,-2.6217,9.717,1.5521,6.0237
-2.3076,10.217,12.725,-2.6662,-8.0204,11.933,-15.922,-11.203,-2.1037,10.632,3.0546,7.0029
-2.6038,11.048,13.382,-2.8876,-8.317,12.827,-14.609,-10.68,-1.5163,11.538,4.5015,7.9008
-3.075,11.567,13.809,-2.8897,-8.5269,13.417,-13.018,-10.017,-0.86597,12.461,5.8852,8.7034
-3.6178,11.777,14.012,-2.7266,-8.654,13.697,-11.247,-9.2511,-0.18191,13.398,7.1747,9.3874
-4.1053,11.69,13.995,-2.466,-8.6949,13.659,-9.4093,-8.4318,0.49165,14.318,8.324,9.9252
-4.4253,11.313,13.754,-2.1638,-8.6415,13.3,-7.6081,-7.6112,1.1104,15.17,9.2851,10.293
-4.5172,10.645,13.286,-1.8471,-8.4846,12.619,-5.9222,-6.8248,1.6442,15.902,10.027,10.488
-4.391,9.6827,12.592,-1.5051,-8.221,11.621,-4.4013,-6.0839,2.0844,16.469,10.549,10.528
-4.1221,8.4281,11.688,-1.0981,-7.8591,10.332,-3.0726,-5.3785,2.4407,16.846,10.878,10.44
-3.8279,6.8991,10.603,-0.57276,-7.4178,8.789,-1.9488,-4.6865,2.7336,17.031,11.062,10.246
-3.6306,5.1321,9.3734,0.12034,-6.9184,7.0495,-1.0327,-3.9825,2.9881,17.05,11.157,9.9619
-3.6132,3.1802,8.0295,1.0067,-6.3715,5.1768,-0.31938,-3.2424,3.2313,16.952,11.219,9.6078
-3.7922,1.1092,6.5913,2.0749,-5.7683,3.2338,0.2045,-2.443,3.493,16.803,11.301,9.21
-4.119,-1.0077,5.0676,3.2751,-5.0854,1.2746,0.5596,-1.5622,3.8013,16.66,11.455,8.8031
-4.5043,-3.0959,3.4621,4.5276,-4.2964,-0.65982,0.77281,-0.58045,4.1854,16.568,11.732,8.4253
-4.8435,-5.0823,1.7797,5.7345,-3.3856,-2.539,0.87187,0.51576,4.6674,16.542,12.176,8.1111
-5.0327,-6.8964,0.030193,6.792,-2.3531,-4.338,0.88117,1.7239,5.2574,16.582,12.816,7.8858
-4.9773,-8.4734,-1.7734,7.6035,-1.2107,-6.0325,0.81945,3.0321,5.9512,16.682,13.659,7.7635
-4.6003,-9.7604,-3.6192,8.0916,0.029588,-7.6013,0.69952,4.415,6.7332,16.835,14.686,7.7491
-3.855,-10.726,-5.5058,8.2058,1.3662,-9.0332,0.52894,5.8378,7.5799,17.035,15.854,7.8399
-2.734,-11.368,-7.4497,7.9297,2.8139,-10.333,0.31041,7.2602,8.4643,17.275,17.103,8.0254
-1.2653,-11.71,-9.4879,7.2848,4.4035,-11.524,0.041783,8.6406,9.357,17.538,18.367,8.2863
0.50576,-11.799,-11.668,6.3278,6.175,-12.643,-0.28338,9.9401,10.228,17.796,19.587,8.5959
2.5313,-11.702,-14.033,5.1404,8.165,-13.731,-0.67416,11.127,11.049,18.015,20.72,8.9262
4.7715,-11.485,-16.604,3.8119,10.392,-14.826,-1.1394,12.182,11.8,18.169,21.744,9.255
7.1929,-11.208,-19.36,2.4234,12.844,-15.944,-1.6843,13.1,12.467,18.244,22.653,9.5711
9.7653,-10.912,-22.231,1.042,15.467,-17.076,-2.3077,13.89,13.052,18.239,23.452,9.8728
12.441,-10.632,-25.088,-0.27302,18.159,-18.191,-3.0031,14.571,13.562,18.163,24.144,10.159
15.103,-10.411,-27.782,-1.4585,20.773,-19.258,-3.764,15.158,14.008,18.031,24.72,10.419
17.52,-10.312,-30.195,-2.4451,23.154,-20.262,-4.5905,15.652,14.387,17.838,25.149,10.622
19.394,-10.402,-32.293,-3.1709,25.178,-21.219,-5.4907,16.036,14.682,17.571,25.381,10.729
20.507,-10.73,-34.117,-3.6046,26.794,-22.16,-6.4747,16.279,14.871,17.214,25.369,10.704
20.815,-11.299,-35.739,-3.7611,28.013,-23.106,-7.5453,16.354,14.933,16.761,25.087,10.535
20.471,-12.059,-37.2,-3.6959,28.872,-24.05,-8.69,16.244,14.86,16.218,24.545,10.234
19.769,-12.908,-38.484,-3.4831,29.408,-24.955,-9.8749,15.956,14.668,15.608,23.781,9.8372
19.016,-13.722,-39.519,-3.1906,29.641,-25.763,-11.043,15.528,14.383,14.962,22.846,9.3893
18.383,-14.388,-40.219,-2.8623,29.582,-26.409,-12.114,15.005,14.046,14.322,21.804,8.9318
17.839,-14.852,-40.508,-2.5047,29.232,-26.837,-13,14.447,13.698,13.726,20.728,8.4976
17.234,-15.14,-40.354,-2.0854,28.58,-27.02,-13.617,13.908,13.375,13.204,19.695,8.1064
16.424,-15.339,-39.767,-1.5486,27.616,-26.969,-13.908,13.422,13.097,12.771,18.761,7.7622
15.332,-15.551,-38.789,-0.84852,26.347,-26.714,-13.851,13.005,12.864,12.427,17.948,7.4557
13.97,-15.832,-37.484,0.015302,24.81,-26.282,-13.461,12.652,12.664,12.161,17.235,7.1702
12.434,-16.159,-35.916,0.97734,23.08,-25.688,-12.779,12.348,12.486,11.968,16.581,6.8918
10.901,-16.425,-34.148,1.9112,21.263,-24.932,-11.855,12.079,12.327,11.857,15.954,6.618
9.5632,-16.485,-32.236,2.6622,19.466,-24.005,-10.733,11.84,12.2,11.847,15.351,6.3619
8.5432,-16.212,-30.23,3.0949,17.775,-22.901,-9.4476,11.638,12.124,11.955,14.794,6.1487
7.8619,-15.542,-28.172,3.1406,16.226,-21.63,-8.0281,11.486,12.118,12.188,14.32,6.0033
7.4549,-14.5,-26.105,2.831,14.821,-20.234,-6.5113,11.394,12.184,12.525,13.957,5.935
7.2103,-13.21,-24.077,2.2962,13.544,-18.781,-4.9474,11.359,12.301,12.92,13.71,5.9297
7.0021,-11.869,-22.145,1.7239,12.391,-17.358,-3.3986,11.366,12.433,13.31,13.559,5.9535
6.7204,-10.685,-20.37,1.2973,11.363,-16.046,-1.9275,11.391,12.545,13.639,13.476,5.97
6.3004,-9.8057,-18.786,1.1334,10.465,-14.899,-0.58558,11.418,12.617,13.882,13.435,5.9571
5.7391,-9.2735,-17.394,1.2506,9.6949,-13.93,0.59323,11.439,12.656,14.049,13.433,5.9168
5.0889,-9.0282,-16.162,1.5771,9.0423,-13.12,1.5915,11.46,12.684,14.172,13.483,5.8689
4.4314,-8.9478,-15.054,1.9914,8.4921,-12.432,2.4046,11.486,12.718,14.274,13.604,5.8366
3.8484,-8.8992,-14.046,2.3672,8.0277,-11.831,3.035,11.516,12.757,14.351,13.803,5.8315
3.3969,-8.7843,-13.133,2.6105,7.6335,-11.291,3.487,11.535,12.77,14.368,14.064,5.8449
3.0966,-8.5632,-12.327,2.6841,7.2972,-10.804,3.7638,11.513,12.707,14.27,14.346,5.8468
2.931,-8.2513,-11.642,2.6097,7.0097,-10.377,3.8675,11.413,12.512,14.006,14.586,5.7924
2.864,-7.8963,-11.086,2.4443,6.7676,-10.026,3.8043,11.203,12.14,13.542,14.72,5.6367
2.8598,-7.5484,-10.657,2.2455,6.5747,-9.7559,3.5897,10.864,11.582,12.882,14.7,5.3521
2.8983,-7.2366,-10.345,2.0481,6.4421,-9.5565,3.2514,10.412,10.868,12.074,14.517,4.9404
2.9754,-6.9591,-10.133,1.8608,6.3819,-9.4009,2.8274,9.8762,10.058,11.188,14.204,4.4319
3.0961,-6.6874,-9.9913,1.6727,6.3975,-9.2561,2.3596,9.3013,9.2257,10.303,13.816,3.8738
3.2656,-6.3793,-9.8855,1.4618,6.4768,-9.0907,1.886,8.7311,8.432,9.4728,13.412,3.3135
3.482,-5.9963,-9.7765,1.2057,6.591,-8.8824,1.4337,8.2003,7.7118,8.7176,13.028,2.7838
3.7329,-5.5231,-9.6337,0.89371,6.7023,-8.6245,1.0159,7.7289,7.0702,8.0286,12.676,2.291
3.9964,-4.9779,-9.4428,0.53579,6.7747,-8.3276,0.63449,7.3202,6.493,7.3753,12.337,1.8129
4.2473,-4.4106,-9.2085,0.16247,6.7838,-8.0178,0.28563,6.9644,5.9508,6.7226,11.97,1.3111
4.4644,-3.8886,-8.9513,-0.18428,6.7229,-7.7307,-0.032008,6.6451,5.4173,6.0487,11.529,0.75128
4.6346,-3.4809,-8.7019,-0.46358,6.6018,-7.5057,-0.31281,6.3487,4.8813,5.3561,10.985,0.12105
4.7479,-3.2442,-8.4936,-0.64453,6.44,-7.3783,-0.54521,6.0713,4.3502,4.6722,10.336,-0.56366
4.7879,-3.2116,-8.3535,-0.70806,6.2577,-7.3715,-0.71716,5.8219,3.8464,4.0393,9.616,-1.2633
4.7285,-3.3844,-8.292,-0.64262,6.0687,-7.4853,-0.82142,5.6229,3.4008,3.5016,8.8808,-1.9264
4.5399,-3.7269,-8.2951,-0.43786,5.8776,-7.6877,-0.85714,5.5067,3.0452,3.0965,8.1985,-2.5022
4.196,-4.1742,-8.3217,-0.081978,5.6802,-7.9174,-0.82796,5.5088,2.8125,2.8499,7.6346,-2.9526
3.6836,-4.6583,-8.312,0.4338,5.4675,-8.1001,-0.73913,5.6559,2.7286,2.7734,7.2416,-3.2596
3.0136,-5.134,-8.2082,1.1048,5.2311,-8.1747,-0.59675,5.9539,2.8044,2.8625,7.0521,-3.4271
2.2306,-5.5841,-7.9797,1.8997,4.9709,-8.1138,-0.40958,6.3813,3.0283,3.096,7.076,-3.4722
1.4173,-5.9987,-7.6362,2.7514,4.7012,-7.925,-0.19172,6.8909,3.3636,3.4358,7.304,-3.4126
0.68741,-6.3461,-7.2179,3.5554,4.4497,-7.6343,0.036644,7.4203,3.7551,3.843,7.7142,-3.2551
0.16771,-6.5512,-6.7657,4.1722,4.2473,-7.2585,0.2509,7.9081,4.1427,4.2862,8.28,-2.994
-0.031061,-6.4953,-6.295,4.4419,4.1111,-6.7864,0.42422,8.3057,4.477,4.7506,8.9743,-2.6204
0.15403,-6.0438,-5.7888,4.2294,4.0345,-6.1767,0.52953,8.5951,4.728,5.2318,9.7687,-2.1372
0.715,-5.097,-5.2135,3.4762,3.9901,-5.3782,0.54084,8.7756,4.8801,5.7204,10.628,-1.5694
1.5762,-3.6371,-4.5461,2.2255,3.9459,-4.3626,0.43405,8.8571,4.9204,6.1868,11.507,-0.96368
2.6166,-1.7512,-3.7959,0.61401,3.8809,-3.1539,0.18803,8.8472,4.8317,6.5828,12.345,-0.37721
3.6971,0.37857,-3.0083,-1.1561,3.793,-1.8347,-0.21297,8.7483,4.5979,6.8494,13.081,0.1382
4.6823,2.5172,-2.2495,-2.8574,3.6935,-0.52751,-0.77547,8.5629,4.2136,6.9399,13.662,0.54932
5.4576,4.4382,-1.5836,-4.2863,3.5964,0.64176,-1.4929,8.3,3.6997,6.8386,14.064,0.84828
5.9443,5.9802,-1.0524,-5.3081,3.5109,1.5805,-2.3434,7.9808,3.1003,6.5678,14.296,1.052
6.1164,7.0723,-0.66728,-5.8818,3.4396,2.2486,-3.2892,7.6367,2.4742,6.1809,14.399,1.195
6.0063,7.7205,-0.4163,-6.0553,3.3819,2.6538,-4.2792,7.3032,1.8793,5.743,14.429,1.3159
5.6892,7.9688,-0.27925,-5.9302,3.3372,2.8293,-5.2533,7.0096,1.3563,5.3071,14.436,1.4412
5.2523,7.8548,-0.24316,-5.6095,3.3066,2.807,-6.1525,6.7701,0.91609,4.8959,14.44,1.5718
4.7646,7.3866,-0.31024,-5.1513,3.2922,2.5951,-6.9304,6.5784,0.53764,4.4965,14.423,1.6806
4.2607,6.5579,-0.49658,-4.5543,3.2951,2.1713,-7.5612,6.4105,0.17248,4.071,14.33,1.7215
3.7476,5.3791,-0.82288,-3.7839,3.3142,1.5004,-8.0401,6.2356,-0.23362,3.5782,14.099,1.6477
3.229,3.8951,-1.2997,-2.8266,3.3457,0.56857,-8.373,6.0307,-0.71699,2.9981,13.684,1.4302
2.7292,2.2005,-1.912,-1.7365,3.3835,-0.58706,-8.5625,5.7927,-1.2796,2.3466,13.082,1.0715
2.295,0.44716,-2.6114,-0.6385,3.4207,-1.8703,-8.5964,5.5416,-1.8872,1.6753,12.336,0.60531
1.9787,-1.1767,-3.3223,0.31819,3.4518,-3.1418,-8.4454,5.3144,-2.4797,1.0583,11.526,0.085196
1.8156,-2.4939,-3.9627,1.0213,3.4764,-4.2536,-8.0737,5.1534,-2.9908,0.56874,10.742,-0.43275
1.8052,-3.3897,-4.4691,1.4331,3.4998,-5.0925,-7.461,5.0898,-3.3679,0.25562,10.052,-0.9068
1.8985,-3.8547,-4.8118,1.5989,3.5263,-5.6117,-6.6204,5.1304,-3.5877,0.12989,9.4905,-1.3189
2.0041,-3.9899,-4.9898,1.6281,3.5493,-5.8328,-5.602,5.2544,-3.6606,0.16542,9.0495,-1.6725
2.0196,-3.9467,-5.0098,1.6506,3.5443,-5.8129,-4.4756,5.419,-3.6213,0.313,8.6899,-1.9821
1.8746,-3.8347,-4.8674,1.7559,3.4737,-5.6002,-3.3073,5.5757,-3.5156,0.51851,8.357,-2.2605
1.5645,-3.6567,-4.544,1.9369,3.3031,-5.2039,-2.1433,5.6832,-3.3891,0.73767,7.9969,-2.5139
1.1697,-3.3136,-4.021,2.0832,3.0208,-4.5984,-1.0075,5.7137,-3.282,0.94419,7.5699,-2.7426
0.84211,-2.6631,-3.2981,2.0307,2.6491,-3.7493,0.093918,5.6533,-3.2246,1.1312,7.0581,-2.9454
0.74954,-1.5889,-2.4041,1.6235,2.2379,-2.6428,1.1647,5.4993,-3.2363,1.3049,6.464,-3.1235
1.0009,-0.053671,-1.3909,0.77254,1.8427,-1.3017,2.21,5.2544,-3.3282,1.4724,5.7992,-3.2828
1.5949,1.8696,-0.31989,-0.49124,1.5003,0.20996,3.23,4.9211,-3.51,1.629,5.0718,-3.4357
2.4111,3.9986,0.75293,-2.0039,1.2138,1.7942,4.2174,4.4975,-3.7964,1.7515,4.2793,-3.6012
3.2446,6.0867,1.7849,-3.5118,0.95319,3.3387,5.1604,3.9772,-4.2069,1.7998,3.4096,-3.8033
3.8764,7.9029,2.7507,-4.7577,0.67303,4.7453,6.0481,3.3521,-4.7597,1.7278,2.4477,-4.0673
4.1576,9.3086,3.643,-5.572,0.33622,5.9579,6.8753,2.6179,-5.4617,1.4994,1.3837,-4.4133
4.0654,10.292,4.4685,-5.9267,-0.066884,6.974,7.6448,1.7809,-6.3014,1.1033,0.21938,-4.8507
3.6961,10.942,5.2399,-5.9275,-0.51392,7.8338,8.3641,0.86102,-7.2489,0.55867,-1.0301,-5.3759
3.2052,11.392,5.9653,-5.7559,-0.96165,8.5916,9.0386,-0.11148,-8.2639,-0.093453,-2.3417,-5.9767
2.7351,11.749,6.6403,-5.5882,-1.3678,9.2804,9.6642,-1.1041,-9.3085,-0.80895,-3.694,-6.6401
2.3604,12.053,7.2482,-5.5143,-1.7144,9.8891,10.223,-2.0938,-10.361,-1.5614,-5.0748,-7.364
2.0621,12.249,7.7693,-5.489,-2.0214,10.363,10.688,-3.0765,-11.422,-2.3524,-6.4825,-8.1615
1.7454,12.228,8.1957,-5.3588,-2.342,10.637,11.027,-4.067,-12.511,-3.205,-7.9164,-9.0556
1.2987,11.891,8.5412,-4.964,-2.7384,10.676,11.22,-5.089,-13.656,-4.1446,-9.3646,-10.064
0.66243,11.235,8.8407,-4.2526,-3.2509,10.509,11.261,-6.1608,-14.871,-5.179,-10.798,-11.187
-0.13935,10.369,9.1387,-3.319,-3.8775,10.231,11.16,-7.2861,-16.151,-6.2893,-12.177,-12.395
-1.0187,9.474,9.476,-2.3368,-4.5768,9.9651,10.936,-8.4519,-17.466,-7.4326,-13.453,-13.64
-1.8745,8.7223,9.8816,-1.464,-5.2911,9.8248,10.608,-9.6324,-18.765,-8.5517,-14.576,-14.86
-2.6377,8.2168,10.37,-0.78862,-5.9728,9.8763,10.187,-10.798,-19.99,-9.5877,-15.497,-15.994
-3.2906,7.9671,10.938,-0.31419,-6.5995,10.125,9.6704,-11.921,-21.096,-10.492,-16.179,-16.995
-3.8583,7.9076,11.572,0.020626,-7.1722,10.527,9.0444,-12.986,-22.058,-11.235,-16.607,-17.838
-4.3831,7.9462,12.247,0.29728,-7.7039,11.018,8.2908,-13.989,-22.876,-11.806,-16.789,-18.516
-4.892,8.0233,12.94,0.5646,-8.2063,11.554,7.398,-14.939,-23.576,-12.217,-16.756,-19.038
-5.3748,8.1519,13.64,0.80547,-8.6814,12.134,6.3663,-15.852,-24.195,-12.488,-16.547,-19.414
-5.7837,8.4135,14.347,0.94093,-9.1209,12.79,5.2077,-16.756,-24.775,-12.651,-16.2,-19.652
-6.0517,8.9122,15.064,0.86796,-9.5102,13.56,3.9405,-17.688,-25.356,-12.739,-15.752,-19.755
-6.119,9.7139,15.784,0.5122,-9.837,14.449,2.5822,-18.687,-25.972,-12.785,-15.231,-19.717
-5.9593,10.799,16.48,-0.12623,-10.099,15.408,1.1421,-19.792,-26.652,-12.829,-14.664,-19.538
-5.5962,12.052,17.105,-0.95634,-10.31,16.336,-0.38312,-21.032,-27.422,-12.909,-14.089,-19.222
-5.1012,13.289,17.601,-1.8248,-10.492,17.107,-2.0084,-22.425,-28.302,-13.062,-13.555,-18.783
-4.5742,14.322,17.916,-2.5752,-10.664,17.613,-3.7489,-23.965,-29.3,-13.321,-13.116,-18.239
-4.1142,15.009,18.018,-3.0997,-10.827,17.793,-5.5987,-25.617,-30.401,-13.696,-12.809,-17.604
-3.7942,15.273,17.91,-3.3587,-10.961,17.644,-7.5085,-27.314,-31.568,-14.18,-12.651,-16.873
-3.6544,15.097,17.615,-3.3606,-11.038,17.201,-9.3763,-28.97,-32.745,-14.75,-12.635,-16.029
-3.7241,14.49,17.167,-3.1078,-11.042,16.514,-11.066,-30.498,-33.879,-15.383,-12.752,-15.052
-4.0515,13.447,16.593,-2.5596,-10.98,15.615,-12.45,-31.837,-34.931,-16.07,-12.998,-13.945
-4.6979,11.934,15.9,-1.6376,-10.886,14.501,-13.441,-32.971,-35.889,-16.826,-13.391,-12.749
-5.7027,9.9085,15.079,-0.26295,-10.796,13.136,-14,-33.927,-36.764,-17.675,-13.958,-11.543
-7.0415,7.3673,14.112,1.5834,-10.73,11.482,-14.13,-34.758,-37.575,-18.639,-14.724,-10.419
-8.6008,4.3922,12.985,3.8053,-10.674,9.5325,-13.851,-35.519,-38.337,-19.718,-15.698,-9.4551
-10.189,1.1677,11.703,6.1893,-10.586,7.3418,-13.185,-36.252,-39.051,-20.887,-16.863,-8.6899
-11.586,-2.0541,10.304,8.4628,-10.425,5.0164,-12.146,-36.973,-39.704,-22.104,-18.177,-8.1258
-12.618,-5.0328,8.8479,10.374,-10.172,2.6845,-10.749,-37.672,-40.272,-23.324,-19.576,-7.7433
-13.215,-7.6155,7.399,11.767,-9.8435,0.45437,-9.0208,-38.329,-40.731,-24.519,-20.999,-7.5209
-13.438,-9.7726,6.0088,12.63,-9.4785,-1.6123,-7.0082,-38.916,-41.054,-25.683,-22.401,-7.4452
-13.452,-11.579,4.7101,13.097,-9.125,-3.4988,-4.7784,-39.399,-41.206,-26.82,-23.761,-7.5094
-13.457,-13.154,3.5224,13.385,-8.8186,-5.2071,-2.4064,-39.741,-41.14,-27.922,-25.07,-7.7049
-13.604,-14.6,2.4636,13.698,-8.5715,-6.7302,0.038023,-39.894,-40.802,-28.95,-26.315,-8.0156
-13.939,-15.962,1.5567,14.162,-8.3721,-8.0398,2.4984,-39.813,-40.136,-29.823,-27.46,-8.4165
-14.389,-17.22,0.82877,14.802,-8.1972,-9.095,4.9287,-39.471,-39.108,-30.445,-28.452,-8.8771
-14.822,-18.313,0.30597,15.557,-8.0323,-9.858,7.2856,-38.879,-37.724,-30.744,-29.238,-9.3672
-15.127,-19.167,0.0071191,16.301,-7.8865,-10.308,9.5257,-38.09,-36.041,-30.704,-29.783,-9.8596
-15.285,-19.715,-0.060497,16.905,-7.7941,-10.447,11.61,-37.197,-34.166,-30.379,-30.083,-10.33
-15.361,-19.918,0.097446,17.3,-7.8009,-10.298,13.506,-36.308,-32.229,-29.876,-30.163,-10.753
-15.445,-19.782,0.46534,17.474,-7.9474,-9.9,15.18,-35.526,-30.354,-29.311,-30.056,-11.106
-15.586,-19.339,1.0239,17.425,-8.2524,-9.2901,16.599,-34.913,-28.624,-28.766,-29.787,-11.358
-15.767,-18.598,1.7554,17.139,-8.7029,-8.4864,17.752,-34.485,-27.07,-28.261,-29.368,-11.475
-15.918,-17.534,2.645,16.595,-9.2538,-7.4825,18.664,-34.208,-25.672,-27.763,-28.79,-11.417
-15.946,-16.119,3.6762,15.774,-9.842,-6.2616,19.391,-34.019,-24.386,-27.21,-28.037,-11.153
-15.781,-14.366,4.8277,14.697,-10.409,-4.8204,20.002,-33.852,-23.169,-26.545,-27.091,-10.667
-15.417,-12.36,6.072,13.452,-10.925,-3.187,20.549,-33.661,-21.995,-25.752,-25.957,-9.9637
-14.926,-10.239,7.3798,12.187,-11.39,-1.4193,21.055,-33.429,-20.865,-24.851,-24.681,-9.0706
-14.421,-8.1464,8.7262,11.05,-11.832,0.41411,21.509,-33.155,-19.791,-23.89,-23.335,-8.0234
-13.988,-6.1752,10.097,10.126,-12.274,2.2596,21.88,-32.847,-18.785,-22.912,-21.996,-6.8592
-13.646,-4.3393,11.487,9.4049,-12.724,4.0974,22.134,-32.505,-17.841,-21.94,-20.713,-5.613
-13.33,-2.5714,12.901,8.7843,-13.165,5.9431,22.247,-32.123,-16.942,-20.976,-19.507,-4.3196
-12.934,-0.7584,14.346,8.1113,-13.568,7.8328,22.206,-31.697,-16.064,-20.011,-18.38,-3.0172
-12.37,1.2053,15.832,7.2428,-13.913,9.8018,22.003,-31.246,-15.195,-19.041,-17.329,-1.7486
-11.624,3.3704,17.373,6.1031,-14.206,11.863,21.62,-30.814,-14.342,-18.079,-16.356,-0.55718
-10.752,5.7105,18.973,4.7071,-14.477,13.992,21.031,-30.472,-13.535,-17.152,-15.473,0.51951
-9.8438,8.1392,20.621,3.1421,-14.767,16.133,20.204,-30.291,-12.82,-16.291,-14.687,1.4584
-8.9854,10.566,22.287,1.5229,-15.102,18.216,19.119,-30.322,-12.241,-15.515,-13.997,2.2567
-8.2346,12.952,23.928,-0.052703,-15.486,20.196,17.773,-30.586,-11.828,-14.823,-13.386,2.932
-7.6132,15.312,25.513,-1.5296,-15.905,22.076,16.181,-31.072,-11.59,-14.199,-12.831,3.5152
-7.1129,17.673,27.032,-2.8933,-16.345,23.885,14.368,-31.752,-11.517,-13.623,-12.307,4.0388
-6.7132,20.026,28.499,-4.1511,-16.802,25.65,12.362,-32.598,-11.588,-13.083,-11.799,4.5248
-6.3952,22.317,29.922,-5.3128,-17.273,27.364,10.184,-33.589,-11.784,-12.584,-11.303,4.9805
-6.1507,24.462,31.289,-6.3768,-17.753,28.991,7.8487,-34.709,-12.094,-12.147,-10.825,5.4007
-5.9835,26.367,32.555,-7.3221,-18.227,30.472,5.3779,-35.94,-12.514,-11.796,-10.373,5.776
-5.9057,27.943,33.655,-8.1038,-18.669,31.741,2.8031,-37.262,-13.048,-11.548,-9.9569,6.1033
-5.93,29.119,34.524,-8.6651,-19.049,32.739,0.17355,-38.647,-13.695,-11.404,-9.5795,6.3913
-6.0568,29.855,35.119,-8.9645,-19.341,33.43,-2.4468,-40.064,-14.444,-11.347,-9.2369,6.659
-6.2658,30.157,35.426,-9.0028,-19.521,33.807,-4.9883,-41.479,-15.277,-11.351,-8.9215,6.9284
-6.5159,30.075,35.453,-8.8288,-19.568,33.885,-7.3898,-42.867,-16.171,-11.397,-8.6279,7.2152
-6.7573,29.691,35.218,-8.5201,-19.475,33.693,-9.6105,-44.226,-17.11,-11.479,-8.3577,7.5219
-6.9456,29.088,34.75,-8.1512,-19.249,33.263,-11.633,-45.571,-18.093,-11.605,-8.1201,7.8363
-7.0497,28.324,34.075,-7.7694,-18.91,32.63,-13.459,-46.931,-19.128,-11.793,-7.9283,8.136
-7.0508,27.424,33.223,-7.3881,-18.482,31.821,-15.1,-48.321,-20.229,-12.056,-7.7937,8.3949
-6.9378,26.391,32.213,-6.9964,-17.979,30.858,-16.567,-49.733,-21.399,-12.388,-7.7202,8.5916
-6.7073,25.224,31.061,-6.582,-17.406,29.754,-17.863,-51.121,-22.619,-12.764,-7.6996,8.7176
-6.3647,23.949,29.785,-6.1522,-16.76,28.528,-18.972,-52.414,-23.849,-13.137,-7.7112,8.7829
-5.9278,22.624,28.422,-5.7363,-16.049,27.217,-19.868,-53.531,-25.028,-13.454,-7.7254,8.8135
-5.4304,21.327,27.034,-5.366,-15.298,25.888,-20.527,-54.408,-26.091,-13.672,-7.7119,8.8397
-4.9223,20.126,25.688,-5.0537,-14.543,24.612,-20.942,-55.007,-26.989,-13.77,-7.6492,8.8822
-4.4606,19.055,24.435,-4.7852,-13.82,23.44,-21.138,-55.33,-27.702,-13.756,-7.5314,8.9418
-4.096,18.103,23.282,-4.5276,-13.143,22.378,-21.165,-55.404,-28.248,-13.657,-7.3703,8.999
-3.8586,17.226,22.192,-4.2424,-12.501,21.39,-21.093,-55.276,-28.675,-13.51,-7.1912,9.0198
-3.7551,16.362,21.107,-3.8958,-11.871,20.412,-20.995,-55.005,-29.044,-13.353,-7.0256,8.9675
-3.7747,15.45,19.982,-3.4651,-11.238,19.386,-20.924,-54.667,-29.425,-13.218,-6.9019,8.8161
-3.8954,14.459,18.82,-2.9452,-10.616,18.287,-20.901,-54.355,-29.874,-13.125,-6.8375,8.561
-4.0861,13.398,17.683,-2.3579,-10.051,17.144,-20.91,-54.18,-30.429,-13.082,-6.8312,8.2245
-4.3042,12.337,16.688,-1.7581,-9.6115,16.056,-20.906,-54.257,-31.096,-13.073,-6.8584,7.8532
-4.5026,11.398,16.002,-1.2237,-9.3827,15.192,-20.829,-54.688,-31.833,-13.054,-6.8688,7.5116
-4.6454,10.747,15.837,-0.8331,-9.4575,14.797,-20.619,-55.53,-32.541,-12.942,-6.7849,7.275
-4.727,10.577,16.46,-0.64499,-9.9421,15.179,-20.23,-56.746,-33.058,-12.606,-6.5019,7.2264
-4.781,11.1,18.25,-0.69598,-10.974,16.746,-19.629,-58.146,-33.137,-11.86,-5.8844,7.4603
-4.8738,12.622,21.652,-1.0052,-12.769,20.276,-18.792,-59.333,-32.459,-10.455,-4.7489,8.1063
-5.0815,14.414,23.744,-1.5596,-15.618,23.571,-17.705,-59.711,-30.661,-8.15,-2.8472,9.395
-5.4567,11.414,20.644,-2.1512,-18.27,21.833,-16.364,-58.608,-27.494,-6.9157,-0.79173,11.743
-5.9952,7.512,18.66,-1.6695,-17.825,19.474,-14.795,-55.539,-23.879,-18.27,-4.621,14.881
-6.6168,5.4529,18.247,0.91948,-17.488,18.17,-13.076,-50.747,-31.329,-20.91,-6.3752,12.749
-7.1742,7.1133,20.424,3.0606,-18.912,19.589,-11.35,-47.079,-48.98,-22.148,-6.7263,5.8019
-7.4997,14.235,26.724,2.4999,-22.785,25.385,-9.8556,-54.59,-51.44,-21.856,-5.7109,5.2064
-7.5572,27.913,39.487,-1.2351,-31.043,36.892,-8.9659,-73.494,-51.208,-17.807,-1.7674,8.539
-11.598,48.259,62.052,-8.5155,-45.377,55.355,-9.1545,-87.575,-46.173,-6.9191,7.4104,15.605
-26.986,74.704,96.218,-19.137,-64.473,82.132,-7.5709,-90.213,-32.937,14.197,24.267,27.399
-32.828,106.09,136.74,-32.61,-85.53,116.97,-1.1215,-80.826,-7.7635,48.349,50.06,44.337
-37.087,140.21,175.32,-48.392,-105.79,154.23,2.9474,-77.391,34.388,96.917,84.808,66.331
-38.314,173.88,209.81,-65.662,-122.83,188.71,6.7167,-23.604,98.26,160.24,128.43,92.989
-34.773,204.1,238.06,-83.56,-134.18,218.3,10.145,53.163,181.23,239.14,181.42,123.78
-24.713,229.31,256.28,-101.75,-137.81,240.59,12.964,139.54,277.22,334.13,244.65,159.45
-6.4555,249.28,260.13,-120.7,-131.51,252.69,12.942,218.91,381.57,443.27,319.59,202.16
21.778,264.62,247,-141.56,-112.81,253.79,4.6004,271.11,487.9,564.8,407.42,253.35
61.641,275.6,218.01,-166.98,-80.395,245.85,-20.931,276.73,586.95,695.73,508.62,314.67
114.06,285.07,175.61,-198.73,-33.631,230.89,-76.813,221.1,666.63,830.28,622.37,387.02
178.76,294.1,120.62,-235.9,27.471,209.38,-158.1,97.762,714.31,960.65,744.93,469
253.92,302.4,54.647,-277.76,99.264,180.24,-252.25,-88.827,721.39,1078.2,870.64,558.05
336.02,314.1,-16.113,-324.07,176.04,149.82,-358.99,-324.21,686.28,1175.4,993.51,651.17
420.16,333.67,-81.896,-374.63,251.46,126.99,-471.07,-588.13,611.89,1246,1107.4,745.73
501.44,364.1,-133.37,-428.84,319.06,117.27,-580,-859.01,501.28,1282.6,1205.2,838.58
575.57,405.96,-165.2,-485.36,373.82,123.05,-678.18,-1118.5,356.77,1277,1278.5,924.48
639.12,455.72,-178.14,-541.21,413.65,141.93,-760.6,-1354.4,180.8,1221.7,1317.9,995.71
689.8,504.24,-179.57,-590.78,440.28,165.41,-825.43,-1558.8,-22.986,1111.9,1314.6,1042.8
726.06,537.05,-182.28,-625.88,459.14,179.86,-873.52,-1730.5,-249,948.06,1262.2,1056.5
746.77,538.18,-200.81,-637.64,477.45,170.23,-907,-1874.7,-490.28,736.15,1159,1030.3
751.16,495.94,-245.95,-619.52,500.65,125.58,-927.61,-1991.3,-739.38,487.52,1009.7,962.9
738.7,407.94,-319.72,-569.83,529.43,43.892,-935.6,-2080.2,-988.29,216.76,824.77,859.44
709.13,282.86,-413.79,-492.79,559.4,-66.09,-930.19,-2144.4,-1227.7,-60.57,618.48,730.34
662.82,137.93,-512.01,-397.11,583.24,-187.45,-911.09,-2187.3,-1446.9,-329.43,405.76,588.39
601.67,-6.9718,-596.17,-293.65,593.67,-301.37,-880.17,-2210.5,-1634.2,-575.44,200.85,445.7
529.9,-134.85,-653.23,-193.22,586.54,-393.39,-841.31,-2211.5,-1777.1,-784.69,16.687,312.33
453.52,-235.07,-678.66,-104.4,562.73,-456.32,-798.87,-2184.2,-1863.7,-944.8,-136.72,196.01
378.71,-304.07,-674.67,-32.305,525.83,-489.37,-756.51,-2120.4,-1885.8,-1047.3,-253.65,101.4
310.26,-343.3,-646.4,21.598,478.16,-495.47,-715.89,-2014.6,-1842.7,-1090.2,-332.94,28.918
249.86,-356.54,-599.28,58.472,423.98,-478.71,-675.38,-1868,-1742.3,-1078.9,-377.83,-25.227
196.45,-348.58,-538.41,80.861,367.13,-443.23,-631.12,-1689.1,-1599.8,-1024.6,-395.04,-66.199
149.19,-324.48,-468.85,91.684,310.13,-394.2,-579.37,-1491.2,-1432.8,-941.14,-392.7,-97.571
108.47,-288.31,-395.98,93.512,255.11,-338.79,-518.22,-1286.9,-1256.7,-841.07,-378.13,-120.84
75.378,-245.43,-325.22,88.489,204.32,-283.02,-448.57,-1086.1,-1081.8,-733.84,-355.86,-136.1
50.969,-201.94,-260.61,78.375,159.96,-231.59,-374.34,-897.85,-914.97,-627.52,-327.65,-142.8
35.381,-162.27,-205.09,64.048,123.58,-186.04,-301.73,-730.26,-761.26,-529.08,-294.18,-140.67
27.069,-128.38,-160.53,45.814,95.742,-145.93,-237.4,-588.03,-624.35,-439.02,-256.31,-130.2
23.175,-100.64,-125.9,28.568,75.639,-113.21,-185.65,-470.35,-505.47,-354.68,-214.29,-112.5
21.224,-78.586,-99.288,21.31,61.145,-88.787,-146.69,-373.66,-406.23,-281.99,-170.39,-90.259
20.206,-63.129,-79.744,19.395,50.432,-71.246,-118.34,-293.57,-326.45,-223.16,-130.7,-70.54
21.129,-52.932,-66.243,17.263,42.668,-59.232,-97.417,-225.05,-261.19,-177.53,-99.746,-56.594
25.316,-46.664,-57.189,15.049,37.315,-51.672,-80.196,-165.07,-206.87,-141.94,-78.67,-46.026
22.221,-43.218,-51.646,13.371,34.176,-47.578,-63.402,-112.66,-162.02,-113.71,-65.136,-39.515
16.512,-41.35,-48.712,11.967,35.607,-45.736,-46.136,-68.351,-125.11,-91.256,-56.497,-36.305
12.96,-39.766,-48.035,10.583,39.21,-44.701,-30.749,-32.762,-94.139,-73.025,-50.737,-34.639
11.248,-36.553,-48.932,9.4241,36.032,-42.732,-19.137,-5.4309,-67.583,-57.516,-46.245,-33.186
10.305,-30.425,-44.52,8.5235,29.919,-37.034,-11.559,15.132,-45.17,-43.967,-41.854,-30.806
9.5766,-25.778,-37.467,7.8679,24.226,-30.75,-8.4954,30.69,-27.318,-32.382,-37.034,-27.609
8.7664,-23.04,-31.11,7.5035,19.787,-26.341,-10.293,39.389,-14.846,-23.412,-32.268,-24.852
7.7647,-21.132,-25.96,7.4386,16.347,-23.077,-12.125,32.616,-10.026,-17.824,-27.357,-22.874
6.6262,-19.617,-21.772,7.5826,13.594,-20.397,-11.618,25.047,-12.144,-15.29,-22.54,-21.455
5.501,-18.277,-18.278,7.7701,11.36,-18.058,-10.351,25.96,-11.884,-13.333,-18.89,-20.414
4.5453,-16.956,-15.283,7.8266,9.548,-15.942,-9.279,31.001,-8.4184,-10.299,-16.244,-19.649
3.8601,-15.551,-12.658,7.6355,8.0863,-13.979,-8.6613,37.89,-4.4843,-6.9249,-14.285,-19.097
3.4644,-14.044,-10.319,7.1832,6.9075,-12.136,-8.4394,45.772,-0.92019,-3.7528,-12.793,-18.713
3.293,-12.509,-8.2298,6.5638,5.9448,-10.416,-8.4548,54.022,2.2264,-0.86211,-11.611,-18.444
3.2166,-11.087,-6.3839,5.9448,5.1299,-8.8592,-8.5464,62.092,5.0689,1.8072,-10.623,-18.233
3.0825,-9.9293,-4.7874,5.5035,4.3964,-7.5195,-8.5882,69.622,7.7126,4.3128,-9.7518,-18.026
2.7725,-9.1303,-3.4355,5.3566,3.6914,-6.4346,-8.4962,76.475,10.213,6.6678,-8.9562,-17.791
2.2584,-8.685,-2.3017,5.5073,2.9889,-5.5998,-8.2219,82.684,12.575,8.8426,-8.2241,-17.525
1.6209,-8.4824,-1.343,5.8413,2.2976,-4.9592,-7.738,88.385,14.775,10.787,-7.56,-17.249
1.0098,-8.3518,-0.51608,6.1781,1.6531,-4.4267,-7.0273,93.754,16.801,12.463,-6.9726,-16.997
0.5684,-8.144,0.20589,6.3536,1.0988,-3.9281,-6.0786,98.933,18.693,13.869,-6.4673,-16.798
0.36611,-7.8091,0.8256,6.2969,0.66248,-3.4426,-4.89,103.98,20.534,15.057,-6.0436,-16.678
0.36738,-7.4267,1.3274,6.0682,0.34074,-3.0142,-3.4754,108.86,22.431,16.116,-5.6931,-16.649
0.44718,-7.1675,1.6928,5.8351,0.098346,-2.727,-1.8653,113.51,24.46,17.144,-5.3961,-16.705
0.44743,-7.2007,1.9172,5.7895,-0.11655,-2.6539,-0.10154,117.85,26.64,18.221,-5.1203,-16.812
0.24771,-7.599,2.0193,6.047,-0.34989,-2.8108,1.7753,121.88,28.929,19.395,-4.8248,-16.916
-0.1873,-8.3021,2.0395,6.5975,-0.62449,-3.1433,3.7363,125.6,31.251,20.677,-4.4718,-16.957
-0.80643,-9.1569,2.0272,7.331,-0.9374,-3.5535,5.7649,129.08,33.543,22.036,-4.04,-16.894
-1.5105,-10.001,2.0236,8.1068,-1.2701,-3.9482,7.849,132.39,35.775,23.393,-3.5321,-16.726
-2.2006,-10.739,2.0464,8.8146,-1.6021,-4.28,9.97,135.58,37.978,24.635,-2.973,-16.492
-2.8123,-11.371,2.0851,9.4084,-1.9192,-4.561,12.097,138.7,40.246,25.676,-2.3979,-16.253
-3.3286,-11.976,2.111,9.9101,-2.2171,-4.8459,14.19,141.77,42.721,26.527,-1.8368,-16.067
-3.7744,-12.658,2.0992,10.386,-2.5008,-5.1921,16.212,144.84,45.57,27.309,-1.3004,-15.965
-4.195,-13.48,2.0484,10.906,-2.7833,-5.6217,18.139,147.94,48.941,28.204,-0.77291,-15.938
-4.6343,-14.431,1.9866,11.51,-3.0824,-6.1044,19.965,151.14,52.91,29.395,-0.21655,-15.94
-5.1196,-15.432,1.9594,12.19,-3.4142,-6.5695,21.702,154.52,57.429,31.025,0.41441,-15.907
-5.6527,-16.363,2.0082,12.907,-3.7827,-6.9351,23.366,158.16,62.316,33.17,1.1553,-15.781
-6.2053,-17.108,2.1513,13.597,-4.1722,-7.1373,24.974,162.09,67.316,35.813,2.0186,-15.53
-6.7264,-17.585,2.3778,14.185,-4.5493,-7.1496,26.533,166.31,72.216,38.793,2.9908,-15.155
-7.1634,-17.77,2.6538,14.615,-4.8757,-6.9888,28.034,170.76,76.932,41.835,4.0377,-14.685
-7.4836,-17.696,2.9398,14.863,-5.125,-6.7037,29.448,175.34,81.501,44.702,5.1184,-14.159
-7.6763,-17.427,3.2103,14.939,-5.2926,-6.3482,30.732,179.94,86.02,47.34,6.207,-13.595
-7.7395,-17.012,3.4641,14.854,-5.3925,-5.9545,31.842,184.5,90.577,49.893,7.3125,-12.979
-7.6657,-16.463,3.7179,14.608,-5.4441,-5.5243,32.751,188.99,95.212,52.602,8.4828,-12.255
-7.439,-15.767,3.986,14.184,-5.4562,-5.0437,33.451,193.47,99.905,55.675,9.7859,-11.356
-7.0426,-14.912,4.2624,13.57,-5.4202,-4.5085,33.937,198.01,104.6,59.169,11.278,-10.229
-6.4722,-13.916,4.5151,12.778,-5.3125,-3.9425,34.202,202.66,109.23,62.934,12.975,-8.8567
-5.7443,-12.837,4.6932,11.855,-5.1021,-3.3955,34.228,207.47,113.75,66.682,14.841,-7.2662
-4.8947,-11.751,4.7417,10.872,-4.7569,-2.9265,34,212.46,118.15,70.163,16.803,-5.5125
-3.9676,-10.731,4.6174,9.903,-4.25,-2.5797,33.513,217.64,122.49,73.303,18.783,-3.6553
-3.0033,-9.8188,4.3002,9.0055,-3.567,-2.3706,32.776,222.99,126.84,76.207,20.722,-1.7338
-2.0292,-9.0252,3.7951,8.2046,-2.7112,-2.2872,31.813,228.55,131.31,79.078,22.598,0.24681
-1.0503,-8.3386,3.1259,7.4927,-1.7024,-2.3025,30.642,234.34,136.01,82.124,24.443,2.3113
-0.038485,-7.7363,2.323,6.8349,-0.56877,-2.39,29.276,240.37,141.04,85.49,26.333,4.4923
1.0706,-7.1895,1.4153,6.18,0.66317,-2.5317,27.719,246.67,146.43,89.23,28.37,6.8059
2.3668,-6.6619,0.4283,5.4671,1.9733,-2.716,25.978,253.23,152.12,93.308,30.647,9.2456
3.9405,-6.1028,-0.60895,4.6264,3.3431,-2.9263,24.067,260.06,157.98,97.587,33.222,11.797
5.8537,-5.4476,-1.6573,3.5867,4.7469,-3.1325,22.014,267.14,163.86,101.86,36.073,14.449
8.1184,-4.6299,-2.6676,2.2952,6.1491,-3.2895,19.872,274.48,169.63,105.93,39.084,17.193
10.701,-3.6028,-3.5909,0.73929,7.5131,-3.3477,17.713,282.06,175.29,109.73,42.074,20.003
13.554,-2.3565,-4.3954,-1.0475,8.8173,-3.2689,15.629,289.9,180.89,113.32,44.893,22.833
16.635,-0.92557,-5.0777,-2.9921,10.064,-3.0407,13.712,298.05,186.55,116.87,47.47,25.64
19.903,0.62079,-5.6624,-4.9986,11.279,-2.6812,12.038,306.53,192.36,120.59,49.808,28.397
23.277,2.1994,-6.1896,-6.9683,12.502,-2.2315,10.653,315.4,198.35,124.62,51.939,31.105
26.605,3.7364,-6.699,-8.8199,13.781,-1.7402,9.5638,324.67,204.44,128.95,53.899,33.774
29.71,5.1839,-7.2197,-10.511,15.172,-1.2492,8.7566,334.35,210.49,133.44,55.712,36.409
32.514,6.5255,-7.7702,-12.053,16.737,-0.78789,8.2051,344.4,216.36,137.8,57.384,38.981
35.087,7.7706,-8.3662,-13.513,18.531,-0.37602,7.8808,354.79,221.93,141.75,58.89,41.433
37.555,8.9378,-9.0308,-14.993,20.587,-0.0313,7.7535,365.41,227.2,145.14,60.174,43.695
39.973,10.034,-9.7991,-16.591,22.905,0.2226,7.7899,376.15,232.23,147.98,61.181,45.718
42.312,11.039,-10.717,-18.362,25.441,0.35149,7.9529,386.88,237.08,150.37,61.88,47.497
44.547,11.903,-11.835,-20.279,28.118,0.31219,8.2014,397.46,241.82,152.45,62.281,49.071
46.694,12.561,-13.198,-22.234,30.842,0.060409,8.491,407.77,246.43,154.37,62.419,50.497
48.788,12.962,-14.84,-24.08,33.535,-0.4372,8.7748,417.73,250.81,156.16,62.332,51.834
50.859,13.09,-16.776,-25.707,36.164,-1.1912,9.0076,427.34,254.84,157.78,62.044,53.114
52.936,12.972,-19.001,-27.096,38.74,-2.181,9.1515,436.56,258.38,159.06,61.545,54.349
55.059,12.678,-21.48,-28.324,41.303,-3.354,9.1825,445.36,261.33,159.8,60.797,55.529
57.29,12.301,-24.153,-29.531,43.902,-4.6336,9.0937,453.67,263.73,159.89,59.75,56.639
59.709,11.936,-26.944,-30.872,46.58,-5.9355,8.8938,461.46,265.66,159.35,58.368,57.664
62.366,11.657,-29.778,-32.445,49.35,-7.186,8.6017,468.66,267.27,158.34,56.639,58.594
65.229,11.498,-32.578,-34.227,52.178,-8.3358,8.2402,475.25,268.66,157.01,54.576,59.414
68.18,11.449,-35.258,-36.071,54.981,-9.3625,7.8327,481.21,269.79,155.51,52.208,60.096
71.073,11.466,-37.73,-37.8,57.651,-10.266,7.4037,486.48,270.46,153.82,49.59,60.601
73.811,11.491,-39.924,-39.31,60.091,-11.062,6.9792,490.99,270.4,151.84,46.819,60.885
76.385,11.494,-41.815,-40.585,62.238,-11.761,6.5851,494.62,269.32,149.4,44.032,60.918
78.843,11.492,-43.406,-41.638,64.074,-12.365,6.2422,497.28,267.09,146.3,41.359,60.678
81.18,11.541,-44.716,-42.48,65.609,-12.861,5.9636,498.86,263.67,142.44,38.854,60.154
83.214,11.692,-45.761,-43.121,66.866,-13.232,5.7535,499.32,259.04,137.8,36.456,59.332
84.667,11.973,-46.555,-43.606,67.866,-13.463,5.6095,498.7,253.18,132.32,34.022,58.199
85.466,12.359,-47.109,-44.012,68.616,-13.557,5.5236,497.09,246.06,125.96,31.389,56.742
85.767,12.76,-47.449,-44.364,69.109,-13.549,5.482,494.63,237.79,118.66,28.444,54.941
85.695,13.02,-47.615,-44.56,69.341,-13.509,5.4639,491.43,228.64,110.48,25.152,52.753
85.211,12.96,-47.66,-44.383,69.309,-13.536,5.444,487.62,218.95,101.67,21.539,50.13
84.164,12.428,-47.643,-43.591,69.024,-13.726,5.3983,483.29,209,92.544,17.662,47.043
82.452,11.359,-47.613,-42.023,68.505,-14.146,5.311,478.55,198.89,83.327,13.608,43.511
80.148,9.7999,-47.608,-39.697,67.795,-14.804,5.1795,473.48,188.62,74.076,9.4806,39.609
77.538,7.8913,-47.661,-36.861,66.954,-15.654,5.0107,468.15,178.11,64.717,5.3696,35.446
75.022,5.8275,-47.805,-33.932,66.058,-16.611,4.8173,462.63,167.37,55.135,1.3184,31.13
72.933,3.7986,-48.069,-31.291,65.178,-17.597,4.6124,456.9,156.47,45.254,-2.6706,26.731
71.406,1.9319,-48.474,-29.105,64.363,-18.571,4.4076,450.93,145.64,35.134,-6.6118,22.291
70.343,0.25191,-49.033,-27.295,63.64,-19.546,4.2124,444.59,135.08,25.05,-10.525,17.883
69.412,-1.3134,-49.761,-25.588,63.02,-20.574,4.0366,437.74,124.96,15.509,-14.443,13.649
68.088,-2.8787,-50.668,-23.619,62.505,-21.719,3.8938,430.22,115.29,7.0549,-18.404,9.7487
65.911,-4.5312,-51.739,-21.169,62.097,-23.011,3.804,421.9,105.96,0.0037197,-22.433,6.2667
63.037,-6.2791,-52.908,-18.417,61.788,-24.419,3.7938,412.77,96.704,-5.64,-26.494,3.182
60.22,-8.0377,-54.044,-15.83,61.559,-25.855,3.8893,402.93,87.153,-10.113,-30.454,0.42913
58.025,-9.6631,-54.981,-13.742,61.363,-27.182,4.1081,392.54,76.93,-13.776,-34.105,-2.0367
56.663,-11.017,-55.554,-12.208,61.136,-28.261,4.4515,381.7,65.934,-16.96,-37.268,-4.2279
56.282,-12.024,-55.643,-11.139,60.795,-28.992,4.9035,370.4,54.651,-19.865,-39.876,-6.1454
56.815,-12.701,-55.2,-10.38,60.228,-29.353,5.4354,358.55,44.054,-22.548,-41.974,-7.7992
57.513,-13.136,-54.233,-9.7481,59.268,-29.398,6.0143,345.99,34.932,-24.968,-43.625,-9.2039
57.241,-13.448,-52.758,-9.0665,57.699,-29.199,6.6131,332.64,27.502,-27.028,-44.833,-10.361
55.421,-13.712,-50.775,-8.219,55.414,-28.783,7.2157,318.48,21.582,-28.606,-45.497,-11.246
52.147,-13.928,-48.274,-7.1801,52.461,-28.099,7.816,303.64,16.842,-29.596,-45.453,-11.812
47.814,-14.011,-45.254,-5.9999,48.92,-27.051,8.4118,288.27,12.979,-29.939,-44.574,-12.004
42.902,-13.831,-41.729,-4.7728,44.829,-25.542,8.9956,272.57,9.7599,-29.646,-42.873,-11.79
37.818,-13.259,-37.713,-3.6028,40.227,-23.521,9.5475,256.67,7.0159,-28.792,-40.514,-11.171
32.808,-12.209,-33.212,-2.5751,35.188,-20.986,10.037,240.62,4.6208,-27.487,-37.734,-10.187
27.988,-10.664,-28.248,-1.7411,29.852,-17.986,10.427,224.4,2.478,-25.834,-34.723,-8.9114
23.398,-8.6834,-22.886,-1.1202,24.422,-14.601,10.683,207.99,0.51449,-23.906,-31.574,-7.4263
19.029,-6.3853,-17.246,-0.70757,19.119,-10.925,10.785,191.38,-1.3194,-21.757,-28.308,-5.8088
14.852,-3.9196,-11.471,-0.47986,14.101,-7.0565,10.728,174.57,-3.0481,-19.456,-24.922,-4.1174
10.937,-1.4327,-5.7142,-0.39441,9.4423,-3.0978,10.522,157.62,-4.6934,-17.098,-21.415,-2.3914
7.5245,0.94987,-0.14827,-0.38573,5.1627,0.83228,10.181,140.67,-6.2795,-14.764,-17.822,-0.6676
4.7881,3.1246,5.0199,-0.37062,1.2765,4.5936,9.7092,123.92,-7.8413,-12.497,-14.239,1.0085
2.6119,5.0121,9.5821,-0.26872,-2.1959,8.0378,9.1004,107.56,-9.4227,-10.336,-10.801,2.5749
0.74086,6.5703,13.431,-0.023623,-5.2633,11.046,8.3454,91.585,-11.064,-8.3329,-7.6293,3.9673
-1.0134,7.7984,16.629,0.38626,-7.9739,13.574,7.4422,75.788,-12.788,-6.5514,-4.8023,5.1356
-2.7296,8.7157,19.332,0.95221,-10.368,15.653,6.4039,60.036,-14.593,-5.0391,-2.3442,6.0581
-4.4096,9.338,21.662,1.6468,-12.454,17.346,5.2598,44.753,-16.457,-3.8135,-0.24514,6.7417
-6.0168,9.6791,23.663,2.4367,-14.22,18.709,4.0485,30.971,-18.345,-2.8601,1.5178,7.2138
-7.5017,9.7645,25.34,3.292,-15.667,19.775,2.8105,19.561,-20.222,-2.14,2.9714,7.5088
-8.8148,9.6309,26.685,4.1834,-16.813,20.56,1.5799,10.577,-22.06,-1.6044,4.1478,7.6634
-9.9081,9.3169,27.693,5.0695,-17.684,21.068,0.38423,3.4823,-23.846,-1.2108,5.0862,7.7151
-10.735,8.8672,28.353,5.8844,-18.293,21.304,-0.75357,-2.3136,-25.586,-0.93256,5.8296,7.7012
-11.25,8.3512,28.655,6.5375,-18.645,21.286,-1.8115,-7.2097,-27.296,-0.75937,6.4193,7.6599
-11.421,7.8665,28.599,6.9323,-18.733,21.056,-2.767,-11.421,-28.993,-0.6877,6.8919,7.6283
-11.233,7.5182,28.207,6.9964,-18.553,20.67,-3.5986,-15.05,-30.671,-0.7096,7.2821,7.6395
-10.701,7.3809,27.517,6.7075,-18.11,20.181,-4.2914,-18.154,-32.296,-0.80805,7.6223,7.7164
-9.8742,7.4632,26.573,6.1081,-17.422,19.623,-4.8436,-20.778,-33.812,-0.95848,7.939,7.8668
-8.8309,7.6959,25.412,5.3012,-16.515,18.995,-5.2716,-22.978,-35.15,-1.1303,8.248,8.0821
-7.6676,7.9538,24.064,4.4257,-15.424,18.27,-5.6099,-24.818,-36.251,-1.2872,8.5577,8.3435
-6.4763,8.1008,22.554,3.6158,-14.188,17.412,-5.9081,-26.353,-37.081,-1.39,8.8769,8.6339
-5.3229,8.0374,20.908,2.9631,-12.837,16.4,-6.2255,-27.628,-37.635,-1.4076,9.2184,8.9491
-4.2342,7.7309,19.157,2.4941,-11.398,15.241,-6.6244,-28.661,-37.938,-1.3296,9.594,9.297
-3.2001,7.2173,17.347,2.1726,-9.8975,13.972,-7.1642,-29.461,-38.04,-1.1769,10.005,9.6857
-2.1905,6.5789,15.529,1.9228,-8.3713,12.653,-7.8996,-30.036,-38.006,-1.0027,10.429,10.108
-1.1791,5.9081,13.759,1.6652,-6.864,11.342,-8.881,-30.411,-37.906,-0.88412,10.821,10.532
-0.16315,5.2742,12.08,1.3512,-5.4262,10.085,-10.156,-30.634,-37.803,-0.90231,11.111,10.904
0.82705,4.7056,10.523,0.98196,-4.1078,8.8953,-11.762,-30.766,-37.737,-1.117,11.23,11.161
1.7341,4.1896,9.1065,0.60398,-2.9508,7.7663,-13.715,-30.865,-37.715,-1.5439,11.128,11.247
2.4961,3.6918,7.8389,0.28333,-1.9814,6.6827,-15.982,-30.957,-37.707,-2.1492,10.798,11.136
3.0707,3.1822,6.7248,0.072714,-1.2051,5.6417,-18.48,-31.043,-37.667,-2.8665,10.267,10.831
3.4422,2.6538,5.7709,-0.0066379,-0.61041,4.6636,-21.082,-31.1,-37.546,-3.6266,9.5844,10.361
3.6108,2.1191,4.9896,0.041623,-0.18202,3.7876,-23.658,-31.101,-37.313,-4.3835,8.7851,9.7575
3.5763,1.5957,4.4004,0.20838,0.085609,3.0565,-26.102,-31.032,-36.96,-5.1265,7.8796,9.0374
3.3316,1.0915,4.0259,0.49363,0.1825,2.5009,-28.347,-30.901,-36.496,-5.8762,6.8528,8.2017
2.8676,0.60008,3.8861,0.9079,0.088873,2.1315,-30.354,-30.732,-35.937,-6.6673,5.6806,7.242
2.1864,0.10885,3.9898,1.4613,-0.21083,1.9413,-32.086,-30.551,-35.296,-7.5256,4.3536,6.1591
1.3167,-0.38667,4.3274,2.1466,-0.71276,1.9131,-33.503,-30.37,-34.57,-8.4484,2.8959,4.9802
0.31824,-0.8728,4.8665,2.9278,-1.3848,2.026,-34.548,-30.175,-33.741,-9.3976,1.3667,3.7586
-0.72644,-1.3195,5.5539,3.742,-2.1687,2.2555,-35.156,-29.925,-32.781,-10.31,-0.15828,2.5551
-1.7313,-1.6909,6.3234,4.5154,-2.9923,2.5725,-35.267,-29.561,-31.666,-11.12,-1.6109,1.4191
-2.6279,-1.9558,7.1088,5.183,-3.7893,2.9467,-34.838,-29.024,-30.395,-11.778,-2.945,0.38304
-3.3787,-2.0937,7.8572,5.7029,-4.5147,3.352,-33.851,-28.273,-28.982,-12.269,-4.1381,-0.53198
-3.9795,-2.0966,8.534,6.0623,-5.1501,3.7696,-32.316,-27.288,-27.454,-12.602,-5.1863,-1.312
-4.4489,-1.9708,9.121,6.2718,-5.6962,4.1841,-30.27,-26.08,-25.821,-12.807,-6.0981,-1.9487
-4.8122,-1.7334,9.6106,6.3544,-6.1604,4.5817,-27.784,-24.679,-24.085,-12.92,-6.889,-2.4401
-5.0848,-1.4059,10.002,6.3322,-6.5473,4.9505,-24.958,-23.122,-22.231,-12.964,-7.5767,-2.7889
-5.2631,-1.0097,10.298,6.2175,-6.8555,5.2838,-21.909,-21.444,-20.241,-12.943,-8.1755,-3.0025
-5.326,-0.56773,10.505,6.0145,-7.0784,5.5797,-18.754,-19.675,-18.114,-12.843,-8.6947,-3.0936
-5.2501,-0.11147,10.63,5.7293,-7.2099,5.8356,-15.586,-17.843,-15.873,-12.646,-9.1391,-3.0824
-5.0298,0.31284,10.68,5.3857,-7.2521,6.0433,-12.476,-15.98,-13.562,-12.342,-9.5136,-2.9991
-4.6938,0.64527,10.665,5.0343,-7.2226,6.1881,-9.4749,-14.123,-11.23,-11.942,-9.825,-2.8802
-4.3078,0.824,10.602,4.7465,-7.155,6.2543,-6.6229,-12.31,-8.923,-11.47,-10.08,-2.7577
-3.9596,0.80494,10.511,4.5947,-7.0923,6.2335,-3.9509,-10.572,-6.6719,-10.956,-10.283,-2.6462
-3.7345,0.57961,10.412,4.6266,-7.0748,6.1319,-1.4745,-8.9307,-4.4886,-10.427,-10.43,-2.5384
-3.6914,0.18044,10.324,4.8496,-7.1282,5.9699,0.80601,-7.3908,-2.367,-9.8989,-10.517,-2.4142
-3.851,-0.33044,10.256,5.2305,-7.2574,5.7746,2.8966,-5.9475,-0.28843,-9.3751,-10.544,-2.2587
-4.1969,-0.88218,10.207,5.7112,-7.4486,5.5684,4.7996,-4.593,1.7709,-8.8557,-10.521,-2.0737
-4.6887,-1.4153,10.168,6.2303,-7.678,5.3627,6.5103,-3.3215,3.8364,-8.3363,-10.462,-1.8762
-5.2766,-1.8939,10.132,6.7413,-7.9232,5.1584,8.0193,-2.1301,5.9361,-7.8063,-10.379,-1.6835
-5.9143,-2.3077,10.097,7.2198,-8.1691,4.952,9.3188,-1.0158,8.1001,-7.244,-10.271,-1.4984
-6.5625,-2.6674,10.065,7.6611,-8.4075,4.7403,10.405,0.025047,10.368,-6.6202,-10.12,-1.3055
-7.1863,-2.9946,10.039,8.0697,-8.6302,4.5207,11.276,0.99449,12.782,-5.9065,-9.9036,-1.0799
-7.7507,-3.309,10.01,8.4482,-8.8244,4.2908,11.934,1.8894,15.379,-5.09,-9.5991,-0.80088
-8.2189,-3.617,9.9655,8.7895,-8.972,4.0508,12.389,2.7022,18.177,-4.1801,-9.1961,-0.45773
-8.5544,-3.9056,9.8898,9.0747,-9.0525,3.8073,12.662,3.4263,21.159,-3.2047,-8.6976,-0.047667
-8.7293,-4.1474,9.7723,9.2774,-9.049,3.5737,12.787,4.0604,24.274,-2.2006,-8.115,0.43046
-8.7314,-4.3154,9.6099,9.3743,-8.9541,3.3629,12.807,4.6091,27.437,-1.2036,-7.4626,0.97946
-8.5687,-4.4001,9.4026,9.3556,-8.772,3.1773,12.765,5.0769,30.552,-0.24158,-6.7523,1.6028
-8.2656,-4.4163,9.1462,9.2296,-8.5126,3.0001,12.69,5.461,33.531,0.66914,-5.9963,2.3012
-7.8542,-4.3997,8.8249,9.0192,-8.1821,2.7954,12.596,5.7448,36.301,1.5213,-5.2137,3.0685
-7.3659,-4.3962,8.4111,8.7539,-7.7777,2.5152,12.468,5.8964,38.786,2.306,-4.4366,3.8881
-6.8283,-4.4487,7.8741,8.4625,-7.2919,2.1133,12.274,5.875,40.89,3.0008,-3.7105,4.7302
-6.2674,-4.5872,7.1942,8.1676,-6.722,1.5608,11.971,5.6437,42.505,3.5683,-3.084,5.5529
-5.7099,-4.8209,6.3733,7.8842,-6.0781,0.85771,11.52,5.1825,43.552,3.9678,-2.5944,6.3125
-5.1832,-5.1349,5.4373,7.6217,-5.3826,0.03658,10.891,4.4964,44.035,4.1726,-2.2574,6.9782
-4.7126,-5.4935,4.4299,7.3898,-4.6634,-0.8417,10.066,3.6154,44.073,4.1868,-2.0662,7.5443
-4.3172,-5.8532,3.4031,7.2034,-3.9453,-1.7023,9.0297,2.588,43.876,4.0478,-1.9979,8.03
-4.0057,-6.1867,2.407,7.0827,-3.2426,-2.4794,7.7667,1.471,43.691,3.8214,-2.0218,8.4698
-3.773,-6.5,1.4777,7.046,-2.5565,-3.1384,6.2625,0.31759,43.735,3.5857,-2.1061,8.9011
-3.5977,-6.8277,0.63078,7.0978,-1.8785,-3.6838,4.507,-0.83499,44.143,3.41,-2.224,9.3536
-3.4422,-7.2047,-0.13709,7.2179,-1.1993,-4.1486,2.4973,-1.9731,44.951,3.3368,-2.3575,9.8435
-3.2567,-7.6308,-0.83694,7.3565,-0.51763,-4.5675,0.23947,-3.1047,46.098,3.3749,-2.4934,10.376
-2.9857,-8.0437,-1.4721,7.4322,0.15604,-4.9493,-2.248,-4.2476,47.469,3.5098,-2.6187,10.953
-2.5737,-8.3142,-2.0268,7.3312,0.80076,-5.26,-4.9264,-5.4111,48.95,3.7279,-2.7122,11.586
-1.9693,-8.2728,-2.4638,6.9268,1.3918,-5.4254,-7.7262,-6.5826,50.495,4.0395,-2.74,12.305
-1.1367,-7.7593,-2.7343,6.119,1.9085,-5.352,-10.542,-7.7239,52.158,4.4864,-2.6573,13.162
-0.070783,-6.6717,-2.795,4.8671,2.3413,-4.9567,-13.244,-8.7788,54.095,5.1336,-2.417,14.217
1.1875,-5.0018,-2.6246,3.204,2.693,-4.1941,-15.702,-9.686,56.517,6.0516,-1.9793,15.527
2.5471,-2.8509,-2.2306,1.2354,2.9741,-3.0728,-17.808,-10.393,59.626,7.2999,-1.3201,17.131
3.8792,-0.40856,-1.6434,-0.87981,3.1934,-1.6529,-19.494,-10.866,63.522,8.9132,-0.42882,19.041
5.0493,2.1152,-0.90161,-2.9688,3.3513,-0.020932,-20.717,-11.09,68.14,10.894,0.69765,21.237
5.9623,4.5704,-0.038236,-4.8911,3.4397,1.7469,-21.452,-11.067,73.239,13.209,2.0606,23.676
6.5935,6.8966,0.92589,-6.5775,3.4483,3.6076,-21.693,-10.804,78.505,15.793,3.6582,26.297
6.9904,9.0947,1.9783,-8.0462,3.3717,5.5409,-21.46,-10.312,83.679,18.554,5.4771,29.045
7.2557,11.206,3.1041,-9.387,3.216,7.5234,-20.792,-9.6071,88.634,21.381,7.4816,31.876
7.5233,13.308,4.2749,-10.717,3.0016,9.5149,-19.745,-8.7161,93.36,24.153,9.6053,34.744
7.9153,15.478,5.4449,-12.139,2.7601,11.461,-18.386,-7.6879,97.89,26.74,11.749,37.578
8.488,17.716,6.5553,-13.687,2.5252,13.289,-16.791,-6.5913,102.24,29.016,13.794,40.257
9.1955,19.905,7.5435,-15.271,2.32,14.911,-15.041,-5.5023,106.39,30.886,15.622,42.624
9.9026,21.855,8.3543,-16.69,2.1495,16.231,-13.209,-4.4858,110.26,32.313,17.147,44.507
10.445,23.378,8.9516,-17.709,2.002,17.174,-11.349,-3.5792,113.82,33.329,18.326,45.768
10.706,24.356,9.3273,-18.182,1.8595,17.712,-9.4904,-2.7862,117,34.019,19.164,46.331
10.659,24.762,9.5,-18.132,1.7096,17.869,-7.6468,-2.0837,119.81,34.471,19.691,46.199
10.346,24.65,9.503,-17.696,1.5527,17.704,-5.826,-1.4382,122.27,34.734,19.944,45.431
9.8436,24.122,9.3672,-17.031,1.3996,17.28,-4.0418,-0.82679,124.4,34.785,19.941,44.105
9.2208,23.284,9.1063,-16.256,1.2657,16.642,-2.3141,-0.25004,126.18,34.547,19.68,42.269
8.5328,22.201,8.7131,-15.434,1.1654,15.8,-0.66296,0.26589,127.58,33.927,19.143,39.924
7.8083,20.874,8.1676,-14.542,1.1059,14.733,0.89567,0.67828,128.55,32.884,18.305,37.033
7.0421,19.261,7.4546,-13.472,1.0832,13.414,2.3504,0.94202,129.07,31.464,17.151,33.54
6.1986,17.309,6.5793,-12.09,1.0791,11.827,3.6953,1.0235,129.15,29.784,15.689,29.406
5.2414,15.004,5.5717,-10.345,1.0664,9.9937,4.9318,0.91059,128.86,27.967,13.955,24.689
4.1746,12.397,4.4832,-8.3263,1.0173,7.9713,6.0693,0.61646,128.33,26.093,12.015,19.608
3.0509,9.6071,3.3708,-6.2158,0.91727,5.8443,7.1203,0.17467,127.66,24.201,9.9516,14.499
1.9454,6.7834,2.2816,-4.1803,0.77395,3.7054,8.0922,-0.37219,126.95,22.301,7.8473,9.6572
0.9264,4.0439,1.2421,-2.3085,0.61751,1.6352,8.9805,-0.98649,126.27,20.385,5.7665,5.2446
0.033937,1.4513,0.25524,-0.6124,0.48635,-0.31264,9.7674,-1.6459,125.6,18.438,3.7505,1.3015
-0.73566,-0.97401,-0.68627,0.95096,0.40813,-2.1149,10.424,-2.3448,124.88,16.451,1.8243,-2.2133
-1.4342,-3.2407,-1.5842,2.4515,0.38181,-3.7697,10.917,-3.0878,123.96,14.444,0.0063014,-5.3932
-2.1439,-5.3757,-2.4273,3.9547,0.37763,-5.2831,11.219,-3.8806,122.64,12.468,-1.6849,-8.3359
-2.9378,-7.4017,-3.1909,5.4896,0.35297,-6.6553,11.31,-4.724,120.7,10.589,-3.2304,-11.077
-3.8395,-9.3044,-3.8482,7.026,0.27558,-7.8751,11.181,-5.6144,117.91,8.8649,-4.6137,-13.556
-4.8046,-11.014,-4.3786,8.4727,0.13946,-8.9177,10.832,-6.5454,114.13,7.3271,-5.8233,-15.671
-5.7342,-12.422,-4.7711,9.7026,-0.035475,-9.749,10.265,-7.512,109.32,5.9739,-6.8544,-17.35
-6.5124,-13.421,-5.0241,10.595,-0.21828,-10.342,9.4885,-8.515,103.56,4.7778,-7.7146,-18.589
-7.0505,-13.96,-5.1437,11.074,-0.38646,-10.691,8.5068,-9.5633,97.02,3.6962,-8.4264,-19.439
-7.3175,-14.065,-5.1398,11.14,-0.53954,-10.819,7.3262,-10.673,89.88,2.6842,-9.0269,-19.979
-7.3493,-13.831,-5.0201,10.867,-0.70063,-10.767,5.952,-11.862,82.274,1.7089,-9.5595,-20.296
-7.2313,-13.384,-4.7871,10.378,-0.90564,-10.58,4.3893,-13.136,74.322,0.76437,-10.058,-20.452
-7.0641,-12.836,-4.4409,9.8041,-1.184,-10.29,2.6464,-14.478,66.054,-0.12182,-10.536,-20.485
-6.9239,-12.252,-3.9873,9.2427,-1.542,-9.9113,0.74368,-15.844,57.295,-0.89652,-10.98,-20.401
-6.8466,-11.65,-3.4426,8.7436,-1.9532,-9.4419,-1.2753,-17.171,47.691,-1.5052,-11.36,-20.186
-6.8403,-11.026,-2.8355,8.332,-2.3743,-8.8817,-3.3408,-18.394,36.976,-1.9192,-11.642,-19.827
-6.914,-10.393,-2.1963,8.0358,-2.771,-8.2425,-5.3698,-19.467,25.289,-2.1506,-11.81,-19.333
-7.0926,-9.7887,-1.5452,7.8858,-3.1393,-7.5516,-7.2859,-20.379,13.324,-2.2501,-11.869,-18.743
-7.4089,-9.2585,-0.88694,7.9023,-3.505,-6.8432,-9.0308,-21.15,2.0619,-2.2922,-11.841,-18.118
-7.8817,-8.8365,-0.21674,8.0838,-3.9066,-6.1462,-10.567,-21.817,-7.7772,-2.3545,-11.756,-17.526
-8.4864,-8.5222,0.47276,8.3921,-4.369,-5.4724,-11.873,-22.418,-16.056,-2.498,-11.64,-17.019
-9.1362,-8.2612,1.1803,8.7368,-4.8828,-4.8115,-12.938,-22.975,-23.12,-2.7511,-11.503,-16.623
-9.6975,-7.9518,1.8909,8.9869,-5.3984,-4.1365,-13.753,-23.485,-29.432,-3.1039,-11.335,-16.335
-10.04,-7.4826,2.5792,9.0169,-5.8457,-3.4188,-14.31,-23.923,-35.327,-3.5153,-11.109,-16.129
-10.09,-6.7831,3.2171,8.7561,-6.1673,-2.645,-14.602,-24.253,-40.954,-3.9428,-10.796,-15.969
-9.8582,-5.8531,3.7838,8.2133,-6.3436,-1.8252,-14.62,-24.44,-46.346,-4.3625,-10.373,-15.825
-9.421,-4.759,4.2693,7.4682,-6.3929,-0.99069,-14.361,-24.463,-51.502,-4.7789,-9.8392,-15.677
-8.8798,-3.5999,4.6719,6.634,-6.3518,-0.18389,-13.832,-24.319,-56.364,-5.2198,-9.2106,-15.513
-8.3184,-2.4618,4.9964,5.8085,-6.2511,0.56415,-13.052,-24.025,-60.859,-5.7198,-8.5139,-15.335
-7.7685,-1.3759,5.2533,5.032,-6.1002,1.2524,-12.052,-23.604,-64.903,-6.2997,-7.7724,-15.139
-7.1984,-0.30465,5.4592,4.2721,-5.8861,1.9147,-10.87,-23.08,-68.463,-6.9501,-6.9933,-14.914
-6.5346,0.83057,5.6345,3.4437,-5.5863,2.6054,-9.5525,-22.465,-71.51,-7.6267,-6.1632,-14.636
-5.7055,2.1009,5.7994,2.4537,-5.1867,3.3722,-8.1471,-21.761,-73.995,-8.2649,-5.2556,-14.285
-4.6848,3.5251,5.9683,1.2545,-4.6957,4.2303,-6.6923,-20.969,-75.874,-8.7923,-4.248,-13.847
-3.5101,5.0534,6.1472,-0.12465,-4.1457,5.1537,-5.2109,-20.095,-77.148,-9.1634,-3.1372,-13.32
-2.2692,6.5887,6.3332,-1.5861,-3.5866,6.0863,-3.7086,-19.159,-77.893,-9.3694,-1.9427,-12.719
-1.0707,8.038,6.5223,-3.0126,-3.0654,6.9714,-2.1764,-18.189,-78.245,-9.4322,-0.69766,-12.058
-0.0015103,9.37,6.7115,-4.3288,-2.6073,7.7845,-0.59331,-17.214,-78.348,-9.385,0.56634,-11.332
0.90879,10.634,6.9006,-5.5358,-2.2071,8.5461,1.0658,-16.253,-78.303,-9.2535,1.832,-10.515
1.69,11.926,7.0898,-6.7024,-1.8371,9.3061,2.8205,-15.308,-78.137,-9.045,3.0937,-9.5693
2.4023,13.325,7.2753,-7.9179,-1.4653,10.109,4.68,-14.371,-77.841,-8.7466,4.3581,-8.468
3.0995,14.843,7.4461,-9.2377,-1.0726,10.962,6.6437,-13.431,-77.368,-8.3323,5.6339,-7.2122
3.8023,16.412,7.5871,-10.648,-0.66226,11.827,8.7019,-12.481,-76.659,-7.7787,6.9249,-5.8384
4.4882,17.902,7.6837,-12.06,-0.25604,12.636,10.833,-11.523,-75.708,-7.0718,8.2256,-4.4091
5.106,19.179,7.7253,-13.334,0.12078,13.317,13.003,-10.569,-74.58,-6.2209,9.5194,-2.9955
5.6114,20.157,7.7035,-14.343,0.45666,13.818,15.168,-9.64,-73.406,-5.2582,10.778,-1.6624
6.0041,20.818,7.6088,-15.036,0.7612,14.118,17.279,-8.7604,-72.347,-4.2395,11.961,-0.45923
6.3306,21.204,7.4327,-15.461,1.0576,14.22,19.287,-7.9532,-71.525,-3.2377,13.017,0.58105
6.6537,21.382,7.1726,-15.717,1.3662,14.144,21.138,-7.2474,-71.053,-2.3304,13.891,1.4404
7.0098,21.413,6.8376,-15.899,1.6911,13.923,22.777,-6.6672,-70.966,-1.5858,14.542,2.1119
7.3861,21.326,6.4474,-16.053,2.0169,13.589,24.158,-6.2274,-71.257,-1.0491,14.945,2.5949
7.7246,21.116,6.0267,-16.156,2.3152,13.167,25.25,-5.9325,-71.829,-0.73568,15.105,2.8917
7.9439,20.748,5.5965,-16.133,2.5559,12.668,26.046,-5.7826,-72.578,-0.63416,15.04,3.0044
7.9662,20.175,5.1661,-15.878,2.7165,12.081,26.547,-5.7827,-73.464,-0.71952,14.77,2.9317
7.7416,19.352,4.7315,-15.305,2.786,11.377,26.757,-5.9504,-74.555,-0.9812,14.305,2.6684
7.2627,18.256,4.2808,-14.382,2.7633,10.521,26.665,-6.3152,-76.028,-1.4255,13.64,2.2062
6.5638,16.899,3.803,-13.151,2.6539,9.4896,26.256,-6.9097,-78.101,-2.0761,12.759,1.5378
5.704,15.322,3.2976,-11.706,2.4644,8.2917,25.516,-7.7557,-80.947,-2.9603,11.646,0.66114
4.7434,13.585,2.7784,-10.152,2.1977,6.9635,24.453,-8.8547,-84.603,-4.0936,10.291,-0.41965
3.7239,11.741,2.2714,-8.5643,1.8511,5.557,23.092,-10.187,-88.934,-5.4702,8.696,-1.6951
2.6607,9.8206,1.8075,-6.9907,1.4186,4.1241,21.475,-11.719,-93.657,-7.0619,6.8802,-3.1512
1.5383,7.8217,1.4086,-5.4415,0.89842,2.7049,19.645,-13.415,-98.391,-8.8243,4.8799,-4.7677
0.31661,5.7082,1.0751,-3.8696,0.30053,1.315,17.648,-15.241,-102.86,-10.706,2.7451,-6.5168
-1.0461,3.4271,0.77948,-2.1737,-0.35073,-0.061183,15.526,-17.165,-106.92,-12.656,0.52892,-8.3631
-2.5704,0.93285,0.47705,-0.24719,-1.0208,-1.4612,13.321,-19.164,-110.55,-14.635,-1.7214,-10.263
-4.2482,-1.7854,0.12903,1.9586,-1.6767,-2.9177,11.076,-21.222,-113.81,-16.616,-3.9661,-12.161
-6.0449,-4.6791,-0.27291,4.3969,-2.3009,-4.4292,8.8389,-23.326,-116.78,-18.583,-6.1683,-13.995
-7.9006,-7.6294,-0.69577,6.9323,-2.8991,-5.9449,6.6553,-25.458,-119.49,-20.524,-8.2886,-15.706
-9.7351,-10.461,-1.0747,9.3787,-3.4956,-7.374,4.5703,-27.599,-121.94,-22.435,-10.286,-17.248
-11.46,-12.984,-1.3389,11.547,-4.1195,-8.6156,2.6201,-29.712,-124.07,-24.305,-12.123,-18.594
-12.998,-15.048,-1.4397,13.29,-4.7908,-9.5965,0.82698,-31.75,-125.84,-26.114,-13.774,-19.744
-14.302,-16.593,-1.3692,14.541,-5.5129,-10.297,-0.80504,-33.668,-127.19,-27.833,-15.232,-20.727
-15.37,-17.664,-1.1593,15.324,-6.2699,-10.754,-2.2903,-35.435,-128.14,-29.426,-16.509,-21.594
-16.237,-18.371,-0.86748,15.746,-7.0275,-11.038,-3.6558,-37.042,-128.73,-30.858,-17.627,-22.401
-16.96,-18.836,-0.55377,15.955,-7.7378,-11.217,-4.9311,-38.493,-128.99,-32.104,-18.602,-23.19
-17.587,-19.136,-0.25806,16.088,-8.3525,-11.321,-6.1366,-39.793,-128.94,-33.148,-19.433,-23.971
-18.151,-19.291,0.014527,16.22,-8.8417,-11.332,-7.275,-40.935,-128.59,-33.985,-20.102,-24.716
-18.658,-19.275,0.29311,16.359,-9.2065,-11.195,-8.3343,-41.902,-127.91,-34.624,-20.582,-25.372
-19.079,-19.054,0.62304,16.47,-9.475,-10.859,-9.3014,-42.682,-126.88,-35.085,-20.865,-25.888
-19.373,-18.621,1.0381,16.526,-9.6861,-10.311,-10.178,-43.276,-125.51,-35.407,-20.975,-26.242
-19.52,-18.022,1.538,16.529,-9.8748,-9.5981,-10.988,-43.712,-123.83,-35.64,-20.968,-26.453
-19.546,-17.355,2.0852,16.499,-10.066,-8.8177,-11.765,-44.041,-121.91,-35.833,-20.919,-26.577
-19.526,-16.739,2.6231,16.445,-10.276,-8.0856,-12.541,-44.313,-119.84,-36.024,-20.897,-26.683
-19.529,-16.261,3.1044,16.345,-10.516,-7.494,-13.33,-44.577,-117.74,-36.227,-20.949,-26.829
-19.546,-15.929,3.5129,16.151,-10.785,-7.0734,-14.124,-44.854,-115.66,-36.426,-21.082,-27.036
-19.483,-15.657,3.8678,15.801,-11.071,-6.7781,-14.896,-45.135,-113.65,-36.589,-21.269,-27.28
-19.192,-15.293,4.2151,15.231,-11.344,-6.5034,-15.604,-45.382,-111.68,-36.681,-21.457,-27.506
-18.592,-14.692,4.6122,14.426,-11.577,-6.125,-16.2,-45.552,-109.67,-36.684,-21.591,-27.661
-17.782,-13.788,5.1115,13.467,-11.766,-5.5451,-16.645,-45.611,-107.53,-36.607,-21.637,-27.715
-17.032,-12.644,5.7459,12.545,-11.941,-4.7264,-16.92,-45.555,-105.22,-36.486,-21.602,-27.682
-16.614,-11.421,6.5219,11.891,-12.149,-3.7011,-17.039,-45.41,-102.71,-36.374,-21.517,-27.612
-16.625,-10.304,7.4214,11.657,-12.425,-2.5476,-17.037,-45.218,-100.02,-36.31,-21.42,-27.565
-16.963,-9.389,8.4165,11.839,-12.78,-1.3436,-16.96,-45.021,-97.163,-36.299,-21.326,-27.577
-17.413,-8.6236,9.4872,12.264,-13.193,-0.11986,-16.849,-44.84,-94.175,-36.304,-21.215,-27.646
-17.773,-7.8151,10.632,12.636,-13.629,1.1564,-16.729,-44.667,-91.067,-36.26,-21.036,-27.715
-17.877,-6.7234,11.863,12.635,-14.057,2.5565,-16.612,-44.478,-87.862,-36.104,-20.735,-27.705
-17.584,-5.1679,13.185,12.03,-14.456,4.1395,-16.509,-44.245,-84.605,-35.813,-20.283,-27.552
-16.815,-3.0987,14.572,10.751,-14.812,5.9106,-16.437,-43.95,-81.358,-35.416,-19.687,-27.233
-15.6,-0.6127,15.963,8.9,-15.104,7.8075,-16.422,-43.583,-78.175,-34.98,-18.99,-26.77
-14.086,2.0745,17.263,6.7115,-15.3,9.7146,-16.49,-43.144,-75.073,-34.573,-18.247,-26.219
-12.503,4.6919,18.373,4.4924,-15.366,11.497,-16.653,-42.624,-72.024,-34.233,-17.506,-25.636
-11.084,6.9971,19.21,2.5373,-15.281,13.04,-16.904,-42.007,-68.967,-33.954,-16.792,-25.065
-9.9646,8.8472,19.741,1.049,-15.04,14.277,-17.218,-41.271,-65.839,-33.691,-16.103,-24.517
-9.1507,10.218,19.983,0.095038,-14.653,15.198,-17.559,-40.391,-62.608,-33.386,-15.424,-23.973
-8.5637,11.171,19.994,-0.39174,-14.155,15.83,-17.887,-39.357,-59.298,-32.992,-14.738,-23.386
-8.1181,11.811,19.858,-0.58668,-13.602,16.229,-18.169,-38.186,-55.984,-32.492,-14.041,-22.699
-7.759,12.256,19.682,-0.69891,-13.074,16.468,-18.377,-36.942,-52.762,-31.894,-13.333,-21.863
-7.4298,12.606,19.605,-0.87971,-12.676,16.649,-18.497,-35.73,-49.704,-31.21,-12.615,-20.847
-7.0645,12.935,19.818,-1.1911,-12.537,16.923,-18.511,-34.685,-46.826,-30.423,-11.863,-19.626
-6.6602,13.332,20.595,-1.6101,-12.817,17.517,-18.39,-33.931,-44.052,-29.444,-11.014,-18.157
-6.3148,13.933,22.343,-2.069,-13.724,18.764,-18.084,-33.527,-41.21,-28.094,-9.9617,-16.353
-6.1803,14.933,25.528,-2.5224,-15.566,21.176,-17.528,-33.398,-38.029,-26.135,-8.5499,-14.095
-6.4078,16.676,27.874,-2.9731,-18.422,24.795,-16.652,-33.287,-34.178,-23.389,-6.575,-11.31
-7.1181,17.457,24.719,-3.4568,-19.334,24.616,-15.405,-32.734,-29.37,-20.242,-4.188,-8.2168
-8.3843,13.784,22.182,-4.0117,-18.25,22.547,-13.777,-31.14,-23.826,-21.961,-5.4714,-6.6103
-10.177,10.167,21.479,-4.2011,-18.783,21.038,-11.814,-27.944,-22.026,-27.205,-7.4379,-9.0015
-12.284,8.8338,23.914,-1.5587,-21.415,21.546,-9.6254,-23.038,-39.641,-27.876,-7.1069,-8.9074
-14.345,11.696,30.375,3.2701,-26.187,25.469,-7.3741,-19.078,-46.487,-28.146,-5.384,-6.3015
-16.187,20.24,41.618,4.5816,-34.019,33.796,-5.2784,-37.258,-46.485,-26.651,-1.389,-1.7441
-20.69,35.162,59.743,1.3871,-46.781,47.604,-3.6545,-61.08,-43.003,-21.053,6.1197,5.9322
-37.42,56.487,87.541,-6.0267,-64.846,68.851,-2.9391,-65.853,-32.224,-8.3112,18.883,17.749
-43.875,83.668,123.86,-17.146,-86.241,99.672,-3.4614,-67.022,-10.663,14.668,38.372,33.827
-48.107,115.2,163.01,-31.12,-108.69,137.17,-0.36288,-63.749,23.475,50.412,65.816,54.079
-50.579,148.41,201.37,-47.161,-129.72,173.92,3.8814,-47.005,72.295,100.71,102.31,78.253
-50.114,180.05,235.3,-64.827,-146.74,206.86,9.5016,-7.8962,138.28,166.91,148.11,106.35
-44.582,208.29,260.81,-83.588,-156.91,233.69,16.503,55.513,223.13,249.14,203.29,138.98
-31.631,232.59,274.67,-103.09,-157.4,252.72,23.052,139.23,325.78,345.55,268.04,176.95
-9.4517,252.52,274.25,-123.54,-145.77,262.03,25.757,233.51,438.77,455.33,343.3,221.09
23.461,267.73,257.35,-145.39,-120.25,259.99,20.345,322.09,551.31,576.44,429.39,272.69
68.709,279.6,222.82,-170.68,-79.901,246.65,0.71795,384.64,653.41,703.31,526.23,332.31
126.49,288.81,171.14,-201.81,-24.643,224.49,-41.031,401.87,736.49,828.58,631.98,399.34
194.95,294.15,104.75,-238.02,44.069,194.88,-109.44,359.09,793.18,946.12,743.15,473.32
271.74,296.72,28.734,-278.37,122.05,159.82,-196.26,248.87,816.87,1049.9,855.18,553.03
354.15,300.89,-49.666,-323.09,203.9,124.54,-297.28,74.6,802.78,1132.7,962.61,636.74
439,311.08,-122.87,-372.64,283.77,95.099,-406.26,-151.8,747.86,1186.7,1059.4,722.05
522.68,331.87,-183.18,-426.45,355.82,76.428,-514.92,-412.36,650.65,1203.5,1138.7,805.57
601.01,364.59,-225.21,-482.98,415.76,71.34,-614.98,-686.82,511.82,1175.9,1193.3,882.28
669.6,406.74,-248.99,-539,461.74,79.24,-699.83,-955.63,335.28,1099,1215.2,945.29
724.65,450.72,-260.7,-588.77,494.64,93.924,-765.19,-1202.6,127.84,971.66,1197.5,986.17
763.35,482.97,-270.95,-624.28,518.25,103.48,-807.9,-1418.6,-102.52,796.84,1134.7,996.07
783.69,487.77,-291.88,-636.91,537.96,94.506,-828.06,-1602.7,-348.49,581.54,1025.3,967.88
784.18,452.97,-332.72,-620.03,558.11,57.123,-830.6,-1759.4,-603.62,336.26,873,899.08
764.53,374.67,-395.39,-571.7,579.63,-11.524,-820.89,-1894,-861.03,74.078,687.81,794
726.05,259.51,-472.83,-495.83,599.43,-105.8,-802.15,-2010.7,-1112.1,-190.75,483.98,663.38
671.03,122.64,-551.3,-400.75,611.59,-212.8,-775.99,-2109.6,-1346.1,-444.13,277.16,521
602.86,-17.565,-617.11,-296.79,610.34,-316.25,-743.77,-2185.3,-1550.2,-672.99,81.546,379.88
526.52,-144.9,-662.01,-194.18,593.56,-402.2,-707.64,-2228.5,-1710.7,-865.62,-91.64,249.99
447.63,-248.4,-682.41,-101.45,562.92,-462.9,-670.25,-2229.1,-1814.6,-1012.3,-234.54,137.73
371.1,-322.85,-678.07,-24.241,521.66,-496.61,-633.68,-2180.5,-1853.7,-1106.3,-342.75,46.137
301.03,-367.76,-651.74,34.753,473.52,-505.35,-598.74,-2082.6,-1827.1,-1146,-416.07,-25.01
239.63,-385.97,-607.53,75.221,421.54,-492.94,-564.51,-1940.5,-1741.5,-1136.2,-459.12,-79.586
186.81,-382.26,-549.79,99.663,367.42,-463.78,-528.06,-1762.7,-1609.6,-1087.5,-478.15,-121.99
141.23,-362.45,-483.26,112.39,312.3,-422.57,-485.33,-1559.9,-1447,-1011.6,-478.55,-152.53
101.65,-332.49,-413.03,116.94,258,-374.11,-433.46,-1345,-1268.6,-918.98,-464.73,-172.69
68.733,-297.04,-344.37,115.68,207.27,-323.21,-373.47,-1131.8,-1087.1,-817.54,-439.67,-183.84
43.907,-259.47,-281.54,109.27,162.65,-273.75,-310.56,-931.54,-911.82,-712.69,-404.96,-185.34
27.297,-221.28,-226.19,97.952,125.77,-227.14,-250.96,-752.07,-749.67,-608.12,-361.6,-176.11
17.882,-182.61,-179.05,83.272,97.564,-183.36,-198.54,-597.7,-605.53,-507.11,-311.5,-157.05
14.02,-145.43,-140.91,67.07,77.509,-144.37,-155.33,-469.62,-482.03,-413.77,-258.74,-132.17
13.951,-113.77,-111.19,51.018,63.12,-112.94,-122.11,-366.47,-379.22,-332.36,-208.9,-106.67
15.658,-89.385,-89.057,37.194,52.6,-89.741,-97.618,-283.17,-295.33,-264.33,-165.65,-83.693
17.916,-71.777,-73.351,27.617,45.193,-73.314,-78.59,-213.98,-226.84,-208.88,-129.12,-64.272
20.489,-60.043,-62.343,21.206,40.186,-61.916,-61.687,-154.34,-170.08,-164.92,-100.52,-49.277
19.176,-53.113,-55.044,16.919,37.125,-54.606,-45.558,-101.73,-121.77,-130.2,-80.231,-38.621
16.834,-49.667,-50.88,14.219,37.685,-50.754,-31.013,-55.787,-80.514,-102.4,-66.519,-31.413
15.772,-48.202,-49.188,12.639,45.173,-49.379,-19.017,-17.657,-46.609,-80.218,-57.823,-26.792
15.437,-47.235,-50.981,11.523,46.57,-49.059,-9.9829,11.728,-20.072,-62.73,-52.453,-24.106
15.457,-45.201,-53.167,10.031,42.3,-48.452,-4.8487,33.227,-0.080962,-48.646,-48.505,-22.677
15.568,-40.224,-49.23,8.514,36.889,-45.405,-5.14,49.149,13.979,-36.672,-44.31,-20.893
15.556,-33.773,-42.88,7.2176,32.2,-39.354,-6.2598,60.579,22.668,-26.482,-39.175,-16.698
15.315,-29.11,-36.786,6.044,28.288,-33.883,-5.1071,64.286,25.986,-18.964,-34.262,-12.491
14.874,-25.735,-31.434,4.9146,24.931,-29.703,-3.4611,65.839,28.136,-15.157,-29.073,-9.1416
14.356,-22.765,-26.747,3.781,22.016,-26.16,-2.2212,73.341,34.394,-13.649,-24.146,-6.4684
13.882,-19.847,-22.519,2.6082,19.471,-22.801,-1.5477,84.858,43.555,-10.87,-20.327,-4.2965
13.51,-16.846,-18.513,1.377,17.196,-19.405,-1.3817,96.527,53.57,-7.065,-17.318,-2.4591
13.227,-13.694,-14.536,0.089131,15.066,-15.869,-1.6086,106.33,63.204,-3.1218,-14.768,-0.80866
12.969,-10.381,-10.508,-1.2282,12.99,-12.178,-2.0998,114.01,71.942,0.82086,-12.444,0.76599
12.648,-6.982,-6.4812,-2.5226,10.937,-8.3999,-2.7233,120.01,79.64,4.8333,-10.22,2.3328
12.182,-3.6525,-2.6003,-3.7233,8.9319,-4.6652,-3.3538,124.86,86.293,8.9665,-8.0484,3.9211
11.536,-0.57629,0.97431,-4.7614,7.0251,-1.1348,-3.882,129.01,91.971,13.188,-5.9302,5.5363
10.753,2.1104,4.1348,-5.5962,5.26,2.0346,-4.219,132.79,96.822,17.374,-3.8874,7.1787
9.9465,4.3498,6.8481,-6.2275,3.6637,4.7355,-4.2952,136.45,101.05,21.364,-1.9443,8.8539
9.2328,6.131,9.1253,-6.6786,2.2535,6.9269,-4.0596,140.14,104.92,25.054,-0.11772,10.572
8.6672,7.4409,10.978,-6.9655,1.0454,8.6041,-3.4832,143.97,108.63,28.474,1.5861,12.33
8.2325,8.242,12.402,-7.0761,0.053399,9.7626,-2.5605,147.97,112.37,31.763,3.1689,14.096
7.8559,8.4791,13.382,-6.9631,-0.7207,10.391,-1.3083,152.12,116.17,35.089,4.6328,15.793
7.4324,8.1025,13.924,-6.5569,-1.2986,10.489,0.24176,156.37,119.96,38.585,5.9737,17.322
6.858,7.1001,14.062,-5.7986,-1.7246,10.084,2.0519,160.65,123.63,42.31,7.1777,18.605
6.0708,5.5244,13.86,-4.6782,-2.0474,9.2395,4.0858,164.93,127.06,46.207,8.2229,19.611
5.0833,3.5018,13.385,-3.2568,-2.2957,8.0471,6.3137,169.17,130.14,50.07,9.0877,20.356
3.9859,1.2117,12.692,-1.6566,-2.4634,6.6103,8.713,173.4,132.82,53.595,9.7607,20.869
2.9182,-1.1601,11.814,-0.022918,-2.5151,5.0249,11.262,177.66,135.14,56.545,10.249,21.161
2.0235,-3.4685,10.77,1.5183,-2.4075,3.362,13.931,181.99,137.21,58.898,10.579,21.223
1.4065,-5.6384,9.5761,2.8884,-2.1128,1.6595,16.68,186.41,139.17,60.839,10.794,21.044
1.1073,-7.6666,8.2538,4.0602,-1.6339,-0.072785,19.46,190.91,141.17,62.636,10.938,20.625
1.0949,-9.5956,6.8379,5.0462,-1.0066,-1.8346,22.223,195.42,143.28,64.516,11.048,19.975
1.2825,-11.463,5.3768,5.8748,-0.29112,-3.6101,24.925,199.89,145.5,66.588,11.148,19.116
1.5603,-13.252,3.9315,6.5665,0.44189,-5.3513,27.525,204.29,147.78,68.823,11.257,18.09
1.8411,-14.884,2.5674,7.1196,1.129,-6.9842,29.996,208.58,150.04,71.087,11.39,16.959
2.0933,-16.26,1.3403,7.5147,1.7307,-8.4353,32.322,212.77,152.19,73.207,11.556,15.781
2.3409,-17.317,0.2796,7.7315,2.2408,-9.6643,34.498,216.86,154.19,75.045,11.759,14.594
2.6295,-18.064,-0.62153,7.7707,2.6814,-10.682,36.516,220.88,156.06,76.551,11.989,13.408
2.9859,-18.586,-1.4008,7.6721,3.0858,-11.542,38.36,224.87,157.9,77.774,12.236,12.22
3.3928,-19.011,-2.1049,7.5168,3.4799,-12.317,40.005,228.89,159.88,78.831,12.499,11.045
3.7888,-19.465,-2.7642,7.4099,3.8702,-13.059,41.423,233.03,162.18,79.875,12.801,9.9268
4.087,-20.025,-3.377,7.4507,4.2429,-13.776,42.586,237.37,164.95,81.049,13.184,8.9226
4.2046,-20.705,-3.9131,7.702,4.5714,-14.436,43.465,241.94,168.18,82.436,13.7,8.0846
4.0989,-21.447,-4.3315,8.1652,4.8295,-14.974,44.026,246.72,171.76,84.032,14.388,7.4464
3.7975,-22.141,-4.6042,8.7698,5.0075,-15.328,44.238,251.63,175.46,85.752,15.266,7.0208
3.4038,-22.651,-4.7332,9.3848,5.1256,-15.461,44.072,256.62,179.09,87.474,16.319,6.8003
3.0755,-22.864,-4.7565,9.8533,5.2344,-15.377,43.516,261.64,182.56,89.096,17.507,6.7582
2.9871,-22.722,-4.7409,10.034,5.4046,-15.121,42.576,266.69,185.91,90.575,18.772,6.8538
3.298,-22.237,-4.7685,9.8323,5.7136,-14.767,41.268,271.8,189.31,91.952,20.053,7.0413
4.1334,-21.47,-4.9217,9.2073,6.2365,-14.395,39.619,277.04,192.97,93.353,21.309,7.281
5.5801,-20.496,-5.2719,8.1715,7.045,-14.073,37.662,282.5,197.05,94.96,22.537,7.5423
7.6967,-19.384,-5.877,6.7822,8.2122,-13.845,35.442,288.29,201.64,96.969,23.779,7.8223
10.533,-18.191,-6.7853,5.129,9.8201,-13.737,33.006,294.5,206.67,99.533,25.11,8.1362
14.112,-16.965,-8.0372,3.3171,11.95,-13.768,30.399,301.19,212.01,102.7,26.618,8.5076
18.329,-15.762,-9.6568,1.4555,14.636,-13.963,27.657,308.38,217.47,106.38,28.371,8.9545
22.832,-14.66,-11.633,-0.3504,17.791,-14.346,24.811,316.1,222.91,110.36,30.399,9.4824
27.139,-13.744,-13.909,-2.0123,21.207,-14.922,21.898,324.31,228.28,114.41,32.689,10.087
30.946,-13.082,-16.407,-3.4814,24.668,-15.681,18.962,333.01,233.64,118.42,35.18,10.763
34.289,-12.699,-19.052,-4.7639,28.096,-16.599,16.054,342.16,239.1,122.43,37.802,11.522
37.432,-12.576,-21.783,-5.9149,31.542,-17.642,13.228,351.71,244.8,126.58,40.504,12.391
40.645,-12.66,-24.541,-7.0188,35.066,-18.77,10.536,361.61,250.84,131.08,43.292,13.417
44,-12.874,-27.262,-8.1669,38.633,-19.93,8.0234,371.79,257.26,136.06,46.22,14.659
47.371,-13.116,-29.872,-9.4533,42.131,-21.057,5.7362,382.16,264.05,141.54,49.362,16.194
50.639,-13.254,-32.286,-10.989,45.432,-22.064,3.7182,392.63,271.15,147.39,52.788,18.116
53.814,-13.13,-34.412,-12.916,48.454,-22.851,2.0054,403.16,278.53,153.4,56.541,20.532
56.975,-12.585,-36.169,-15.378,51.178,-23.32,0.61987,413.75,286.1,159.35,60.599,23.527
60.176,-11.503,-37.508,-18.401,53.639,-23.396,-0.43122,424.49,293.82,165.19,64.87,27.076
63.404,-9.8478,-38.423,-21.769,55.897,-23.039,-1.1529,435.47,301.64,171.05,69.265,31.001
66.621,-7.6645,-38.94,-25.211,58.006,-22.232,-1.5615,446.77,309.59,177.16,73.833,35.073
69.834,-5.0209,-39.1,-28.766,60,-20.985,-1.685,458.4,317.69,183.67,78.725,39.216
73.122,-1.9353,-38.946,-32.657,61.888,-19.325,-1.563,470.26,325.94,190.7,84.031,43.523
76.589,1.6223,-38.504,-36.895,63.658,-17.299,-1.2428,482.14,334.24,198.21,89.765,48.079
80.292,5.6346,-37.782,-41.266,65.287,-14.967,-0.77604,493.84,342.38,206,95.947,52.861
84.216,9.9956,-36.797,-45.643,66.752,-12.404,-0.21407,505.14,350.09,213.67,102.56,57.805
88.303,14.576,-35.604,-50.126,68.049,-9.7188,0.39403,515.85,357.14,220.83,109.41,62.856
92.489,19.257,-34.308,-54.896,69.203,-7.0423,1.0031,525.82,363.45,227.23,116.09,67.934
96.716,23.871,-33.048,-60.009,70.264,-4.5109,1.5715,534.93,369.02,232.85,122.17,72.903
100.9,28.147,-31.975,-65.257,71.296,-2.2535,2.0589,543.09,373.86,237.82,127.46,77.581
104.91,31.773,-31.227,-70.111,72.367,-0.38537,2.4239,550.16,377.82,242.21,131.97,81.793
108.55,34.547,-30.916,-73.906,73.52,1.0059,2.624,555.97,380.55,245.84,135.66,85.42
111.67,36.471,-31.101,-76.278,74.766,1.8765,2.6201,560.3,381.57,248.17,138.27,88.421
114.18,37.678,-31.772,-77.392,76.078,2.237,2.3838,562.95,380.57,248.54,139.31,90.805
116.12,38.297,-32.848,-77.687,77.41,2.1483,1.9022,563.83,377.64,246.76,138.36,92.584
117.57,38.413,-34.205,-77.549,78.714,1.7017,1.1795,563.03,373.03,243.24,135.58,93.744
118.62,38.085,-35.713,-77.2,79.954,0.98728,0.23374,560.76,367.03,238.52,131.72,94.251
119.33,37.341,-37.268,-76.722,81.106,0.068484,-0.90706,557.26,359.83,232.9,127.55,94.069
119.69,36.165,-38.812,-76.084,82.149,-1.0243,-2.2082,552.73,351.53,226.39,123.35,93.19
119.66,34.54,-40.334,-75.197,83.07,-2.2794,-3.6289,547.26,342.26,218.75,118.99,91.66
119.25,32.509,-41.854,-73.981,83.868,-3.6845,-5.1226,540.93,332.12,209.77,114.16,89.584
118.5,30.177,-43.399,-72.425,84.551,-5.215,-6.64,533.79,321.18,199.47,108.54,87.075
117.48,27.676,-44.975,-70.606,85.132,-6.8329,-8.1361,525.88,309.5,188.26,101.95,84.207
116.27,25.141,-46.546,-68.669,85.611,-8.4865,-9.5784,517.27,297.16,176.74,94.503,81.015
114.89,22.683,-48.024,-66.781,85.958,-10.113,-10.951,508.06,284.28,165.37,86.704,77.528
113.32,20.37,-49.288,-65.057,86.108,-11.649,-12.252,498.39,271.06,154.24,79.101,73.788
111.51,18.216,-50.223,-63.485,85.974,-13.04,-13.488,488.42,257.75,143.19,71.949,69.849
109.36,16.187,-50.766,-61.905,85.482,-14.26,-14.67,478.33,244.55,132.04,65.158,65.778
106.82,14.225,-50.917,-60.088,84.606,-15.306,-15.817,468.2,231.59,120.8,58.468,61.656
103.91,12.277,-50.719,-57.892,83.382,-16.193,-16.952,458.05,218.85,109.64,51.605,57.561
100.77,10.308,-50.221,-55.324,81.882,-16.939,-18.099,447.76,206.22,98.58,44.405,53.532
97.505,8.3064,-49.449,-52.45,80.171,-17.558,-19.282,437.13,193.67,87.478,36.913,49.544
94.111,6.2969,-48.388,-49.321,78.272,-18.043,-20.516,425.95,181.16,76.333,29.415,45.526
90.477,4.346,-47.001,-46,76.158,-18.363,-21.805,414.1,168.75,65.338,22.324,41.415
86.501,2.5635,-45.235,-42.606,73.769,-18.467,-23.139,401.53,156.56,54.596,15.952,37.225
82.232,1.0858,-43.043,-39.322,71.046,-18.297,-24.499,388.28,144.71,44.055,10.413,33.076
77.977,0.043132,-40.396,-36.352,67.951,-17.803,-25.862,374.29,133.37,33.769,5.7215,29.159
74.221,-0.4788,-37.306,-33.829,64.489,-16.952,-27.206,359.47,122.67,24.312,1.8729,25.657
71.295,-0.46948,-33.851,-31.718,60.694,-15.74,-28.51,343.73,112.65,16.741,-1.1663,22.69
69.098,-0.0037745,-30.157,-29.802,56.595,-14.194,-29.757,327.09,103.14,11.335,-3.4956,20.297
67.147,0.77726,-26.338,-27.82,52.148,-12.363,-30.924,309.73,93.774,7.3025,-5.2543,18.447
64.854,1.7126,-22.429,-25.651,47.266,-10.305,-31.985,291.94,84.209,4.014,-6.5642,17.054
61.744,2.676,-18.411,-23.361,41.95,-8.0705,-32.913,273.98,74.289,1.2739,-7.5068,16.036
57.577,3.6106,-14.271,-21.118,36.327,-5.6999,-33.68,256.02,64.163,-0.96203,-8.1278,15.319
52.406,4.5253,-10.044,-19.079,30.588,-3.2246,-34.259,238.09,54.22,-2.727,-8.4496,14.858
46.566,5.4616,-5.7987,-17.32,24.952,-0.66908,-34.634,220.15,44.92,-4.0747,-8.4859,14.623
40.538,6.451,-1.5945,-15.83,19.647,1.949,-34.804,202.15,36.617,-5.0811,-8.2583,14.597
34.728,7.4812,2.5343,-14.54,14.83,4.607,-34.784,184.04,29.473,-5.8371,-7.8054,14.759
29.325,8.4824,6.572,-13.342,10.516,7.26,-34.603,165.84,23.457,-6.4319,-7.1826,15.078
24.329,9.3449,10.501,-12.115,6.6112,9.8358,-34.285,147.63,18.425,-6.9345,-6.4525,15.523
19.607,9.9644,14.283,-10.764,3.0149,12.25,-33.844,129.62,14.19,-7.3798,-5.6744,16.057
14.951,10.291,17.863,-9.2636,-0.33417,14.435,-33.275,112.02,10.575,-7.7689,-4.8954,16.643
10.29,10.352,21.187,-7.6501,-3.4528,16.361,-32.563,94.936,7.4287,-8.0846,-4.1466,17.243
5.9526,10.241,24.237,-5.9906,-6.3163,18.044,-31.684,78.127,4.6243,-8.3152,-3.4451,17.823
2.4115,10.079,27.033,-4.3591,-8.9016,19.537,-30.615,61.265,2.0515,-8.4736,-2.7997,18.353
-0.31654,9.9813,29.617,-2.8281,-11.245,20.906,-29.33,44.674,-0.38543,-8.602,-2.2184,18.823
-2.532,10.032,32.033,-1.4662,-13.427,22.209,-27.804,29.712,-2.7625,-8.7608,-1.7118,19.24
-4.4263,10.266,34.314,-0.3348,-15.51,23.474,-26.019,17.552,-5.1265,-9.0069,-1.2942,19.631
-6.0232,10.672,36.479,0.51927,-17.515,24.694,-23.962,8.0976,-7.4893,-9.3729,-0.9814,20.023
-7.2925,11.197,38.534,1.0791,-19.438,25.843,-21.639,0.54346,-9.8283,-9.8554,-0.78607,20.431
-8.2375,11.765,40.476,1.3721,-21.26,26.893,-19.075,-5.8219,-12.095,-10.415,-0.71032,20.859
-8.9205,12.3,42.31,1.4723,-22.953,27.836,-16.305,-11.407,-14.231,-10.988,-0.73969,21.305
-9.4432,12.753,44.061,1.4878,-24.478,28.696,-13.364,-16.399,-16.185,-11.504,-0.84238,21.792
-9.929,13.105,45.777,1.5371,-25.812,29.521,-10.286,-20.87,-17.932,-11.91,-0.97553,22.339
-10.524,13.371,47.527,1.7246,-26.979,30.358,-7.0977,-24.843,-19.472,-12.182,-1.0963,22.966
-11.378,13.584,49.39,2.1176,-28.067,31.242,-3.8308,-28.332,-20.832,-12.331,-1.1728,23.675
-12.577,13.788,51.425,2.7276,-29.191,32.189,-0.52035,-31.359,-22.047,-12.394,-1.1905,24.447
-14.081,14.032,53.636,3.4998,-30.427,33.202,2.7888,-33.959,-23.146,-12.413,-1.1523,25.243
-15.732,14.365,55.927,4.3228,-31.767,34.271,6.043,-36.169,-24.15,-12.42,-1.0739,26.022
-17.328,14.827,58.124,5.0568,-33.122,35.37,9.1872,-38.027,-25.059,-12.421,-0.97592,26.756
-18.698,15.431,60.051,5.5711,-34.372,36.467,12.175,-39.558,-25.862,-12.399,-0.87629,27.426
-19.733,16.163,61.616,5.7787,-35.413,37.525,14.974,-40.781,-26.537,-12.321,-0.78395,28.019
-20.368,16.98,62.837,5.6588,-36.182,38.509,17.564,-41.697,-27.061,-12.155,-0.69695,28.537
-20.591,17.824,63.813,5.2579,-36.656,39.39,19.924,-42.298,-27.419,-11.882,-0.60645,28.99
-20.458,18.625,64.653,4.6735,-36.849,40.129,22.023,-42.565,-27.605,-11.508,-0.50492,29.406
-20.092,19.307,65.388,4.0266,-36.807,40.679,23.816,-42.484,-27.622,-11.064,-0.39342,29.826
-19.643,19.796,65.911,3.4338,-36.589,40.974,25.247,-42.051,-27.477,-10.595,-0.28476,30.298
-19.211,20.023,65.994,2.985,-36.239,40.949,26.261,-41.28,-27.175,-10.149,-0.20184,30.863
-18.804,19.938,65.403,2.7329,-35.741,40.553,26.827,-40.204,-26.72,-9.7637,-0.17228,31.546
-18.361,19.51,64.017,2.6912,-35.015,39.762,26.943,-38.877,-26.125,-9.4577,-0.2221,32.338
-17.797,18.731,61.845,2.8378,-33.965,38.585,26.642,-37.368,-25.414,-9.2314,-0.37118,33.201
-17.048,17.616,58.969,3.1249,-32.545,37.049,25.973,-35.753,-24.624,-9.0719,-0.63166,34.072
-16.105,16.192,55.519,3.4955,-30.792,35.183,24.988,-34.104,-23.796,-8.9615,-1.0079,34.875
-15.019,14.498,51.665,3.8985,-28.818,33.017,23.733,-32.478,-22.975,-8.8876,-1.4967,35.537
-13.866,12.581,47.616,4.2948,-26.757,30.583,22.253,-30.915,-22.196,-8.8486,-2.0884,36.002
-12.717,10.508,43.578,4.659,-24.726,27.932,20.597,-29.432,-21.485,-8.856,-2.7689,36.247
-11.634,8.3627,39.704,4.9801,-22.801,25.143,18.823,-28.024,-20.852,-8.9303,-3.5237,36.284
-10.678,6.2361,36.08,5.2633,-21.025,22.314,16.999,-26.674,-20.286,-9.0952,-4.3424,36.154
-9.9014,4.1919,32.735,5.5295,-19.414,19.533,15.187,-25.353,-19.768,-9.3707,-5.2211,35.905
-9.3249,2.2453,29.661,5.8103,-17.962,16.851,13.439,-24.036,-19.272,-9.7658,-6.1621,35.573
-8.928,0.36824,26.826,6.14,-16.639,14.281,11.791,-22.709,-18.78,-10.271,-7.1723,35.172
-8.6622,-1.4821,24.185,6.5486,-15.405,11.818,10.265,-21.365,-18.277,-10.859,-8.2597,34.696
-8.4785,-3.3345,21.703,7.0591,-14.222,9.4552,8.8752,-20.012,-17.755,-11.483,-9.4297,34.131
-8.3519,-5.1919,19.367,7.6843,-13.071,7.206,7.6373,-18.659,-17.208,-12.094,-10.682,33.474
-8.2838,-7.0342,17.194,8.4227,-11.959,5.1003,6.5637,-17.321,-16.635,-12.649,-12.004,32.742
-8.2896,-8.8275,15.221,9.2565,-10.917,3.1745,5.6605,-16.014,-16.038,-13.117,-13.373,31.974
-8.3818,-10.537,13.47,10.152,-9.9823,1.4494,4.9209,-14.753,-15.428,-13.489,-14.755,31.207
-8.5529,-12.138,11.933,11.061,-9.1762,-0.088238,4.3206,-13.556,-14.826,-13.773,-16.113,30.449
-8.7672,-13.625,10.561,11.921,-8.4917,-1.4882,3.8185,-12.439,-14.258,-13.995,-17.426,29.665
-8.9642,-15.004,9.2831,12.663,-7.8925,-2.8214,3.3631,-11.412,-13.747,-14.181,-18.688,28.802
-9.0776,-16.281,8.0299,13.232,-7.3306,-4.1526,2.9024,-10.474,-13.302,-14.344,-19.902,27.826
-9.06,-17.454,6.7601,13.598,-6.7672,-5.5147,2.395,-9.6085,-12.908,-14.473,-21.071,26.764
-8.9011,-18.506,5.4697,13.778,-6.186,-6.8979,1.8185,-8.7893,-12.529,-14.535,-22.181,25.717
-8.628,-19.426,4.1816,13.825,-5.5885,-8.2612,1.1732,-7.9834,-12.123,-14.488,-23.196,24.834
-8.2938,-20.226,2.9242,13.823,-4.9811,-9.56,0.47889,-7.1606,-11.659,-14.298,-24.065,24.271
-7.9657,-20.96,1.7135,13.863,-4.3643,-10.77,-0.23285,-6.2985,-11.127,-13.959,-24.738,24.152
-7.7139,-21.714,0.54692,14.033,-3.7309,-11.892,-0.92893,-5.3858,-10.535,-13.491,-25.178,24.551
-7.5918,-22.573,-0.59088,14.406,-3.0709,-12.945,-1.5814,-4.4205,-9.9016,-12.929,-25.375,25.492
-7.6155,-23.587,-1.7176,15.011,-2.3757,-13.947,-2.1662,-3.404,-9.2348,-12.302,-25.336,26.965
-7.7579,-24.736,-2.8454,15.808,-1.6386,-14.908,-2.6572,-2.3344,-8.5258,-11.618,-25.08,28.922
-7.9526,-25.914,-3.9781,16.671,-0.85551,-15.824,-3.0215,-1.2042,-7.7489,-10.863,-24.628,31.276
-8.0976,-26.956,-5.1112,17.415,-0.026888,-16.678,-3.2226,-0.0063623,-6.8748,-10.013,-23.995,33.914
-8.0621,-27.692,-6.2314,17.839,0.83912,-17.44,-3.2285,1.2551,-5.8887,-9.0468,-23.193,36.726
-7.7062,-27.992,-7.3156,17.776,1.7269,-18.075,-3.0221,2.5552,-4.8067,-7.9599,-22.234,39.642
-6.9269,-27.801,-8.3329,17.147,2.6174,-18.546,-2.6081,3.8448,-3.6791,-6.7735,-21.131,42.627
-5.7027,-27.129,-9.2468,15.976,3.4927,-18.826,-2.0144,5.055,-2.5795,-5.5375,-19.907,45.665
-4.1062,-26.035,-10.019,14.376,4.3369,-18.899,-1.2865,6.1127,-1.5822,-4.3205,-18.597,48.743
-2.2828,-24.608,-10.611,12.524,5.1307,-18.755,-0.47358,6.9621,-0.73671,-3.1884,-17.237,51.856
-0.42053,-22.959,-10.981,10.625,5.8438,-18.387,0.38807,7.5866,-0.047144,-2.1792,-15.856,55.008
1.2811,-21.205,-11.085,8.8751,6.4318,-17.787,1.2869,8.0176,0.53361,-1.2862,-14.473,58.226
2.6496,-19.452,-10.89,7.4162,6.8438,-16.949,2.2334,8.3229,1.0907,-0.45912,-13.09,61.551
3.5834,-17.756,-10.376,6.3029,7.0398,-15.867,3.2436,8.5814,1.7188,0.37834,-11.701,65.022
4.0836,-16.102,-9.5464,5.4895,7.0045,-14.539,4.3229,8.8577,2.4906,1.3027,-10.297,68.64
4.2437,-14.414,-8.4216,4.8523,6.7503,-12.958,5.4642,9.1863,3.4363,2.3685,-8.8653,72.335
4.2021,-12.596,-7.0289,4.2492,6.3052,-11.118,6.6581,9.5682,4.5403,3.5965,-7.3993,75.959
4.0848,-10.564,-5.3951,3.5658,5.6997,-9.0279,7.9023,9.9789,5.7537,4.9741,-5.8902,79.324
3.9705,-8.2736,-3.5456,2.7286,4.9582,-6.7116,9.2027,10.384,7.016,6.4661,-4.3256,82.298
3.8888,-5.7337,-1.5099,1.7048,4.0983,-4.2037,10.567,10.755,8.2761,8.031,-2.6849,84.892
3.8354,-2.9866,0.67682,0.49704,3.1363,-1.5377,11.998,11.084,9.5048,9.6368,-0.9404,87.267
3.7901,-0.091883,2.9789,-0.86395,2.0922,1.2601,13.481,11.383,10.696,11.267,0.93598,89.674
3.7311,2.8853,5.3676,-2.3321,0.98715,4.1706,14.987,11.667,11.863,12.921,2.9607,92.37
3.6461,5.8882,7.8214,-3.8619,-0.15852,7.1732,16.468,11.939,13.023,14.608,5.1291,95.536
3.5417,8.8804,10.313,-5.4238,-1.3192,10.232,17.863,12.186,14.196,16.348,7.4133,99.22
3.4515,11.84,12.794,-7.0066,-2.4555,13.281,19.106,12.383,15.389,18.16,9.7682,103.35
3.4344,14.739,15.188,-8.6027,-3.5144,16.216,20.129,12.497,16.579,20.043,12.138,107.83
3.5542,17.541,17.401,-10.197,-4.4407,18.916,20.872,12.505,17.71,21.954,14.458,112.54
3.8531,20.193,19.345,-11.77,-5.1933,21.275,21.278,12.389,18.685,23.807,16.664,117.42
4.3314,22.641,20.959,-13.305,-5.7582,23.245,21.305,12.143,19.39,25.477,18.69,122.45
4.9441,24.848,22.229,-14.788,-6.1494,24.85,20.917,11.772,19.735,26.832,20.476,127.65
5.6132,26.823,23.174,-16.19,-6.3988,26.147,20.088,11.286,19.687,27.775,21.98,133.01
6.2476,28.578,23.829,-17.457,-6.5396,27.182,18.803,10.692,19.289,28.268,23.172,138.44
6.7657,30.073,24.219,-18.511,-6.5941,27.963,17.061,9.9911,18.639,28.344,24.05,143.6
7.1126,31.217,24.347,-19.268,-6.5697,28.461,14.88,9.1765,17.833,28.082,24.624,147.99
7.2703,31.901,24.205,-19.662,-6.4633,28.633,12.306,8.238,16.923,27.575,24.916,151.28
7.257,32.04,23.782,-19.657,-6.2687,28.44,9.4076,7.1708,15.903,26.894,24.947,153.48
7.1177,31.6,23.08,-19.268,-5.9839,27.864,6.2686,5.9792,14.74,26.071,24.731,154.89
6.907,30.617,22.12,-18.561,-5.6152,26.915,2.9828,4.674,13.411,25.108,24.277,155.78
6.6679,29.18,20.939,-17.634,-5.1779,25.625,-0.36141,3.2666,11.921,23.984,23.589,156.36
6.4162,27.404,19.586,-16.569,-4.6969,24.041,-3.6928,1.7628,10.296,22.681,22.676,156.76
6.1372,25.39,18.112,-15.398,-4.2009,22.214,-6.9627,0.16452,8.5756,21.196,21.549,157.04
5.7976,23.206,16.559,-14.102,-3.7125,20.197,-10.134,-1.5232,6.8081,19.552,20.236,157.24
5.3647,20.886,14.951,-12.646,-3.2405,18.039,-13.165,-3.2846,5.0384,17.801,18.782,157.4
4.823,18.426,13.298,-11.028,-2.7787,15.779,-15.995,-5.0903,3.3013,16.01,17.245,157.51
4.1788,15.814,11.603,-9.2815,-2.3172,13.445,-18.556,-6.9002,1.6147,14.243,15.683,157.59
3.4567,13.058,9.8866,-7.4672,-1.8555,11.07,-20.79,-8.6705,-0.017869,12.545,14.139,157.65
2.697,10.226,8.1915,-5.6541,-1.4098,8.699,-22.66,-10.36,-1.5972,10.938,12.639,157.68
1.9524,7.4349,6.5781,-3.9168,-1.0069,6.3963,-24.155,-11.936,-3.1203,9.4211,11.195,157.71
1.2794,4.8186,5.1067,-2.331,-0.67126,4.2405,-25.287,-13.377,-4.5763,7.9794,9.8136,157.73
0.72181,2.4877,3.8174,-0.95906,-0.41431,2.3022,-26.076,-14.674,-5.9484,6.5956,8.4934,157.77
0.29564,0.50036,2.7182,0.17052,-0.23182,0.62056,-26.551,-15.828,-7.216,5.2635,7.2296,157.82
-0.018991,-1.1461,1.786,1.0763,-0.10743,-0.80759,-26.735,-16.849,-8.3585,3.9934,6.0137,157.89
-0.27449,-2.5086,0.97736,1.8192,-0.02037,-2.0211,-26.65,-17.747,-9.3596,2.8077,4.836,157.98
-0.54344,-3.6776,0.24536,2.4842,0.045581,-3.0722,-26.312,-18.538,-10.215,1.7293,3.6882,158.07
-0.8981,-4.7472,-0.44386,3.1543,0.096185,-4.0076,-25.732,-19.233,-10.937,0.76873,2.5655,158.18
-1.3849,-5.7845,-1.1034,3.885,0.12803,-4.8569,-24.917,-19.842,-11.555,-0.080895,1.467,158.28
-2.004,-6.8142,-1.729,4.688,0.13642,-5.6306,-23.877,-20.371,-12.103,-0.84136,0.39696,158.39
-2.7058,-7.823,-2.3105,5.5296,0.12383,-6.3322,-22.627,-20.823,-12.612,-1.5415,-0.63736,158.49
-3.4045,-8.7784,-2.8442,6.3461,0.10303,-6.9669,-21.204,-21.2,-13.098,-2.2101,-1.6291,158.58
-4.0028,-9.6483,-3.3396,7.0651,0.096764,-7.5493,-19.66,-21.504,-13.564,-2.8707,-2.5759,158.66
-4.4178,-10.416,-3.8297,7.6283,0.13587,-8.1051,-18.056,-21.733,-14.002,-3.5387,-3.4834,158.74
-4.603,-11.091,-4.3662,8.0097,0.25425,-8.6719,-16.455,-21.894,-14.41,-4.2214,-4.3645,158.81
-4.5597,-11.707,-5.011,8.2246,0.48188,-9.2932,-14.91,-22.004,-14.791,-4.9176,-5.2347,158.87
-4.3349,-12.311,-5.8202,8.3244,0.83703,-10.007,-13.46,-22.092,-15.162,-5.6187,-6.104,158.91
-4.0059,-12.943,-6.8274,8.3752,1.3188,-10.829,-12.129,-22.192,-15.543,-6.31,-6.9693,158.93
-3.6548,-13.614,-8.0261,8.4341,1.9077,-11.744,-10.929,-22.323,-15.946,-6.9742,-7.8123,158.94
-3.3417,-14.302,-9.3674,8.5304,2.5699,-12.711,-9.8523,-22.475,-16.364,-7.5971,-8.6042,158.93
-3.0868,-14.966,-10.77,8.6583,3.2667,-13.675,-8.881,-22.624,-16.782,-8.1714,-9.3163,158.91
-2.8679,-15.563,-12.142,8.7819,3.9606,-14.592,-7.9891,-22.736,-17.171,-8.6972,-9.9277,158.91
-2.6313,-16.066,-13.41,8.8516,4.6194,-15.437,-7.1527,-22.775,-17.501,-9.1765,-10.429,158.93
-2.3126,-16.466,-14.527,8.8238,5.22,-16.206,-6.3564,-22.718,-17.739,-9.6062,-10.819,158.96
-1.8645,-16.768,-15.468,8.6751,5.7486,-16.898,-5.5915,-22.55,-17.855,-9.9729,-11.099,159.03
-1.2806,-16.971,-16.21,8.4052,6.1955,-17.501,-4.8512,-22.275,-17.829,-10.253,-11.265,159.13
-0.6053,-17.06,-16.724,8.0345,6.5466,-17.981,-4.1251,-21.903,-17.653,-10.418,-11.305,159.28
0.07525,-17.001,-16.971,7.5982,6.7758,-18.28,-3.4004,-21.447,-17.332,-10.439,-11.207,159.51
0.6554,-16.746,-16.901,7.1402,6.8461,-18.332,-2.6632,-20.912,-16.875,-10.29,-10.957,159.83
1.0347,-16.251,-16.47,6.7053,6.7192,-18.072,-1.9017,-20.298,-16.294,-9.951,-10.543,160.31
1.1398,-15.481,-15.649,6.3277,6.3677,-17.444,-1.1055,-19.597,-15.585,-9.4074,-9.9482,161.01
0.94163,-14.42,-14.433,6.0188,5.7841,-16.414,-0.26464,-18.798,-14.737,-8.645,-9.1593,162.08
0.46267,-13.078,-12.839,5.7585,4.9834,-14.966,0.63092,-17.883,-13.728,-7.6513,-8.162,163.68
-0.22723,-11.48,-10.901,5.4987,3.9979,-13.103,1.591,-16.841,-12.532,-6.4147,-6.9453,166.06
-1.0265,-9.6276,-8.6464,5.1755,2.8682,-10.838,2.6232,-15.667,-11.131,-4.926,-5.4999,169.33
-1.8203,-7.4753,-6.0892,4.7139,1.6327,-8.1907,3.7332,-14.358,-9.5195,-3.1813,-3.8156,173.41
-2.4953,-4.9528,-3.2504,4.022,0.32047,-5.1891,4.9224,-12.917,-7.7069,-1.1821,-1.8827,178.03
-2.9534,-2.0056,-0.17853,3.0003,-1.0486,-1.8699,6.1868,-11.348,-5.7129,1.0663,0.30308,182.86
-3.1271,1.3853,3.0419,1.5807,-2.458,1.7206,7.5143,-9.6566,-3.5668,3.5502,2.7332,187.72
-2.994,5.2018,6.3011,-0.24442,-3.8852,5.5164,8.8832,-7.8655,-1.31,6.2333,5.3813,192.54
-2.5801,9.3813,9.4827,-2.4208,-5.2917,9.4232,10.26,-6.0132,1.0067,9.0456,8.1991,197.32
-1.9508,13.801,12.479,-4.8397,-6.6189,13.309,11.6,-4.1444,3.3279,11.885,11.114,202.02
-1.1928,18.268,15.194,-7.3493,-7.7926,17.001,12.852,-2.2971,5.5956,14.633,14.035,206.59
-0.39321,22.527,17.534,-9.7768,-8.7379,20.311,13.966,-0.49707,7.7557,17.179,16.868,210.91
0.37966,26.302,19.416,-11.968,-9.3981,23.084,14.899,1.2463,9.7667,19.442,19.527,214.84
1.0893,29.377,20.797,-13.837,-9.7485,25.249,15.617,2.9301,11.608,21.388,21.941,218.26
1.7344,31.673,21.695,-15.401,-9.8015,26.829,16.097,4.5516,13.28,23.026,24.059,221.08
2.3404,33.288,22.182,-16.772,-9.6048,27.913,16.321,6.0978,14.795,24.387,25.856,223.29
2.9401,34.445,22.36,-18.089,-9.2326,28.613,16.275,7.5397,16.152,25.5,27.333,224.93
3.5521,35.376,22.329,-19.436,-8.7689,29.023,15.944,8.8317,17.325,26.367,28.507,226.07
4.1686,36.173,22.157,-20.775,-8.2861,29.199,15.311,9.9155,18.246,26.954,29.392,226.76
4.7641,36.727,21.87,-21.94,-7.8271,29.15,14.366,10.732,18.833,27.205,29.992,227.06
5.3177,36.836,21.454,-22.696,-7.3994,28.857,13.11,11.239,19.02,27.066,30.288,227.03
5.8239,36.376,20.872,-22.866,-6.9838,28.296,11.563,11.433,18.794,26.521,30.249,226.76
6.2738,35.379,20.099,-22.435,-6.5534,27.468,9.7675,11.346,18.207,25.6,29.849,226.31
6.6315,33.984,19.141,-21.552,-6.0947,26.414,7.785,11.042,17.357,24.378,29.092,225.77
6.8318,32.364,18.045,-20.422,-5.6217,25.208,5.6869,10.584,16.338,22.948,28.018,225.16
6.7981,30.667,16.882,-19.198,-5.172,23.929,3.5451,10.012,15.216,21.388,26.691,224.5
6.4685,28.961,15.716,-17.932,-4.7884,22.619,1.4216,9.3433,14.011,19.75,25.168,223.76
5.8228,27.232,14.578,-16.599,-4.4958,21.272,-0.63716,8.57,12.714,18.06,23.486,222.91
4.8987,25.418,13.463,-15.158,-4.2888,19.849,-2.6006,7.6809,11.313,16.325,21.67,221.84
3.7873,23.456,12.345,-13.583,-4.1351,18.3,-4.4485,6.6732,9.8066,14.553,19.738,220.42
2.61,21.301,11.199,-11.884,-3.99,16.597,-6.161,5.5561,8.2155,12.757,17.723,218.48
1.4891,18.944,10.007,-10.099,-3.8109,14.737,-7.7077,4.3455,6.5724,10.957,15.668,215.85
0.52419,16.397,8.7604,-8.2839,-3.5663,12.738,-9.0433,3.0555,4.912,9.1745,13.623,212.53
-0.22214,13.7,7.4538,-6.4965,-3.2398,10.625,-10.112,1.6947,3.2625,7.4289,11.631,208.83
-0.73055,10.909,6.0878,-4.7866,-2.833,8.431,-10.864,0.26834,1.641,5.7387,9.7285,205.16
-1.0242,8.0999,4.6749,-3.1891,-2.3649,6.196,-11.271,-1.2147,0.0531,4.1228,7.9467,201.6
-1.1592,5.3637,3.2396,-1.7253,-1.8644,3.9728,-11.337,-2.7365,-1.5037,2.5986,6.3124,197.77
-1.2053,2.7975,1.8117,-0.40918,-1.3578,1.8228,-11.092,-4.266,-3.0314,1.1775,4.8448,193.17
-1.2223,0.49262,0.42184,0.7454,-0.85947,-0.18982,-10.571,-5.7597,-4.5219,-0.1382,3.5526,187.46
-1.244,-1.4811,-0.89989,1.7239,-0.37222,-2.0048,-9.8009,-7.1664,-5.952,-1.355,2.4339,180.5
-1.2806,-3.096,-2.1227,2.5201,0.10238,-3.5787,-8.7931,-8.438,-7.2872,-2.4861,1.4767,172.33
-1.3357,-4.3839,-3.2172,3.1502,0.55054,-4.8993,-7.5545,-9.5403,-8.4934,-3.5462,0.66092,163.18
-1.4214,-5.4314,-4.1608,3.6595,0.94094,-5.9909,-6.0969,-10.462,-9.5491,-4.5465,-0.03908,153.42
-1.5601,-6.346,-4.9423,4.1101,1.2337,-6.9025,-4.444,-11.216,-10.452,-5.4921,-0.65263,143.53
-1.7711,-7.2145,-5.5625,4.5549,1.3982,-7.6858,-2.6294,-11.833,-11.22,-6.3807,-1.2085,133.96
-2.052,-8.0752,-6.0351,5.0124,1.428,-8.3776,-0.68776,-12.351,-11.88,-7.2053,-1.7297,125.14
-2.3747,-8.9175,-6.3883,5.4598,1.3449,-8.997,1.3539,-12.802,-12.46,-7.9602,-2.2291,117.41
-2.7003,-9.7025,-6.6666,5.8544,1.1918,-9.555,3.4781,-13.209,-12.987,-8.6481,-2.7123,110.95
-3.0045,-10.397,-6.9256,6.1728,1.0175,-10.068,5.6701,-13.584,-13.483,-9.2857,-3.1835,105.51
-3.2984,-11.006,-7.2177,6.4428,0.85907,-10.563,7.9071,-13.933,-13.965,-9.9048,-3.6539,100.45
-3.6292,-11.592,-7.5744,6.7458,0.73279,-11.076,10.151,-14.263,-14.447,-10.546,-4.1437,95.24
-4.0549,-12.258,-7.9973,7.1854,0.64047,-11.64,12.354,-14.583,-14.936,-11.247,-4.6773,89.952
-4.6061,-13.11,-8.466,7.8422,0.58418,-12.282,14.464,-14.899,-15.429,-12.028,-5.2735,84.822
-5.2603,-14.208,-8.9573,8.7341,0.57534,-13.016,16.428,-15.217,-15.914,-12.882,-5.938,79.872
-5.941,-15.532,-9.4569,9.802,0.63239,-13.832,18.2,-15.531,-16.37,-13.776,-6.6613,75.061
-6.5383,-16.97,-9.9558,10.92,0.77094,-14.689,19.74,-15.825,-16.768,-14.657,-7.4224,70.411
-6.9372,-18.342,-10.436,11.924,0.99424,-15.515,21.021,-16.078,-17.078,-15.468,-8.1926,65.966
-7.0478,-19.444,-10.863,12.647,1.2884,-16.215,22.04,-16.269,-17.275,-16.163,-8.9401,61.743
-6.8297,-20.106,-11.192,12.963,1.6239,-16.704,22.809,-16.394,-17.344,-16.714,-9.6344,57.721
-6.3063,-20.237,-11.386,12.821,1.9619,-16.928,23.346,-16.469,-17.294,-17.126,-10.253,53.842
-5.5621,-19.845,-11.432,12.256,2.2636,-16.876,23.664,-16.531,-17.159,-17.427,-10.789,50.012
-4.7206,-19.019,-11.336,11.378,2.4975,-16.574,23.761,-16.622,-16.99,-17.658,-11.247,46.124
-3.906,-17.885,-11.116,10.339,2.6468,-16.063,23.631,-16.78,-16.839,-17.853,-11.636,42.077
-3.2032,-16.563,-10.789,9.2775,2.713,-15.377,23.277,-17.023,-16.735,-18.021,-11.956,37.813
-2.638,-15.139,-10.362,8.2804,2.713,-14.535,22.721,-17.345,-16.675,-18.139,-12.19,33.365
-2.1896,-13.654,-9.8301,7.366,2.669,-13.544,22.006,-17.716,-16.626,-18.163,-12.307,28.891
-1.8249,-12.13,-9.1809,6.5194,2.5954,-12.415,21.188,-18.103,-16.547,-18.053,-12.276,24.65
-1.5278,-10.601,-8.3994,5.7343,2.4896,-11.176,20.323,-18.474,-16.416,-17.797,-12.086,20.895
-1.3107,-9.1168,-7.4839,5.0305,2.3335,-9.8743,19.457,-18.813,-16.232,-17.42,-11.753,17.75
-1.2067,-7.7397,-6.4557,4.4489,2.1025,-8.5712,18.629,-19.123,-16.018,-16.971,-11.316,15.178
-1.2464,-6.5328,-5.3613,4.0365,1.7802,-7.3251,17.865,-19.412,-15.802,-16.512,-10.82,13.052
-1.4312,-5.5465,-4.2608,3.8188,1.3713,-6.183,17.19,-19.691,-15.602,-16.09,-10.303,11.225
-1.7182,-4.7926,-3.2073,3.7729,0.90241,-5.1715,16.63,-19.957,-15.421,-15.729,-9.7879,9.579
-2.0317,-4.2255,-2.2286,3.825,0.40812,-4.2874,16.209,-20.202,-15.242,-15.423,-9.2818,8.0389
-2.295,-3.7539,-1.321,3.878,-0.087992,-3.4962,15.95,-20.414,-15.045,-15.138,-8.7835,6.5667
-2.4637,-3.2754,-0.45557,3.8506,-0.58481,-2.7432,15.867,-20.591,-14.816,-14.834,-8.2901,5.1483
-2.54,-2.7115,0.40862,3.7046,-1.1022,-1.9714,15.956,-20.749,-14.558,-14.482,-7.8033,3.7805
-2.5668,-2.0253,1.3121,3.4493,-1.6693,-1.135,16.199,-20.919,-14.293,-14.073,-7.3297,2.4616
-2.6069,-1.2161,2.2895,3.127,-2.3118,-0.20206,16.572,-21.127,-14.044,-13.624,-6.876,1.1888
-2.7203,-0.30376,3.3696,2.7905,-3.0423,0.85063,17.055,-21.381,-13.825,-13.16,-6.4423,-0.04023
-2.9452,0.68822,4.5738,2.4817,-3.856,2.0404,17.64,-21.659,-13.626,-12.692,-6.0168,-1.2252
-3.2866,1.7431,5.9094,2.217,-4.7273,3.375,18.327,-21.911,-13.405,-12.213,-5.5778,-2.3628
-3.7146,2.8563,7.3575,1.9808,-5.6097,4.8464,19.12,-22.078,-13.111,-11.69,-5.0998,-3.4525
-4.1732,4.0345,8.8661,1.7319,-6.4442,6.4258,20.012,-22.113,-12.7,-11.085,-4.5651,-4.4956
-4.5999,5.2844,10.355,1.4208,-7.1792,8.0627,20.971,-21.999,-12.162,-10.364,-3.9749,-5.5067
-4.9444,6.6,11.74,1.0106,-7.7915,9.6882,21.938,-21.759,-11.521,-9.5262,-3.3549,-6.519
-5.1752,7.96,12.954,0.49103,-8.2901,11.225,22.841,-21.445,-10.832,-8.5988,-2.7507,-7.5893
-5.2712,9.3342,13.965,-0.12447,-8.7002,12.606,23.61,-21.116,-10.159,-7.6376,-2.2102,-8.7795
-5.2102,10.693,14.769,-0.81838,-9.039,13.787,24.196,-20.813,-9.5486,-6.7097,-1.7642,-10.13
-4.9653,12.011,15.373,-1.5865,-9.3005,14.752,24.578,-20.543,-9.0169,-5.8743,-1.4177,-11.639
-4.5187,13.251,15.782,-2.4258,-9.4554,15.497,24.76,-20.274,-8.5526,-5.1682,-1.1567,-13.258
-3.8836,14.344,15.986,-3.3035,-9.4665,16.011,24.751,-19.957,-8.1292,-4.5987,-0.96525,-14.933
-3.1192,15.184,15.961,-4.1347,-9.3077,16.262,24.554,-19.552,-7.7227,-4.1467,-0.84012,-16.645
-2.3305,15.631,15.672,-4.7903,-8.977,16.189,24.164,-19.038,-7.3228,-3.7781,-0.79341,-18.449
-1.644,15.556,15.085,-5.135,-8.4956,15.728,23.576,-18.426,-6.9331,-3.4564,-0.8432,-20.473
-1.1674,14.885,14.19,-5.0822,-7.8965,14.837,22.796,-17.74,-6.5637,-3.1543,-0.99785,-22.894
-0.95198,13.635,13.008,-4.6341,-7.2112,13.528,21.846,-17.003,-6.2228,-2.8598,-1.2461,-25.916
-0.98043,11.914,11.596,-3.8814,-6.4643,11.876,20.765,-16.226,-5.9154,-2.5793,-1.5576,-29.729
-1.1834,9.8889,10.026,-2.9644,-5.6719,9.9899,19.588,-15.41,-5.646,-2.3357,-1.8952,-34.399
-1.4708,7.7409,8.3599,-2.014,-4.8434,7.9791,18.344,-14.554,-5.4226,-2.16,-2.2299,-39.712
-1.7603,5.6063,6.6303,-1.1042,-3.9815,5.9178,17.046,-13.665,-5.255,-2.0765,-2.5489,-45.167
-1.9933,3.5381,4.8462,-0.23966,-3.0846,3.8392,15.7,-12.759,-5.1506,-2.0923,-2.8521,-50.234
-2.1393,1.5189,3.0092,0.61707,-2.1521,1.7526,14.314,-11.854,-5.1058,-2.1901,-3.1421,-54.678
-2.1911,-0.48839,1.132,1.5025,-1.1919,-0.3318,12.904,-10.966,-5.1015,-2.3339,-3.4159,-58.625
-2.1574,-2.5005,-0.75376,2.4233,-0.22461,-2.3857,11.489,-10.105,-5.1071,-2.4812,-3.6626,-62.4
-2.0546,-4.498,-2.5987,3.3494,0.71701,-4.362,10.081,-9.2791,-5.0918,-2.5992,-3.8673,-66.313
-1.8969,-6.4211,-4.344,4.2196,1.596,-6.2045,8.6782,-8.4974,-5.0377,-2.6786,-4.0192,-70.46
-1.6846,-8.1751,-5.9327,4.9558,2.3824,-7.8617,7.26,-7.7744,-4.9478,-2.738,-4.1186,-74.633
-1.4001,-9.6592,-7.3251,5.4825,3.0637,-9.2964,5.7923,-7.1287,-4.8456,-2.8174,-4.1815,-78.509
-1.0204,-10.805,-8.5118,5.7499,3.6478,-10.495,4.2342,-6.5816,-4.7673,-2.9649,-4.2377,-81.943
-0.54315,-11.608,-9.5187,5.7597,4.1554,-11.474,2.5449,-6.1538,-4.7498,-3.2223,-4.3247,-85.006
-0.0084825,-12.133,-10.398,5.5811,4.6066,-12.279,0.68989,-5.8661,-4.8222,-3.6181,-4.4789,-87.863
0.50096,-12.498,-11.208,5.3421,5.0105,-12.973,-1.3542,-5.7374,-4.9999,-4.1648,-4.7266,-90.726
0.88046,-12.833,-11.987,5.1893,5.3625,-13.607,-3.5937,-5.7786,-5.281,-4.8587,-5.0782,-93.82
1.0377,-13.229,-12.736,5.2377,5.6483,-14.207,-6.0121,-5.9866,-5.6472,-5.6805,-5.5262,-97.359
0.92677,-13.71,-13.414,5.5322,5.8494,-14.754,-8.5659,-6.3378,-6.0689,-6.5972,-6.0495,-101.49
0.56266,-14.234,-13.946,6.0414,5.946,-15.201,-11.186,-6.7914,-6.5158,-7.5685,-6.6208,-106.27
0.014107,-14.721,-14.244,6.6779,5.9217,-15.497,-13.788,-7.3027,-6.9676,-8.5554,-7.2148,-111.58
-0.61615,-15.093,-14.249,7.329,5.7724,-15.608,-16.285,-7.8388,-7.4199,-9.5278,-7.813,-117.21
-1.213,-15.296,-13.961,7.8853,5.5179,-15.54,-18.604,-8.3881,-7.8817,-10.468,-8.4058,-122.91
-1.6713,-15.321,-13.45,8.2611,5.2026,-15.329,-20.695,-8.9564,-8.3652,-11.37,-8.9889,-128.48
-1.9179,-15.184,-12.819,8.4073,4.8789,-15.026,-22.527,-9.5559,-8.8765,-12.231,-9.5595,-133.82
-1.9294,-14.916,-12.166,8.3171,4.5846,-14.674,-24.084,-10.193,-9.4097,-13.041,-10.11,-138.83
-1.737,-14.543,-11.547,8.0239,4.3313,-14.292,-25.365,-10.864,-9.9487,-13.778,-10.625,-143.41
-1.4173,-14.075,-10.973,7.5902,4.1071,-13.879,-26.383,-11.552,-10.474,-14.406,-11.077,-147.49
-1.0709,-13.514,-10.43,7.0905,3.8898,-13.416,-27.168,-12.24,-10.972,-14.885,-11.438,-151.1
-0.79315,-12.859,-9.8992,6.5914,3.6626,-12.887,-27.771,-12.911,-11.44,-15.184,-11.684,-154.37
-0.64545,-12.113,-9.3684,6.1369,3.4244,-12.283,-28.252,-13.549,-11.881,-15.296,-11.805,-157.52
-0.63819,-11.289,-8.8382,5.7416,3.1916,-11.605,-28.675,-14.139,-12.293,-15.238,-11.812,-160.67
-0.73531,-10.415,-8.3147,5.3972,2.9902,-10.873,-29.097,-14.661,-12.666,-15.051,-11.73,-163.87
-0.87547,-9.535,-7.8037,5.0872,2.8417,-10.116,-29.562,-15.098,-12.987,-14.793,-11.594,-167.04
-0.99624,-8.7028,-7.3077,4.8019,2.7525,-9.3722,-30.107,-15.432,-13.242,-14.517,-11.435,-170.14
-1.0482,-7.9666,-6.8277,4.5396,2.7126,-8.679,-30.755,-15.651,-13.42,-14.254,-11.269,-173.14
-0.99463,-7.3406,-6.364,4.287,2.7052,-8.0574,-31.516,-15.745,-13.507,-14.002,-11.094,-176.03
-0.80421,-6.785,-5.9152,4.0001,2.7166,-7.5007,-32.382,-15.708,-13.491,-13.724,-10.89,-178.82
-0.45087,-6.2146,-5.4771,3.6092,2.7412,-6.9752,-33.331,-15.543,-13.369,-13.374,-10.631,-181.49
0.071322,-5.5375,-5.0465,3.0524,2.7798,-6.4372,-34.334,-15.27,-13.155,-12.92,-10.297,-184.02
0.72769,-4.7033,-4.6276,2.3157,2.8341,-5.8586,-35.364,-14.923,-12.883,-12.375,-9.8841,-186.44
1.4367,-3.7338,-4.2349,1.4539,2.9023,-5.2439,-36.393,-14.545,-12.602,-11.785,-9.4059,-188.75
2.091,-2.7114,-3.8869,0.57307,2.9773,-4.6245,-37.39,-14.17,-12.35,-11.206,-8.88,-190.95
2.5984,-1.7345,-3.5948,-0.21504,3.0511,-4.0349,-38.304,-13.81,-12.138,-10.677,-8.315,-193.05
2.9182,-0.86756,-3.3539,-0.84156,3.1201,-3.4878,-39.062,-13.444,-11.941,-10.192,-7.7012,-195
3.07,-0.1192,-3.1436,-1.3013,3.1873,-2.9683,-39.583,-13.034,-11.705,-9.7081,-7.0138,-196.75
3.1157,0.54592,-2.9325,-1.6404,3.2577,-2.4445,-39.788,-12.535,-11.371,-9.1549,-6.2251,-198.28
3.1295,1.1791,-2.6852,-1.9273,3.3295,-1.8829,-39.617,-11.915,-10.889,-8.4642,-5.3181,-199.58
3.1699,1.8262,-2.3656,-2.2244,3.3866,-1.2572,-39.034,-11.155,-10.235,-7.5904,-4.2955,-200.71
3.2654,2.5222,-1.9418,-2.5744,3.3985,-0.54823,-38.021,-10.251,-9.4044,-6.5186,-3.1763,-201.72
3.4184,3.2954,-1.3905,-3.0001,3.3323,0.25995,-36.573,-9.1972,-8.3999,-5.2573,-1.9849,-202.71
3.6218,4.1692,-0.70238,-3.5099,3.1662,1.1805,-34.706,-7.9923,-7.2255,-3.8234,-0.73999,-203.73
3.8718,5.159,0.11754,-4.1023,2.8957,2.2198,-32.454,-6.6357,-5.8824,-2.2271,0.55019,-204.84
4.165,6.2646,1.0534,-4.7654,2.5288,3.3725,-29.883,-5.1329,-4.372,-0.4647,1.8853,-206.08
4.4855,7.4696,2.0836,-5.4757,2.0794,4.6191,-27.073,-3.4966,-2.6978,1.4759,3.2653,-207.45
4.7961,8.7505,3.1849,-6.2022,1.5632,5.9319,-24.106,-1.747,-0.87072,3.5974,4.6799,-208.97
5.0421,10.088,4.3357,-6.9098,0.99438,7.2849,-21.052,0.087771,1.0843,5.873,6.1,-210.64
5.163,11.462,5.5184,-7.561,0.37998,8.6577,-17.969,1.9727,3.1258,8.2389,7.4767,-212.46
5.1043,12.837,6.7194,-8.117,-0.28338,10.029,-14.908,3.8689,5.2004,10.604,8.7517,-214.48
4.8312,14.152,7.9235,-8.5422,-1.0047,11.365,-11.914,5.738,7.2526,12.878,9.8745,-216.76
4.3411,15.334,9.1059,-8.8099,-1.7859,12.618,-9.0288,7.5452,9.2332,14.991,10.816,-219.35
3.6712,16.316,10.227,-8.9081,-2.6084,13.735,-6.286,9.2593,11.102,16.91,11.572,-222.3
2.8952,17.051,11.235,-8.8462,-3.4304,14.667,-3.7114,10.852,12.825,18.622,12.154,-225.61
2.1037,17.514,12.083,-8.6544,-4.1978,15.378,-1.3217,12.297,14.38,20.12,12.576,-229.23
1.3747,17.697,12.739,-8.3641,-4.8637,15.844,0.87529,13.572,15.75,21.394,12.848,-233.08
0.74955,17.587,13.188,-7.9831,-5.4036,16.047,2.8829,14.663,16.931,22.428,12.969,-237.04
0.22713,17.163,13.426,-7.4849,-5.817,15.971,4.715,15.567,17.918,23.206,12.935,-241.03
-0.22094,16.407,13.45,-6.8275,-6.117,15.601,6.3914,16.282,18.7,23.709,12.747,-245.01
-0.62568,15.318,13.25,-5.9915,-6.3136,14.929,7.9313,16.801,19.256,23.92,12.42,-249.02
-1.0019,13.935,12.815,-5.0094,-6.4039,13.964,9.3484,17.117,19.56,23.844,11.985,-253.13
-1.3431,12.337,12.146,-3.9602,-6.3729,12.742,10.648,17.226,19.6,23.503,11.483,-257.4
-1.6305,10.626,11.261,-2.9351,-6.2043,11.319,11.828,17.136,19.378,22.939,10.952,-261.81
-1.8489,8.9001,10.192,-2,-5.8915,9.7617,12.885,16.873,18.915,22.186,10.419,-266.32
-1.9979,7.2195,8.9799,-1.1759,-5.4408,8.127,13.812,16.473,18.238,21.269,9.8967,-270.83
-2.0936,5.6023,7.6655,-0.44161,-4.8679,6.4561,14.608,15.972,17.383,20.207,9.3862,-275.27
-2.1619,4.0319,6.2827,0.24738,-4.1943,4.7737,15.267,15.396,16.396,19.023,8.8794,-279.62
-2.2308,2.4733,4.8559,0.93768,-3.4469,3.0907,15.782,14.76,15.322,17.756,8.3631,-283.9
-2.3201,0.88852,3.401,1.661,-2.6573,1.4106,16.139,14.068,14.206,16.452,7.8248,-288.12
-2.4343,-0.74485,1.93,2.4234,-1.8595,-0.2639,16.321,13.323,13.08,15.16,7.2585,-292.25
-2.5556,-2.4192,0.45636,3.1987,-1.0837,-1.9238,16.31,12.53,11.959,13.907,6.6655,-296.19
-2.6391,-4.0929,-1.0022,3.929,-0.349,-3.5514,16.09,11.702,10.838,12.689,6.0489,-299.82
-2.6176,-5.6973,-2.4279,4.536,0.34296,-5.1209,15.65,10.851,9.7051,11.473,5.4059,-303.05
-2.4256,-7.1535,-3.8094,4.9464,1.0085,-6.6029,14.988,9.9905,8.5479,10.216,4.725,-305.84
-2.037,-8.4019,-5.1449,5.1291,1.6706,-7.9756,14.113,9.1234,7.365,8.8857,3.9867,-308.2
-1.4914,-9.4398,-6.4379,5.1259,2.3403,-9.2359,13.044,8.2407,6.1612,7.4695,3.1691,-310.21
-0.89648,-10.338,-7.6867,5.0521,3.0032,-10.402,11.803,7.3213,4.9397,5.9746,2.2543,-311.95
-0.39944,-11.212,-8.8728,5.0598,3.6185,-11.497,10.419,6.3398,3.6986,4.4201,1.2359,-313.48
-0.13565,-12.16,-9.9502,5.2765,4.1306,-12.528,8.9225,5.2802,2.4358,2.8347,0.12525,-314.83
-0.17814,-13.204,-10.844,5.7516,4.4856,-13.466,7.3591,4.1466,1.1578,1.2546,-1.0492,-315.99
-0.51527,-14.277,-11.467,6.4415,4.6468,-14.246,5.7857,2.9647,-0.11663,-0.28348,-2.2493,-316.94
-1.0651,-15.255,-11.747,7.235,4.6016,-14.795,4.2665,1.7694,-1.363,-1.7542,-3.4384,-317.66
-1.7137,-16.011,-11.656,7.9997,4.3589,-15.059,2.8596,0.58663,-2.5626,-3.1524,-4.5893,-318.1
-2.3566,-16.459,-11.217,8.624,3.939,-15.022,1.6045,-0.57865,-3.7101,-4.4904,-5.6836,-318.2
-2.9304,-16.568,-10.485,9.0452,3.3624,-14.703,0.51734,-1.7419,-4.8106,-5.7833,-6.7056,-317.92
-3.4258,-16.364,-9.5196,9.259,2.6437,-14.135,-0.40405,-2.9258,-5.8711,-7.0332,-7.6368,-317.18
-3.8799,-15.897,-8.3629,9.3107,1.7928,-13.355,-1.1705,-4.1437,-6.8913,-8.2204,-8.4548,-315.9
-4.3534,-15.224,-7.0388,9.2719,0.82173,-12.383,-1.7943,-5.3875,-7.8582,-9.3058,-9.1351,-314.02
-4.9069,-14.384,-5.5655,9.2122,-0.24594,-11.23,-2.2858,-6.6255,-8.7477,-10.244,-9.655,-311.5
-5.5788,-13.404,-3.974,9.1783,-1.3682,-9.9033,-2.6562,-7.8128,-9.5314,-10.998,-9.9981,-308.34
-6.3645,-12.303,-2.3227,9.1829,-2.4866,-8.4271,-2.9221,-8.9083,-10.187,-11.555,-10.161,-304.64
-7.2046,-11.096,-0.69482,9.1996,-3.5361,-6.8519,-3.1106,-9.8895,-10.707,-11.931,-10.159,-300.56
-7.998,-9.8029,0.82209,9.17,-4.4571,-5.2523,-3.2603,-10.757,-11.101,-12.163,-10.027,-296.3
-8.6356,-8.4517,2.162,9.0244,-5.2078,-3.709,-3.4177,-11.528,-11.388,-12.293,-9.8124,-291.99
-9.0228,-7.08,3.2953,8.706,-5.7726,-2.2846,-3.6306,-12.219,-11.588,-12.355,-9.5625,-287.7
-9.082,-5.72,4.2262,8.1802,-6.1592,-1.0071,-3.9401,-12.832,-11.712,-12.357,-9.3111,-283.46
-8.7594,-4.3809,4.9782,7.4302,-6.3849,0.13109,-4.3763,-13.35,-11.754,-12.279,-9.067,-279.24
-8.0442,-3.0479,5.5781,6.4552,-6.4619,1.1594,-4.9582,-13.743,-11.689,-12.084,-8.8146,-274.96
-6.9811,-1.6992,6.047,5.2749,-6.3931,2.1111,-5.6976,-13.982,-11.486,-11.729,-8.5241,-270.53
-5.6641,-0.32676,6.4011,3.937,-6.179,3.011,-6.6027,-14.058,-11.121,-11.189,-8.1668,-265.91
-4.2188,1.0559,6.6574,2.5143,-5.8298,3.8732,-7.6775,-13.982,-10.587,-10.464,-7.7251,-261.14
-2.784,2.4245,6.8425,1.0896,-5.3759,4.7111,-8.9138,-13.783,-9.9054,-9.5748,-7.1929,-256.44
-1.4891,3.7659,6.9994,-0.27025,-4.8675,5.5502,-10.283,-13.494,-9.1107,-8.5528,-6.5685,-252.07
-0.42707,5.0976,7.1878,-1.5397,-4.365,6.4355,-11.737,-13.142,-8.2466,-7.4273,-5.8478,-248.17
0.37292,6.4724,7.4748,-2.7463,-3.9236,7.4255,-13.211,-12.745,-7.353,-6.2219,-5.0206,-244.54
0.95569,7.9623,7.9179,-3.9589,-3.581,8.5727,-14.636,-12.311,-6.4614,-4.9563,-4.0737,-240.74
1.4206,9.6287,8.5464,-5.2537,-3.3525,9.8985,-15.948,-11.848,-5.594,-3.6489,-2.9974,-236.29
1.8745,11.494,9.3529,-6.6715,-3.2363,11.379,-17.093,-11.36,-4.7668,-2.3176,-1.7928,-230.84
2.3812,13.53,10.299,-8.186,-3.2241,12.95,-18.03,-10.859,-3.9932,-0.9802,-0.47383,-224.34
2.9392,15.658,11.33,-9.7039,-3.3102,14.538,-18.732,-10.365,-3.2876,0.34191,0.93588,-217.01
3.4961,17.782,12.4,-11.107,-3.4936,16.081,-19.185,-9.8992,-2.6636,1.6233,2.4076,-209.21
3.9827,19.815,13.479,-12.308,-3.7754,17.553,-19.377,-9.4819,-2.1284,2.8373,3.909,-201.35
4.3405,21.697,14.56,-13.284,-4.155,18.95,-19.306,-9.1257,-1.6787,3.9593,5.4022,-193.81
4.5346,23.386,15.649,-14.053,-4.6267,20.274,-18.972,-8.8335,-1.3009,4.9691,6.8427,-186.84
4.5549,24.84,16.747,-14.641,-5.1755,21.514,-18.388,-8.5997,-0.97618,5.8508,8.1816,-180.65
4.4131,26.013,17.832,-15.065,-5.7735,22.634,-17.583,-8.4125,-0.68613,6.5938,9.3718,-175.27
4.1361,26.86,18.852,-15.324,-6.3802,23.576,-16.595,-8.2547,-0.4149,7.1934,10.374,-170.61
3.7562,27.345,19.734,-15.403,-6.9504,24.275,-15.468,-8.1056,-0.14985,7.652,11.165,-166.48
3.3027,27.45,20.4,-15.281,-7.4461,24.682,-14.236,-7.9424,0.11661,7.9764,11.736,-162.66
2.7972,27.179,20.799,-14.932,-7.8461,24.78,-12.926,-7.7454,0.38313,8.1727,12.092,-159.06
2.2543,26.573,20.912,-14.346,-8.149,24.584,-11.561,-7.5047,0.63633,8.2403,12.235,-155.75
1.6844,25.695,20.753,-13.534,-8.3675,24.128,-10.168,-7.2241,0.85236,8.1714,12.165,-152.85
1.0984,24.613,20.354,-12.533,-8.5174,23.448,-8.7733,-6.9178,1.0043,7.9551,11.878,-150.41
0.51297,23.381,19.744,-11.404,-8.6041,22.565,-7.3952,-6.6002,1.0729,7.5862,11.372,-148.37
-0.049008,22.022,18.931,-10.21,-8.6135,21.475,-6.0376,-6.2763,1.0558,7.0741,10.657,-146.66
-0.56217,20.523,17.901,-9.0009,-8.5141,20.155,-4.6886,-5.9369,0.97073,6.4462,9.7595,-145.18
-1.0064,18.835,16.63,-7.7897,-8.2682,18.566,-3.3277,-5.5633,0.85095,5.7461,8.7204,-143.86
-1.3725,16.891,15.103,-6.5571,-7.8479,16.68,-1.9322,-5.1355,0.73573,5.026,7.5934,-142.65
-1.6636,14.645,13.332,-5.2712,-7.2458,14.493,-0.4835,-4.6395,0.66044,4.3359,6.4349,-141.51
-1.8911,12.096,11.35,-3.9084,-6.4767,12.038,1.0308,-4.0717,0.64883,3.7121,5.2897,-140.41
-2.0709,9.2838,9.2059,-2.467,-5.5718,9.3746,2.6123,-3.4396,0.70853,3.1692,4.1817,-139.37
-2.2158,6.2753,6.9411,-0.97044,-4.569,6.5722,4.2486,-2.7601,0.83062,2.699,3.1158,-138.4
-2.3265,3.153,4.5879,0.53539,-3.5027,3.6964,5.9125,-2.0532,0.99518,2.2799,2.0922,-137.5
-2.3844,0.017331,2.1698,1.9904,-2.3941,0.80725,7.567,-1.3358,1.1813,1.8898,1.1204,-136.64
-2.3566,-3.0199,-0.29301,3.3337,-1.2487,-2.0361,9.1725,-0.61841,1.3751,1.5184,0.22473,-135.77
-2.213,-5.8546,-2.7783,4.5201,-0.063333,-4.7755,10.692,0.090339,1.5694,1.1698,-0.56348,-134.79
-1.944,-8.4174,-5.2595,5.5302,1.1616,-7.3616,12.091,0.77373,1.7561,0.85692,-1.2179,-133.66
-1.5702,-10.697,-7.7066,6.3723,2.4119,-9.765,13.333,1.3988,1.9161,0.5899,-1.7285,-132.4
-1.1386,-12.738,-10.089,7.0738,3.6561,-11.98,14.379,1.9151,2.0135,0.36463,-2.1088,-131.1
-0.70969,-14.591,-12.376,7.6656,4.8475,-14.012,15.184,2.2621,1.9981,0.15651,-2.3968,-129.88
-0.33535,-16.26,-14.527,8.161,5.9292,-15.853,15.701,2.3839,1.8173,-0.076333,-2.6457,-128.86
-0.034583,-17.686,-16.479,8.5428,6.8457,-17.473,15.894,2.2447,1.4335,-0.38051,-2.908,-128.04
0.21566,-18.785,-18.153,8.7672,7.5564,-18.823,15.749,1.839,0.83889,-0.79138,-3.218,-127.39
0.46161,-19.491,-19.459,8.7862,8.046,-19.861,15.271,1.1923,0.060583,-1.3218,-3.5848,-126.81
0.73537,-19.79,-20.329,8.5812,8.3232,-20.565,14.486,0.35192,-0.84709,-1.9606,-3.9986,-126.2
1.0251,-19.733,-20.736,8.1937,8.4109,-20.949,13.429,-0.62905,-1.8193,-2.6794,-4.4433,-125.48
1.2684,-19.443,-20.706,7.735,8.3326,-21.053,12.146,-1.7068,-2.801,-3.4459,-4.9088,-124.65
1.3686,-19.09,-20.304,7.3641,8.1031,-20.941,10.689,-2.8569,-3.7637,-4.2365,-5.3977,-123.75
1.2232,-18.847,-19.612,7.241,7.7243,-20.682,9.1143,-4.0744,-4.7102,-5.0443,-5.9245,-122.86
0.75589,-18.825,-18.695,7.4752,7.1899,-20.327,7.4829,-5.364,-5.6666,-5.8787,-6.5061,-122.04
-0.055879,-19.036,-17.585,8.0851,6.4951,-19.888,5.8586,-6.7251,-6.6629,-6.7548,-7.1483,-121.29
-1.1696,-19.376,-16.281,8.9868,5.644,-19.334,4.3059,-8.1421,-7.7149,-7.6806,-7.8366,-120.56
-2.4873,-19.668,-14.771,10.019,4.6531,-18.605,2.8836,-9.5867,-8.8176,-8.6503,-8.5393,-119.7
-3.883,-19.724,-13.054,10.992,3.5475,-17.647,1.6346,-11.032,-9.9534,-9.6464,-9.2197,-118.53
-5.2343,-19.415,-11.16,11.749,2.3568,-16.443,0.57629,-12.464,-11.105,-10.647,-9.8467,-116.89
-6.4446,-18.713,-9.1473,12.2,1.1116,-15.02,-0.30101,-13.888,-12.266,-11.631,-10.399,-114.69
-7.4496,-17.682,-7.0834,12.335,-0.15917,-13.437,-1.028,-15.316,-13.432,-12.577,-10.863,-112.03
-8.2156,-16.423,-5.0279,12.196,-1.428,-11.76,-1.6448,-16.748,-14.594,-13.463,-11.231,-109.04
-8.737,-15.024,-3.0235,11.847,-2.6662,-10.036,-2.1902,-18.167,-15.73,-14.266,-11.495,-105.82
-9.0294,-13.52,-1.0977,11.337,-3.8385,-8.281,-2.6936,-19.53,-16.794,-14.958,-11.649,-102.46
-9.1166,-11.889,0.72876,10.692,-4.903,-6.4823,-3.1744,-20.781,-17.728,-15.512,-11.68,-98.981
-9.0178,-10.081,2.4371,9.9077,-5.8192,-4.6239,-3.6456,-21.87,-18.471,-15.901,-11.581,-95.433
-8.7494,-8.0648,4.013,8.9685,-6.5622,-2.7077,-4.1198,-22.769,-18.984,-16.109,-11.351,-91.883
-8.3387,-5.8682,5.4513,7.8741,-7.1319,-0.76306,-4.6139,-23.479,-19.262,-16.143,-11.017,-88.433
-7.8313,-3.578,6.7542,6.6591,-7.5487,1.1593,-5.146,-24.028,-19.341,-16.034,-10.628,-85.187
-7.2796,-1.3186,7.921,5.3895,-7.838,2.9955,-5.7304,-24.455,-19.29,-15.835,-10.245,-82.213
-6.7193,0.78186,8.9357,4.141,-8.0145,4.6746,-6.3717,-24.795,-19.181,-15.6,-9.9233,-79.525
-6.1515,2.6242,9.7647,2.9736,-8.0726,6.1269,-7.061,-25.067,-19.067,-15.366,-9.6938,-77.088
-5.5456,4.1616,10.367,1.9133,-7.9909,7.2996,-7.7718,-25.266,-18.96,-15.134,-9.5562,-74.817
-4.8607,5.4059,10.71,0.94974,-7.7487,8.1718,-8.4591,-25.365,-18.829,-14.877,-9.483,-72.6
-4.0754,6.4102,10.793,0.052373,-7.3452,8.7584,-9.0662,-25.33,-18.622,-14.555,-9.4323,-70.329
-3.206,7.2385,10.647,-0.80599,-6.8086,9.1007,-9.5398,-25.137,-18.291,-14.135,-9.3641,-67.939
-2.3057,7.9383,10.325,-1.6323,-6.1894,9.2521,-9.8461,-24.784,-17.817,-13.61,-9.2499,-65.434
-1.4464,8.528,9.8883,-2.4106,-5.5424,9.2632,-9.9761,-24.287,-17.203,-12.993,-9.0736,-62.864
-0.68982,8.9999,9.3868,-3.1113,-4.9096,9.1736,-9.9386,-23.667,-16.473,-12.305,-8.8264,-60.257
-0.065039,9.3346,8.8516,-3.7056,-4.31,9.01,-9.7487,-22.936,-15.646,-11.556,-8.4992,-57.584
0.43889,9.5165,8.2967,-4.1775,-3.7398,8.7872,-9.4181,-22.098,-14.735,-10.749,-8.079,-54.773
0.86202,9.5457,7.7259,-4.5284,-3.1827,8.5118,-8.9528,-21.153,-13.75,-9.8719,-7.5502,-51.778
1.2521,9.4429,7.1436,-4.7755,-2.6254,8.1879,-8.3565,-20.1,-12.698,-8.9114,-6.8995,-48.622
1.6422,9.2496,6.567,-4.9447,-2.0728,7.8287,-7.6374,-18.955,-11.599,-7.8617,-6.1237,-45.376
2.0352,9.0215,6.0328,-5.0609,-1.5555,7.4651,-6.8137,-17.74,-10.479,-6.7337,-5.236,-42.12
2.4035,8.8204,5.5941,-5.1433,-1.124,7.1462,-5.9128,-16.473,-9.3687,-5.5593,-4.2668,-38.942
2.7054,8.7039,5.3061,-5.2074,-0.83048,6.9286,-4.9673,-15.162,-8.2948,-4.3849,-3.2584,-35.945
2.9069,8.7159,5.2068,-5.2686,-0.7073,6.8585,-4.0066,-13.792,-7.2645,-3.2549,-2.2547,-33.225
2.9983,8.8754,5.3017,-5.3443,-0.75131,6.9559,-3.0501,-12.346,-6.2619,-2.1946,-1.2912,-30.824
2.9951,9.1708,5.558,-5.4503,-0.92096,7.2084,-2.1023,-10.806,-5.2502,-1.1978,-0.38817,-28.721
2.9267,9.5608,5.9152,-5.5932,-1.1492,7.5757,-1.1504,-9.1667,-4.1842,-0.22996,0.44977,-26.862
2.8171,9.9835,6.3059,-5.76,-1.3695,8.0019,-0.16776,-7.4366,-3.0282,0.75731,1.2305,-25.192
2.6704,10.372,6.678,-5.9144,-1.5419,8.4306,0.87809,-5.6355,-1.7718,1.8041,1.9655,-23.671
2.4703,10.673,7.004,-6.0072,-1.6648,8.8159,2.0136,-3.7946,-0.43677,2.9234,2.6581,-22.285
2.196,10.861,7.2746,-5.9972,-1.7643,9.1258,3.2495,-1.9551,0.92545,4.0916,3.2949,-21.039
1.8476,10.944,7.4857,-5.8744,-1.8695,9.3407,4.5772,-0.16488,2.2461,5.2534,3.8452,-19.942
1.4677,10.959,7.6276,-5.6739,-1.9898,9.4501,5.9724,1.5283,3.4554,6.3407,4.274,-18.996
1.1418,10.948,7.6823,-5.4722,-2.1048,9.4498,7.4026,3.0876,4.4995,7.297,4.5621,-18.186
0.97192,10.942,7.6232,-5.3586,-2.1699,9.3355,8.8345,4.4937,5.3524,8.0972,4.7212,-17.488
1.0346,10.93,7.418,-5.3862,-2.1337,9.0929,10.234,5.746,6.0183,8.752,4.7915,-16.872
1.3439,10.855,7.0337,-5.5362,-1.9577,8.6906,11.563,6.8533,6.5226,9.2948,4.8225,-16.318
1.8368,10.611,6.444,-5.715,-1.6304,8.0815,12.774,7.8271,6.8969,9.7565,4.8499,-15.823
2.3867,10.077,5.6374,-5.7853,-1.1719,7.2163,13.811,8.6725,7.1636,10.145,4.8785,-15.401
2.8427,9.1571,4.6236,-5.6172,-0.62775,6.0649,14.619,9.3855,7.3291,10.442,4.8826,-15.079
3.0816,7.8177,3.4349,-5.1373,-0.05522,4.6341,15.147,9.9617,7.3853,10.609,4.8208,-14.872
3.0497,6.0965,2.1194,-4.3531,0.49343,2.9712,15.353,10.397,7.3181,10.612,4.6582,-14.78
2.7741,4.0868,0.73116,-3.3448,0.98386,1.1529,15.206,10.69,7.1176,10.432,4.381,-14.776
2.3387,1.9102,-0.67935,-2.232,1.4049,-0.73375,14.697,10.842,6.7833,10.069,3.9994,-14.825
1.8439,-0.30994,-2.0722,-1.128,1.7665,-2.6079,13.838,10.854,6.3247,9.5392,3.5379,-14.897
1.369,-2.4769,-3.4224,-0.093098,2.0907,-4.4108,12.663,10.732,5.7548,8.8607,3.0217,-14.98
0.94599,-4.5448,-4.7183,0.89248,2.3994,-6.1139,11.229,10.48,5.0839,8.0514,2.4655,-15.081
0.54999,-6.525,-5.9533,1.916,2.7015,-7.7166,9.6075,10.111,4.3183,7.1272,1.8699,-15.211
0.11233,-8.4669,-7.1152,3.0812,2.9862,-9.2313,7.8826,9.6429,3.4664,6.1074,1.2244,-15.39
-0.44095,-10.419,-8.1775,4.4428,3.225,-10.661,6.1482,9.1018,2.5475,5.0195,0.51869,-15.625
-1.1451,-12.375,-9.0971,5.9658,3.3827,-11.98,4.504,8.5243,1.597,3.9023,-0.24467,-15.907
-1.9703,-14.243,-9.8221,7.5247,3.4338,-13.128,3.0449,7.9522,0.66327,2.8025,-1.0426,-16.201
-2.8205,-15.848,-10.307,8.9369,3.3753,-14.026,1.846,7.4233,-0.20446,1.7658,-1.8339,-16.456
-3.5582,-17.001,-10.531,10.013,3.2295,-14.603,0.94937,6.9601,-0.9712,0.827,-2.5719,-16.614
-4.0486,-17.57,-10.503,10.607,3.0341,-14.829,0.36205,6.5633,-1.6253,0.0035721,-3.219,-16.639
-4.2048,-17.529,-10.264,10.652,2.828,-14.72,0.062963,6.2159,-2.178,-0.70336,-3.7585,-16.522
-4.0163,-16.952,-9.8695,10.187,2.6386,-14.333,0.013743,5.8939,-2.6549,-1.304,-4.1954,-16.285
-3.5517,-15.984,-9.37,9.3461,2.4765,-13.74,0.16762,5.5788,-3.0841,-1.8116,-4.5484,-15.971
-2.9367,-14.789,-8.7963,8.3167,2.3351,-13.005,0.47588,5.2614,-3.4859,-2.2333,-4.8375,-15.618
-2.3186,-13.509,-8.1559,7.2881,2.1954,-12.164,0.88985,4.9426,-3.8664,-2.5672,-5.0734,-15.245
-1.8261,-12.237,-7.4412,6.4021,2.0326,-11.231,1.3601,4.6302,-4.2179,-2.805,-5.2552,-14.844
-1.5362,-11.004,-6.6433,5.7214,1.8243,-10.209,1.8354,4.3337,-4.5237,-2.9406,-5.3751,-14.379
-1.4565,-9.7996,-5.7646,5.2257,1.5599,-9.1054,2.2643,4.0611,-4.7669,-2.9783,-5.4267,-13.804
-1.5265,-8.5926,-4.8261,4.8337,1.249,-7.9376,2.5978,3.8162,-4.9389,-2.9353,-5.4114,-13.077
-1.6368,-7.3549,-3.8667,4.4396,0.92263,-6.7368,2.7927,3.5978,-5.0436,-2.8377,-5.3409,-12.183
-1.6647,-6.0742,-2.9336,3.9517,0.62367,-5.5401,2.8142,3.401,-5.0952,-2.7099,-5.2314,-11.128
-1.518,-4.7597,-2.0673,3.3195,0.39028,-4.3815,2.638,3.2208,-5.111,-2.564,-5.0952,-9.941
-1.168,-3.4413,-1.2905,2.5477,0.24093,-3.285,2.2517,3.0528,-5.105,-2.3966,-4.934,-8.6592
-0.65605,-2.1642,-0.60663,1.6952,0.16832,-2.2625,1.6556,2.8915,-5.0867,-2.1973,-4.7402,-7.3257
-0.075016,-0.9781,-0.0065213,0.8514,0.14412,-1.3173,0.8615,2.7272,-5.0672,-1.9633,-4.5038,-5.9721
0.46356,0.078684,0.52243,0.10274,0.13174,-0.4513,-0.10787,2.543,-5.0651,-1.7089,-4.2207,-4.621
0.86573,0.98845,0.98911,-0.49351,0.099627,0.32828,-1.2214,2.3159,-5.1092,-1.4675,-3.8982,-3.2912
1.085,1.7521,1.3976,-0.92006,0.028472,1.0067,-2.443,2.024,-5.2331,-1.2824,-3.5554,-2.0082
1.1362,2.3812,1.7507,-1.1987,-0.087581,1.5664,-3.7349,1.6572,-5.4635,-1.193,-3.2183,-0.80796
1.0879,2.8929,2.0531,-1.3837,-0.24139,1.9978,-5.0601,1.2262,-5.8076,-1.2205,-2.9116,0.27227
1.0295,3.3066,2.3115,-1.5444,-0.41429,2.3079,-6.3817,0.76426,-6.2464,-1.3607,-2.6496,1.206
1.0301,3.6376,2.5325,-1.7333,-0.58091,2.5205,-7.6604,0.3187,-6.7351,-1.5847,-2.4318,1.9836
1.1102,3.887,2.7203,-1.955,-0.71737,2.6672,-8.8498,-0.059654,-7.21,-1.8453,-2.2431,2.6115
1.2329,4.0331,2.8761,-2.1542,-0.811,2.7725,-9.8959,-0.32609,-7.6014,-2.089,-2.0621,3.1094
1.3113,4.0311,3,-2.2315,-0.86778,2.8435,-10.742,-0.44877,-7.8519,-2.2701,-1.8718,3.5026
1.2344,3.8308,3.0929,-2.0823,-0.91164,2.8695,-11.339,-0.41398,-7.9363,-2.3619,-1.6681,3.8163
0.91578,3.4089,3.1571,-1.6453,-0.97214,2.8331,-11.658,-0.22969,-7.8705,-2.3628,-1.4612,4.0708
0.34304,2.7995,3.194,-0.94421,-1.0656,2.7255,-11.699,0.075104,-7.706,-2.2928,-1.2705,4.2798
-0.40127,2.1056,3.2041,-0.099835,-1.1825,2.5604,-11.487,0.4572,-7.5104,-2.1846,-1.1176,4.4492
-1.1561,1.481,3.1891,0.69744,-1.2902,2.3772,-11.07,0.87206,-7.3419,-2.073,-1.0207,4.5772
-1.7291,1.0871,3.1563,1.2468,-1.3506,2.2308,-10.491,1.2887,-7.2286,-1.985,-0.99161,4.6534
-1.9591,1.0373,3.1196,1.4008,-1.3408,2.1698,-9.7829,1.7003,-7.1603,-1.9353,-1.0344,4.6583
-1.7726,1.3548,3.0956,1.1116,-1.2634,2.216,-8.963,2.1248,-7.0962,-1.9247,-1.1468,4.5679
-1.2065,1.9637,3.0996,0.4444,-1.1448,2.3583,-8.0388,2.5972,-6.9832,-1.9388,-1.3204,4.3655
-0.38941,2.723,3.144,-0.45141,-1.0235,2.5664,-7.0214,3.1582,-6.7735,-1.9487,-1.5393,4.0587
0.50615,3.4868,3.2411,-1.3966,-0.93668,2.8153,-5.9333,3.8459,-6.4321,-1.913,-1.7768,3.6872
1.3146,4.1584,3.4064,-2.2366,-0.9093,3.1032,-4.8069,4.6925,-5.9368,-1.7835,-1.9963,3.3154
1.915,4.7138,3.6559,-2.8782,-0.94926,3.4529,-3.6772,5.7227,-5.2746,-1.5173,-2.1548,3.0155
2.2495,5.188,3.9971,-3.301,-1.0468,3.8963,-2.5725,6.9526,-4.4411,-1.0868,-2.2109,2.8474
2.3222,5.6415,4.4203,-3.545,-1.1784,4.4522,-1.5086,8.3841,-3.4433,-0.48722,-2.1314,2.8433
2.1882,6.1267,4.8941,-3.6859,-1.315,5.1087,-0.4872,10,-2.3022,0.26382,-1.8957,3
1.9349,6.6678,5.371,-3.8054,-1.431,5.8185,0.4998,11.762,-1.052,1.1317,-1.4958,3.2856
1.6526,7.2554,5.7996,-3.9581,-1.512,6.5093,1.4651,13.605,0.26413,2.0711,-0.93875,3.6564
1.4077,7.8518,6.1396,-4.1538,-1.5578,7.1069,2.4206,15.439,1.5959,3.0304,-0.24825,4.0666
1.235,8.4088,6.3706,-4.3657,-1.5801,7.5564,3.3748,17.147,2.8866,3.9547,0.53369,4.478
1.1502,8.8906,6.4918,-4.558,-1.5932,7.8347,4.3337,18.597,4.078,4.7908,1.3526,4.8618
1.167,9.2849,6.5126,-4.7179,-1.6018,7.9476,5.3034,19.675,5.1161,5.4948,2.1537,5.199
1.303,9.593,6.4401,-4.8684,-1.593,7.9158,6.2918,20.328,5.9688,6.0391,2.8942,5.481
1.5708,9.8077,6.2705,-5.0396,-1.5382,7.757,7.3089,20.57,6.638,6.4136,3.5487,5.707
1.9587,9.8933,5.9889,-5.2255,-1.4072,7.4727,8.3649,20.474,7.157,6.6244,4.1062,5.8786
2.4171,9.7812,5.5746,-5.3686,-1.1825,7.0425,9.4658,20.129,7.5746,6.6887,4.5611,5.9928
2.863,9.3871,5.0091,-5.3805,-0.86623,6.4309,10.609,19.603,7.9324,6.6318,4.906,6.0381
3.2059,8.6415,4.2817,-5.1801,-0.4736,5.6035,11.776,18.932,8.2485,6.4807,5.1282,5.9975
3.3773,7.5184,3.3904,-4.7264,-0.022954,4.5431,12.941,18.121,8.51,6.2579,5.211,5.856
3.3483,6.0437,2.3412,-4.029,0.46967,3.2571,14.067,17.156,8.6782,5.9765,5.1373,5.6076
3.1293,4.2824,1.1461,-3.136,0.98855,1.7734,15.124,16.021,8.6987,5.632,4.8915,5.2549
2.7563,2.3145,-0.18018,-2.1087,1.5152,0.12819,16.087,14.698,8.5133,5.1952,4.4572,4.8016
2.2769,0.21262,-1.6221,-1.0013,2.0297,-1.6433,16.937,13.169,8.072,4.6121,3.8142,4.2429
1.7404,-1.9679,-3.1626,0.14751,2.5163,-3.5083,17.657,11.42,7.346,3.8232,2.9416,3.5624
1.1936,-4.1878,-4.7793,1.3117,2.9688,-5.43,18.232,9.4441,6.3403,2.7959,1.8324,2.737
0.67695,-6.4128,-6.4413,2.4732,3.3914,-7.3649,18.644,7.2501,5.0977,1.5507,0.51272,1.7514
0.21785,-8.6061,-8.1102,3.6215,3.7946,-9.2709,18.881,4.8681,3.6893,0.16149,-0.95151,0.6135
-0.17599,-10.739,-9.7429,4.753,4.1873,-11.118,18.938,2.3502,2.1978,-1.2712,-2.4691,-0.64011
-0.52071,-12.808,-11.295,5.8715,4.567,-12.891,18.812,-0.23632,0.69806,-2.6546,-3.9524,-1.957
-0.85203,-14.826,-12.725,6.9852,4.9171,-14.577,18.498,-2.8205,-0.75457,-3.9285,-5.3424,-3.2814
-1.2097,-16.792,-13.99,8.0961,5.2114,-16.154,17.989,-5.3371,-2.1271,-5.0704,-6.6166,-4.5683
-1.6172,-18.663,-15.054,9.1852,5.4243,-17.587,17.278,-7.7338,-3.4063,-6.087,-7.7788,-5.7856
-2.0669,-20.357,-15.884,10.205,5.539,-18.829,16.36,-9.9756,-4.5893,-7.0001,-8.8406,-6.9128
-2.524,-21.779,-16.46,11.092,5.5496,-19.838,15.243,-12.051,-5.6799,-7.833,-9.8068,-7.9383
-2.9474,-22.855,-16.764,11.786,5.4542,-20.581,13.944,-13.963,-6.6847,-8.5989,-10.67,-8.8571
-3.3099,-23.542,-16.779,12.249,5.249,-21.036,12.491,-15.728,-7.6087,-9.2956,-11.415,-9.665
-3.6098,-23.836,-16.497,12.482,4.9284,-21.186,10.918,-17.363,-8.4514,-9.9047,-12.02,-10.351
-3.8687,-23.759,-15.918,12.515,4.4868,-21.021,9.2635,-18.879,-9.2057,-10.399,-12.469,-10.893
-4.1234,-23.352,-15.052,12.403,3.9204,-20.528,7.5704,-20.282,-9.8582,-10.749,-12.754,-11.262
-4.4127,-22.661,-13.911,12.201,3.2276,-19.704,5.8814,-21.566,-10.392,-10.932,-12.878,-11.436
-4.763,-21.724,-12.505,11.952,2.4131,-18.554,4.2377,-22.724,-10.79,-10.944,-12.854,-11.401
-5.1762,-20.554,-10.846,11.669,1.4939,-17.092,2.6771,-23.744,-11.039,-10.794,-12.697,-11.168
-5.6245,-19.143,-8.9661,11.331,0.50411,-15.342,1.2337,-24.61,-11.13,-10.502,-12.419,-10.755
-6.0557,-17.466,-6.9234,10.894,-0.5079,-13.337,-0.061199,-25.302,-11.057,-10.087,-12.025,-10.187
-6.408,-15.506,-4.798,10.307,-1.4893,-11.127,-1.1824,-25.806,-10.819,-9.5623,-11.509,-9.4824
-6.6276,-13.274,-2.678,9.535,-2.3938,-8.7747,-2.1142,-26.11,-10.427,-8.934,-10.866,-8.6586
-6.6795,-10.822,-0.64756,8.5731,-3.1877,-6.3614,-2.8531,-26.216,-9.8966,-8.2102,-10.098,-7.7376
-6.5447,-8.2408,1.2187,7.4492,-3.8473,-3.9812,-3.4068,-26.138,-9.2571,-7.4064,-9.228,-6.7575
-6.212,-5.6472,2.8565,6.2062,-4.3537,-1.7335,-3.7906,-25.9,-8.5441,-6.5458,-8.2973,-5.7734
-5.6736,-3.1552,4.2142,4.8823,-4.6881,0.29141,-4.0231,-25.529,-7.7959,-5.6567,-7.3553,-4.847
-4.9286,-0.84948,5.2573,3.5045,-4.8354,2.024,-4.1228,-25.05,-7.045,-4.769,-6.4449,-4.0299
-3.9918,1.2204,5.9715,2.0988,-4.7902,3.419,-4.1049,-24.481,-6.3133,-3.912,-5.5932,-3.3503
-2.8987,3.0283,6.3618,0.70198,-4.5609,4.4543,-3.9833,-23.839,-5.6109,-3.1133,-4.8111,-2.8082
-1.705,4.5587,6.4481,-0.63658,-4.1693,5.1281,-3.7742,-23.141,-4.9396,-2.3952,-4.0992,-2.3797
-0.48005,5.7929,6.2589,-1.862,-3.642,5.4556,-3.4986,-22.409,-4.2957,-1.7704,-3.454,-2.027
0.70411,6.6979,5.8195,-2.9199,-2.9995,5.4594,-3.1801,-21.664,-3.6742,-1.24,-2.8732,-1.7121
1.7818,7.225,5.1449,-3.7568,-2.2492,5.16,-2.84,-20.92,-3.0735,-0.79828,-2.3616,-1.4109
2.6982,7.3239,4.2399,-4.3231,-1.3921,4.5715,-2.4922,-20.184,-2.4983,-0.43843,-1.9329,-1.1222
3.4128,6.9631,3.1087,-4.582,-0.43633,3.706,-2.1406,-19.457,-1.9596,-0.15558,-1.6065,-0.86286
3.9085,6.1477,1.7665,-4.5236,0.59352,2.5843,-1.7812,-18.736,-1.4687,0.055579,-1.3972,-0.65458
4.2004,4.931,0.24819,-4.1769,1.6588,1.2455,-1.4054,-18.02,-1.0323,0.20429,-1.3046,-0.50715
4.3356,3.4159,-1.392,-3.6142,2.7161,-0.24885,-1.0042,-17.311,-0.64839,0.30529,-1.3083,-0.40843
4.3859,1.7468,-3.0875,-2.9424,3.728,-1.8197,-0.5709,-16.616,-0.30739,0.37719,-1.37,-0.32365
4.4388,0.084853,-4.7722,-2.2807,4.671,-3.3852,-0.10075,-15.939,0.0046299,0.43916,-1.4434,-0.20415
4.5792,-1.4278,-6.3935,-1.732,5.5374,-4.8788,0.40934,-15.284,0.30118,0.509,-1.4852,-0.0022633
4.8631,-2.7036,-7.9204,-1.3588,6.3301,-6.2602,0.96008,-14.649,0.5922,0.60379,-1.4637,0.31387
5.3,-3.7248,-9.3427,-1.1755,7.055,-7.5155,1.5478,-14.035,0.88242,0.74077,-1.3632,0.75137
5.8538,-4.5314,-10.664,-1.1543,7.7167,-8.6477,2.1618,-13.44,1.1707,0.93585,-1.1836,1.2926
6.4571,-5.1924,-11.891,-1.2332,8.3169,-9.6654,2.7838,-12.872,1.4516,1.1997,-0.93573,1.9035
7.0258,-5.7747,-13.021,-1.3308,8.8505,-10.575,3.3903,-12.343,1.7191,1.5345,-0.63577,2.5479
7.4734,-6.3213,-14.038,-1.3698,9.3032,-11.376,3.9578,-11.865,1.9727,1.9349,-0.29735,3.2005
7.7295,-6.8406,-14.899,-1.3031,9.6505,-12.051,4.469,-11.447,2.219,2.3904,0.073689,3.8515
7.7605,-7.307,-15.543,-1.1275,9.8624,-12.571,4.9152,-11.09,2.4689,2.8878,0.47895,4.5012
7.5806,-7.674,-15.901,-0.87966,9.9126,-12.898,5.2948,-10.785,2.7302,3.4088,0.91888,5.1451
7.2449,-7.8991,-15.929,-0.6139,9.7904,-13.005,5.6077,-10.522,2.9974,3.9245,1.3791,5.7627
6.8259,-7.9696,-15.632,-0.37402,9.5101,-12.897,5.8491,-10.301,3.245,4.3932,1.8217,6.3166
6.3856,-7.9166,-15.075,-0.17236,9.1088,-12.615,6.0059,-10.137,3.4317,4.7673,2.1907,6.7616
5.957,-7.8033,-14.356,0.009292,8.6309,-12.229,6.0573,-10.058,3.5149,5.0104,2.4327,7.059
5.5434,-7.6938,-13.567,0.19789,8.11,-11.812,5.9803,-10.094,3.4686,5.112,2.5185,7.1885
5.1319,-7.6214,-12.769,0.40351,7.5637,-11.415,5.7553,-10.268,3.2915,5.0882,2.4523,7.1561
4.7105,-7.5747,-11.991,0.60899,6.9994,-11.055,5.3721,-10.584,3.003,4.9691,2.2648,6.9911
4.2732,-7.5071,-11.234,0.7811,6.4182,-10.718,4.8325,-11.026,2.6309,4.7822,1.9959,6.7353
3.8119,-7.3604,-10.474,0.89392,5.8119,-10.363,4.1501,-11.562,2.2012,4.5442,1.6791,6.4296
3.311,-7.0928,-9.6667,0.94865,5.1635,-9.9385,3.3478,-12.15,1.7332,4.2609,1.3323,6.1012
2.7544,-6.7032,-8.763,0.98006,4.4596,-9.4061,2.4552,-12.756,1.2384,3.9299,0.95542,5.7576
2.1374,-6.246,-7.7449,1.0474,3.7069,-8.7631,1.5057,-13.363,0.71968,3.5417,0.53456,5.3868
1.4728,-5.8236,-6.6471,1.2143,2.9349,-8.0542,0.53247,-13.982,0.16904,3.0798,0.050717,4.9662
0.78411,-5.5496,-5.5422,1.5271,2.1815,-7.3558,-0.43495,-14.644,-0.43085,2.5267,-0.50929,4.4768
0.095895,-5.4948,-4.4968,1.9974,1.4717,-6.7361,-1.3701,-15.39,-1.0986,1.8753,-1.141,3.9187
-0.57213,-5.6431,-3.5347,2.5897,0.803,-6.2141,-2.2448,-16.243,-1.8414,1.141,-1.8149,3.3198
-1.2023,-5.8793,-2.6264,3.2174,0.14575,-5.7414,-3.0223,-17.196,-2.6451,0.36591,-2.4787,2.7331
-1.7767,-6.0171,-1.7024,3.7577,-0.54626,-5.2143,-3.6552,-18.21,-3.4757,-0.39067,-3.0715,2.2231
-2.2814,-5.8601,-0.6805,4.0874,-1.3206,-4.511,-4.092,-19.227,-4.2896,-1.0717,-3.5432,1.8456
-2.7167,-5.2728,0.503,4.1289,-2.2121,-3.5412,-4.2893,-20.189,-5.0472,-1.641,-3.8691,1.6263
-3.1025,-4.2353,1.872,3.8806,-3.233,-2.285,-4.2244,-21.058,-5.7225,-2.0906,-4.0534,1.5525
-3.4721,-2.8539,3.4068,3.417,-4.3685,-0.80143,-3.9003,-21.817,-6.3033,-2.4349,-4.1209,1.5802
-3.8582,-1.3168,5.0592,2.858,-5.5812,0.80028,-3.3421,-22.46,-6.7861,-2.6957,-4.1016,1.6546
-4.2799,0.1849,6.774,2.3237,-6.8206,2.4111,-2.586,-22.978,-7.168,-2.8884,-4.0164,1.7301
-4.7392,1.5307,8.5056,1.8941,-8.038,3.968,-1.6677,-23.352,-7.4441,-3.0174,-3.8711,1.7824
-5.2288,2.6986,10.222,1.5939,-9.1997,5.4664,-0.6157,-23.562,-7.6105,-3.0796,-3.6589,1.81
-5.7436,3.7387,11.898,1.4039,-10.295,6.9334,0.54457,-23.597,-7.6719,-3.0751,-3.3716,1.8248
-6.2871,4.7198,13.515,1.2855,-11.334,8.3869,1.7801,-23.467,-7.6491,-3.0156,-3.0114,1.8408
-6.867,5.6899,15.05,1.2042,-12.332,9.8142,3.0415,-23.214,-7.581,-2.9283,-2.5975,1.8622
-7.4844,6.6555,16.484,1.1448,-13.294,11.173,4.2651,-22.899,-7.5176,-2.8504,-2.1639,1.8792
-8.1261,7.5717,17.787,1.1177,-14.209,12.397,5.3849,-22.591,-7.5083,-2.8183,-1.749,1.8721
-8.7626,8.3487,18.915,1.1503,-15.048,13.41,6.3456,-22.347,-7.5856,-2.8542,-1.3818,1.8205
-9.3511,8.8872,19.816,1.2671,-15.774,14.144,7.1124,-22.188,-7.7531,-2.955,-1.0709,1.7155
-9.842,9.1269,20.458,1.469,-16.349,14.569,7.675,-22.094,-7.981,-3.0913,-0.80026,1.5681
-10.191,9.0769,20.843,1.7267,-16.748,14.711,8.0447,-22.01,-8.2143,-3.2171,-0.53541,1.4083
-10.376,8.8093,21.006,1.9945,-16.965,14.641,8.2456,-21.87,-8.3952,-3.2899,-0.23867,1.2734
-10.412,8.4214,21.009,2.2364,-17.029,14.446,8.3013,-21.628,-8.4891,-3.2916,0.11206,1.1907
-10.359,7.994,20.92,2.4445,-16.999,14.204,8.2242,-21.279,-8.5047,-3.2409,0.50989,1.1629
-10.293,7.5728,20.8,2.6363,-16.943,13.965,8.0124,-20.865,-8.4935,-3.189,0.91797,1.167
-10.275,7.1788,20.678,2.8296,-16.904,13.75,7.6573,-20.452,-8.5294,-3.1988,1.283,1.1654
-10.31,6.8299,20.542,3.0167,-16.876,13.556,7.1563,-20.1,-8.6766,-3.3171,1.5586,1.124
-10.345,6.5535,20.35,3.1565,-16.806,13.37,6.5236,-19.844,-8.963,-3.5549,1.7268,1.0294
-10.299,6.3813,20.056,3.1937,-16.627,13.174,5.7888,-19.682,-9.3725,-3.8874,1.8048,0.89565
-10.115,6.3321,19.639,3.0891,-16.303,12.963,4.9859,-19.589,-9.8566,-4.2698,1.8343,0.75896
-9.7933,6.3982,19.119,2.8429,-15.85,12.738,4.1393,-19.539,-10.359,-4.6595,1.8612,0.66374
-9.3814,6.5452,18.542,2.4958,-15.323,12.507,3.255,-19.517,-10.84,-5.0306,1.9179,0.64647
-8.9382,6.7261,17.954,2.1088,-14.787,12.269,2.3206,-19.527,-11.285,-5.378,2.0159,0.72386
-8.5002,6.9013,17.383,1.7324,-14.285,12.021,1.3112,-19.583,-11.704,-5.7115,2.1484,0.88904
-8.0656,7.053,16.835,1.3835,-13.826,11.757,0.19987,-19.694,-12.115,-6.0451,2.2989,1.1167
-7.6015,7.1835,16.295,1.0452,-13.387,11.472,-1.0346,-19.857,-12.532,-6.3882,2.4498,1.3731
-7.068,7.2985,15.738,0.68759,-12.922,11.166,-2.4021,-20.056,-12.959,-6.7422,2.5877,1.6255
-6.4448,7.3879,15.135,0.2958,-12.388,10.829,-3.9013,-20.271,-13.393,-7.1021,2.7041,1.8469
-5.7461,7.4157,14.457,-0.11316,-11.754,10.439,-5.5226,-20.487,-13.828,-7.4609,2.7928,2.0185
-5.0206,7.3277,13.682,-0.49023,-11.013,9.9636,-7.253,-20.698,-14.26,-7.8134,2.8472,2.1294
-4.3401,7.07,12.803,-0.76791,-10.187,9.373,-9.0768,-20.903,-14.689,-8.1569,2.8598,2.1762
-3.7773,6.6131,11.833,-0.88546,-9.3182,8.6515,-10.974,-21.104,-15.115,-8.4884,2.8258,2.161
-3.3781,5.9734,10.805,-0.8209,-8.4596,7.8119,-12.917,-21.302,-15.538,-8.7997,2.7487,2.0899
-3.1354,5.2218,9.757,-0.61357,-7.6474,6.8972,-14.865,-21.488,-15.953,-9.0751,2.6444,1.9732
-2.9837,4.4683,8.7261,-0.35857,-6.8889,5.9693,-16.768,-21.647,-16.349,-9.2949,2.5386,1.8252
-2.8243,3.8244,7.7379,-0.17009,-6.1673,5.0896,-18.568,-21.762,-16.713,-9.4437,2.4588,1.6629
-2.5707,3.3608,6.815,-0.13098,-5.4657,4.3035,-20.21,-21.82,-17.032,-9.5167,2.4253,1.5046
-2.1894,3.0819,5.9859,-0.25524,-4.7929,3.6347,-21.654,-21.826,-17.297,-9.5189,2.4475,1.369
-1.7153,2.9304,5.289,-0.48351,-4.191,3.0887,-22.886,-21.795,-17.501,-9.4592,2.5279,1.275
-1.2322,2.8211,4.7639,-0.71529,-3.7203,2.6611,-23.909,-21.751,-17.642,-9.3425,2.6685,1.2397
-0.83008,2.6864,4.4386,-0.86011,-3.4313,2.3477,-24.738,-21.714,-17.717,-9.1659,2.8759,1.2745
-0.56517,2.5121,4.3225,-0.87947,-3.3443,2.1548,-25.382,-21.697,-17.724,-8.9227,3.1604,1.3809
-0.4475,2.3441,4.4108,-0.79814,-3.4459,2.1052,-25.84,-21.698,-17.667,-8.6087,3.5339,1.551
-0.457,2.2678,4.695,-0.68311,-3.7011,2.236,-26.097,-21.705,-17.552,-8.2268,4.0071,1.7729
-0.57154,2.3698,5.1696,-0.60505,-4.0733,2.586,-26.133,-21.698,-17.389,-7.7873,4.5896,2.0372
-0.78745,2.701,5.8323,-0.60327,-4.5391,3.1769,-25.943,-21.658,-17.189,-7.3048,5.2875,2.3397
-1.1209,3.2585,6.6767,-0.67085,-5.0917,3.9986,-25.543,-21.574,-16.96,-6.7957,6.0988,2.679
-1.5905,3.9918,7.6841,-0.76683,-5.7309,5.0095,-24.982,-21.45,-16.713,-6.2762,7.0102,3.0543
-2.1928,4.8285,8.8203,-0.84636,-6.4494,6.1483,-24.331,-21.304,-16.458,-5.7623,7.9986,3.4651
-2.8872,5.7054,10.039,-0.88943,-7.2273,7.3535,-23.671,-21.16,-16.205,-5.2703,9.0341,3.9122
-3.5971,6.5904,11.286,-0.91286,-8.034,8.5761,-23.065,-21.045,-15.971,-4.8194,10.081,4.3955
-4.2256,7.4856,12.509,-0.96387,-8.832,9.7818,-22.553,-20.995,-15.785,-4.436,11.095,4.909
-4.6791,8.4101,13.654,-1.1012,-9.5808,10.942,-22.152,-21.053,-15.696,-4.1575,12.017,5.4341
-4.8929,9.3752,14.674,-1.3719,-10.242,12.022,-21.872,-21.271,-15.765,-4.0306,12.778,5.9393
-4.8507,10.366,15.542,-1.7903,-10.791,12.988,-21.723,-21.695,-16.048,-4.0983,13.316,6.3857
-4.592,11.341,16.261,-2.3261,-11.228,13.815,-21.725,-22.354,-16.575,-4.3828,13.603,6.74
-4.2007,12.238,16.866,-2.9074,-11.58,14.505,-21.892,-23.244,-17.33,-4.8724,13.655,6.9859
-3.7793,12.992,17.41,-3.4425,-11.887,15.082,-22.221,-24.327,-18.254,-5.5246,13.531,7.1289
-3.417,13.556,17.94,-3.849,-12.18,15.585,-22.685,-25.535,-19.259,-6.2805,13.303,7.1905
-3.1694,13.918,18.487,-4.077,-12.468,16.053,-23.225,-26.783,-20.256,-7.0853,13.041,7.1952
-3.0596,14.102,19.059,-4.1142,-12.741,16.517,-23.767,-27.992,-21.185,-7.9025,12.792,7.1591
-3.0937,14.156,19.656,-3.979,-12.994,16.991,-24.234,-29.105,-22.027,-8.7184,12.583,7.0849
-3.2751,14.135,20.284,-3.7083,-13.248,17.475,-24.565,-30.096,-22.794,-9.5343,12.419,6.9653
-3.6056,14.096,20.966,-3.3455,-13.55,17.964,-24.723,-30.966,-23.523,-10.356,12.293,6.7888
-4.0763,14.097,21.733,-2.9335,-13.961,18.465,-24.697,-31.744,-24.254,-11.188,12.186,6.5439
-4.6583,14.201,22.604,-2.5155,-14.529,18.997,-24.497,-32.472,-25.026,-12.03,12.066,6.2206
-5.3067,14.453,23.586,-2.1383,-15.271,19.584,-24.129,-33.2,-25.869,-12.884,11.899,5.8126
-5.9811,14.873,24.678,-1.8434,-16.18,20.252,-23.593,-33.978,-26.803,-13.75,11.66,5.319
-6.6671,15.449,25.893,-1.6487,-17.243,21.023,-22.874,-34.845,-27.824,-14.622,11.355,4.7451
-7.3872,16.132,27.278,-1.5321,-18.46,21.92,-21.95,-35.824,-28.894,-15.478,11.025,4.1023
-8.1989,16.847,28.925,-1.4294,-19.866,22.977,-20.794,-36.905,-29.921,-16.26,10.743,3.4125
-9.1832,17.528,30.986,-1.2541,-21.539,24.257,-19.376,-38.017,-30.74,-16.849,10.624,2.7177
-10.421,18.173,33.673,-0.9365,-23.599,25.867,-17.674,-38.978,-31.084,-17.039,10.834,2.0928
-11.951,18.9,37.23,-0.46468,-26.174,27.995,-15.668,-39.454,-30.581,-16.542,11.625,1.652
-13.737,20.061,41.7,0.08811,-29.23,30.918,-13.361,-38.96,-28.801,-15.056,13.397,1.5404
-15.646,22.116,45.644,0.56971,-32.168,33.747,-10.794,-36.967,-25.478,-12.642,16.744,1.9137
-17.472,20.988,46.906,0.8421,-34.073,33.753,-8.0537,-33.16,-21.856,-16.388,20.814,2.9289
-18.974,16.633,46.893,1.4179,-35.095,32.505,-5.2512,-28.173,-31.875,-23.393,12.369,4.6102
-19.938,13.324,46.785,4.9798,-36.196,31.209,-2.4804,-27.904,-48.218,-25.686,8.0762,3.4248
-20.346,12.432,47.704,8.5557,-38.498,31.059,0.15435,-49.858,-50.151,-27.859,6.9397,-2.7468
-21.362,15.774,52.23,8.4159,-43.614,33.846,2.3715,-69.358,-49.513,-27.818,8.0037,-3.4612
-31.429,24.88,64.981,4.6327,-52.78,41.915,3.551,-77.451,-44.201,-22.644,12.954,-1.0124
-42.934,40.597,87.348,-2.7185,-66.061,57.681,2.8922,-80.531,-31.133,-9.0038,23.447,5.2175
-46.59,62.892,115.58,-13.383,-82.57,82.402,4.4267,-69.745,-5.7441,16.545,41.161,16.319
-47.468,90.598,146.16,-26.931,-98.088,115.27,10.189,-39.372,40.253,57.3,67.904,32.989
-44.272,121.62,176.06,-43.016,-111.2,149.53,17.651,16.952,110.73,114.99,105.09,54.961
-36.482,153.6,201.24,-60.939,-120.23,179.07,26.762,93.645,200.44,189.88,152.94,82.112
-23.835,184.38,218.34,-79.801,-123.24,203.15,35.705,180.72,303.28,282.04,211.21,115.12
-5.9579,211.46,224.37,-99.34,-117.77,220.2,39.995,264.77,410.62,389.8,281.12,154.94
18.508,230.99,216.94,-119.93,-101.29,226.97,33.832,328.5,512,509.93,363.95,202.86
51.752,243.54,194.71,-142.11,-72.228,221.09,11.23,353.08,596.78,636.66,460.01,260.66
95.584,252.4,157.19,-166.82,-30.749,203.51,-33.544,322.28,655.84,762.01,568.25,330.42
151.2,255.98,104.17,-195.46,22.505,177.89,-102.55,226.75,681.78,879.76,686.04,412.28
217.94,255.39,38.165,-228.8,87.832,145.29,-190.29,67.433,668.16,984.1,809.82,503.31
293.05,253.6,-35.633,-266.51,161.79,107.81,-291.11,-144.38,610.94,1069.5,935.23,600.21
372.35,258.93,-107.66,-308.86,237.04,74.912,-398.21,-390.88,512.41,1130.2,1056.2,699.71
450.9,277.96,-166.14,-357.46,305.39,55.91,-503.7,-652.81,379.41,1160.5,1165.1,798.34
523.68,314.31,-201.84,-411.89,359.72,56.903,-600.49,-912.45,217.93,1154.4,1253.6,891.79
586.31,367.12,-210.96,-469.6,395.93,79.458,-682.76,-1156.4,32.499,1107.3,1312.9,974.42
635.46,429.51,-197.13,-525.59,414.14,118.31,-746.74,-1376.4,-172.58,1016.6,1334.8,1039.1
668.95,488.57,-171.51,-572.06,418.73,161.14,-792.06,-1568.4,-392.18,883.03,1312.5,1077.5
685.52,527.12,-150.34,-599.59,417.07,190.96,-821.08,-1731.6,-620.05,710.04,1242.5,1082
684.67,527.61,-150.04,-599.45,417.06,191.12,-835.13,-1866.2,-849.5,504.28,1126.1,1047.3
666.5,479.18,-181.02,-566.45,423.95,151.33,-834.31,-1971.9,-1073.9,275.05,969.28,972.79
631.51,382.68,-242.94,-501.13,437.76,72.181,-818.64,-2048.6,-1286.2,33.291,782.01,863.45
580.74,250.78,-324.11,-410.12,453.06,-34.245,-788.45,-2096.3,-1478.3,-209.15,577.27,729.29
516.39,103.79,-406.3,-304.54,461.65,-148.78,-745.01,-2116.1,-1640.2,-439.43,369.52,583.34
442.6,-36.799,-472.47,-197.18,457.12,-252.16,-691.32,-2108.1,-1760.5,-643.64,172.93,438.83
365.49,-154.41,-512.4,-99.727,438.1,-330.84,-632.47,-2070.4,-1828.9,-807.98,-0.23876,306.66
291.85,-240.12,-523.95,-20.591,407.23,-379.22,-574.36,-1999.9,-1840,-921.7,-140.85,193.56
227.18,-292.22,-511.15,37.085,369.01,-398.6,-521.55,-1894.6,-1794.6,-980.55,-244.46,101.68
174.33,-314.64,-480.9,75.59,328.09,-394.55,-475.66,-1757.3,-1700.3,-988.52,-312.69,29.804
132.64,-314.79,-440.13,98.894,287.68,-374.26,-435.88,-1595.8,-1569,-956.44,-352.06,-24.904
98.409,-300.81,-394.38,110.41,248.92,-344.38,-400.54,-1420.3,-1415.2,-898.01,-370.59,-66.602
69.076,-279.17,-347.04,113.68,210.98,-309.89,-367.57,-1240.5,-1252.4,-825.65,-374.63,-99.199
44.711,-253.78,-298.87,112.08,173.4,-273.41,-334.28,-1064.3,-1090.5,-747.96,-367.64,-124.11
25.995,-226.29,-250.6,107.44,137.51,-236.06,-297.56,-898.71,-936.04,-669.35,-350.99,-140.88
12.938,-196.46,-204.9,99.389,104.96,-198.51,-255.27,-749.26,-793.58,-591.27,-325.59,-148.41
4.9667,-165.13,-163.59,87.529,79.102,-162.78,-209.71,-618.46,-664.98,-513.98,-292.77,-146.29
1.0944,-135.51,-127.72,73.942,60.606,-131.54,-165.06,-506.43,-551.2,-438.03,-254.35,-135.48
-0.071788,-111.48,-99.631,61.319,48.3,-104.76,-124.58,-411.61,-452.67,-364.2,-212.86,-117.95
0.79452,-91.996,-79.906,51.416,40.247,-84.078,-91.606,-330.36,-369.18,-293.72,-174.1,-96.969
4.2084,-77.647,-66.81,44.61,34.965,-69.573,-67.548,-259.84,-299.71,-231.88,-137.4,-77.027
4.4605,-67.281,-58.205,39.335,31.848,-59.454,-51.147,-199.96,-242.13,-182.98,-104.55,-61.589
2.4717,-59.186,-52.451,34.546,30.717,-52.127,-39.052,-149.82,-195.24,-146.91,-84.03,-49.752
1.6252,-52.105,-48.264,30.006,30.999,-46.264,-28.491,-107.02,-157.57,-120.2,-72.745,-42.284
1.2489,-45.494,-45.044,25.942,28.931,-40.846,-18.778,-70.072,-125.26,-98.77,-65.766,-38.69
0.94336,-39.383,-42.253,22.635,22.993,-35.667,-10.005,-38.981,-96.042,-80.698,-60.88,-37.054
0.55937,-33.916,-36.94,20.012,16.23,-31.002,-2.7842,-13.822,-70.16,-65.068,-56.769,-36.133
0.070099,-28.809,-28.799,17.815,11.479,-25.465,0.67144,6.1494,-48.147,-51.018,-52.402,-34.412
-0.46813,-23.768,-21.42,16,8.6629,-19.919,0.49813,21.985,-30.122,-38.441,-47.221,-30.861
-0.94075,-19.576,-16.053,14.566,6.8858,-15.649,2.2367,31.485,-16.444,-27.924,-41.897,-27.05
-1.2108,-16.426,-12.281,13.409,5.7052,-12.372,4.9106,27.259,-8.2835,-20.23,-36.644,-24.127
-1.1706,-14.019,-9.627,12.397,4.9443,-9.8864,7.1155,20.382,-5.6371,-15.584,-31.131,-21.98
-0.78643,-12.169,-7.7831,11.448,4.5092,-8.1,8.7185,20.45,-4.9315,-12.853,-26.425,-20.346
-0.11073,-10.788,-6.5515,10.543,4.3222,-6.9122,9.8219,24.214,-2.5784,-9.9895,-22.772,-19.071
0.73599,-9.841,-5.7945,9.7316,4.3103,-6.2092,10.52,29.323,0.87909,-6.3842,-19.909,-18.063
1.5971,-9.3233,-5.4183,9.1058,4.4155,-5.8942,10.887,34.985,4.5119,-2.5904,-17.622,-17.258
2.316,-9.2446,-5.3632,8.7649,4.5997,-5.9067,10.987,40.939,8.0251,0.98324,-15.802,-16.615
2.7731,-9.6053,-5.5922,8.7776,4.839,-6.2153,10.886,47.044,11.376,4.2215,-14.396,-16.114
2.9131,-10.369,-6.073,9.1527,5.1163,-6.7902,10.648,53.158,14.572,7.1347,-13.366,-15.76
2.754,-11.446,-6.7598,9.8297,5.414,-7.5769,10.347,59.152,17.614,9.7456,-12.664,-15.564
2.3738,-12.695,-7.5803,10.693,5.7094,-8.487,10.061,64.969,20.503,12.055,-12.234,-15.531
1.879,-13.956,-8.4349,11.606,5.974,-9.4098,9.8672,70.652,23.253,14.051,-12.028,-15.652
1.3678,-15.094,-9.2147,12.445,6.1792,-10.241,9.8369,76.292,25.902,15.728,-12.01,-15.913
0.90217,-16.039,-9.8316,13.137,6.3046,-10.914,10.019,81.923,28.494,17.101,-12.157,-16.304
0.50068,-16.795,-10.242,13.672,6.3402,-11.413,10.437,87.454,31.058,18.218,-12.448,-16.811
0.15022,-17.415,-10.45,14.096,6.2835,-11.76,11.088,92.698,33.598,19.151,-12.85,-17.414
-0.172,-17.949,-10.48,14.467,6.1373,-11.99,11.956,97.467,36.106,19.995,-13.309,-18.074
-0.47976,-18.408,-10.357,14.823,5.9097,-12.116,13.018,101.67,38.585,20.856,-13.752,-18.729
-0.76795,-18.743,-10.089,15.152,5.6149,-12.117,14.259,105.37,41.082,21.845,-14.102,-19.309
-1.0113,-18.869,-9.6664,15.397,5.2724,-11.949,15.67,108.72,43.704,23.072,-14.29,-19.744
-1.1747,-18.695,-9.0768,15.48,4.9029,-11.559,17.248,111.92,46.611,24.638,-14.278,-19.981
-1.2325,-18.153,-8.3109,15.337,4.5234,-10.904,18.992,115.15,49.993,26.609,-14.063,-19.99
-1.188,-17.237,-7.3738,14.96,4.1415,-9.9721,20.895,118.51,54.015,28.997,-13.671,-19.769
-1.0793,-16.015,-6.2878,14.417,3.7539,-8.7885,22.945,121.99,58.762,31.764,-13.142,-19.338
-0.96663,-14.608,-5.0881,13.816,3.35,-7.4107,25.126,125.58,64.189,34.864,-12.509,-18.735
-0.90492,-13.14,-3.8122,13.251,2.9197,-5.9053,27.426,129.23,70.109,38.284,-11.779,-17.996
-0.91542,-11.673,-2.4912,12.761,2.4619,-4.3224,29.842,132.95,76.236,42.047,-10.933,-17.142
-0.97026,-10.187,-1.1461,12.312,1.9859,-2.681,32.378,136.75,82.285,46.178,-9.9405,-16.168
-1.0008,-8.607,0.20807,11.816,1.5086,-0.97551,35.032,140.68,88.063,50.628,-8.7807,-15.054
-0.9258,-6.8524,1.554,11.17,1.0491,0.80064,37.775,144.78,93.497,55.24,-7.4566,-13.784
-0.68607,-4.8931,2.8663,10.3,0.6237,2.631,40.539,149.09,98.612,59.786,-5.9956,-12.374
-0.26879,-2.7731,4.1105,9.2048,0.24458,4.4658,43.223,153.6,103.49,64.074,-4.4411,-10.877
0.28814,-0.60491,5.2453,7.9564,-0.077264,6.2297,45.734,158.3,108.24,68.027,-2.8393,-9.363
0.91546,1.462,6.2256,6.6783,-0.32507,7.8396,48.022,163.16,112.96,71.696,-1.2222,-7.8874
1.5445,3.2847,7.0063,5.503,-0.46987,9.2264,50.096,168.18,117.79,75.223,0.40866,-6.4612
2.1327,4.7669,7.5483,4.5326,-0.47213,10.35,52.009,173.37,122.82,78.779,2.0906,-5.0496
2.6744,5.876,7.8264,3.8161,-0.29391,11.2,53.814,178.8,128.14,82.51,3.8905,-3.5942
3.2057,6.64,7.834,3.3417,0.087377,11.787,55.527,184.53,133.81,86.499,5.88,-2.0453
3.8051,7.131,7.5817,3.04,0.67513,12.13,57.126,190.58,139.82,90.749,8.1051,-0.38654
4.581,7.4444,7.0881,2.8019,1.4604,12.245,58.566,196.95,146.13,95.177,10.558,1.363
5.6448,7.6744,6.3691,2.509,2.4305,12.144,59.811,203.59,152.64,99.621,13.165,3.1636
7.0806,7.8886,5.4324,2.0657,3.5747,11.829,60.845,210.41,159.25,103.9,15.794,4.9687
8.9182,8.114,4.2782,1.4179,4.887,11.291,61.666,217.31,165.86,107.9,18.289,6.7227
11.123,8.3435,2.9061,0.55754,6.3685,10.523,62.262,224.22,172.41,111.63,20.517,8.3552
13.62,8.5571,1.3248,-0.48384,8.0245,9.5378,62.596,231.13,178.85,115.22,22.401,9.7963
16.337,8.7344,-0.43915,-1.6453,9.8567,8.379,62.589,238.07,185.2,118.85,23.961,11.015
19.202,8.85,-2.3408,-2.8417,11.853,7.1098,62.139,245.12,191.46,122.65,25.293,12.036
22.127,8.8649,-4.3246,-3.969,13.984,5.7946,61.157,252.35,197.66,126.7,26.518,12.921
25.011,8.7319,-6.3401,-4.9236,16.223,4.4807,59.607,259.84,203.83,130.93,27.728,13.73
27.77,8.4121,-8.3582,-5.6304,18.564,3.1909,57.515,267.59,209.99,135.15,28.965,14.499
30.368,7.8913,-10.38,-6.0667,21.037,1.9259,54.96,275.6,216.13,139.19,30.221,15.244
32.811,7.1853,-12.435,-6.2673,23.696,0.67218,52.045,283.83,222.27,142.93,31.465,15.964
35.131,6.336,-14.576,-6.3093,26.572,-0.58976,48.877,292.23,228.41,146.33,32.652,16.653
37.356,5.4006,-16.862,-6.2867,29.648,-1.8793,45.554,300.8,234.53,149.46,33.749,17.308
39.483,4.4374,-19.347,-6.2797,32.84,-3.2104,42.16,309.54,240.61,152.43,34.745,17.934
41.453,3.4925,-22.058,-6.3309,36.024,-4.5905,38.778,318.46,246.6,155.37,35.652,18.537
43.198,2.5916,-24.993,-6.4413,39.08,-6.0212,35.49,327.6,252.47,158.34,36.496,19.119
44.71,1.7425,-28.122,-6.5921,41.94,-7.4985,32.37,336.97,258.2,161.3,37.31,19.683
46.066,0.94374,-31.406,-6.7862,44.616,-9.013,29.465,346.58,263.8,164.15,38.122,20.247
47.424,0.19632,-34.807,-7.0666,47.188,-10.552,26.792,356.43,269.31,166.74,38.96,20.862
48.997,-0.49509,-38.301,-7.4865,49.769,-12.107,24.347,366.5,274.79,169.02,39.846,21.599
50.985,-1.1352,-41.874,-8.0709,52.457,-13.68,22.116,376.76,280.29,171.01,40.791,22.516
53.479,-1.755,-45.522,-8.8092,55.31,-15.288,20.099,387.1,285.82,172.82,41.77,23.622
56.384,-2.4088,-49.267,-9.6734,58.358,-16.96,18.296,397.4,291.34,174.56,42.728,24.863
59.458,-3.1495,-53.153,-10.629,61.609,-18.73,16.699,407.53,296.79,176.31,43.592,26.144
62.494,-3.9998,-57.248,-11.626,65.061,-20.625,15.275,417.41,302.06,178.14,44.311,27.373
65.445,-4.94,-61.631,-12.592,68.693,-22.665,13.977,426.96,307.06,180.03,44.874,28.499
68.419,-5.9113,-66.364,-13.478,72.458,-24.873,12.756,436.13,311.71,181.83,45.31,29.523
71.59,-6.8288,-71.45,-14.35,76.31,-27.283,11.577,444.86,315.92,183.29,45.657,30.491
75.099,-7.5995,-76.787,-15.369,80.228,-29.906,10.428,453.11,319.63,184.09,45.914,31.451
78.969,-8.1528,-82.176,-16.68,84.218,-32.679,9.3209,460.84,322.81,184.04,46.021,32.415
83.091,-8.4836,-87.405,-18.32,88.307,-35.449,8.2895,468.08,325.44,183.04,45.881,33.345
87.283,-8.6796,-92.334,-20.214,92.516,-38.056,7.3838,474.87,327.51,181.09,45.399,34.159
91.36,-8.893,-96.906,-22.21,96.831,-40.415,6.6565,481.25,329,178.25,44.508,34.765
95.184,-9.2639,-101.1,-24.12,101.19,-42.531,6.1489,487.23,329.87,174.6,43.185,35.076
98.679,-9.8462,-104.88,-25.795,105.47,-44.464,5.8825,492.73,330.03,170.2,41.457,35.014
101.85,-10.575,-108.2,-27.207,109.57,-46.265,5.8612,497.64,329.4,165.04,39.401,34.527
104.74,-11.293,-111.01,-28.468,113.37,-47.944,6.0795,501.79,327.89,159.11,37.102,33.598
107.39,-11.807,-113.28,-29.748,116.76,-49.448,6.5311,505.07,325.43,152.49,34.599,32.257
109.76,-11.963,-115,-31.171,119.66,-50.684,7.2112,507.37,321.96,145.3,31.851,30.562
111.7,-11.7,-116.21,-32.715,122,-51.564,8.1137,508.65,317.42,137.69,28.766,28.57
113.11,-11.07,-116.91,-34.184,123.68,-52.049,9.2246,508.93,311.83,129.69,25.266,26.325
113.96,-10.23,-117.16,-35.322,124.65,-52.181,10.516,508.28,305.21,121.26,21.343,23.882
114.25,-9.3975,-117.01,-35.909,124.88,-52.058,11.944,506.78,297.7,112.32,17.072,21.34
113.96,-8.7776,-116.55,-35.794,124.44,-51.796,13.445,504.53,289.47,102.89,12.604,18.836
113.08,-8.5032,-115.9,-34.939,123.47,-51.469,14.951,501.62,280.73,93.104,8.1105,16.492
111.67,-8.6004,-115.16,-33.497,122.11,-51.098,16.393,498.12,271.62,83.162,3.7134,14.363
109.88,-8.9977,-114.42,-31.791,120.48,-50.654,17.72,494.09,262.18,73.164,-0.58335,12.436
107.9,-9.5635,-113.71,-30.169,118.66,-50.084,18.906,489.58,252.39,63.117,-4.8764,10.659
105.86,-10.155,-113.01,-28.837,116.72,-49.329,19.944,484.62,242.24,52.977,-9.283,8.9646
103.8,-10.672,-112.3,-27.795,114.67,-48.371,20.821,479.23,231.78,42.71,-13.872,7.2853
101.7,-11.102,-111.51,-26.871,112.49,-47.289,21.512,473.38,221.06,32.358,-18.668,5.5618
99.502,-11.505,-110.57,-25.808,110.11,-46.233,21.977,467.02,210.12,22.146,-23.716,3.7524
97.194,-11.966,-109.46,-24.369,107.49,-45.328,22.171,460.1,198.88,12.486,-29.133,1.8309
94.712,-12.52,-108.14,-22.437,104.65,-44.611,22.054,452.48,187.25,3.7605,-35.087,-0.21908
91.963,-13.12,-106.56,-20.111,101.71,-44.009,21.595,444.01,175.16,-3.8985,-41.61,-2.4004
88.943,-13.653,-104.64,-17.714,98.871,-43.378,20.785,434.55,162.66,-10.613,-48.324,-4.682
85.893,-13.987,-102.32,-15.622,96.251,-42.571,19.638,424,150.02,-16.651,-54.514,-6.9812
83.259,-14.03,-99.586,-14.048,93.846,-41.505,18.19,412.48,137.67,-22.282,-59.641,-9.1788
81.344,-13.769,-96.562,-12.993,91.607,-40.194,16.476,400.19,126,-27.684,-63.64,-11.165
80.082,-13.267,-93.434,-12.32,89.51,-38.72,14.514,387.26,115.18,-32.993,-66.79,-12.883
79.127,-12.628,-90.335,-11.848,87.532,-37.177,12.286,373.64,105.06,-38.315,-69.471,-14.331
78.047,-11.953,-87.285,-11.412,85.605,-35.628,9.7446,359.17,95.205,-43.645,-71.975,-15.544
76.483,-11.302,-84.233,-10.905,83.628,-34.091,6.8392,343.68,85.115,-48.829,-74.394,-16.561
74.287,-10.688,-81.1,-10.296,81.503,-32.545,3.5527,327.13,74.359,-53.635,-76.597,-17.409
71.569,-10.083,-77.778,-9.6178,79.145,-30.944,-0.07707,309.72,62.863,-57.812,-78.337,-18.089
68.674,-9.4513,-74.138,-8.9403,76.48,-29.249,-3.9572,291.8,51.153,-61.105,-79.393,-18.589
66.051,-8.7699,-70.099,-8.3303,73.454,-27.444,-7.9607,273.73,40.206,-63.287,-79.655,-18.891
63.975,-8.0523,-65.693,-7.8118,70.071,-25.552,-11.954,255.76,30.848,-64.241,-79.116,-18.982
62.276,-7.3488,-61.066,-7.344,66.419,-23.628,-15.82,237.97,23.321,-64.051,-77.834,-18.869
60.381,-6.7276,-56.382,-6.8336,62.636,-21.729,-19.473,220.28,17.401,-63.004,-75.924,-18.578
57.674,-6.2443,-51.719,-6.184,58.768,-19.891,-22.863,202.61,12.715,-61.412,-73.524,-18.152
53.803,-5.9189,-47.05,-5.3389,54.666,-18.115,-25.978,184.91,8.9419,-59.417,-70.755,-17.627
48.751,-5.7305,-42.326,-4.2844,50.074,-16.377,-28.824,167.19,5.8566,-56.94,-67.664,-17.018
42.828,-5.6306,-37.569,-3.0327,44.859,-14.654,-31.39,149.56,3.3214,-53.804,-64.195,-16.304
36.538,-5.5665,-32.902,-1.6147,39.189,-12.936,-33.613,132.22,1.2549,-49.894,-60.22,-15.432
30.347,-5.5041,-28.48,-0.07449,33.476,-11.237,-35.392,115.44,-0.39784,-45.266,-55.674,-14.342
24.577,-5.437,-24.415,1.5429,28.132,-9.5899,-36.665,99.299,-1.6906,-40.16,-50.682,-13.001
19.382,-5.3765,-20.736,3.1948,23.378,-8.0286,-37.457,83.457,-2.6914,-34.937,-45.455,-11.439
14.743,-5.3249,-17.397,4.8276,19.227,-6.5656,-37.855,67.467,-3.4829,-29.952,-40.221,-9.7486
10.577,-5.2524,-14.314,6.3581,15.602,-5.1796,-37.957,51.702,-4.1488,-25.44,-35.257,-8.052
6.9268,-5.0931,-11.416,7.6702,12.44,-3.8249,-37.842,37.685,-4.754,-21.483,-30.789,-6.4518
4.0642,-4.7668,-8.6883,8.6389,9.7298,-2.4561,-37.558,26.707,-5.3316,-18.048,-26.865,-4.9977
2.204,-4.2128,-6.1819,9.1687,7.5013,-1.0519,-37.125,18.683,-5.8831,-15.051,-23.397,-3.6852
1.2427,-3.4138,-3.9653,9.2251,5.7716,0.37625,-36.544,12.733,-6.3944,-12.38,-20.27,-2.4773
0.9294,-2.3999,-2.074,8.8467,4.4826,1.7924,-35.811,8.047,-6.8556,-9.9227,-17.399,-1.3322
1.0456,-1.2349,-0.49526,8.1367,3.5216,3.1553,-34.919,4.1178,-7.2734,-7.6028,-14.743,-0.22226
1.4136,0.0044188,0.81596,7.2385,2.7829,4.4344,-33.865,0.6692,-7.6706,-5.4054,-12.309,0.85995
1.8752,1.2454,1.9151,6.3001,2.1908,5.6168,-32.643,-2.4478,-8.075,-3.3652,-10.125,1.9042
2.2916,2.4299,2.8556,5.4412,1.6929,6.7041,-31.246,-5.3105,-8.5084,-1.539,-8.2204,2.8876
2.5494,3.5158,3.686,4.7397,1.2484,7.7071,-29.664,-7.9531,-8.9802,0.016381,-6.6099,3.7811
2.5647,4.4719,4.4527,4.241,0.81744,8.6414,-27.896,-10.385,-9.4885,1.26,-5.2978,4.5558
2.2914,5.2715,5.2016,3.9694,0.35721,9.5228,-25.954,-12.607,-10.025,2.1765,-4.2799,5.1881
1.7301,5.8883,5.9725,3.9309,-0.17215,10.361,-23.869,-14.623,-10.58,2.7816,-3.5455,5.6601
0.93022,6.3016,6.7878,4.1107,-0.79361,11.154,-21.693,-16.445,-11.148,3.1193,-3.076,5.9595
-0.02007,6.5054,7.6456,4.4727,-1.5035,11.888,-19.484,-18.089,-11.728,3.2495,-2.8426,6.0814
-1.0179,6.518,8.5259,4.9641,-2.2754,12.546,-17.287,-19.57,-12.321,3.231,-2.8063,6.0316
-1.9728,6.385,9.4045,5.5233,-3.0754,13.121,-15.126,-20.889,-12.924,3.1077,-2.9214,5.8289
-2.8241,6.1748,10.265,6.0897,-3.8768,13.622,-12.995,-22.028,-13.519,2.9033,-3.1405,5.5037
-3.5426,5.9645,11.101,6.6095,-4.6651,14.07,-10.883,-22.955,-14.082,2.6268,-3.4203,5.0916
-4.1258,5.8256,11.911,7.0366,-5.4341,14.494,-8.788,-23.638,-14.577,2.2806,-3.7251,4.6253
-4.5928,5.8137,12.7,7.3354,-6.1802,14.921,-6.7251,-24.064,-14.976,1.8691,-4.0298,4.1265
-4.9747,5.9634,13.47,7.4854,-6.8998,15.376,-4.7234,-24.251,-15.258,1.4044,-4.319,3.6015
-5.2995,6.2833,14.23,7.485,-7.5909,15.876,-2.8091,-24.248,-15.422,0.90937,-4.585,3.0437
-5.5834,6.7552,14.989,7.3513,-8.2548,16.431,-0.99613,-24.122,-15.482,0.41519,-4.822,2.4411
-5.8315,7.3391,15.763,7.1158,-8.8989,17.039,0.7137,-23.935,-15.463,-0.04337,-5.0218,1.7874
-6.0418,7.9893,16.565,6.8154,-9.534,17.69,2.3255,-23.733,-15.393,-0.43531,-5.1709,1.0898
-6.2066,8.6713,17.408,6.4787,-10.168,18.376,3.8464,-23.529,-15.292,-0.73972,-5.2533,0.36922
-6.3145,9.3725,18.296,6.1178,-10.8,19.093,5.2825,-23.305,-15.16,-0.94881,-5.257,-0.34693
-6.3596,10.098,19.229,5.7336,-11.417,19.844,6.6371,-23.027,-14.983,-1.0664,-5.1803,-1.0344
-6.3554,10.857,20.199,5.332,-12.008,20.638,7.9075,-22.654,-14.734,-1.1029,-5.0337,-1.6783
-6.341,11.649,21.196,4.9372,-12.569,21.476,9.0798,-22.161,-14.393,-1.0705,-4.8387,-2.2747
-6.3729,12.451,22.189,4.5895,-13.096,22.339,10.125,-21.546,-13.951,-0.98067,-4.6239,-2.8276
-6.5023,13.225,23.125,4.3305,-13.585,23.186,10.998,-20.832,-13.423,-0.84356,-4.4202,-3.3435
-6.7519,13.927,23.94,4.1847,-14.024,23.957,11.645,-20.064,-12.843,-0.66952,-4.2548,-3.8256
-7.1064,14.52,24.575,4.1483,-14.401,24.594,12.014,-19.296,-12.258,-0.47141,-4.1464,-4.2694
-7.5167,14.989,25,4.188,-14.709,25.058,12.074,-18.58,-11.725,-0.26771,-4.1023,-4.6634
-7.9054,15.343,25.216,4.2457,-14.942,25.335,11.809,-17.957,-11.294,-0.083565,-4.1193,-4.9929
-8.1761,15.599,25.238,4.2489,-15.09,25.429,11.212,-17.449,-10.997,0.052094,-4.1868,-5.2434
-8.2361,15.778,25.078,4.1297,-15.121,25.351,10.269,-17.06,-10.841,0.11171,-4.2929,-5.405
-8.0259,15.888,24.731,3.8541,-14.99,25.111,8.9513,-16.781,-10.813,0.073149,-4.4316,-5.4786
-7.5444,15.912,24.177,3.4474,-14.651,24.707,7.2136,-16.611,-10.893,-0.079019,-4.6082,-5.4808
-6.8601,15.796,23.382,2.9995,-14.077,24.117,5.0057,-16.555,-11.069,-0.35383,-4.8412,-5.4448
-6.0934,15.457,22.317,2.6418,-13.272,23.302,2.2824,-16.628,-11.339,-0.75367,-5.1569,-5.4128
-5.3777,14.805,20.963,2.5034,-12.263,22.217,-0.98479,-16.848,-11.712,-1.2727,-5.5793,-5.4255
-4.8161,13.785,19.323,2.6591,-11.095,20.827,-4.7938,-17.221,-12.201,-1.8968,-6.119,-5.513
-4.4471,12.406,17.426,3.0919,-9.817,19.121,-9.0947,-17.738,-12.815,-2.607,-6.7684,-5.6941
-4.2244,10.751,15.322,3.6892,-8.4738,17.13,-13.774,-18.374,-13.549,-3.3875,-7.5048,-5.9795
-4.0199,8.9479,13.08,4.2804,-7.0983,14.918,-18.659,-19.099,-14.39,-4.2316,-8.3002,-6.3748
-3.6697,7.1407,10.78,4.6947,-5.7158,12.581,-23.545,-19.883,-15.32,-5.1426,-9.1302,-6.8808
-3.0549,5.4394,8.5058,4.8244,-4.3546,10.219,-28.248,-20.708,-16.318,-6.128,-9.9785,-7.4928
-2.1671,3.8883,6.3422,4.676,-3.0539,7.9189,-32.649,-21.565,-17.361,-7.1911,-10.837,-8.2004
-1.1173,2.4625,4.3649,4.3765,-1.8633,5.7595,-36.708,-22.446,-18.424,-8.3198,-11.703,-8.9882
-0.092256,1.103,2.637,4.1213,-0.83538,3.8093,-40.419,-23.327,-19.47,-9.4792,-12.57,-9.8321
0.70671,-0.24337,1.2046,4.0993,-0.015783,2.1243,-43.752,-24.163,-20.449,-10.609,-13.426,-10.695
1.1159,-1.6008,0.095303,4.4317,0.56427,0.74097,-46.622,-24.886,-21.299,-11.635,-14.237,-11.529
1.0505,-2.9498,-0.67902,5.1385,0.89184,-0.3209,-48.916,-25.42,-21.953,-12.48,-14.957,-12.281
0.52667,-4.2122,-1.1164,6.1333,0.97116,-1.0441,-50.548,-25.706,-22.356,-13.094,-15.538,-12.909
-0.34678,-5.2537,-1.2194,7.2481,0.81859,-1.4056,-51.468,-25.714,-22.472,-13.456,-15.942,-13.391
-1.4035,-5.9134,-0.99082,8.2772,0.4556,-1.3803,-51.667,-25.445,-22.297,-13.578,-16.15,-13.724
-2.4661,-6.0524,-0.43262,9.0268,-0.097334,-0.95254,-51.169,-24.929,-21.853,-13.49,-16.162,-13.923
-3.3877,-5.5989,0.45152,9.3558,-0.8229,-0.12713,-50.018,-24.202,-21.174,-13.221,-15.992,-13.999
-4.0755,-4.5686,1.649,9.2041,-1.7031,1.0671,-48.257,-23.292,-20.285,-12.787,-15.657,-13.954
-4.4907,-3.057,3.1279,8.5995,-2.7104,2.58,-45.922,-22.208,-19.198,-12.182,-15.168,-13.771
-4.6404,-1.2122,4.8275,7.6401,-3.7988,4.3452,-43.045,-20.938,-17.903,-11.38,-14.526,-13.421
-4.5757,0.80071,6.657,6.4691,-4.903,6.2843,-39.681,-19.46,-16.386,-10.353,-13.718,-12.872
-4.3866,2.8387,8.5061,5.2442,-5.9507,8.3107,-35.92,-17.756,-14.643,-9.0838,-12.725,-12.108
-4.1751,4.8062,10.269,4.1006,-6.8817,10.332,-31.893,-15.829,-12.693,-7.5783,-11.534,-11.128
-4.0189,6.6472,11.87,3.1153,-7.6623,12.26,-27.741,-13.706,-10.583,-5.8679,-10.148,-9.9519
-3.9491,8.3265,13.276,2.2978,-8.2863,14.02,-23.579,-11.438,-8.3792,-4.0025,-8.5882,-8.6117
-3.9505,9.8403,14.492,1.6043,-8.7652,15.574,-19.486,-9.0901,-6.1557,-2.0411,-6.8916,-7.1518
-3.9688,11.228,15.535,0.96197,-9.1159,16.917,-15.516,-6.7291,-3.9831,-0.043021,-5.0965,-5.6282
-3.922,12.542,16.416,0.29626,-9.3498,18.06,-11.714,-4.4172,-1.9177,1.9404,-3.238,-4.1034
-3.7246,13.801,17.129,-0.44651,-9.4683,19.013,-8.1255,-2.2095,0.001721,3.8712,-1.3484,-2.636
-3.3211,14.978,17.659,-1.2822,-9.4649,19.773,-4.7898,-0.15564,1.7504,5.7249,0.54155,-1.2695
-2.7114,16.017,17.994,-2.1808,-9.3361,20.333,-1.726,1.7002,3.3112,7.4816,2.4007,-0.02771
-1.9575,16.862,18.138,-3.0745,-9.0939,20.693,1.0666,3.324,4.6683,9.1161,4.1983,1.083
-1.1684,17.483,18.119,-3.8817,-8.7723,20.871,3.5986,4.6989,5.8047,10.592,5.905,2.0675
-0.46694,17.89,17.988,-4.5349,-8.4216,20.909,5.8809,5.8299,6.7039,11.864,7.4929,2.9354
0.049061,18.131,17.805,-5.0032,-8.0946,20.861,7.9214,6.7396,7.3552,12.88,8.9336,3.6963
0.33624,18.274,17.623,-5.2973,-7.8322,20.782,9.7224,7.4576,7.7584,13.597,10.194,4.3565
0.41385,18.383,17.478,-5.4615,-7.6559,20.714,11.28,8.0073,7.9268,13.991,11.236,4.9193
0.35044,18.503,17.386,-5.5588,-7.5664,20.673,12.585,8.3981,7.8855,14.067,12.023,5.3864
0.2355,18.651,17.347,-5.6524,-7.5485,20.658,13.62,8.6254,7.6657,13.866,12.529,5.7602
0.1451,18.812,17.352,-5.7844,-7.5801,20.659,14.374,8.6789,7.2979,13.453,12.754,6.0456
0.11467,18.957,17.395,-5.9581,-7.6436,20.663,14.843,8.5539,6.8078,12.902,12.726,6.2531
0.12997,19.048,17.48,-6.1374,-7.7334,20.666,15.04,8.2626,6.2164,12.276,12.502,6.4004
0.13708,19.057,17.613,-6.265,-7.8568,20.678,14.992,7.8367,5.5437,11.617,12.152,6.5112
0.064702,18.98,17.805,-6.2871,-8.028,20.708,14.74,7.3203,4.8101,10.941,11.739,6.6106
-0.14912,18.833,18.061,-6.1726,-8.2598,20.772,14.32,6.7563,4.0346,10.246,11.299,6.7149
-0.53304,18.645,18.375,-5.9234,-8.5585,20.873,13.763,6.173,3.2297,9.5134,10.833,6.8253
-1.0674,18.459,18.74,-5.577,-8.9224,21.014,13.088,5.5777,2.4,8.7291,10.317,6.9262
-1.682,18.327,19.157,-5.2031,-9.3415,21.195,12.301,4.9589,1.5444,7.8883,9.7139,6.9964
-2.2699,18.307,19.631,-4.8937,-9.7984,21.428,11.402,4.298,0.66197,7.0065,9.0032,7.0234
-2.7193,18.445,20.178,-4.7421,-10.27,21.733,10.387,3.5842,-0.24131,6.1198,8.1936,7.0115
-2.9518,18.762,20.8,-4.8103,-10.731,22.126,9.2527,2.8247,-1.1507,5.2747,7.3298,6.9787
-2.9487,19.244,21.485,-5.1038,-11.161,22.604,7.9932,2.0489,-2.0445,4.5123,6.4806,6.9475
-2.7536,19.845,22.198,-5.5725,-11.537,23.148,6.5962,1.2984,-2.9004,3.8573,5.7166,6.9361
-2.456,20.509,22.88,-6.1335,-11.845,23.717,5.0351,0.61187,-3.6964,3.3118,5.0891,6.9539
-2.1626,21.19,23.48,-6.7012,-12.079,24.272,3.2657,0.0082587,-4.4188,2.8565,4.6182,6.9996
-1.9645,21.855,23.957,-7.2126,-12.239,24.785,1.227,-0.52011,-5.0668,2.4559,4.2895,7.0623
-1.9074,22.491,24.293,-7.6398,-12.331,25.234,-1.1534,-1.0041,-5.6533,2.0668,4.0614,7.1237
-1.9762,23.099,24.478,-7.9868,-12.354,25.602,-3.9496,-1.4833,-6.2023,1.6503,3.8777,7.1612
-2.099,23.678,24.505,-8.2799,-12.301,25.872,-7.2216,-1.9902,-6.7413,1.1811,3.6826,7.1523
-2.1668,24.224,24.356,-8.5645,-12.149,26.017,-10.994,-2.5404,-7.3,0.65155,3.4338,7.0776
-2.0642,24.705,23.99,-8.8924,-11.863,25.988,-15.233,-3.1344,-7.9064,0.065027,3.1143,6.924
-1.7074,25.049,23.348,-9.2906,-11.396,25.718,-19.837,-3.7667,-8.582,-0.57814,2.7251,6.6862
-1.0703,25.146,22.354,-9.728,-10.692,25.123,-24.649,-4.4389,-9.3463,-1.2894,2.2742,6.3672
-0.19252,24.868,20.933,-10.115,-9.7034,24.115,-29.508,-5.1655,-10.218,-2.0924,1.7639,5.9742
0.83097,24.11,19.039,-10.339,-8.4062,22.622,-34.303,-5.9695,-11.213,-3.0129,1.186,5.5188
1.8747,22.81,16.672,-10.306,-6.8121,20.605,-39.007,-6.8669,-12.336,-4.0656,0.52735,5.0165
2.8236,20.958,13.882,-9.9734,-4.9705,18.087,-43.654,-7.8496,-13.568,-5.2423,-0.21928,4.4878
3.6134,18.595,10.738,-9.3598,-2.9488,15.145,-48.264,-8.8743,-14.863,-6.5065,-1.0457,3.9574
4.2418,15.799,7.3074,-8.5367,-0.80298,11.872,-52.787,-9.8711,-16.151,-7.7972,-1.927,3.4502
4.7532,12.672,3.651,-7.5978,1.4302,8.3394,-57.113,-10.764,-17.357,-9.0448,-2.8275,2.9855
5.2252,9.328,-0.17278,-6.625,3.7057,4.6064,-61.145,-11.497,-18.428,-10.192,-3.7095,2.5731
5.7534,5.8657,-4.1073,-5.6656,5.9483,0.75139,-64.807,-12.053,-19.345,-11.207,-4.5438,2.2125
6.4152,2.3628,-8.085,-4.7323,8.073,-3.1283,-67.999,-12.451,-20.124,-12.09,-5.3131,1.8983
7.2272,-1.1063,-12.009,-3.8208,10.015,-6.9223,-70.554,-12.728,-20.791,-12.854,-6.0076,1.6273
8.116,-4.4549,-15.745,-2.9225,11.725,-10.511,-72.276,-12.917,-21.363,-13.514,-6.6164,1.4042
8.9285,-7.59,-19.129,-2.0183,13.143,-13.778,-72.996,-13.029,-21.835,-14.07,-7.1231,1.2383
9.4753,-10.431,-21.98,-1.07,14.186,-16.627,-72.609,-13.059,-22.176,-14.507,-7.51,1.1357
9.5881,-12.925,-24.143,-0.031146,14.765,-18.982,-71.093,-12.993,-22.352,-14.796,-7.7666,1.0899
9.1768,-15.044,-25.528,1.1261,14.83,-20.797,-68.505,-12.823,-22.333,-14.912,-7.8951,1.082
8.2585,-16.757,-26.137,2.3846,14.408,-22.055,-64.959,-12.545,-22.107,-14.834,-7.9055,1.0856
6.9428,-18.026,-26.059,3.6771,13.601,-22.761,-60.594,-12.161,-21.673,-14.56,-7.8066,1.0788
5.3905,-18.817,-25.433,4.9057,12.56,-22.932,-55.541,-11.664,-21.035,-14.098,-7.6044,1.0506
3.7631,-19.12,-24.373,5.9763,11.417,-22.594,-49.938,-11.036,-20.204,-13.468,-7.3012,0.99923
2.1665,-18.965,-22.906,6.8309,10.206,-21.783,-43.953,-10.247,-19.187,-12.693,-6.9056,0.92299
0.61909,-18.419,-20.973,7.4588,8.8319,-20.546,-37.773,-9.2772,-17.996,-11.799,-6.4409,0.81306
-0.90386,-17.569,-18.508,7.8874,7.1972,-18.944,-31.551,-8.1284,-16.65,-10.82,-5.9502,0.65023
-2.3855,-16.508,-15.548,8.1594,5.3246,-17.054,-25.375,-6.8309,-15.178,-9.7955,-5.4928,0.40979
-3.759,-15.319,-12.279,8.3175,3.3376,-14.975,-19.295,-5.4422,-13.624,-8.7696,-5.134,0.066571
-4.9729,-14.073,-9.0005,8.3955,1.3918,-12.842,-13.392,-4.0367,-12.039,-7.7883,-4.9313,-0.39944
-6.0093,-12.838,-5.9953,8.4117,-0.39798,-10.797,-7.7575,-2.6849,-10.483,-6.8894,-4.9202,-0.99858
-6.8531,-11.668,-3.4277,8.3658,-1.9926,-8.9544,-2.4336,-1.4354,-9.0033,-6.0923,-5.1041,-1.7257
-7.489,-10.6,-1.3308,8.2461,-3.3844,-7.374,2.591,-0.30062,-7.6292,-5.3937,-5.4548,-2.5565
-7.9164,-9.6562,0.33617,8.05,-4.5612,-6.0698,7.3408,0.7337,-6.3722,-4.773,-5.926,-3.4525
-8.1655,-8.8614,1.6368,7.8079,-5.5167,-5.0296,11.835,1.6932,-5.2322,-4.2096,-6.474,-4.3747
-8.3111,-8.2605,2.6343,7.5927,-6.2721,-4.2373,16.087,2.5946,-4.2098,-3.6991,-7.0734,-5.2992
-8.4657,-7.9122,3.3885,7.5027,-6.8775,-3.6795,20.115,3.4353,-3.31,-3.2576,-7.7214,-6.222
-8.7427,-7.8587,3.9553,7.6247,-7.3928,-3.3377,23.944,4.2002,-2.5376,-2.9105,-8.4242,-7.1497
-9.2089,-8.0907,4.3855,7.9939,-7.8628,-3.1758,27.616,4.8764,-1.8888,-2.6735,-9.1826,-8.0795
-9.8518,-8.5352,4.7177,8.5739,-8.2974,-3.1389,31.189,5.4638,-1.3465,-2.538,-9.9792,-8.9873
-10.584,-9.0798,4.9726,9.2696,-8.6743,-3.1676,34.728,5.9744,-0.88461,-2.471,-10.776,-9.8299
-11.283,-9.6163,5.153,9.9643,-8.9576,-3.2195,38.267,6.4224,-0.47934,-2.428,-11.524,-10.562
-11.847,-10.075,5.25,10.557,-9.1208,-3.2816,41.759,6.8123,-0.1203,-2.3699,-12.175,-11.155
-12.225,-10.433,5.2529,10.986,-9.1591,-3.3661,45.07,7.1326,0.1875,-2.279,-12.701,-11.61
-12.409,-10.694,5.1595,11.223,-9.0884,-3.4905,48.032,7.3591,0.42591,-2.1629,-13.096,-11.953
-12.411,-10.863,4.9845,11.267,-8.9372,-3.6548,50.532,7.465,0.57387,-2.0483,-13.37,-12.224
-12.25,-10.923,4.7645,11.126,-8.7387,-3.8288,52.542,7.4313,0.61825,-1.9684,-13.548,-12.461
-11.95,-10.843,4.5485,10.815,-8.5235,-3.9598,54.101,7.2566,0.56172,-1.9479,-13.649,-12.691
-11.532,-10.588,4.3795,10.351,-8.3083,-3.9962,55.271,6.9553,0.41942,-1.9938,-13.686,-12.932
-11,-10.147,4.272,9.758,-8.0841,-3.9136,56.106,6.5521,0.21573,-2.091,-13.659,-13.188
-10.345,-9.5458,4.2033,9.0638,-7.815,-3.7254,56.642,6.0761,-0.023197,-2.2058,-13.558,-13.447
-9.5535,-8.8377,4.1248,8.3056,-7.4541,-3.477,56.888,5.5557,-0.27174,-2.2962,-13.368,-13.689
-8.6486,-8.096,3.9879,7.5334,-6.9714,-3.2266,56.822,5.0158,-0.50992,-2.3288,-13.081,-13.89
-7.6965,-7.3901,3.7661,6.8046,-6.3729,-3.0237,56.396,4.4726,-0.72477,-2.292,-12.702,-14.03
-6.7853,-6.7609,3.4645,6.1651,-5.6978,-2.8909,55.555,3.9375,-0.90959,-2.1996,-12.25,-14.097
-5.9831,-6.2013,3.1135,5.6265,-4.9973,-2.8164,54.261,3.415,-1.0626,-2.0829,-11.746,-14.087
-5.3104,-5.66,2.7517,5.1541,-4.3113,-2.7621,52.5,2.9038,-1.1877,-1.9761,-11.211,-13.991
-4.7378,-5.0711,2.4072,4.6801,-3.6572,-2.6876,50.29,2.3954,-1.2965,-1.9057,-10.662,-13.799
-4.2061,-4.3954,2.0869,4.1382,-3.0338,-2.5746,47.659,1.8705,-1.4101,-1.8858,-10.115,-13.506
-3.6533,-3.6477,1.7793,3.4967,-2.4333,-2.4382,44.653,1.3014,-1.5543,-1.9164,-9.5806,-13.12
-3.0356,-2.8903,1.4659,2.7717,-1.8513,-2.3173,41.355,0.66143,-1.7486,-1.9813,-9.066,-12.657
-2.3359,-2.2015,1.1331,2.0136,-1.2877,-2.2513,37.887,-0.061022,-1.9947,-2.0497,-8.5661,-12.133
-1.562,-1.6383,0.77556,1.2798,-0.74173,-2.2609,34.387,-0.85376,-2.2723,-2.0859,-8.0635,-11.55
-0.74096,-1.2176,0.39414,0.61268,-0.20905,-2.3419,30.955,-1.6835,-2.5477,-2.0641,-7.5332,-10.894
0.085119,-0.9211,-0.0073379,0.033,0.31558,-2.4714,27.634,-2.5083,-2.7897,-1.9799,-6.9558,-10.147
0.86353,-0.71192,-0.42325,-0.4547,0.833,-2.6177,24.418,-3.293,-2.9844,-1.8551,-6.3275,-9.3048
1.5398,-0.55392,-0.8475,-0.85441,1.3374,-2.7532,21.288,-4.0214,-3.1423,-1.7316,-5.6675,-8.3787
2.0721,-0.42321,-1.2754,-1.1737,1.8181,-2.863,18.235,-4.6969,-3.2937,-1.6584,-5.011,-7.3989
2.4461,-0.30981,-1.7032,-1.4234,2.2634,-2.946,15.272,-5.3387,-3.4732,-1.6731,-4.3953,-6.3997
2.6822,-0.21047,-2.123,-1.6202,2.6626,-3.0088,12.445,-5.9691,-3.704,-1.7871,-3.8456,-5.4104
2.8307,-0.1196,-2.5194,-1.7876,3.0075,-3.0564,9.8158,-6.6063,-3.9902,-1.982,-3.3662,-4.4518
2.9585,-0.026253,-2.8728,-1.952,3.2955,-3.0893,7.4427,-7.2653,-4.3241,-2.223,-2.9439,-3.5422
3.1326,0.082383,-3.1708,-2.1384,3.5349,-3.1074,5.3511,-7.9626,-4.6998,-2.483,-2.5599,-2.7038
3.4047,0.21703,-3.4187,-2.3668,3.7476,-3.1145,3.5256,-8.7202,-5.1233,-2.7582,-2.2042,-1.9633
3.8005,0.38581,-3.6383,-2.6517,3.9627,-3.1181,1.9188,-9.5602,-5.6102,-3.0676,-1.8814,-1.3444
4.3122,0.59456,-3.8553,-2.9977,4.2047,-3.1242,0.46919,-10.496,-6.1747,-3.4375,-1.6072,-0.85773
4.8959,0.84583,-4.0835,-3.3934,4.4806,-3.1313,-0.88234,-11.522,-6.8162,-3.8825,-1.397,-0.49599
5.478,1.1382,-4.3137,-3.8105,4.7732,-3.1257,-2.1806,-12.611,-7.5104,-4.394,-1.2555,-0.23691
5.9732,1.4677,-4.5108,-4.212,5.0438,-3.0813,-3.4466,-13.714,-8.2092,-4.9382,-1.1705,-0.049694
6.3118,1.8295,-4.6236,-4.5652,5.2452,-2.9653,-4.6711,-14.771,-8.8497,-5.4634,-1.113,0.098555
6.4639,2.2163,-4.6046,-4.8537,5.3409,-2.7526,-5.8174,-15.721,-9.3713,-5.915,-1.0432,0.23878
6.4503,2.6149,-4.4329,-5.0799,5.3222,-2.44,-6.8379,-16.519,-9.7356,-6.252,-0.91952,0.39706
6.3356,3.0063,-4.1245,-5.2595,5.2122,-2.0502,-7.6937,-17.147,-9.938,-6.4568,-0.70892,0.59228
6.2034,3.3727,-3.7194,-5.4119,5.0496,-1.6203,-8.3666,-17.616,-10.005,-6.5342,-0.39193,0.83518
6.12,3.7087,-3.2573,-5.5528,4.8649,-1.1816,-8.8544,-17.957,-9.9728,-6.5012,0.037326,1.1296
6.1057,4.0286,-2.758,-5.692,4.664,-0.74389,-9.1597,-18.204,-9.8726,-6.374,0.57587,1.475
6.1304,4.3624,-2.2191,-5.8317,4.4284,-0.29435,-9.2797,-18.378,-9.7111,-6.1598,1.2183,1.8697
6.1299,4.7431,-1.626,-5.9662,4.1267,0.19198,-9.2038,-18.485,-9.4708,-5.8538,1.9612,2.313
6.0302,5.1902,-0.96487,-6.0811,3.7294,0.73838,-8.9182,-18.516,-9.12,-5.4403,2.804,2.8059
5.7691,5.6952,-0.23311,-6.1533,3.2217,1.3539,-8.4134,-18.452,-8.6287,-4.8986,3.7458,3.3495
5.3102,6.212,0.55419,-6.1487,2.6105,2.0225,-7.6905,-18.281,-7.9835,-4.2111,4.7808,3.9408
4.6506,6.6579,1.3614,-6.0243,1.9243,2.6959,-6.765,-17.995,-7.1937,-3.3728,5.8969,4.5691
3.8222,6.9307,2.1348,-5.7376,1.2077,3.2971,-5.6643,-17.594,-6.2859,-2.3934,7.0783,5.2169
2.8872,6.9398,2.812,-5.2645,0.51167,3.7381,-4.4219,-17.08,-5.2909,-1.2937,8.3116,5.8667
1.925,6.6369,3.3373,-4.6144,-0.11828,3.9485,-3.0708,-16.445,-4.2299,-0.09832,9.5899,6.5084
1.0148,6.0306,3.6752,-3.833,-0.65062,3.8972,-1.6447,-15.68,-3.1112,1.1699,10.913,7.1415
0.21847,5.1775,3.815,-2.9884,-1.0697,3.5972,-0.18305,-14.78,-1.9358,2.488,12.277,7.7694
-0.42965,4.1604,3.7652,-2.148,-1.3707,3.0941,1.267,-13.757,-0.70911,3.8273,13.669,8.3898
-0.92468,3.0636,3.543,-1.3537,-1.5522,2.4449,2.6556,-12.646,0.54911,5.1494,15.054,8.9879
-1.2889,1.9477,3.161,-0.60873,-1.6111,1.6936,3.938,-11.503,1.8011,6.4073,16.379,9.5362
-1.5667,0.82695,2.619,0.11803,-1.5409,0.85522,5.0786,-10.395,2.9954,7.5538,17.586,10.001
-1.8123,-0.33429,1.9071,0.87374,-1.336,-0.086275,6.0531,-9.3909,4.0772,8.5513,18.623,10.353
-2.0677,-1.5982,1.0169,1.6976,-0.99974,-1.1626,6.8483,-8.5416,5.0007,9.3786,19.467,10.576
-2.3426,-3.0127,-0.044445,2.5982,-0.54905,-2.3973,7.4609,-7.8777,5.7369,10.03,20.123,10.667
-2.6053,-4.5766,-1.2485,3.5376,-0.013229,-3.7866,7.8949,-7.4072,6.2751,10.505,20.619,10.636
-2.7859,-6.2301,-2.5517,4.4339,0.57408,-5.2934,8.1578,-7.1235,6.6153,10.807,20.982,10.493
-2.8007,-7.8733,-3.9069,5.1853,1.184,-6.8554,8.258,-7.0138,6.7666,10.933,21.227,10.25
-2.5929,-9.3989,-5.2731,5.703,1.797,-8.4011,8.2043,-7.0636,6.7461,10.884,21.354,9.9218
-2.1659,-10.72,-6.6196,5.9486,2.4013,-9.8659,8.0068,-7.254,6.5818,10.669,21.363,9.5236
-1.589,-11.796,-7.9262,5.9626,2.9885,-11.207,7.6774,-7.56,6.3124,10.316,21.262,9.0749
-0.98246,-12.655,-9.1838,5.8661,3.5496,-12.411,7.2301,-7.9473,5.9811,9.867,21.08,8.5962
-0.49366,-13.405,-10.392,5.8309,4.0739,-13.499,6.6804,-8.3785,5.6249,9.3687,20.853,8.106
-0.26402,-14.2,-11.557,6.0313,4.5494,-14.515,6.0447,-8.8198,5.2642,8.8622,20.617,7.6193
-0.38629,-15.18,-12.682,6.5863,4.9613,-15.504,5.3403,-9.2495,4.9012,8.3671,20.391,7.1455
-0.86546,-16.404,-13.768,7.5103,5.2976,-16.495,4.583,-9.6637,4.5173,7.8777,20.17,6.6858
-1.6082,-17.82,-14.805,8.6963,5.557,-17.487,3.7851,-10.077,4.0779,7.3672,19.927,6.2326
-2.4409,-19.277,-15.792,9.9441,5.7549,-18.448,2.954,-10.52,3.5419,6.8004,19.62,5.7717
-3.1538,-20.589,-16.722,11.018,5.922,-19.335,2.0925,-11.024,2.8767,6.1474,19.203,5.2894
-3.5674,-21.601,-17.596,11.718,6.0968,-20.118,1.1987,-11.612,2.0725,5.3969,18.645,4.7804
-3.5917,-22.237,-18.425,11.942,6.3144,-20.794,0.26539,-12.291,1.1505,4.563,17.944,4.2519
-3.2437,-22.518,-19.233,11.716,6.5986,-21.388,-0.72151,-13.041,0.15953,3.6837,17.121,3.7204
-2.6308,-22.562,-20.053,11.191,6.9604,-21.945,-1.7823,-13.821,-0.83458,2.8111,16.222,3.2055
-1.921,-22.541,-20.918,10.59,7.4019,-22.511,-2.9415,-14.578,-1.764,1.9941,15.302,2.7217
-1.2979,-22.63,-21.846,10.146,7.9212,-23.118,-4.2239,-15.253,-2.5733,1.2636,14.419,2.2755
-0.89754,-22.944,-22.841,10.028,8.5158,-23.771,-5.6509,-15.801,-3.2285,0.62705,13.616,1.8666
-0.75938,-23.508,-23.886,10.277,9.1828,-24.444,-7.239,-16.198,-3.7193,0.069808,12.922,1.4919
-0.81819,-24.235,-24.945,10.783,9.9167,-25.09,-9.0011,-16.447,-4.0546,-0.43705,12.343,1.1493
-0.92858,-24.946,-25.972,11.33,10.709,-25.65,-10.952,-16.575,-4.2587,-0.92788,11.866,0.83499
-0.90563,-25.434,-26.923,11.679,11.552,-26.079,-13.112,-16.633,-4.3679,-1.4333,11.464,0.54124
-0.58207,-25.551,-27.777,11.646,12.437,-26.36,-15.501,-16.685,-4.4272,-1.9729,11.092,0.25459
0.12791,-25.255,-28.529,11.157,13.349,-26.509,-18.126,-16.797,-4.485,-2.5512,10.704,-0.041321
1.1902,-24.609,-29.187,10.253,14.257,-26.57,-20.965,-17.016,-4.5836,-3.1572,10.273,-0.36081
2.4619,-23.749,-29.763,9.0786,15.111,-26.595,-23.953,-17.358,-4.7509,-3.769,9.7943,-0.71112
3.7431,-22.83,-30.261,7.8388,15.847,-26.629,-26.994,-17.8,-4.991,-4.361,9.2972,-1.0888
4.8461,-21.979,-30.668,6.7323,16.411,-26.684,-29.979,-18.295,-5.2844,-4.9102,8.8268,-1.4782
5.6542,-21.263,-30.953,5.8878,16.77,-26.738,-32.813,-18.785,-5.5865,-5.4005,8.4301,-1.8527
6.1473,-20.682,-31.066,5.3276,16.916,-26.728,-35.432,-19.219,-5.8378,-5.8226,8.1432,-2.1806
6.3771,-20.174,-30.925,4.9865,16.861,-26.571,-37.804,-19.559,-5.9784,-6.1698,7.9847,-2.4326
6.4195,-19.658,-30.443,4.7681,16.618,-26.186,-39.907,-19.788,-5.9647,-6.4321,7.955,-2.5893
6.3388,-19.068,-29.55,4.5934,16.187,-25.529,-41.72,-19.9,-5.7829,-6.594,8.0391,-2.6467
6.1654,-18.375,-28.231,4.4308,15.57,-24.607,-43.214,-19.904,-5.4561,-6.6422,8.2064,-2.6168
5.889,-17.607,-26.547,4.3076,14.78,-23.48,-44.357,-19.822,-5.041,-6.5769,8.42,-2.5228
5.4756,-16.829,-24.608,4.2848,13.838,-22.22,-45.122,-19.685,-4.613,-6.4204,8.6379,-2.3915
4.8985,-16.09,-22.52,4.4007,12.751,-20.88,-45.49,-19.53,-4.2443,-6.2141,8.82,-2.2436
4.1669,-15.385,-20.35,4.6268,11.529,-19.476,-45.458,-19.383,-3.9822,-6.0059,8.9332,-2.0883
3.3311,-14.642,-18.13,4.8722,10.196,-18.003,-45.035,-19.255,-3.8407,-5.8375,8.9498,-1.9252
2.4624,-13.773,-15.887,5.0256,8.8025,-16.444,-44.239,-19.149,-3.8054,-5.7361,8.8434,-1.7507
1.6233,-12.713,-13.652,5.0031,7.3963,-14.797,-43.097,-19.058,-3.846,-5.7119,8.5877,-1.5635
0.84852,-11.459,-11.461,4.7816,6.0159,-13.085,-41.644,-18.967,-3.9267,-5.7589,8.1674,-1.3666
0.13899,-10.079,-9.3549,4.4096,4.6863,-11.359,-39.926,-18.85,-4.0123,-5.8567,7.5896,-1.1635
-0.52992,-8.6964,-7.3725,3.993,3.4251,-9.6909,-38.003,-18.675,-4.0701,-5.9763,6.8899,-0.95452
-1.1922,-7.4583,-5.5491,3.6592,2.2483,-8.1565,-35.946,-18.406,-4.0742,-6.0872,6.1199,-0.73463
-1.8721,-6.4871,-3.9101,3.5142,1.1704,-6.8119,-33.826,-18.019,-4.0073,-6.1662,5.3343,-0.49411
-2.569,-5.8449,-2.4685,3.6076,0.20477,-5.6791,-31.686,-17.514,-3.8625,-6.2021,4.5766,-0.21996
-3.2538,-5.5148,-1.222,3.9171,-0.63899,-4.7403,-29.533,-16.91,-3.6437,-6.1961,3.8708,0.10191
-3.8777,-5.4061,-0.15244,4.3572,-1.3604,-3.9451,-27.35,-16.244,-3.3647,-6.1589,3.2204,0.48198
-4.3875,-5.3831,0.77195,4.8085,-1.9711,-3.228,-25.128,-15.554,-3.0508,-6.1056,2.6128,0.92099
-4.7423,-5.3071,1.5885,5.154,-2.4922,-2.5315,-22.885,-14.878,-2.7357,-6.0513,2.0287,1.4071
-4.9192,-5.0711,2.3283,5.3065,-2.9461,-1.8226,-20.662,-14.24,-2.4537,-6.0052,1.4532,1.9197
-4.9127,-4.612,3.0067,5.218,-3.3427,-1.095,-18.499,-13.646,-2.23,-5.9651,0.88632,2.4379
-4.732,-3.9084,3.6226,4.8788,-3.6739,-0.35771,-16.417,-13.087,-2.0705,-5.9137,0.34767,2.9502
-4.4026,-2.9784,4.1693,4.3127,-3.9224,0.37944,-14.413,-12.533,-1.9552,-5.8198,-0.12528,3.459
-3.9693,-1.8755,4.6474,3.5741,-4.0772,1.115,-12.467,-11.942,-1.8427,-5.6468,-0.48701,3.9767
-3.494,-0.67798,5.0703,2.7441,-4.1472,1.8523,-10.557,-11.278,-1.6852,-5.3668,-0.69928,4.5151
-3.0459,0.5273,5.4565,1.9167,-4.1618,2.587,-8.6798,-10.522,-1.4505,-4.9753,-0.74642,5.0721
-2.6826,1.6612,5.8179,1.1738,-4.16,3.297,-6.8544,-9.6844,-1.138,-4.4975,-0.64308,5.6245
-2.4258,2.6639,6.1534,0.55898,-4.1725,3.9468,-5.1111,-8.7959,-0.77738,-3.9806,-0.43007,6.1327
-2.2443,3.5104,6.4524,0.062477,-4.2086,4.5072,-3.476,-7.8914,-0.41008,-3.4733,-0.15953,6.5564
-2.0644,4.2198,6.7017,-0.37322,-4.2516,4.9744,-1.9559,-6.9913,-0.065691,-3.0023,0.12314,6.8711
-1.806,4.8392,6.8894,-0.82021,-4.2673,5.37,-0.53635,-6.097,0.25276,-2.5614,0.39078,7.0743
-1.4233,5.4035,7.0032,-1.3191,-4.2182,5.7165,0.80979,-5.1896,0.56677,-2.1188,0.63388,7.1787
-0.93077,5.8998,7.0254,-1.8469,-4.0799,6.0067,2.1097,-4.2471,0.90677,-1.6397,0.85055,7.1986
-0.40245,6.2602,6.9319,-2.3176,-3.8506,6.1913,3.3833,-3.2574,1.2952,-1.1085,1.0355,7.1401
0.054281,6.3881,6.6989,-2.6179,-3.5505,6.1965,4.6446,-2.223,1.7361,-0.53877,1.1751,6.9987
0.34401,6.2099,6.3167,-2.6647,-3.2136,5.9641,5.9077,-1.1581,2.2159,0.032926,1.2495,6.765
0.4327,5.731,5.8015,-2.4548,-2.8732,5.4902,7.1925,-0.082151,2.7121,0.56451,1.2417,6.4315
0.37581,5.0565,5.1962,-2.0822,-2.5489,4.84,8.5263,0.98781,3.2055,1.0287,1.1456,6.0008
0.30057,4.3635,4.5609,-1.7117,-2.2399,4.1296,9.9384,2.0418,3.6896,1.4264,0.97175,5.4912
0.34684,3.8361,3.9561,-1.5124,-1.9307,3.4854,11.448,3.077,4.1729,1.787,0.74597,4.936
0.60183,3.5905,3.4284,-1.5817,-1.6068,2.9985,13.051,4.0922,4.6754,2.1572,0.50252,4.3752
1.0607,3.6255,3.0026,-1.9009,-1.2705,2.6964,14.714,5.0836,5.2196,2.5844,0.27522,3.844
1.6261,3.827,2.6853,-2.344,-0.94754,2.5457,16.381,6.0443,5.8236,3.1033,0.091483,3.3632
2.1459,4.0262,2.4749,-2.7352,-0.68,2.4833,17.998,6.9704,6.4964,3.7305,-0.030215,2.9392
2.4758,4.0872,2.3721,-2.9292,-0.51003,2.459,19.53,7.8673,7.2361,4.4652,-0.080331,2.5695
2.5409,3.976,2.3835,-2.8784,-0.46224,2.4648,20.96,8.7499,8.0309,5.295,-0.056275,2.2511
2.3667,3.7772,2.5171,-2.6515,-0.53315,2.5382,22.282,9.637,8.8617,6.2009,0.040841,1.9861
2.0621,3.6513,2.7742,-2.3991,-0.69291,2.739,23.481,10.543,9.7056,7.1607,0.20863,1.7825
1.7682,3.7615,3.1434,-2.2879,-0.8985,3.1161,24.533,11.467,10.537,8.1484,0.4426,1.6492
1.6012,4.2066,3.5998,-2.4381,-1.1109,3.6797,25.396,12.393,11.326,9.1308,0.7311,1.5869
1.6124,4.982,4.1074,-2.8784,-1.3074,4.389,26.02,13.274,12.031,10.062,1.0481,1.5794
1.7772,5.9788,4.6229,-3.5349,-1.4833,5.1595,26.346,14.044,12.596,10.88,1.3501,1.5927
2.0156,7.0201,5.1004,-4.2619,-1.6443,5.8871,26.325,14.622,12.953,11.513,1.5835,1.5846
2.2315,7.9271,5.4987,-4.9042,-1.7971,6.4807,25.929,14.937,13.043,11.895,1.7019,1.5196
2.3501,8.5826,5.7903,-5.3544,-1.9447,6.8871,25.156,14.954,12.835,11.991,1.6815,1.381
2.3388,8.9551,5.9669,-5.5755,-2.0873,7.0944,24.027,14.682,12.34,11.797,1.525,1.1726
2.2123,9.077,6.0374,-5.5875,-2.2245,7.1175,22.569,14.168,11.601,11.342,1.251,0.91289
2.0245,8.9983,6.0183,-5.4457,-2.3549,6.9806,20.816,13.469,10.683,10.669,0.87862,0.62438
1.8442,8.7495,5.9224,-5.2195,-2.4742,6.7031,18.798,12.644,9.6558,9.8268,0.41812,0.32424
1.7223,8.3292,5.7526,-4.9637,-2.5744,6.2944,16.551,11.739,8.577,8.8627,-0.12894,0.019472
1.666,7.7129,5.5035,-4.6889,-2.646,5.7548,14.125,10.79,7.4909,7.8193,-0.76301,-0.29169
1.6355,6.8746,5.1689,-4.3534,-2.6837,5.0832,11.588,9.8248,6.4247,6.7298,-1.4786,-0.61372
1.554,5.8029,4.7504,-3.8851,-2.6914,4.2871,9.0227,8.8625,5.3911,5.6157,-2.2596,-0.94767
1.3292,4.5082,4.2647,-3.2137,-2.6846,3.3893,6.5164,7.9151,4.3907,4.4876,-3.0791,-1.288
0.88605,3.0314,3.747,-2.3029,-2.6884,2.4333,4.1418,6.9851,3.4158,3.3527,-3.9024,-1.6224
0.1993,1.4541,3.2489,-1.1729,-2.73,1.4854,1.9552,6.0689,2.4585,2.2263,-4.6897,-1.9321
-0.68788,-0.098151,2.8303,0.091159,-2.8298,0.63021,0.003128,5.1621,1.5175,1.1387,-5.4017,-2.193
-1.6699,-1.4713,2.5469,1.3511,-2.9944,-0.042579,-1.6712,4.2627,0.60075,0.12991,-6.0058,-2.3792
-2.6058,-2.5164,2.4364,2.4471,-3.215,-0.46006,-3.0288,3.3706,-0.28147,-0.76469,-6.4853,-2.4717
-3.3581,-3.1312,2.5094,3.2387,-3.4709,-0.58801,-4.0439,2.4829,-1.1257,-1.5288,-6.8443,-2.4683
-3.8296,-3.2881,2.7485,3.6407,-3.739,-0.44009,-4.7124,1.5912,-1.9393,-2.1693,-7.1065,-2.3889
-3.986,-3.0334,3.1196,3.6406,-4.0033,-0.06705,-5.0531,0.68598,-2.7348,-2.7086,-7.3042,-2.2683
-3.8613,-2.462,3.587,3.2969,-4.2626,0.46733,-5.0998,-0.23274,-3.5202,-3.1701,-7.4654,-2.142
-3.5458,-1.6856,4.1244,2.7207,-4.532,1.1067,-4.8906,-1.1477,-4.2908,-3.5701,-7.6059,-2.0324
-3.1598,-0.80826,4.7156,2.0483,-4.8359,1.8086,-4.4593,-2.0253,-5.0295,-3.9169,-7.7312,-1.945
-2.8196,0.089531,5.3476,1.4066,-5.1955,2.5392,-3.8369,-2.8257,-5.713,-4.2175,-7.8447,-1.8727
-2.6028,0.95662,6.0044,0.87974,-5.6151,3.2685,-3.0568,-3.5169,-6.3198,-4.4822,-7.9568,-1.8071
-2.5306,1.7667,6.6638,0.49072,-6.076,3.9704,-2.1591,-4.0848,-6.8394,-4.726,-8.086,-1.7454
-2.5782,2.5053,7.3015,0.2128,-6.5425,4.6267,-1.1895,-4.5368,-7.2793,-4.9678,-8.2549,-1.6939
-2.705,3.1533,7.8961,0.0081525,-6.9778,5.2249,-0.19395,-4.8984,-7.6684,-5.2288,-8.4847,-1.6668
-2.8851,3.6723,8.4336,-0.13122,-7.3592,5.7521,0.78806,-5.2063,-8.0521,-5.5299,-8.7917,-1.6819
-3.1224,4.0033,8.9081,-0.16659,-7.6838,6.1908,1.7288,-5.5002,-8.4813,-5.8888,-9.1854,-1.7565
-3.4433,4.089,9.32,-0.031437,-7.9649,6.5245,2.6127,-5.8152,-8.9985,-6.3149,-9.6653,-1.9013
-3.8721,3.914,9.6726,0.32225,-8.2186,6.7483,3.433,-6.1752,-9.6277,-6.8049,-10.219,-2.1163
-4.4008,3.5274,9.969,0.88042,-8.4525,6.8761,4.1873,-6.5918,-10.37,-7.3422,-10.823,-2.3897
-4.975,3.036,10.21,1.5548,-8.6598,6.9393,4.8749,-7.0666,-11.21,-7.9019,-11.447,-2.7019
-5.503,2.5746,10.391,2.2047,-8.8202,6.9758,5.4956,-7.5967,-12.12,-8.4599,-12.063,-3.0336
-5.8793,2.272,10.505,2.6772,-8.9074,7.0177,6.0498,-8.178,-13.078,-9.0003,-12.654,-3.3762
-6.0124,2.2201,10.542,2.8488,-8.9005,7.0843,6.5383,-8.805,-14.067,-9.518,-13.219,-3.7357
-5.8484,2.4602,10.507,2.6543,-8.7942,7.1877,6.9629,-9.4685,-15.075,-10.015,-13.769,-4.1302
-5.3865,2.9823,10.425,2.0995,-8.6049,7.3412,7.3259,-10.153,-16.089,-10.491,-14.319,-4.5788
-4.6819,3.7282,10.337,1.2613,-8.3675,7.5601,7.6308,-10.838,-17.091,-10.94,-14.877,-5.0873
-3.8369,4.5968,10.286,0.27587,-8.1268,7.8482,7.8819,-11.499,-18.053,-11.35,-15.44,-5.64
-2.978,5.4567,10.296,-0.68614,-7.9245,8.1819,8.0824,-12.116,-18.947,-11.705,-16,-6.2036
-2.2251,6.176,10.363,-1.4626,-7.7876,8.5085,8.2324,-12.678,-19.748,-12.001,-16.55,-6.7401
-1.6631,6.6589,10.457,-1.9477,-7.7227,8.7655,8.3286,-13.183,-20.448,-12.239,-17.086,-7.2212
-1.3279,6.8716,10.545,-2.1227,-7.7196,8.9097,8.3649,-13.631,-21.053,-12.428,-17.611,-7.6345
-1.2132,6.8434,10.607,-2.0484,-7.7631,8.9383,8.3362,-14.023,-21.577,-12.573,-18.127,-7.981
-1.2897,6.643,10.65,-1.8246,-7.844,8.8888,8.2413,-14.356,-22.041,-12.673,-18.625,-8.268
-1.526,6.3452,10.702,-1.537,-7.9631,8.8198,8.0856,-14.628,-22.457,-12.725,-19.097,-8.5033
-1.9039,6.0037,10.792,-1.217,-8.1272,8.7815,7.8787,-14.842,-22.822,-12.722,-19.531,-8.6914
-2.4236,5.6343,10.933,-0.83195,-8.3431,8.7906,7.6312,-15.009,-23.124,-12.663,-19.926,-8.8339
-3.0922,5.2111,11.117,-0.31409,-8.6142,8.8226,7.3498,-15.151,-23.347,-12.553,-20.288,-8.9313
-3.8966,4.6839,11.323,0.38564,-8.9367,8.827,7.0358,-15.291,-23.482,-12.407,-20.626,-8.983
-4.7791,4.0227,11.524,1.2508,-9.297,8.7591,6.6864,-15.45,-23.539,-12.243,-20.942,-8.9857
-5.6355,3.2643,11.705,2.1845,-9.67,8.6126,6.296,-15.638,-23.542,-12.072,-21.23,-8.9329
-6.3384,2.5197,11.868,3.0339,-10.026,8.4298,5.857,-15.854,-23.523,-11.901,-21.478,-8.8175
-6.7776,1.9374,12.036,3.6399,-10.34,8.2886,5.3595,-16.093,-23.514,-11.726,-21.677,-8.6364
-6.8957,1.6521,12.248,3.8889,-10.605,8.2767,4.7912,-16.348,-23.533,-11.546,-21.819,-8.3934
-6.7054,1.7424,12.546,3.7467,-10.83,8.4655,4.1397,-16.617,-23.579,-11.363,-21.903,-8.0985
-6.2852,2.2045,12.965,3.2695,-11.034,8.8893,3.3963,-16.903,-23.635,-11.185,-21.931,-7.7642
-5.7592,2.9492,13.517,2.591,-11.236,9.5344,2.5589,-17.21,-23.676,-11.026,-21.907,-7.4028
-5.267,3.828,14.194,1.8852,-11.456,10.345,1.6321,-17.544,-23.686,-10.904,-21.834,-7.0261
-4.9298,4.6855,14.978,1.3154,-11.714,11.246,0.62571,-17.91,-23.668,-10.838,-21.715,-6.6463
-4.8197,5.4216,15.859,0.9813,-12.035,12.177,-0.44872,-18.313,-23.65,-10.84,-21.551,-6.2751
-4.942,6.0315,16.848,0.88598,-12.445,13.119,-1.5799,-18.769,-23.673,-10.912,-21.339,-5.9219
-5.2397,6.6001,17.97,0.94221,-12.97,14.103,-2.7589,-19.301,-23.779,-11.05,-21.079,-5.5942
-5.6205,7.2527,19.26,1.0141,-13.634,15.187,-3.9807,-19.938,-24.002,-11.248,-20.775,-5.299
-6.0002,8.0995,20.753,0.97059,-14.456,16.426,-5.2431,-20.717,-24.357,-11.506,-20.437,-5.0443
-6.3373,9.196,22.48,0.73635,-15.456,17.851,-6.5438,-21.657,-24.842,-11.823,-20.078,-4.8365
-6.6454,10.52,24.456,0.32511,-16.641,19.457,-7.8748,-22.761,-25.437,-12.197,-19.712,-4.6778
-6.9803,11.974,26.668,-0.16363,-17.995,21.206,-9.217,-24.007,-26.114,-12.613,-19.338,-4.5639
-7.4188,13.417,29.063,-0.59037,-19.475,23.038,-10.539,-25.34,-26.834,-13.047,-18.947,-4.4834
-8.034,14.724,31.541,-0.83302,-21.01,24.88,-11.8,-26.689,-27.555,-13.462,-18.52,-4.4181
-8.8671,15.833,33.972,-0.82428,-22.525,26.657,-12.96,-27.974,-28.228,-13.816,-18.041,-4.3461
-9.9055,16.748,36.244,-0.56612,-23.968,28.312,-13.983,-29.132,-28.814,-14.076,-17.506,-4.2477
-11.088,17.523,38.319,-0.12492,-25.33,29.831,-14.846,-30.132,-29.283,-14.228,-16.929,-4.111
-12.333,18.243,40.253,0.38997,-26.653,31.248,-15.533,-30.986,-29.631,-14.28,-16.334,-3.9318
-13.565,19.007,42.175,0.85195,-28.009,32.633,-16.03,-31.755,-29.864,-14.249,-15.745,-3.7088
-14.731,19.918,44.259,1.1418,-29.499,34.068,-16.323,-32.532,-29.986,-14.14,-15.159,-3.4342
-15.808,21.058,46.71,1.1782,-31.241,35.622,-16.389,-33.415,-29.972,-13.919,-14.536,-3.0834
-16.805,22.479,49.777,0.94603,-33.353,37.335,-16.204,-34.457,-29.744,-13.488,-13.795,-2.6062
-17.755,24.274,53.568,0.49575,-35.77,39.22,-15.74,-35.616,-29.14,-12.668,-12.815,-1.9257
-18.716,26.831,56.895,-0.092331,-37.658,41.286,-14.966,-36.675,-27.903,-11.201,-11.451,-0.94502
-19.781,30.956,57.398,-0.75384,-37.929,42.537,-13.846,-37.215,-25.704,-8.7671,-9.5323,0.44653
-21.04,32.728,56.117,-1.4746,-37.332,41.719,-12.35,-36.66,-22.281,-6.0112,-6.9972,2.3835
-22.51,30.124,54.707,-2.2862,-37.082,39.919,-10.477,-34.439,-18.355,-14.967,-6.9504,4.806
-24.117,27.664,54.634,-2.6761,-38.008,38.804,-8.282,-30.366,-24.564,-19.101,-8.7813,4.283
-25.681,26.869,57.629,0.62909,-40.729,40.183,-5.8815,-26.069,-45.365,-19.458,-8.6636,-0.40774
-27,29.601,65.092,4.8846,-45.916,45.525,-3.4486,-34.052,-47.785,-18.594,-7.3247,-0.36541
-29.564,37.083,77.854,4.9115,-54.617,56.049,-1.2638,-61.27,-46.991,-14.65,-3.4741,2.7973
-40.769,49.659,97.013,0.79223,-68.097,72.73,0.1612,-73.82,-41.342,-4.9763,4.2211,9.3856
-50.358,67.47,123.57,-7.4301,-85.525,96.24,0.12804,-80.756,-27.138,13.396,17.246,20.223
-56.281,91.17,155.69,-19.378,-105.5,125.65,0.62691,-80.154,-1.1015,43.32,37.31,35.413
-59.533,121.77,189.82,-34.199,-125.29,157.94,5.5994,-61.747,40.009,87.534,66.044,54.873
-58.374,156.84,222.46,-50.838,-141.95,190.44,12.078,-20.75,100.42,148.28,104.56,78.808
-52.125,189.62,250.52,-68.825,-153.32,220.43,20.321,46.182,183.16,225.86,153.43,107.56
-40.335,218.54,271.05,-88.271,-157.62,244.96,28.546,132.5,285.27,318.94,213.22,141.54
-22.12,243.67,280.91,-109.28,-153.12,261.79,32.527,224.5,398.48,425.57,284.78,182.06
3.9738,263.43,276.92,-132.05,-137.78,269.76,27.259,302.57,512.43,543.96,368.61,230.37
39.789,277.97,256.95,-157.39,-109.45,268.13,8.9441,345.77,616.65,669.93,464.62,286.99
87.034,288.66,220.44,-186.47,-66.964,256.86,-26.623,335.95,702.25,796.38,571.91,352.15
146.53,297.66,168.32,-220.44,-10.764,236.78,-87.89,260.91,760.74,917.48,688.14,425.35
217.69,304.71,102.75,-259.01,57.958,208.55,-173.04,118.9,784.52,1029.1,809.37,506.88
298.5,309.83,28.047,-301.33,137.12,173.64,-275.48,-80.323,768.8,1125.9,930.53,596.17
385.29,318.31,-49.027,-348.13,220.37,138.6,-389.68,-321.89,711.98,1201.1,1045.8,690.69
472.7,335.42,-119.58,-399.59,299,111.7,-507,-586.98,615.61,1246.9,1148.7,786.57
554.97,364.43,-174.71,-454.73,366.38,99.276,-618.65,-856.95,483.26,1254.7,1231.5,878.49
627.61,404.94,-209.27,-510.95,418.58,103.46,-717.08,-1115.7,318.64,1217.1,1285.5,959.43
687.27,451.18,-224.24,-563.51,455.21,120.54,-797.21,-1350.2,125.45,1129.2,1302,1021
730.9,491.69,-227.25,-605.54,479,141.09,-857.12,-1552.4,-91.996,990.37,1273.7,1054.4
756.67,511.61,-231.44,-628.99,495.47,151.04,-897.76,-1722.5,-328.16,804.99,1197.2,1051.8
764.62,496.97,-251.69,-626.68,511.37,135.13,-921.52,-1865.4,-575.71,582.05,1073.9,1008.9
755.78,439.78,-298.12,-594.63,531.52,83.651,-930.67,-1983.4,-825.72,333.83,910.94,926.93
731.01,341.39,-370.81,-533.6,556.12,-2.6999,-926.29,-2075.5,-1068.8,74.215,719.69,812.84
690.63,212.54,-459.43,-449.12,580.15,-113.03,-908.43,-2142.2,-1295.3,-183.23,513.72,677.77
635.45,69.911,-547.69,-350.25,595.92,-230.37,-877.56,-2185.1,-1495.1,-426.41,307.28,534.25
568.19,-68.57,-619.9,-247.53,597.05,-337.39,-836.53,-2203.7,-1657.1,-644.01,113.48,393.73
493.73,-188.11,-666,-150.91,581.23,-421.21,-790.79,-2194.1,-1770.5,-824.87,-57.188,265.18
418,-279.61,-682.51,-67.667,550.3,-475.64,-745.47,-2149.9,-1826.4,-959.08,-197.25,154.42
346.11,-340.17,-671.66,-1.429,509.19,-500.63,-702.61,-2065.4,-1820.1,-1040.4,-302.58,63.89
280.8,-371.87,-639.07,47.526,461.15,-500.03,-661.12,-1939.2,-1753.9,-1068.5,-373.08,-6.9461
222.59,-379.79,-590.74,81.381,408.78,-479.31,-617.79,-1774.9,-1637.2,-1049.1,-412.75,-60.648
172.03,-370.04,-531.32,103.19,354.62,-443.79,-568.83,-1582.3,-1484.6,-992.78,-428.23,-100.78
129.36,-348.27,-464.5,115,299.99,-398.44,-511.65,-1375.3,-1311.3,-911.68,-426.54,-130.26
93.823,-319.43,-394.19,118.88,246.6,-348.37,-446.46,-1167.7,-1130.5,-817.07,-413,-150.3
64.414,-286.23,-324.66,116.81,197.17,-296.96,-376.51,-971.04,-953.14,-717.41,-390.48,-161.23
41.025,-249.15,-260.26,109.6,154.16,-245.8,-307.1,-794.11,-788.03,-617.21,-359.76,-162.14
24.201,-208.23,-205.16,97.806,118.86,-197.77,-243.89,-641.66,-641.72,-519.23,-320.76,-152.22
13.927,-167.44,-161.01,82.956,91.587,-155.51,-190.85,-513.66,-516.63,-424.93,-274.09,-133.35
9.0479,-132.43,-126.48,67.605,71.571,-121.13,-150.16,-407.41,-411.4,-339.02,-222.89,-109.54
7.6671,-105.11,-99.751,53.884,57.112,-94.968,-121.32,-319.69,-323.83,-267.53,-174.68,-85.333
8.0251,-84.931,-80.434,43.817,46.873,-75.997,-100.93,-246.76,-251.64,-209.93,-134.17,-64.515
9.9435,-71.097,-67.134,36.923,39.798,-62.935,-84.744,-183.87,-192.35,-165.43,-102.38,-48.603
12.906,-62.272,-58.099,31.982,35.149,-54.546,-69.581,-128.03,-143.18,-131.19,-79.48,-38.453
9.6888,-57.355,-52.401,28.461,32.678,-49.766,-54.22,-79.135,-101.76,-103.93,-64.115,-32.926
6.7595,-55.551,-49.124,26.477,33.835,-47.452,-39.867,-38.07,-66.577,-82.061,-54.25,-29.894
5.2053,-55.87,-47.676,26.278,35.19,-46.445,-28.34,-5.2897,-36.978,-64.665,-47.878,-28.131
4.0294,-56.678,-48.12,26.968,30.771,-45.647,-20.277,19.69,-13.074,-50.384,-43.246,-26.885
2.9182,-55.145,-45.053,26.299,24.131,-43.059,-17.763,38.393,4.8723,-37.827,-38.978,-24.654
1.7526,-49.551,-38.089,24.81,18.653,-37.011,-17.984,52.797,17.165,-26.662,-34.283,-21.01
0.50015,-43.456,-31.491,23.827,14.939,-31.394,-14.985,62.966,24.254,-18.025,-29.585,-17.903
-0.7917,-39.667,-26.365,23.465,12.337,-27.487,-11.053,67.918,26.633,-13.192,-24.746,-15.61
-1.9986,-37.437,-22.378,23.433,10.359,-24.574,-7.3665,73.771,30.218,-11.012,-20.036,-13.912
-2.9493,-35.834,-19.163,23.405,8.8035,-22.189,-4.1495,84.451,37.919,-7.6942,-16.524,-12.661
-3.482,-34.405,-16.482,23.128,7.5978,-20.1,-1.4235,97.128,47.615,-3.5769,-13.923,-11.726
-3.5037,-32.919,-14.168,22.452,6.6905,-18.165,0.82699,108.56,57.366,0.26544,-11.866,-10.987
-3.0285,-31.237,-12.091,21.321,6.0121,-16.285,2.6366,117.73,66.304,3.7358,-10.11,-10.343
-2.1776,-29.311,-10.16,19.774,5.4787,-14.399,4.0555,124.98,74.325,6.9728,-8.499,-9.7084
-1.1423,-27.203,-8.326,17.966,5.018,-12.479,5.1377,130.94,81.522,10.118,-6.9345,-9.0178
-0.1301,-25.056,-6.5842,16.154,4.5911,-10.53,5.9287,136.08,87.987,13.268,-5.361,-8.2319
0.68733,-23.016,-4.9601,14.616,4.198,-8.575,6.4607,140.72,93.798,16.461,-3.7529,-7.3455
1.21,-21.183,-3.4918,13.541,3.8662,-6.6571,6.7507,145.05,99.048,19.683,-2.1035,-6.3868
1.4335,-19.582,-2.2154,12.938,3.6328,-4.8223,6.8037,149.14,103.87,22.873,-0.41681,-5.4031
1.4555,-18.159,-1.1547,12.65,3.53,-3.1073,6.6163,153.05,108.41,25.964,1.2959,-4.4397
1.4492,-16.787,-0.31538,12.432,3.5768,-1.529,6.182,156.81,112.79,28.931,3.0164,-3.5246
1.6147,-15.318,0.3147,12.042,3.7793,-0.086183,5.4966,160.44,117.08,31.816,4.7207,-2.6665
2.1327,-13.654,0.76014,11.302,4.135,1.2333,4.5607,163.94,121.3,34.713,6.3852,-1.8612
3.1343,-11.769,1.0489,10.122,4.6377,2.4446,3.3825,167.35,125.42,37.738,7.9992,-1.0997
4.6796,-9.6998,1.2032,8.5035,5.2812,3.5582,1.9796,170.69,129.4,40.986,9.5738,-0.37174
6.7504,-7.5308,1.2341,6.5356,6.0612,4.571,0.38444,174.03,133.25,44.491,11.141,0.33308
9.2731,-5.3929,1.1401,4.3838,6.9762,5.4638,-1.3501,177.46,136.98,48.178,12.741,1.0246
12.159,-3.436,0.91129,2.2461,8.0288,6.2076,-3.1467,181.06,140.68,51.888,14.401,1.7094
15.334,-1.7833,0.53757,0.29548,9.2255,6.7779,-4.9056,184.93,144.44,55.47,16.129,2.3889
18.721,-0.49248,0.018732,-1.3593,10.571,7.167,-6.515,189.11,148.41,58.869,17.907,3.0581
22.17,0.45262,-0.62841,-2.6835,12.056,7.3901,-7.8687,193.58,152.68,62.143,19.698,3.7069
25.432,1.1238,-1.3695,-3.7129,13.643,7.4804,-8.8835,198.27,157.3,65.392,21.452,4.3201
28.271,1.624,-2.1598,-4.5378,15.262,7.4794,-9.5084,203.12,162.22,68.683,23.12,4.878
30.614,2.0624,-2.9541,-5.2628,16.822,7.4264,-9.7203,207.99,167.33,72.006,24.664,5.3574
32.571,2.5292,-3.7134,-5.9704,18.227,7.3538,-9.513,212.84,172.41,75.286,26.069,5.7371
34.285,3.0771,-4.405,-6.7115,19.411,7.2853,-8.8855,217.68,177.34,78.411,27.35,6.0047
35.83,3.7098,-5.0024,-7.4973,20.349,7.2352,-7.8381,222.57,182.07,81.307,28.537,6.1591
37.193,4.3781,-5.4885,-8.2822,21.072,7.2075,-6.3769,227.65,186.68,83.955,29.665,6.2086
38.33,4.9934,-5.8607,-8.9797,21.629,7.1963,-4.519,233.04,191.31,86.396,30.756,6.1674
39.213,5.4636,-6.1303,-9.5092,22.078,7.1886,-2.2915,238.83,196.15,88.737,31.823,6.0528
39.865,5.7302,-6.3163,-9.8284,22.474,7.1714,0.27695,245.08,201.32,91.113,32.877,5.8825
40.345,5.787,-6.4389,-9.9347,22.858,7.1387,3.1562,251.76,206.87,93.65,33.935,5.6711
40.721,5.6716,-6.518,-9.8571,23.258,7.0921,6.2967,258.81,212.73,96.425,35.021,5.4267
41.026,5.4426,-6.5745,-9.6474,23.687,7.035,9.6107,266.12,218.73,99.447,36.17,5.1492
41.272,5.1595,-6.631,-9.3707,24.145,6.9667,12.983,273.57,224.71,102.66,37.42,4.835
41.474,4.8739,-6.7135,-9.0937,24.625,6.8783,16.305,281.1,230.54,105.99,38.807,4.4854
41.675,4.6232,-6.8548,-8.8745,25.143,6.7494,19.497,288.68,236.2,109.34,40.335,4.1139
41.938,4.4215,-7.0987,-8.752,25.76,6.5471,22.52,296.37,241.71,112.68,41.968,3.7465
42.322,4.253,-7.4984,-8.7373,26.582,6.2305,25.359,304.26,247.2,116.01,43.643,3.4154
42.852,4.0751,-8.1073,-8.8112,27.731,5.7625,28.018,312.45,252.78,119.38,45.309,3.151
43.51,3.8365,-8.965,-8.9335,29.282,5.1248,30.495,321.03,258.59,122.87,46.963,2.9766
44.25,3.5,-10.086,-9.0614,31.219,4.3275,32.796,330.1,264.77,126.54,48.658,2.9088
45.043,3.0607,-11.454,-9.1706,33.418,3.4093,34.934,339.72,271.37,130.41,50.478,2.962
45.898,2.5479,-13.032,-9.2655,35.71,2.4233,36.95,349.92,278.36,134.44,52.508,3.1545
46.86,2.0092,-14.777,-9.3769,37.997,1.4158,38.906,360.73,285.65,138.56,54.799,3.5114
47.988,1.4872,-16.665,-9.5483,40.282,0.40653,40.872,372.06,293.1,142.67,57.354,4.0604
49.338,1.0009,-18.714,-9.8211,42.629,-0.61828,42.897,383.78,300.62,146.73,60.143,4.8246
50.931,0.54109,-20.967,-10.217,45.097,-1.6962,44.983,395.69,308.19,150.73,63.109,5.8178
52.755,0.079383,-23.475,-10.725,47.682,-2.8673,47.076,407.61,315.88,154.7,66.181,7.0501
54.763,-0.41777,-26.255,-11.297,50.338,-4.1537,49.091,419.4,323.77,158.68,69.289,8.5406
56.893,-0.97581,-29.269,-11.868,52.988,-5.5488,50.947,431.07,331.91,162.72,72.386,10.32
59.09,-1.6029,-32.428,-12.381,55.562,-7.0199,52.594,442.7,340.26,166.9,75.462,12.436
61.312,-2.2846,-35.619,-12.822,58.017,-8.5182,54.024,454.43,348.68,171.29,78.535,14.946
63.537,-2.984,-38.737,-13.224,60.35,-9.9919,55.265,466.34,357.02,175.97,81.636,17.913
65.758,-3.6534,-41.728,-13.66,62.597,-11.4,56.37,478.48,365.17,181.09,84.799,21.374
67.966,-4.2531,-44.597,-14.223,64.824,-12.723,57.388,490.81,373.12,186.74,88.067,25.305
70.134,-4.7677,-47.398,-15.011,67.108,-13.971,58.353,503.2,380.94,192.89,91.497,29.579
72.231,-5.2039,-50.212,-16.124,69.507,-15.171,59.268,515.49,388.72,199.34,95.15,34.009
74.272,-5.5722,-53.113,-17.642,72.037,-16.354,60.096,527.54,396.55,205.78,99.045,38.453
76.346,-5.8624,-56.142,-19.563,74.671,-17.533,60.756,539.27,404.46,212,103.12,42.873
78.577,-6.0316,-59.3,-21.773,77.358,-18.697,61.119,550.82,412.43,217.94,107.26,47.289
81.073,-6.0131,-62.559,-24.113,80.082,-19.811,61.025,562.54,420.41,223.63,111.36,51.708
83.919,-5.7406,-65.889,-26.496,82.901,-20.844,60.317,575,428.29,229.05,115.33,56.105
87.176,-5.178,-69.286,-28.948,85.933,-21.783,58.877,588.67,435.87,234.14,119.07,60.43
90.87,-4.3391,-72.775,-31.557,89.29,-22.644,56.644,603.52,442.91,238.77,122.47,64.623
95.001,-3.2913,-76.391,-34.381,93.005,-23.468,53.626,618.9,449.22,242.87,125.48,68.615
99.565,-2.1398,-80.147,-37.401,97.042,-24.307,49.908,633.8,454.72,246.42,128.12,72.335
104.53,-0.99623,-84.02,-40.542,101.32,-25.203,45.659,647.41,459.45,249.45,130.4,75.732
109.78,0.053854,-87.949,-43.704,105.72,-26.172,41.113,659.28,463.48,252.01,132.34,78.78
115.1,0.97138,-91.847,-46.804,110.12,-27.19,36.515,669.21,466.88,254.11,133.94,81.482
120.31,1.759,-95.615,-49.795,114.36,-28.208,32.055,677.2,469.63,255.73,135.18,83.851
125.29,2.4371,-99.173,-52.652,118.31,-29.17,27.833,683.33,471.69,256.8,136.05,85.893
129.96,3.0174,-102.46,-55.312,121.85,-30.042,23.861,687.78,473.01,257.26,136.53,87.606
134.09,3.492,-105.45,-57.653,124.92,-30.827,20.107,690.82,473.55,257.08,136.6,88.988
137.42,3.8426,-108.11,-59.557,127.5,-31.555,16.543,692.72,473.26,256.27,136.24,90.031
139.8,4.0641,-110.43,-60.976,129.6,-32.264,13.176,693.74,472.05,254.81,135.36,90.715
141.31,4.1838,-112.37,-61.956,131.31,-32.967,10.042,694.08,469.78,252.67,133.94,91.004
142.2,4.263,-113.9,-62.611,132.68,-33.648,7.1649,693.87,466.26,249.78,131.96,90.873
142.74,4.3766,-115,-63.075,133.76,-34.265,4.5246,693.15,461.36,246.04,129.43,90.331
143.11,4.5829,-115.69,-63.457,134.57,-34.769,2.0535,691.92,455.13,241.42,126.33,89.415
143.4,4.8972,-116.05,-63.809,135.16,-35.13,-0.33413,690.09,447.9,235.95,122.68,88.168
143.63,5.2845,-116.16,-64.129,135.54,-35.35,-2.7149,687.56,440.15,229.71,118.5,86.626
143.78,5.6786,-116.14,-64.38,135.75,-35.463,-5.1368,684.15,432.23,222.73,113.89,84.808
143.81,6.016,-116.04,-64.525,135.82,-35.506,-7.61,679.62,424.16,215,108.89,82.738
143.71,6.2656,-115.9,-64.554,135.77,-35.491,-10.106,673.67,415.72,206.56,103.52,80.455
143.48,6.437,-115.7,-64.488,135.61,-35.402,-12.564,665.91,406.6,197.52,97.865,78.026
143.18,6.5659,-115.43,-64.366,135.36,-35.202,-14.908,656.03,396.69,188.08,92.08,75.527
142.82,6.6883,-115.07,-64.221,135.04,-34.866,-17.062,643.97,386.11,178.47,86.364,73.019
142.42,6.8177,-114.62,-64.066,134.63,-34.4,-18.96,630.13,375.16,168.84,80.852,70.532
141.93,6.9367,-114.08,-63.884,134.12,-33.844,-20.551,615.34,364.1,159.18,75.55,68.053
141.26,7.0033,-113.46,-63.633,133.47,-33.258,-21.804,600.57,353.01,149.42,70.349,65.535
140.26,6.9734,-112.75,-63.259,132.6,-32.693,-22.697,586.49,341.85,139.61,65.071,62.917
138.75,6.8286,-111.91,-62.72,131.45,-32.165,-23.223,573.34,330.54,129.86,59.512,60.153
136.63,6.5929,-110.88,-62.006,129.95,-31.641,-23.379,560.96,318.94,120.26,53.497,57.23
133.96,6.3248,-109.55,-61.135,128.04,-31.055,-23.167,548.83,306.89,110.78,46.993,54.157
131.04,6.0841,-107.83,-60.134,125.69,-30.34,-22.594,536.3,294.19,101.34,40.201,50.945
128.23,5.8943,-105.6,-59.008,122.91,-29.46,-21.68,522.78,280.85,91.798,33.49,47.599
125.63,5.7273,-102.83,-57.714,119.7,-28.427,-20.451,508.03,267.1,82.083,27.195,44.118
123.04,5.517,-99.532,-56.161,116.06,-27.281,-18.95,492.17,253.33,72.148,21.491,40.498
120.1,5.1925,-95.802,-54.224,111.95,-26.071,-17.228,475.46,239.8,61.923,16.409,36.741
116.51,4.7107,-91.728,-51.792,107.34,-24.828,-15.341,457.98,226.61,51.506,11.914,32.871
112.05,4.0729,-87.332,-48.805,102.2,-23.553,-13.349,439.59,213.75,41.622,7.9557,28.955
106.43,3.3209,-82.553,-45.306,96.565,-22.226,-11.307,420.17,201.14,33.215,4.4925,25.107
99.436,2.513,-77.299,-41.442,90.521,-20.815,-9.2708,399.83,188.67,26.527,1.4863,21.464
91.45,1.6953,-71.543,-37.38,84.228,-19.305,-7.2838,378.84,176.19,21.215,-1.104,18.132
83.514,0.88482,-65.411,-33.198,77.885,-17.703,-5.3719,357.49,163.66,16.884,-3.3215,15.155
76.405,0.073367,-59.142,-28.872,71.635,-16.038,-3.536,335.96,151.16,13.255,-5.2048,12.519
70.046,-0.75256,-52.93,-24.391,65.454,-14.335,-1.7557,314.42,138.94,10.15,-6.7858,10.188
63.857,-1.59,-46.807,-19.882,59.144,-12.6,0.0020199,293.07,127.33,7.4661,-8.089,8.1278
57.334,-2.4088,-40.686,-15.582,52.491,-10.818,1.7709,272.04,116.56,5.161,-9.1316,6.3192
50.302,-3.1547,-34.486,-11.686,45.474,-8.9547,3.5748,251.37,106.6,3.2277,-9.9223,4.7444
42.883,-3.7577,-28.237,-8.2573,38.304,-6.9748,5.4204,230.97,97.147,1.6703,-10.462,3.3825
35.468,-4.142,-22.074,-5.2655,31.267,-4.8524,7.2937,210.7,87.77,0.48438,-10.745,2.2098
28.608,-4.2373,-16.166,-2.6705,24.575,-2.5776,9.1611,190.57,78.048,-0.35201,-10.766,1.2048
22.545,-3.9957,-10.634,-0.46235,18.338,-0.15709,10.974,170.7,67.801,-0.87989,-10.524,0.35065
16.999,-3.4088,-5.5347,1.3468,12.628,2.386,12.677,151.29,57.315,-1.1549,-10.033,-0.36649
11.554,-2.5158,-0.88474,2.747,7.5421,5.0126,14.212,132.52,47.323,-1.2389,-9.3163,-0.9582
6.5034,-1.3949,3.3132,3.7499,3.1978,7.669,15.529,114.54,38.557,-1.1898,-8.4068,-1.433
2.7071,-0.14089,7.0625,4.3963,-0.39161,10.29,16.586,97.353,31.33,-1.0518,-7.3367,-1.7964
0.22537,1.1584,10.368,4.7507,-3.3393,12.802,17.342,80.588,25.533,-0.85216,-6.1319,-2.0545
-1.4245,2.4353,13.235,4.8905,-5.7805,15.135,17.755,63.843,20.868,-0.60451,-4.8124,-2.2215
-2.5862,3.644,15.673,4.8928,-7.8074,17.224,17.778,47.631,17.017,-0.32037,-3.4005,-2.3239
-3.4369,4.755,17.7,4.8242,-9.4776,19.025,17.363,33.471,13.711,-0.020224,-1.9297,-2.3988
-4.08,5.7505,19.343,4.7328,-10.834,20.516,16.477,22.349,10.743,0.26291,-0.44776,-2.4842
-4.5772,6.6204,20.631,4.6437,-11.913,21.699,15.113,13.922,7.9724,0.48884,0.98958,-2.6084
-4.9525,7.3589,21.584,4.5589,-12.733,22.588,13.293,7.2792,5.3133,0.61853,2.3291,-2.7844
-5.1967,7.9574,22.201,4.4637,-13.301,23.192,11.051,1.6679,2.7174,0.61897,3.525,-3.0135
-5.2818,8.3977,22.469,4.3396,-13.611,23.511,8.4113,-3.3626,0.15662,0.46348,4.5358,-3.2938
-5.1811,8.6486,22.368,4.1795,-13.659,23.526,5.3851,-8.0484,-2.3889,0.13138,5.3208,-3.6294
-4.8904,8.6713,21.892,3.997,-13.452,23.216,1.9792,-12.509,-4.9338,-0.38907,5.8428,-4.0342
-4.4411,8.4314,21.06,3.8262,-13.021,22.57,-1.7805,-16.803,-7.4881,-1.0952,6.0768,-4.5288
-3.9006,7.9126,19.928,3.7126,-12.419,21.601,-5.8299,-20.957,-10.058,-1.9672,6.0188,-5.133
-3.3588,7.1218,18.578,3.701,-11.716,20.347,-10.065,-24.974,-12.647,-2.9734,5.6871,-5.8581
-2.9069,6.0816,17.102,3.8265,-10.987,18.867,-14.362,-28.846,-15.26,-4.0798,5.1154,-6.7016
-2.6145,4.8168,15.582,4.1116,-10.292,17.226,-18.601,-32.553,-17.9,-5.2589,4.3416,-7.6445
-2.5121,3.3496,14.072,4.564,-9.6655,15.479,-22.685,-36.079,-20.562,-6.4914,3.4,-8.6511
-2.5869,1.7094,12.602,5.1742,-9.1104,13.675,-26.535,-39.407,-23.228,-7.7609,2.322,-9.6737
-2.7952,-0.055438,11.186,5.9159,-8.6072,11.859,-30.074,-42.517,-25.853,-9.0465,1.1388,-10.663
-3.0899,-1.8785,9.8416,6.7555,-8.1372,10.086,-33.221,-45.386,-28.37,-10.32,-0.11692,-11.581
-3.4468,-3.6915,8.6032,7.6649,-7.7058,8.412,-35.904,-47.986,-30.702,-11.547,-1.4128,-12.413
-3.8738,-5.4383,7.5166,8.6269,-7.3476,6.887,-38.067,-50.296,-32.786,-12.696,-2.7167,-13.171
-4.3931,-7.0721,6.6275,9.6224,-7.1103,5.552,-39.673,-52.304,-34.589,-13.74,-3.9941,-13.876
-5.0083,-8.5378,5.9658,10.608,-7.0259,4.4399,-40.693,-54.004,-36.112,-14.659,-5.2037,-14.546
-5.6797,-9.7558,5.5367,11.505,-7.0888,3.5804,-41.11,-55.395,-37.379,-15.439,-6.2978,-15.176
-6.3252,-10.627,5.3213,12.21,-7.2555,2.9992,-40.92,-56.476,-38.427,-16.071,-7.2288,-15.742
-6.8482,-11.065,5.284,12.632,-7.4628,2.7081,-40.142,-57.256,-39.291,-16.56,-7.9605,-16.207
-7.1738,-11.032,5.3821,12.716,-7.656,2.6928,-38.823,-57.753,-40.001,-16.922,-8.4796,-16.541
-7.2727,-10.562,5.5754,12.464,-7.8089,2.9096,-37.038,-58.005,-40.575,-17.187,-8.7992,-16.733
-7.1629,-9.7522,5.8341,11.93,-7.9278,3.2954,-34.872,-58.061,-41.023,-17.382,-8.9522,-16.79
-6.8943,-8.7261,6.1451,11.202,-8.0418,3.789,-32.406,-57.973,-41.347,-17.525,-8.9766,-16.734
-6.5272,-7.5963,6.5112,10.374,-8.1876,4.3496,-29.702,-57.78,-41.541,-17.618,-8.9022,-16.59
-6.113,-6.4436,6.9449,9.5225,-8.3944,4.9608,-26.81,-57.504,-41.603,-17.652,-8.7443,-16.372
-5.6897,-5.319,7.4563,8.6973,-8.6759,5.6199,-23.773,-57.146,-41.541,-17.62,-8.5059,-16.087
-5.2886,-4.2582,8.046,7.9297,-9.0318,6.3216,-20.646,-56.691,-41.375,-17.528,-8.1874,-15.738
-4.9472,-3.2954,8.7076,7.2521,-9.4596,7.0483,-17.489,-56.12,-41.132,-17.4,-7.7948,-15.324
-4.7164,-2.4698,9.4369,6.7081,-9.9678,7.7729,-14.367,-55.417,-40.836,-17.277,-7.3454,-14.853
-4.6586,-1.8245,10.236,6.3503,-10.58,8.4651,-11.333,-54.579,-40.504,-17.203,-6.8665,-14.336
-4.8381,-1.4009,11.108,6.2309,-11.323,9.0965,-8.43,-53.626,-40.149,-17.217,-6.392,-13.797
-5.3068,-1.2286,12.047,6.3873,-12.214,9.6428,-5.6851,-52.598,-39.788,-17.352,-5.9576,-13.269
-6.0885,-1.3074,13.029,6.8244,-13.239,10.089,-3.1154,-51.551,-39.446,-17.622,-5.593,-12.791
-7.1699,-1.5928,14.021,7.5032,-14.353,10.44,-0.72458,-50.539,-39.146,-18.02,-5.3135,-12.399
-8.4972,-1.9981,14.989,8.3447,-15.492,10.724,1.4985,-49.597,-38.909,-18.511,-5.1153,-12.112
-9.983,-2.4167,15.923,9.2511,-16.605,10.991,3.5752,-48.74,-38.747,-19.047,-4.9775,-11.923
-11.525,-2.7573,16.833,10.135,-17.665,11.295,5.5287,-47.963,-38.666,-19.576,-4.8724,-11.797
-13.03,-2.9738,17.747,10.945,-18.672,11.669,7.3784,-47.254,-38.668,-20.067,-4.7772,-11.692
-14.426,-3.0762,18.679,11.668,-19.631,12.117,9.1385,-46.606,-38.749,-20.516,-4.6817,-11.569
-15.655,-3.1131,19.619,12.312,-20.536,12.607,10.818,-46.017,-38.897,-20.942,-4.587,-11.409
-16.661,-3.1378,20.524,12.872,-21.356,13.091,12.422,-45.486,-39.084,-21.373,-4.4979,-11.215
-17.4,-3.1737,21.339,13.313,-22.044,13.522,13.942,-45.01,-39.265,-21.821,-4.4149,-11.003
-17.851,-3.202,22.012,13.577,-22.56,13.876,15.359,-44.581,-39.393,-22.28,-4.3327,-10.795
-18.012,-3.1761,22.514,13.603,-22.882,14.145,16.636,-44.188,-39.428,-22.725,-4.2438,-10.615
-17.907,-3.0525,22.839,13.359,-23.019,14.337,17.723,-43.823,-39.364,-23.127,-4.1448,-10.488
-17.596,-2.8167,23.011,12.863,-23.012,14.464,18.567,-43.49,-39.227,-23.473,-4.0405,-10.437
-17.175,-2.4895,23.07,12.187,-22.919,14.537,19.127,-43.2,-39.074,-23.766,-3.9439,-10.477
-16.751,-2.1185,23.07,11.44,-22.805,14.568,19.38,-42.971,-38.965,-24.031,-3.8707,-10.606
-16.406,-1.7653,23.055,10.74,-22.719,14.563,19.324,-42.819,-38.942,-24.296,-3.8332,-10.804
-16.172,-1.4945,23.054,10.192,-22.68,14.525,18.97,-42.748,-39.02,-24.581,-3.8359,-11.038
-16.036,-1.364,23.073,9.8734,-22.676,14.45,18.334,-42.751,-39.18,-24.89,-3.8764,-11.275
-15.982,-1.4147,23.098,9.8258,-22.673,14.335,17.431,-42.81,-39.38,-25.203,-3.9473,-11.493
-16.016,-1.6593,23.115,10.049,-22.644,14.177,16.277,-42.896,-39.573,-25.483,-4.0384,-11.688
-16.164,-2.0756,23.12,10.505,-22.587,13.987,14.886,-42.976,-39.719,-25.686,-4.138,-11.865
-16.446,-2.6081,23.132,11.128,-22.535,13.787,13.275,-43.029,-39.808,-25.787,-4.2359,-12.034
-16.86,-3.1799,23.186,11.833,-22.541,13.607,11.467,-43.05,-39.858,-25.786,-4.3254,-12.203
-17.385,-3.7078,23.324,12.527,-22.657,13.475,9.4879,-43.057,-39.907,-25.711,-4.4039,-12.374
-17.979,-4.1166,23.574,13.111,-22.91,13.413,7.3684,-43.082,-39.992,-25.609,-4.4716,-12.544
-18.571,-4.346,23.942,13.494,-23.283,13.431,5.1349,-43.155,-40.138,-25.516,-4.5271,-12.703
-19.047,-4.3538,24.413,13.61,-23.72,13.539,2.8083,-43.288,-40.344,-25.451,-4.5628,-12.831
-19.285,-4.1235,24.962,13.433,-24.136,13.749,0.40423,-43.469,-40.59,-25.402,-4.565,-12.9
-19.213,-3.6779,25.555,12.995,-24.454,14.066,-2.0625,-43.666,-40.845,-25.335,-4.518,-12.882
-18.863,-3.0875,26.16,12.39,-24.634,14.475,-4.573,-43.841,-41.074,-25.212,-4.4105,-12.755
-18.368,-2.4506,26.741,11.747,-24.687,14.941,-7.1025,-43.964,-41.254,-25,-4.2386,-12.509
-17.886,-1.8484,27.274,11.188,-24.663,15.418,-9.6204,-44.021,-41.376,-24.681,-4.0041,-12.145
-17.526,-1.3097,27.745,10.774,-24.613,15.877,-12.093,-44.019,-41.442,-24.255,-3.7098,-11.663
-17.307,-0.80526,28.162,10.49,-24.574,16.318,-14.484,-43.986,-41.467,-23.735,-3.3567,-11.064
-17.161,-0.26533,28.55,10.253,-24.554,16.767,-16.762,-43.963,-41.468,-23.144,-2.944,-10.349
-16.981,0.38878,28.944,9.9566,-24.547,17.262,-18.895,-43.998,-41.461,-22.51,-2.4728,-9.5193
-16.67,1.208,29.379,9.5128,-24.542,17.83,-20.851,-44.125,-41.453,-21.859,-1.9496,-8.5885
-16.187,2.1867,29.88,8.8879,-24.536,18.478,-22.592,-44.357,-41.442,-21.209,-1.3878,-7.5863
-15.553,3.2558,30.463,8.1145,-24.531,19.186,-24.071,-44.676,-41.416,-20.569,-0.80499,-6.5584
-14.838,4.3049,31.124,7.2818,-24.536,19.913,-25.236,-45.037,-41.352,-19.936,-0.21804,-5.5564
-14.13,5.2264,31.839,6.5032,-24.554,20.612,-26.035,-45.379,-41.23,-19.297,0.3631,-4.6253
-13.505,5.9648,32.571,5.8691,-24.579,21.249,-26.425,-45.654,-41.037,-18.642,0.93661,-3.7931
-13.006,6.5492,33.291,5.4053,-24.603,21.831,-26.388,-45.844,-40.78,-17.968,1.5061,-3.0699
-12.631,7.0908,34.01,5.0595,-24.638,22.417,-25.935,-45.978,-40.489,-17.288,2.0785,-2.4486
-12.344,7.7482,34.809,4.7229,-24.723,23.111,-25.109,-46.139,-40.204,-16.62,2.6673,-1.9075
-12.107,8.6783,35.841,4.2726,-24.934,24.043,-23.964,-46.444,-39.946,-15.967,3.3062,-1.4099
-11.916,9.9919,37.345,3.6175,-25.395,25.351,-22.553,-47.015,-39.686,-15.286,4.0686,-0.90301
-11.807,11.732,39.655,2.7239,-26.285,27.179,-20.908,-47.932,-39.298,-14.459,5.0934,-0.31538
-11.825,13.909,43.151,1.6042,-27.871,29.689,-19.041,-49.155,-38.534,-13.276,6.6205,0.44466
-11.982,16.679,47.37,0.2714,-30.378,32.76,-16.949,-50.462,-37.021,-11.432,9.046,1.4903
-12.241,20.341,49.167,-1.317,-32.737,34.642,-14.625,-51.397,-34.324,-8.5922,12.899,2.9716
-12.506,21.861,48.603,-3.3066,-33.112,34.813,-12.076,-51.307,-30.156,-6.9375,16.132,5.1202
-12.665,20.658,47.805,-5.8296,-32.694,34.507,-9.3485,-49.491,-25.882,-18.482,7.1609,7.4403
-12.681,20.472,47.962,-7.4623,-32.805,34.669,-6.5335,-45.547,-36.742,-20.71,4.3506,3.2841
-12.579,22.397,50.64,-4.8414,-34.375,36.595,-3.7478,-40.643,-49.523,-22.806,4.2047,-0.18463
-12.367,27.918,57.559,-3.2093,-38.724,41.595,-1.1353,-46.753,-51.097,-23.674,6.4907,1.3654
-13.196,37.879,70.846,-5.7036,-47.922,51.344,1.0728,-74.292,-49.526,-20.035,12.613,6.066
-24.368,52.508,92.917,-11.855,-63.022,68.496,2.4958,-84.184,-41.16,-8.0613,24.132,14.237
-32.071,72.069,124.06,-20.959,-82.509,95.303,2.6832,-87.131,-22.624,15.72,42.614,26.468
-38.573,96.886,160.92,-32.624,-104.17,129.95,1.4535,-87.086,8.1503,54.274,68.684,43.034
-43.224,126.61,198.62,-46.602,-125.08,166.52,5.237,-79.761,53.994,109.33,102.81,63.32
-43.948,158.93,232.18,-62.458,-142.17,199.97,10.736,-55.792,118.78,181.75,149.36,87.576
-38.838,189.85,257.31,-79.681,-152.42,227.14,17.253,-8.7382,205.48,273.18,209.45,118.5
-26.077,218.27,271.04,-98.639,-153.16,246.99,23.925,62.78,311.37,380.3,281.86,159.27
-4.0285,243.33,271.27,-119.76,-142.05,258.93,28.477,154.06,426.36,498.71,366.53,210.13
28.366,262.8,255.72,-143.28,-117.08,260.84,26.862,252.05,541.63,625.14,461.13,265.9
71.635,274.92,222.27,-169.41,-76.822,250.47,13.722,335.78,649.39,753.63,563.41,326.27
126.47,280.14,171.19,-198.29,-21.557,228.03,-16.024,382.79,740.92,876.5,670.17,391.97
193.48,280.09,106.12,-231.68,45.912,195.69,-69.895,377.89,806.78,986.73,777.21,462.57
270.69,275.89,29.462,-270.03,122.39,155.12,-144.6,314.1,835.2,1075.6,879.05,536.42
353.5,270.21,-57.675,-311.31,205.83,108.45,-229.38,189.12,818.68,1133.4,969.22,610.96
437.21,268.49,-143.75,-354.06,290.31,64.951,-322.14,2.2551,753.21,1152.1,1041,683.19
517.11,275.39,-216.51,-398.37,366.69,31.731,-416.1,-234.3,636.69,1125.4,1088.4,749.94
588.45,294.15,-267.65,-444.13,428.12,15.034,-504.08,-501.26,470.62,1048,1106.4,807.62
647.03,324.64,-293.71,-489.43,470.73,16.094,-579.69,-781.24,260.56,920.26,1091.7,851.6
689.57,361.69,-297.48,-529.89,494.21,31.168,-638.24,-1059.7,15.217,748.53,1041.4,875.87
713.93,394.66,-287.99,-558.93,501.92,51.784,-677.26,-1327,-256.06,539.83,953.99,873.69
719.13,409.75,-278.28,-568.99,499.88,63.728,-697.04,-1579.4,-544.97,302.27,829.33,839.23
705.21,394.04,-281.47,-553.56,494.63,52.75,-700.63,-1816.1,-843.88,45.054,670.73,769.95
673.07,339.68,-306.04,-509.26,490.84,11.272,-693.21,-2035.8,-1144,-221.15,485.75,668.36
624.45,246.74,-352.54,-437.5,489.64,-58.435,-680.41,-2233.4,-1433.2,-484.04,286.02,542.4
562.14,124.54,-413.64,-344.77,488.67,-150.89,-666.38,-2399,-1695.8,-729.78,85.804,404.01
490.09,-10.226,-477.19,-241.22,483.68,-247.87,-653.11,-2519.4,-1913.1,-943.9,-100.3,266.33
413.32,-139.52,-530.52,-138.09,471.05,-336.37,-640.84,-2581.6,-2067.7,-1113.1,-259.67,140.9
337.76,-248.52,-563.93,-45.592,449.47,-405.28,-628.88,-2576.6,-2147.3,-1227.7,-383.61,35.708
269.81,-327.75,-573.3,28.715,419.71,-448,-615.74,-2502.1,-2148.4,-1284.3,-468.6,-45.693
212.78,-373.54,-558.84,80.807,383.26,-462.8,-599.01,-2363.3,-2077.3,-1286.4,-516.29,-102.46
165.29,-387.39,-523.32,110.14,341.66,-452.12,-575.64,-2172,-1947.6,-1243.1,-532.37,-136.22
125.27,-375,-471,121.48,296.28,-421.25,-542.91,-1944.3,-1776.9,-1166,-525.76,-160.23
91.375,-344.15,-406.79,122.59,249.01,-376.04,-499.67,-1698.2,-1582.7,-1066.5,-504.36,-179.24
62.993,-302.55,-337.23,117.12,203.2,-322.21,-446.72,-1450.2,-1379.7,-953.92,-472.88,-189.84
40.196,-256.78,-268.97,107.12,161.53,-265.72,-386.87,-1214.5,-1179.6,-835.43,-434.38,-191.81
23.368,-212.57,-207.73,95.221,123.96,-211.94,-324.95,-1001.5,-991.28,-716.98,-390.73,-184.6
12.527,-174.24,-158.64,83.512,92.378,-165.81,-266.75,-817.93,-821.46,-603.86,-343.3,-167.27
6.7883,-143.25,-123.58,70.877,69.761,-131.56,-216.62,-666.31,-674.68,-500.63,-293.52,-142.54
4.6339,-117.58,-98.33,56.348,55.077,-106.54,-175.62,-545.6,-554.07,-410.53,-243.63,-116.87
4.694,-98.723,-80.497,44.886,45.808,-88.602,-144.76,-448.52,-463.46,-334.84,-197.35,-94.806
6.7099,-86.246,-67.682,38.599,39.651,-75.933,-122.96,-363.4,-386.74,-272.55,-156.61,-77.132
9.1934,-77.717,-58.705,34.499,35.398,-66.909,-106.16,-286.98,-315.11,-220.43,-122.14,-63.228
7.5704,-72.201,-53.011,30.943,32.776,-60.84,-90.471,-218.2,-251.74,-176.01,-95.442,-52.427
6.1693,-68.676,-49.776,27.404,32.628,-57.043,-74.081,-157.2,-198.38,-140.36,-75.067,-44.473
5.5798,-66.29,-48.243,24.272,35.596,-54.782,-57.835,-105.06,-155.53,-112.67,-60.35,-39.225
5.2926,-64.264,-48.783,21.755,32.699,-53.213,-43.287,-62.033,-120.59,-90.669,-50.818,-36.24
5.14,-60.853,-44.422,19.218,25.773,-51.681,-30.894,-27.591,-90.825,-72.183,-44.83,-34.858
5.0468,-55.235,-36.841,16.769,20.634,-48.081,-20.555,-0.83,-65.143,-56.456,-40.369,-34.252
4.9613,-49.57,-30.363,14.71,17.367,-43.178,-12.774,19.741,-43.708,-43.296,-35.91,-32.717
4.8437,-44.929,-25.263,13.063,15.039,-38.603,-7.541,35.874,-26.928,-32.417,-30.993,-29.592
4.6633,-41.167,-20.978,11.789,13.154,-34.63,-3.2643,48.447,-15.362,-23.864,-26.137,-26.713
4.3995,-38.085,-17.128,10.865,11.493,-31.102,0.9099,55.406,-10.257,-18.062,-21.179,-24.648
4.0447,-35.54,-13.556,10.271,9.972,-27.882,5.2551,56.153,-11.101,-15.043,-17.023,-23.143
3.6067,-33.372,-10.244,9.9592,8.5727,-24.903,9.6668,58.686,-11.052,-13.434,-14.023,-21.999
3.1072,-31.448,-7.236,9.8509,7.2956,-22.14,13.729,66.642,-7.889,-10.89,-11.905,-21.118
2.5808,-29.717,-4.5804,9.842,6.1395,-19.604,17.229,77.742,-3.8725,-7.5321,-10.41,-20.441
2.0758,-28.147,-2.2918,9.8167,5.0995,-17.312,20.192,89,-0.017005,-4.2253,-9.3649,-19.919
1.6508,-26.666,-0.34457,9.6634,4.1741,-15.266,22.67,98.712,3.4806,-1.2407,-8.6576,-19.491
1.3622,-25.193,1.3088,9.2997,3.3609,-13.449,24.693,106.57,6.6161,1.3606,-8.219,-19.092
1.2463,-23.695,2.7099,8.7002,2.6587,-11.844,26.281,112.94,9.395,3.5203,-8.0134,-18.674
1.3108,-22.212,3.8778,7.9086,2.0717,-10.452,27.457,118.3,11.804,5.1557,-8.0333,-18.224
1.5348,-20.835,4.808,7.0212,1.6125,-9.2928,28.241,122.99,13.847,6.2038,-8.286,-17.762
1.886,-19.663,5.4833,6.147,1.3034,-8.3944,28.646,127.2,15.561,6.6704,-8.7724,-17.323
2.3339,-18.76,5.8907,5.3662,1.1711,-7.7679,28.689,130.99,17.032,6.6648,-9.4762,-16.931
2.8516,-18.135,6.0364,4.7153,1.238,-7.3941,28.398,134.37,18.406,6.3541,-10.351,-16.58
3.4089,-17.759,5.9541,4.2004,1.5042,-7.2219,27.817,137.29,19.825,5.8914,-11.327,-16.235
3.9748,-17.583,5.7006,3.8147,1.9418,-7.1807,27.001,139.79,21.377,5.3667,-12.328,-15.844
4.5343,-17.55,5.3405,3.5407,2.4972,-7.2017,26.004,141.92,23.078,4.797,-13.287,-15.357
5.1003,-17.596,4.9273,3.3473,3.1113,-7.2382,24.871,143.77,24.882,4.1461,-14.168,-14.744
5.7128,-17.66,4.4902,3.1846,3.7414,-7.2725,23.638,145.45,26.705,3.3642,-14.962,-14.001
6.4399,-17.679,4.0321,2.9748,4.3797,-7.3087,22.329,147.08,28.462,2.4287,-15.688,-13.156
7.3933,-17.583,3.541,2.6131,5.0548,-7.352,20.964,148.8,30.11,1.3733,-16.373,-12.247
8.727,-17.288,3.0069,1.989,5.8142,-7.389,19.565,150.7,31.695,0.28669,-17.041,-11.303
10.612,-16.706,2.4346,1.0198,6.6982,-7.3804,18.154,152.82,33.359,-0.69893,-17.696,-10.33
13.195,-15.772,1.8488,-0.32156,7.7229,-7.2701,16.746,155.17,35.326,-1.4404,-18.318,-9.3128
16.524,-14.474,1.2893,-1.9969,8.8753,-7.0026,15.353,157.75,37.827,-1.8157,-18.863,-8.2201
20.413,-12.859,0.80251,-3.9116,10.113,-6.541,13.979,160.55,41.082,-1.7473,-19.28,-7.0213
24.381,-11.028,0.4263,-5.9365,11.37,-5.8835,12.627,163.6,45.224,-1.2064,-19.533,-5.6968
27.883,-9.1106,0.17297,-7.9321,12.566,-5.0718,11.306,166.9,50.208,-0.20343,-19.623,-4.2525
30.652,-7.2433,0.018277,-9.7748,13.648,-4.1846,10.021,170.5,55.756,1.2284,-19.586,-2.7264
32.769,-5.5353,-0.093707,-11.386,14.625,-3.3176,8.7814,174.39,61.453,3.0444,-19.485,-1.1764
34.501,-4.0501,-0.23112,-12.758,15.57,-2.5567,7.5922,178.57,66.98,5.1919,-19.383,0.3431
36.151,-2.8043,-0.45146,-13.951,16.586,-1.9613,6.4608,183.07,72.25,7.62,-19.318,1.7971
37.925,-1.7872,-0.78734,-15.058,17.746,-1.561,5.3945,187.86,77.396,10.333,-19.3,3.1676
39.837,-0.98781,-1.2454,-16.146,19.065,-1.3638,4.3959,192.91,82.612,13.405,-19.315,4.4391
41.704,-0.41726,-1.8158,-17.209,20.495,-1.365,3.4588,198.15,87.988,16.905,-19.343,5.5889
43.281,-0.10961,-2.4848,-18.149,21.963,-1.5555,2.5652,203.56,93.482,20.834,-19.368,6.5907
44.42,-0.10141,-3.2463,-18.829,23.417,-1.9259,1.6886,209.06,98.977,25.125,-19.377,7.4313
45.133,-0.40772,-4.106,-19.169,24.857,-2.4674,0.80102,214.66,104.37,29.671,-19.356,8.1271
45.557,-1.0124,-5.0793,-19.202,26.334,-3.1706,-0.11883,220.41,109.62,34.332,-19.289,8.7259
45.881,-1.8721,-6.1829,-19.043,27.917,-4.0229,-1.0761,226.42,114.8,38.963,-19.16,9.2899
46.27,-2.9248,-7.4255,-18.815,29.658,-5.0047,-2.0546,232.79,120,43.5,-18.96,9.8726
46.816,-4.0952,-8.8013,-18.605,31.561,-6.0872,-3.0188,239.62,125.37,48.016,-18.685,10.501
47.525,-5.3003,-10.284,-18.448,33.57,-7.2295,-3.9247,246.97,131.06,52.716,-18.328,11.174
48.343,-6.4539,-11.822,-18.337,35.574,-8.3781,-4.7304,254.88,137.2,57.813,-17.874,11.867
49.174,-7.4734,-13.341,-18.252,37.442,-9.4697,-5.4028,263.29,143.89,63.367,-17.296,12.552
49.933,-8.2906,-14.756,-18.194,39.071,-10.441,-5.9182,272.15,151.12,69.205,-16.565,13.219
50.583,-8.8656,-15.995,-18.196,40.432,-11.247,-6.2614,281.38,158.78,75.026,-15.663,13.879
51.16,-9.1958,-17.04,-18.32,41.586,-11.869,-6.424,290.96,166.64,80.619,-14.588,14.577
51.766,-9.312,-17.928,-18.639,42.667,-12.321,-6.4021,300.87,174.46,85.926,-13.346,15.377
52.548,-9.2593,-18.741,-19.232,43.838,-12.634,-6.196,311.12,182.15,90.976,-11.948,16.356
53.67,-9.0747,-19.571,-20.167,45.232,-12.837,-5.8121,321.79,189.77,95.85,-10.392,17.584
55.259,-8.7713,-20.498,-21.481,46.904,-12.953,-5.2653,332.92,197.47,100.7,-8.6614,19.104
57.318,-8.3359,-21.573,-23.145,48.801,-12.991,-4.5834,344.52,205.39,105.7,-6.7229,20.917
59.69,-7.7401,-22.808,-25.063,50.799,-12.954,-3.8098,356.54,213.59,110.98,-4.5335,22.976
62.142,-6.9575,-24.177,-27.124,52.777,-12.848,-3.0011,368.89,222.04,116.67,-2.0528,25.214
64.536,-5.9725,-25.62,-29.271,54.674,-12.679,-2.2194,381.42,230.62,122.86,0.75666,27.597
66.906,-4.7798,-27.068,-31.511,56.501,-12.454,-1.5204,393.97,239.25,129.6,3.9416,30.148
69.402,-3.3813,-28.483,-33.888,58.323,-12.18,-0.94682,406.43,247.95,136.79,7.5662,32.935
72.204,-1.7961,-29.896,-36.453,60.241,-11.87,-0.52988,418.76,256.78,144.13,11.697,36.013
75.479,-0.072602,-31.407,-39.26,62.374,-11.556,-0.29613,430.99,265.78,151.28,16.379,39.361
79.352,1.7148,-33.152,-42.366,64.825,-11.286,-0.27029,443.16,274.86,158.03,21.649,42.891
83.795,3.4914,-35.236,-45.741,67.669,-11.108,-0.4721,455.3,283.88,164.47,27.597,46.518
88.512,5.2172,-37.687,-49.222,70.949,-11.047,-0.91051,467.37,292.73,170.85,34.187,50.227
93.13,6.9126,-40.43,-52.656,74.672,-11.085,-1.5805,479.24,301.36,177.51,40.909,54.055
97.51,8.6594,-43.324,-56.068,78.758,-11.167,-2.4644,490.8,309.76,184.67,47.148,58.036
101.75,10.568,-46.224,-59.661,83.04,-11.224,-3.5367,501.9,317.88,192.29,52.923,62.158
106.15,12.728,-49.03,-63.725,87.374,-11.203,-4.7717,512.42,325.64,200.1,58.657,66.385
111.34,15.177,-51.702,-68.437,91.748,-11.087,-6.151,522.27,332.98,207.66,64.603,70.679
117.97,17.891,-54.248,-73.681,96.251,-10.891,-7.6685,531.37,339.84,214.61,70.753,74.993
126.2,20.817,-56.705,-79.16,100.96,-10.641,-9.3301,539.67,346.24,220.88,77.033,79.258
135.5,23.914,-59.11,-84.773,105.87,-10.363,-11.148,547.09,352.25,226.59,83.443,83.384
145.05,27.177,-61.473,-90.774,110.83,-10.067,-13.137,553.51,357.9,231.9,89.979,87.307
154.12,30.599,-63.75,-97.322,115.57,-9.7489,-15.31,558.8,363.11,236.89,96.497,91.048
161.88,34.081,-65.862,-103.65,119.79,-9.3993,-17.68,562.91,367.71,241.52,102.8,94.726
167.38,37.41,-67.747,-108.38,123.32,-9.0129,-20.258,565.86,371.43,245.65,108.81,98.495
170.26,40.359,-69.413,-111.01,126.15,-8.6024,-23.045,567.76,374,249.08,114.59,102.46
170.99,42.813,-70.944,-112.12,128.39,-8.2027,-26.029,568.71,375.22,251.72,120.16,106.69
170.66,44.806,-72.476,-112.74,130.2,-7.863,-29.188,568.77,374.98,253.53,125.38,111.23
170.88,46.445,-74.141,-113.95,131.74,-7.6323,-32.497,567.92,373.28,254.54,129.92,116.1
172.81,47.775,-76.019,-116.04,133.1,-7.5465,-35.935,566.08,370.16,254.74,133.47,121.2
175.9,48.755,-78.112,-118.41,134.28,-7.6256,-39.491,563.19,365.72,254.03,135.91,126.16
178.97,49.316,-80.321,-120.51,135.26,-7.8795,-43.163,559.2,360.12,252.26,137.3,130.46
181.55,49.392,-82.462,-122.13,136.02,-8.314,-46.942,554.12,353.48,249.34,137.79,133.66
183.34,48.929,-84.346,-123,136.56,-8.9292,-50.8,548.02,345.97,245.34,137.42,135.54
184.08,47.919,-85.868,-122.81,136.87,-9.7102,-54.68,540.95,337.75,240.54,136.13,136.07
183.63,46.413,-87.034,-121.41,136.97,-10.616,-58.517,532.96,328.94,235.21,133.9,135.29
182.1,44.527,-87.906,-119,136.9,-11.583,-62.268,524.06,319.63,229.5,130.88,133.25
179.9,42.437,-88.534,-116.06,136.71,-12.534,-65.905,514.31,309.82,223.36,127.36,130.13
177.58,40.338,-88.93,-113.17,136.46,-13.395,-69.384,503.8,299.42,216.68,123.6,126.17
175.58,38.374,-89.085,-110.75,136.09,-14.107,-72.604,492.68,288.42,209.3,119.68,121.62
174.19,36.6,-88.979,-108.93,135.49,-14.626,-75.416,481.05,276.86,201.14,115.55,116.77
173.43,34.995,-88.556,-107.54,134.51,-14.922,-77.652,468.95,264.93,192.32,111.04,111.95
172.74,33.499,-87.636,-106.21,133.08,-14.976,-79.168,456.3,252.86,183.13,106.05,107.37
171.14,32.058,-85.948,-104.47,131.17,-14.764,-79.854,442.91,240.83,173.94,100.6,103.09
167.88,30.681,-83.282,-101.87,128.72,-14.251,-79.628,428.59,228.92,165.01,94.986,99.018
162.66,29.469,-79.57,-98.148,125.65,-13.392,-78.443,413.24,217.12,156.41,89.58,95.062
155.82,28.558,-74.861,-93.764,121.84,-12.14,-76.311,396.91,205.33,148.12,84.633,91.185
148.33,28.022,-69.298,-89.7,117.15,-10.476,-73.312,379.71,193.37,140.15,80.156,87.348
141.07,27.845,-63.124,-86.275,111.39,-8.4219,-69.573,361.68,181.1,132.55,76.013,83.507
134.23,27.935,-56.642,-83.172,104.47,-6.0435,-65.226,342.83,168.55,125.21,72.035,79.645
127.51,28.149,-50.08,-80.131,96.56,-3.4377,-60.378,323.25,155.99,117.82,68.07,75.783
120.68,28.331,-43.479,-77.065,88.08,-0.71307,-55.117,303.23,143.9,110.02,63.997,71.958
113.58,28.354,-36.747,-73.936,79.563,2.0292,-49.56,283.15,132.68,101.75,59.715,68.209
105.87,28.149,-29.816,-70.694,71.394,4.7048,-43.866,263.27,122.44,93.318,55.187,64.558
97.251,27.701,-22.782,-67.307,63.672,7.2479,-38.189,243.63,113.01,85.048,50.525,61.008
88.039,27.031,-15.879,-63.724,56.267,9.6085,-32.601,224.12,104.04,77.009,45.978,57.526
78.973,26.169,-9.369,-59.774,48.94,11.751,-27.119,204.62,95.128,69.032,41.761,54.062
70.532,25.131,-3.4714,-55.24,41.498,13.652,-21.769,185.1,85.797,60.873,37.933,50.56
62.574,23.918,1.6749,-50.05,33.977,15.296,-16.614,165.67,75.634,52.532,34.434,46.973
54.562,22.512,6.052,-44.427,26.631,16.665,-11.718,146.5,64.555,44.591,31.183,43.256
46.239,20.892,9.7585,-38.774,19.768,17.744,-7.1144,127.81,53.152,37.871,28.126,39.375
38.051,19.038,12.931,-33.317,13.596,18.517,-2.8072,109.88,42.498,32.567,25.238,35.32
30.708,16.945,15.671,-27.93,8.1783,18.983,1.2065,92.769,33.399,28.267,22.502,31.137
24.456,14.639,18.031,-22.456,3.5033,19.161,4.9285,76.083,25.998,24.566,19.898,26.948
18.888,12.177,20.039,-17.088,-0.42746,19.092,8.3603,59.218,20.016,21.261,17.413,22.932
13.224,9.639,21.718,-12.251,-3.6317,18.824,11.508,42.458,15.093,18.27,15.052,19.265
7.0789,7.1041,23.092,-8.1604,-6.228,18.405,14.378,27.729,10.952,15.544,12.827,16.053
1.6614,4.6381,24.172,-4.7072,-8.3754,17.867,16.968,16.665,7.3893,13.028,10.745,13.309
-2.0301,2.2879,24.954,-1.7001,-10.169,17.224,19.259,8.8421,4.2541,10.66,8.7939,10.967
-4.5788,0.085171,25.431,0.96064,-11.635,16.477,21.228,2.969,1.4249,8.3778,6.9501,8.9363
-6.5207,-1.9482,25.605,3.2721,-12.777,15.621,22.854,-1.8823,-1.1956,6.1425,5.1829,7.1249
-8.0017,-3.7931,25.501,5.1844,-13.613,14.663,24.122,-6.1762,-3.6737,3.9468,3.4683,5.4615
-9.043,-5.4283,25.168,6.6501,-14.177,13.628,25.026,-10.116,-6.041,1.8205,1.7988,3.8913
-9.669,-6.8318,24.673,7.6571,-14.515,12.563,25.559,-13.793,-8.2983,-0.18534,0.1842,2.3763
-9.9426,-7.9889,24.09,8.2447,-14.681,11.527,25.717,-17.246,-10.436,-2.0244,-1.3577,0.89717
-9.965,-8.9046,23.491,8.5041,-14.729,10.571,25.498,-20.494,-12.45,-3.6769,-2.8143,-0.54953
-9.8568,-9.6153,22.929,8.5612,-14.71,9.7298,24.912,-23.545,-14.357,-5.1577,-4.1858,-1.9524
-9.7294,-10.184,22.429,8.5486,-14.656,9.0118,23.981,-26.404,-16.186,-6.5089,-5.4856,-3.2912
-9.6611,-10.681,21.985,8.5764,-14.579,8.4025,22.747,-29.062,-17.97,-7.783,-6.7341,-4.5446
-9.6863,-11.16,21.572,8.7118,-14.473,7.8779,21.267,-31.505,-19.724,-9.0231,-7.9504,-5.6972
-9.7991,-11.64,21.162,8.9727,-14.325,7.4172,19.609,-33.713,-21.436,-10.247,-9.1466,-6.7434
-9.9723,-12.107,20.736,9.3338,-14.13,7.0114,17.838,-35.67,-23.063,-11.444,-10.326,-7.6866
-10.181,-12.521,20.303,9.7435,-13.904,6.663,16.004,-37.372,-24.55,-12.574,-11.479,-8.5342
-10.415,-12.842,19.885,10.143,-13.677,6.3803,14.147,-38.829,-25.844,-13.588,-12.587,-9.2915
-10.663,-13.034,19.515,10.479,-13.483,6.1711,12.294,-40.064,-26.915,-14.436,-13.616,-9.9567
-10.892,-13.072,19.214,10.702,-13.342,6.0416,10.474,-41.108,-27.765,-15.091,-14.528,-10.521
-11.042,-12.94,18.991,10.77,-13.248,5.9974,8.7183,-41.984,-28.421,-15.551,-15.281,-10.97
-11.048,-12.634,18.836,10.661,-13.176,6.0419,7.0678,-42.702,-28.916,-15.838,-15.848,-11.29
-10.867,-12.176,18.73,10.377,-13.091,6.17,5.566,-43.249,-29.268,-15.985,-16.212,-11.471
-10.495,-11.61,18.649,9.951,-12.964,6.3647,4.2515,-43.59,-29.467,-16.018,-16.375,-11.508
-9.9656,-10.994,18.565,9.4372,-12.775,6.5991,3.1514,-43.68,-29.474,-15.945,-16.351,-11.402
-9.3352,-10.378,18.454,8.8926,-12.522,6.8423,2.2783,-43.479,-29.243,-15.754,-16.162,-11.159
-8.669,-9.7941,18.298,8.3637,-12.212,7.0648,1.6309,-42.969,-28.74,-15.43,-15.825,-10.794
-8.024,-9.2518,18.081,7.8761,-11.867,7.2419,1.1964,-42.166,-27.966,-14.963,-15.349,-10.322
-7.4346,-8.7442,17.801,7.4298,-11.503,7.3605,0.9557,-41.115,-26.964,-14.358,-14.737,-9.762
-6.9034,-8.251,17.461,7.0008,-11.134,7.4243,0.89043,-39.88,-25.804,-13.632,-13.994,-9.1287
-6.4089,-7.7451,17.076,6.5537,-10.762,7.4502,0.98782,-38.518,-24.566,-12.82,-13.131,-8.4323
-5.9268,-7.212,16.657,6.0648,-10.382,7.4532,1.2407,-37.073,-23.316,-11.966,-12.172,-7.6848
-5.4514,-6.6752,16.209,5.5441,-9.9897,7.4285,1.6421,-35.575,-22.095,-11.119,-11.154,-6.9052
-5.0015,-6.2052,15.72,5.042,-9.577,7.3437,2.1774,-34.047,-20.927,-10.327,-10.126,-6.1208
-4.6101,-5.8977,15.164,4.6324,-9.1338,7.1476,2.8191,-32.512,-19.818,-9.629,-9.1388,-5.362
-4.3075,-5.8333,14.511,4.3828,-8.6461,6.7916,3.5272,-30.99,-18.767,-9.0399,-8.2376,-4.6532
-4.1089,-6.0421,13.738,4.3262,-8.1028,6.2529,4.2574,-29.499,-17.762,-8.5451,-7.4464,-4.0061
-4.0078,-6.4914,12.85,4.4481,-7.5039,5.5465,4.9711,-28.046,-16.786,-8.1033,-6.7636,-3.4182
-3.9767,-7.097,11.879,4.6902,-6.8665,4.7248,5.6427,-26.632,-15.825,-7.6669,-6.1663,-2.879
-3.971,-7.748,10.88,4.9686,-6.2226,3.8647,6.259,-25.253,-14.877,-7.2074,-5.6225,-2.3786
-3.9363,-8.3392,9.9153,5.1963,-5.6084,3.0464,6.8164,-23.905,-13.955,-6.7259,-5.1051,-1.9139
-3.8185,-8.7998,9.0401,5.3083,-5.0512,2.3296,7.3153,-22.587,-13.079,-6.249,-4.6027,-1.4907
-3.5791,-9.1111,8.2861,5.2782,-4.5618,1.7383,7.7556,-21.3,-12.266,-5.8143,-4.1227,-1.121
-3.21,-9.3041,7.6605,5.1241,-4.1386,1.2614,8.1358,-20.046,-11.52,-5.4531,-3.6854,-0.81856
-2.7423,-9.434,7.1558,4.898,-3.7792,0.87152,8.4553,-18.82,-10.83,-5.175,-3.3122,-0.59198
-2.2387,-9.5422,6.7668,4.6614,-3.4893,0.55135,8.719,-17.609,-10.161,-4.9544,-3.0106,-0.43892
-1.7743,-9.6215,6.5036,4.4582,-3.2824,0.31798,8.9431,-16.384,-9.4609,-4.7282,-2.7633,-0.34187
-1.4164,-9.6054,6.3974,4.2971,-3.1754,0.23117,9.1565,-15.117,-8.6729,-4.4075,-2.5262,-0.26851
-1.2145,-9.3903,6.4935,4.1557,-3.1868,0.37712,9.3995,-13.785,-7.7521,-3.9057,-2.2384,-0.17871
-1.201,-8.8814,6.8362,4.0011,-3.335,0.83283,9.7177,-12.382,-6.6825,-3.1684,-1.842,-0.037513
-1.3911,-8.0367,7.4491,3.8111,-3.6338,1.6303,10.156,-10.924,-5.4808,-2.1921,-1.303,0.17217
-1.7767,-6.8864,8.3222,3.5833,-4.0821,2.7404,10.752,-9.4452,-4.187,-1.0177,-0.62482,0.44493
-2.3188,-5.5205,9.412,3.3292,-4.6591,4.0822,11.528,-7.9901,-2.8502,0.28647,0.15369,0.75844
-2.9463,-4.0545,10.651,3.06,-5.3256,5.5494,12.485,-6.5977,-1.5185,1.6461,0.97361,1.085
-3.5667,-2.5934,11.961,2.7742,-6.0336,7.0372,13.601,-5.2912,-0.23207,2.9941,1.777,1.4026
-4.085,-1.2095,13.256,2.4576,-6.737,8.4593,14.834,-4.0718,0.985,4.2892,2.5254,1.702
-4.4253,0.061563,14.451,2.0906,-7.3996,9.7518,16.137,-2.9236,2.1318,5.5283,3.2071,1.9858
-4.5457,1.216,15.477,1.6546,-7.9937,10.872,17.465,-1.8256,3.2262,6.7409,3.8319,2.2625
-4.445,2.2732,16.287,1.1378,-8.494,11.798,18.773,-0.76492,4.2864,7.9573,4.4161,2.5353
-4.1617,3.2555,16.866,0.54729,-8.8745,12.531,20.01,0.25537,5.3102,9.1774,4.9659,2.7956
-3.7678,4.1575,17.217,-0.077609,-9.1101,13.077,21.119,1.2157,6.264,10.361,5.4672,3.0216
-3.3524,4.9237,17.34,-0.66138,-9.1806,13.423,22.033,2.0858,7.0898,11.435,5.8857,3.1847
-2.9957,5.4554,17.211,-1.1097,-9.0704,13.531,22.684,2.834,7.7193,12.308,6.1772,3.258
-2.7436,5.6484,16.796,-1.3434,-8.7671,13.349,23.01,3.4358,8.0972,12.897,6.3037,3.2248
-2.592,5.4419,16.065,-1.3322,-8.2601,12.839,22.966,3.8782,8.2014,13.149,6.2453,3.0831
-2.4883,4.8483,15.013,-1.1104,-7.5451,11.997,22.528,4.1568,8.0537,13.062,6.0048,2.8426
-2.351,3.9512,13.67,-0.76442,-6.6353,10.855,21.689,4.2699,7.7071,12.681,5.6033,2.5171
-2.0994,2.8782,12.104,-0.40087,-5.5731,9.4836,20.464,4.2126,7.2222,12.076,5.0731,2.1186
-1.6827,1.7699,10.417,-0.11543,-4.4316,7.981,18.885,3.9795,6.6373,11.314,4.4508,1.6563
-1.0945,0.75435,8.7241,0.02582,-3.2995,6.4562,17,3.571,5.96,10.441,3.7709,1.1406
-0.36725,-0.074499,7.1338,-0.0058029,-2.2578,5.0112,14.869,3,5.1823,9.4801,3.0615,0.58789
0.44346,-0.67643,5.7262,-0.19796,-1.3585,3.7233,12.563,2.2964,4.3087,8.4469,2.3456,0.020204
1.2717,-1.074,4.5439,-0.4982,-0.61769,2.6358,10.165,1.507,3.3709,7.3557,1.6436,-0.53799
2.0436,-1.3435,3.5914,-0.82238,-0.025058,1.7543,7.7726,0.69188,2.4218,6.2249,0.97504,-1.0637
2.6799,-1.5849,2.8494,-1.0736,0.43529,1.056,5.4927,-0.085137,1.5173,5.0769,0.35683,-1.5361
3.1072,-1.8745,2.2974,-1.1725,0.76948,0.5137,3.4239,-0.77017,0.70249,3.9406,-0.19473,-1.9368
3.2739,-2.2221,1.9319,-1.0871,0.97049,0.12296,1.6394,-1.3336,0.0047398,2.8545,-0.66142,-2.2518
3.1629,-2.5617,1.7695,-0.84341,1.0234,-0.085402,0.17763,-1.7786,-0.56907,1.8628,-1.023,-2.4771
2.7917,-2.7821,1.8363,-0.51049,0.91397,-0.059988,-0.95599,-2.1403,-1.0326,1.0036,-1.2614,-2.6208
2.2047,-2.7746,2.1502,-0.17068,0.63542,0.24072,-1.7844,-2.4736,-1.4149,0.29843,-1.3661,-2.6993
1.4648,-2.4702,2.7049,0.10499,0.19707,0.82342,-2.3512,-2.8338,-1.748,-0.25098,-1.3373,-2.7279
0.65095,-1.8562,3.4624,0.26793,-0.36851,1.6539,-2.7105,-3.2559,-2.052,-0.65645,-1.184,-2.71
-0.14381,-0.97569,4.3584,0.29157,-1.0053,2.6673,-2.9132,-3.7418,-2.3266,-0.93442,-0.91991,-2.6325
-0.82169,0.083595,5.3163,0.1687,-1.6441,3.7826,-2.9956,-4.2593,-2.55,-1.0993,-0.56117,-2.471
-1.3,1.2086,6.26,-0.087572,-2.2203,4.9145,-2.9767,-4.7557,-2.6909,-1.1614,-0.12505,-2.204
-1.5324,2.2883,7.1208,-0.44303,-2.6885,5.9811,-2.8674,-5.1793,-2.7253,-1.1293,0.36932,-1.8287
-1.5197,3.2431,7.8419,-0.84935,-3.0311,6.9105,-2.6867,-5.5005,-2.653,-1.0149,0.90014,-1.3689
-1.3045,4.0395,8.3828,-1.2594,-3.2553,7.6466,-2.4731,-5.7247,-2.5035,-0.83625,1.442,-0.86962
-0.94943,4.6824,8.7245,-1.6435,-3.3808,8.1512,-2.2831,-5.8885,-2.3312,-0.61943,1.9654,-0.38295
-0.51385,5.1942,8.8682,-1.9965,-3.4246,8.4069,-2.1781,-6.0469,-2.2029,-0.39758,2.4379,0.046581
-0.043567,5.5909,8.8251,-2.3268,-3.3939,8.4161,-2.2085,-6.2531,-2.1804,-0.20965,2.8283,0.393
0.42054,5.8585,8.6065,-2.6314,-3.288,8.1922,-2.3988,-6.5391,-2.3042,-0.095839,3.1131,0.65474
0.82895,5.9432,8.2218,-2.876,-3.1076,7.7484,-2.7401,-6.905,-2.5812,-0.08924,3.283,0.85398
1.1204,5.7665,7.6853,-2.9888,-2.8622,7.0954,-3.1909,-7.3201,-2.982,-0.20567,3.3463,1.0286
1.2313,5.2527,7.0218,-2.8742,-2.5709,6.2482,-3.6873,-7.7361,-3.4487,-0.43697,3.3257,1.2181
1.1097,4.3524,6.2649,-2.4446,-2.2601,5.2303,-4.1603,-8.1048,-3.9121,-0.75237,3.2512,1.448
0.73031,3.0618,5.4522,-1.6537,-1.9578,4.0735,-4.5527,-8.3939,-4.3119,-1.1086,3.1522,1.7203
0.10516,1.4348,4.6207,-0.5193,-1.6886,2.8184,-4.8293,-8.5934,-4.6118,-1.4644,3.0515,2.0156
-0.7117,-0.41354,3.8047,0.87018,-1.4692,1.5188,-4.9748,-8.7119,-4.8052,-1.7926,2.9647,2.3078
-1.6266,-2.3151,3.035,2.365,-1.3051,0.2439,-4.9846,-8.7651,-4.9086,-2.0839,2.9033,2.5814
-2.5164,-4.0705,2.3372,3.7778,-1.1889,-0.9281,-4.8551,-8.7645,-4.9499,-2.3449,2.8785,2.8422
-3.2494,-5.4867,1.7291,4.9209,-1.1032,-1.9238,-4.58,-8.7115,-4.9566,-2.5922,2.9015,3.1137
-3.7147,-6.423,1.2188,5.6492,-1.0262,-2.6915,-4.1531,-8.5999,-4.9498,-2.8472,2.9796,3.422
-3.8478,-6.829,0.80181,5.893,-0.93569,-3.2137,-3.5744,-8.4218,-4.9418,-3.1286,3.1107,3.7785
-3.6443,-6.7558,0.46208,5.6701,-0.81234,-3.5081,-2.8573,-8.1745,-4.9353,-3.4444,3.2843,4.169
-3.1572,-6.3329,0.17663,5.0794,-0.6417,-3.619,-2.0344,-7.8635,-4.9224,-3.7861,3.4851,4.5576
-2.4793,-5.7207,-0.077384,4.2736,-0.41678,-3.601,-1.1558,-7.5011,-4.8852,-4.1267,3.6995,4.9008
-1.7163,-5.0543,-0.3179,3.4131,-0.13808,-3.5026,-0.2829,-7.0997,-4.7997,-4.4271,3.9191,5.1651
-0.95702,-4.4056,-0.55714,2.6152,0.18791,-3.3561,0.52236,-6.6689,-4.6452,-4.6497,4.1392,5.3378
-0.25373,-3.7855,-0.80487,1.927,0.55199,-3.1817,1.2061,-6.2169,-4.415,-4.775,4.3546,5.4277
0.3829,-3.1793,-1.0729,1.3341,0.94587,-2.9997,1.7272,-5.7568,-4.1247,-4.812,4.5549,5.4563
0.97275,-2.5797,-1.3794,0.78898,1.3647,-2.8404,2.0558,-5.3092,-3.8106,-4.7966,4.7254,5.4467
1.5444,-1.9992,-1.7484,0.24543,1.8067,-2.742,2.1685,-4.899,-3.5165,-4.776,4.8518,5.4164
2.1112,-1.474,-2.2033,-0.30819,2.2698,-2.7437,2.0443,-4.5453,-3.2754,-4.7879,4.9251,5.3756
2.6572,-1.0661,-2.757,-0.832,2.7482,-2.877,1.6653,-4.2549,-3.0958,-4.8467,4.9436,5.3268
3.1402,-0.85235,-3.4056,-1.246,3.231,-3.1583,1.02,-4.0228,-2.963,-4.943,4.9109,5.2641
3.5092,-0.90194,-4.1296,-1.4654,3.7047,-3.5878,0.11064,-3.8384,-2.8511,-5.0536,4.8306,5.1749
3.7261,-1.2499,-4.8976,-1.4391,4.155,-4.1492,-1.0355,-3.6927,-2.7392,-5.1527,4.703,5.0462
3.7823,-1.8769,-5.6685,-1.1724,4.567,-4.8091,-2.3586,-3.58,-2.6192,-5.2206,4.5246,4.872
3.7011,-2.7057,-6.3915,-0.72647,4.9228,-5.5155,-3.7728,-3.4982,-2.4963,-5.2497,4.2924,4.656
3.5292,-3.6175,-7.0087,-0.19662,5.1998,-6.203,-5.1863,-3.4466,-2.3843,-5.2479,4.0091,4.4102
3.3202,-4.4814,-7.4677,0.31653,5.374,-6.8048,-6.5205,-3.4259,-2.2995,-5.2357,3.6862,4.1505
3.1215,-5.1841,-7.7382,0.73233,5.4314,-7.2689,-7.7208,-3.4356,-2.2534,-5.2361,3.345,3.8934
2.9653,-5.6531,-7.8244,1.0048,5.3766,-7.571,-8.7559,-3.471,-2.2479,-5.2609,3.0128,3.6539
2.8619,-5.8699,-7.7645,1.1279,5.2323,-7.7188,-9.6111,-3.5215,-2.2715,-5.3013,2.7161,3.4447
2.797,-5.8681,-7.6171,1.1323,5.0311,-7.7471,-10.28,-3.5728,-2.3023,-5.3304,2.4728,3.274
2.7356,-5.7212,-7.4461,1.0746,4.8071,-7.7064,-10.758,-3.6134,-2.3169,-5.3165,2.2842,3.1414
2.6304,-5.5153,-7.3077,1.0201,4.59,-7.6475,-11.037,-3.6419,-2.3021,-5.2392,2.1345,3.0355
2.4362,-5.3225,-7.2436,1.0243,4.4005,-7.6103,-11.109,-3.6691,-2.2625,-5.1011,1.9966,2.9365
2.1262,-5.1878,-7.2809,1.1188,4.2478,-7.6206,-10.976,-3.7158,-2.2199,-4.929,1.8424,2.8224
1.7027,-5.1379,-7.4353,1.3093,4.1319,-7.6973,-10.66,-3.8042,-2.2058,-4.7661,1.6511,2.6767
1.2001,-5.1984,-7.7153,1.5831,4.0495,-7.8634,-10.214,-3.9487,-2.251,-4.6591,1.4123,2.4908
0.67735,-5.4083,-8.1225,1.922,4.0014,-8.154,-9.7124,-4.1488,-2.3766,-4.6467,1.124,2.2631
0.20749,-5.8178,-8.6577,2.3111,3.9995,-8.615,-9.2391,-4.3894,-2.5907,-4.7513,0.78599,1.9929
-0.13494,-6.4789,-9.3361,2.741,4.0742,-9.2934,-8.8683,-4.6476,-2.8884,-4.9761,0.39382,1.676
-0.29051,-7.4284,-10.201,3.2081,4.2725,-10.227,-8.653,-4.906,-3.2565,-5.3082,-0.061651,1.3024
-0.2331,-8.6749,-11.316,3.7156,4.6443,-11.436,-8.621,-5.1616,-3.6793,-5.724,-0.58881,0.8567
0.017969,-10.192,-12.742,4.2737,5.2217,-12.912,-8.7814,-5.4267,-4.1449,-6.1978,-1.1885,0.3274
0.39613,-11.919,-14.502,4.8976,6.0072,-14.611,-9.1327,-5.7209,-4.6473,-6.7082,-1.8496,-0.2845
0.79813,-13.774,-16.564,5.6038,6.9676,-16.459,-9.6695,-6.0609,-5.1831,-7.2397,-2.5503,-0.96112
1.1091,-15.667,-18.84,6.403,8.0343,-18.364,-10.383,-6.4532,-5.7461,-7.7793,-3.2613,-1.6701
1.2376,-17.514,-21.191,7.2888,9.1026,-20.24,-11.259,-6.8934,-6.3242,-8.3113,-3.9511,-2.3699
1.1519,-19.243,-23.466,8.224,10.044,-22.015,-12.268,-7.3684,-6.8998,-8.8143,-4.5894,-3.0201
0.9003,-20.795,-25.537,9.1372,10.749,-23.64,-13.366,-7.86,-7.4519,-9.2629,-5.1503,-3.5925
0.60072,-22.124,-27.311,9.9346,11.188,-25.089,-14.493,-8.3485,-7.9587,-9.6293,-5.6146,-4.0758
0.39129,-23.203,-28.733,10.527,11.416,-26.35,-15.576,-8.8154,-8.4001,-9.8869,-5.9684,-4.4755
0.36551,-24.017,-29.769,10.859,11.525,-27.407,-16.543,-9.2444,-8.7594,-10.013,-6.2024,-4.8062
0.53373,-24.558,-30.395,10.927,11.572,-28.214,-17.331,-9.6212,-9.0176,-9.9893,-6.309,-5.0794
0.82687,-24.819,-30.572,10.779,11.555,-28.693,-17.888,-9.9299,-9.1637,-9.806,-6.2796,-5.2938
1.1274,-24.787,-30.253,10.493,11.42,-28.764,-18.176,-10.15,-9.1895,-9.4586,-6.1024,-5.4309
1.3084,-24.446,-29.402,10.158,11.103,-28.373,-18.168,-10.256,-9.0885,-8.9497,-5.7633,-5.46
1.2727,-23.778,-28.035,9.8436,10.566,-27.514,-17.843,-10.224,-8.8549,-8.2875,-5.2496,-5.3501
0.98601,-22.779,-26.242,9.5794,9.8278,-26.225,-17.2,-10.035,-8.4847,-7.4833,-4.5548,-5.0837
0.49532,-21.454,-24.161,9.3407,8.9512,-24.574,-16.253,-9.6948,-7.9862,-6.556,-3.6853,-4.6658
-0.081405,-19.819,-21.939,9.0507,8.0256,-22.641,-15.034,-9.2287,-7.3668,-5.5302,-2.6656,-4.1236
-0.59031,-17.885,-19.685,8.6035,7.138,-20.503,-13.587,-8.6831,-6.6518,-4.4344,-1.5383,-3.4987
-0.88657,-15.663,-17.453,7.8989,6.3493,-18.221,-11.969,-8.11,-5.8732,-3.2969,-0.35699,-2.833
-0.87421,-13.173,-15.246,6.8753,5.6785,-15.841,-10.243,-7.5514,-5.0626,-2.1446,0.82697,-2.1557
-0.53107,-10.454,-13.037,5.5266,5.1037,-13.395,-8.4774,-7.0292,-4.2464,-1.0037,1.9774,-1.4824
0.087737,-7.5755,-10.804,3.9037,4.5748,-10.914,-6.732,-6.545,-3.446,0.09665,3.0779,-0.81939
0.87346,-4.6248,-8.5597,2.1011,4.0388,-8.4279,-5.0546,-6.0796,-2.6794,1.1209,4.1284,-0.17079
1.7095,-1.7,-6.3521,0.23319,3.4648,-5.9687,-3.4794,-5.6172,-1.9605,2.0418,5.137,0.45891
2.5149,1.1089,-4.2501,-1.5925,2.8556,-3.5656,-2.0308,-5.1351,-1.2952,2.839,6.1126,1.0634
3.2551,3.7308,-2.3081,-3.2902,2.2367,-1.2481,-0.72721,-4.6154,-0.67872,3.5104,7.0595,1.6375
3.9155,6.1185,-0.5451,-4.7982,1.6342,0.95488,0.4164,-4.0518,-0.097668,4.0739,7.9746,2.1777
4.4678,8.2494,1.0558,-6.0753,1.055,3.0208,1.3885,-3.45,0.46257,4.5595,8.8476,2.6799
4.8597,10.123,2.5356,-7.1019,0.47961,4.9394,2.1817,-2.839,1.003,4.9961,9.6632,3.1361
5.0316,11.755,3.9459,-7.8785,-0.13157,6.7154,2.7949,-2.2601,1.5179,5.402,10.41,3.5342
4.9376,13.172,5.3346,-8.4204,-0.82351,8.3643,3.2356,-1.758,1.9837,5.7814,11.086,3.8616
4.5603,14.401,6.7368,-8.751,-1.6329,9.9036,3.5208,-1.3717,2.3726,6.1279,11.703,4.1132
3.9173,15.462,8.1717,-8.8952,-2.5791,11.349,3.6761,-1.1287,2.6568,6.43,12.28,4.2965
3.0595,16.369,9.6452,-8.8766,-3.6585,12.713,3.7323,-1.0419,2.8179,6.676,12.831,4.4322
2.0615,17.132,11.156,-8.7214,-4.8464,14.012,3.7223,-1.1067,2.8524,6.8536,13.357,4.5484
1.0062,17.767,12.701,-8.4634,-6.1027,15.259,3.6779,-1.3017,2.774,6.9603,13.846,4.6718
-0.03139,18.291,14.267,-8.143,-7.3806,16.466,3.6282,-1.5909,2.6162,7.0091,14.276,4.8199
-0.99517,18.722,15.834,-7.7981,-8.6337,17.627,3.5995,-1.9311,2.4101,7.0264,14.625,4.9957
-1.852,19.072,17.365,-7.4564,-9.822,18.724,3.616,-2.2817,2.1907,7.0445,14.881,5.1852
-2.5905,19.358,18.811,-7.1336,-10.916,19.731,3.7001,-2.6155,1.9815,7.0909,15.039,5.3597
-3.2167,19.599,20.127,-6.8374,-11.899,20.622,3.8722,-2.9294,1.7881,7.1772,15.096,5.4832
-3.7446,19.827,21.278,-6.5754,-12.769,21.387,4.1495,-3.2355,1.5988,7.2948,15.05,5.5248
-4.1827,20.078,22.238,-6.3625,-13.524,22.031,4.5444,-3.5556,1.3919,7.4169,14.892,5.4713
-4.5219,20.385,22.992,-6.2246,-14.155,22.563,5.0646,-3.9115,1.1444,7.5088,14.612,5.3322
-4.7365,20.758,23.518,-6.1908,-14.635,22.983,5.7121,-4.301,0.8395,7.5261,14.196,5.1318
-4.8022,21.167,23.791,-6.2684,-14.927,23.269,6.4812,-4.7115,0.4657,7.4251,13.622,4.8921
-4.7213,21.525,23.773,-6.4165,-15.003,23.367,7.3558,-5.126,0.012404,7.1617,12.86,4.6146
-4.5377,21.705,23.435,-6.5414,-14.861,23.203,8.3102,-5.5336,-0.53212,6.7,11.88,4.2736
-4.3287,21.565,22.765,-6.5245,-14.528,22.701,9.314,-5.9382,-1.1763,6.0291,10.672,3.8258
-4.1744,20.991,21.779,-6.2701,-14.053,21.809,10.339,-6.3461,-1.9133,5.1725,9.2576,3.2296
-4.1236,19.929,20.515,-5.743,-13.481,20.513,11.364,-6.7632,-2.728,4.18,7.6908,2.4647
-4.1782,18.383,19.029,-4.9727,-12.843,18.843,12.369,-7.19,-3.5958,3.1069,6.0434,1.54
-4.3043,16.41,17.381,-4.0256,-12.15,16.866,13.328,-7.6216,-4.4907,1.993,4.3792,0.4893
-4.4589,14.102,15.618,-2.9613,-11.399,14.662,14.21,-8.0502,-5.3947,0.85228,2.7385,-0.63898
-4.6135,11.551,13.772,-1.8015,-10.579,12.304,14.98,-8.471,-6.3018,-0.32265,1.138,-1.7957
-4.7633,8.8193,11.849,-0.52943,-9.6802,9.8429,15.604,-8.8863,-7.2167,-1.5461,-0.41851,-2.9437
-4.921,5.9395,9.8452,0.88373,-8.6993,7.3045,16.061,-9.3083,-8.1525,-2.8305,-1.9308,-4.0675
-5.103,2.9353,7.7601,2.4408,-7.6443,4.6999,16.338,-9.7598,-9.1284,-4.1766,-3.3972,-5.1741
-5.3165,-0.13836,5.6104,4.093,-6.54,2.0445,16.429,-10.272,-10.167,-5.5734,-4.8149,-6.2864
-5.5503,-3.1825,3.429,5.7389,-5.4253,-0.6254,16.332,-10.878,-11.293,-7.0048,-6.1822,-7.4299
-5.7731,-6.0755,1.2524,7.2454,-4.3429,-3.2517,16.044,-11.612,-12.526,-8.4569,-7.5011,-8.6172
-5.9372,-8.7099,-0.89291,8.4834,-3.3268,-5.7649,15.561,-12.494,-13.887,-9.9257,-8.7804,-9.8377
-5.9911,-11.012,-2.9909,9.3627,-2.395,-8.0988,14.881,-13.537,-15.391,-11.419,-10.035,-11.058
-5.8969,-12.94,-5.026,9.858,-1.5506,-10.208,14.007,-14.747,-17.05,-12.957,-11.285,-12.231
-5.6517,-14.494,-6.9726,10.024,-0.79073,-12.085,12.949,-16.122,-18.875,-14.57,-12.551,-13.322
-5.2999,-15.754,-8.7938,9.9927,-0.1145,-13.768,11.723,-17.665,-20.87,-16.29,-13.851,-14.32
-4.9281,-16.882,-10.45,9.9468,0.47481,-15.324,10.348,-19.38,-23.03,-18.145,-15.195,-15.24
-4.6399,-18.058,-11.91,10.066,0.9734,-16.809,8.8391,-21.262,-25.332,-20.134,-16.574,-16.11
-4.5227,-19.403,-13.153,10.479,1.381,-18.237,7.2069,-23.289,-27.724,-22.212,-17.963,-16.947
-4.6225,-20.937,-14.164,11.234,1.7006,-19.569,5.4605,-25.416,-30.14,-24.293,-19.32,-17.744
-4.9371,-22.587,-14.922,12.281,1.9336,-20.73,3.6115,-27.579,-32.509,-26.272,-20.6,-18.477
-5.4262,-24.206,-15.4,13.487,2.0757,-21.635,1.6799,-29.71,-34.774,-28.068,-21.762,-19.107
-6.0277,-25.607,-15.57,14.686,2.1159,-22.221,-0.29982,-31.746,-36.891,-29.641,-22.775,-19.597
-6.6661,-26.605,-15.412,15.712,2.0417,-22.453,-2.2787,-33.637,-38.836,-30.986,-23.604,-19.911
-7.2517,-27.065,-14.917,16.421,1.846,-22.311,-4.2005,-35.345,-40.592,-32.109,-24.212,-20.023
-7.6846,-26.911,-14.094,16.697,1.5329,-21.771,-6.0129,-36.843,-42.152,-33.003,-24.564,-19.915
-7.8721,-26.114,-12.966,16.466,1.1169,-20.806,-7.6774,-38.118,-43.51,-33.653,-24.637,-19.578
-7.7524,-24.677,-11.557,15.705,0.61778,-19.39,-9.1719,-39.17,-44.663,-34.039,-24.432,-19.01
-7.3124,-22.61,-9.875,14.442,0.052103,-17.508,-10.488,-40.015,-45.61,-34.148,-23.974,-18.213
-6.5918,-19.905,-7.914,12.748,-0.5723,-15.159,-11.625,-40.673,-46.346,-33.982,-23.299,-17.199
-5.6723,-16.54,-5.6652,10.717,-1.2586,-12.357,-12.588,-41.166,-46.868,-33.56,-22.442,-15.984
-4.6571,-12.538,-3.143,8.4571,-2.0181,-9.135,-13.378,-41.507,-47.178,-32.91,-21.432,-14.593
-3.6487,-8.0345,-0.40099,6.0838,-2.8627,-5.5635,-13.995,-41.699,-47.28,-32.064,-20.289,-13.044
-2.7316,-3.3212,2.4674,3.7287,-3.7941,-1.7622,-14.437,-41.733,-47.183,-31.048,-19.034,-11.358
-1.9637,1.2238,5.3463,1.533,-4.7966,2.1059,-14.703,-41.6,-46.896,-29.888,-17.701,-9.5665
-1.3754,5.2851,8.1254,-0.38889,-5.839,5.8487,-14.799,-41.289,-46.42,-28.613,-16.344,-7.7275
-0.97453,8.7085,10.722,-1.9784,-6.8843,9.2834,-14.738,-40.794,-45.752,-27.263,-15.029,-5.9237
-0.75556,11.493,13.086,-3.2277,-7.9018,12.282,-14.538,-40.12,-44.888,-25.888,-13.822,-4.2497
-0.70925,13.704,15.192,-4.151,-8.8738,14.787,-14.221,-39.287,-43.844,-24.542,-12.781,-2.7867
-0.83022,15.4,17.037,-4.7644,-9.7986,16.792,-13.815,-38.339,-42.668,-23.274,-11.947,-1.5865
-1.1201,16.616,18.644,-5.0806,-10.689,18.337,-13.343,-37.338,-41.44,-22.127,-11.344,-0.66855
-1.5836,17.381,20.058,-5.1159,-11.571,19.493,-12.827,-36.349,-40.258,-21.136,-10.972,-0.023507
-2.2169,17.745,21.334,-4.8951,-12.47,20.349,-12.269,-35.426,-39.209,-20.32,-10.806,0.38022
-2.9935,17.78,22.521,-4.4563,-13.394,20.993,-11.659,-34.594,-38.347,-19.676,-10.799,0.59024
-3.8605,17.57,23.637,-3.8502,-14.325,21.497,-10.976,-33.846,-37.682,-19.176,-10.897,0.66201
-4.7465,17.199,24.668,-3.1356,-15.217,21.9,-10.193,-33.155,-37.181,-18.78,-11.05,0.64748
-5.5816,16.737,25.582,-2.3744,-16.016,22.223,-9.2831,-32.485,-36.788,-18.452,-11.219,0.58328
-6.3164,16.249,26.365,-1.6286,-16.693,22.48,-8.2332,-31.823,-36.446,-18.165,-11.382,0.48395
-6.932,15.812,27.066,-0.96142,-17.27,22.722,-7.0412,-31.18,-36.109,-17.892,-11.521,0.35681
-7.4379,15.541,27.83,-0.43933,-17.832,23.064,-5.7188,-30.6,-35.738,-17.581,-11.606,0.22067
-7.8597,15.581,28.906,-0.13449,-18.52,23.691,-4.2854,-30.138,-35.273,-17.137,-11.578,0.1258
-8.2232,16.099,30.633,-0.126,-19.507,24.845,-2.7594,-29.829,-34.601,-16.41,-11.338,0.16164
-8.54,17.299,33.431,-0.49826,-20.988,26.815,-1.1473,-29.629,-33.529,-15.197,-10.752,0.44853
-8.8047,19.593,37.635,-1.3401,-23.214,29.825,0.56635,-29.363,-31.775,-13.258,-9.6662,1.1176
-9.0024,22.765,41.74,-2.7533,-26.423,32.497,2.4232,-28.686,-29.008,-10.382,-7.9032,2.2982
-9.119,22.53,42.264,-4.8251,-29.56,33.02,4.4904,-27.114,-25.017,-7.8358,-5.3331,4.1515
-9.1455,21.375,41.698,-7.2086,-30.376,32.855,6.8468,-24.152,-20.781,-16.451,-4.2946,6.9353
-9.0731,21.521,41.468,-8.2711,-30.181,32.946,9.5483,-19.591,-27.375,-19.098,-7.1627,9.9416
-8.8813,24.092,42.782,-7.359,-30.599,34.506,12.569,-14.99,-45.76,-19.035,-7.0881,6.972
-8.5209,30.478,47.352,-6.9344,-32.618,38.847,15.754,-26.817,-47.964,-17.9,-5.9246,3.3274
-7.96,41.458,57.396,-8.7441,-37.895,47.388,18.757,-56.113,-47.181,-14.063,-2.4114,5.154
-8.7597,57.163,75.614,-14.014,-48.824,62.228,20.963,-62.679,-41.621,-4.9516,4.9119,10.514
-23.294,77.671,103.14,-22.417,-65.359,85.683,21.735,-63.799,-27.598,12.542,17.531,20.19
-29.757,103.46,137.34,-33.281,-85.232,117.28,19.455,-60.947,-1.8129,41.394,37.277,34.572
-34.335,134.72,173.93,-46.661,-105.48,151.91,22.413,-46.175,39.347,84.421,65.934,53.165
-35.781,167.93,208.94,-62.202,-123.11,185.7,32.413,-9.6458,100.98,144.12,104.28,75.427
-33.16,197.88,238.59,-79.206,-135.78,216.26,43.869,51.7,184.9,220.73,152.34,101.7
-25.396,224,259.58,-97.358,-141.47,240.76,54.837,133.29,284.35,312.82,210.79,133.18
-10.552,246.58,269.17,-116.85,-138.12,256.65,62.447,225.46,392.47,418.69,281.03,172
13.784,264.51,264.75,-138.34,-123.57,262,62.628,313.55,502.44,534.54,364.39,220.02
49.799,277.53,244.06,-162.45,-95.554,256.24,49.699,379.13,604.23,656.84,461.37,278.04
98.696,287.3,206.41,-190.27,-52.378,241,17.512,402.86,686.61,782.49,570.99,346.71
160.21,294.3,152.95,-222.85,6.0933,219.4,-37.525,368.53,740.91,904.75,690.3,426.38
232.71,298.16,85.449,-260.54,78.202,190.65,-115,267.21,761.16,1014.1,814.91,515.92
313.18,302.17,8.7109,-303.1,158.83,155.56,-210.51,101.24,741.43,1103.1,939.61,612.44
397.67,311.14,-68.285,-349.9,240.12,120.88,-316.44,-117.9,678.43,1165.5,1058.2,712.39
481.94,327.9,-137.43,-400.89,315.31,93.332,-424.41,-372.81,572.88,1195.1,1163.3,811.7
561.34,355.07,-191.93,-455.23,378.77,78.001,-528.09,-642.63,428.81,1186.5,1246.3,905.26
631.19,392.47,-227.29,-510.25,426.79,77.174,-620.05,-908.03,252.46,1135.3,1298.3,986.45
688,435.32,-243.74,-561.09,459.54,88.711,-692.67,-1153.8,50.908,1039.5,1311.1,1047.3
729.65,473.46,-248.63,-601.17,481.47,104.83,-742.48,-1370.6,-169.2,900.07,1278.2,1079.2
754.94,492.88,-255.51,-622.96,499.07,112.09,-769.27,-1555.1,-401.36,721.09,1196.3,1074.4
763.23,479.67,-278.67,-619.32,517.76,95.936,-775.65,-1708,-638.6,509.11,1066.8,1028.6
753.72,425.17,-326.09,-585.84,539.77,47.504,-766.27,-1832.8,-875.1,272.54,896.87,942.58
725.56,329.95,-395.33,-523.12,562.99,-32.402,-745.96,-1935.4,-1105.8,21.629,698.6,822.97
678.68,204.36,-475.25,-437.05,581.28,-133.66,-717.77,-2020.4,-1324.1,-232.1,486.99,681.29
615.08,65.304,-550.93,-336.86,587.4,-240.54,-682.62,-2088,-1520.6,-476.53,277.03,530.97
539.27,-69.27,-608.78,-232.77,577.06,-337.05,-640.9,-2134.2,-1683.8,-696.04,81.592,384.44
457.44,-185.19,-640.91,-134.44,550.82,-411.7,-594.65,-2152.2,-1801.8,-874.59,-89.476,251.16
376.76,-274.28,-646.51,-49.471,512.52,-459.59,-548.47,-2134.5,-1863.9,-1003.8,-229.8,136.93
303.65,-334.36,-630.07,17.854,466.57,-481.85,-506.95,-2075.8,-1864.9,-1080.6,-336.93,44.07
240.86,-367.78,-598.07,67.046,417.09,-482.94,-471.33,-1974.5,-1808,-1107,-411.81,-28.363
187.33,-379.7,-555.7,100.46,366.6,-467.85,-441.15,-1834.6,-1704.2,-1090.4,-457.19,-83.888
141.14,-376.12,-506.11,121.58,316.08,-440.77,-414.17,-1665.2,-1568.1,-1041,-478.04,-126.36
101.16,-360.85,-451.35,133.65,266.17,-405.2,-386.37,-1478.2,-1412.2,-969.05,-479.87,-158.7
67.278,-337.14,-393.23,138.75,218.25,-364.1,-353.63,-1286.1,-1247,-883.94,-467.1,-179.95
40.029,-307.46,-334.2,137.68,174.58,-319.69,-313.68,-1099.5,-1081.1,-791.52,-442.8,-191.83
19.851,-272.95,-277.64,130.65,137.29,-274.29,-267.48,-926.16,-921.25,-694.66,-408.56,-194.44
6.7979,-235.05,-225.78,118.2,107.57,-230.86,-218.53,-770.87,-772.48,-596.38,-366.01,-187.12
-0.25812,-197.5,-179.3,102.23,84.598,-189.76,-171.1,-635.74,-638.81,-500.44,-317.9,-170.59
-3.2322,-164.32,-140.11,86.097,65.797,-151.83,-129.25,-520.48,-522.07,-411.75,-267.78,-147.5
-3.914,-135.04,-111.02,72.532,51.261,-120.61,-95.447,-423.14,-422.65,-333.57,-220.09,-122.46
-3.5807,-109.58,-88.5,62.163,41.039,-96.806,-70.011,-341.17,-340.17,-265.93,-177.57,-99.334
-1.9222,-89.842,-71.195,54.206,34.239,-78.671,-52.208,-271.45,-272.46,-210.44,-140.36,-79.798
-0.7683,-76.419,-58.802,47.643,29.706,-64.917,-39.629,-212.43,-216.96,-167.31,-110.02,-64.647
-1.0472,-65.983,-50.426,41.624,26.95,-54.852,-28.941,-163.12,-172.13,-134.69,-88.634,-53.374
-1.0799,-56.945,-44.691,35.541,26.344,-47.154,-18.975,-121.58,-135.58,-109.36,-74.442,-45.026
-0.72461,-48.194,-40.134,29.212,24.79,-40.429,-10.009,-86.761,-104.59,-88.599,-65.347,-39.119
-0.063066,-39.001,-35.831,23.087,19.104,-33.794,-3.0134,-58.367,-77.471,-70.907,-59.882,-35.54
0.76208,-29.4,-30.772,17.905,12.705,-27.131,-0.81289,-35.926,-53.778,-55.516,-56.334,-33.86
1.5812,-20.272,-22.929,13.964,8.2815,-20.917,-3.9976,-18.111,-33.965,-42.191,-52.833,-33.049
2.2392,-13.073,-14.517,10.83,5.5574,-15.036,-3.5539,-4.3876,-18.832,-31.185,-48.213,-30.926
2.6366,-8.8776,-7.8581,8.3593,3.5943,-10.064,-1.8355,-4.6175,-10.198,-23.036,-43.367,-27.377
2.7491,-6.2881,-2.8176,6.5969,1.932,-5.7437,-0.67806,-15.445,-10.333,-18.247,-38.793,-24.493
2.6169,-3.9227,1.1515,5.4209,0.40879,-1.8357,-0.1406,-14.902,-11.864,-16.224,-33.627,-22.485
2.3131,-1.7138,4.4007,4.6759,-1.0127,1.6131,-0.030472,-10.1,-9.097,-14.518,-29.165,-21.015
1.9075,0.16995,7.1129,4.2419,-2.3225,4.5468,-0.17665,-4.9403,-4.8038,-11.765,-25.76,-19.86
1.4406,1.6552,9.3752,4.0453,-3.5045,6.9487,-0.44738,-0.1512,-0.40782,-8.5826,-23.075,-18.9
0.91531,2.7434,11.233,4.0487,-4.5601,8.8334,-0.74209,4.2085,3.871,-5.3678,-20.825,-18.078
0.31253,3.4754,12.724,4.2244,-5.5134,10.24,-0.98752,8.2141,8.0891,-2.1949,-18.862,-17.378
-0.38085,3.915,13.894,4.5304,-6.3982,11.226,-1.1374,11.967,12.3,0.91918,-17.121,-16.809
-1.1484,4.1342,14.797,4.9059,-7.2375,11.863,-1.1718,15.546,16.459,3.9344,-15.585,-16.385
-1.9393,4.1949,15.48,5.2876,-8.0273,12.22,-1.094,19.01,20.415,6.7871,-14.248,-16.113
-2.6826,4.1306,15.974,5.6337,-8.7341,12.351,-0.92153,22.417,23.997,9.4031,-13.099,-15.977
-3.3117,3.9401,16.287,5.9414,-9.3031,12.292,-0.67493,25.852,27.122,11.732,-12.116,-15.941
-3.7886,3.5909,16.413,6.2508,-9.6839,12.064,-0.37121,29.448,29.885,13.782,-11.269,-15.96
-4.1171,3.0312,16.351,6.6323,-9.8531,11.682,-0.028725,33.387,32.511,15.632,-10.522,-15.991
-4.3386,2.2172,16.107,7.1577,-9.8235,11.151,0.32089,37.894,35.291,17.396,-9.8449,-16.001
-4.5093,1.1506,15.709,7.8616,-9.639,10.49,0.62949,43.207,38.477,19.182,-9.2176,-15.974
-4.6711,-0.096777,15.196,8.7118,-9.3542,9.7328,0.84564,49.526,42.244,21.057,-8.6266,-15.904
-4.8295,-1.3857,14.61,9.6052,-9.0114,8.9384,0.93494,56.923,46.659,23.055,-8.0572,-15.793
-4.9491,-2.5405,13.995,10.393,-8.6348,8.1769,0.89298,65.267,51.664,25.181,-7.4894,-15.638
-4.9664,-3.3976,13.375,10.924,-8.2288,7.5094,0.74495,74.173,57.09,27.417,-6.8994,-15.435
-4.813,-3.856,12.752,11.094,-7.7835,6.9649,0.53533,83.196,62.73,29.736,-6.2645,-15.182
-4.4432,-3.9095,12.115,10.879,-7.2833,6.533,0.3152,91.941,68.417,32.118,-5.5649,-14.881
-3.8519,-3.6464,11.448,10.338,-6.7159,6.1747,0.13413,100.14,74.087,34.59,-4.7816,-14.532
-3.0797,-3.2136,10.748,9.5995,-6.0811,5.8444,0.039677,107.69,79.759,37.276,-3.8917,-14.129
-2.2028,-2.7606,10.024,8.8126,-5.3917,5.5067,0.081148,114.61,85.477,40.39,-2.8644,-13.659
-1.3112,-2.3893,9.2936,8.1066,-4.6688,5.1464,0.31048,120.99,91.239,44.155,-1.6626,-13.101
-0.48434,-2.1355,8.5683,7.556,-3.9321,4.7636,0.7747,126.99,97.007,48.641,-0.25023,-12.435
0.22525,-1.9892,7.8447,7.1731,-3.1945,4.3599,1.5026,132.81,102.73,53.62,1.3923,-11.644
0.79884,-1.9341,7.1043,6.9246,-2.4608,3.9222,2.4963,138.61,108.37,58.632,3.2507,-10.731
1.2513,-1.9759,6.3132,6.7606,-1.7272,3.4151,3.7348,144.52,113.92,63.263,5.2664,-9.7147
1.6263,-2.1471,5.4277,6.6405,-0.9848,2.7876,5.186,150.59,119.42,67.327,7.3412,-8.6369
1.987,-2.4917,4.4061,6.5425,-0.21695,1.9914,6.8159,156.84,124.92,70.862,9.3661,-7.5515
2.3982,-3.037,3.2209,6.4606,0.59753,1.0021,8.5946,163.23,130.5,74.051,11.265,-6.51
2.9119,-3.7742,1.8654,6.401,1.4858,-0.16996,10.499,169.78,136.25,77.155,13.028,-5.5401
3.5529,-4.6633,0.35363,6.3814,2.4746,-1.4799,12.512,176.48,142.28,80.44,14.713,-4.6393
4.3137,-5.6552,-1.2787,6.4254,3.5754,-2.8634,14.616,183.35,148.67,84.093,16.422,-3.782
5.1572,-6.7067,-2.9714,6.5541,4.7704,-4.2514,16.788,190.4,155.42,88.177,18.259,-2.9353
6.0293,-7.7801,-4.6432,6.7736,6.0073,-5.581,18.992,197.59,162.44,92.64,20.298,-2.0763
6.8776,-8.8288,-6.2175,7.0605,7.212,-6.804,21.174,204.87,169.54,97.327,22.574,-1.1956
7.6793,-9.7873,-7.6559,7.3513,8.3317,-7.8916,23.269,212.16,176.52,102.01,25.097,-0.29169
8.4765,-10.573,-8.9759,7.546,9.3753,-8.8385,25.208,219.4,183.26,106.47,27.832,0.63677
9.3867,-11.103,-10.24,7.5286,10.418,-9.6569,26.92,226.52,189.7,110.63,30.675,1.5948
10.565,-11.311,-11.524,7.2051,11.566,-10.363,28.346,233.46,195.87,114.55,33.464,2.5886
12.129,-11.174,-12.878,6.5361,12.906,-10.966,29.44,240.21,201.8,118.41,36.075,3.6197
14.106,-10.713,-14.309,5.5537,14.474,-11.462,30.176,246.76,207.54,122.36,38.488,4.6833
16.403,-9.9915,-15.769,4.3557,16.222,-11.839,30.537,253.14,213.07,126.44,40.779,5.7711
18.835,-9.1023,-17.165,3.078,18.02,-12.086,30.511,259.37,218.37,130.54,43.049,6.8769
21.202,-8.148,-18.381,1.8577,19.702,-12.201,30.088,265.5,223.4,134.49,45.369,8.0015
23.382,-7.2275,-19.331,0.79567,21.154,-12.199,29.265,271.54,228.14,138.12,47.762,9.1552
25.388,-6.4203,-20.004,-0.065798,22.378,-12.118,28.053,277.54,232.67,141.37,50.211,10.358
27.35,-5.7711,-20.483,-0.74772,23.499,-12.011,26.481,283.56,237.08,144.32,52.685,11.638
29.438,-5.2801,-20.904,-1.3198,24.708,-11.933,24.59,289.71,241.54,147.11,55.162,13.035
31.781,-4.9076,-21.402,-1.8738,26.175,-11.92,22.438,296.1,246.17,149.93,57.645,14.6
34.379,-4.5867,-22.06,-2.4959,27.99,-11.976,20.095,302.86,251.04,152.88,60.16,16.402
37.066,-4.2331,-22.889,-3.249,30.122,-12.066,17.642,310.06,256.18,156.04,62.732,18.505
39.597,-3.7531,-23.831,-4.1752,32.428,-12.132,15.17,317.71,261.5,159.35,65.349,20.942
41.824,-3.0615,-24.795,-5.3079,34.712,-12.108,12.779,325.73,266.91,162.62,67.926,23.668
43.789,-2.1086,-25.696,-6.686,36.83,-11.944,10.578,333.98,272.24,165.62,70.337,26.561
45.649,-0.90014,-26.497,-8.3527,38.759,-11.628,8.6796,342.34,277.39,168.2,72.476,29.473
47.55,0.50228,-27.207,-10.329,40.572,-11.184,7.1738,350.68,282.3,170.41,74.319,32.3
49.563,2.004,-27.872,-12.572,42.359,-10.665,6.0992,358.96,287.01,172.4,75.928,35.004
51.679,3.5163,-28.531,-14.957,44.162,-10.124,5.4272,367.17,291.58,174.35,77.421,37.589
53.863,4.9893,-29.199,-17.319,45.951,-9.5961,5.0837,375.37,296.13,176.35,78.906,40.074
56.099,6.4202,-29.853,-19.541,47.658,-9.0861,4.9887,383.6,300.7,178.45,80.443,42.479
58.409,7.8366,-30.45,-21.624,49.224,-8.5801,5.0821,391.92,305.31,180.67,82.044,44.814
60.829,9.2744,-30.963,-23.679,50.631,-8.0618,5.3232,400.3,309.9,182.98,83.691,47.078
63.366,10.752,-31.4,-25.839,51.913,-7.5268,5.6743,408.65,314.34,185.26,85.339,49.254
65.977,12.241,-31.814,-28.173,53.133,-6.9914,6.0856,416.81,318.5,187.35,86.898,51.306
68.558,13.655,-32.298,-30.637,54.367,-6.4998,6.4917,424.64,322.26,189.09,88.235,53.19
70.964,14.87,-32.968,-33.071,55.686,-6.1222,6.8209,432.06,325.57,190.38,89.208,54.856
73.051,15.768,-33.943,-35.264,57.137,-5.9385,7.0092,439.01,328.42,191.2,89.716,56.267
74.742,16.288,-35.316,-37.071,58.727,-6.0147,7.01,445.43,330.77,191.56,89.706,57.396
76.081,16.437,-37.123,-38.471,60.432,-6.386,6.7958,451.17,332.52,191.43,89.15,58.226
77.223,16.286,-39.348,-39.54,62.22,-7.0568,6.3533,456.05,333.5,190.7,88.008,58.741
78.372,15.925,-41.927,-40.377,64.072,-8.0116,5.6749,459.85,333.48,189.12,86.24,58.919
79.71,15.423,-44.786,-41.046,65.977,-9.2271,4.7513,462.49,332.29,186.49,83.849,58.736
81.354,14.803,-47.857,-41.541,67.931,-10.68,3.567,464.04,329.89,182.86,80.936,58.171
83.328,14.032,-51.107,-41.81,69.936,-12.356,2.1009,464.65,326.36,178.4,77.666,57.216
85.553,13.036,-54.552,-41.794,72.001,-14.262,0.33456,464.53,321.78,173.17,74.139,55.883
87.87,11.729,-58.243,-41.454,74.14,-16.443,-1.7355,463.85,316.25,167.17,70.334,54.193
90.106,10.042,-62.234,-40.756,76.371,-18.969,-4.0845,462.7,309.83,160.34,66.143,52.171
92.161,7.9497,-66.553,-39.678,78.706,-21.901,-6.6519,461.14,302.59,152.64,61.426,49.84
94.016,5.4736,-71.187,-38.276,81.147,-25.245,-9.3461,459.22,294.68,144.17,56.062,47.221
95.659,2.6759,-76.084,-36.694,83.682,-28.941,-12.061,456.94,286.28,135.12,50.058,44.337
97.021,-0.3609,-81.139,-35.064,86.281,-32.906,-14.698,454.33,277.59,125.7,43.648,41.204
97.997,-3.5488,-86.192,-33.406,88.884,-37.072,-17.176,451.41,268.75,116.16,37.178,37.837
98.513,-6.7936,-91.064,-31.639,91.393,-41.361,-19.432,448.2,259.84,106.67,30.886,34.247
98.555,-9.9827,-95.614,-29.685,93.675,-45.621,-21.412,444.69,250.86,97.213,24.83,30.472
98.166,-12.982,-99.772,-27.575,95.596,-49.626,-23.072,440.84,241.75,87.654,18.991,26.593
97.475,-15.652,-103.51,-25.439,97.075,-53.154,-24.381,436.58,232.42,77.772,13.375,22.745
96.669,-17.889,-106.77,-23.404,98.134,-56.074,-25.334,431.77,222.76,67.407,8.0427,19.095
95.894,-19.659,-109.34,-21.523,98.867,-58.351,-25.953,426.25,212.71,56.528,3.1023,15.789
95.191,-21.009,-111,-19.787,99.329,-59.985,-26.287,419.88,202.34,45.327,-1.3392,12.909
94.487,-22.013,-111.65,-18.187,99.466,-60.989,-26.39,412.6,191.82,34.415,-5.2379,10.463
93.625,-22.732,-111.42,-16.73,99.188,-61.378,-26.32,404.48,181.34,24.734,-8.6288,8.4037
92.409,-23.195,-110.52,-15.418,98.447,-61.16,-26.133,395.65,171.1,16.839,-11.578,6.6604
90.661,-23.401,-109.06,-14.235,97.257,-60.33,-25.894,386.2,161.21,10.652,-14.132,5.1659
88.303,-23.325,-107.04,-13.17,95.661,-58.894,-25.677,376.08,151.75,5.8386,-16.298,3.8707
85.418,-22.915,-104.4,-12.245,93.683,-56.881,-25.559,365.14,142.77,2.0655,-18.072,2.7484
82.238,-22.129,-101.05,-11.506,91.294,-54.341,-25.606,353.2,134.3,-0.98495,-19.459,1.7938
79.066,-20.959,-96.985,-10.989,88.428,-51.339,-25.86,340.11,126.33,-3.5758,-20.486,1.0154
76.149,-19.463,-92.212,-10.676,85.054,-47.962,-26.328,325.87,118.75,-5.8505,-21.19,0.42448
73.585,-17.757,-86.743,-10.473,81.215,-44.336,-26.985,310.61,111.44,-7.8365,-21.606,0.023748
71.297,-15.984,-80.587,-10.229,77.011,-40.617,-27.78,294.62,104.24,-9.5011,-21.746,-0.19833
69.047,-14.265,-73.83,-9.8101,72.544,-36.928,-28.64,278.2,96.999,-10.798,-21.604,-0.26303
66.438,-12.647,-66.772,-9.169,67.873,-33.29,-29.477,261.61,89.623,-11.691,-21.157,-0.18908
63.017,-11.09,-59.834,-8.3647,62.991,-29.636,-30.192,245,82.028,-12.168,-20.388,0.018013
58.546,-9.4891,-53.157,-7.52,57.823,-25.896,-30.69,228.36,74.186,-12.246,-19.297,0.36554
53.238,-7.7272,-46.506,-6.761,52.233,-22.062,-30.886,211.64,66.182,-11.969,-17.914,0.86234
47.612,-5.7306,-39.639,-6.1743,46.144,-18.154,-30.716,194.78,58.253,-11.392,-16.294,1.5058
42.095,-3.4976,-32.605,-5.7865,39.702,-14.179,-30.133,177.72,50.72,-10.564,-14.503,2.2762
36.854,-1.0943,-25.675,-5.5667,33.245,-10.143,-29.11,160.51,43.861,-9.5221,-12.594,3.1381
31.871,1.3778,-19.088,-5.4498,27.103,-6.0837,-27.635,143.31,37.818,-8.2851,-10.601,4.0459
27.085,3.8263,-12.938,-5.3685,21.457,-2.0706,-25.728,126.38,32.596,-6.8699,-8.5419,4.9445
22.471,6.1966,-7.249,-5.2765,16.349,1.8245,-23.449,109.95,28.097,-5.3006,-6.4443,5.7684
18.096,8.467,-2.0538,-5.1569,11.789,5.5376,-20.896,93.99,24.162,-3.6181,-4.3625,6.444
14.198,10.622,2.5908,-5.0159,7.8298,9.006,-18.195,78.091,20.624,-1.8932,-2.3791,6.9046
11.04,12.634,6.6421,-4.8721,4.5125,12.167,-15.47,61.897,17.349,-0.22045,-0.58561,7.1134
8.6563,14.466,10.123,-4.7434,1.7579,14.969,-12.827,46.058,14.262,1.3,0.94552,7.0748
6.8702,16.077,13.122,-4.6326,-0.60197,17.383,-10.344,32.276,11.34,2.5821,2.1767,6.8226
5.4762,17.411,15.746,-4.5176,-2.7081,19.4,-8.0695,21.615,8.5821,3.5685,3.1064,6.3994
4.3187,18.397,18.059,-4.35,-4.6232,21.028,-6.0303,13.661,5.9934,4.241,3.7586,5.8454
3.2836,18.968,20.082,-4.0591,-6.3486,22.287,-4.2374,7.4699,3.5761,4.6206,4.1667,5.1944
2.2729,19.095,21.807,-3.5649,-7.865,23.205,-2.6978,2.3282,1.326,4.7538,4.3586,4.4682
1.1971,18.808,23.225,-2.805,-9.1668,23.818,-1.4169,-2.158,-0.76742,4.686,4.3457,3.6717
-0.009343,18.186,24.337,-1.7659,-10.272,24.166,-0.39485,-6.1894,-2.7402,4.439,4.1215,2.7963
-1.3564,17.338,25.157,-0.50337,-11.205,24.301,0.3799,-9.8854,-4.645,4.0012,3.6699,1.829
-2.7783,16.389,25.706,0.8622,-11.984,24.273,0.93499,-13.325,-6.5403,3.3332,2.9772,0.76297
-4.1453,15.469,26.015,2.1691,-12.613,24.133,1.3144,-16.561,-8.475,2.3883,2.0461,-0.39641
-5.2967,14.683,26.124,3.2484,-13.09,23.922,1.5735,-19.621,-10.475,1.1408,0.90226,-1.6322
-6.084,14.101,26.075,3.9643,-13.414,23.668,1.7704,-22.513,-12.54,-0.39394,-0.40594,-2.9224
-6.4127,13.751,25.912,4.2497,-13.596,23.386,1.9556,-25.228,-14.641,-2.1567,-1.8188,-4.2496
-6.2778,13.614,25.675,4.1271,-13.665,23.08,2.1649,-27.75,-16.731,-4.058,-3.2815,-5.6073
-5.7727,13.622,25.402,3.709,-13.665,22.748,2.4183,-30.064,-18.75,-5.996,-4.755,-6.997
-5.0717,13.669,25.129,3.172,-13.65,22.382,2.7242,-32.15,-20.634,-7.8729,-6.2128,-8.4149
-4.3818,13.64,24.881,2.7064,-13.671,21.977,3.0851,-33.979,-22.325,-9.6055,-7.6294,-9.8357
-3.8786,13.446,24.667,2.4541,-13.758,21.525,3.5005,-35.516,-23.782,-11.132,-8.9667,-11.204
-3.655,13.057,24.467,2.4689,-13.897,21.028,3.9661,-36.728,-24.975,-12.416,-10.171,-12.442
-3.7112,12.493,24.238,2.7275,-14.028,20.494,4.4696,-37.597,-25.898,-13.447,-11.184,-13.473
-3.991,11.808,23.936,3.1735,-14.08,19.94,4.9862,-38.125,-26.559,-14.24,-11.967,-14.251
-4.4352,11.057,23.529,3.7518,-14.007,19.38,5.4772,-38.343,-26.977,-14.821,-12.516,-14.787
-5.0164,10.267,23.006,4.4324,-13.817,18.807,5.8942,-38.295,-27.175,-15.215,-12.866,-15.147
-5.7365,9.4226,22.374,5.2207,-13.553,18.188,6.1872,-38.036,-27.182,-15.442,-13.075,-15.43
-6.5843,8.4826,21.642,6.1264,-13.262,17.475,6.3153,-37.622,-27.022,-15.514,-13.202,-15.725
-7.4849,7.4216,20.807,7.1044,-12.957,16.624,6.2549,-37.092,-26.719,-15.432,-13.284,-16.081
-8.2864,6.2749,19.858,8.0286,-12.611,15.627,6.0031,-36.466,-26.288,-15.194,-13.324,-16.486
-8.8023,5.1436,18.787,8.7291,-12.173,14.515,5.575,-35.737,-25.735,-14.798,-13.293,-16.883
-8.8802,4.1506,17.595,9.0602,-11.598,13.341,4.9995,-34.884,-25.057,-14.251,-13.143,-17.199
-8.4488,3.3821,16.294,8.9534,-10.858,12.153,4.3144,-33.881,-24.25,-13.57,-12.84,-17.372
-7.5323,2.8532,14.893,8.4344,-9.9493,10.976,3.5633,-32.709,-23.306,-12.783,-12.383,-17.366
-6.2384,2.5065,13.396,7.6148,-8.8842,9.8033,2.7914,-31.365,-22.228,-11.921,-11.812,-17.177
-4.7283,2.2351,11.804,6.6616,-7.689,8.6051,2.0385,-29.867,-21.026,-11.011,-11.191,-16.83
-3.181,1.916,10.121,5.7557,-6.3985,7.3454,1.3341,-28.252,-19.727,-10.078,-10.583,-16.361
-1.7579,1.4442,8.354,5.0453,-5.0493,5.993,0.69439,-26.572,-18.368,-9.1409,-10.031,-15.812
-0.57115,0.76192,6.5139,4.6104,-3.6696,4.5321,0.12347,-24.886,-16.992,-8.2167,-9.5519,-15.218
0.33914,-0.12605,4.612,4.4469,-2.2733,2.9721,-0.38143,-23.252,-15.641,-7.3213,-9.1392,-14.607
1.0085,-1.1546,2.6613,4.4782,-0.86504,1.3517,-0.82436,-21.716,-14.348,-6.472,-8.777,-13.997
1.527,-2.2214,0.68745,4.5904,0.54506,-0.26496,-1.2065,-20.301,-13.137,-5.686,-8.4469,-13.402
1.9977,-3.2229,-1.2654,4.6794,1.9308,-1.8036,-1.5242,-19.006,-12.022,-4.9759,-8.134,-12.834
2.4937,-4.0882,-3.1359,4.6897,3.2527,-3.2016,-1.7665,-17.808,-11.001,-4.3435,-7.8279,-12.295
3.0345,-4.7944,-4.8567,4.6242,4.4694,-4.4237,-1.9114,-16.664,-10.052,-3.7731,-7.5188,-11.775
3.5995,-5.3585,-6.3723,4.5186,5.5466,-5.4648,-1.9264,-15.524,-9.1299,-3.2285,-7.1918,-11.249
4.158,-5.8147,-7.6579,4.3999,6.4658,-6.3431,-1.7793,-14.338,-8.1779,-2.6562,-6.8241,-10.68
4.6914,-6.1885,-8.7248,4.2646,7.2299,-7.0853,-1.4535,-13.067,-7.1422,-1.9969,-6.3856,-10.038
5.1981,-6.4768,-9.6046,4.082,7.8584,-7.7096,-0.95476,-11.699,-5.9926,-1.2005,-5.8434,-9.3154
5.688,-6.6427,-10.321,3.8121,8.3689,-8.2119,-0.3022,-10.251,-4.7337,-0.23959,-5.169,-8.5279
6.1693,-6.6306,-10.872,3.4215,8.7611,-8.5647,0.48614,-8.768,-3.4045,0.883,-4.3495,-7.7084
6.6389,-6.3927,-11.229,2.8973,9.0176,-8.7314,1.4011,-7.3085,-2.0654,2.1354,-3.3962,-6.8919
7.0758,-5.9153,-11.358,2.2563,9.1182,-8.6866,2.4419,-5.927,-0.78251,3.463,-2.347,-6.1038
7.4374,-5.2343,-11.248,1.5522,9.0544,-8.4336,3.6149,-4.6611,0.38722,4.7976,-1.2582,-5.3569
7.664,-4.4395,-10.92,0.87377,8.8355,-8.0129,4.9315,-3.5266,1.4068,6.0665,-0.19333,-4.6572
7.692,-3.6608,-10.432,0.33028,8.4857,-7.4992,6.4031,-2.5189,2.2653,7.2032,0.78767,-4.0134
7.4762,-3.0363,-9.8623,0.023796,8.0396,-6.9847,8.0332,-1.6196,2.9777,8.1605,1.6358,-3.4445
7.0061,-2.6728,-9.291,0.019517,7.5383,-6.5556,9.8103,-0.80316,3.5763,8.921,2.3181,-2.9788
6.31,-2.6209,-8.7877,0.32818,7.0226,-6.2748,11.702,-0.044639,4.0937,9.4937,2.8182,-2.6477
5.4433,-2.8736,-8.4015,0.90879,6.5235,-6.176,13.652,0.67106,4.5451,9.9004,3.1332,-2.4771
4.4717,-3.3871,-8.1605,1.6869,6.0544,-6.2702,15.578,1.342,4.9201,10.161,3.2688,-2.4807
3.4578,-4.1047,-8.0714,2.5759,5.6107,-6.552,17.389,1.9487,5.1889,10.285,3.2361,-2.6562
2.4603,-4.9717,-8.1197,3.4927,5.1819,-7.0018,19.008,2.4633,5.3216,10.278,3.0497,-2.9844
1.5406,-5.9366,-8.2732,4.3674,4.7695,-7.5863,20.384,2.8643,5.307,10.142,2.7283,-3.432
0.76443,-6.9517,-8.4966,5.1522,4.3981,-8.2671,21.491,3.1474,5.1599,9.8819,2.2943,-3.9588
0.19039,-7.9824,-8.7736,5.8278,4.1102,-9.0156,22.306,3.3247,4.9138,9.5077,1.7742,-4.5301
-0.15048,-9.02,-9.1168,6.4023,3.9491,-9.8206,22.804,3.4145,4.6054,9.035,1.2006,-5.1245
-0.27142,-10.076,-9.5516,6.9051,3.939,-10.68,22.968,3.431,4.2601,8.489,0.61427,-5.7323
-0.23269,-11.158,-10.085,7.3746,4.0724,-11.577,22.806,3.383,3.8892,7.9086,0.064774,-6.3419
-0.12477,-12.235,-10.682,7.8387,4.309,-12.467,22.349,3.2781,3.4947,7.3465,-0.39443,-6.9252
-0.036516,-13.229,-11.274,8.295,4.5877,-13.271,21.65,3.1265,3.0778,6.8595,-0.71442,-7.434
-0.021979,-14.02,-11.779,8.6996,4.8475,-13.897,20.761,2.9373,2.641,6.4906,-0.85855,-7.8125
-0.081086,-14.482,-12.13,8.9745,5.0465,-14.269,19.714,2.71,2.1839,6.2526,-0.80604,-8.0195
-0.16106,-14.514,-12.29,9.0264,5.1687,-14.339,18.52,2.4291,1.7003,6.1217,-0.55183,-8.0455
-0.17574,-14.058,-12.246,8.7739,5.2196,-14.093,17.17,2.0679,1.1806,6.0494,-0.10411,-7.9139
-0.035728,-13.113,-12.002,8.1705,5.2156,-13.543,15.657,1.5992,0.61935,5.9843,0.51828,-7.6651
0.31852,-11.733,-11.567,7.2226,5.1741,-12.721,13.98,1.0038,0.019386,5.8942,1.2862,-7.3372
0.89011,-10.025,-10.955,5.9963,5.105,-11.674,12.139,0.27219,-0.61,5.7735,2.1573,-6.9556
1.6175,-8.1278,-10.183,4.609,5.0038,-10.46,10.125,-0.59869,-1.2599,5.6355,3.074,-6.5345
2.3924,-6.1796,-9.267,3.2025,4.8521,-9.1373,7.9117,-1.6077,-1.9264,5.4958,3.9689,-6.0849
3.0992,-4.2891,-8.231,1.9021,4.6283,-7.7565,5.4561,-2.7462,-2.6096,5.3581,4.777,-5.6191
3.6527,-2.5202,-7.1089,0.78116,4.3224,-6.3606,2.7149,-3.9932,-3.3108,5.2062,5.4499,-5.1532
4.0153,-0.89589,-5.9467,-0.14724,3.9431,-4.9842,-0.33343,-5.3156,-4.031,5.0041,5.9614,-4.7071
4.1857,0.5832,-4.7936,-0.90757,3.5117,-3.6547,-3.6722,-6.6758,-4.7722,4.7059,6.3043,-4.3062
4.1779,1.9125,-3.6898,-1.5258,3.0475,-2.3973,-7.2401,-8.0408,-5.5361,4.2724,6.4819,-3.9772
4.0056,3.0595,-2.6595,-2.002,2.5569,-1.2426,-10.931,-9.3875,-6.3202,3.6894,6.4991,-3.7405
3.6797,3.9607,-1.7118,-2.306,2.0341,-0.2301,-14.603,-10.701,-7.1144,2.9778,6.3581,-3.601
3.2118,4.5487,-0.84602,-2.3964,1.4688,0.60126,-18.105,-11.97,-7.9007,2.1884,6.06,-3.5482
2.6203,4.7911,-0.053372,-2.2504,0.85428,1.2324,-21.308,-13.184,-8.6597,1.3842,5.6127,-3.5623
1.9332,4.7163,0.68303,-1.8844,0.18973,1.6799,-24.123,-14.336,-9.3768,0.61998,5.0402,-3.6231
1.1862,4.4133,1.3898,-1.3559,-0.52068,1.9999,-26.499,-15.428,-10.044,-0.068683,4.3881,-3.7124
0.41621,4.013,2.1035,-0.74831,-1.2715,2.2794,-28.405,-16.464,-10.657,-0.66436,3.7206,-3.8093
-0.34591,3.6576,2.8655,-0.14765,-2.0592,2.6163,-29.811,-17.45,-11.209,-1.1613,3.11,-3.8847
-1.082,3.4658,3.7114,0.37995,-2.8812,3.0925,-30.685,-18.381,-11.689,-1.5603,2.6193,-3.8986
-1.7882,3.5011,4.657,0.80115,-3.7319,3.7464,-30.999,-19.24,-12.087,-1.8686,2.2852,-3.8081
-2.4705,3.7569,5.6899,1.1159,-4.5982,4.5594,-30.75,-20.009,-12.398,-2.102,2.1077,-3.5819
-3.1348,4.1714,6.774,1.3462,-5.4611,5.4682,-29.977,-20.668,-12.628,-2.2831,2.0533,-3.2131
-3.7776,4.6714,7.8672,1.5147,-6.3029,6.4003,-28.754,-21.204,-12.792,-2.4348,2.0712,-2.7223
-4.3784,5.2228,8.9413,1.6226,-7.1146,7.314,-27.178,-21.616,-12.915,-2.5727,2.1148,-2.1471
-4.8991,5.8469,9.9932,1.6401,-7.897,8.2151,-25.358,-21.912,-13.025,-2.7055,2.1565,-1.5262
-5.2938,6.5962,11.04,1.5185,-8.6561,9.1424,-23.403,-22.116,-13.155,-2.843,2.1886,-0.88649
-5.5263,7.5141,12.105,1.2161,-9.3986,10.137,-21.417,-22.261,-13.337,-3.003,2.2141,-0.23705
-5.59,8.6014,13.203,0.72555,-10.129,11.218,-19.489,-22.391,-13.593,-3.2108,2.2364,0.42897
-5.5174,9.8005,14.332,0.091107,-10.848,12.37,-17.675,-22.544,-13.932,-3.4918,2.2526,1.1258
-5.3757,11.001,15.466,-0.59443,-11.547,13.54,-16,-22.745,-14.345,-3.8629,2.2501,1.8613
-5.2509,12.068,16.556,-1.2135,-12.206,14.646,-14.463,-23.006,-14.812,-4.3298,2.2068,2.6254
-5.2244,12.882,17.546,-1.6582,-12.802,15.608,-13.059,-23.326,-15.311,-4.887,2.0935,3.3862
-5.3516,13.381,18.385,-1.8624,-13.317,16.366,-11.79,-23.702,-15.828,-5.5207,1.8805,4.0966
-5.6476,13.575,19.049,-1.8208,-13.749,16.906,-10.651,-24.131,-16.358,-6.2101,1.5464,4.709
-6.0834,13.545,19.548,-1.5924,-14.107,17.259,-9.6205,-24.605,-16.9,-6.928,1.0872,5.1911
-6.5907,13.411,19.91,-1.2817,-14.403,17.486,-8.6591,-25.105,-17.453,-7.6448,0.51965,5.5353
-7.0766,13.297,20.158,-1.0084,-14.635,17.647,-7.7155,-25.599,-18.014,-8.3348,-0.12432,5.758
-7.4504,13.283,20.308,-0.86624,-14.793,17.783,-6.7431,-26.05,-18.579,-8.9841,-0.80769,5.8854
-7.651,13.378,20.354,-0.88966,-14.86,17.886,-5.7098,-26.424,-19.14,-9.5916,-1.4969,5.9424
-7.6629,13.522,20.278,-1.0461,-14.827,17.917,-4.6007,-26.695,-19.685,-10.163,-2.1652,5.9456
-7.5156,13.619,20.065,-1.2577,-14.702,17.826,-3.4145,-26.844,-20.192,-10.697,-2.7905,5.9023
-7.2702,13.58,19.724,-1.4355,-14.504,17.578,-2.1585,-26.861,-20.625,-11.174,-3.3535,5.8133
-7.0008,13.358,19.279,-1.5075,-14.267,17.168,-0.84479,-26.739,-20.945,-11.556,-3.838,5.6776
-6.7736,12.95,18.763,-1.4371,-14.029,16.612,0.51336,-26.478,-21.116,-11.799,-4.2329,5.4955
-6.6261,12.383,18.198,-1.2311,-13.816,15.93,1.9052,-26.086,-21.122,-11.871,-4.5345,5.2716
-6.5589,11.692,17.595,-0.93534,-13.631,15.137,3.3273,-25.578,-20.964,-11.772,-4.7452,5.017
-6.5463,10.905,16.948,-0.61067,-13.459,14.246,4.7852,-24.974,-20.667,-11.53,-4.8719,4.749
-6.5661,10.027,16.245,-0.30048,-13.283,13.264,6.2886,-24.297,-20.271,-11.202,-4.9257,4.4843
-6.6301,9.0347,15.481,0.0069541,-13.096,12.185,7.8402,-23.576,-19.83,-10.854,-4.9231,4.2318
-6.7932,7.8748,14.658,0.38592,-12.913,10.998,9.4224,-22.845,-19.403,-10.552,-4.8866,3.9871
-7.1333,6.4853,13.783,0.94876,-12.757,9.6854,10.991,-22.149,-19.042,-10.343,-4.8427,3.7385
-7.7142,4.8212,12.862,1.7923,-12.645,8.2391,12.475,-21.526,-18.778,-10.252,-4.8167,3.4753
-8.553,2.88,11.895,2.9514,-12.572,6.6601,13.792,-21.01,-18.619,-10.273,-4.8302,3.1968
-9.6049,0.71289,10.877,4.3805,-12.514,4.968,14.86,-20.617,-18.557,-10.385,-4.8965,2.9144
-10.77,-1.5792,9.8116,5.9605,-12.436,3.2084,15.615,-20.353,-18.582,-10.567,-5.0191,2.6479
-11.917,-3.866,8.7125,7.5386,-12.312,1.4435,16.015,-20.214,-18.691,-10.81,-5.1936,2.4169
-12.924,-6.0168,7.613,8.9695,-12.136,-0.25572,16.038,-20.195,-18.899,-11.124,-5.4124,2.2343
-13.706,-7.9325,6.554,10.151,-11.921,-1.8257,15.674,-20.291,-19.226,-11.53,-5.6687,2.0999
-14.228,-9.5666,5.5724,11.041,-11.688,-3.2266,14.919,-20.497,-19.684,-12.043,-5.9589,2.0025
-14.503,-10.929,4.6925,11.648,-11.458,-4.4457,13.776,-20.801,-20.269,-12.665,-6.2819,1.9229
-14.574,-12.068,3.92,12.02,-11.237,-5.497,12.254,-21.182,-20.959,-13.375,-6.637,1.8413
-14.508,-13.039,3.2446,12.219,-11.022,-6.4084,10.379,-21.612,-21.713,-14.14,-7.0214,1.7452
-14.37,-13.876,2.6499,12.301,-10.805,-7.2002,8.1988,-22.069,-22.492,-14.919,-7.4277,1.6342
-14.206,-14.566,2.1336,12.3,-10.58,-7.8719,5.7968,-22.544,-23.268,-15.671,-7.8405,1.5215
-14.016,-15.054,1.7142,12.219,-10.35,-8.386,3.2861,-23.04,-24.03,-16.364,-8.2359,1.4299
-13.775,-15.262,1.4349,12.034,-10.134,-8.6792,0.79817,-23.566,-24.786,-16.974,-8.5832,1.3826
-13.467,-15.13,1.3486,11.731,-9.966,-8.6841,-1.5359,-24.127,-25.546,-17.486,-8.8496,1.3941
-13.137,-14.646,1.5089,11.332,-9.8974,-8.3599,-3.6047,-24.723,-26.321,-17.895,-9.0084,1.4636
-12.877,-13.86,1.9559,10.901,-9.9862,-7.7046,-5.3297,-25.342,-27.107,-18.204,-9.0457,1.5805
-12.779,-12.872,2.7073,10.513,-10.279,-6.7517,-6.6683,-25.968,-27.882,-18.421,-8.9633,1.7331
-12.886,-11.786,3.7587,10.222,-10.796,-5.5532,-7.6101,-26.573,-28.609,-18.544,-8.7746,1.9192
-13.176,-10.668,5.0924,10.034,-11.524,-4.1563,-8.1691,-27.126,-29.242,-18.564,-8.4987,2.1455
-13.578,-9.5251,6.6872,9.901,-12.424,-2.5857,-8.3745,-27.597,-29.743,-18.466,-8.1549,2.4212
-13.997,-8.3048,8.517,9.7443,-13.446,-0.83986,-8.2607,-27.961,-30.091,-18.237,-7.7578,2.7466
-14.348,-6.928,10.541,9.4787,-14.53,1.0946,-7.8591,-28.208,-30.291,-17.876,-7.3172,3.1098
-14.591,-5.3291,12.704,9.0498,-15.627,3.2167,-7.2028,-28.351,-30.365,-17.393,-6.8387,3.4899
-14.743,-3.4915,14.943,8.4526,-16.71,5.4991,-6.3407,-28.414,-30.345,-16.81,-6.3268,3.866
-14.865,-1.4606,17.206,7.7336,-17.779,7.8851,-5.3489,-28.436,-30.266,-16.162,-5.7877,4.2247
-15.025,0.67058,19.455,6.9699,-18.844,10.301,-4.3254,-28.453,-30.156,-15.492,-5.2306,4.5665
-15.259,2.793,21.656,6.2381,-19.905,12.67,-3.3683,-28.49,-30.03,-14.844,-4.6649,4.9064
-15.556,4.8115,23.776,5.5862,-20.94,14.926,-2.5542,-28.558,-29.886,-14.246,-4.0938,5.2684
-15.862,6.6609,25.771,5.0244,-21.907,17.012,-1.9295,-28.65,-29.716,-13.706,-3.5099,5.6751
-16.093,8.3037,27.578,4.5327,-22.749,18.874,-1.5131,-28.749,-29.502,-13.21,-2.8974,6.1369
-16.169,9.7191,29.112,4.0788,-23.4,20.448,-1.3051,-28.831,-29.238,-12.731,-2.2409,6.6472
-16.034,10.892,30.281,3.6364,-23.807,21.671,-1.294,-28.866,-28.923,-12.246,-1.5358,7.1851
-15.684,11.812,31.02,3.1977,-23.941,22.504,-1.4616,-28.828,-28.573,-11.739,-0.79291,7.7252
-15.175,12.472,31.327,2.7787,-23.827,22.952,-1.7853,-28.71,-28.208,-11.213,-0.035661,8.251
-14.61,12.865,31.282,2.4144,-23.53,23.07,-2.2375,-28.532,-27.849,-10.68,0.71213,8.767
-14.104,13.004,31.025,2.143,-23.15,22.949,-2.7816,-28.359,-27.492,-10.14,1.4475,9.3037
-13.738,12.946,30.736,1.9856,-22.795,22.727,-3.3675,-28.275,-27.09,-9.5547,2.2131,9.9179
-13.539,12.816,30.637,1.9314,-22.584,22.617,-3.9296,-28.346,-26.522,-8.8169,3.1177,10.693
-13.473,12.801,31.032,1.9345,-22.646,22.921,-4.3875,-28.538,-25.574,-7.7235,4.3533,11.754
-13.475,13.152,32.375,1.9188,-23.128,24.023,-4.6494,-28.661,-23.937,-5.9551,6.2228,13.3
-13.471,14.22,35.226,1.7879,-24.245,26.385,-4.6172,-28.329,-21.264,-3.0755,9.1795,15.678
-13.402,15.665,37.313,1.4387,-26.169,27.988,-4.1956,-26.997,-17.374,0.22878,13.475,19.373
-13.226,12.985,34.708,0.82328,-27.815,25.907,-3.3059,-24.126,-13.983,-11.68,12.647,24.243
-12.909,8.6784,31.696,0.44758,-27.614,23.147,-1.8995,-19.584,-30.213,-16.466,5.1452,27.048
-12.42,5.7799,29.796,2.1784,-26.897,21.131,0.013118,-16.223,-46.047,-16.719,3.632,21.05
-11.72,6.1527,30.083,4.5333,-27.037,21.478,2.3289,-37.465,-46.775,-15.42,3.9533,12.984
-10.766,11.599,34.483,3.9053,-29.427,26.069,4.9748,-59.979,-44.319,-10.625,6.9234,14.105
-10.292,23.52,46.867,0.019707,-37.018,36.973,7.8835,-63.38,-35.435,-0.015668,13.747,19.343
-21.153,42.677,71.007,-6.9296,-51.389,56.076,10.215,-63.068,-16.374,18.95,25.785,28.197
-28.968,68.613,106.14,-16.575,-70.84,83.905,9.6896,-58.849,15.322,49.257,44.703,41.366
-34.925,98.887,146.02,-28.601,-91.348,119.17,7.999,-43.708,61.719,93.935,72.347,59.209
-39.027,129.7,181.68,-42.812,-109.81,154.83,15.074,-8.214,125.35,154.7,110.16,81.617
-39.195,158.29,209.69,-58.792,-123.55,184.93,26.596,51.596,208.51,232.3,158.23,108.52
-33.655,184.11,229.35,-76.243,-130.14,209.07,43.247,133.11,310.32,327.15,216.45,140.77
-20.837,207.17,239.15,-94.874,-127.58,226.09,59.852,227.64,423.78,435.99,286,179.58
0.82585,226.54,234.98,-114.45,-114.16,233.17,68.031,320.57,538.66,553.59,368.01,225.2
32.722,239.99,213.62,-135.53,-87.716,228.11,62.414,393.54,644.37,675.31,462.97,278.31
75.955,245.92,173.69,-159.92,-46.309,209.94,38.728,426.83,730.8,798.36,570.11,340.33
131.33,244.72,115.19,-188.73,10.68,179.38,-6.8867,401.78,790.31,920.33,687.2,412.61
198.96,237.52,41.087,-219.45,81.817,138.75,-75.926,309.64,818.49,1037.6,810.47,494.78
277.38,230.27,-42.453,-252.88,163.04,93.287,-166.34,155.14,813.8,1144.8,935.03,585.32
362.9,228.99,-126.48,-291.68,247.85,50.318,-272.44,-49.415,775.73,1233.9,1055.1,681.31
449.86,237.14,-200.2,-336.38,328.22,16.956,-385.68,-287.81,702.24,1294.5,1163.5,778.46
531.97,257.53,-254.68,-385.65,396.66,-0.70089,-496.75,-541.43,590.62,1315,1251.3,871.13
604.05,290.06,-288.18,-436.91,448.77,-1.6492,-597.23,-794.38,440.65,1284.8,1308.8,952.24
663.07,329.81,-306.45,-485.92,484.99,8.4249,-679.81,-1032.2,255.99,1197.6,1327,1013.6
707.44,366.49,-318.05,-526.34,509.89,21.539,-738.88,-1243.8,43.418,1053,1298.8,1046.7
735.91,385.8,-331.99,-550.33,529.48,25.885,-772.42,-1422.7,-189.11,856.61,1220.5,1044.2
747.06,373.45,-358.92,-550.28,548.82,7.5428,-782.83,-1567.8,-434.4,619.12,1093.5,1002.2
739.89,320.62,-406.84,-521.29,570.24,-41.971,-776.15,-1682.9,-687.01,354.45,925.21,921.77
714.32,227.99,-475.11,-463.23,592.23,-122.38,-759.84,-1775.5,-941.44,78.027,728.61,809.71
671.27,106.39,-554.03,-381.61,609.97,-222.98,-739.79,-1853.2,-1189.4,-195.13,519.03,677.01
612.84,-26.697,-629.1,-286.17,617.73,-327.63,-718.47,-1919.5,-1418.9,-451.36,311.12,536.13
542.83,-152.9,-686.43,-188.26,611.42,-419.83,-695.29,-1972.1,-1615.3,-678.17,117.2,398.5
467.33,-257.9,-716.96,-98.23,590.18,-487.53,-669.09,-2003.5,-1763.7,-864.11,-53.015,273.05
393.19,-333.72,-718.44,-23.438,556.44,-525.45,-640.36,-2003.6,-1852.3,-1000.1,-192.45,165.52
325.05,-378.67,-694.53,32.796,513.8,-534.68,-609.69,-1963.8,-1874.7,-1081.7,-297.29,78.173
264.59,-396,-652.08,71.269,465.27,-520.7,-576.53,-1880,-1832.3,-1111,-367.88,9.9961
211.81,-392.27,-597.96,96.053,413.31,-491.05,-541.13,-1754.9,-1734.2,-1094.8,-408.82,-42.559
165.95,-376.59,-537.05,111.83,359.64,-452.5,-504.08,-1597.1,-1595.3,-1043.6,-427.37,-84.063
125.88,-354.52,-472.43,121.07,305.54,-408.88,-464.29,-1418.4,-1432.2,-969.75,-430.57,-117.67
90.59,-328.08,-406.51,125.41,252.6,-362.92,-420.48,-1231.5,-1259.2,-882.88,-423.15,-143.98
59.801,-298.55,-341.3,125.99,203.13,-316.34,-372.22,-1047.4,-1086.6,-788.81,-406.89,-161.68
34.219,-265.88,-279.26,122.53,159.33,-269.35,-319.91,-874.95,-921.05,-691.09,-381.33,-168.79
15.152,-229.55,-223.58,114.26,122.45,-222.58,-266.1,-719.02,-767.54,-592.42,-345.6,-164.78
3.4431,-191.22,-175.03,101.32,93.09,-178.48,-215.07,-581.68,-629.96,-495.5,-301.04,-151.71
-1.7222,-154.46,-133.28,85.379,70.846,-139.26,-169.43,-464.2,-510.35,-405.35,-252.24,-133.39
-2.4673,-120.6,-99.095,68.635,54.501,-105.38,-130.51,-366.38,-409.23,-326.4,-205.18,-112.01
-0.30232,-90.527,-73.448,51.943,43.006,-78.529,-99.634,-285.9,-325.93,-258.64,-162.34,-90.362
3.7787,-66.978,-55.717,36.378,35.275,-58.367,-76.234,-218.41,-257.42,-202.75,-124.84,-71.183
8.6237,-49.395,-44.088,24.243,30.413,-44.154,-58.033,-159.68,-200.49,-158.67,-94.939,-55.523
8.7113,-36.108,-37.192,16.088,27.791,-34.832,-43.152,-108.43,-152.95,-124.02,-73.469,-44.696
7.3735,-27.387,-33.52,11.065,27.076,-28.905,-30.586,-65.07,-112.98,-96.352,-59.17,-38.35
6.671,-22.82,-31.37,8.5344,26.898,-24.916,-19.683,-29.869,-79.327,-74.983,-50.064,-34.852
5.9164,-21.126,-29.517,8.1054,21.45,-21.727,-10.256,-2.4268,-51.28,-58.838,-44.228,-33.08
4.9652,-20.656,-24.739,9.1386,14.13,-18.545,-2.7321,18.467,-28.559,-46.013,-39.99,-32.356
3.8316,-19.816,-15.727,10.169,9.5946,-14.866,0.98321,34.341,-11.243,-34.803,-35.986,-31.457
2.5984,-18.041,-9.5799,10.488,7.0012,-11.468,0.34391,44.172,0.65485,-24.906,-31.517,-28.973
1.3347,-16.927,-5.9229,10.942,5.2524,-9.0561,1.5855,36.348,5.8583,-17.852,-27.034,-26.488
0.051825,-16.305,-3.528,11.564,3.9195,-7.3863,4.1136,26.661,2.3032,-15.499,-22.471,-24.962
-1.2584,-16.093,-1.8422,12.335,2.8309,-6.2505,6.3286,27.709,2.2977,-14.171,-19.001,-24.12
-2.5461,-16.247,-0.60084,13.246,1.9096,-5.5068,8.0724,33.177,5.7834,-11.138,-16.705,-23.709
-3.6957,-16.637,0.34582,14.204,1.1249,-5.028,9.4719,40.637,9.805,-8.2148,-15.162,-23.575
-4.5938,-17.074,1.099,15.058,0.46865,-4.6861,10.654,49.452,13.869,-5.6555,-14.084,-23.609
-5.1675,-17.365,1.7353,15.657,-0.062528,-4.3661,11.726,59.157,18.063,-3.3156,-13.271,-23.728
-5.3816,-17.369,2.3093,15.894,-0.47352,-3.987,12.786,69.191,22.542,-1.048,-12.587,-23.868
-5.2367,-17.029,2.8472,15.723,-0.76829,-3.516,13.921,79.013,27.408,1.2501,-11.941,-23.98
-4.7722,-16.374,3.3447,15.178,-0.94517,-2.9677,15.199,88.24,32.652,3.6371,-11.28,-24.028
-4.0636,-15.498,3.7752,14.363,-0.99748,-2.3878,16.666,96.691,38.174,6.1376,-10.578,-23.981
-3.2135,-14.524,4.1056,13.429,-0.92043,-1.8297,18.345,104.34,43.875,8.7593,-9.8215,-23.819
-2.3376,-13.565,4.3112,12.53,-0.71762,-1.3344,20.244,111.3,49.748,11.514,-9.0017,-23.527
-1.5463,-12.7,4.3845,11.79,-0.4086,-0.92154,22.358,117.71,55.892,14.435,-8.1092,-23.104
-0.92278,-11.969,4.3342,11.269,-0.022793,-0.59273,24.672,123.75,62.418,17.586,-7.1307,-22.56
-0.50341,-11.375,4.1793,10.961,0.40989,-0.33942,27.17,129.58,69.339,21.039,-6.0483,-21.916
-0.26743,-10.896,3.9407,10.803,0.86559,-0.15217,29.846,135.35,76.509,24.864,-4.8412,-21.197
-0.14155,-10.509,3.6329,10.712,1.335,-0.03003,32.712,141.21,83.669,29.096,-3.4901,-20.416
-0.021979,-10.207,3.2564,10.614,1.8246,0.010184,35.801,147.28,90.602,33.706,-1.984,-19.582
0.198,-10.01,2.7925,10.459,2.3522,-0.071184,39.146,153.63,97.2,38.564,-0.32974,-18.697
0.6032,-9.9619,2.2009,10.225,2.951,-0.33167,42.719,160.3,103.47,43.447,1.4402,-17.776
1.242,-10.111,1.4243,9.917,3.669,-0.83136,46.374,167.27,109.49,48.111,3.2634,-16.847
2.121,-10.487,0.39944,9.561,4.5647,-1.6142,49.868,174.46,115.36,52.384,5.0622,-15.949
3.2039,-11.09,-0.93231,9.1977,5.7013,-2.6948,52.979,181.75,121.19,56.214,6.7709,-15.121
4.4168,-11.895,-2.6174,8.8776,7.1495,-4.0552,55.613,189.05,127.06,59.674,8.364,-14.386
5.6681,-12.863,-4.6844,8.6551,8.9973,-5.6491,57.8,196.27,133.09,62.918,9.8647,-13.742
6.8898,-13.956,-7.1311,8.5773,11.337,-7.4102,59.623,203.37,139.33,66.103,11.331,-13.163
8.0796,-15.141,-9.9082,8.6678,14.192,-9.2686,61.154,210.33,145.76,69.311,12.827,-12.606
9.3058,-16.397,-12.925,8.9145,17.421,-11.17,62.428,217.14,152.29,72.497,14.401,-12.021
10.674,-17.712,-16.085,9.2679,20.769,-13.087,63.426,223.77,158.8,75.52,16.066,-11.368
12.291,-19.073,-19.314,9.6526,24.047,-15.007,64.068,230.2,165.17,78.236,17.799,-10.633
14.242,-20.453,-22.531,9.9836,27.207,-16.916,64.214,236.37,171.36,80.583,19.561,-9.8273
16.556,-21.807,-25.639,10.183,30.256,-18.783,63.685,242.23,177.42,82.611,21.316,-8.9822
19.17,-23.057,-28.531,10.191,33.16,-20.557,62.317,247.81,183.47,84.463,23.06,-8.1254
21.932,-24.1,-31.104,9.9732,35.848,-22.152,60.025,253.14,189.61,86.333,24.829,-7.2645
24.653,-24.819,-33.259,9.5176,38.246,-23.467,56.854,258.31,195.92,88.42,26.706,-6.3788
27.199,-25.112,-34.926,8.8353,40.302,-24.404,52.973,263.43,202.35,90.883,28.805,-5.4255
29.52,-24.91,-36.074,7.9544,41.995,-24.894,48.635,268.58,208.79,93.792,31.236,-4.3541
31.627,-24.194,-36.719,6.9121,43.356,-24.914,44.103,273.83,215.12,97.103,34.066,-3.1245
33.569,-22.99,-36.911,5.7447,44.462,-24.471,39.601,279.17,221.26,100.67,37.278,-1.7199
35.411,-21.364,-36.732,4.4802,45.427,-23.599,35.291,284.59,227.18,104.32,40.766,-0.14894
37.209,-19.413,-36.276,3.1395,46.355,-22.352,31.278,290.04,232.98,107.96,44.371,1.5628
38.98,-17.233,-35.617,1.7448,47.292,-20.796,27.622,295.51,238.76,111.64,47.961,3.3852
40.677,-14.908,-34.767,0.32525,48.182,-19.01,24.356,301.01,244.64,115.53,51.486,5.2915
42.199,-12.517,-33.695,-1.0878,48.858,-17.063,21.489,306.6,250.72,119.81,54.978,7.2605
43.466,-10.141,-32.38,-2.4726,49.144,-15.037,19.023,312.35,257.02,124.61,58.511,9.2751
44.461,-7.8581,-30.875,-3.825,48.982,-13.037,16.957,318.34,263.55,129.95,62.147,11.325
45.231,-5.7164,-29.304,-5.1554,48.479,-11.18,15.274,324.61,270.22,135.68,65.903,13.418
45.872,-3.7373,-27.825,-6.4783,47.839,-9.5578,13.931,331.21,276.99,141.52,69.739,15.593
46.51,-1.9349,-26.576,-7.801,47.285,-8.2122,12.861,338.19,283.79,147.17,73.57,17.924
47.285,-0.33432,-25.652,-9.1225,47.016,-7.1468,11.991,345.63,290.66,152.48,77.299,20.515
48.329,1.0194,-25.128,-10.445,47.171,-6.3533,11.254,353.6,297.65,157.46,80.873,23.448
49.759,2.0835,-25.063,-11.795,47.81,-5.8279,10.596,362.19,304.83,162.23,84.312,26.722
51.651,2.8508,-25.495,-13.246,48.901,-5.5672,9.9741,371.38,312.26,166.98,87.702,30.214
53.973,3.3714,-26.422,-14.894,50.351,-5.548,9.3513,381.11,319.94,171.84,91.16,33.728
56.549,3.7532,-27.799,-16.796,52.055,-5.7279,8.6962,391.18,327.85,176.92,94.803,37.111
59.178,4.1388,-29.542,-18.937,53.935,-6.0427,7.98,401.39,335.92,182.29,98.725,40.305
61.783,4.6686,-31.538,-21.253,55.945,-6.4231,7.1791,411.53,344,188.04,102.94,43.329
64.448,5.4396,-33.689,-23.699,58.074,-6.8134,6.2767,421.48,351.91,194.13,107.3,46.228
67.316,6.4785,-35.932,-26.284,60.323,-7.1857,5.2646,431.23,359.54,200.32,111.55,49.059
70.505,7.7351,-38.264,-29.02,62.708,-7.5405,4.1405,440.81,366.84,206.28,115.45,51.873
74.05,9.1022,-40.711,-31.873,65.249,-7.8981,2.9058,450.32,373.88,211.86,118.9,54.714
77.913,10.453,-43.301,-34.78,67.96,-8.2875,1.5636,459.84,380.75,217.13,121.99,57.605
82.017,11.686,-46.041,-37.684,70.841,-8.7359,0.1181,469.42,387.49,222.25,124.84,60.539
86.26,12.743,-48.906,-40.538,73.872,-9.2632,-1.4245,479.05,394.04,227.32,127.54,63.472
90.519,13.612,-51.852,-43.301,77.018,-9.8789,-3.055,488.69,400.28,232.28,130.11,66.338
94.664,14.32,-54.835,-45.956,80.241,-10.575,-4.7601,498.27,406.04,236.96,132.48,69.066
98.622,14.925,-57.835,-48.519,83.518,-11.329,-6.5254,507.69,411.19,241.11,134.54,71.602
102.43,15.49,-60.862,-51.023,86.855,-12.124,-8.3406,516.83,415.66,244.57,136.19,73.914
106.21,16.049,-63.961,-53.467,90.306,-12.958,-10.205,525.54,419.4,247.29,137.4,75.982
110.11,16.579,-67.2,-55.781,93.963,-13.862,-12.128,533.65,422.42,249.29,138.16,77.778
114.15,16.996,-70.662,-57.826,97.91,-14.891,-14.117,540.94,424.64,250.57,138.53,79.262
118.12,17.182,-74.399,-59.464,102.15,-16.113,-16.171,547.21,425.98,251.08,138.54,80.378
121.67,17.032,-78.418,-60.616,106.52,-17.581,-18.267,552.3,426.33,250.64,138.14,81.072
124.52,16.491,-82.655,-61.276,110.75,-19.317,-20.37,556.12,425.6,249.06,137.24,81.293
126.59,15.563,-86.975,-61.482,114.58,-21.303,-22.435,558.68,423.77,246.25,135.65,81.011
127.96,14.304,-91.205,-61.308,117.89,-23.485,-24.427,560.02,420.87,242.29,133.28,80.227
128.81,12.795,-95.205,-60.862,120.69,-25.798,-26.316,560.22,416.94,237.43,130.17,78.999
129.33,11.111,-98.905,-60.272,123.07,-28.186,-28.081,559.4,411.97,231.84,126.55,77.433
129.71,9.2975,-102.3,-59.636,125.14,-30.603,-29.709,557.61,405.93,225.55,122.6,75.642
130.02,7.3633,-105.41,-58.959,126.94,-33.019,-31.193,554.91,398.82,218.4,118.31,73.713
130.23,5.2829,-108.24,-58.149,128.49,-35.425,-32.532,551.34,390.7,210.22,113.53,71.688
130.2,3.0279,-110.73,-57.059,129.73,-37.842,-33.73,546.93,381.74,200.96,108.07,69.554
129.73,0.60764,-112.81,-55.556,130.62,-40.29,-34.796,541.65,372.12,190.82,101.86,67.254
128.7,-1.9028,-114.43,-53.583,131.09,-42.765,-35.748,535.49,361.97,180.16,95.035,64.72
127.16,-4.3677,-115.57,-51.205,131.17,-45.198,-36.612,528.42,351.38,169.26,87.871,61.901
125.3,-6.6269,-116.28,-48.613,130.88,-47.454,-37.414,520.45,340.35,158.25,80.684,58.784
123.34,-8.5421,-116.61,-46.04,130.25,-49.354,-38.166,511.66,328.82,147.09,73.643,55.397
121.37,-10.035,-116.58,-43.665,129.28,-50.744,-38.861,502.19,316.63,135.79,66.743,51.804
119.4,-11.108,-116.19,-41.538,127.9,-51.542,-39.472,492.19,303.63,124.45,59.872,48.067
117.32,-11.836,-115.44,-39.572,126.11,-51.76,-39.954,481.85,289.8,113.21,52.871,44.18
114.97,-12.339,-114.33,-37.591,123.89,-51.482,-40.263,471.26,275.41,102.09,45.607,40.058
112.25,-12.733,-112.89,-35.424,121.3,-50.821,-40.358,460.46,260.95,90.923,38.058,35.592
109.18,-13.084,-111.15,-33.021,118.38,-49.846,-40.216,449.34,246.88,79.516,30.359,30.78
105.9,-13.391,-109.12,-30.517,115.16,-48.559,-39.826,437.75,233.4,67.925,22.794,25.87
102.56,-13.593,-106.78,-28.154,111.7,-46.927,-39.192,425.51,220.49,56.378,15.799,21.314
99.234,-13.597,-104.01,-26.104,108.03,-44.935,-38.331,412.5,207.96,45.027,9.7996,17.468
95.792,-13.328,-100.66,-24.388,104.14,-42.598,-37.26,398.73,195.6,34.032,4.9525,14.389
91.973,-12.756,-96.544,-22.897,99.986,-39.977,-36.001,384.26,183.19,23.898,1.1364,11.931
87.526,-11.906,-91.57,-21.478,95.518,-37.191,-34.576,369.1,170.63,15.571,-1.8516,9.9142
82.555,-10.841,-85.819,-20.011,90.709,-34.364,-33.006,353.23,158.03,9.596,-4.1823,8.2039
77.761,-9.6305,-79.485,-18.463,85.564,-31.558,-31.317,336.64,145.7,5.396,-5.9801,6.7263
73.949,-8.339,-72.828,-16.901,80.228,-28.77,-29.538,319.38,134.07,2.1546,-7.3345,5.4527
71.214,-7.0147,-66.143,-15.443,74.99,-25.968,-27.698,301.63,123.44,-0.47462,-8.3055,4.3726
68.968,-5.6835,-59.662,-14.164,70.064,-23.11,-25.827,283.61,113.86,-2.5548,-8.9267,3.4776
66.484,-4.3451,-53.436,-13.064,65.4,-20.156,-23.949,265.56,105.07,-4.0942,-9.2119,2.7668
63.223,-2.9773,-47.309,-12.086,60.733,-17.071,-22.08,247.62,96.664,-5.1167,-9.1668,2.2554
58.904,-1.5498,-41.033,-11.167,55.743,-13.833,-20.238,229.84,88.258,-5.6738,-8.8044,1.9635
53.519,-0.043289,-34.477,-10.26,50.197,-10.43,-18.441,212.27,79.647,-5.8452,-8.16,1.893
47.363,1.538,-27.782,-9.3493,44.05,-6.8794,-16.71,194.87,70.924,-5.728,-7.2952,2.0105
40.964,3.1649,-21.254,-8.437,37.505,-3.2497,-15.072,177.58,62.37,-5.426,-6.2912,2.2507
34.841,4.796,-15.136,-7.5418,30.966,0.34583,-13.554,160.34,54.247,-5.0321,-5.2349,2.5335
29.279,6.3965,-9.5303,-6.6911,24.859,3.7898,-12.166,143.17,46.747,-4.6131,-4.2023,2.787
24.325,7.9488,-4.4767,-5.9185,19.435,6.9964,-10.892,126.21,39.979,-4.1992,-3.2469,2.9639
19.88,9.4482,-0.0035178,-5.2567,14.72,9.9173,-9.6909,109.63,33.959,-3.7946,-2.3959,3.0473
15.805,10.89,3.8737,-4.7228,10.603,12.536,-8.5153,93.403,28.618,-3.3988,-1.6565,3.0456
12.11,12.253,7.1683,-4.3043,6.9985,14.861,-7.3244,77.241,23.856,-3.0259,-1.0281,2.9798
9.0246,13.492,9.9415,-3.9538,3.9562,16.908,-6.0952,60.978,19.575,-2.7116,-0.51235,2.8705
6.6922,14.532,12.298,-3.5963,1.5039,18.685,-4.8251,45.334,15.699,-2.5082,-0.11962,2.7275
4.9227,15.288,14.33,-3.1492,-0.48032,20.171,-3.5253,31.776,12.168,-2.4695,0.1333,2.5472
3.4326,15.679,16.069,-2.544,-2.1365,21.326,-2.2125,21.132,8.9304,-2.6346,0.2296,2.3143
2.0665,15.655,17.493,-1.7421,-3.5268,22.114,-0.90121,13.057,5.9358,-3.0165,0.15985,2.007
0.78246,15.213,18.576,-0.74335,-4.6735,22.524,0.3985,6.7446,3.1389,-3.6003,-0.073424,1.6039
-0.41234,14.403,19.322,0.40961,-5.6083,22.583,1.6811,1.5315,0.49864,-4.3509,-0.45471,1.092
-1.4983,13.318,19.771,1.636,-6.3841,22.352,2.944,-2.9877,-2.021,-5.2261,-0.95813,0.47305
-2.461,12.07,19.989,2.8353,-7.0605,21.909,4.1848,-7.0289,-4.4505,-6.189,-1.5532,-0.23754
-3.3,10.766,20.04,3.9196,-7.6844,21.326,5.3997,-10.698,-6.8128,-7.2153,-2.2109,-1.017
-4.0319,9.4861,19.973,4.8447,-8.2769,20.656,6.5817,-14.039,-9.1198,-8.2906,-2.9065,-1.8414
-4.6863,8.2753,19.815,5.6224,-8.8302,19.928,7.7212,-17.064,-11.369,-9.404,-3.6185,-2.687
-5.2973,7.1379,19.572,6.3053,-9.3146,19.159,8.8085,-19.761,-13.541,-10.54,-4.3264,-3.5279
-5.8983,6.0552,19.243,6.9641,-9.6916,18.364,9.8365,-22.113,-15.602,-11.68,-5.0119,-4.3352
-6.5138,4.9998,18.827,7.6705,-9.9278,17.565,10.802,-24.104,-17.507,-12.793,-5.6603,-5.0795
-7.1492,3.944,18.332,8.4809,-10.008,16.785,11.702,-25.729,-19.204,-13.843,-6.2602,-5.7334
-7.7862,2.8784,17.781,9.4084,-9.9424,16.046,12.535,-26.994,-20.643,-14.783,-6.8022,-6.2755
-8.387,1.8381,17.209,10.397,-9.7638,15.367,13.287,-27.923,-21.796,-15.568,-7.2782,-6.6941
-8.8942,0.90736,16.653,11.322,-9.5134,14.771,13.936,-28.551,-22.662,-16.169,-7.6823,-6.9904
-9.2252,0.19923,16.142,12.02,-9.2236,14.28,14.448,-28.926,-23.265,-16.575,-8.0132,-7.1775
-9.2808,-0.18217,15.682,12.326,-8.9089,13.902,14.789,-29.096,-23.648,-16.803,-8.2747,-7.2759
-8.9763,-0.18093,15.259,12.136,-8.5657,13.626,14.935,-29.097,-23.853,-16.884,-8.4766,-7.3072
-8.2824,0.18309,14.835,11.443,-8.1792,13.412,14.878,-28.947,-23.913,-16.856,-8.6336,-7.2929
-7.2499,0.81033,14.368,10.351,-7.7334,13.206,14.627,-28.643,-23.846,-16.751,-8.7632,-7.2574
-6.0047,1.5452,13.823,9.0489,-7.2223,12.955,14.201,-28.168,-23.651,-16.588,-8.8809,-7.2286
-4.7184,2.2193,13.189,7.7624,-6.6562,12.626,13.619,-27.503,-23.312,-16.366,-8.9964,-7.2359
-3.5664,2.6978,12.48,6.6916,-6.0618,12.204,12.898,-26.635,-22.805,-16.071,-9.1115,-7.3051
-2.688,2.909,11.728,5.9634,-5.4731,11.695,12.055,-25.565,-22.117,-15.681,-9.2235,-7.4554
-2.1594,2.8459,10.967,5.6209,-4.9202,11.119,11.105,-24.316,-21.255,-15.184,-9.3297,-7.6977
-1.986,2.5459,10.223,5.639,-4.42,10.503,10.068,-22.921,-20.25,-14.587,-9.4311,-8.0345
-2.1149,2.0613,9.5088,5.9441,-3.9734,9.864,8.9687,-21.428,-19.149,-13.92,-9.5333,-8.4608
-2.457,1.4341,8.8155,6.4381,-3.5691,9.2048,7.8345,-19.882,-18.009,-13.23,-9.6459,-8.9678
-2.908,0.68492,8.1214,7.0297,-3.1889,8.5055,6.6914,-18.327,-16.875,-12.566,-9.7792,-9.549
-3.3666,-0.17678,7.3979,7.6533,-2.814,7.7338,5.5615,-16.795,-15.777,-11.967,-9.9407,-10.202
-3.7495,-1.1349,6.6219,8.2665,-2.4293,6.8621,4.4631,-15.306,-14.724,-11.449,-10.132,-10.929
-3.9961,-2.1533,5.7864,8.8327,-2.0265,5.8855,3.4127,-13.867,-13.707,-11.004,-10.35,-11.726
-4.0698,-3.1717,4.9058,9.307,-1.6073,4.8323,2.4254,-12.476,-12.715,-10.608,-10.586,-12.59
-3.961,-4.1135,4.013,9.6393,-1.1836,3.7589,1.514,-11.14,-11.747,-10.239,-10.834,-13.512
-3.6929,-4.908,3.149,9.7938,-0.77494,2.7301,0.68605,-9.8754,-10.83,-9.8922,-11.097,-14.483
-3.3182,-5.519,2.3503,9.7689,-0.40307,1.7943,-0.060087,-8.7227,-10.013,-9.5874,-11.385,-15.493
-2.9053,-5.964,1.6377,9.6031,-0.087401,0.96511,-0.73921,-7.7361,-9.3588,-9.3714,-11.719,-16.533
-2.52,-6.3131,1.0114,9.3635,0.16089,0.21986,-1.3789,-6.973,-8.9243,-9.3031,-12.125,-17.594
-2.2111,-6.6617,0.45501,9.124,0.34022,-0.48519,-2.0132,-6.4753,-8.7396,-9.4329,-12.627,-18.663
-2.0102,-7.0943,-0.054131,8.9463,0.45567,-1.1903,-2.6721,-6.2538,-8.7941,-9.7837,-13.234,-19.723
-1.9398,-7.6588,-0.53231,8.8788,0.51263,-1.9144,-3.3723,-6.2832,-9.0363,-10.34,-13.941,-20.755
-2.023,-8.3638,-0.98251,8.9661,0.51123,-2.6516,-4.1127,-6.5105,-9.3898,-11.053,-14.725,-21.738
-2.2906,-9.1946,-1.3936,9.2525,0.44394,-3.3797,-4.8742,-6.8687,-9.7764,-11.85,-15.554,-22.646
-2.7799,-10.13,-1.7439,9.7714,0.2975,-4.0698,-5.6239,-7.2907,-10.138,-12.655,-16.393,-23.453
-3.52,-11.15,-2.0078,10.532,0.058598,-4.6961,-6.3212,-7.7214,-10.446,-13.405,-17.205,-24.134
-4.5106,-12.231,-2.1637,11.516,-0.27871,-5.2402,-6.9254,-8.1243,-10.703,-14.061,-17.962,-24.673
-5.7065,-13.344,-2.1999,12.675,-0.70845,-5.6925,-7.4021,-8.4834,-10.926,-14.609,-18.643,-25.064
-7.0132,-14.445,-2.1176,13.933,-1.2123,-6.0491,-7.7257,-8.796,-11.132,-15.059,-19.239,-25.314
-8.2983,-15.475,-1.9295,15.181,-1.7625,-6.3077,-7.8773,-9.0627,-11.325,-15.423,-19.746,-25.432
-9.4169,-16.359,-1.6559,16.282,-2.327,-6.4651,-7.841,-9.2781,-11.489,-15.707,-20.157,-25.425
-10.245,-17.008,-1.3187,17.097,-2.8756,-6.5144,-7.6036,-9.4278,-11.596,-15.896,-20.462,-25.299
-10.71,-17.337,-0.93471,17.517,-3.3843,-6.4433,-7.1554,-9.4903,-11.616,-15.957,-20.641,-25.058
-10.798,-17.275,-0.51305,17.486,-3.835,-6.2341,-6.4936,-9.4429,-11.524,-15.844,-20.669,-24.703
-10.555,-16.792,-0.058523,17.017,-4.2117,-5.8697,-5.6255,-9.2681,-11.31,-15.515,-20.516,-24.232
-10.071,-15.904,0.42241,16.181,-4.5009,-5.3446,-4.571,-8.9605,-10.974,-14.944,-20.162,-23.641
-9.4702,-14.686,0.91857,15.109,-4.6981,-4.6731,-3.3624,-8.5257,-10.529,-14.137,-19.606,-22.93
-8.8785,-13.258,1.4166,13.964,-4.8146,-3.8904,-2.0378,-7.9747,-9.9903,-13.131,-18.866,-22.098
-8.3885,-11.759,1.9064,12.903,-4.8757,-3.0445,-0.63061,-7.3158,-9.3665,-11.982,-17.972,-21.143
-8.0364,-10.306,2.3816,12.013,-4.9078,-2.1847,0.83786,-6.5538,-8.6636,-10.751,-16.958,-20.06
-7.7954,-8.9698,2.8339,11.288,-4.9218,-1.3518,2.3541,-5.6961,-7.8908,-9.4896,-15.859,-18.844
-7.5843,-7.7697,3.2441,10.661,-4.9031,-0.57533,3.8983,-4.762,-7.0672,-8.2361,-14.705,-17.498
-7.2943,-6.686,3.5805,10.05,-4.8164,0.12598,5.4378,-3.7862,-6.2213,-7.0122,-13.528,-16.039
-6.8322,-5.675,3.8086,9.3835,-4.623,0.74298,6.9342,-2.8149,-5.3829,-5.8275,-12.353,-14.5
-6.1587,-4.6922,3.9086,8.6145,-4.3042,1.2766,8.3539,-1.8971,-4.5791,-4.6886,-11.194,-12.917
-5.305,-3.7148,3.8896,7.7389,-3.8776,1.7383,9.6737,-1.0754,-3.832,-3.6079,-10.056,-11.33
-4.3662,-2.7519,3.7903,6.8044,-3.3973,2.1469,10.884,-0.37679,-3.1581,-2.605,-8.942,-9.7709
-3.472,-1.8385,3.6635,5.8954,-2.9353,2.5216,11.99,0.19067,-2.5655,-1.7029,-7.8506,-8.266
-2.7361,-1.0183,3.5524,5.0957,-2.5511,2.8719,13.016,0.63755,-2.053,-0.92007,-6.7833,-6.8289
-2.202,-0.31892,3.4721,4.4481,-2.2649,3.1938,13.998,0.98822,-1.6129,-0.26231,-5.7406,-5.4611
-1.8178,0.26681,3.4073,3.9331,-2.0497,3.476,14.978,1.273,-1.2344,0.28141,-4.7183,-4.1551
-1.4646,0.78636,3.3279,3.4753,-1.8472,3.7134,15.997,1.5186,-0.90637,0.73844,-3.7061,-2.902
-1.0213,1.3101,3.2103,2.9784,-1.5998,3.917,17.075,1.7382,-0.61923,1.145,-2.691,-1.6999
-0.42773,1.8967,3.0531,2.3714,-1.2806,4.1101,18.203,1.9251,-0.36972,1.5335,-1.6666,-0.56135
0.28678,2.5602,2.8772,1.648,-0.90683,4.3136,19.333,2.0539,-0.16576,1.9191,-0.64219,0.48532
1.0143,3.2585,2.7137,0.87598,-0.52849,4.5327,20.385,2.092,-0.025725,2.2954,0.35609,1.4038
1.6127,3.9134,2.5871,0.16943,-0.20345,4.7553,21.272,2.0166,0.030057,2.6408,1.296,2.1647
1.9652,4.4479,2.5038,-0.36436,0.029836,4.9612,21.932,1.8277,-0.0098562,2.932,2.1554,2.7586
2.0328,4.8224,2.4493,-0.67598,0.17141,5.1333,22.337,1.5514,-0.14172,3.1559,2.9317,3.2008
1.8752,5.0479,2.392,-0.79441,0.26309,5.2605,22.476,1.2306,-0.34761,3.3141,3.6395,3.524
1.6288,5.1741,2.2947,-0.80956,0.37087,5.3359,22.341,0.90934,-0.60137,3.4194,4.2983,3.7653
1.4535,5.262,2.1302,-0.8315,0.5535,5.3533,21.909,0.61716,-0.87551,3.4885,4.9225,3.9523
1.4789,5.3627,1.8944,-0.95015,0.83646,5.3108,21.147,0.36023,-1.1472,3.536,5.5164,4.0962
1.7679,5.5113,1.6103,-1.2138,1.2056,5.2188,20.025,0.12044,-1.4031,3.5709,6.0769,4.194
2.3096,5.7339,1.3215,-1.631,1.619,5.1076,18.523,-0.13775,-1.6439,3.5976,6.5995,4.2379
3.038,6.0553,1.0774,-2.1866,2.0256,5.0262,16.649,-0.45592,-1.8853,3.618,7.0844,4.2276
3.8621,6.4979,0.91922,-2.8575,2.382,5.03,14.429,-0.86952,-2.1543,3.6343,7.5403,4.18
4.6892,7.0745,0.87135,-3.6184,2.6635,5.1653,11.911,-1.3975,-2.4805,3.6516,7.9847,4.132
5.4388,7.7803,0.94095,-4.4404,2.8638,5.4567,9.1533,-2.0356,-2.8833,3.6794,8.4422,4.1335
6.0548,8.5943,1.1233,-5.2884,2.9882,5.9032,6.2207,-2.7561,-3.3617,3.7307,8.9406,4.2325
6.5119,9.4884,1.4086,-6.1238,3.043,6.4825,3.1866,-3.5146,-3.8931,3.8167,9.5026,4.4599
6.8153,10.44,1.7878,-6.9102,3.0303,7.1616,0.13903,-4.2627,-4.4404,3.9415,10.137,4.8217
6.9936,11.437,2.2546,-7.6234,2.9474,7.9106,-2.817,-4.9592,-4.9646,4.1028,10.836,5.3005
7.0844,12.479,2.8049,-8.2606,2.7895,8.711,-5.5658,-5.5745,-5.4333,4.2985,11.576,5.8641
7.12,13.567,3.4352,-8.842,2.5529,9.5556,-8.0012,-6.0916,-5.8246,4.535,12.335,6.4757
7.1184,14.698,4.1412,-9.3977,2.2347,10.442,-10.05,-6.504,-6.1265,4.8288,13.095,7.1045
7.0787,15.851,4.9176,-9.9445,1.8322,11.367,-11.68,-6.8151,-6.3348,5.2009,13.849,7.7322
6.9831,16.98,5.7571,-10.471,1.3436,12.316,-12.883,-7.036,-6.4523,5.6666,14.603,8.3559
6.8077,18.017,6.6459,-10.939,0.77433,13.269,-13.667,-7.1819,-6.4866,6.2281,15.366,8.9838
6.5384,18.891,7.5587,-11.302,0.14528,14.194,-14.049,-7.2693,-6.4476,6.8722,16.144,9.6268
6.1815,19.545,8.457,-11.526,-0.50578,15.053,-14.057,-7.3151,-6.3448,7.5729,16.941,10.289
5.7621,19.958,9.2968,-11.603,-1.1331,15.808,-13.725,-7.3352,-6.1853,8.3,17.746,10.963
5.314,20.151,10.044,-11.56,-1.6997,16.435,-13.089,-7.3412,-5.9708,9.0316,18.542,11.634
4.8682,20.189,10.693,-11.447,-2.194,16.939,-12.191,-7.3385,-5.6965,9.7635,19.303,12.284
4.4426,20.16,11.27,-11.317,-2.6385,17.354,-11.074,-7.3262,-5.3537,10.508,20,12.899
4.0359,20.151,11.833,-11.198,-3.0865,17.727,-9.7906,-7.3027,-4.9363,11.282,20.604,13.466
3.6329,20.216,12.444,-11.076,-3.6039,18.107,-8.3999,-7.2704,-4.4476,12.087,21.087,13.972
3.2208,20.364,13.149,-10.913,-4.2435,18.514,-6.9591,-7.2363,-3.9025,12.899,21.43,14.404
2.8006,20.564,13.953,-10.682,-5.0211,18.938,-5.5168,-7.2079,-3.3237,13.677,21.631,14.744
2.3813,20.772,14.819,-10.387,-5.9089,19.348,-4.1102,-7.1913,-2.7367,14.37,21.698,14.981
1.9623,20.941,15.691,-10.054,-6.8503,19.713,-2.7652,-7.1941,-2.1645,14.936,21.643,15.104
1.5173,21.032,16.522,-9.699,-7.7889,20.01,-1.4981,-7.23,-1.622,15.35,21.476,15.113
0.98951,21.004,17.291,-9.3064,-8.6959,20.236,-0.315,-7.3176,-1.1128,15.612,21.202,15.021
0.30447,20.826,18.012,-8.8308,-9.5769,20.404,0.78833,-7.4763,-0.63088,15.748,20.826,14.854
-0.60127,20.487,18.708,-8.2256,-10.454,20.533,1.8258,-7.7211,-0.17037,15.792,20.354,14.641
-1.7474,20.007,19.398,-7.4724,-11.343,20.644,2.8183,-8.0589,0.26298,15.774,19.794,14.406
-3.0906,19.435,20.077,-6.5958,-12.234,20.752,3.7891,-8.488,0.6441,15.697,19.154,14.164
-4.5272,18.831,20.725,-5.6583,-13.092,20.864,4.7573,-9.0011,0.92977,15.536,18.443,13.921
-5.9151,18.246,21.302,-4.742,-13.87,20.964,5.7312,-9.5898,1.0691,15.245,17.658,13.672
-7.1059,17.698,21.758,-3.9271,-14.519,21.019,6.7045,-10.25,1.0202,14.773,16.789,13.397
-7.9758,17.179,22.047,-3.2717,-15.005,20.978,7.6547,-10.982,0.76463,14.087,15.815,13.073
-8.4459,16.678,22.137,-2.8076,-15.315,20.803,8.5473,-11.791,0.31299,13.188,14.717,12.677
-8.4955,16.211,22.022,-2.5499,-15.45,20.484,9.3425,-12.681,-0.30196,12.107,13.497,12.199
-8.1636,15.824,21.718,-2.5101,-15.424,20.05,10.003,-13.654,-1.0407,10.9,12.188,11.655
-7.5392,15.566,21.246,-2.6884,-15.25,19.546,10.496,-14.707,-1.8732,9.6256,10.847,11.074
-6.7379,15.451,20.623,-3.0537,-14.934,19.01,10.797,-15.831,-2.789,8.3298,9.5352,10.494
-5.8739,15.444,19.856,-3.5377,-14.475,18.457,10.89,-17.014,-3.7959,7.0377,8.3057,9.9441
-5.0408,15.467,18.941,-4.0467,-13.868,17.87,10.768,-18.248,-4.9106,5.7522,7.1848,9.4407
-4.3088,15.42,17.878,-4.482,-13.121,17.212,10.429,-19.528,-6.1479,4.4591,6.1689,8.9847
-3.7316,15.205,16.682,-4.761,-12.265,16.442,9.8775,-20.859,-7.512,3.1361,5.2292,8.5666
-3.3411,14.746,15.381,-4.833,-11.341,15.525,9.124,-22.25,-8.9931,1.766,4.3258,8.1714
-3.1316,14.011,14.011,-4.6888,-10.4,14.436,8.1867,-23.706,-10.568,0.34789,3.4253,7.7856
-3.05,13.011,12.603,-4.3615,-9.4806,13.176,7.094,-25.225,-12.205,-1.0998,2.5123,7.3999
-3.0133,11.795,11.186,-3.9162,-8.6121,11.766,5.8819,-26.8,-13.878,-2.5486,1.5881,7.0069
-2.946,10.426,9.7849,-3.4262,-7.8172,10.241,4.5904,-28.432,-15.58,-3.9743,0.66158,6.5959
-2.8161,8.9624,8.4253,-2.9412,-7.1187,8.6433,3.2567,-30.13,-17.319,-5.3677,-0.26264,6.151
-2.648,7.4371,7.137,-2.4655,-6.5419,7.0118,1.9121,-31.909,-19.116,-6.7349,-1.1862,5.654
-2.5089,5.8585,5.9509,-1.9619,-6.1071,5.3814,0.58202,-33.773,-20.986,-8.0893,-2.1174,5.0911
-2.4772,4.2234,4.8875,-1.3764,-5.8178,3.7857,-0.71209,-35.71,-22.92,-9.4403,-3.0637,4.4591
-2.6128,2.5386,3.9561,-0.66048,-5.6545,2.2606,-1.9511,-37.685,-24.885,-10.787,-4.0258,3.7677
-2.9442,0.83218,3.1564,0.21507,-5.5808,0.84354,-3.1183,-39.646,-26.827,-12.118,-4.9965,3.0364
-3.4737,-0.85293,2.4851,1.2509,-5.5602,-0.42957,-4.2022,-41.541,-28.695,-13.417,-5.9637,2.2838
-4.1839,-2.4738,1.9401,2.4174,-5.5708,-1.5361,-5.2014,-43.328,-30.448,-14.671,-6.9159,1.5206
-5.037,-3.988,1.52,3.6585,-5.6067,-2.4664,-6.1297,-44.981,-32.065,-15.875,-7.8464,0.74508
-5.9713,-5.3476,1.2193,4.8965,-5.6672,-3.2206,-7.0169,-46.487,-33.547,-17.028,-8.7532,-0.055488
-6.8996,-6.4907,1.0245,6.0329,-5.7459,-3.803,-7.9049,-47.848,-34.907,-18.134,-9.633,-0.89537
-7.7112,-7.3454,0.91447,6.9528,-5.8198,-4.2181,-8.8406,-49.07,-36.171,-19.195,-10.476,-1.7826
-8.2851,-7.8461,0.86218,7.544,-5.8559,-4.4711,-9.8695,-50.161,-37.361,-20.208,-11.262,-2.7125
-8.517,-7.9581,0.83629,7.7252,-5.8146,-4.5733,-11.034,-51.127,-38.491,-21.167,-11.964,-3.6647
-8.3495,-7.6983,0.80316,7.4723,-5.6617,-4.5493,-12.372,-51.967,-39.561,-22.063,-12.555,-4.6099
-7.7877,-7.1399,0.72688,6.831,-5.3735,-4.4414,-13.918,-52.685,-40.554,-22.884,-13.016,-5.5172
-6.8921,-6.3959,0.57813,5.9058,-4.9423,-4.299,-15.704,-53.293,-41.448,-23.614,-13.343,-6.3642
-5.7572,-5.5858,0.33538,4.8301,-4.3726,-4.1681,-17.753,-53.82,-42.225,-24.241,-13.544,-7.1439
-4.4844,-4.8031,-0.009033,3.7272,-3.6787,-4.0782,-20.076,-54.309,-42.886,-24.756,-13.641,-7.8634
-3.1655,-4.0972,-0.44223,2.6834,-2.8868,-4.0341,-22.658,-54.813,-43.446,-25.157,-13.66,-8.5371
-1.8776,-3.4752,-0.92877,1.7422,-2.0328,-4.0175,-25.449,-55.373,-43.932,-25.449,-13.625,-9.1765
-0.68607,-2.9201,-1.4172,0.91603,-1.1638,-3.9985,-28.366,-56.007,-44.371,-25.645,-13.558,-9.784
0.35415,-2.4175,-1.8541,0.2039,-0.33403,-3.9529,-31.315,-56.704,-44.783,-25.772,-13.479,-10.353
1.2028,-1.9781,-2.1991,-0.39031,0.39874,-3.8781,-34.208,-57.423,-45.179,-25.867,-13.413,-10.875
1.8395,-1.6468,-2.4342,-0.84569,0.98032,-3.7992,-36.972,-58.113,-45.567,-25.974,-13.389,-11.353
2.2606,-1.4912,-2.5615,-1.1262,1.3681,-3.7593,-39.546,-58.722,-45.947,-26.132,-13.445,-11.809
2.4644,-1.5691,-2.5903,-1.1987,1.5372,-3.7964,-41.877,-59.212,-46.31,-26.359,-13.613,-12.278
2.4443,-1.8943,-2.5207,-1.0537,1.4798,-3.9174,-43.914,-59.564,-46.632,-26.637,-13.911,-12.789
2.1931,-2.4195,-2.3312,-0.7136,1.1971,-4.083,-45.605,-59.779,-46.877,-26.915,-14.329,-13.35
1.7049,-3.0488,-1.9733,-0.21457,0.68679,-4.2108,-46.884,-59.876,-47.013,-27.117,-14.832,-13.94
0.96312,-3.6759,-1.3783,0.42544,-0.067565,-4.1981,-47.683,-59.889,-47.02,-27.172,-15.371,-14.518
-0.066065,-4.2281,-0.47678,1.2247,-1.0934,-3.954,-47.934,-59.85,-46.892,-27.029,-15.887,-15.029
-1.4174,-4.6875,0.7784,2.2243,-2.4148,-3.4251,-47.581,-59.773,-46.625,-26.667,-16.327,-15.42
-3.0955,-5.0721,2.3974,3.4524,-4.0262,-2.6022,-46.592,-59.638,-46.209,-26.09,-16.646,-15.646
-5.0447,-5.394,4.3564,4.8834,-5.8755,-1.5067,-44.959,-59.389,-45.616,-25.308,-16.809,-15.675
-7.1356,-5.625,6.6075,6.4141,-7.8641,-0.16678,-42.703,-58.952,-44.811,-24.334,-16.793,-15.488
-9.1798,-5.6824,9.0856,7.8723,-9.8682,1.4014,-39.881,-58.271,-43.772,-23.179,-16.584,-15.084
-10.975,-5.4324,11.725,9.0564,-11.78,3.209,-36.586,-57.345,-42.504,-21.855,-16.179,-14.473
-12.359,-4.7037,14.499,9.7787,-13.556,5.3104,-32.935,-56.24,-41.039,-20.366,-15.57,-13.666
-13.253,-3.323,17.47,9.8891,-15.246,7.8095,-29.056,-55.085,-39.425,-18.708,-14.731,-12.659
-13.66,-1.1749,20.823,9.2853,-16.992,10.852,-25.061,-54.039,-37.692,-16.851,-13.616,-11.423
-13.664,1.7674,24.857,7.9226,-19.007,14.64,-21.039,-53.237,-35.815,-14.721,-12.153,-9.9005
-13.402,5.5704,29.875,5.8134,-21.579,19.558,-17.059,-52.708,-33.675,-12.178,-10.245,-8.0169
-13.041,10.691,35.377,2.9942,-25.178,26.231,-13.176,-52.294,-31.046,-8.9915,-7.7537,-5.7102
-12.711,18.027,38.688,-0.52803,-29.891,32.258,-9.4311,-51.608,-27.608,-4.8838,-4.5005,-2.9459
-12.434,26.674,40.786,-4.8127,-31.886,35.781,-5.8484,-50.068,-23.051,-0.53301,-0.71926,0.26818
-12.102,33.743,42.535,-9.9155,-31.361,38.141,-2.421,-47.051,-17.581,-6.3599,-0.16839,3.28
-11.594,39.165,45.255,-15.227,-31.194,40.737,0.88335,-42.197,-16.754,-10.632,-1.8235,2.8725
-10.942,44.485,50.215,-19.136,-32.121,44.768,4.0953,-36.13,-38.85,-9.6243,-0.75617,1.5574
-10.29,51.931,58.093,-21.248,-34.771,50.721,7.1849,-34.464,-45.136,-8.0956,1.3867,3.1098
-9.6455,63.529,70.464,-22.978,-40.375,59.896,9.973,-53.681,-44.656,-4.3572,5.505,6.7902
-9.6309,79.862,89.91,-26.628,-50.667,76.633,12.054,-72.967,-39.961,4.5304,13.034,13.305
-19.455,100.74,118.09,-32.959,-66.855,105.56,12.877,-82.844,-27.184,22.192,25.512,23.741
-28.677,128.83,154.7,-41.823,-88.01,142.12,11.558,-88.225,-3.1381,51.934,44.472,38.459
-36.614,164.43,196.26,-53.25,-111.44,179.7,12.867,-78.519,34.023,95.655,71.505,57.606
-42.376,197.37,237.23,-67.077,-134.01,217.15,21.173,-48.909,85.996,152.76,108.05,81.165
-43.892,225.38,272.5,-82.386,-152.6,251.25,31.564,7.6109,152.92,222.32,154.44,109.11
-39.208,250.71,298.31,-98.65,-164.16,278.78,42.364,84.319,235.17,307.18,211.04,141.98
-26.529,273.02,312.07,-117.53,-165.92,297.71,50.247,170.06,335.15,409.28,278.88,181.2
-4.5217,290.76,311.66,-140.28,-155.64,306.8,50.106,251.64,447.49,526.92,358.86,227.77
27.919,303.3,295.22,-165.09,-131.69,305.17,36.778,312.84,561.21,656.94,451.35,282.31
72.141,312.56,261.98,-192.84,-93.22,292.58,7.0555,334.43,665.3,795.3,556.29,345.85
128.99,320.16,212.28,-224.94,-40.363,270.13,-41.903,298.38,749.96,937.05,672.58,418.82
197.54,325.36,147.23,-261.46,25.47,238.96,-113.58,195.54,807.91,1076.2,797.24,501.08
275.41,328.91,70.338,-302.35,101.39,201.64,-206.26,31.152,834.35,1205.6,925.39,591.19
359.55,335.39,-10.081,-348,182.73,165.14,-314.87,-179.06,825.57,1316.5,1050.7,686.51
445.97,349.77,-83.93,-398.67,263.25,136.02,-431.7,-416.59,778.34,1398.2,1165.8,783.28
529.94,375.11,-144.7,-453.42,336.76,119,-547.49,-663.89,691.03,1439,1261.8,876.34
606.94,410.94,-189.03,-509.6,398.84,115.86,-652.8,-905.02,563.98,1427.9,1328.7,958.86
672.89,452.03,-216.97,-562.4,447.31,123.59,-739.67,-1126.5,399.34,1357.6,1356.7,1022.6
724.25,488.06,-233.28,-604.84,482.48,133.76,-803.4,-1319.1,200.98,1225.9,1337.8,1059
758.42,505.01,-248.04,-628.82,507.49,133.84,-843.37,-1480.8,-26.052,1036,1267.1,1060.1
773.82,488.93,-274.4,-627.22,527.81,110.73,-862.59,-1615.6,-275.9,796.82,1145.1,1021.3
770.13,431.18,-322.76,-596.02,548.57,55.79,-866.24,-1729.9,-541.88,521.3,978.55,943.16
748.21,332.5,-394.7,-535.79,571.66,-30.861,-859.42,-1829.1,-815.79,225.65,780.69,832.02
709.61,203.67,-481.7,-452,594.6,-139.7,-844.94,-1915.4,-1086.8,-72.957,567.43,698.93
656.39,61.998,-569.2,-354.02,611.75,-255.04,-822.95,-1987.1,-1340.8,-357.84,354.24,556.77
591.56,-74.48,-642.62,-252.61,617.51,-360.46,-793.29,-2038.8,-1561.2,-613.36,154.19,417.49
519.54,-191.7,-691.31,-157.17,608.75,-443.65,-758.05,-2064,-1731.1,-825.28,-22.581,290.16
445.47,-281.7,-710.75,-74.331,584.17,-498.74,-720.64,-2056,-1836.7,-982.31,-168.97,180.14
373.6,-342.52,-703.01,-7.6261,545.43,-525.75,-683.09,-2008.6,-1871.4,-1078.7,-281.5,89.077
306.88,-376.72,-673.57,42.435,497.03,-528.28,-645.02,-1918.5,-1837.9,-1116.1,-360.78,15.931
246.96,-389.19,-627.78,77.79,443.24,-511.18,-604.67,-1787.9,-1746.8,-1103.6,-410.21,-41.258
193.65,-385.21,-569.64,101.65,386.78,-479.27,-559.84,-1624.7,-1612.1,-1054.2,-435.21,-85.877
145.6,-369.13,-502.7,117.09,329.52,-436.63,-508.17,-1441,-1448.4,-980.7,-442.35,-121.31
103.17,-344.08,-431.42,125.67,273.47,-387.06,-448.59,-1249.7,-1270.6,-893.31,-436.86,-148.47
67.781,-311.97,-361.15,127.8,220.96,-334.23,-383.06,-1062.3,-1092.7,-797.97,-421.16,-166.63
39.936,-274.12,-296.36,123.11,173.88,-281.48,-316.4,-886.54,-924.31,-698.24,-395.78,-174.62
19.877,-232.38,-238.64,111.49,133.28,-231.57,-254.02,-727.48,-769.87,-598.17,-361.2,-172.01
7.3919,-189.96,-187.54,94.755,99.898,-186.4,-200.79,-589,-632.2,-501.36,-319.42,-160.56
1.3737,-151.65,-143.67,76.46,74.103,-146.58,-160.19,-472.32,-512.56,-411.54,-273.83,-142.89
-0.30627,-120.11,-108.26,60.079,55.44,-113.07,-132.03,-375.14,-411.42,-332.48,-227.68,-120.77
-0.30395,-95.205,-81.79,47.375,42.743,-87.35,-112.63,-293.7,-328.31,-264.38,-184.16,-97.801
-0.14943,-76.337,-63.788,38.901,34.565,-68.909,-97.611,-224.22,-260.13,-208.26,-146,-77.558
1.3125,-63.368,-52.423,34.212,29.35,-56.433,-83.621,-163.67,-203.7,-164.48,-113.96,-61.294
1.0634,-56.288,-45.784,32.287,25.956,-48.968,-69.087,-111.07,-156.64,-131.2,-91.3,-49.912
-0.70145,-54.103,-42.572,32.186,24.131,-45.622,-54.575,-66.611,-117.04,-105.17,-77.987,-42.765
-1.9893,-55.157,-41.687,32.803,24.444,-45.203,-41.748,-30.39,-83.623,-84.028,-70.744,-38.517
-2.8566,-57.547,-42.295,33.145,22.251,-46.07,-31.81,-1.9129,-55.514,-66.629,-66.993,-36.274
-3.2548,-59.006,-40.862,32.23,16.913,-46.092,-26.354,20.045,-32.297,-52.061,-64.852,-35.472
-3.1862,-55.558,-33.416,29.801,13.55,-41.622,-25.88,37.057,-13.99,-39.484,-62.811,-35.183
-2.7318,-47.386,-27.527,27.079,11.765,-35.857,-23.258,50.39,-0.54831,-28.638,-59.828,-33.229
-2.0426,-41.363,-23.828,24.714,10.719,-32.331,-19.017,58.968,7.8155,-20.212,-55.776,-30.237
-1.3059,-38.105,-21.311,22.813,10.011,-30.054,-14.704,61.501,10.136,-15.273,-51.672,-27.981
-0.70519,-36.201,-19.391,21.351,9.4376,-28.343,-10.67,65.297,10.728,-13.292,-46.603,-26.47
-0.37774,-35.024,-17.755,20.327,8.8945,-26.868,-6.9527,75.001,14.086,-10.738,-41.283,-25.408
-0.38296,-34.305,-16.232,19.748,8.3307,-25.447,-3.6124,88.139,19.165,-7.043,-36.897,-24.605
-0.69227,-33.807,-14.72,19.541,7.7289,-23.968,-0.70356,100.88,25.078,-3.3042,-33.457,-23.937
-1.2035,-33.225,-13.163,19.509,7.0921,-22.374,1.7998,111.36,31.59,0.22552,-30.59,-23.312
-1.7717,-32.269,-11.54,19.416,6.4348,-20.653,3.9811,119.56,38.628,3.6265,-28.012,-22.663
-2.249,-30.864,-9.8686,19.096,5.7699,-18.846,5.9294,126.14,46.028,7.0137,-25.573,-21.942
-2.5264,-29.167,-8.1862,18.496,5.1039,-17.023,7.7166,131.67,53.451,10.459,-23.222,-21.132
-2.5621,-27.367,-6.5286,17.649,4.4352,-15.248,9.4,136.57,60.504,13.984,-20.947,-20.227
-2.3815,-25.557,-4.9082,16.616,3.7576,-13.543,11.031,141.13,66.947,17.581,-18.748,-19.232
-2.058,-23.773,-3.3269,15.491,3.0682,-11.901,12.659,145.54,72.801,21.24,-16.619,-18.149
-1.6934,-22.069,-1.7902,14.402,2.3733,-10.31,14.332,149.93,78.293,24.986,-14.55,-16.979
-1.3953,-20.523,-0.31501,13.498,1.6898,-8.7789,16.088,154.38,83.697,28.898,-12.525,-15.724
-1.2463,-19.206,1.0774,12.891,1.0371,-7.3233,17.949,158.9,89.224,33.111,-10.519,-14.39
-1.2796,-18.127,2.3769,12.604,0.42871,-5.9512,19.917,163.51,94.901,37.772,-8.4988,-12.984
-1.4738,-17.211,3.5954,12.549,-0.1364,-4.6467,21.979,168.16,100.62,42.96,-6.4316,-11.512
-1.7609,-16.323,4.7647,12.564,-0.67275,-3.3713,24.111,172.83,106.19,48.562,-4.2929,-9.9809
-2.041,-15.321,5.9214,12.483,-1.1974,-2.0785,26.291,177.47,111.45,54.21,-2.0755,-8.413
-2.2068,-14.1,7.0873,12.171,-1.7167,-0.73492,28.493,182.03,116.31,59.411,0.20542,-6.8466
-2.1782,-12.623,8.2573,11.555,-2.2208,0.66101,30.691,186.47,120.75,63.804,2.5134,-5.3329
-1.9322,-10.932,9.4013,10.644,-2.6908,2.0723,32.855,190.75,124.84,67.299,4.8003,-3.9221
-1.5115,-9.1438,10.477,9.535,-3.11,3.4335,34.952,194.91,128.7,70.036,7.0222,-2.6493
-1.0109,-7.4221,11.448,8.3932,-3.4714,4.6739,36.945,198.96,132.48,72.291,9.1502,-1.5298
-0.54359,-5.9218,12.294,7.3966,-3.7772,5.744,38.797,202.96,136.35,74.362,11.173,-0.56369
-0.20111,-4.7354,13.015,6.6742,-4.032,6.631,40.476,206.94,140.41,76.482,13.092,0.25819
-0.019845,-3.8663,13.63,6.2625,-4.2372,7.3605,41.965,210.93,144.66,78.755,14.919,0.95194
0.028365,-3.243,14.162,6.1025,-4.3894,7.9819,43.271,214.94,149.05,81.137,16.67,1.5412
0.020424,-2.7583,14.631,6.0737,-4.4762,8.5452,44.418,218.94,153.45,83.478,18.363,2.0555
0.051253,-2.3131,15.034,6.0447,-4.4785,9.0782,45.421,222.92,157.71,85.603,20.006,2.5245
0.2005,-1.8518,15.344,5.9189,-4.375,9.573,46.265,226.86,161.77,87.385,21.595,2.9687
0.50661,-1.3761,15.519,5.663,-4.1515,9.9895,46.886,230.72,165.65,88.782,23.103,3.3953
0.95804,-0.92859,15.518,5.3074,-3.8101,10.275,47.188,234.51,169.45,89.844,24.49,3.7983
1.5061,-0.55882,15.327,4.916,-3.3683,10.393,47.074,238.24,173.31,90.698,25.714,4.1669
2.0948,-0.29071,14.961,4.5425,-2.8499,10.343,46.477,241.97,177.35,91.526,26.755,4.4942
2.6904,-0.10736,14.452,4.2021,-2.2713,10.158,45.373,245.77,181.64,92.51,27.647,4.7851
3.3,0.04181,13.829,3.8692,-1.6329,9.8893,43.793,249.72,186.16,93.789,28.47,5.0568
3.9722,0.21853,13.111,3.491,-0.92024,9.5796,41.83,253.92,190.84,95.42,29.34,5.335
4.7799,0.46824,12.3,3.0113,-0.11259,9.252,39.615,258.42,195.59,97.387,30.363,5.6468
5.7914,0.79628,11.392,2.3985,0.80292,8.9028,37.274,263.27,200.39,99.622,31.615,6.0143
7.0431,1.1571,10.381,1.6676,1.8239,8.503,34.883,268.5,205.27,102.05,33.127,6.4498
8.5258,1.464,9.2582,0.88284,2.9372,8.0054,32.462,274.11,210.33,104.63,34.878,6.9544
10.191,1.6191,8.0151,0.13288,4.1322,7.3584,29.999,280.19,215.71,107.41,36.814,7.521
11.98,1.55,6.6395,-0.50696,5.4143,6.5232,27.473,286.77,221.48,110.5,38.864,8.1384
13.872,1.2353,5.1205,-1.0058,6.8127,5.4881,24.878,293.96,227.69,114.04,40.972,8.7971
15.923,0.70765,3.4507,-1.3855,8.3814,4.2716,22.233,301.83,234.28,118.13,43.116,9.4942
18.272,0.037336,1.6266,-1.7051,10.197,2.9157,19.58,310.44,241.21,122.79,45.313,10.238
21.091,-0.69439,-0.35113,-2.0329,12.351,1.4729,16.98,319.83,248.46,127.9,47.608,11.044
24.461,-1.4195,-2.474,-2.419,14.923,-0.0061373,14.497,329.98,256.11,133.29,50.046,11.933
28.235,-2.0978,-4.7201,-2.8813,17.927,-1.4791,12.183,340.83,264.17,138.77,52.649,12.917
32.053,-2.7182,-7.0529,-3.4086,21.265,-2.9142,10.073,352.29,272.6,144.19,55.405,13.997
35.568,-3.287,-9.429,-3.9823,24.753,-4.2907,8.1853,364.22,281.26,149.45,58.275,15.168
38.651,-3.8084,-11.816,-4.6046,28.225,-5.5988,6.5342,376.48,290.02,154.56,61.218,16.42
41.38,-4.265,-14.206,-5.3195,31.622,-6.8358,5.1279,388.91,298.82,159.58,64.205,17.754
43.94,-4.607,-16.624,-6.2109,34.981,-7.9982,3.9684,401.38,307.67,164.66,67.239,19.18
46.528,-4.7553,-19.111,-7.3764,38.364,-9.0717,3.0472,413.79,316.64,169.95,70.337,20.716
49.297,-4.6213,-21.69,-8.9017,41.79,-10.027,2.3443,426.12,325.76,175.54,73.501,22.378
52.317,-4.1344,-24.34,-10.847,45.22,-10.824,1.8294,438.39,334.92,181.46,76.702,24.183
55.568,-3.2685,-26.986,-13.235,48.578,-11.427,1.4635,450.65,343.95,187.64,79.872,26.135
58.969,-2.0555,-29.521,-16.038,51.798,-11.816,1.2021,462.93,352.66,193.88,82.922,28.226
62.429,-0.58045,-31.853,-19.16,54.845,-11.997,1.0019,475.22,360.97,199.96,85.776,30.427
65.884,1.0428,-33.938,-22.451,57.724,-12.002,0.82855,487.46,368.92,205.74,88.383,32.68
69.32,2.7047,-35.78,-25.766,60.46,-11.879,0.66032,499.54,376.58,211.26,90.722,34.913
72.769,4.3261,-37.414,-29.007,63.082,-11.678,0.48898,511.32,383.99,216.62,92.785,37.054
76.291,5.8669,-38.882,-32.128,65.607,-11.444,0.31898,522.55,391.06,221.87,94.566,39.048
79.938,7.32,-40.219,-35.119,68.031,-11.204,0.1651,532.95,397.54,226.84,96.059,40.864
83.716,8.7045,-41.442,-38.004,70.328,-10.97,0.047713,542.23,403.14,231.12,97.262,42.5
87.54,10.056,-42.556,-40.81,72.459,-10.74,-0.013232,550.2,407.65,234.29,98.186,43.972
91.234,11.41,-43.564,-43.521,74.385,-10.501,-0.0027607,556.85,411.01,236.17,98.855,45.309
94.613,12.775,-44.473,-46.087,76.083,-10.243,0.088205,562.27,413.3,236.85,99.29,46.541
97.567,14.118,-45.302,-48.468,77.563,-9.9587,0.26494,566.64,414.66,236.51,99.491,47.695
100.06,15.366,-46.084,-50.637,78.867,-9.6615,0.53127,570.14,415.24,235.25,99.429,48.784
102.09,16.424,-46.873,-52.554,80.057,-9.3891,0.88961,572.91,415.15,233.13,99.068,49.802
103.7,17.202,-47.742,-54.152,81.188,-9.2033,1.3386,575.08,414.44,230.16,98.4,50.722
104.99,17.646,-48.756,-55.362,82.284,-9.1727,1.8704,576.71,413.13,226.4,97.442,51.503
106.06,17.76,-49.941,-56.146,83.338,-9.3458,2.4697,577.85,411.17,221.98,96.217,52.099
106.99,17.619,-51.269,-56.533,84.323,-9.7319,3.1152,578.53,408.51,217.04,94.717,52.47
107.78,17.331,-52.666,-56.611,85.21,-10.299,3.7837,578.76,405.03,211.71,92.89,52.587
108.46,16.999,-54.056,-56.506,85.991,-10.99,4.4548,578.54,400.61,205.98,90.658,52.429
109.07,16.677,-55.394,-56.348,86.68,-11.748,5.1126,577.86,395.14,199.8,87.968,51.977
109.66,16.353,-56.694,-56.226,87.314,-12.55,5.7443,576.7,388.55,193.1,84.832,51.219
110.25,15.939,-58.033,-56.114,87.935,-13.425,6.3351,574.96,380.9,185.83,81.292,50.144
110.76,15.302,-59.51,-55.872,88.576,-14.441,6.8626,572.54,372.27,177.91,77.377,48.732
111.05,14.306,-61.199,-55.312,89.254,-15.673,7.2928,569.22,362.82,169.24,73.076,46.957
111.01,12.868,-63.111,-54.282,89.962,-17.161,7.5803,564.77,352.63,159.7,68.301,44.794
110.56,10.997,-65.179,-52.73,90.668,-18.885,7.6729,558.91,341.78,149.38,62.919,42.244
109.7,8.8016,-67.284,-50.722,91.324,-20.762,7.5199,551.44,330.25,138.6,56.877,39.338
108.52,6.4465,-69.284,-48.421,91.886,-22.672,7.0809,542.33,317.95,127.77,50.307,36.141
107.15,4.1101,-71.05,-46.031,92.326,-24.489,6.3303,531.69,304.75,117.11,43.451,32.725
105.74,1.9381,-72.484,-43.751,92.64,-26.114,5.2536,519.79,290.65,106.6,36.486,29.149
104.33,0.012884,-73.556,-41.711,92.822,-27.489,3.8426,506.96,275.84,95.945,29.455,25.447
102.87,-1.6644,-74.312,-39.91,92.839,-28.612,2.0945,493.43,260.69,84.797,22.328,21.646
101.23,-3.1581,-74.853,-38.218,92.628,-29.535,0.018149,479.26,245.61,72.954,15.111,17.809
99.31,-4.5564,-75.235,-36.421,92.114,-30.326,-2.3607,464.36,230.85,60.568,7.9527,14.065
97.031,-5.9162,-75.362,-34.284,91.227,-30.994,-4.9977,448.47,216.49,48.013,1.189,10.575
94.277,-7.2138,-74.995,-31.666,89.9,-31.461,-7.8342,431.33,202.38,35.64,-4.7962,7.4504
90.92,-8.3325,-73.865,-28.682,88.064,-31.596,-10.803,412.87,188.29,23.835,-9.7997,4.6993
86.981,-9.1075,-71.816,-25.713,85.66,-31.278,-13.833,393.27,173.98,13.223,-13.873,2.2593
82.763,-9.4014,-68.847,-23.149,82.657,-30.444,-16.86,372.83,159.34,4.6277,-17.186,0.067588
78.736,-9.1644,-65.083,-21.146,79.087,-29.108,-19.829,351.84,144.56,-1.4104,-19.882,-1.9071
75.256,-8.4546,-60.724,-19.617,75.08,-27.347,-22.69,330.5,130.18,-5.3616,-22.056,-3.6769
72.403,-7.4154,-55.988,-18.355,70.861,-25.268,-25.398,308.96,116.78,-8.3207,-23.77,-5.2561
69.966,-6.2266,-51.049,-17.16,66.621,-22.972,-27.902,287.44,104.52,-10.923,-25.075,-6.6658
67.519,-5.0478,-45.995,-15.915,62.348,-20.528,-30.142,266.14,92.997,-13.262,-26.01,-7.9255
64.567,-3.9769,-40.811,-14.591,57.851,-17.974,-32.06,245.12,81.452,-15.273,-26.598,-9.0442
60.686,-3.0367,-35.423,-13.212,52.939,-15.327,-33.614,224.32,69.342,-16.895,-26.85,-10.019
55.683,-2.1912,-29.813,-11.817,47.525,-12.611,-34.797,203.71,56.865,-18.098,-26.765,-10.839
49.77,-1.3735,-24.097,-10.457,41.653,-9.8638,-35.631,183.38,44.957,-18.89,-26.344,-11.489
43.513,-0.51295,-18.521,-9.1945,35.498,-7.1269,-36.162,163.47,34.621,-19.316,-25.605,-11.948
37.468,0.43907,-13.332,-8.087,29.371,-4.4367,-36.44,144.06,26.279,-19.444,-24.587,-12.202
31.932,1.481,-8.6788,-7.1549,23.623,-1.8331,-36.513,125.25,19.745,-19.348,-23.348,-12.253
26.943,2.5476,-4.5993,-6.3619,18.525,0.63108,-36.417,107.16,14.595,-19.092,-21.957,-12.137
22.389,3.5271,-1.065,-5.6309,14.19,2.8934,-36.172,89.746,10.42,-18.722,-20.483,-11.91
18.134,4.306,1.989,-4.8796,10.594,4.9047,-35.783,72.633,6.9148,-18.269,-18.992,-11.637
14.191,4.8215,4.6503,-4.0499,7.6317,6.6524,-35.239,55.432,3.8768,-17.751,-17.535,-11.363
10.799,5.0846,7.0178,-3.1223,5.1589,8.1672,-34.516,38.73,1.1648,-17.184,-16.148,-11.108
8.1117,5.1662,9.1881,-2.1187,3.0167,9.5075,-33.592,24.255,-1.3281,-16.594,-14.85,-10.878
5.9812,5.1594,11.241,-1.0922,1.065,10.733,-32.451,13.062,-3.6869,-16.019,-13.66,-10.675
4.1815,5.1431,13.222,-0.10653,-0.78499,11.886,-31.089,4.6457,-5.9735,-15.505,-12.597,-10.514
2.5843,5.1618,15.139,0.79113,-2.5611,12.978,-29.508,-2.0162,-8.2173,-15.098,-11.679,-10.419
1.1432,5.2218,16.966,1.586,-4.2483,13.999,-27.711,-7.6521,-10.418,-14.823,-10.921,-10.414
-0.16536,5.3004,18.669,2.3011,-5.8207,14.932,-25.699,-12.621,-12.546,-14.678,-10.323,-10.508
-1.3762,5.3598,20.237,2.9854,-7.272,15.765,-23.471,-17.052,-14.547,-14.629,-9.8723,-10.691
-2.5371,5.3682,21.689,3.694,-8.6275,16.509,-21.03,-20.963,-16.366,-14.621,-9.5481,-10.937
-3.6906,5.3186,23.075,4.4608,-9.9327,17.197,-18.401,-24.339,-17.959,-14.594,-9.3223,-11.216
-4.8513,5.2429,24.445,5.2744,-11.227,17.879,-15.632,-27.166,-19.305,-14.502,-9.1654,-11.492
-5.9937,5.2096,25.836,6.0736,-12.522,18.604,-12.793,-29.454,-20.413,-14.321,-9.0466,-11.735
-7.0581,5.3042,27.255,6.7647,-13.793,19.41,-9.9454,-31.233,-21.31,-14.053,-8.934,-11.922
-7.9716,5.5956,28.681,7.2553,-14.995,20.306,-7.1222,-32.541,-22.034,-13.709,-8.7953,-12.04
-8.6754,6.1065,30.078,7.4883,-16.086,21.27,-4.3247,-33.414,-22.618,-13.303,-8.6024,-12.088
-9.1469,6.804,31.398,7.4612,-17.041,22.259,-1.5356,-33.883,-23.077,-12.848,-8.3364,-12.077
-9.4078,7.6138,32.593,7.2252,-17.853,23.221,1.262,-33.978,-23.406,-12.352,-7.9902,-12.024
-9.5134,8.451,33.622,6.8635,-18.524,24.108,4.0747,-33.729,-23.588,-11.821,-7.568,-11.946
-9.5303,9.2478,34.445,6.4633,-19.053,24.887,6.8959,-33.181,-23.608,-11.259,-7.0818,-11.86
-9.5142,9.9625,35.032,6.0931,-19.433,25.535,9.7061,-32.392,-23.473,-10.668,-6.551,-11.786
-9.496,10.57,35.357,5.7934,-19.652,26.03,12.469,-31.437,-23.217,-10.058,-6.0025,-11.745
-9.4801,11.051,35.409,5.5771,-19.701,26.348,15.124,-30.398,-22.895,-9.4487,-5.4683,-11.753
-9.4521,11.382,35.191,5.4372,-19.577,26.467,17.586,-29.356,-22.571,-8.8754,-4.9792,-11.811
-9.392,11.533,34.715,5.3586,-19.284,26.361,19.756,-28.377,-22.292,-8.3821,-4.5582,-11.901
-9.2835,11.468,33.993,5.331,-18.837,26.005,21.549,-27.504,-22.09,-8.0123,-4.2196,-11.999
-9.1149,11.14,33.032,5.3575,-18.25,25.371,22.912,-26.762,-21.98,-7.8008,-3.975,-12.088
-8.8742,10.501,31.824,5.4538,-17.531,24.431,23.816,-26.16,-21.967,-7.769,-3.8421,-12.175
-8.547,9.5163,30.352,5.6381,-16.675,23.158,24.233,-25.705,-22.052,-7.926,-3.8475,-12.298
-8.1221,8.1787,28.597,5.9181,-15.671,21.539,24.119,-25.401,-22.236,-8.2711,-4.0215,-12.5
-7.6013,6.5208,26.553,6.2829,-14.513,19.58,23.429,-25.251,-22.522,-8.7973,-4.3854,-12.819
-7.0049,4.6188,24.254,6.7044,-13.219,17.331,22.143,-25.253,-22.918,-9.4915,-4.9389,-13.264
-6.3711,2.5819,21.78,7.1473,-11.833,14.882,20.28,-25.392,-23.436,-10.334,-5.6531,-13.813
-5.7465,0.52928,19.245,7.582,-10.419,12.354,17.887,-25.639,-24.082,-11.298,-6.4753,-14.419
-5.1712,-1.4371,16.762,7.993,-9.0375,9.8696,15.023,-25.958,-24.846,-12.351,-7.3413,-15.027
-4.6642,-3.25,14.414,8.3783,-7.7257,7.5264,11.755,-26.31,-25.699,-13.462,-8.1891,-15.58
-4.2187,-4.8815,12.242,8.7436,-6.4916,5.3864,8.1551,-26.667,-26.59,-14.595,-8.9696,-16.04
-3.8094,-6.3345,10.256,9.0934,-5.3231,3.4728,4.3,-27.004,-27.455,-15.714,-9.6498,-16.382
-3.4069,-7.6237,8.4499,9.4251,-4.2052,1.7804,0.2775,-27.3,-28.233,-16.771,-10.213,-16.6
-2.9907,-8.7536,6.8215,9.7239,-3.1355,0.29622,-3.815,-27.53,-28.875,-17.712,-10.654,-16.695
-2.5567,-9.7019,5.3794,9.961,-2.1297,-0.97999,-7.8733,-27.667,-29.354,-18.478,-10.979,-16.672
-2.1155,-10.416,4.1438,10.096,-1.2189,-2.0271,-11.794,-27.679,-29.659,-19.02,-11.196,-16.529
-1.6819,-10.829,3.1381,10.079,-0.437,-2.8116,-15.491,-27.536,-29.787,-19.311,-11.311,-16.256
-1.2606,-10.883,2.3754,9.8636,0.19379,-3.3085,-18.91,-27.211,-29.741,-19.346,-11.326,-15.838
-0.83441,-10.564,1.8445,9.4203,0.67765,-3.5215,-22.028,-26.677,-29.519,-19.141,-11.239,-15.263
-0.36756,-9.9068,1.5042,8.7481,1.0491,-3.4893,-24.811,-25.919,-29.118,-18.73,-11.049,-14.534
0.17564,-8.9985,1.2941,7.8843,1.3614,-3.2758,-27.178,-24.928,-28.532,-18.152,-10.766,-13.673
0.80596,-7.9592,1.1547,6.9042,1.6631,-2.9531,-29.028,-23.714,-27.754,-17.447,-10.409,-12.719
1.4949,-6.9189,1.0465,5.9093,1.9789,-2.585,-30.295,-22.303,-26.785,-16.645,-9.9977,-11.714
2.1803,-5.9852,0.95668,5.004,2.3035,-2.2152,-30.979,-20.738,-25.637,-15.761,-9.5503,-10.699
2.7899,-5.2149,0.894,4.2653,2.6106,-1.8619,-31.126,-19.067,-24.335,-14.794,-9.0742,-9.6932
3.271,-4.6039,0.87556,3.7208,2.8694,-1.5195,-30.807,-17.337,-22.918,-13.733,-8.5639,-8.7015
3.61,-4.1001,0.91371,3.3431,3.0605,-1.1689,-30.097,-15.585,-21.433,-12.565,-8.0059,-7.7114
3.8321,-3.6286,1.0102,3.0655,3.1822,-0.78844,-29.06,-13.843,-19.925,-11.293,-7.3846,-6.7077
3.985,-3.1175,1.1596,2.8074,3.2454,-0.36125,-27.752,-12.135,-18.428,-9.9365,-6.6878,-5.6835
4.1168,-2.5176,1.3574,2.5022,3.2627,0.12237,-26.212,-10.478,-16.967,-8.525,-5.9091,-4.6468
4.2593,-1.8101,1.6069,2.1147,3.2408,0.6666,-24.467,-8.8792,-15.554,-7.09,-5.0481,-3.6185
4.4208,-1.0049,1.9203,1.6452,3.1782,1.2732,-22.533,-7.3394,-14.192,-5.6585,-4.1105,-2.6261
4.591,-0.13013,2.314,1.1187,3.0692,1.9443,-20.428,-5.8527,-12.873,-4.2448,-3.1065,-1.6941
4.7469,0.78371,2.803,0.56743,2.9082,2.6845,-18.181,-4.4108,-11.581,-2.8494,-2.0493,-0.83814
4.8665,1.7188,3.3948,0.015866,2.6917,3.4992,-15.841,-3.0066,-10.296,-1.4543,-0.95224,-0.064096
4.9355,2.6774,4.0844,-0.52609,2.4196,4.3902,-13.472,-1.6358,-9.0028,-0.029502,0.17528,0.63012
4.9511,3.6777,4.8513,-1.0625,2.0971,5.3487,-11.144,-0.29047,-7.6991,1.4538,1.329,1.2519
4.9249,4.7422,5.662,-1.608,1.7361,6.3536,-8.9098,1.0345,-6.395,3.0089,2.5086,1.8125
4.8825,5.8853,6.4802,-2.1837,1.3546,7.3775,-6.7991,2.3499,-5.1073,4.6282,3.7146,2.3258
4.8554,7.1072,7.2766,-2.8112,0.97292,8.3979,-4.8235,3.6722,-3.8516,6.2872,4.9454,2.8065
4.8676,8.3874,8.0333,-3.499,0.60939,9.4006,-2.9847,5.0216,-2.6349,7.9567,6.1941,3.267
4.9245,9.6766,8.738,-4.2282,0.27842,10.373,-1.279,6.4174,-1.4506,9.6166,7.4474,3.7145
5.012,10.897,9.3765,-4.9502,-0.0089362,11.293,0.30242,7.8785,-0.27488,11.269,8.6909,4.1515
5.105,11.966,9.9322,-5.6023,-0.24478,12.13,1.78,9.4277,0.93166,12.947,9.9176,4.5808
5.1782,12.819,10.393,-6.1319,-0.42609,12.853,3.1899,11.097,2.2164,14.713,11.137,5.0086
5.2155,13.437,10.756,-6.5152,-0.55635,13.445,4.5831,12.932,3.6234,16.646,12.374,5.4456
5.2174,13.844,11.034,-6.7647,-0.64427,13.907,6.0177,14.988,5.1841,18.821,13.663,5.9046
5.2039,14.104,11.242,-6.9251,-0.6994,14.26,7.547,17.323,6.9138,21.286,15.037,6.4005
5.2106,14.301,11.395,-7.0589,-0.72617,14.532,9.2059,19.986,8.8038,24.046,16.517,6.9493
5.2773,14.51,11.49,-7.2263,-0.7194,14.748,10.998,22.991,10.812,27.029,18.102,7.5645
5.4295,14.775,11.509,-7.4614,-0.66618,14.909,12.891,26.283,12.848,30.058,19.761,8.249
5.6637,15.087,11.414,-7.7544,-0.55098,14.986,14.823,29.712,14.776,32.88,21.424,8.9866
5.9445,15.391,11.162,-8.0515,-0.36287,14.924,16.717,33.051,16.442,35.261,22.994,9.7403
6.2142,15.604,10.721,-8.2785,-0.10116,14.667,18.508,36.052,17.732,37.081,24.385,10.462
6.4165,15.654,10.091,-8.376,0.22183,14.18,20.141,38.518,18.611,38.355,25.544,11.11
6.5133,15.49,9.3009,-8.3229,0.58221,13.468,21.579,40.327,19.107,39.18,26.472,11.665
6.496,15.097,8.407,-8.1366,0.95094,12.565,22.785,41.411,19.28,39.666,27.198,12.135
6.3841,14.49,7.4721,-7.8525,1.3031,11.53,23.726,41.727,19.175,39.887,27.761,12.541
6.2124,13.689,6.5489,-7.4986,1.6255,10.426,24.369,41.262,18.812,39.863,28.182,12.904
6.0119,12.698,5.6635,-7.0763,1.9179,9.2867,24.68,40.064,18.202,39.567,28.463,13.229
5.7937,11.49,4.811,-6.557,2.1886,8.1113,24.627,38.258,17.364,38.947,28.578,13.506
5.5448,10.029,3.9672,-5.8924,2.4441,6.8686,24.181,36.044,16.336,37.967,28.491,13.705
5.2359,8.3049,3.1103,-5.0414,2.6815,5.5305,23.338,33.647,15.174,36.649,28.164,13.785
4.837,6.3622,2.2398,-4.001,2.8856,4.1016,22.126,31.253,13.93,35.085,27.582,13.708
4.3301,4.3097,1.3806,-2.8197,3.0335,2.6286,20.605,28.967,12.634,33.404,26.75,13.462
3.7134,2.2943,0.57486,-1.5828,3.1021,1.1889,18.863,26.806,11.282,31.721,25.702,13.063
2.9975,0.45782,-0.13258,-0.38001,3.0754,-0.13296,16.997,24.722,9.8432,30.095,24.478,12.549
2.1986,-1.1054,-0.70894,0.7251,2.9493,-1.2715,15.109,22.65,8.2875,28.522,23.123,11.97
1.3352,-2.3714,-1.1428,1.711,2.7345,-2.1978,13.306,20.547,6.6124,26.973,21.676,11.367
0.42868,-3.3801,-1.4459,2.5924,2.4563,-2.9225,11.687,18.423,4.8525,25.435,20.181,10.769
-0.49008,-4.2028,-1.6474,3.3957,2.1517,-3.4814,10.336,16.326,3.0693,23.923,18.69,10.197
-1.3756,-4.8997,-1.7813,4.1316,1.8643,-3.9131,9.2995,14.323,1.3335,22.459,17.262,9.6773
-2.172,-5.4944,-1.8749,4.7839,1.6328,-4.2423,8.5765,12.469,-0.29033,21.074,15.952,9.2345
-2.8273,-5.9784,-1.943,5.3202,1.4785,-4.479,8.1317,10.79,-1.7536,19.807,14.792,8.8818
-3.3094,-6.3297,-1.9918,5.7115,1.399,-4.6299,7.9082,9.286,-3.0305,18.7,13.785,8.6104
-3.6113,-6.5345,-2.0284,5.9429,1.3736,-4.7099,7.84,7.9368,-4.1213,17.774,12.91,8.3935
-3.7423,-6.5957,-2.0659,6.0092,1.3783,-4.7447,7.8596,6.7139,-5.0497,17.02,12.139,8.202
-3.7102,-6.5271,-2.1217,5.9079,1.4022,-4.7613,7.9059,5.5946,-5.8536,16.404,11.452,8.0206
-3.5105,-6.3418,-2.2112,5.6353,1.4536,-4.7757,7.9305,4.5698,-6.5736,15.876,10.842,7.8527
-3.1341,-6.0431,-2.3384,5.1931,1.55,-4.7859,7.8992,3.6434,-7.2428,15.386,10.307,7.7143
-2.5907,-5.6328,-2.4899,4.6013,1.7014,-4.7733,7.79,2.825,-7.881,14.891,9.8417,7.6195
-1.929,-5.1281,-2.634,3.9116,1.8941,-4.7132,7.589,2.1199,-8.4944,14.363,9.4338,7.5702
-1.2403,-4.5743,-2.7305,3.2085,2.0897,-4.5879,7.2888,1.5198,-9.0812,13.794,9.0628,7.5522
-0.63943,-4.0375,-2.7449,2.5927,2.2369,-4.3942,6.8874,0.99697,-9.6399,13.185,8.7035,7.5384
-0.23184,-3.5802,-2.6599,2.1515,2.2914,-4.1415,6.3882,0.50645,-10.179,12.543,8.331,7.4975
-0.079846,-3.2338,-2.477,1.9265,2.2309,-3.8429,5.801,-0.0048043,-10.717,11.865,7.9283,7.4055
-0.18627,-2.9819,-2.2085,1.8983,2.0594,-3.5034,5.1432,-0.58437,-11.284,11.148,7.4924,7.2556
-0.50245,-2.7619,-1.865,1.9942,1.7987,-3.1136,4.4435,-1.2631,-11.906,10.38,7.0338,7.0587
-0.95378,-2.4868,-1.4473,2.1184,1.4741,-2.6503,3.7429,-2.0505,-12.599,9.5537,6.5673,6.8358
-1.4671,-2.0808,-0.94574,2.1883,1.1023,-2.0869,3.0887,-2.9366,-13.364,8.6643,6.0998,6.6038
-1.9888,-1.5136,-0.34845,2.164,0.68893,-1.4107,2.5252,-3.8974,-14.183,7.7138,5.6218,6.3646
-2.4906,-0.81732,0.34667,2.0581,0.23204,-0.63638,2.0851,-4.9012,-15.029,6.7124,5.1085,6.102
-2.9644,-0.077503,1.1235,1.9241,-0.27071,0.19146,1.787,-5.9132,-15.864,5.6804,4.5309,5.7896
-3.4095,0.60149,1.9474,1.8263,-0.8159,1.012,1.6381,-6.8998,-16.651,4.6467,3.872,5.4065
-3.8194,1.1406,2.7733,1.8055,-1.39,1.7696,1.6383,-7.8323,-17.362,3.6432,3.1365,4.9501
-4.18,1.5175,3.5583,1.8593,-1.9701,2.4316,1.7822,-8.6927,-17.987,2.6948,2.3495,4.4383
-4.4788,1.7673,4.2734,1.9495,-2.532,2.9928,2.0597,-9.4784,-18.536,1.8086,1.5435,3.9007
-4.7185,1.9523,4.9105,2.0266,-3.0623,3.4665,2.4566,-10.203,-19.042,0.96968,0.74353,3.3656
-4.9242,2.1228,5.48,2.0586,-3.5668,3.8703,2.9563,-10.888,-19.542,0.14464,-0.041817,2.8503
-5.1418,2.2908,6.0008,2.0485,-4.0679,4.214,3.5402,-11.561,-20.067,-0.70565,-0.82084,2.3575
-5.4257,2.4248,6.4858,2.0375,-4.5903,4.4938,4.1889,-12.242,-20.631,-1.6114,-1.6108,1.8771
-5.8246,2.4625,6.9324,2.0937,-5.1442,4.6925,4.8821,-12.944,-21.227,-2.5825,-2.4261,1.3921
-6.3703,2.3326,7.3226,2.2914,-5.7181,4.7866,5.6,-13.671,-21.835,-3.6056,-3.2697,0.88619
-7.0763,1.9757,7.6319,2.6901,-6.286,4.754,6.3243,-14.418,-22.424,-4.6494,-4.1308,0.35041
-7.9388,1.3601,7.8424,3.3181,-6.8219,4.5817,7.0373,-15.17,-22.962,-5.6745,-4.99,-0.21109
-8.935,0.49125,7.9507,4.1644,-7.3109,4.2718,7.7201,-15.905,-23.419,-6.6458,-5.8244,-0.77826
-10.019,-0.58346,7.9669,5.1768,-7.7503,3.8441,8.351,-16.59,-23.775,-7.5403,-6.6121,-1.317
-11.121,-1.7766,7.9084,6.2664,-8.1397,3.3367,8.9041,-17.191,-24.016,-8.3504,-7.3329,-1.7866
-12.146,-2.9665,7.794,7.3192,-8.4696,2.8041,9.3519,-17.676,-24.134,-9.078,-7.9661,-2.1484
-12.982,-4.0073,7.6435,8.2136,-8.7166,2.3163,9.6698,-18.022,-24.122,-9.7226,-8.4869,-2.3718
-13.525,-4.7531,7.4796,8.843,-8.848,1.9514,9.8401,-18.213,-23.969,-10.27,-8.8674,-2.4362
-13.709,-5.0968,7.3254,9.1369,-8.8337,1.7801,9.852,-18.252,-23.658,-10.692,-9.0833,-2.3321
-13.527,-5.0073,7.1976,9.0684,-8.655,1.8418,9.6983,-18.16,-23.177,-10.955,-9.1232,-2.0649
-13.015,-4.5362,7.0993,8.6549,-8.308,2.1306,9.3718,-17.973,-22.525,-11.036,-8.9907,-1.6554
-12.228,-3.7825,7.0207,7.9528,-7.8038,2.6029,8.8669,-17.739,-21.721,-10.931,-8.6995,-1.1335
-11.215,-2.8165,6.9523,7.0033,-7.1678,3.2094,8.1859,-17.502,-20.795,-10.653,-8.2626,-0.52715
-10.002,-1.601,6.9021,5.7583,-6.4401,3.9333,7.3454,-17.287,-19.78,-10.222,-7.6855,0.14956
-8.582,0.00040172,6.9054,4.109,-5.6724,4.8067,6.3799,-17.095,-18.698,-9.6589,-6.9672,0.89845
-6.935,2.1171,7.0182,1.9967,-4.921,5.8909,5.3374,-16.903,-17.556,-8.9807,-6.1077,1.7286
-5.075,4.7867,7.2984,-0.53675,-4.2385,7.2365,4.2712,-16.677,-16.352,-8.207,-5.1166,2.6407
-3.0761,7.9289,7.7832,-3.3669,-3.6676,8.8473,3.232,-16.379,-15.078,-7.3623,-4.0189,3.6154
-1.0705,11.351,8.4746,-6.2901,-3.2402,10.664,2.2633,-15.982,-13.724,-6.475,-2.8528,4.6135
0.77766,14.774,9.3363,-9.0426,-2.9784,12.569,1.4021,-15.476,-12.285,-5.5726,-1.6644,5.5863
2.3018,17.889,10.301,-11.366,-2.893,14.412,0.67798,-14.873,-10.771,-4.6794,-0.50182,6.4871
3.3597,20.421,11.281,-13.068,-2.9805,16.04,0.11229,-14.207,-9.2087,-3.8185,0.58922,7.2774
3.8572,22.195,12.192,-14.049,-3.2228,17.334,-0.28567,-13.53,-7.6457,-3.018,1.5687,7.9284
3.7679,23.176,12.96,-14.32,-3.5904,18.229,-0.51974,-12.896,-6.1454,-2.315,2.4062,8.4202
3.1396,23.454,13.54,-14.009,-4.0485,18.714,-0.60534,-12.358,-4.7745,-1.7534,3.0831,8.7426
2.0793,23.171,13.907,-13.31,-4.5602,18.811,-0.56522,-11.951,-3.59,-1.3766,3.5895,8.8958
0.72169,22.432,14.046,-12.402,-5.0862,18.55,-0.4241,-11.695,-2.6284,-1.2204,3.9165,8.8873
-0.80525,21.263,13.935,-11.36,-5.5797,17.94,-0.20392,-11.593,-1.8998,-1.3071,4.0494,8.7236
-2.3929,19.644,13.532,-10.133,-5.9809,16.943,0.078044,-11.635,-1.3902,-1.6433,3.9672,8.4034
-3.9301,17.56,12.777,-8.6166,-6.2184,15.502,0.40763,-11.809,-1.0727,-2.2214,3.6512,7.9174
-5.2831,15.015,11.616,-6.7898,-6.221,13.58,0.77026,-12.104,-0.92097,-3.0216,3.0955,7.2587
-6.3266,12.037,10.025,-4.756,-5.9379,11.19,1.1474,-12.512,-0.91845,-4.0163,2.3144,6.4314
-6.9952,8.7089,8.0301,-2.6754,-5.3542,8.3993,1.5148,-13.033,-1.0591,-5.1744,1.3405,5.4515
-7.297,5.1795,5.6936,-0.67828,-4.4973,5.3093,1.8433,-13.669,-1.3431,-6.4681,0.21405,4.3383
-7.2897,1.6029,3.0975,1.1534,-3.4295,2.0413,2.1022,-14.425,-1.7714,-7.878,-1.0286,3.1079
-7.0499,-1.9032,0.32772,2.7637,-2.2297,-1.2851,2.2651,-15.306,-2.3413,-9.3928,-2.3615,1.7723
-6.6512,-5.2507,-2.533,4.1136,-0.96876,-4.5635,2.3147,-16.32,-3.0429,-11.005,-3.7669,0.345
-6.1504,-8.3595,-5.4092,5.1862,0.30648,-7.7075,2.2449,-17.472,-3.8584,-12.702,-5.2295,-1.1529
-5.5884,-11.162,-8.2347,5.9973,1.5699,-10.655,2.0596,-18.766,-4.764,-14.47,-6.7322,-2.6924
-5.0063,-13.632,-10.947,6.604,2.7962,-13.368,1.7675,-20.202,-5.7345,-16.286,-8.2574,-4.2432
-4.4639,-15.807,-13.484,7.0996,3.9443,-15.831,1.3786,-21.776,-6.7459,-18.128,-9.7886,-5.7825
-4.0405,-17.767,-15.785,7.5927,4.9577,-18.042,0.90645,-23.476,-7.7735,-19.967,-11.31,-7.295
-3.818,-19.576,-17.787,8.1746,5.7778,-19.992,0.37148,-25.273,-8.7882,-21.774,-12.8,-8.7646
-3.8582,-21.234,-19.424,8.8894,6.3574,-21.645,-0.19611,-27.119,-9.7552,-23.513,-14.234,-10.164
-4.1846,-22.675,-20.622,9.7196,6.6647,-22.939,-0.76057,-28.956,-10.639,-25.15,-15.583,-11.456
-4.7742,-23.798,-21.315,10.59,6.6845,-23.799,-1.2891,-30.731,-11.411,-26.66,-16.825,-12.608
-5.5576,-24.504,-21.462,11.387,6.4205,-24.181,-1.7595,-32.414,-12.057,-28.041,-17.951,-13.603
-6.4326,-24.737,-21.062,11.994,5.8981,-24.079,-2.1635,-34.01,-12.579,-29.316,-18.969,-14.453
-7.2923,-24.501,-20.164,12.322,5.1611,-23.539,-2.5037,-35.554,-12.993,-30.527,-19.897,-15.187
-8.0602,-23.867,-18.857,12.343,4.2579,-22.644,-2.7879,-37.101,-13.319,-31.725,-20.755,-15.847
-8.7147,-22.962,-17.245,12.097,3.2272,-21.494,-3.0211,-38.7,-13.576,-32.948,-21.562,-16.47
-9.2865,-21.925,-15.425,11.681,2.0955,-20.189,-3.2016,-40.378,-13.772,-34.206,-22.325,-17.075
-9.8384,-20.885,-13.483,11.219,0.88486,-18.808,-3.3232,-42.134,-13.91,-35.49,-23.051,-17.667
-10.451,-19.941,-11.496,10.838,-0.37932,-17.416,-3.3829,-43.947,-13.995,-36.792,-23.748,-18.24
-11.225,-19.173,-9.545,10.658,-1.6724,-16.075,-3.3889,-45.797,-14.043,-38.132,-24.434,-18.789
-12.269,-18.653,-7.7047,10.775,-2.9811,-14.851,-3.3638,-47.675,-14.086,-39.567,-25.144,-19.32
-13.663,-18.433,-6.0291,11.247,-4.3077,-13.809,-3.3421,-49.593,-14.167,-41.19,-25.921,-19.856
-15.415,-18.526,-4.5328,12.072,-5.6611,-12.989,-3.3638,-51.573,-14.322,-43.111,-26.802,-20.431
-17.471,-18.896,-3.1952,13.196,-7.0458,-12.384,-3.4692,-53.639,-14.566,-45.437,-27.799,-21.082
-19.751,-19.47,-1.9798,14.53,-8.4571,-11.951,-3.6966,-55.81,-14.891,-48.271,-28.906,-21.837
-22.171,-20.176,-0.85712,15.977,-9.8822,-11.643,-4.0828,-58.102,-15.275,-51.679,-30.105,-22.719
-24.635,-20.965,0.18429,17.444,-11.301,-11.428,-4.6651,-60.529,-15.697,-55.661,-31.391,-23.737
-27.043,-21.815,1.1402,18.871,-12.684,-11.299,-5.4817,-63.097,-16.151,-60.117,-32.776,-24.893
-29.345,-22.712,2.002,20.244,-13.993,-11.253,-6.5691,-65.801,-16.644,-64.875,-34.289,-26.182
-31.599,-23.628,2.7673,21.592,-15.193,-11.28,-7.9555,-68.623,-17.188,-69.746,-35.955,-27.591
-33.952,-24.518,3.4454,22.963,-16.268,-11.349,-9.6536,-71.532,-17.787,-74.567,-37.777,-29.102
-36.521,-25.32,4.0543,24.387,-17.228,-11.42,-11.653,-74.488,-18.428,-79.206,-39.716,-30.686
-39.238,-25.974,4.6113,25.833,-18.092,-11.449,-13.911,-77.442,-19.081,-83.536,-41.695,-32.302
-41.834,-26.438,5.1222,27.211,-18.871,-11.413,-16.357,-80.333,-19.699,-87.414,-43.615,-33.902
-44.02,-26.696,5.5753,28.4,-19.551,-11.312,-18.891,-83.092,-20.227,-90.699,-45.386,-35.445
-45.645,-26.769,5.943,29.303,-20.1,-11.175,-21.412,-85.649,-20.609,-93.311,-46.951,-36.892
-46.684,-26.705,6.1912,29.869,-20.477,-11.05,-23.829,-87.941,-20.798,-95.259,-48.278,-38.214
-47.186,-26.572,6.2933,30.103,-20.654,-10.987,-26.073,-89.928,-20.762,-96.62,-49.347,-39.378
-47.246,-26.445,6.2452,30.065,-20.636,-11.022,-28.097,-91.599,-20.488,-97.486,-50.134,-40.357
-46.997,-26.387,6.0712,29.868,-20.467,-11.166,-29.865,-92.971,-19.981,-97.928,-50.615,-41.126
-46.579,-26.432,5.8183,29.635,-20.221,-11.404,-31.345,-94.075,-19.254,-97.988,-50.759,-41.661
-46.092,-26.571,5.5424,29.447,-19.97,-11.699,-32.505,-94.936,-18.315,-97.701,-50.533,-41.935
-45.578,-26.756,5.2919,29.311,-19.762,-11.998,-33.309,-95.557,-17.159,-97.104,-49.897,-41.907
-45.036,-26.918,5.0964,29.155,-19.609,-12.249,-33.723,-95.921,-15.774,-96.228,-48.825,-41.54
-44.457,-27.004,4.9644,28.869,-19.488,-12.409,-33.725,-96.003,-14.147,-95.078,-47.321,-40.821
-43.845,-26.986,4.8908,28.362,-19.358,-12.458,-33.307,-95.782,-12.27,-93.616,-45.441,-39.776
-43.192,-26.853,4.8703,27.612,-19.187,-12.386,-32.48,-95.246,-10.151,-91.768,-43.28,-38.457
-42.429,-26.6,4.9106,26.678,-18.972,-12.19,-31.278,-94.398,-7.8052,-89.453,-40.945,-36.931
-41.452,-26.208,5.0362,25.668,-18.741,-11.859,-29.765,-93.26,-5.2576,-86.616,-38.517,-35.273
-40.232,-25.642,5.2829,24.681,-18.547,-11.368,-28.029,-91.882,-2.5356,-83.26,-36.043,-33.549
-38.879,-24.858,5.6857,23.752,-18.438,-10.686,-26.171,-90.331,0.33157,-79.469,-33.547,-31.814
-37.555,-23.81,6.2684,22.839,-18.448,-9.7865,-24.281,-88.688,3.3139,-75.395,-31.052,-30.106
-36.363,-22.461,7.0364,21.857,-18.585,-8.6569,-22.426,-87.032,6.3846,-71.21,-28.588,-28.449
-35.289,-20.798,7.9725,20.72,-18.83,-7.3109,-20.647,-85.427,9.5317,-67.053,-26.188,-26.858
-34.237,-18.848,9.0335,19.375,-19.14,-5.7924,-18.968,-83.92,12.772,-63.009,-23.883,-25.345
-33.083,-16.683,10.152,17.826,-19.455,-4.1742,-17.411,-82.54,16.158,-59.135,-21.698,-23.92
-31.747,-14.419,11.248,16.139,-19.714,-2.5511,-15.999,-81.3,19.772,-55.489,-19.657,-22.594
-30.244,-12.205,12.242,14.434,-19.876,-1.0239,-14.75,-80.197,23.713,-52.136,-17.778,-21.374
-28.692,-10.195,13.077,12.85,-19.929,0.32147,-13.672,-79.208,28.071,-49.126,-16.07,-20.262
-27.24,-8.5033,13.73,11.506,-19.888,1.4326,-12.751,-78.284,32.903,-46.468,-14.535,-19.25
-25.983,-7.179,14.198,10.466,-19.779,2.2968,-11.951,-77.359,38.185,-44.137,-13.161,-18.331
-24.92,-6.2052,14.495,9.74,-19.615,2.9322,-11.227,-76.377,43.789,-42.097,-11.935,-17.5
-23.992,-5.5271,14.635,9.2964,-19.4,3.3706,-10.538,-75.328,49.476,-40.33,-10.849,-16.763
-23.159,-5.088,14.642,9.085,-19.147,3.6462,-9.8567,-74.281,54.973,-38.838,-9.9073,-16.143
-22.452,-4.8489,14.571,9.0587,-18.907,3.8004,-9.1724,-73.388,60.075,-37.623,-9.1119,-15.66
-21.958,-4.7775,14.531,9.1803,-18.782,3.9027,-8.4804,-72.86,64.739,-36.645,-8.4484,-15.312
-21.79,-4.8149,14.702,9.4138,-18.922,4.0743,-7.7761,-72.898,69.132,-35.784,-7.8616,-15.048
-22.045,-4.8456,15.354,9.7103,-19.528,4.5019,-7.0492,-73.617,73.646,-34.815,-7.242,-14.757
-22.789,-4.6966,16.869,10.004,-20.896,5.4347,-6.279,-74.945,78.882,-33.413,-6.4235,-14.272
-24.07,-4.168,19.777,10.218,-23.49,7.196,-5.433,-76.545,85.55,-31.218,-5.182,-13.394
-25.854,-3.0955,23.396,10.275,-26.401,10.359,-4.4674,-77.784,94.213,-27.983,-3.2112,-11.915
-27.758,-1.5577,21.719,10.096,-26.327,15.306,-3.3365,-77.805,105.11,-24.396,-0.47301,-9.7111
-29.344,-0.032478,19.481,9.5928,-25.784,16.116,-2.0095,-75.705,118.01,-28.206,-2.9083,-7.2296
-30.883,0.26449,18.773,8.6866,-26.551,15.038,-0.49044,-70.984,124.67,-31.662,-5.5242,-9.0781
-33.074,-0.77852,20.277,7.5595,-28.951,14.686,1.1673,-65.385,118.9,-33.788,-5.9012,-12.612
-36.238,-0.31064,25.294,8.8635,-33.572,16.739,2.8345,-71.287,117.79,-35.698,-5.1195,-11.703
-40.967,3.9707,35.261,11.388,-41.872,22.758,4.2536,-94.054,117,-34.959,-1.6225,-8.1702
-51.137,13.831,52.895,11.175,-55.621,34.075,5.0078,-107.83,116.89,-27.962,6.9891,-1.1723
-62.038,30.169,81.851,7.6657,-74.75,52.561,4.6076,-117.9,119.59,-10.616,23.034,10.185
-72.207,53.158,121.38,0.49614,-97.214,80.211,2.8095,-125.63,129.74,20.328,47.623,26.425
-80.311,82.202,163.24,-10.498,-120.19,116.58,7.231,-117.36,158.1,66.708,80.753,47.523
-83.746,115.6,201.82,-25.306,-140.29,155.34,13.571,-82.643,225.02,129.66,122.43,73.37
-79.831,150.91,233.95,-44.109,-154.2,190.25,21.269,-20.175,335.2,210.2,173.67,104.17
-67.021,185.77,256.76,-67.115,-159.4,220.43,28.889,64.327,449.4,307.42,236.34,140.5
-44.631,218.13,268.25,-94.05,-154.16,243.94,32.999,157.95,567.16,417.68,312.09,183.58
-12.254,246,265.8,-123.92,-136.95,257.23,28.489,242.16,691.07,538.19,402.05,234.73
30.377,267.32,246.47,-155.61,-106.16,258.33,10.171,297.25,811.1,665.83,505,294.78
83.464,282.13,208.98,-189.08,-60.679,247.86,-26.348,304.75,915.5,796.38,617.22,364.72
147.07,292.48,154.01,-225.33,-0.45806,226.16,-85.907,249.55,992.6,924.29,734.48,444.33
220.71,296.81,83.05,-264.35,72.722,192.08,-166.68,124.68,1032.6,1041.7,852.47,530.14
302.81,299.43,2.3392,-306.68,153.98,151.21,-263.03,-64.877,1028.8,1138.5,966.5,618.44
390.41,307.13,-79.555,-354.17,236.91,112.71,-371.09,-304.75,978.51,1205.6,1071.1,706.91
479.22,325.26,-152.53,-407.71,315.04,83.591,-483.08,-576.13,882.22,1235.5,1159.8,793.43
563.6,357.5,-206.35,-465.93,382.54,70.779,-590.22,-858.84,743.54,1221.5,1225.7,874.19
637.17,401.55,-238.15,-524.67,435.76,75.414,-684.36,-1132.5,568.31,1158.5,1261.3,943.09
695.54,447.96,-253.42,-577.67,474.14,90.424,-760.12,-1381.5,363.6,1044.7,1258.9,992.02
737.5,483.41,-262.4,-617.16,500.6,104.12,-815.64,-1598.9,136.23,881.99,1212.4,1011.9
762.5,493.46,-277.27,-634.75,520.71,103.13,-851.86,-1783.6,-107.98,675.64,1118.2,994.85
769.56,465.66,-309.36,-623.76,540.27,74.839,-871.28,-1938.2,-363.64,434.09,977.96,936.86
757.73,394.29,-364.78,-581.34,562.34,12.318,-876.48,-2067.3,-624.22,169.09,799.34,840.08
726.71,283.52,-440.62,-509.61,585.42,-81.099,-869.31,-2174.3,-881.02,-105.4,595.29,713
677.46,146.67,-525.43,-415.6,604.25,-192.51,-851.27,-2260.5,-1123,-374.85,381.44,568.45
612.78,1.9959,-604.21,-310.04,612.71,-304.68,-824.67,-2324.8,-1337.5,-625.22,172.99,420.38
537.61,-132.94,-664.26,-204.62,606.74,-402.23,-792.56,-2363.2,-1510.6,-843.33,-17.144,280.95
458.4,-245.53,-699.03,-109.01,585.75,-475.53,-757.48,-2369,-1629.6,-1017.4,-179.11,158.98
381.66,-329.5,-708.09,-29.32,552.06,-521.28,-721.36,-2334.6,-1684.8,-1138.8,-306.31,59.367
312.18,-383.84,-694.43,31.787,509.24,-540.6,-685.44,-2254.6,-1673.3,-1203.7,-395.93,-17.634
252.2,-410.62,-661.75,74.167,460.65,-536.71,-649.22,-2128.6,-1599.3,-1214.8,-450.8,-76.056
201.51,-413.25,-613.58,99.831,408.67,-513.5,-610.26,-1962,-1473.8,-1179.8,-477.48,-120.3
157.81,-396.27,-553.84,112.54,354.87,-475.33,-565.44,-1765.6,-1311.9,-1110.1,-482.05,-153.34
118.81,-366.04,-486.94,115.87,300.68,-427.19,-512.39,-1553.2,-1129.4,-1017.5,-470.3,-176.01
84.179,-327.97,-416.98,113.6,248.06,-373.53,-450.96,-1338.9,-940.62,-912.58,-447.26,-189.01
55.089,-285.86,-347.62,108.24,199.31,-318.38,-384.37,-1134.5,-757.01,-803.38,-416.18,-193.32
32.597,-244.08,-282.87,100.27,156.26,-265.76,-318.02,-949.73,-587.06,-695.85,-378.33,-188.36
16.864,-205.45,-226.91,89.171,119.98,-218.84,-256.3,-791.32,-436.37,-594.3,-334.63,-173.85
6.9886,-171.29,-180.49,76.15,91.1,-179.34,-203.56,-661.02,-307.64,-501.93,-288.23,-152.46
1.2431,-143.01,-142.48,63.476,69.259,-146.57,-163.44,-556.22,-200.65,-420.79,-242.91,-129.31
-2.1935,-119.74,-112.49,53.169,53.264,-117.96,-135.86,-470.48,-112.95,-351.52,-201.22,-107.33
-3.9591,-100.17,-89.802,46.35,41.834,-94.767,-117.16,-397.19,-40.739,-293.05,-164.15,-87.809
-3.4498,-85.105,-73.771,41.648,33.829,-78.579,-102.7,-331.43,19.974,-244.59,-131.59,-71.844
-1.667,-74.814,-62.678,37.641,28.467,-67.539,-89.01,-268.05,72.226,-206.34,-104.64,-59.289
-2.5633,-68.11,-55.331,33.568,25.256,-60.01,-74.491,-209.5,117.72,-175.75,-86.286,-49.742
-3.3068,-63.437,-51,29.322,24.147,-55.372,-59.709,-167.09,157.09,-151.54,-75.253,-42.864
-3.5304,-59.593,-48.932,25.443,23.875,-52.846,-46.596,-142.67,190.39,-132.59,-68.827,-38.385
-3.4385,-55.882,-49.701,22.335,19.195,-51.326,-36.57,-129.11,217.61,-116.48,-64.931,-35.908
-3.1386,-51.843,-50.148,19.742,13.24,-50.068,-30.519,-120.2,239.4,-100.97,-61.691,-34.768
-2.7173,-47.129,-45.453,17.374,9.6868,-47.833,-29.211,-112.87,256.41,-85.739,-57.667,-33.386
-2.2412,-42.077,-38.656,15.198,7.6434,-43.221,-27.619,-105.76,266.91,-72.13,-52.344,-29.686
-1.7551,-36.9,-32.21,13.21,6.2089,-37.61,-24.514,-97.444,272.1,-61.011,-47.018,-25.316
-1.2858,-31.846,-26.705,11.37,5.0135,-32.512,-21.059,-83.974,280.2,-52.684,-42.033,-21.841
-0.85496,-27.314,-22.073,9.6481,3.9086,-28.236,-17.696,-69.618,291.85,-47.996,-36.653,-19.113
-0.49293,-23.403,-18.115,8.0506,2.8288,-24.554,-14.539,-59.806,303.29,-45.388,-31.574,-16.838
-0.24563,-20.02,-14.649,6.6258,1.7389,-21.262,-11.712,-53.096,313.35,-42.062,-27.301,-14.882
-0.1657,-17.102,-11.545,5.4424,0.61384,-18.273,-9.3229,-48.212,322.42,-37.59,-23.811,-13.19
-0.29249,-14.648,-8.7264,4.5569,-0.56176,-15.569,-7.3858,-44.509,332.11,-32.918,-20.928,-11.725
-0.63537,-12.66,-6.1527,3.9845,-1.7901,-13.154,-5.843,-41.594,346.35,-28.669,-18.505,-10.446
-1.1728,-11.109,-3.8045,3.6946,-3.0612,-11.03,-4.6077,-39.197,368.89,-24.951,-16.453,-9.3079
-1.8636,-9.9254,-1.6676,3.6279,-4.3595,-9.187,-3.5927,-37.146,389.77,-21.712,-14.728,-8.2797
-2.6585,-9.0224,0.27241,3.72,-5.6659,-7.5925,-2.7202,-35.347,402.27,-18.909,-13.315,-7.3581
-3.5056,-8.3215,2.0283,3.9188,-6.9542,-6.2007,-1.9215,-33.753,403.07,-16.517,-12.211,-6.563
-4.3534,-7.7739,3.6067,4.1935,-8.187,-4.9666,-1.1328,-32.335,387.7,-14.499,-11.398,-5.9223
-5.1552,-7.3683,5.0048,4.5322,-9.3202,-3.8686,-0.29101,-31.066,352.42,-12.8,-10.836,-5.453
-5.873,-7.1148,6.2136,4.9268,-10.315,-2.9125,0.66518,-29.91,296.87,-11.345,-10.466,-5.1501
-6.4783,-7.0112,7.2262,5.3541,-11.15,-2.1135,1.7891,-28.831,225.56,-10.056,-10.216,-4.9868
-6.9498,-7.0163,8.0485,5.7648,-11.826,-1.4706,3.1198,-27.8,146.87,-8.8637,-10.024,-4.9209
-7.2659,-7.043,8.7025,6.0843,-12.359,-0.95415,4.6799,-26.787,68.287,-7.7226,-9.8399,-4.9048
-7.4005,-6.9765,9.2214,6.2248,-12.769,-0.51263,6.4789,-25.761,-6.6884,-6.611,-9.6327,-4.8968
-7.3267,-6.7108,9.6401,6.11,-13.069,-0.091715,8.5143,-24.692,-63.104,-5.5305,-9.3931,-4.872
-7.0322,-6.1882,9.9882,5.7047,-13.273,0.34513,10.768,-23.559,-95.047,-4.4983,-9.1313,-4.8286
-6.5362,-5.4245,10.287,5.0358,-13.398,0.80556,13.2,-22.354,-111.91,-3.5375,-8.8713,-4.7853
-5.8979,-4.5097,10.552,4.1962,-13.473,1.2694,15.748,-21.084,-121.17,-2.6631,-8.6396,-4.7689
-5.2075,-3.5835,10.796,3.3247,-13.532,1.6985,18.332,-19.763,-126.5,-1.869,-8.4515,-4.7977
-4.5647,-2.7951,11.025,2.567,-13.604,2.049,20.869,-18.409,-129.56,-1.1219,-8.3052,-4.8708
-4.0529,-2.2616,11.235,2.0352,-13.701,2.2828,23.291,-17.039,-130.22,-0.3708,-8.1854,-4.9692
-3.7234,-2.0434,11.412,1.7845,-13.812,2.3769,25.553,-15.668,-127.84,0.43123,-8.0745,-5.0663
-3.5927,-2.1378,11.537,1.8137,-13.916,2.3302,27.641,-14.306,-130.45,1.3069,-7.9638,-5.1424
-3.6515,-2.4885,11.598,2.0789,-13.994,2.1671,29.566,-12.96,-137.38,2.2478,-7.8571,-5.1914
-3.8735,-3.0046,11.599,2.512,-14.038,1.9321,31.347,-11.632,-143.17,3.2232,-7.768,-5.2207
-4.2216,-3.5865,11.554,3.0383,-14.051,1.6742,32.99,-10.318,-147.09,4.1952,-7.7136,-5.2437
-4.6478,-4.1523,11.473,3.5933,-14.036,1.4273,34.462,-9.0156,-149.63,5.1348,-7.7069,-5.2737
-5.0924,-4.6529,11.356,4.1289,-13.99,1.1979,35.69,-7.7284,-151.26,6.0314,-7.7522,-5.3184
-5.4823,-5.0719,11.186,4.6067,-13.895,0.96923,36.573,-6.4692,-152.28,6.8974,-7.8411,-5.3772
-5.7327,-5.4112,10.945,4.983,-13.73,0.71777,37.029,-5.2549,-152.8,7.7685,-7.9519,-5.4386
-5.7577,-5.6719,10.619,5.2005,-13.471,0.43217,37.034,-4.0954,-152.88,8.6988,-8.051,-5.4799
-5.4859,-5.835,10.206,5.1952,-13.097,0.1229,36.639,-2.9837,-152.5,9.7501,-8.0985,-5.4697
-4.8761,-5.8556,9.7147,4.9113,-12.598,-0.17968,35.939,-1.8921,-151.63,10.977,-8.057,-5.3747
-3.9247,-5.6755,9.1647,4.3163,-11.971,-0.43526,35.035,-0.77642,-150.28,12.418,-7.902,-5.1693
-2.6682,-5.2498,8.5836,3.4121,-11.233,-0.60606,33.996,0.41594,-148.47,14.087,-7.6282,-4.841
-1.1789,-4.5715,8.0017,2.2414,-10.412,-0.6686,32.857,1.7411,-146.23,15.989,-7.2475,-4.3896
0.44869,-3.6808,7.4375,0.88355,-9.5356,-0.62413,31.627,3.2583,-143.57,18.117,-6.779,-3.8229
2.1228,-2.6589,6.8813,-0.56206,-8.6131,-0.50569,30.311,5.0322,-140.47,20.474,-6.2377,-3.152
3.7832,-1.6087,6.2917,-2.0011,-7.6249,-0.37527,28.915,7.1389,-136.87,23.078,-5.6255,-2.3885
5.4266,-0.62696,5.6112,-3.3664,-6.5361,-0.30528,27.449,9.6773,-132.62,25.992,-4.9281,-1.5388
7.1291,0.2233,4.7968,-4.6305,-5.325,-0.35009,25.928,12.794,-127.51,29.338,-4.1164,-0.59933
9.0531,0.92711,3.8438,-5.8056,-4.0058,-0.52462,24.371,16.722,-121.27,33.295,-3.1506,0.44336
11.388,1.5113,2.79,-6.9291,-2.6316,-0.80392,22.791,21.837,-113.63,38.039,-1.9855,1.6054
14.183,2.0237,1.6982,-8.0413,-1.2732,-1.1421,21.196,28.69,-104.48,43.634,-0.57693,2.8963
17.241,2.512,0.62901,-9.1672,0.010978,-1.4966,19.58,37.916,-94.099,49.87,1.1124,4.319
20.301,3.0135,-0.38354,-10.325,1.1991,-1.8412,17.924,49.862,-83.094,56.286,3.1079,5.8808
23.307,3.5553,-1.3407,-11.556,2.315,-2.1643,16.205,63.969,-72.09,62.444,5.4185,7.6086
26.419,4.1559,-2.2675,-12.941,3.416,-2.4586,14.397,78.636,-61.472,68.175,8.033,9.5554
29.79,4.8225,-3.1906,-14.572,4.5665,-2.7141,12.479,92.134,-51.434,73.554,10.922,11.793
33.362,5.5473,-4.1216,-16.525,5.813,-2.9174,10.419,103.66,-42.083,78.762,14.043,14.392
36.891,6.3132,-5.0536,-18.829,7.1765,-3.0549,8.164,113.37,-33.438,83.995,17.35,17.386
40.198,7.1093,-5.9669,-21.42,8.6575,-3.1115,5.636,121.85,-25.423,89.389,20.813,20.749
43.3,7.9476,-6.8365,-24.121,10.245,-3.0673,2.7585,129.64,-17.921,94.965,24.428,24.39
46.295,8.8725,-7.6362,-26.77,11.92,-2.8965,-0.50119,137.14,-10.815,100.61,28.206,28.185
49.225,9.9527,-8.3411,-29.349,13.648,-2.5732,-4.1004,144.57,-4.0013,106.15,32.14,32.012
52.069,11.259,-8.9265,-31.934,15.366,-2.0793,-7.9221,152.02,2.6181,111.45,36.152,35.783
54.821,12.842,-9.3658,-34.612,16.98,-1.4079,-11.807,159.5,9.1541,116.48,40.084,39.449
57.523,14.716,-9.627,-37.451,18.377,-0.56049,-15.588,166.94,15.78,121.27,43.747,42.982
60.257,16.866,-9.675,-40.47,19.452,0.45727,-19.113,174.23,22.768,125.84,47.023,46.364
63.111,19.246,-9.4827,-43.61,20.143,1.6364,-22.251,181.27,30.433,130.25,49.902,49.586
66.121,21.793,-9.0439,-46.744,20.457,2.9622,-24.891,187.91,38.947,134.51,52.464,52.636
69.194,24.434,-8.376,-49.721,20.475,4.4121,-26.944,194.01,48.114,138.59,54.818,55.494
72.098,27.099,-7.5132,-52.42,20.302,5.9581,-28.341,199.45,57.342,142.36,57.042,58.132
74.61,29.747,-6.4967,-54.79,20.011,7.5733,-29.041,204.14,65.903,145.61,59.114,60.521
76.639,32.381,-5.3657,-56.842,19.646,9.2428,-29.037,208.04,73.279,148.18,60.906,62.658
78.191,35.054,-4.1481,-58.624,19.239,10.969,-28.356,211.11,79.289,150.01,62.243,64.566
79.296,37.854,-2.8587,-60.173,18.817,12.762,-27.053,213.41,84,151.18,63,66.284
79.996,40.85,-1.5078,-61.516,18.398,14.625,-25.2,215.01,87.602,151.78,63.157,67.849
79.114,46.423,-6.3545,-62.553,29.591,16.308,-27.766,239.39,110.54,154.92,72.772,73.555
74.159,48.305,0.84582,-60.996,23.302,20.929,-21.499,243.64,113.98,150.63,69.629,74.311
70.285,50.688,7.4671,-60.12,17.829,25.62,-16.304,246.33,118.17,146.49,65.797,74.575
68.44,53.301,12.293,-60.296,14.304,29.595,-12.247,247.15,122.67,143.27,62.198,74.511
68.988,56.038,14.85,-61.736,13.193,32.489,-9.1429,246.03,126.53,141.26,59.535,74.46
71.627,58.913,15.457,-64.386,14.213,34.41,-6.6563,243.04,128.5,140.14,57.985,74.771
75.681,62.049,14.91,-68.004,16.629,35.807,-4.4512,238.4,127.43,139.19,57.152,75.654
80.501,65.636,14.051,-72.339,19.683,37.233,-2.2949,232.38,122.74,137.62,56.332,77.128
85.65,69.796,13.438,-77.181,22.85,39.079,-0.060976,225.39,114.73,135.05,54.98,79.057
90.846,74.418,13.241,-82.295,25.87,41.393,2.3318,217.99,104.77,131.69,53.054,81.234
