I,II,III,aVR,aVL,aVF,V1,V2,V3,V4,V5,V6
21.748,-2.0811,-25.322,-8.1677,30.17,-0.99939,-0.68461,9.8122,17.963,27.831,17.283,6.2503
20.798,-1.9029,-23.816,-7.8411,29.05,-0.39289,0.078772,9.948,17.049,24.879,15.746,5.714
19.797,-1.4684,-22.005,-7.6175,27.752,0.49477,1.0966,10.397,16.138,21.736,14.325,5.1474
18.715,-0.69211,-19.774,-7.5241,26.202,1.7647,2.4545,11.271,15.23,18.413,13.152,4.5176
17.544,0.27465,-17.265,-7.4814,24.468,3.2695,4.0011,12.421,14.325,15.211,12.388,3.8025
16.324,1.1318,-14.82,-7.3602,22.742,4.6885,5.4354,13.498,13.423,12.606,12.169,3.0142
15.167,1.6039,-12.823,-7.0774,21.27,5.6912,6.4806,14.109,12.524,11.016,12.525,2.2226
14.249,1.5667,-11.578,-6.6591,20.293,6.0646,7.0104,13.954,11.628,10.595,13.295,1.5688
13.775,1.0573,-11.25,-6.2249,19.994,5.7439,7.0603,12.883,10.734,11.186,14.133,1.2486
13.888,0.20361,-11.856,-5.9103,20.454,4.7848,6.7582,10.91,9.8423,12.432,14.643,1.4584
14.563,-0.85744,-13.234,-5.7703,21.576,3.3375,6.2441,8.2388,8.9544,13.937,14.576,2.3038
6.112,-3.3337,-7.2323,-0.14255,14.816,-0.039406,2.2254,0.49777,2.2505,7.4528,7.2373,-0.52141
5.7781,-3.4628,-7.0197,0.02233,14.263,-0.2074,2.3293,0.1305,1.7585,6.9921,7.1393,-0.8036
5.4639,-3.6285,-6.8232,0.20897,13.777,-0.37326,2.4142,-0.23033,1.2766,6.5151,6.9744,-1.1079
5.1486,-3.8485,-6.6227,0.43733,13.359,-0.53105,2.4707,-0.58096,0.80705,6.016,6.7501,-1.4147
4.8156,-4.1317,-6.4163,0.71833,13.006,-0.67945,2.4951,-0.92867,0.35151,5.4929,6.4845,-1.7066
4.4529,-4.475,-6.2135,1.0519,12.696,-0.81941,2.4917,-1.2864,-0.090801,4.9419,6.1958,-1.9712
4.0522,-4.8674,-6.0247,1.4305,12.386,-0.95709,2.469,-1.6652,-0.52452,4.3531,5.8938,-2.204
3.6079,-5.2996,-5.8547,1.8448,12.02,-1.1095,2.4328,-2.0684,-0.959,3.7122,5.5745,-2.4123
3.1161,-5.77,-5.7022,2.289,11.547,-1.3052,2.3819,-2.4891,-1.4073,3.0046,5.2235,-2.615
2.5727,-6.2861,-5.5662,2.7619,10.944,-1.5775,2.3092,-2.9139,-1.8828,2.2207,4.824,-2.8374
1.9747,-6.8579,-5.4538,3.2648,10.227,-1.9529,2.2064,-3.329,-2.3934,1.3593,4.367,-3.1013
1.322,-7.4899,-5.3777,3.7981,9.4464,-2.4406,2.0693,-3.7267,-2.9371,0.42989,3.8568,-3.415
0.61988,-8.1738,-5.344,4.3589,8.6641,-3.0263,1.9022,-4.1093,-3.5002,-0.54627,3.3092,-3.7688
-0.12324,-8.8883,-5.3378,4.9418,7.9274,-3.6727,1.7174,-4.487,-4.0607,-1.538,2.7437,-4.1405
-0.89934,-9.6058,-5.3217,5.541,7.248,-4.3255,1.5333,-4.871,-4.5946,-2.5096,2.1726,-4.5056
-1.7051,-10.302,-5.2434,6.1531,6.6044,-4.9244,1.3685,-5.2638,-5.0813,-3.4277,1.5951,-4.846
-2.542,-10.959,-5.0474,6.7753,5.9544,-5.4136,1.238,-5.652,-5.5054,-4.2668,1.0005,-5.1514
-3.4106,-11.563,-4.6863,7.4008,5.2506,-5.75,1.1506,-6.0066,-5.856,-5.0088,0.38004,-5.417
-4.3006,-12.095,-4.1309,8.0113,4.4562,-5.907,1.1105,-6.2915,-6.1254,-5.6403,-0.25926,-5.6388
-5.1827,-12.527,-3.3754,8.5725,3.561,-5.8744,1.1211,-6.4784,-6.309,-6.1481,-0.88754,-5.811
-6.0099,-12.822,-2.4372,9.0374,2.589,-5.655,1.1904,-6.5561,-6.4062,-6.5162,-1.4554,-5.9256
-6.7303,-12.936,-1.3485,9.3567,1.5913,-5.2601,1.3334,-6.5318,-6.4193,-6.725,-1.9062,-5.9736
-7.3053,-12.831,-0.14361,9.4963,0.62677,-4.706,1.5725,-6.4222,-6.3512,-6.7534,-2.192,-5.9471
-7.7219,-12.492,1.1588,9.4519,-0.2572,-4.0101,1.9337,-6.2434,-6.202,-6.5861,-2.2866,-5.8416
-7.9926,-11.936,2.5751,9.2528,-1.0362,-3.1872,2.4439,-6.0029,-5.9683,-6.2226,-2.1936,-5.6585
-8.1447,-11.2,4.1652,8.9462,-1.7107,-2.24,3.1349,-5.6968,-5.6431,-5.6807,-1.9447,-5.4047
-8.207,-10.317,6.0153,8.5727,-2.3009,-1.1455,4.0559,-5.3129,-5.2165,-4.9934,-1.5895,-5.0911
-8.2002,-9.2958,8.1902,8.1522,-2.8365,0.14939,5.2899,-4.8348,-4.677,-4.1977,-1.179,-4.7279
-8.1348,-8.1293,10.701,7.6852,-3.3472,1.7065,6.9537,-4.2472,-4.0107,-3.3244,-0.75174,-4.3194
-8.0124,-6.8084,13.512,7.1627,-3.8554,3.5867,9.1404,-3.5374,-3.2027,-2.3938,-0.32741,-3.8611
-7.8319,-5.3286,16.546,6.575,-4.3752,5.8648,11.796,-2.6925,-2.24,-1.4181,0.089329,-3.342
-7.5951,-3.6934,19.706,5.9186,-4.9114,8.6015,14.667,-1.6942,-1.1175,-0.40732,0.49992,-2.7524
-7.3106,-1.9261,22.934,5.2009,-5.4578,11.795,17.465,-0.51119,0.15726,0.62577,0.90387,-2.0924
-6.9934,-0.080882,26.234,4.4397,-5.9955,15.363,20.041,0.90431,1.5666,1.6651,1.2975,-1.3731
-6.6595,1.7641,29.633,3.657,-6.4946,19.125,22.38,2.616,3.0913,2.6951,1.6807,-0.60716
-6.32,3.5372,33.128,2.8669,-6.9238,22.824,24.512,4.6915,4.7208,3.7057,2.0671,0.20796
-5.9762,5.208,36.649,2.0659,-7.261,26.207,26.449,7.173,6.4548,4.6941,2.4893,1.0995
-5.6201,6.7995,40.039,1.2298,-7.4975,29.124,28.168,10.031,8.294,5.6612,2.9916,2.1149
-5.2357,8.3709,43.091,0.31974,-7.6343,31.569,29.622,13.12,10.223,6.6045,3.6133,3.3017
-4.8021,9.9923,45.617,-0.70784,-7.6751,33.623,30.753,16.185,12.197,7.5135,4.3684,4.6806
-4.2966,11.732,47.459,-1.8873,-7.6209,35.354,31.532,18.93,14.132,8.3704,5.2333,6.2245
-3.6993,13.644,48.481,-3.2274,-7.4666,36.769,32.077,21.123,15.918,9.1538,6.1473,7.8564
-3.0005,15.726,48.607,-4.6956,-7.2021,37.824,32.777,22.654,17.444,9.8413,7.0263,9.4718
-2.2095,17.821,47.894,-6.2073,-6.816,38.47,34.062,23.535,18.619,10.41,7.7825,10.97
-1.3616,19.583,46.535,-7.6226,-6.3014,38.714,35.606,23.852,19.396,10.838,8.3438,12.28
-0.51514,20.596,44.79,-8.7645,-5.6631,38.628,36.235,23.703,19.768,11.107,8.6677,13.363
0.26463,20.588,42.903,-9.4779,-4.9214,38.298,35.165,23.156,19.765,11.206,8.7451,14.211
0.92955,19.586,41.082,-9.7059,-4.1127,37.76,32.204,22.229,19.431,11.128,8.5926,14.836
1.4641,17.986,39.49,-9.5246,-3.2837,37.003,27.25,20.9,18.81,10.863,8.2387,15.253
1.8815,16.425,38.211,-9.1065,-2.4827,36.071,20.382,19.159,17.924,10.394,7.709,15.474
2.2062,15.363,37.225,-8.6394,-1.7512,35.048,12.202,17.037,16.779,9.6983,7.0207,15.49
2.4588,14.783,36.408,-8.2492,-1.1175,33.897,3.8633,14.62,15.377,8.7578,6.187,15.278
2.6467,14.334,35.577,-7.9567,-0.59377,32.394,-3.2419,12.014,13.72,7.5669,5.2241,14.804
2.7573,13.63,34.544,-7.6724,-0.17819,30.253,-7.9956,9.2923,11.812,6.1383,4.156,14.037
2.7547,12.442,33.158,-7.2393,0.13913,27.306,-10.204,6.4714,9.6552,4.4979,3.0086,12.964
2.5887,10.748,31.325,-6.5148,0.36962,23.667,-10.697,3.5402,7.2517,2.672,1.7972,11.601
2.2165,8.6607,29.019,-5.4316,0.52314,19.702,-10.528,0.50883,4.6158,0.67328,0.51266,9.9896
1.6212,6.3097,26.296,-4.0007,0.60822,15.826,-10.398,-2.5681,1.7826,-1.5071,-0.88313,8.186
0.81592,3.784,23.276,-2.2804,0.63321,12.276,-10.771,-5.6309,-1.1819,-3.8942,-2.4477,6.2431
-0.16535,1.1196,20.103,-0.34765,0.6059,9.066,-11.928,-8.6862,-4.1827,-6.5136,-4.2366,4.1986
-1.2815,-1.68,16.909,1.7159,0.53172,6.0936,-13.708,-11.836,-7.1188,-9.3775,-6.2803,2.0754
-2.4956,-4.599,13.809,3.8281,0.41272,3.2538,-15.602,-15.232,-9.9266,-12.48,-8.5732,-0.098661
-3.7821,-7.5816,10.94,5.9164,0.24925,0.51309,-17.267,-18.993,-12.613,-15.801,-11.08,-2.2681
-5.1368,-10.586,8.5023,7.963,0.041689,-2.0987,-18.677,-23.136,-15.259,-19.322,-13.755,-4.3585
-6.6024,-13.701,6.666,10.088,-0.21235,-4.5935,-19.919,-27.584,-17.996,-23.034,-16.557,-6.3178
-8.3089,-17.116,5.3973,12.608,-0.52501,-7.0142,-21.033,-32.226,-20.985,-26.95,-19.461,-8.1523
-10.49,-20.832,4.5071,15.938,-0.92131,-9.3233,-22.011,-36.968,-24.4,-31.093,-22.461,-9.9274
-13.379,-24.503,3.8259,20.181,-1.4325,-11.532,-22.841,-41.721,-28.385,-35.478,-25.577,-11.75
-16.938,-27.847,3.2684,24.733,-2.0828,-13.852,-23.529,-46.352,-32.964,-40.067,-28.84,-13.76
-20.765,-31.086,2.8142,28.85,-2.8808,-16.695,-24.071,-50.676,-37.926,-44.732,-32.28,-16.141
-24.449,-34.913,2.4766,32.394,-3.8193,-20.374,-24.451,-54.529,-42.819,-49.259,-35.883,-19.098
-27.881,-40.11,2.2752,35.636,-4.8773,-24.418,-24.661,-57.857,-47.168,-53.414,-39.568,-22.783
-31.18,-46.892,2.2129,38.851,-6.0203,-27.978,-24.723,-60.737,-50.746,-57.042,-43.199,-27.14
-34.502,-54.515,2.2614,42.181,-7.2006,-30.83,-24.678,-63.316,-53.625,-60.119,-46.64,-31.821
-37.943,-61.875,2.3618,45.637,-8.3634,-33.195,-24.573,-65.741,-56.015,-62.738,-49.815,-36.337
-41.511,-68.355,2.4387,49.151,-9.4579,-35.357,-24.431,-68.114,-58.125,-65.044,-52.734,-40.349
-45.152,-73.943,2.4213,52.678,-10.449,-37.594,-24.239,-70.483,-60.107,-67.185,-55.465,-43.787
-48.813,-78.947,2.2621,56.3,-11.329,-40.163,-23.968,-72.842,-62.057,-69.276,-58.088,-46.756
-52.48,-83.711,1.9466,60.259,-12.118,-43.198,-23.601,-75.153,-64.026,-71.396,-60.657,-49.395
-56.185,-88.382,1.4924,64.835,-12.865,-46.583,-23.153,-77.375,-66.033,-73.595,-63.185,-51.798
-59.95,-92.773,0.94398,70.034,-13.636,-49.981,-22.659,-79.49,-68.081,-75.912,-65.647,-53.994
-63.684,-96.563,0.36293,75.34,-14.501,-53.064,-22.152,-81.522,-70.162,-78.386,-67.996,-55.964
-67.149,-99.641,-0.18883,80.02,-15.497,-55.674,-21.651,-83.518,-72.263,-81.065,-70.188,-57.686
-70.1,-102.14,-0.66534,83.704,-16.575,-57.808,-21.162,-85.527,-74.362,-84.002,-72.197,-59.158
-72.456,-104.26,-1.0443,86.497,-17.589,-59.539,-20.673,-87.562,-76.422,-87.23,-74.016,-60.411
-74.304,-106.14,-1.3264,88.671,-18.379,-60.946,-20.156,-89.591,-78.387,-90.732,-75.652,-61.498
-75.803,-107.88,-1.5303,90.449,-18.874,-62.089,-19.566,-91.534,-80.195,-94.411,-77.107,-62.468
-77.102,-109.53,-1.6828,91.967,-19.119,-63.029,-18.849,-93.282,-81.783,-98.089,-78.373,-63.35
-78.298,-111.09,-1.8039,93.306,-19.232,-63.838,-17.941,-94.707,-83.101,-101.55,-79.437,-64.148
-79.441,-112.56,-1.8943,94.523,-19.384,-64.605,-16.76,-95.683,-84.115,-104.6,-80.304,-64.857
-80.551,-113.92,-1.9309,95.651,-19.797,-65.422,-15.2,-96.078,-84.803,-107.17,-81.032,-65.498
-81.637,-115.14,-1.8748,96.706,-20.742,-66.352,-13.198,-95.745,-85.148,-109.29,-81.761,-66.141
-82.724,-116.21,-1.6981,97.695,-22.349,-67.429,-10.96,-94.515,-85.139,-111.11,-82.702,-66.92
-83.866,-117.11,-1.3709,98.654,-23.655,-68.72,-9.2531,-92.298,-84.76,-112.85,-84.025,-67.988
-85.076,-117.86,-0.4155,99.646,-22.522,-70.171,-9.9586,-89.487,-84.002,-114.72,-85.492,-69.347
-86.41,-118.49,1.6408,100.68,-21.705,-71.102,-10.608,-87.524,-82.876,-116.82,-85.658,-70.365
-88.031,-119.02,1.9466,101.64,-21.393,-71.19,-10.259,-87.557,-81.456,-119.08,-82.437,-70.167
-88.923,-119.48,1.8551,102.3,-21.128,-70.921,-9.6198,-87.952,-79.933,-121.29,-78.517,-69.054
-88.798,-119.88,1.7032,102.59,-21.454,-70.258,-8.21,-87.418,-78.687,-123.1,-77.289,-67.916
-88.734,-120.24,2.0126,102.72,-23.013,-68.775,-5.2576,-85.73,-78.207,-124.21,-79.3,-68.481
-90.269,-120.58,4.0355,103.04,-26.902,-66.227,0.41784,-81.545,-78.162,-124.34,-84.05,-71.845
-95.656,-120.96,9.6948,104.23,-34.861,-62.778,10.383,-72.919,-75.748,-122.98,-90.596,-78.244
-107.67,-121.42,20.888,107.77,-48.482,-57.297,26.27,-58.35,-68.699,-118.34,-99.895,-89.724
-127.52,-121.83,39.378,116.76,-67.865,-47.959,49.555,-37.263,-58.556,-112.2,-118.2,-110.21
-151.28,-121.38,64.128,130.59,-90.524,-35.864,79.721,-10.153,-47.427,-118.47,-151.79,-141.29
-174.43,-118.1,87.228,142.24,-113.45,-23.074,113.06,22.449,-36.191,-131.06,-197.6,-180.69
-192.99,-112.54,105.7,150.4,-132.76,-12.01,146.58,60.794,-24.259,-147.61,-248.28,-224.47
-203.39,-110.39,117.39,154.09,-144.79,-4.7586,176.88,105.6,-10.262,-164.08,-298.44,-267.52
-203.38,-108.13,120.41,152.57,-147.25,-2.4447,201.71,158.78,8.9836,-174.07,-341.55,-303.31
-191.64,-104.9,113.6,145,-138.62,-5.3355,219.78,226.13,40.699,-170.32,-368.32,-324.8
-166.73,-99.991,95.662,130.11,-117.46,-13.048,230.87,315.01,92.157,-145.77,-368.76,-325.35
-126.16,-92.109,64.462,106.02,-81.755,-25.537,235.56,430.77,163.7,-93.929,-333.47,-298.96
-66.255,-80.267,16.913,70.332,-28.197,-43.686,233.82,573.85,259.69,-8.4157,-254.17,-239.93
16.872,-63.527,-49.625,20.599,46.515,-68.569,223.69,737.19,382.53,117.26,-123.74,-142.8
125.25,-40.402,-135.09,-44.939,143.47,-99.623,201.22,905.92,530.17,286.56,63.415,-2.8276
256.96,-8.1789,-234.62,-126.68,259.4,-133.15,161.6,1059.8,696.48,502.37,310.61,183.73
405.18,37.475,-337.1,-223.43,385.33,-161.43,100.77,1175.9,872.87,765.23,617.58,418.4
558.79,101.97,-426.03,-332.4,507.33,-173.53,17.247,1231.1,1050.4,1070.8,977.48,696.5
704.43,189.83,-483.54,-449.24,609.34,-158.32,-86.689,1209.8,1219.5,1408.3,1375.1,1007.1
829.4,301.63,-496.37,-567.89,677.9,-108.88,-204.63,1110.8,1370.8,1759.6,1788.3,1333.4
924.45,431.61,-461.14,-680.79,706.79,-26.38,-326.54,947.4,1496.1,2100.4,2189.8,1654.3
985.39,567.18,-386.35,-779.43,698.79,78.699,-440.34,744.33,1589.1,2402.4,2549.9,1946.2
1012.7,691.15,-289.68,-855.39,663.44,188.9,-534.15,531.37,1645.2,2637.7,2840.4,2186.1
1009.7,785.89,-191.89,-901.39,612.69,285.02,-598.74,334.84,1660.1,2782.8,3037.3,2354.2
979.64,837.98,-109.73,-912.49,556.54,351.93,-629.33,170.75,1629.2,2821.4,3123.2,2436.1
924.68,841.5,-51.244,-886.81,499.97,382.71,-625.96,41.882,1547.2,2746.2,3088.3,2423.8
845.55,798.55,-15.069,-825.8,442.54,379.1,-592.85,-60.711,1408.6,2557.8,2930.4,2316.2
742.9,717.37,6.3775,-733.91,380.72,349.08,-536.82,-152.39,1210.4,2265.1,2655.8,2119.3
619.19,609.58,22.234,-618.18,311.11,303.05,-465.88,-247.16,956.16,1884.9,2280.9,1846.5
480.31,487.49,38.926,-487.66,233.27,250.36,-388.37,-350.96,660.05,1444.1,1833.7,1519.2
336.21,361.84,57.393,-352.7,151.91,196.75,-312.58,-459.26,348.2,980.93,1354.8,1166.7
199.74,240.75,72.893,-223.71,76.371,143.83,-245.42,-558.77,55.861,542.43,893.49,823.55
83.71,130.16,78.49,-110.07,16.285,91.121,-191.13,-632.47,-180.88,176.71,499.55,524.23
-2.7355,35.224,70.239,-18.962,-22.106,39.251,-152.06,-667.1,-335.86,-79.583,210.67,294.92
-56.656,-39.288,49.819,45.679,-38.324,-8.4129,-128.15,-657.83,-401.14,-213.05,42.042,147.23
-81.494,-90.273,23.542,83.92,-37.312,-46.978,-116.32,-608.42,-388.35,-237.63,-17.732,76.43
-85.008,-117.94,-0.94658,99.667,-26.901,-72.745,-111.29,-529.5,-322.91,-187.06,-0.28635,64.608
-76.256,-126.13,-17.151,99.342,-14.766,-85.072,-106.81,-434.62,-234.48,-100.55,55.729,87.593
-63.107,-121.07,-24.206,89.992,-5.3036,-86.289,-98.294,-335.95,-147.88,-11.207,116.79,122.2
-50.965,-109.3,-23.489,77.652,0.19666,-80.304,-84.811,-242.57,-77.221,48.383,161.27,151.34
-42.536,-96.105,-16.984,66.4,1.5169,-71.067,-68.706,-160.66,-23.339,75.237,180.39,165.97
-38.326,-84.685,-7.8026,58.207,-4.4148,-61.573,-54.005,-94.068,7.3796,79.596,175.15,164.41
-39.414,-76.254,0.40793,53.364,-8.4533,-53.484,-56.205,-44.66,20.622,69.297,152.02,150.15
-46.803,-71.782,3.8098,52.511,-10.27,-47.281,-53.34,-14.181,24.83,51.096,110.9,128.06
-51.164,-75.168,2.4612,56.441,-11.229,-42.871,-47.552,-1.3449,23.034,33.225,67.682,98.579
-53.581,-75.646,2.6566,59.55,-11.778,-40.204,-42.466,-0.25259,17.644,14.569,46.334,73.867
-55.436,-76.571,3.4348,62.08,-12.46,-39.383,-37.57,-4.4758,10.089,-5.6065,25.842,53.31
-57.469,-80.28,4.1221,65.28,-13.521,-40.196,-32.267,-9.3228,1.2568,-5.3485,10.619,35.103
-60.09,-86.568,4.4365,69.493,-14.971,-42.773,-26.615,-12.124,-14.177,-4.2178,1.564,22.622
-63.334,-93.427,4.3525,74.415,-16.734,-47.893,-21.284,-11.667,-13.847,-5.185,-6.7454,13.397
-66.903,-98.788,4.0313,79.273,-18.697,-54.672,-16.967,-7.9217,-13.942,-7.558,-14.093,5.0155
-70.477,-102.66,3.6079,83.476,-20.762,-60.366,-13.761,-5.165,-14.652,-10.512,-17.559,-1.8516
-73.829,-105.8,3.1418,86.936,-22.879,-64.273,-11.218,-3.3844,-15.615,-13.518,-18.781,-5.9998
-76.832,-108.62,2.6806,89.812,-24.982,-67.138,-9.2011,-1.999,-16.65,-16.179,-22.578,-7.4319
-79.466,-111.16,2.2909,92.268,-26.945,-69.318,-7.5836,-0.83716,-17.66,-18.2,-27.37,-9.3143
-81.769,-113.37,2.0413,94.412,-28.649,-70.787,-6.1369,0.24121,-18.558,-19.435,-31.667,-11.646
-83.773,-115.22,1.9676,96.301,-30.053,-71.497,-4.7954,1.3343,-19.252,-19.871,-35.004,-13.412
-85.478,-116.69,2.0501,97.949,-31.175,-71.563,-3.6893,2.4839,-19.652,-19.615,-37.331,-14.711
-86.871,-117.82,2.2225,99.334,-32.055,-71.269,-2.9022,3.6853,-19.7,-18.848,-38.821,-15.683
-87.956,-118.66,2.4029,100.43,-32.725,-70.931,-2.3799,4.9077,-19.38,-17.775,-39.729,-16.39
-88.765,-119.27,2.5231,101.23,-33.202,-70.743,-2.0411,6.1104,-18.739,-16.568,-40.277,-16.888
-89.354,-119.72,2.5375,101.79,-33.5,-70.798,-1.8401,7.26,-17.874,-15.346,-40.611,-17.25
-89.79,-120.07,2.4214,102.17,-33.637,-71.14,-1.757,8.3511,-16.918,-14.175,-40.789,-17.541
-90.138,-120.37,2.172,102.44,-33.649,-71.738,-1.7731,9.4201,-15.991,-13.073,-40.802,-17.79
-90.445,-120.68,1.8121,102.68,-33.583,-72.544,-1.855,10.546,-15.165,-12.024,-40.605,-17.972
-90.741,-121.03,1.384,102.94,-33.482,-73.529,-1.9535,11.84,-14.445,-10.986,-40.133,-18.008
-91.036,-121.44,0.93165,103.27,-33.36,-74.673,-2.0138,13.423,-13.789,-9.9098,-39.33,-17.807
-91.337,-121.94,0.48195,103.71,-33.188,-75.929,-1.9947,15.41,-13.138,-8.7459,-38.162,-17.333
-91.657,-122.51,0.042837,104.29,-32.887,-77.211,-1.8857,17.888,-12.446,-7.459,-36.64,-16.623
-92.024,-123.14,-0.38466,105.06,-32.318,-78.421,-1.708,20.89,-11.691,-6.0268,-34.819,-15.774
-92.472,-123.8,-0.79619,106.02,-31.274,-79.483,-1.4988,24.374,-10.866,-4.4377,-32.786,-14.885
-92.968,-124.44,-1.1841,107.11,-29.5,-80.343,-1.2855,28.202,-9.9654,-2.6889,-30.634,-14.018
-93.201,-124.94,-1.5425,107.93,-26.896,-80.932,-1.067,32.171,-8.9657,-0.78231,-28.437,-13.196
-92.439,-125.02,-1.8702,107.63,-23.809,-81.101,-0.8098,36.094,-7.8284,1.2814,-26.242,-12.412
-90.041,-124.2,-2.1733,105.42,-20.827,-80.588,-0.45626,39.893,-6.5078,3.5115,-24.065,-11.647
-86.018,-121.99,-2.4665,101.28,-18.221,-79.153,0.060929,43.624,-4.9577,5.9328,-21.91,-10.869
-80.69,-118.21,-2.7745,95.717,-15.922,-76.861,0.81329,47.456,-3.1331,8.5884,-19.776,-10.045
-74.301,-113.01,-3.1294,89.254,-13.769,-74.101,1.8916,51.594,-0.98843,11.542,-17.659,-9.1301
-66.956,-106.67,-3.5629,82.231,-11.606,-71.284,3.4401,56.202,1.5212,14.885,-15.547,-8.0693
-58.616,-99.572,-4.0945,74.748,-9.2273,-68.61,5.6685,61.309,4.4364,18.73,-13.409,-6.7937
-49.165,-92.076,-4.7206,66.677,-6.2993,-66.07,8.7141,66.784,7.7897,23.181,-11.207,-5.2205
-38.657,-84.205,-5.4077,57.757,-2.4129,-63.511,12.336,72.434,11.603,28.294,-8.8998,-3.2624
-27.53,-75.625,-6.0955,47.903,2.6593,-60.704,15.954,78.128,15.88,34.04,-6.456,-0.84796
-16.301,-65.946,-6.7117,37.533,8.7959,-57.387,19.169,83.829,20.605,40.337,-3.8522,2.0519
-5.2107,-55.283,-7.2004,27.154,15.49,-53.248,21.962,89.534,25.725,47.092,-1.0703,5.4009
5.4141,-44.637,-7.5461,16.793,21.978,-48.101,24.502,95.228,31.151,54.217,1.9078,9.0945
15.177,-34.75,-7.7756,6.5571,27.752,-42.602,26.944,100.89,36.816,61.596,5.1061,13
24.28,-25.559,-7.9369,-3.1773,32.888,-37.858,29.318,106.51,42.758,69.05,8.5623,17.054
33.55,-17.001,-8.0714,-12.191,37.819,-34.075,31.51,112.12,49.056,76.349,12.345,21.377
43.585,-8.7113,-8.1977,-20.598,42.855,-30.759,33.384,117.74,55.563,83.288,16.58,26.301
54.192,0.059254,-8.3106,-29.119,47.898,-27.169,34.913,123.39,61.892,89.762,21.469,32.157
64.896,9.7226,-8.3951,-38.936,52.668,-22.595,36.166,129.01,67.743,95.795,27.244,38.829
75.474,20.1,-8.4467,-50.601,57.049,-16.694,37.208,134.55,73.092,101.49,34.027,45.604
85.534,31.031,-8.4882,-63.207,61.083,-9.6467,38.071,139.96,78.078,106.97,41.67,51.793
94.379,42.457,-8.5759,-75.06,64.863,-2.041,38.78,145.23,82.878,112.32,49.757,57.333
101.75,53.097,-8.7955,-84.675,68.481,4.9419,39.387,150.38,87.637,117.57,57.838,62.609
107.97,61.194,-9.2543,-91.55,72.007,9.6208,39.965,155.47,92.422,122.69,65.64,68.002
113.46,66.672,-10.073,-96.442,75.474,11.319,40.578,160.55,97.208,127.63,73.102,73.653
118.52,70.358,-11.37,-100.35,78.879,11.269,41.253,165.65,101.9,132.34,80.295,79.482
123.3,72.969,-13.205,-103.82,82.186,10.722,41.952,170.78,106.41,136.8,87.345,85.303
127.89,75.008,-15.515,-107.04,85.341,10.161,42.586,175.92,110.7,141,94.389,90.943
132.37,76.816,-18.111,-110.14,88.317,9.6298,43.049,181.06,114.82,145.02,101.53,96.303
136.84,78.651,-20.802,-113.36,91.136,9.0402,43.27,186.18,118.86,148.94,108.83,101.38
141.53,80.67,-23.471,-117.05,93.878,8.4678,43.208,191.3,122.93,152.88,116.28,106.25
146.56,82.779,-26.057,-121.14,96.657,8.0548,42.828,196.43,127.12,156.95,123.81,111.03
151.58,84.678,-28.522,-124.78,99.579,7.7116,42.086,201.63,131.51,161.22,131.37,115.82
155.96,86.156,-30.864,-127.4,102.69,7.2067,40.971,206.95,136.13,165.76,138.93,120.72
159.45,87.207,-33.122,-129.16,105.94,6.4258,39.55,212.48,141,170.56,146.5,125.78
162.23,87.912,-35.356,-130.41,109.24,5.4091,37.95,218.32,146.1,175.61,154.09,130.98
164.57,88.352,-37.609,-131.39,112.47,4.2946,36.3,224.51,151.42,180.89,161.76,136.27
166.71,88.611,-39.866,-132.26,115.56,3.246,34.694,231.1,156.92,186.35,169.54,141.58
168.77,88.792,-42.054,-133.15,118.4,2.3727,33.197,238.08,162.55,191.95,177.45,146.86
170.84,89.02,-44.065,-134.16,120.9,1.7162,31.838,245.46,168.28,197.67,185.53,152.09
172.94,89.402,-45.823,-135.35,123.05,1.2807,30.598,253.22,174.08,203.54,193.79,157.3
175.07,89.988,-47.313,-136.72,124.88,1.0467,29.408,261.34,179.96,209.61,202.26,162.54
177.23,90.763,-48.598,-138.25,126.47,0.9703,28.177,269.8,185.99,215.92,210.95,167.89
179.48,91.675,-49.808,-139.9,127.96,0.98705,26.835,278.62,192.25,222.54,219.93,173.47
181.94,92.675,-51.116,-141.69,129.58,1.0268,25.341,287.8,198.81,229.53,229.27,179.4
184.8,93.746,-52.679,-143.68,131.59,1.0325,23.681,297.4,205.75,236.97,239.05,185.78
188.23,94.906,-54.569,-145.93,134.23,0.9743,21.863,307.45,213.12,244.88,249.31,192.67
192.22,96.192,-56.714,-148.48,137.49,0.85176,19.916,317.95,220.91,253.29,260.08,200.07
196.4,97.646,-58.932,-151.26,140.87,0.68475,17.884,328.84,229.09,262.21,271.33,207.91
200.2,99.299,-61.07,-154.11,143.67,0.49934,15.807,340.08,237.62,271.65,282.99,216.03
203.42,101.17,-63.091,-156.91,145.78,0.31529,13.71,351.6,246.45,281.64,294.98,224.3
206.47,103.27,-65.073,-159.69,147.7,0.13857,11.592,363.38,255.55,292.19,307.24,232.61
209.91,105.57,-67.162,-162.64,150.04,-0.039713,9.4501,375.46,264.96,303.35,319.78,240.96
214.09,108.02,-69.535,-165.92,153.14,-0.23693,7.3138,387.88,274.83,315.16,332.65,249.42
219.22,110.56,-72.373,-169.66,157.19,-0.46537,5.2778,400.72,285.38,327.7,345.99,258.17
225.39,113.18,-75.787,-173.94,162.34,-0.71699,3.4656,414.03,296.82,341,359.99,267.42
232.55,115.93,-79.73,-178.77,168.47,-0.95715,1.939,427.82,309.26,355.05,374.82,277.33
240.4,118.89,-83.93,-184.14,175.09,-1.134,0.65608,442.08,322.6,369.78,390.59,288
248.41,122.17,-87.975,-189.9,181.5,-1.1989,-0.48561,456.82,336.55,385.07,407.32,299.4
256.12,125.81,-91.555,-195.8,187.29,-1.1256,-1.6043,472.03,350.73,400.84,424.94,311.47
263.34,129.81,-94.612,-201.59,192.52,-0.91998,-2.8349,487.66,364.89,417.1,443.36,324.11
270.16,134.08,-97.313,-207.16,197.44,-0.61527,-4.3515,503.59,378.96,433.93,462.55,337.28
276.74,138.5,-99.943,-212.57,202.2,-0.25747,-6.363,519.64,393.07,451.45,482.51,350.97
283.26,143,-102.81,-217.93,206.85,0.111,-9.0167,535.59,407.43,469.74,503.29,365.25
290.03,147.55,-106.19,-223.46,211.56,0.46101,-12.197,551.23,422.23,488.84,524.92,380.17
297.38,152.19,-110.24,-229.34,216.61,0.77727,-15.5,566.4,437.59,508.7,547.39,395.73
305.54,156.97,-114.87,-235.69,222.18,1.0557,-18.637,581.05,453.53,529.2,570.63,411.86
314.43,161.91,-119.76,-242.51,228.2,1.3041,-21.71,595.29,469.91,550.14,594.49,428.48
323.76,167,-124.5,-249.64,234.46,1.5405,-24.932,609.27,486.48,571.33,618.8,445.57
333.11,172.2,-128.85,-256.92,240.7,1.7836,-28.325,623.08,502.91,592.6,643.37,463.18
342.29,177.47,-132.71,-264.21,246.79,2.0383,-31.773,636.59,518.9,613.88,668.08,481.33
351.31,182.74,-136.18,-271.5,252.83,2.2886,-35.215,649.66,534.3,635.19,692.87,499.9
360.34,187.99,-139.48,-278.82,259.05,2.4998,-38.711,662.27,549.16,656.52,717.78,518.66
369.58,193.17,-142.92,-286.2,265.63,2.6317,-42.356,674.72,563.71,677.8,742.84,537.46
379.17,198.26,-146.86,-293.66,272.67,2.6596,-46.189,687.5,578.19,698.92,768.11,556.22
389.13,203.24,-151.56,-301.15,280.19,2.5891,-50.146,700.99,592.69,719.83,793.65,575.01
399.38,208.08,-156.95,-308.53,288.14,2.4562,-54.09,715.05,607.01,740.59,819.45,593.9
409.69,212.75,-162.61,-315.6,296.41,2.3173,-57.905,728.97,621.06,761.45,845.35,613.02
419.63,217.24,-168.01,-322.2,304.61,2.2345,-61.625,741.87,634.84,782.6,870.9,632.33
428.69,221.53,-172.79,-328.21,312.12,2.2631,-65.42,753.04,648.09,803.89,895.62,651.61
436.48,225.59,-176.87,-333.6,318.37,2.4436,-69.431,762.13,660.45,825.06,919.18,670.47
442.95,229.43,-180.3,-338.43,323.23,2.7968,-73.628,769.15,671.99,845.9,941.53,688.59
448.4,233.01,-183.29,-342.84,326.99,3.3214,-77.843,774.29,682.96,866.08,962.78,705.79
453.25,236.33,-186,-346.94,330.17,4.001,-81.905,777.9,693.54,885.26,983.27,721.9
457.94,239.36,-188.49,-350.86,333.27,4.8211,-85.75,780.28,703.72,903.41,1003.5,736.76
462.73,242.12,-190.65,-354.69,336.59,5.7871,-89.407,781.58,713.35,920.53,1024.1,750.24
467.63,244.63,-192.39,-358.42,340.05,6.9307,-92.942,781.71,722.06,936.37,1044.9,762.53
472.27,246.92,-193.74,-361.96,343.22,8.2903,-96.41,780.34,729.44,950.44,1064.9,774.08
476.15,249.04,-194.73,-365.14,345.67,9.8718,-99.839,777.04,735.17,962.35,1083.1,785.16
479.04,251.03,-195.3,-367.8,347.24,11.633,-103.24,771.43,739.09,972.04,1098.5,795.43
481,252.87,-195.33,-369.89,348.03,13.521,-106.63,763.28,741.14,979.66,1111,804.41
482.13,254.57,-194.76,-371.42,348.13,15.492,-110.04,752.68,741.1,985.34,1120.6,811.96
482.48,256.13,-193.57,-372.44,347.58,17.494,-113.55,739.95,738.71,988.96,1127.2,818.01
482.04,257.55,-191.77,-372.98,346.39,19.461,-117.21,725.27,733.79,990.17,1130.6,822.34
480.81,258.79,-189.38,-373.08,344.56,21.326,-120.97,708.55,726.48,988.52,1130.7,824.56
478.85,259.74,-186.42,-372.73,342.07,23.047,-124.54,689.61,717.11,983.64,1127.3,824.32
476.12,260.23,-182.96,-371.83,338.82,24.601,-127.43,668.54,705.98,975.34,1120.2,821.43
472.42,260.06,-179.11,-370.12,334.63,25.987,-129.36,645.62,693.16,963.46,1109.3,815.73
467.45,259.1,-174.91,-367.37,329.41,27.208,-130.4,621.34,678.35,947.86,1094,807.02
460.96,257.24,-170.36,-363.39,323.18,28.261,-130.72,596.21,661.06,928.33,1074,795.18
452.78,254.42,-165.4,-358.03,316.02,29.127,-130.46,570.62,641.01,904.75,1049.2,780.24
442.82,250.58,-159.94,-351.2,308.03,29.78,-129.72,544.71,618.59,877.33,1020,762.49
431.16,245.67,-153.9,-342.86,299.23,30.19,-128.52,518.5,594.65,846.65,987.47,742.34
417.99,239.68,-147.23,-333.13,289.68,30.351,-126.83,491.87,570.02,813.59,953.08,720.14
403.56,232.74,-139.93,-322.23,279.36,30.297,-124.58,464.75,545.13,779.14,918.05,696.07
388.08,225.04,-132.03,-310.45,268.21,30.09,-121.64,437.22,520.11,744.13,882.79,670.06
371.76,216.8,-123.57,-298.07,256.26,29.78,-117.86,409.57,495.08,709.1,846.93,641.98
354.8,208.24,-114.75,-285.29,243.63,29.374,-113.18,382.15,470.08,674.21,809.71,611.91
337.35,199.5,-105.87,-272.22,230.46,28.837,-107.73,355.27,445.04,639.33,770.53,580.25
319.58,190.61,-97.199,-258.89,216.95,28.11,-101.79,329.11,419.8,604.16,729.36,547.67
301.68,181.48,-88.871,-245.34,203.36,27.123,-95.667,303.73,394.27,568.46,686.82,514.79
283.81,171.96,-80.919,-231.63,189.91,25.815,-89.576,279.11,368.4,532.24,643.79,481.89
266,161.88,-73.365,-217.74,176.73,24.16,-83.612,255.22,342.2,495.77,601.06,449.06
248.12,151.17,-66.207,-203.61,163.83,22.195,-77.792,232.11,315.84,459.46,559.14,416.5
230.04,139.93,-59.37,-189.17,151.13,20.034,-72.108,210,289.79,423.89,518.4,384.61
211.79,128.5,-52.722,-174.5,138.64,17.828,-66.538,189.25,264.59,389.64,479.07,353.81
193.63,117.32,-46.185,-159.9,126.45,15.708,-61.042,170.21,240.72,357.17,441.29,324.39
176.02,106.77,-39.878,-145.78,114.76,13.741,-55.61,153.09,218.49,326.69,405.13,296.4
159.49,97.074,-34.055,-132.53,103.84,11.926,-50.295,137.86,198.01,298.14,370.66,269.76
144.39,88.257,-28.904,-120.34,93.832,10.218,-45.129,124.33,179.23,271.28,337.93,244.3
130.78,80.143,-24.462,-109.18,84.711,8.5609,-40.09,112.21,161.99,245.92,307.04,219.92
118.46,72.44,-20.682,-98.893,76.371,6.9207,-35.15,101.16,146.06,221.92,278.05,196.65
107.22,64.843,-17.489,-89.318,68.711,5.3211,-30.356,90.8,131.29,199.33,251.07,174.64
96.894,57.424,-14.757,-80.378,61.673,3.8335,-25.807,80.857,117.62,178.34,226.21,154.11
87.454,50.884,-12.251,-72.112,55.244,2.5171,-21.605,71.274,105.05,159.18,203.61,135.24
78.902,45.375,-9.7948,-64.566,49.408,1.3804,-17.805,62.255,93.647,141.97,183.28,118.18
71.113,40.373,-7.6042,-57.655,44.109,0.39334,-14.37,54.104,83.359,126.61,165.12,102.97
63.853,35.59,-5.9199,-51.254,39.302,-0.48797,-11.174,47.032,74.067,112.74,148.94,89.421
56.929,30.955,-4.6805,-45.484,34.986,-1.3071,-8.1637,41.122,65.62,99.852,134.35,76.827
50.272,26.371,-3.7509,-40.61,31.152,-2.1,-5.4692,36.322,57.898,87.34,120.74,64.451
43.965,21.69,-3.048,-36.648,27.757,-2.8927,-3.2478,32.407,50.874,74.924,107.58,53.173
38.267,16.904,-2.5326,-33.341,24.755,-3.6985,-1.5314,28.97,44.758,63.028,95.252,43.581
33.563,12.303,-2.184,-30.339,22.142,-4.5179,-0.22978,25.559,40.033,52.361,84.386,35.105
30.139,8.3229,-1.985,-27.277,19.982,-5.3396,0.79641,22.014,36.787,43.355,74.93,27.422
27.897,5.1961,-1.9146,-23.799,18.358,-6.1445,1.6636,18.558,34.229,36.119,66.587,20.785
26.33,2.8535,-1.9467,-19.742,17.227,-6.9125,2.4351,15.474,31.504,30.479,59.201,15.917
24.84,1.1035,-2.0516,-15.52,16.336,-7.6277,3.1298,12.878,28.399,26.064,52.759,13.247
23.065,-0.22797,-2.2014,-11.958,15.399,-8.2825,3.7459,10.744,25.16,22.532,47.313,11.572
21.003,-1.2659,-2.3754,-9.4392,14.308,-8.8777,4.2811,8.9952,22.115,19.654,42.836,9.7429
18.901,-2.0966,-2.563,-7.7411,13.154,-9.4223,4.742,7.5438,19.474,17.302,39.123,7.6023
16.999,-2.7794,-2.7615,-6.5249,12.089,-9.9286,5.1382,6.3112,17.286,15.377,35.929,5.3702
15.41,-3.353,-2.9684,-5.5826,11.216,-10.406,5.4682,5.2329,15.498,13.788,33.093,3.2613
14.146,-3.8424,-3.1744,-4.8202,10.557,-10.854,5.7125,4.2625,14.017,12.447,30.545,1.3946
13.164,-4.262,-3.3623,-4.1955,10.082,-11.261,5.8453,3.3753,12.759,11.279,28.268,-0.18795
12.407,-4.622,-3.5131,-3.6818,9.7376,-11.614,5.8556,2.569,11.673,10.23,26.251,-1.485
11.811,-4.9284,-3.6129,-3.2575,9.473,-11.899,5.7618,1.8575,10.746,9.2734,24.478,-2.5115
11.327,-5.184,-3.6563,-2.9054,9.2461,-12.111,5.6068,1.2601,9.9812,8.4074,22.934,-3.2908
10.91,-5.3892,-3.6444,-2.6122,9.0133,-12.251,5.441,0.78808,9.3781,7.6465,21.599,-3.8539
10.519,-5.5432,-3.5823,-2.3684,8.7224,-12.317,5.3027,0.43713,8.9181,7.0073,20.441,-4.2384
10.114,-5.6433,-3.4827,-2.1677,8.3293,-12.31,5.207,0.18442,8.5649,6.4976,19.419,-4.486
9.6771,-5.6848,-3.372,-2.0096,7.8328,-12.222,5.1431,-0.0054059,8.2766,6.1215,18.492,-4.6352
9.218,-5.6603,-3.2868,-1.9001,7.2904,-12.047,5.0832,-0.16811,8.0227,5.8757,17.631,-4.7151
8.7748,-5.5615,-3.2526,-1.8505,6.786,-11.779,5.0001,-0.32657,7.7946,5.7485,16.824,-4.7404
8.3912,-5.3807,-3.2607,-1.8717,6.3765,-11.411,4.8856,-0.48344,7.6049,5.7194,16.079,-4.712
8.0937,-5.1147,-3.2645,-1.967,6.0648,-10.94,4.7574,-0.62315,7.4806,5.76,15.409,-4.6212
7.8799,-4.7679,-3.1964,-2.1265,5.8133,-10.363,4.6514,-0.72114,7.443,5.8378,14.84,-4.4575
7.7257,-4.3535,-2.9937,-2.3261,5.5715,-9.6822,4.6047,-0.75457,7.5083,5.9212,14.389,-4.2147
7.5954,-3.8916,-2.6186,-2.536,5.2994,-8.9068,4.6424,-0.70964,7.6818,5.9846,14.074,-3.8948
7.4659,-3.4021,-2.0686,-2.7364,4.9789,-8.0534,4.7735,-0.5836,7.9612,6.0155,13.915,-3.5078
7.3419,-2.8981,-1.3773,-2.9241,4.6206,-7.1479,4.9905,-0.38309,8.3339,6.011,13.931,-3.0668
7.2552,-2.3821,-0.60668,-3.1171,4.2568,-6.2262,5.2718,-0.11731,8.7816,5.9797,14.145,-2.5831
7.2477,-1.8497,0.16644,-3.3442,3.9301,-5.3317,5.5849,0.20587,9.2815,5.9483,14.573,-2.0591
7.3495,-1.2973,0.86554,-3.6283,3.6792,-4.5096,5.8962,0.58279,9.8087,5.9466,15.224,-1.4899
7.5635,-0.72984,1.4286,-3.9739,3.5281,-3.801,6.1824,1.0136,10.341,6.0034,16.082,-0.86796
7.8609,-0.16631,1.8178,-4.3618,3.479,-3.2347,6.4327,1.4987,10.868,6.1399,17.112,-0.18765
8.1857,0.36143,2.023,-4.7497,3.5128,-2.8213,6.6416,2.0353,11.391,6.3658,18.261,0.55176
8.4681,0.81261,2.0615,-5.0807,3.5949,-2.5522,6.8008,2.6137,11.92,6.6848,19.475,1.3447
8.6459,1.149,1.97,-5.3,3.6882,-2.4037,6.8985,3.2172,12.461,7.0866,20.706,2.1787
8.6882,1.3495,1.7909,-5.3772,3.7657,-2.3447,6.9236,3.8229,13.012,7.5488,21.914,3.0359
8.6071,1.4198,1.5571,-5.3198,3.8176,-2.3445,6.869,4.4041,13.554,8.039,23.072,3.8956
8.4478,1.3889,1.2856,-5.1679,3.8503,-2.378,6.7319,4.9356,14.061,8.5207,24.157,4.7415
8.263,1.2968,0.98315,-4.9713,3.8772,-2.429,6.5145,5.3984,14.498,8.962,25.158,5.5691
8.0868,1.1806,0.66089,-4.7686,3.9076,-2.4894,6.2274,5.7835,14.837,9.3446,26.079,6.3876
7.9228,1.0665,0.34257,-4.5772,3.9386,-2.5568,5.8903,6.0904,15.066,9.6684,26.941,7.2139
7.7484,0.96654,0.061102,-4.3965,3.9517,-2.6289,5.5286,6.3225,15.186,9.9473,27.778,8.0586
7.5323,0.8811,-0.14958,-4.2162,3.9167,-2.6999,5.1632,6.4835,15.212,10.199,28.619,8.913
7.255,0.80344,-0.26076,-4.0269,3.8027,-2.7562,4.7987,6.5759,15.155,10.436,29.477,9.7466
6.9188,0.72645,-0.25327,-3.826,3.5917,-2.7771,4.4188,6.602,15.016,10.66,30.343,10.517
6.5504,0.64806,-0.11992,-3.6187,3.2869,-2.7383,3.9966,6.5675,14.789,10.865,31.184,11.188
6.181,0.57328,0.13428,-3.4122,2.91,-2.6176,3.5135,6.4828,14.473,11.044,31.947,11.743
5.8305,0.51249,0.49269,-3.215,2.4934,-2.4001,2.9733,6.3644,14.076,11.195,32.566,12.188
5.5025,0.47743,0.92648,-3.0333,2.0719,-2.0849,2.4001,6.2331,13.62,11.318,32.979,12.548
5.1932,0.47765,1.3936,-2.8727,1.6812,-1.6919,1.8234,6.1093,13.135,11.418,33.142,12.847
4.9043,0.51918,1.8404,-2.7417,1.3554,-1.2607,1.2656,6.0056,12.645,11.496,33.052,13.105
4.6513,0.60488,2.2091,-2.6531,1.1229,-0.84266,0.73703,5.921,12.166,11.55,32.747,13.323
4.4612,0.7354,2.4502,-2.623,0.99891,-0.48816,0.2389,5.8407,11.701,11.569,32.299,13.496
4.363,0.9103,2.5356,-2.6664,0.98046,-0.23194,-0.23159,5.7449,11.249,11.539,31.788,13.617
4.3761,1.1297,2.4673,-2.7918,1.0486,-0.082829,-0.67692,5.6207,10.807,11.447,31.283,13.691
4.5007,1.3954,2.2783,-2.9977,1.1746,-0.020463,-1.0961,5.4703,10.38,11.293,30.835,13.742
4.7175,1.7106,2.0243,-3.2731,1.3276,-0.00097191,-1.4808,5.3092,9.9797,11.095,30.473,13.808
4.9966,2.078,1.7671,-3.6023,1.4819,0.029756,-1.8145,5.1574,9.6247,10.886,30.201,13.921
5.3125,2.4996,1.5578,-3.9743,1.6221,0.11974,-2.0796,5.03,9.3286,10.708,29.999,14.099
5.6575,2.9779,1.4249,-4.3887,1.7443,0.29834,-2.2732,4.9327,9.0921,10.596,29.824,14.329
6.0347,3.5151,1.3734,-4.8529,1.8531,0.57248,-2.4122,4.8618,8.8986,10.563,29.619,14.575
6.4479,4.1098,1.392,-5.3716,1.9537,0.93151,-2.522,4.8098,8.7169,10.6,29.328,14.794
6.8879,4.7508,1.4652,-5.9349,2.0455,1.356,-2.6193,4.7653,8.5091,10.673,28.911,14.944
7.3262,5.4126,1.5833,-6.5116,2.1195,1.8245,-2.7052,4.719,8.242,10.737,28.353,15.006
7.7198,6.0565,1.7464,-7.0542,2.1606,2.3145,-2.7674,4.6652,7.8958,10.75,27.661,14.976
8.0249,6.6362,1.9598,-7.5082,2.1535,2.8027,-2.7877,4.6016,7.4685,10.685,26.857,14.866
8.2123,7.1114,2.2264,-7.8345,2.0898,3.2699,-2.7483,4.5264,6.9753,10.537,25.973,14.696
8.279,7.4626,2.5402,-8.0255,1.9732,3.7059,-2.6383,4.4364,6.4438,10.317,25.046,14.484
8.2477,7.6966,2.8848,-8.1054,1.8211,4.106,-2.459,4.3264,5.9057,10.047,24.112,14.239
8.1553,7.8363,3.2327,-8.1136,1.6588,4.4618,-2.2261,4.1913,5.3896,9.7467,23.201,13.962
8.0361,7.9006,3.5475,-8.0821,1.513,4.7523,-1.9673,4.029,4.9133,9.4271,22.327,13.646
7.9083,7.8906,3.7882,-8.0207,1.4059,4.9451,-1.7147,3.8439,4.4814,9.0903,21.483,13.289
7.7695,7.7893,3.9168,-7.915,1.3503,5.0055,-1.4935,3.6467,4.0859,8.732,20.644,12.892
7.6012,7.5724,3.9091,-7.7372,1.3478,4.9094,-1.3135,3.4522,3.711,8.3473,19.773,12.458
7.3809,7.2208,3.7622,-7.4619,1.3885,4.6537,-1.1692,3.2748,3.3397,7.9345,18.835,11.985
7.0923,6.7328,3.4943,-7.0812,1.4541,4.2583,-1.0474,3.1243,2.9586,7.497,17.807,11.461
6.7327,6.1291,3.1369,-6.6096,1.5243,3.7592,-0.93598,3.0044,2.5616,7.0421,16.676,10.866
6.3153,5.448,2.7212,-6.0774,1.5855,3.195,-0.82945,2.9132,2.1525,6.5782,15.441,10.177
5.8662,4.7334,2.2673,-5.5178,1.6372,2.5935,-0.72966,2.8452,1.7383,6.1153,14.114,9.3839
5.4155,4.0217,1.7833,-4.9555,1.6905,1.9692,-0.64431,2.7921,1.3292,5.6582,12.718,8.4895
4.984,3.3361,1.2741,-4.4014,1.7575,1.3306,-0.58486,2.7437,0.93474,5.2094,11.285,7.5119
4.5794,2.6884,0.75362,-3.8555,1.839,0.69172,-0.56317,2.6881,0.55942,4.7712,9.8499,6.4796
4.1952,2.0862,0.25201,-3.3148,1.9194,0.080513,-0.586,2.6124,0.20125,4.3499,8.44,5.4284
3.8175,1.538,-0.18593,-2.7822,1.9703,-0.46129,-0.64928,2.5091,-0.14663,3.9603,7.0747,4.3964
3.4332,1.0538,-0.50953,-2.2675,1.9597,-0.88684,-0.73639,2.3773,-0.49056,3.6277,5.7662,3.4165
3.0344,0.64286,-0.67533,-1.7829,1.8628,-1.1566,-0.82211,2.2229,-0.83155,3.383,4.5234,2.51
2.6207,0.31156,-0.65988,-1.3392,1.6693,-1.2493,-0.8805,2.0547,-1.1655,3.2507,3.3533,1.6831
2.198,0.061599,-0.46778,-0.94201,1.3868,-1.1688,-0.89374,1.8797,-1.4885,3.2364,2.2571,0.92977
1.7771,-0.11203,-0.13215,-0.59181,1.0386,-0.94512,-0.85811,1.7,-1.8016,3.3231,1.2272,0.23777
1.3699,-0.22191,0.29275,-0.2855,0.65774,-0.62857,-0.78472,1.5135,-2.1112,3.4789,0.24824,-0.4041
0.98556,-0.28785,0.74416,-0.016626,0.28053,-0.27922,-0.69493,1.3154,-2.4246,3.6697,-0.69875,-1.0034
0.62631,-0.33484,1.1643,0.22534,-0.061264,0.045954,-0.61272,1.0998,-2.7451,3.8696,-1.6313,-1.566
0.28703,-0.38948,1.5108,0.4548,-0.3471,0.30453,-0.55666,0.86158,-3.0706,4.0644,-2.5607,-2.0988
-0.042632,-0.47396,1.7629,0.68697,-0.57207,0.47591,-0.53406,0.59807,-3.3955,4.2492,-3.4885,-2.609
-0.37402,-0.60102,1.9205,0.93335,-0.74699,0.5615,-0.53929,0.31037,-3.7146,4.4235,-4.406,-3.0996
-0.71467,-0.77348,1.9991,1.1986,-0.89215,0.57635,-0.55747,0.0030257,-4.0256,4.5861,-5.2952,-3.5651
-1.0645,-0.98802,2.02,1.481,-1.0254,0.53636,-0.57241,-0.31918,-4.3307,4.7327,-6.1374,-3.9932
-1.4153,-1.2396,1.9982,1.7748,-1.1518,0.44891,-0.57508,-0.65491,-4.6352,4.8571,-6.9133,-4.3689
-1.7538,-1.5235,1.9323,2.074,-1.2622,0.30982,-0.56771,-1.0073,-4.9466,4.9545,-7.6115,-4.684
-2.0684,-1.8343,1.8072,2.3734,-1.3419,0.10725,-0.56117,-1.3807,-5.2658,5.0216,-8.2309,-4.9399
-2.3555,-2.1663,1.6075,2.6711,-1.3823,-0.1685,-0.56781,-1.7751,-5.5851,5.0607,-8.7816,-5.1457
-2.6201,-2.5134,1.3338,2.9674,-1.3864,-0.51414,-0.59456,-2.1826,-5.8875,5.0749,-9.2827,-5.3121
-2.8723,-2.8682,1.0067,3.2624,-1.3682,-0.90986,-0.63925,-2.5877,-6.1505,5.0658,-9.7579,-5.4469
-3.119,-3.22,0.66251,3.5524,-1.3461,-1.3232,-0.69146,-2.972,-6.3539,5.0325,-10.231,-5.5531
-3.3598,-3.5528,0.34387,3.8276,-1.3353,-1.7163,-0.73655,-3.3213,-6.4885,4.9716,-10.72,-5.6288
-3.5862,-3.8473,0.090448,4.0733,-1.3449,-2.0534,-0.76084,-3.6315,-6.5657,4.8759,-11.24,-5.6709
-3.7884,-4.0863,-0.068971,4.276,-1.3776,-2.3076,-0.75622,-3.9105,-6.6243,4.7332,-11.797,-5.6795
-3.9618,-4.2604,-0.12148,4.4288,-1.4339,-2.4653,-0.7228,-4.1755,-6.732,4.5279,-12.39,-5.6609
-4.1102,-4.3705,-0.071835,4.5345,-1.5131,-2.528,-0.66895,-4.445,-6.9747,4.2464,-13.017,-5.6285
-4.2433,-4.4263,0.058546,4.603,-1.6121,-2.5107,-0.60835,-4.7293,-7.4354,3.8854,-13.67,-5.5985
-4.3697,-4.4421,0.2346,4.6469,-1.7221,-2.4384,-0.55494,-5.0253,-8.1751,3.4577,-14.344,-5.5833
-4.491,-4.4328,0.41474,4.676,-1.828,-2.3391,-0.51809,-5.3165,-9.233,2.9941,-15.034,-5.5856
-4.6011,-4.4099,0.56104,4.6943,-1.9114,-2.2366,-0.50012,-5.5787,-10.634,2.5364,-15.736,-5.5967
-4.6902,-4.38,0.6492,4.7005,-1.9584,-2.1451,-0.49694,-5.7902,-12.345,2.1247,-16.448,-5.6003
-4.752,-4.345,0.67344,4.6917,-1.966,-2.0682,-0.50117,-5.9414,-14.201,1.7838,-17.163,-5.5814
-4.7876,-4.3051,0.64579,4.6677,-1.9449,-2.0034,-0.50618,-6.0392,-15.931,1.5149,-17.879,-5.5347
-4.8054,-4.2626,0.58903,4.6334,-1.9142,-1.9476,-0.50866,-6.1036,-17.332,1.298,-18.596,-5.4687
-4.8157,-4.2228,0.52568,4.5976,-1.892,-1.9017,-0.50901,-6.158,-18.383,1.1013,-19.317,-5.4027
-4.8263,-4.1927,0.46802,4.5698,-1.8876,-1.8717,-0.50935,-6.2187,-19.194,0.8922,-20.045,-5.3585
-4.8391,-4.1777,0.41422,4.5559,-1.8992,-1.8651,-0.51096,-6.2894,-19.883,0.64626,-20.777,-5.3512
-4.8513,-4.1796,0.35125,4.5575,-1.9169,-1.8877,-0.5123,-6.3631,-20.486,0.34954,-21.498,-5.3856
-4.857,-4.1964,0.26222,4.5714,-1.9272,-1.941,-0.50856,-6.4294,-20.954,-0.0014529,-22.182,-5.4575
-4.8507,-4.2239,0.13416,4.5927,-1.9185,-2.0215,-0.49242,-6.4818,-21.195,-0.39983,-22.802,-5.5586
-4.8305,-4.2587,-0.036166,4.618,-1.885,-2.1217,-0.45587,-6.5206,-21.142,-0.83381,-23.34,-5.6812
-4.7996,-4.2988,-0.23958,4.6468,-1.8297,-2.2306,-0.3924,-6.5517,-20.802,-1.2904,-23.789,-5.8216
-4.7665,-4.3435,-0.4556,4.682,-1.7644,-2.334,-0.29903,-6.5827,-20.261,-1.7605,-24.163,-5.9796
-4.743,-4.3897,-0.65648,4.7269,-1.7071,-2.4151,-0.17764,-6.6173,-19.639,-2.2415,-24.486,-6.1564
-4.7396,-4.43,-0.81438,4.7827,-1.6771,-2.4565,-0.034954,-6.6528,-19.008,-2.7354,-24.794,-6.3495
-4.7622,-4.4541,-0.91056,4.8471,-1.6883,-2.4458,0.11866,-6.6796,-18.325,-3.2431,-25.116,-6.5502
-4.8075,-4.4544,-0.94356,4.9142,-1.7421,-2.382,0.27156,-6.685,-17.462,-3.7602,-25.469,-6.7457
-4.8637,-4.4306,-0.93118,4.9766,-1.8249,-2.28,0.41318,-6.6596,-16.333,-4.2777,-25.842,-6.9231
-4.9142,-4.3912,-0.90233,5.0281,-1.9116,-2.1676,0.53556,-6.6019,-15.005,-4.7886,-26.2,-7.0747
-4.944,-4.3519,-0.88377,5.0662,-1.9744,-2.0766,0.63363,-6.5202,-13.65,-5.2961,-26.493,-7.1998
-4.945,-4.3294,-0.89004,5.0928,-1.993,-2.0321,0.70493,-6.4304,-12.413,-5.8166,-26.68,-7.3036
-4.9177,-4.3365,-0.92232,5.1136,-1.962,-2.0444,0.7493,-6.3508,-11.352,-6.3757,-26.746,-7.3933
-4.8697,-4.3777,-0.97432,5.1348,-1.8922,-2.1073,0.76842,-6.2964,-10.478,-6.9989,-26.712,-7.474
-4.8124,-4.4495,-1.0396,5.1606,-1.8042,-2.2033,0.76545,-6.2749,-9.792,-7.7023,-26.625,-7.5461
-4.7577,-4.5428,-1.1141,5.1923,-1.7167,-2.3145,0.74507,-6.2849,-9.2891,-8.4864,-26.543,-7.6063
-4.7158,-4.6476,-1.1962,5.2287,-1.6374,-2.432,0.71329,-6.3179,-8.9454,-9.3357,-26.518,-7.6504
-4.695,-4.7577,-1.2916,5.2695,-1.5615,-2.5623,0.67668,-6.3614,-8.7165,-10.226,-26.593,-7.6759
-4.6992,-4.8745,-1.4242,5.3171,-1.4755,-2.7276,0.64135,-6.4031,-8.5515,-11.132,-26.798,-7.6832
-4.7248,-5.0065,-1.6387,5.3759,-1.3617,-2.9571,0.61178,-6.4343,-8.4127,-12.035,-27.155,-7.6745
-4.7595,-5.1643,-1.9796,5.4487,-1.204,-3.2712,0.58993,-6.4518,-8.286,-12.922,-27.667,-7.653
-4.7852,-5.3521,-2.4585,5.5324,-0.99501,-3.6662,0.57497,-6.458,-8.1802,-13.778,-28.315,-7.6227
-4.786,-5.5622,-3.0353,5.6174,-0.74243,-4.1076,0.56368,-6.4606,-8.1168,-14.59,-29.05,-7.5887
-4.7569,-5.776,-3.6269,5.6922,-0.47403,-4.5363,0.55091,-6.4699,-8.1162,-15.347,-29.805,-7.5565
-4.708,-5.9702,-4.1348,5.7489,-0.23405,-4.8845,0.53027,-6.4962,-8.1856,-16.039,-30.508,-7.5301
-4.6591,-6.1246,-4.4775,5.7859,-0.069132,-5.096,0.49528,-6.5457,-8.3134,-16.664,-31.098,-7.5112
-4.6273,-6.227,-4.6142,5.8057,-0.008525,-5.146,0.44117,-6.6197,-8.4716,-17.219,-31.541,-7.4985
-4.6157,-6.273,-4.5579,5.8099,-0.050117,-5.0509,0.36668,-6.7145,-8.6249,-17.696,-31.833,-7.4893
-4.6115,-6.2661,-4.37,5.7969,-0.16042,-4.8635,0.27392,-6.8231,-8.7411,-18.092,-32,-7.4801
-4.5921,-6.214,-4.1408,5.7612,-0.28735,-4.6529,0.16732,-6.9379,-8.8003,-18.419,-32.091,-7.4686
-4.5354,-6.1253,-3.9591,5.697,-0.37863,-4.4781,0.051818,-7.0527,-8.7984,-18.706,-32.168,-7.4546
-4.4296,-6.0052,-3.8847,5.5997,-0.39762,-4.3678,-0.067537,-7.1635,-8.7463,-18.989,-32.282,-7.4409
-4.2785,-5.8544,-3.9336,5.4712,-0.33172,-4.3156,-0.18468,-7.2686,-8.6653,-19.293,-32.462,-7.4336
-4.0996,-5.6724,-4.079,5.3192,-0.19393,-4.2887,-0.29119,-7.3664,-8.5786,-19.622,-32.699,-7.4402
-3.9175,-5.4609,-4.2643,5.1552,-0.017456,-4.2456,-0.37558,-7.4545,-8.5029,-19.94,-32.952,-7.4669
-3.7517,-5.2263,-4.4278,4.9901,0.15811,-4.1529,-0.42468,-7.5289,-8.4414,-20.203,-33.154,-7.515
-3.6068,-4.9765,-4.5277,4.8283,0.30428,-3.9962,-0.42733,-7.5856,-8.3848,-20.362,-33.218,-7.5781
-3.4704,-4.7176,-4.5542,4.6658,0.41415,-3.7843,-0.37888,-7.6222,-8.3167,-20.39,-33.078,-7.6435
-3.3207,-4.4508,-4.5247,4.4925,0.49928,-3.5437,-0.28422,-7.6403,-8.2228,-20.273,-32.695,-7.6977
-3.1414,-4.1747,-4.4674,4.2996,0.57798,-3.3071,-0.15789,-7.6468,-8.098,-20.025,-32.07,-7.7322
-2.9355,-3.8909,-4.4034,4.0874,0.65904,-3.1004,-0.020901,-7.6538,-7.9494,-19.675,-31.256,-7.7531
-2.73,-3.6092,-4.3379,3.8698,0.73693,-2.9338,0.10465,-7.6761,-7.7897,-19.284,-30.355,-7.7784
-2.5681,-3.3488,-4.2637,3.6738,0.79503,-2.8011,0.20179,-7.7267,-7.6401,-18.915,-29.475,-7.8312
-2.4946,-3.1342,-4.1703,3.5309,0.8151,-2.6848,0.26272,-7.8112,-7.5162,-18.613,-28.687,-7.9279
-2.5324,-2.985,-4.0497,3.4626,0.78532,-2.5634,0.28778,-7.9253,-7.4224,-18.388,-28.041,-8.074
-2.6716,-2.9061,-3.8966,3.4692,0.70755,-2.4177,0.27919,-8.0568,-7.3519,-18.214,-27.542,-8.2546
-2.8771,-2.884,-3.7095,3.5319,0.59511,-2.2348,0.23452,-8.1859,-7.293,-18.042,-27.165,-8.4485
-3.1078,-2.8953,-3.4905,3.6213,0.46336,-2.0124,0.14483,-8.3012,-7.2369,-17.823,-26.868,-8.6326
-3.3352,-2.9185,-3.2446,3.7134,0.32353,-1.7603,-0.0014242,-8.398,-7.1808,-17.524,-26.604,-8.7897
-3.5523,-2.9423,-2.9778,3.7967,0.17783,-1.4992,-0.21144,-8.4782,-7.129,-17.152,-26.331,-8.9132
-3.7712,-2.9675,-2.6967,3.8753,0.019881,-1.255,-0.48341,-8.5477,-7.0894,-16.713,-26.006,-9.0066
-4.0112,-3.0023,-2.4107,3.9615,-0.15899,-1.0517,-0.804,-8.6117,-7.076,-16.238,-25.595,-9.0783
-4.2844,-3.0539,-2.1356,4.066,-0.36117,-0.90423,-1.1503,-8.6704,-7.0872,-15.765,-25.071,-9.1332
-4.5867,-3.1223,-1.8919,4.1886,-0.57649,-0.8148,-1.4929,-8.7173,-7.1193,-15.312,-24.436,-9.1677
-4.8916,-3.1974,-1.699,4.3156,-0.78209,-0.77165,-1.8006,-8.7395,-7.1609,-14.884,-23.693,-9.1691
-5.1596,-3.2622,-1.5654,4.425,-0.95101,-0.75153,-2.0473,-8.7278,-7.2011,-14.486,-22.86,-9.1245
-5.3586,-3.2998,-1.4843,4.4967,-1.0608,-0.72551,-2.2203,-8.6696,-7.2257,-14.117,-21.963,-9.0233
-5.4761,-3.3029,-1.434,4.5221,-1.1058,-0.66721,-2.3243,-8.5545,-7.2286,-13.779,-21.047,-8.8671
-5.5243,-3.2779,-1.3851,4.5103,-1.0996,-0.5609,-2.3778,-8.3886,-7.2134,-13.473,-20.148,-8.6716
-5.5326,-3.2427,-1.3111,4.4812,-1.0688,-0.40661,-2.4015,-8.1841,-7.1898,-13.204,-19.288,-8.4576
-5.5326,-3.2176,-1.1993,4.4549,-1.0403,-0.21984,-2.4068,-7.9535,-7.1669,-12.97,-18.487,-8.2475
-5.5412,-3.2122,-1.0568,4.4423,-1.0269,-0.026053,-2.3907,-7.704,-7.1453,-12.759,-17.73,-8.052
-5.5526,-3.2204,-0.91039,4.4376,-1.0223,0.14727,-2.3381,-7.4371,-7.1172,-12.535,-16.968,-7.8621
-5.5442,-3.2237,-0.79726,4.424,-1.0061,0.27755,-2.232,-7.1516,-7.0624,-12.259,-16.155,-7.657
-5.4922,-3.2028,-0.75228,4.3825,-0.95588,0.35078,-2.067,-6.8531,-6.9602,-11.903,-15.265,-7.4167
-5.3852,-3.1489,-0.79601,4.3048,-0.85884,0.36155,-1.8578,-6.5495,-6.7987,-11.472,-14.299,-7.1317
-5.2336,-3.07,-0.92911,4.1985,-0.71974,0.31138,-1.6341,-6.2552,-6.5796,-11.002,-13.285,-6.814
-5.0629,-2.9883,-1.1335,4.0841,-0.55756,0.20758,-1.4276,-5.99,-6.3166,-10.55,-12.27,-6.4895
-4.908,-2.9317,-1.3785,3.988,-0.39526,0.063227,-1.2613,-5.7672,-6.0304,-10.172,-11.302,-6.1922
-4.7929,-2.9212,-1.6292,3.9307,-0.25213,-0.10367,-1.1438,-5.5907,-5.7441,-9.9067,-10.413,-5.9507
-4.7248,-2.9625,-1.8561,3.9192,-0.13787,-0.27303,-1.0708,-5.4534,-5.4797,-9.7531,-9.6216,-5.7782
-4.6941,-3.0456,-2.0422,3.9453,-0.051326,-0.42724,-1.0286,-5.34,-5.2564,-9.6947,-8.9272,-5.6694
-4.6841,-3.1535,-2.1847,3.9941,0.015716,-0.55587,-1.0024,-5.2343,-5.0838,-9.6869,-8.321,-5.6068
-4.6819,-3.273,-2.2913,4.0528,0.071698,-0.65854,-0.98235,-5.1261,-4.9719,-9.673,-7.7895,-5.5715
-4.6858,-3.4013,-2.3732,4.1205,0.11904,-0.74412,-0.96818,-5.0152,-4.918,-9.6122,-7.3102,-5.5524
-4.7083,-3.5443,-2.4392,4.205,0.15213,-0.82654,-0.96905,-4.9098,-4.9112,-9.4806,-6.8687,-5.5501
-4.7686,-3.7105,-2.4931,4.317,0.16132,-0.91921,-0.999,-4.8184,-4.9324,-9.2727,-6.454,-5.5725
-4.8786,-3.9022,-2.5346,4.4612,0.13722,-1.0304,-1.0702,-4.7507,-4.9648,-8.9988,-6.061,-5.6336
-5.0359,-4.1127,-2.5626,4.6317,0.077003,-1.1613,-1.1867,-4.7137,-4.9919,-8.6789,-5.6892,-5.7428
-5.2244,-4.3278,-2.5779,4.8135,-0.013943,-1.3069,-1.3408,-4.7034,-5.0006,-8.3362,-5.3388,-5.9001
-5.4222,-4.5332,-2.5827,4.9906,-0.12463,-1.4599,-1.5142,-4.7111,-4.9852,-7.9914,-5.0146,-6.0968
-5.6129,-4.7218,-2.5809,5.1538,-0.24379,-1.6139,-1.6819,-4.7273,-4.9507,-7.6609,-4.7024,-6.3145
-5.7931,-4.898,-2.576,5.3041,-0.36458,-1.7663,-1.8208,-4.745,-4.9148,-7.3577,-4.3932,-6.532
-5.9704,-5.0755,-2.5701,5.4521,-0.48612,-1.9183,-1.9165,-4.7613,-4.9031,-7.0926,-4.0782,-6.7357
-6.1599,-5.2691,-2.5626,5.6106,-0.61142,-2.0713,-1.9662,-4.7763,-4.9415,-6.8739,-3.7514,-6.9206
-6.3715,-5.4838,-2.5496,5.7872,-0.74386,-2.222,-1.9766,-4.7881,-5.0462,-6.705,-3.4104,-7.0894
-6.6054,-5.7078,-2.5248,5.9777,-0.88453,-2.3591,-1.9589,-4.7965,-5.2183,-6.5805,-3.0546,-7.2467
-6.8506,-5.9156,-2.4817,6.1668,-1.032,-2.4656,-1.9213,-4.7989,-5.4454,-6.4851,-2.6826,-7.3949
-7.0915,-6.0776,-2.4168,6.3365,-1.1835,-2.5245,-1.8645,-4.7918,-5.708,-6.3975,-2.2938,-7.531
-7.3112,-6.1718,-2.3315,6.4708,-1.3377,-2.526,-1.7819,-4.773,-5.9876,-6.2977,-1.8914,-7.6478
-7.4992,-6.191,-2.229,6.5622,-1.4963,-2.4714,-1.6663,-4.7449,-6.2702,-6.1738,-1.4869,-7.7369
-7.6532,-6.1421,-2.1081,6.6124,-1.6651,-2.3699,-1.5159,-4.7151,-6.5454,-6.0251,-1.0991,-7.7915
-7.7789,-6.0407,-1.9586,6.6311,-1.855,-2.2315,-1.3353,-4.6942,-6.8034,-5.8592,-0.74643,-7.8089
-7.8877,-5.9024,-1.7613,6.631,-2.08,-2.0593,-1.1324,-4.6906,-7.0309,-5.6864,-0.43779,-7.7909
-7.9915,-5.7342,-1.4927,6.6229,-2.3547,-1.8444,-0.91324,-4.7062,-7.2106,-5.5137,-0.16656,-7.7436
-8.0979,-5.5293,-1.1315,6.6079,-2.6892,-1.5646,-0.68185,-4.7336,-7.3228,-5.3422,0.087089,-7.6745
-8.2017,-5.2659,-0.66351,6.5767,-3.0858,-1.1875,-0.44176,-4.7583,-7.351,-5.1668,0.3483,-7.5901
-8.2876,-4.9142,-0.086134,6.5115,-3.5375,-0.67835,-0.19832,-4.7632,-7.2894,-4.9786,0.63947,-7.4932
-8.3373,-4.4453,0.59121,6.3937,-4.0298,-0.0065992,0.044023,-4.733,-7.1474,-4.7661,0.97639,-7.3814
-8.3372,-3.8396,1.3527,6.2115,-4.5457,0.85226,0.28812,-4.6562,-6.9474,-4.5172,1.3689,-7.2483
-8.2822,-3.0884,2.1874,5.962,-5.0696,1.9233,0.54825,-4.5236,-6.7138,-4.218,1.8233,-7.0846
-8.1753,-2.1899,3.0999,5.6497,-5.5886,3.2367,0.85027,-4.3258,-6.4591,-3.8513,2.3434,-6.8809
-8.0237,-1.1395,4.1138,5.2797,-6.0926,4.816,1.2311,-4.0499,-6.1725,-3.3964,2.9305,-6.6305
-7.8355,0.078778,5.2683,4.8524,-6.577,6.6636,1.74,-3.6797,-5.8184,-2.831,3.5811,-6.3315
-7.6184,1.4977,6.6257,4.3585,-7.0461,8.7795,2.4423,-3.1961,-5.3446,-2.1382,4.286,-5.9884
-7.3781,3.1662,8.3027,3.7839,-7.5172,11.181,3.4355,-2.5776,-4.6966,-1.3144,5.0316,-5.6109
-7.1193,5.1476,10.496,3.1121,-8.0173,13.874,4.8834,-1.7992,-3.83,-0.37362,5.8054,-5.2096
-6.8453,7.526,13.401,2.3258,-8.5746,16.823,7.0316,-0.83105,-2.7185,0.65513,6.6014,-4.7908
-6.5555,10.409,16.897,1.4064,-9.2072,19.986,10.034,0.3629,-1.355,1.7359,7.4225,-4.3522
-6.2445,13.916,20.383,0.32985,-9.9114,23.372,13.586,1.8217,0.25413,2.8357,8.2787,-3.8825
-5.9032,18.095,23.399,-0.93079,-10.652,26.999,17.062,3.5818,2.099,3.9318,9.1843,-3.366
-5.5227,22.797,26.017,-2.4044,-11.366,30.773,20.132,5.6703,4.1783,5.0146,10.155,-2.7888
-5.094,27.674,28.5,-4.1203,-11.978,34.498,22.854,8.1062,6.5057,6.0877,11.207,-2.1431
-4.6093,32.387,31.047,-6.1098,-12.436,38.011,25.411,10.908,9.1094,7.1644,12.355,-1.4276
-4.0551,36.781,33.778,-8.4091,-12.723,41.27,27.938,14.101,12.024,8.2623,13.612,-0.64382
-3.408,40.871,36.735,-11.059,-12.845,44.332,30.455,17.699,15.285,9.3942,14.985,0.20909
-2.6303,44.748,39.855,-14.095,-12.826,47.288,32.88,21.655,18.886,10.56,16.479,1.1384
-1.675,48.496,42.955,-17.529,-12.697,50.214,35.097,25.832,22.749,11.744,18.096,2.1583
-0.49153,52.138,45.767,-21.29,-12.476,53.127,37.042,30.016,26.706,12.913,19.842,3.285
0.96465,55.624,48.019,-25.193,-12.149,55.951,38.765,33.978,30.542,14.035,21.718,4.5263
2.72,58.864,49.519,-28.978,-11.669,58.474,40.421,37.529,34.071,15.07,23.704,5.869
4.7703,61.795,50.179,-32.446,-10.987,60.46,42.109,40.531,37.179,15.981,25.739,7.2736
7.0695,64.408,50.011,-35.535,-10.084,61.809,43.612,42.905,39.82,16.739,27.705,8.6798
9.5306,66.728,49.094,-38.29,-8.985,62.568,44.431,44.616,41.991,17.324,29.454,10.026
12.045,68.81,47.571,-40.793,-7.7443,62.86,44.195,45.671,43.731,17.727,30.86,11.271
14.511,70.739,45.655,-43.127,-6.4319,62.857,42.874,46.116,45.124,17.95,31.868,12.402
16.858,72.643,43.619,-45.385,-5.1157,62.776,40.44,46.01,46.24,18.007,32.507,13.425
19.043,74.642,41.74,-47.665,-3.8577,62.841,36.628,45.364,47.036,17.912,32.851,14.349
21.036,76.728,40.203,-50.04,-2.7153,63.17,31.112,44.08,47.328,17.674,32.952,15.163
22.797,78.725,39.042,-52.488,-1.736,63.688,23.871,41.991,46.892,17.293,32.824,15.833
24.274,80.377,38.163,-54.803,-0.94408,64.19,15.386,39.009,45.557,16.761,32.455,16.31
25.41,81.445,37.422,-56.585,-0.32998,64.469,6.5648,35.244,43.251,16.075,31.843,16.557
26.164,81.73,36.675,-57.423,0.14216,64.374,-1.4789,30.984,40.033,15.237,31.019,16.561
26.522,81.056,35.796,-57.113,0.51487,63.772,-7.5931,26.556,36.13,14.258,30.038,16.339
26.499,79.276,34.655,-55.717,0.82198,62.502,-10.85,22.192,31.887,13.147,28.953,15.917
26.118,76.305,33.11,-53.446,1.0855,60.395,-11.102,17.962,27.628,11.906,27.79,15.324
25.391,72.15,31.079,-50.529,1.3195,57.452,-9.3414,13.802,23.512,10.531,26.544,14.587
24.324,66.933,28.658,-47.146,1.5319,53.936,-7.2625,9.6256,19.527,9.0165,25.19,13.721
22.918,60.971,26.036,-43.427,1.7224,50.142,-6.1458,5.4511,15.601,7.3626,23.699,12.718
21.193,54.816,23.274,-39.489,1.8815,46.164,-6.1289,1.4326,11.717,5.5873,22.05,11.552
19.195,49.02,20.263,-35.451,1.9986,41.968,-6.7492,-2.2392,7.9579,3.7237,20.247,10.195
17.007,43.774,16.857,-31.4,2.0774,37.532,-7.5982,-5.4709,4.4821,1.8212,18.324,8.6394
14.743,38.954,13.072,-27.353,2.1404,32.915,-8.3778,-8.3,1.4378,-0.070596,16.332,6.9124
12.514,34.373,9.2482,-23.28,2.2147,28.289,-8.8774,-10.838,-1.1089,-1.9167,14.327,5.0788
10.397,29.864,5.9397,-19.186,2.3094,23.911,-9.0357,-13.219,-3.1918,-3.7073,12.349,3.2245
8.4147,25.263,3.4642,-15.178,2.4049,19.979,-8.9316,-15.586,-4.9127,-5.4602,10.412,1.4251
6.5488,20.47,1.7329,-11.427,2.4574,16.528,-8.6944,-18.106,-6.3992,-7.2133,8.506,-0.27293
4.764,15.619,0.53753,-8.0461,2.4135,13.493,-8.4224,-20.956,-7.776,-9.007,6.6061,-1.8556
3.0315,11.062,-0.24697,-5.0607,2.2283,10.817,-8.1605,-24.274,-9.1496,-10.864,4.6917,-3.3265
1.3408,7.0764,-0.67557,-2.4458,1.8789,8.4515,-7.9223,-28.086,-10.603,-12.775,2.7676,-4.6902
-0.30097,3.7227,-0.79756,-0.16835,1.3704,6.3365,-7.7167,-32.227,-12.196,-14.692,0.8678,-5.9484
-1.8778,0.94566,-0.68792,1.8045,0.73393,4.4587,-7.5485,-36.376,-13.965,-16.544,-0.95606,-7.1077
-3.3724,-1.3279,-0.44317,3.5091,0.018369,2.8685,-7.4052,-40.199,-15.922,-18.265,-2.6564,-8.1866
-4.7683,-3.1767,-0.1636,4.9853,-0.71701,1.5913,-7.2513,-43.506,-18.052,-19.822,-4.2102,-9.2133
-6.0475,-4.6925,0.061011,6.2701,-1.4088,0.56237,-7.0408,-46.283,-20.329,-21.236,-5.6256,-10.217
-7.1911,-5.9703,0.16122,7.3952,-2.0001,-0.32625,-6.7427,-48.621,-22.739,-22.565,-6.9325,-11.217
-8.1897,-7.0931,0.10019,8.3898,-2.4613,-1.1593,-6.3598,-50.623,-25.28,-23.876,-8.1653,-12.225
-9.0591,-8.124,-0.11281,9.289,-2.8071,-1.9731,-5.927,-52.354,-27.95,-25.213,-9.3482,-13.246
-9.8492,-9.1077,-0.4215,10.141,-3.0905,-2.7601,-5.4948,-53.833,-30.724,-26.58,-10.492,-14.297
-10.635,-10.076,-0.74218,11.007,-3.3746,-3.4863,-5.1099,-55.061,-33.555,-27.951,-11.597,-15.417
-11.503,-11.05,-0.99527,11.959,-3.7063,-4.1115,-4.7986,-56.057,-36.386,-29.289,-12.664,-16.672
-12.539,-12.051,-1.13,13.077,-4.111,-4.6054,-4.5609,-56.87,-39.167,-30.572,-13.698,-18.148
-13.834,-13.099,-1.1306,14.447,-4.6018,-4.9576,-4.3745,-57.579,-41.87,-31.806,-14.709,-19.926
-15.471,-14.226,-1.0097,16.156,-5.1858,-5.1817,-4.2046,-58.275,-44.495,-33.015,-15.704,-22.042
-17.482,-15.476,-0.79835,18.261,-5.8571,-5.3129,-4.0156,-59.031,-47.038,-34.217,-16.683,-24.446
-19.768,-16.889,-0.53314,20.72,-6.5815,-5.3974,-3.7799,-59.866,-49.476,-35.392,-17.633,-26.968
-22.081,-18.466,-0.24222,23.338,-7.3002,-5.4776,-3.4824,-60.739,-51.739,-36.47,-18.523,-29.354
-24.154,-20.138,0.061462,25.815,-7.9699,-5.5776,-3.1188,-61.56,-53.737,-37.342,-19.315,-31.36
-25.883,-21.76,0.3826,27.911,-8.6093,-5.694,-2.6897,-62.22,-55.389,-37.908,-19.984,-32.861
-27.378,-23.172,0.74144,29.57,-9.3057,-5.797,-2.1912,-62.616,-56.652,-38.124,-20.54,-33.929
-28.888,-24.257,1.1698,30.903,-10.204,-5.8431,-1.6017,-62.651,-57.521,-38.055,-21.065,-34.889
-30.719,-24.975,1.7074,32.104,-11.523,-5.7999,-0.82953,-62.221,-58.009,-37.885,-21.748,-36.36
-33.13,-25.344,2.4301,33.384,-13.655,-5.6664,0.58576,-61.152,-58.127,-37.9,-22.92,-39.149
-36.234,-25.43,3.6553,34.901,-17.02,-5.4747,3.2907,-59.141,-57.85,-38.453,-25.122,-43.651
-39.955,-25.313,5.2939,36.662,-19.728,-5.3374,3.8748,-56.244,-57.088,-39.914,-29.252,-48.805
-43.438,-25.061,5.071,38.499,-19.979,-5.8491,4.7531,-55.405,-55.689,-42.585,-36.73,-52.493
-44.765,-24.685,4.788,40.187,-19.851,-7.421,5.4822,-60.979,-53.589,-46.529,-48.143,-52.472
-44.457,-24.119,4.9439,41.584,-19.593,-7.963,6.325,-66.953,-51.332,-51.291,-54.8,-51.489
-44.267,-23.233,5.7133,42.636,-19.678,-7.1726,7.9889,-67.388,-50.991,-55.837,-54.724,-51.131
-45.066,-21.899,7.4437,43.345,-20.754,-5.3915,11.658,-64.198,-55.166,-59.034,-54.825,-51.56
-47.967,-20.123,10.965,43.77,-24.038,-2.3655,19.215,-57.047,-57.135,-60.078,-56.174,-53.389
-55.137,-18.158,18.306,44.56,-31.807,2.499,33.372,-44.992,-51.313,-58.291,-59.711,-58.013
-68.446,-16.503,33.228,49.432,-46.345,9.4128,56.45,-27.878,-43.449,-56.074,-68.466,-69.389
-88.047,-15.913,58.14,58.728,-68.444,19.984,85.864,-5.6921,-34.883,-69.177,-85.396,-91.593
-110.01,-17.546,84.678,67.945,-92.764,35.27,118.98,22.917,-26.068,-76.073,-112.64,-127.06
-130.49,-19.627,107.72,77.086,-113.74,49.814,155.04,59.488,-16.355,-84.781,-156.01,-171.76
-146.39,-18.665,125.86,84.299,-129.87,60.291,190.22,103.38,-3.3548,-95.111,-211.34,-215.79
-154.63,-16.383,136.61,87.425,-138.77,66.948,220.93,154.48,16.983,-104.79,-260.26,-255.35
-151.97,-12.471,139.06,84.337,-138.23,70.123,245.1,218.19,49.242,-109.71,-294.65,-284.49
-135.45,-6.7133,132.08,72.99,-126.15,69.546,262.39,301.39,95.652,-104.45,-308.41,-296.58
-102.18,0.89963,111.9,51.463,-100.13,64.234,273.47,409.24,160.04,-82.616,-292.61,-285.26
-49.012,11.651,74.155,17.916,-56.098,52.421,278.08,543.79,249.18,-30.502,-238.37,-244.45
27.021,28.673,15.13,-29.481,9.99,31.667,273.84,700.57,364.25,80.999,-137.51,-168.48
127.94,54.3,-66.353,-92.257,100.07,1.2487,256.68,866.94,502.91,240.43,17.046,-51.962
253.19,86.359,-166.29,-170.99,212.01,-35.256,222.15,1023.3,661.37,437.72,231.02,110.91
398.08,125.85,-274.03,-264.88,338.26,-69.656,167.05,1146.4,834.74,682.48,508.18,324.71
553.19,182.23,-373.02,-371.59,465.94,-90.414,90.283,1214.6,1015.5,974.12,846.03,587.27
705.49,262.3,-444.62,-487.57,579.18,-85.598,-6.5608,1212.7,1191.9,1304.9,1231.9,889.21
841.4,367.51,-473.74,-607.82,663.41,-46.994,-118.53,1135.9,1352.6,1658.5,1645,1215.3
950.02,493.29,-454.39,-725.25,709.79,26.075,-237.24,992.38,1490.2,2012.2,2059.2,1545.2
1025.2,628.25,-392.36,-831.08,717.57,125,-352.19,801.86,1599.1,2339.2,2445.5,1856.1
1065.5,755.48,-303.82,-916.04,693.64,233.18,-452.73,590.78,1673.6,2612.1,2774.5,2124.2
1073.5,856.39,-209.93,-971.97,649.73,330.59,-529.97,385.75,1708.3,2805.1,3019.7,2328.2
1053.2,916.02,-129.65,-993.19,597.95,400.19,-578.12,206.9,1697.1,2897.7,3159.8,2450.6
1008.4,927.21,-73.65,-977.47,546.12,433.24,-594.91,62.477,1633.7,2876.8,3181,2480.3
941.52,891.76,-41.937,-926.13,495.48,430.87,-581.58,-52.1,1511.8,2738.2,3077.5,2413.1
852.88,818.36,-26.031,-843.47,441.86,401.74,-542.36,-149.79,1328.4,2486.3,2852.5,2252.4
742.54,718.7,-14.401,-735.97,379.51,357.41,-483.41,-244.73,1086.3,2135.4,2518.6,2009
612.82,604.23,1.2984,-611.5,305.97,308.04,-411.92,-345.33,797.6,1709.4,2099.1,1701.5
470.84,484.28,22.983,-478.9,224.48,259.41,-335.62,-450.34,485.41,1243.5,1629.4,1356.4
328.76,365.62,45.845,-347.61,142.24,212.43,-262.38,-549.68,181.98,782.56,1155,1006
200.98,253.71,61.19,-227.21,71.478,165.29,-199.07,-627.65,-76.622,376.68,725.91,684.97
99.629,154.49,62.294,-126.4,22.174,117.18,-150.31,-667.52,-259.88,69.855,386.62,423.62
30.658,74.184,48.706,-51.329,0.7782,70.554,-118,-660.17,-352.43,-112.72,163.47,240.72
0.81633,17.128,25.613,-4.6887,-1.4209,30.692,-100.15,-610.44,-358.85,-173.15,56.672,138.67
-3.6919,-14.369,3.3786,13.825,6.7239,2.5977,-91.603,-530.99,-301.26,-139.11,42.284,103.83
2.5925,-23.3,-9.7825,14.548,16.765,-11.179,-86.406,-435.19,-210.35,-52.199,83.49,112.47
11.363,-17.109,-13.359,6.2961,23.086,-11.797,-79.177,-335.02,-114.85,46.651,144.11,140.08
18.566,-3.495,-10.437,-4.5286,25.479,-2.9285,-66.946,-239.94,-34.053,127.48,197.6,168.65
23.543,11.328,-5.2077,-14.297,25.247,10.513,-49.656,-156.68,20.933,174.41,229.13,187.53
26.995,23.697,1.0657,-21.787,23.489,23.519,-29.605,-88.945,46.407,185.47,234.22,191.68
29.233,32.106,7.0988,-26.808,10.327,32.486,-14.742,-36.885,54.684,171.09,216.8,181.47
15.824,33.938,8.1601,-22.399,6.0042,35.964,-6.7237,-6.1531,53.492,143.36,184.64,160.52
9.4586,14.04,5.5015,-9.7981,5.1283,32.275,-2.4243,5.104,46.305,110.19,142.67,133.91
7.7579,9.6636,4.7868,-7.4545,4.6592,19.795,0.30754,4.9512,36.811,83.692,106.19,106.5
6.7905,8.549,4.8855,-6.5249,4.0614,16.488,2.736,-0.16081,27.471,61.721,79.74,86.629
5.6507,7.6564,5.0757,-5.592,3.168,15.221,5.637,-5.7857,19.456,45.67,58.471,69.555
4.1083,6.597,5.2511,-4.4632,2.083,14.096,9.4992,-9.1187,10.924,42.802,46.597,55.487
2.2485,5.5145,5.4786,-3.0954,0.99319,13.848,13.549,-8.5803,12.382,46.28,38.731,47.452
0.31094,4.4062,5.7981,-1.4581,0.038683,13.692,15.794,-3.0973,12.581,43.056,30.177,39.643
-1.472,2.9667,6.097,0.37478,-0.71962,12.785,18.289,-0.28624,10.998,36.051,22.015,30.684
-2.9509,1.065,6.1619,2.1965,-1.2635,11.282,21.291,1.6677,8.6546,28.926,15.294,22.017
-4.0749,-0.99411,5.8804,3.7611,-1.5859,9.4223,24.071,3.2483,6.2772,23.021,9.7541,14.612
-4.8675,-2.8114,5.3294,4.9333,-1.7009,7.3797,26.362,4.6621,4.2685,18.687,4.3926,9.2537
-5.3971,-4.2193,4.6598,5.736,-1.6573,5.4179,28.219,6.1374,2.6738,15.628,-0.063109,6.7768
-5.7513,-5.2771,3.9908,6.2776,-1.5317,3.776,29.799,7.8525,1.4379,13.364,-3.3624,5.2269
-6.0083,-6.1098,3.3925,6.6655,-1.3995,2.4771,31.236,9.9056,0.51844,11.602,-5.7014,3.0849
-6.2132,-6.8162,2.8878,6.9708,-1.3004,1.4213,32.557,12.333,-0.11621,10.178,-7.3192,0.98304
-6.3745,-7.4563,2.452,7.2281,-1.2259,0.50818,33.672,15.127,-0.49817,9.0004,-8.4233,-0.66769
-6.4791,-8.0623,2.0302,7.4495,-1.1375,-0.32988,34.47,18.204,-0.66373,8.0238,-9.1735,-1.864
-6.5113,-8.6455,1.5707,7.6354,-0.99502,-1.1263,34.93,21.367,-0.65431,7.2254,-9.6816,-2.7094
-6.4652,-9.2003,1.0519,7.7812,-0.7747,-1.8837,35.111,24.355,-0.51569,6.5883,-10.018,-3.2939
-6.3452,-9.7056,0.48361,7.8778,-0.47199,-2.5845,35.07,26.97,-0.29361,6.0879,-10.222,-3.6741
-6.1604,-10.129,-0.10851,7.9117,-0.09705,-3.2062,34.828,29.176,-0.025676,5.6926,-10.313,-3.8822
-5.9183,-10.438,-0.69741,7.8678,0.3317,-3.7331,34.397,31.094,0.26723,5.3724,-10.299,-3.9392
-5.6238,-10.607,-1.2607,7.7389,0.79247,-4.1625,33.803,32.923,0.58459,5.1092,-10.182,-3.8657
-5.2816,-10.636,-1.7821,7.5333,1.2649,-4.5043,33.096,34.849,0.94286,4.9029,-9.9684,-3.6877
-4.8956,-10.546,-2.2525,7.2712,1.7356,-4.7778,32.327,36.984,1.3676,4.7711,-9.665,-3.4357
-4.4653,-10.369,-2.6696,6.9727,2.202,-5.0035,31.526,39.351,1.8859,4.7451,-9.2843,-3.14
-3.9866,-10.129,-3.0356,6.6485,2.6704,-5.1931,30.694,41.894,2.5205,4.8632,-8.8394,-2.8242
-3.4554,-9.8365,-3.3538,6.3003,3.1515,-5.3436,29.816,44.504,3.2865,5.1637,-8.3396,-2.4991
-2.8712,-9.4978,-3.6271,5.9273,3.656,-5.4389,28.88,47.071,4.1883,5.68,-7.7864,-2.1589
-2.2389,-9.1186,-3.8565,5.5299,4.1905,-5.4577,27.885,49.519,5.219,6.4377,-7.1727,-1.7831
-1.5696,-8.7055,-4.0418,5.1112,4.7545,-5.384,26.843,51.832,6.3636,7.4552,-6.4844,-1.345
-0.87829,-8.2663,-4.1858,4.6768,5.3423,-5.219,25.774,54.046,7.6055,8.745,-5.7063,-0.82301
-0.17956,-7.8123,-4.3012,4.2334,5.9505,-4.9863,24.706,56.232,8.933,10.317,-4.8269,-0.20755
0.51956,-7.3602,-4.4148,3.7873,6.5879,-4.7294,23.656,58.467,10.341,12.185,-3.8418,0.50052
1.2239,-6.9301,-4.5623,3.3428,7.2801,-4.4991,22.626,60.822,11.826,14.375,-2.7518,1.2984
1.9501,-6.5377,-4.7758,2.8998,8.0666,-4.3366,21.605,63.339,13.385,16.932,-1.5566,2.1923
2.7242,-6.188,-5.0733,2.4518,8.9917,-4.2617,20.587,66.037,15.015,19.933,-0.24762,3.2046
3.578,-5.8741,-5.4559,1.9846,10.094,-4.2695,19.578,68.916,16.723,23.485,1.1948,4.3714
4.5459,-5.5808,-5.9138,1.4782,11.395,-4.3382,18.597,71.966,18.526,27.718,2.7974,5.7304
5.6619,-5.292,-6.4383,0.91078,12.894,-4.4425,17.659,75.175,20.453,32.758,4.5854,7.3004
6.953,-4.9978,-7.0357,0.26757,14.566,-4.5644,16.771,78.524,22.533,38.667,6.574,9.0625
8.4292,-4.6984,-7.7337,-0.45018,16.354,-4.6991,15.918,81.979,24.78,45.355,8.7648,10.96
10.073,-4.4045,-8.5729,-1.2216,18.17,-4.8524,15.072,85.497,27.18,52.55,11.151,12.922
11.838,-4.1305,-9.5839,-2.0142,19.914,-5.0341,14.207,89.025,29.687,59.876,13.726,14.895
13.662,-3.8836,-10.759,-2.8013,21.51,-5.2482,13.306,92.515,32.233,66.998,16.499,16.869
15.502,-3.655,-12.035,-3.5789,22.927,-5.4856,12.375,95.938,34.753,73.728,19.504,18.866
17.353,-3.4189,-13.313,-4.3721,24.176,-5.7234,11.436,99.284,37.205,80.017,22.803,20.938
19.253,-3.1393,-14.495,-5.2301,25.305,-5.9326,10.512,102.56,39.584,85.898,26.488,23.15
21.265,-2.7808,-15.538,-6.2154,26.395,-6.0898,9.6208,105.79,41.93,91.424,30.669,25.593
23.448,-2.3156,-16.463,-7.394,27.546,-6.1855,8.7624,109.01,44.322,96.653,35.467,28.393
25.824,-1.7292,-17.345,-8.8301,28.86,-6.224,7.9286,112.25,46.871,101.63,40.984,31.714
28.366,-1.0217,-18.27,-10.581,30.412,-6.2161,7.1122,115.57,49.707,106.41,47.249,35.693
31.016,-0.2073,-19.298,-12.684,32.214,-6.1713,6.3136,119.03,52.941,111.01,54.146,40.293
33.726,0.6894,-20.438,-15.134,34.208,-6.091,5.5401,122.68,56.587,115.45,61.403,45.18
36.471,1.6425,-21.649,-17.854,36.295,-5.967,4.7982,126.56,60.518,119.72,68.686,49.875
39.231,2.634,-22.866,-20.708,38.388,-5.7852,4.0875,130.69,64.528,123.84,75.755,54.081
41.966,3.6592,-24.033,-23.558,40.433,-5.5353,3.3996,135.01,68.452,127.81,82.539,57.811
44.634,4.7243,-25.106,-26.321,42.402,-5.2205,2.7228,139.47,72.234,131.66,89.104,61.234
47.206,5.8408,-26.068,-28.981,44.291,-4.8626,2.0471,144,75.91,135.43,95.563,64.528
49.693,7.0229,-26.936,-31.554,46.12,-4.4984,1.3688,148.54,79.56,139.2,102.02,67.819
52.145,8.2887,-27.765,-34.052,47.93,-4.1695,0.69048,153.09,83.268,143,108.55,71.197
54.642,9.6647,-28.63,-36.456,49.783,-3.91,0.017864,157.7,87.097,146.91,115.17,74.73
57.275,11.187,-29.609,-38.728,51.735,-3.7356,-0.64594,162.45,91.071,150.98,121.86,78.478
60.117,12.895,-30.754,-40.847,53.824,-3.6385,-1.3049,167.43,95.172,155.25,128.6,82.484
63.194,14.816,-32.08,-42.846,56.052,-3.5909,-1.9708,172.72,99.35,159.77,135.37,86.748
66.472,16.951,-33.564,-44.799,58.385,-3.5552,-2.6603,178.37,103.55,164.58,142.16,91.213
69.878,19.267,-35.161,-46.796,60.767,-3.4958,-3.3907,184.39,107.74,169.69,148.98,95.788
73.347,21.718,-36.817,-48.914,63.154,-3.3906,-4.1805,190.78,111.95,175.08,155.89,100.4
76.846,24.266,-38.487,-51.207,65.534,-3.2368,-5.0557,197.49,116.29,180.7,162.94,105.03
80.367,26.894,-40.14,-53.7,67.917,-3.0485,-6.0602,204.52,120.92,186.52,170.2,109.72
83.896,29.59,-41.756,-56.383,70.319,-2.8504,-7.2593,211.86,125.98,192.46,177.7,114.57
87.405,32.344,-43.316,-59.215,72.736,-2.6685,-8.7298,219.49,131.53,198.5,185.44,119.64
90.869,35.15,-44.805,-62.143,75.149,-2.5243,-10.524,227.4,137.52,204.64,193.41,125
94.312,38.007,-46.215,-65.143,77.557,-2.4304,-12.61,235.61,143.82,210.92,201.59,130.65
97.82,40.906,-47.572,-68.229,80,-2.3904,-14.841,244.14,150.3,217.44,209.98,136.58
101.53,43.825,-48.945,-71.427,82.557,-2.3985,-17.021,253.03,156.89,224.29,218.6,142.75
105.55,46.729,-50.436,-74.764,85.287,-2.4414,-19.034,262.34,163.57,231.55,227.51,149.08
109.94,49.586,-52.144,-78.284,88.183,-2.4996,-20.887,272.12,170.41,239.29,236.79,155.52
114.67,52.369,-54.112,-82.048,91.207,-2.5509,-22.66,282.44,177.6,247.51,246.5,162.11
119.66,55.064,-56.278,-86.091,94.386,-2.5736,-24.446,293.33,185.37,256.2,256.73,168.99
124.86,57.664,-58.511,-90.373,97.814,-2.549,-26.326,304.8,194,265.34,267.49,176.41
130.27,60.185,-60.726,-94.817,101.56,-2.465,-28.362,316.81,203.59,274.94,278.76,184.62
135.96,62.669,-62.944,-99.363,105.62,-2.3201,-30.568,329.23,214.05,285.06,290.45,193.78
142.01,65.202,-65.259,-104.02,109.97,-2.1254,-32.885,341.98,225.08,295.78,302.46,203.84
148.49,67.92,-67.816,-108.84,114.61,-1.9027,-35.206,354.97,236.34,307.19,314.71,214.52
155.45,70.994,-70.791,-113.92,119.63,-1.676,-37.436,368.16,247.6,319.34,327.22,225.5
162.84,74.576,-74.318,-119.32,125.1,-1.4621,-39.525,381.55,258.86,332.19,340.09,236.5
170.54,78.698,-78.372,-125.04,130.93,-1.2635,-41.477,395.14,270.25,345.64,353.48,247.38
178.38,83.218,-82.694,-131.01,136.84,-1.0665,-43.335,408.95,282.04,359.55,367.59,258.24
186.19,87.888,-86.886,-137.15,142.55,-0.84568,-45.173,423.02,294.47,373.79,382.55,269.26
193.91,92.514,-90.66,-143.4,148.07,-0.57453,-47.062,437.42,307.63,388.3,398.4,280.72
201.6,97.028,-93.986,-149.78,153.55,-0.24003,-49.041,452.24,321.42,403.1,415.09,292.81
209.51,101.45,-97.077,-156.31,159.3,0.14606,-51.108,467.55,335.53,418.3,432.49,305.62
217.92,105.85,-100.29,-163.08,165.59,0.54555,-53.228,483.38,349.62,434.05,450.52,319.16
227.07,110.26,-104.04,-170.15,172.62,0.90562,-55.346,499.65,363.5,450.49,469.11,333.38
237.05,114.72,-108.67,-177.53,180.38,1.1811,-57.406,516.14,377.11,467.72,488.3,348.25
247.56,119.25,-114.14,-185.15,188.45,1.3542,-59.368,532.51,390.58,485.73,508.13,363.78
258.03,123.88,-119.95,-192.78,196.25,1.4387,-61.236,548.4,404.08,504.44,528.62,379.88
267.89,128.64,-125.36,-200.16,203.44,1.4663,-63.086,563.52,417.73,523.71,549.7,396.37
277,133.59,-129.99,-207.16,210,1.4685,-65.06,577.77,431.5,543.29,571.26,413.03
285.54,138.7,-133.87,-213.8,216,1.4628,-67.322,591.28,445.25,562.92,593.13,429.73
293.86,143.94,-137.32,-220.27,221.62,1.4502,-69.994,604.26,458.8,582.39,615.11,446.45
302.26,149.23,-140.66,-226.82,227.15,1.4232,-73.107,616.95,471.96,601.52,637.07,463.29
311.01,154.58,-144.28,-233.64,232.95,1.3804,-76.593,629.49,484.65,620.28,658.95,480.39
320.29,160.04,-148.57,-240.84,239.29,1.339,-80.327,641.86,496.93,638.73,680.74,497.8
330.05,165.63,-153.72,-248.37,246.29,1.3458,-84.176,653.87,508.89,656.98,702.52,515.48
340.04,171.34,-159.44,-256.08,253.76,1.4748,-88.037,665.23,520.58,675.16,724.28,533.26
349.92,177.09,-165.01,-263.79,261.21,1.8071,-91.871,675.63,532.01,693.3,745.98,550.93
359.42,182.8,-169.72,-271.37,268.15,2.4052,-95.702,684.91,543.12,711.33,767.47,568.3
368.47,188.41,-173.27,-278.79,274.36,3.3109,-99.579,692.99,553.83,729.12,788.58,585.31
377.16,193.89,-175.79,-286.05,279.91,4.558,-103.53,699.87,564.04,746.5,809.1,601.98
385.64,199.19,-177.64,-293.17,285.04,6.1846,-107.58,705.52,573.72,763.3,828.86,618.35
393.98,204.3,-179.23,-300.15,289.96,8.2213,-111.76,709.89,582.86,779.31,847.74,634.5
402.19,209.21,-180.85,-306.93,294.81,10.623,-116.14,713.05,591.43,794.32,865.6,650.39
410.18,213.94,-182.6,-313.44,299.62,13.197,-120.75,715.06,599.3,808.05,882.33,665.85
417.74,218.53,-184.5,-319.58,304.38,15.694,-125.57,716.01,606.31,820.28,897.87,680.58
424.68,223.03,-186.45,-325.25,308.99,18.005,-130.49,715.84,612.29,830.87,912.19,694.29
430.8,227.48,-188.21,-330.4,313.19,20.18,-135.34,714.36,617.04,839.82,925.27,706.76
436,231.86,-189.53,-334.99,316.71,22.328,-140.01,711.22,620.29,847.16,936.97,717.9
440.27,236.11,-190.23,-339.04,319.42,24.52,-144.43,705.98,621.69,852.88,947.06,727.72
443.65,240.09,-190.28,-342.57,321.26,26.734,-148.55,698.21,620.96,856.85,955.3,736.19
446.2,243.66,-189.66,-345.59,322.19,28.875,-152.39,687.56,618.05,858.79,961.53,743.27
447.84,246.73,-188.38,-348.05,322.1,30.855,-155.95,673.92,613.13,858.38,965.68,748.79
448.44,249.21,-186.36,-349.84,321.02,32.643,-159.19,657.45,606.41,855.29,967.66,752.62
447.76,251.01,-183.54,-350.71,319.2,34.239,-162.07,638.59,598.05,849.28,967.33,754.73
445.53,251.97,-180.05,-350.33,316.78,35.645,-164.5,617.91,588.16,840.24,964.48,755.1
441.46,251.99,-176.06,-348.38,313.37,36.859,-166.39,595.91,576.77,828.18,958.72,753.6
435.4,250.98,-171.6,-344.8,308.44,37.877,-167.64,572.93,563.69,813.14,949.57,749.89
427.54,248.93,-166.63,-339.74,301.96,38.691,-168.26,549.14,548.67,795.14,936.52,743.4
418.16,245.9,-161.19,-333.41,294.25,39.31,-168.28,524.58,531.51,774.29,919.23,733.55
407.44,241.94,-155.23,-325.95,285.6,39.775,-167.82,499.23,512.34,750.82,897.72,719.88
395.43,237.08,-148.67,-317.42,276.11,40.167,-166.9,473.11,491.55,725.18,872.39,702.36
382.22,231.39,-141.39,-307.88,265.8,40.587,-165.37,446.39,469.7,697.85,843.9,681.35
367.91,224.94,-133.38,-297.44,254.71,41.12,-162.91,419.37,447.24,669.26,812.83,657.48
352.65,217.82,-124.7,-286.2,242.89,41.799,-159.25,392.44,424.44,639.67,779.48,631.43
336.59,210.17,-115.51,-274.31,230.4,42.576,-154.34,365.92,401.35,609.22,743.92,603.76
319.98,202.17,-106.15,-261.95,217.4,43.328,-148.43,339.98,377.85,578.01,706.28,574.88
303.1,193.95,-96.924,-249.3,204.2,43.911,-141.87,314.66,353.85,546.14,667.04,545.02
286.18,185.58,-88.086,-236.53,191.08,44.209,-134.92,289.93,329.38,513.76,626.89,514.34
269.28,176.98,-79.79,-223.65,178.23,44.163,-127.77,265.74,304.68,481.16,586.54,482.94
252.27,168.03,-72.099,-210.54,165.64,43.769,-120.48,242.09,280.17,448.73,546.59,451.09
234.9,158.52,-64.939,-196.99,153.18,43.035,-113.09,219.1,256.37,416.99,507.44,419.18
217.01,148.35,-58.089,-182.88,140.76,41.955,-105.63,197.08,233.72,386.38,469.37,387.74
198.74,137.53,-51.334,-168.33,128.43,40.51,-98.141,176.46,212.53,357.18,432.5,357.24
180.57,126.34,-44.634,-153.74,116.4,38.705,-90.781,157.64,192.93,329.51,396.9,328.02
163.2,115.23,-38.18,-139.65,105.01,36.607,-83.716,140.84,174.88,303.36,362.61,300.18
147.21,104.66,-32.232,-126.52,94.49,34.337,-77.011,126.03,158.25,278.65,329.68,273.62
132.81,94.942,-26.982,-114.52,84.902,32.024,-70.574,112.91,142.83,255.3,298.23,248.13
119.8,86.112,-22.479,-103.57,76.091,29.744,-64.297,101.05,128.42,233.26,268.47,223.57
107.78,77.972,-18.646,-93.413,67.79,27.478,-58.157,89.965,114.85,212.51,240.65,199.93
96.321,70.186,-15.336,-83.756,59.768,25.13,-52.197,79.249,102.04,193.1,215.03,177.41
85.129,62.413,-12.372,-74.393,52.008,22.597,-46.409,68.764,89.964,175.11,191.76,156.3
74.142,54.564,-9.4915,-65.239,44.745,19.857,-40.807,58.742,78.654,158.61,170.83,136.88
63.528,47.016,-6.495,-56.325,38.271,17.015,-35.499,49.632,68.19,143.62,152.07,119.38
53.664,40.169,-3.7817,-47.772,32.676,14.253,-30.644,41.807,58.625,130.04,135.12,103.8
44.934,34.001,-1.9141,-39.844,27.812,11.72,-26.331,35.39,49.914,117.65,119.15,89.921
37.428,28.323,-0.81655,-32.939,23.418,9.4465,-22.547,30.102,41.933,106.15,102.9,76.899
30.94,22.917,-0.18721,-27.251,19.224,7.3877,-19.226,25.387,34.72,95.233,86.93,63.526
25.175,17.536,0.16189,-22.466,15.035,5.4913,-16.266,20.801,28.415,84.637,72.948,50.807
19.867,12.079,0.32318,-17.882,10.878,3.7261,-13.529,16.26,22.77,74.386,61.172,40.158
14.775,6.8055,0.34669,-12.821,7.1867,2.0789,-10.861,12.049,17.43,64.75,51.223,30.939
9.9181,2.2549,0.26195,-7.436,4.6258,0.54865,-8.1943,8.5309,12.529,56.022,42.825,22.769
5.8755,-1.1931,0.085516,-2.8817,3.2537,-0.86139,-5.7344,5.8194,8.4493,48.367,35.859,15.951
3.0109,-3.6147,-0.17242,0.21611,2.5509,-2.1568,-3.8344,3.7758,5.2776,41.815,30.215,10.959
1.0488,-5.3502,-0.49977,2.2152,2.1534,-3.3569,-2.5638,2.1974,2.8045,36.301,25.686,7.7911
-0.34276,-6.7058,-0.87604,3.5812,1.9136,-4.4844,-1.7494,0.92993,0.79889,31.702,22.036,5.2979
-1.3594,-7.8595,-1.2726,4.5779,1.7648,-5.551,-1.2188,-0.11868,-0.88046,27.881,19.068,2.6414
-2.1208,-8.8874,-1.6602,5.3393,1.6657,-6.5526,-0.86669,-0.99761,-2.3015,24.705,16.637,-0.046539
-2.7041,-9.8073,-2.02,5.9356,1.5881,-7.475,-0.63103,-1.7316,-3.4949,22.059,14.651,-2.3896
-3.1549,-10.617,-2.3504,6.404,1.5183,-8.3099,-0.46846,-2.3341,-4.4755,19.851,13.054,-4.2142
-3.4984,-11.318,-2.6648,6.7678,1.4564,-9.0669,-0.34381,-2.812,-5.2541,18.003,11.808,-5.5423
-3.7491,-11.93,-2.9829,7.0474,1.4119,-9.7705,-0.22892,-3.175,-5.8417,16.449,10.882,-6.4733
-3.9201,-12.481,-3.3175,7.2633,1.3958,-10.444,-0.10514,-3.4382,-6.2528,15.126,10.238,-7.1122
-4.0277,-12.997,-3.6686,7.4346,1.4135,-11.097,0.035104,-3.6207,-6.5081,13.975,9.8269,-7.544
-4.0898,-13.495,-4.0229,7.5749,1.4637,-11.717,0.18966,-3.7419,-6.6329,12.95,9.5896,-7.83
-4.1209,-13.972,-4.3595,7.6893,1.5394,-12.279,0.35043,-3.8173,-6.6543,12.021,9.4705,-8.0088
-4.1273,-14.413,-4.6573,7.7752,1.6323,-12.754,0.50984,-3.856,-6.5987,11.181,9.4224,-8.1024
-4.1066,-14.792,-4.9062,7.8234,1.7372,-13.125,0.66542,-3.8635,-6.4911,10.431,9.4135,-8.1227
-4.0508,-15.082,-5.1142,7.8233,1.8535,-13.396,0.82101,-3.8445,-6.3538,9.7754,9.4294,-8.0785
-3.9523,-15.266,-5.3048,7.7695,1.9846,-13.59,0.9837,-3.8084,-6.2039,9.2126,9.4737,-7.9812
-3.809,-15.34,-5.5081,7.6671,2.1335,-13.746,1.1585,-3.7671,-6.0476,8.7258,9.5484,-7.8429
-3.628,-15.311,-5.7435,7.5313,2.2975,-13.899,1.3442,-3.7314,-5.8784,8.2939,9.6601,-7.6737
-3.4246,-15.189,-6.0054,7.3818,2.4656,-14.067,1.5331,-3.7021,-5.6781,7.8944,9.8079,-7.4772
-3.2187,-14.975,-6.2593,7.234,2.62,-14.237,1.7133,-3.6699,-5.4235,7.5131,9.9876,-7.2486
-3.0308,-14.665,-6.4514,7.0953,2.7383,-14.375,1.8744,-3.6175,-5.0953,7.1529,10.195,-6.9788
-2.8751,-14.258,-6.5305,6.9652,2.8012,-14.43,2.0115,-3.5257,-4.6863,6.83,10.417,-6.6579
-2.7586,-13.765,-6.471,6.8384,2.7996,-14.36,2.1265,-3.3782,-4.2034,6.5654,10.643,-6.2782
-2.6798,-13.207,-6.2863,6.7086,2.7398,-14.14,2.2274,-3.165,-3.6636,6.3763,10.865,-5.8383
-2.6301,-12.613,-6.0192,6.5714,2.643,-13.769,2.3244,-2.8835,-3.088,6.2702,11.088,-5.346
-2.5994,-12.01,-5.7142,6.4255,2.5344,-13.27,2.4265,-2.5372,-2.4957,6.2433,11.315,-4.8191
-2.5811,-11.42,-5.3908,6.2727,2.4297,-12.664,2.5364,-2.1333,-1.9045,6.2823,11.553,-4.2839
-2.5726,-10.851,-5.0363,6.1162,2.3262,-11.968,2.6492,-1.6819,-1.3308,6.3685,11.796,-3.7696
-2.5736,-10.303,-4.6173,5.9575,2.2069,-11.188,2.7546,-1.191,-0.79051,6.478,12.032,-3.2984
-2.5822,-9.7647,-4.1023,5.7942,2.0515,-10.332,2.8427,-0.66568,-0.29468,6.5934,12.239,-2.8771
-2.5895,-9.2217,-3.4809,5.6194,1.849,-9.415,2.9093,-0.10954,0.15723,6.7033,12.402,-2.4917
-2.5807,-8.666,-2.7735,5.4242,1.6031,-8.4621,2.9561,0.47394,0.57963,6.8053,12.519,-2.1104
-2.5384,-8.0995,-2.0285,5.2028,1.3312,-7.5073,2.9899,1.0804,0.99687,6.9032,12.605,-1.6944
-2.4492,-7.534,-1.31,4.9535,1.0595,-6.5915,3.0174,1.7044,1.435,7.0012,12.683,-1.2073
-2.3085,-6.986,-0.68392,4.6808,0.81671,-5.757,3.0439,2.3389,1.9142,7.0979,12.779,-0.62472
-2.1208,-6.4708,-0.20643,4.393,0.63036,-5.0427,3.0726,2.9719,2.4443,7.1841,12.913,0.060061
-1.8969,-5.9982,0.083073,4.0995,0.52276,-4.4781,3.103,3.5868,3.0233,7.2475,13.089,0.83724
-1.6489,-5.572,0.16924,3.8075,0.50772,-4.0766,3.1283,4.1637,3.6377,7.2818,13.309,1.6851
-1.3847,-5.1891,0.066513,3.5193,0.58673,-3.8297,3.1348,4.6842,4.2657,7.2872,13.572,2.5778
-1.1063,-4.8404,-0.18011,3.232,0.74621,-3.705,3.1052,5.1351,4.882,7.2746,13.876,3.4883
-0.81361,-4.512,-0.50302,2.9395,0.95814,-3.6514,3.0295,5.5106,5.4625,7.2581,14.214,4.389
-0.50834,-4.1865,-0.82795,2.6358,1.1856,-3.6102,2.9105,5.8125,5.9872,7.2421,14.569,5.2503
-0.1965,-3.847,-1.0916,2.3179,1.3916,-3.5287,2.7648,6.0468,6.4422,7.2179,14.919,6.0425
0.11386,-3.4804,-1.2539,1.9857,1.548,-3.372,2.6147,6.22,6.8207,7.1667,15.24,6.7427
0.41656,-3.0796,-1.3006,1.641,1.6414,-3.1283,2.4795,6.3349,7.1226,7.0676,15.519,7.3434
0.70971,-2.6438,-1.2381,1.2851,1.6732,-2.8053,2.3698,6.3886,7.3535,6.9075,15.754,7.8564
0.99504,-2.1747,-1.0827,0.91734,1.6546,-2.419,2.2876,6.3747,7.5223,6.6861,15.955,8.3091
1.2754,-1.674,-0.84984,0.53427,1.5984,-1.9838,2.2288,6.2886,7.6391,6.4161,16.132,8.7354
1.5518,-1.1439,-0.55018,0.13324,1.5142,-1.5093,2.1853,6.1341,7.7157,6.1204,16.294,9.1647
1.8212,-0.59098,-0.19197,-0.28305,1.4072,-1.003,2.1489,5.9268,7.766,5.8272,16.441,9.6133
2.0768,-0.030466,0.21418,-0.70255,1.2815,-0.47472,2.1131,5.6926,7.8037,5.5653,16.568,10.081
2.3104,0.51435,0.6531,-1.1049,1.1433,0.062935,2.0742,5.4607,7.8374,5.3587,16.67,10.557
2.5167,1.0189,1.1041,-1.4684,1.0029,0.59471,2.0336,5.2551,7.8658,5.2228,16.746,11.021
2.6967,1.466,1.5395,-1.7798,0.87401,1.1034,1.9953,5.0889,7.8783,5.1645,16.795,11.455
2.8584,1.8482,1.9253,-2.0386,0.77326,1.5676,1.9646,4.9612,7.8599,5.1855,16.813,11.841
3.0138,2.1642,2.224,-2.254,0.71841,1.96,1.9466,4.8587,7.7969,5.2852,16.792,12.168
3.1731,2.4128,2.3991,-2.4374,0.72523,2.2488,1.9442,4.7598,7.6825,5.4617,16.715,12.426
3.3405,2.5908,2.4219,-2.5963,0.80319,2.4044,1.9568,4.6409,7.5188,5.71,16.564,12.611
3.5135,2.6945,2.279,-2.7333,0.95193,2.4081,1.9798,4.4835,7.316,6.0206,16.323,12.721
3.6865,2.7236,1.9784,-2.8476,1.1608,2.2586,2.0064,4.2808,7.0882,6.3782,15.983,12.752
3.8563,2.6836,1.5502,-2.9387,1.4119,1.9741,2.0298,4.0397,6.8494,6.7629,15.547,12.704
4.0275,2.5867,1.0394,-3.0108,1.685,1.5878,2.0468,3.7793,6.6117,7.1534,15.03,12.575
4.2123,2.4526,0.49609,-3.0751,1.9614,1.1405,2.0586,3.5228,6.3858,7.5323,14.456,12.367
4.4258,2.3057,-0.033694,-3.1489,2.2267,0.6721,2.0697,3.2894,6.1822,7.8915,13.854,12.089
4.6774,2.1718,-0.51289,-3.2505,2.4706,0.21499,2.085,3.0877,6.01,8.2361,13.249,11.759
4.9646,2.0714,-0.91614,-3.3921,2.6868,-0.20782,2.1073,2.9156,5.8731,8.5821,12.655,11.399
5.2718,2.0131,-1.2327,-3.5739,2.8737,-0.58176,2.1355,2.764,5.7678,8.9486,12.071,11.031
5.5756,1.9911,-1.4673,-3.7821,3.0358,-0.89948,2.163,2.6228,5.6827,9.3465,11.487,10.669
5.8524,1.9888,-1.6354,-3.9921,3.1826,-1.1596,2.1784,2.484,5.6021,9.7691,10.889,10.319
6.0849,1.9865,-1.7549,-4.1759,3.3247,-1.3629,2.1698,2.344,5.5083,10.19,10.273,9.9769
6.264,1.9701,-1.8399,-4.3095,3.469,-1.5085,2.1295,2.2026,5.3835,10.568,9.638,9.6324
6.386,1.9371,-1.8964,-4.3802,3.6136,-1.5906,2.0587,2.0619,5.2117,10.86,8.9911,9.2677
6.4476,1.8974,-1.9222,-4.3886,3.7454,-1.5992,1.9686,1.925,4.9819,11.034,8.3369,8.861
6.442,1.868,-1.9093,-4.3459,3.8421,-1.5257,1.877,1.7946,4.693,11.072,7.6735,8.3915
6.3594,1.8625,-1.85,-4.2668,3.8807,-1.3723,1.7992,1.6729,4.3559,10.973,6.9907,7.846
6.193,1.8838,-1.7456,-4.1613,3.8498,-1.1594,1.7391,1.5616,3.9913,10.741,6.2738,7.2261
5.9448,1.9214,-1.6115,-4.0315,3.7569,-0.92497,1.6862,1.4627,3.6228,10.382,5.5104,6.5506
5.627,1.9572,-1.4724,-3.8724,3.6212,-0.71378,1.6213,1.3781,3.2677,9.9023,4.6982,5.8527
5.2565,1.9738,-1.3491,-3.6767,3.4583,-0.56084,1.5257,1.3089,2.9311,9.3108,3.8477,5.1715
4.8479,1.964,-1.245,-3.4411,3.269,-0.47661,1.3895,1.2536,2.604,8.6191,2.9797,4.543
4.4101,1.9349,-1.1412,-3.1705,3.0387,-0.4414,1.2164,1.2076,2.2669,7.8467,2.1185,3.9934
3.9464,1.9056,-1.0011,-2.879,2.7446,-0.41106,1.0218,1.1618,1.898,7.0223,1.286,3.5348
3.4579,1.8978,-0.78213,-2.5852,2.3667,-0.3327,0.82746,1.1047,1.4813,6.1829,0.49909,3.1649
2.949,1.9236,-0.45196,-2.3045,1.8996,-0.16467,0.65381,1.0231,1.0112,5.3645,-0.2319,2.8643
2.4303,1.9763,-0.0020856,-2.0425,1.36,0.10669,0.51294,0.90346,0.49171,4.5881,-0.90699,2.5949
1.9173,2.0305,0.54691,-1.7922,0.78512,0.46165,0.40411,0.7332,-0.069307,3.8473,-1.5392,2.3025
1.4247,2.0539,1.1515,-1.5391,0.22047,0.85714,0.31458,0.50406,-0.664,3.1066,-2.1516,1.9287
0.96152,2.0248,1.7582,-1.2706,-0.29317,1.2458,0.2253,0.21527,-1.2856,2.3149,-2.7665,1.4318
0.53204,1.9427,2.3153,-0.98422,-0.72714,1.5924,0.1189,-0.12466,-1.9266,1.4271,-3.4011,0.80223
0.1408,1.826,2.7791,-0.69054,-1.0649,1.8773,-0.014073,-0.49966,-2.5773,0.42514,-4.0603,0.066339
-0.20331,1.6996,3.1173,-0.40894,-1.2997,2.0907,-0.17339,-0.89094,-3.226,-0.67092,-4.7375,-0.72679
-0.48879,1.5833,3.3105,-0.16008,-1.434,2.2269,-0.35147,-1.2824,-3.8609,-1.806,-5.4197,-1.5237
-0.70755,1.4867,3.3568,0.041194,-1.4801,2.283,-0.5377,-1.6642,-4.4706,-2.9063,-6.0912,-2.2782
-0.85957,1.4104,3.2737,0.18919,-1.458,2.2601,-0.72278,-2.0334,-5.0443,-3.9011,-6.7355,-2.9552
-0.95208,1.3495,3.0939,0.28652,-1.3903,2.1646,-0.90261,-2.3935,-5.5729,-4.7405,-7.3351,-3.5309
-0.99519,1.2984,2.8528,0.3404,-1.2966,2.0075,-1.0808,-2.7527,-6.0512,-5.404,-7.8718,-3.9951
-0.9985,1.2546,2.5785,0.35883,-1.1911,1.8017,-1.2675,-3.1212,-6.4817,-5.901,-8.3298,-4.3545
-0.97115,1.2202,2.2916,0.34864,-1.0853,1.5623,-1.4749,-3.5066,-6.8746,-6.2644,-8.6992,-4.6329
-0.92439,1.1997,2.011,0.31684,-0.98939,1.311,-1.7098,-3.9088,-7.2453,-6.5379,-8.9813,-4.8677
-0.87391,1.1935,1.7575,0.27455,-0.91295,1.0769,-1.969,-4.3182,-7.606,-6.7618,-9.1907,-5.0993
-0.83973,1.1912,1.5495,0.24052,-0.86241,0.88955,-2.2387,-4.7173,-7.9585,-6.9613,-9.3528,-5.3583
-0.84142,1.1711,1.3993,0.23936,-0.83943,0.76938,-2.4989,-5.0875,-8.2904,-7.144,-9.4972,-5.655
-0.89151,1.1084,1.3123,0.29313,-0.8408,0.7226,-2.7318,-5.4151,-8.5805,-7.306,-9.6499,-5.9762
-0.99105,0.98876,1.2895,0.4105,-0.86071,0.74301,-2.9267,-5.6975,-8.8101,-7.444,-9.83,-6.2925
-1.1314,0.81971,1.3314,0.5819,-0.8948,0.81895,-3.0822,-5.9451,-8.9748,-7.5652,-10.047,-6.5723
-1.3013,0.62974,1.4383,0.7831,-0.94445,0.94027,-3.2039,-6.1761,-9.0878,-7.6889,-10.3,-6.7934
-1.4934,0.45763,1.6086,0.98545,-1.0186,1.0995,-3.3031,-6.4089,-9.1716,-7.8356,-10.573,-6.9506
-1.706,0.33606,1.8345,1.1664,-1.1311,1.2858,-3.3945,-6.6528,-9.2445,-8.0123,-10.841,-7.0547
-1.94,0.27936,2.097,1.3156,-1.2937,1.4795,-3.4903,-6.9044,-9.3101,-8.2015,-11.071,-7.1278
-2.1953,0.27985,2.3661,1.4348,-1.5097,1.6517,-3.595,-7.1482,-9.3558,-8.3635,-11.229,-7.1943
-2.4689,0.3128,2.6068,1.5343,-1.7698,1.7715,-3.705,-7.3612,-9.3617,-8.452,-11.292,-7.2724
-2.7555,0.34563,2.7919,1.6283,-2.0532,1.8159,-3.812,-7.5209,-9.3132,-8.4367,-11.253,-7.3684
-3.0465,0.34694,2.9081,1.7294,-2.3322,1.7786,-3.9076,-7.6133,-9.2093,-8.3205,-11.125,-7.4757
-3.3297,0.29358,2.9592,1.846,-2.5802,1.6729,-3.9875,-7.6391,-9.064,-8.1429,-10.943,-7.5789
-3.5901,0.17599,2.9683,1.9802,-2.7811,1.53,-4.0524,-7.6141,-8.9004,-7.9684,-10.748,-7.6633
-3.8134,0.00081225,2.9722,2.1276,-2.9332,1.3911,-4.1096,-7.5612,-8.7443,-7.865,-10.582,-7.7223
-3.9907,-0.2113,3.0064,2.2801,-3.0475,1.2935,-4.17,-7.4997,-8.618,-7.8835,-10.467,-7.7594
-4.1223,-0.43314,3.0868,2.4283,-3.1389,1.2593,-4.2458,-7.4376,-8.5354,-8.0432,-10.407,-7.7838
-4.2159,-0.64073,3.1994,2.5648,-3.2168,1.2869,-4.3469,-7.3712,-8.4997,-8.3308,-10.38,-7.8022
-4.2826,-0.82137,3.3017,2.6861,-3.2793,1.3471,-4.4757,-7.29,-8.5026,-8.7103,-10.356,-7.8147
-4.3301,-0.9756,3.3328,2.792,-3.3135,1.3888,-4.6251,-7.1826,-8.5271,-9.1395,-10.308,-7.8147
-4.3599,-1.113,3.2351,2.8835,-3.3008,1.3583,-4.7783,-7.041,-8.553,-9.5861,-10.22,-7.7927
-4.368,-1.245,2.9751,2.9618,-3.2265,1.2181,-4.9129,-6.862,-8.5632,-10.037,-10.096,-7.7413
-4.3495,-1.3797,2.5564,3.0279,-3.0871,0.95987,-5.0074,-6.6495,-8.5488,-10.496,-9.9531,-7.6598
-4.304,-1.5216,2.0214,3.0847,-2.8939,0.60866,-5.0479,-6.4129,-8.5096,-10.979,-9.8144,-7.5565
-4.2394,-1.6746,1.442,3.1383,-2.673,0.21544,-5.0329,-6.164,-8.4505,-11.492,-9.7035,-7.4461
-4.1711,-1.8446,0.90281,3.1991,-2.4597,-0.16072,-4.9744,-5.9129,-8.3758,-12.03,-9.6364,-7.3436
-4.1186,-2.039,0.47535,3.2788,-2.2894,-0.47309,-4.8925,-5.6658,-8.2866,-12.571,-9.62,-7.2584
-4.0993,-2.2613,0.19864,3.3863,-2.1883,-0.69962,-4.8045,-5.4248,-8.1821,-13.09,-9.6541,-7.1905
-4.1257,-2.5066,0.072376,3.5244,-2.1665,-0.84603,-4.7182,-5.1902,-8.0644,-13.573,-9.7362,-7.1325
-4.2029,-2.7604,0.061262,3.6892,-2.2174,-0.94512,-4.6305,-4.9636,-7.9412,-14.022,-9.8651,-7.0748
-4.3276,-3.0055,0.10902,3.8705,-2.3206,-1.0447,-4.5313,-4.7509,-7.8236,-14.458,-10.045,-7.0095
-4.4886,-3.2286,0.15561,4.0554,-2.4496,-1.1843,-4.4079,-4.5616,-7.7213,-14.913,-10.278,-6.9333
-4.6688,-3.4236,0.15623,4.2312,-2.5777,-1.3818,-4.2491,-4.4058,-7.6391,-15.407,-10.558,-6.849
-4.8503,-3.5887,0.091352,4.3886,-2.6837,-1.6334,-4.0492,-4.2885,-7.5753,-15.95,-10.865,-6.7648
-5.0211,-3.7223,-0.027693,4.523,-2.7598,-1.9117,-3.8123,-4.2072,-7.5214,-16.533,-11.167,-6.6926
-5.1792,-3.8204,-0.15903,4.6328,-2.8193,-2.1664,-3.5519,-4.1508,-7.4662,-17.135,-11.434,-6.6437
-5.3307,-3.8747,-0.24122,4.7169,-2.8952,-2.3365,-3.2855,-4.1044,-7.3961,-17.734,-11.651,-6.624
-5.4844,-3.8751,-0.21489,4.7734,-3.0253,-2.3687,-3.0255,-4.053,-7.298,-18.314,-11.822,-6.6314
-5.6447,-3.8143,-0.045287,4.8009,-3.2342,-2.2358,-2.7743,-3.9866,-7.1644,-18.871,-11.972,-6.6567
-5.8104,-3.695,0.26559,4.8014,-3.5224,-1.9456,-2.5251,-3.9015,-6.9969,-19.4,-12.137,-6.6882
-5.9752,-3.531,0.68204,4.7803,-3.8683,-1.535,-2.2685,-3.802,-6.809,-19.891,-12.348,-6.7171
-6.1325,-3.3429,1.1509,4.7464,-4.2391,-1.0546,-1.9977,-3.7,-6.6224,-20.334,-12.619,-6.7399
-6.2783,-3.1499,1.6224,4.7084,-4.6049,-0.55115,-1.7111,-3.6117,-6.4602,-20.722,-12.941,-6.7587
-6.413,-2.9649,2.0638,4.674,-4.9495,-0.058815,-1.4116,-3.5518,-6.3362,-21.06,-13.281,-6.7774
-6.5404,-2.7939,2.4624,4.6479,-5.2703,0.40367,-1.1051,-3.5273,-6.2471,-21.358,-13.59,-6.7997
-6.6623,-2.6377,2.8193,4.6317,-5.5706,0.83032,-0.79952,-3.5347,-6.1745,-21.627,-13.818,-6.8274
-6.7759,-2.4955,3.1431,4.6231,-5.8507,1.2211,-0.50389,-3.5613,-6.0951,-21.864,-13.928,-6.8603
-6.871,-2.3683,3.4439,4.6172,-6.1017,1.5736,-0.22721,-3.591,-5.9945,-22.048,-13.909,-6.897
-6.932,-2.2604,3.7239,4.6079,-6.3036,1.8763,0.024043,-3.6103,-5.8741,-22.151,-13.778,-6.9354
-6.9434,-2.1809,3.9679,4.5892,-6.4283,2.1082,0.24822,-3.6129,-5.7486,-22.15,-13.57,-6.9741
-6.8924,-2.1388,4.1409,4.5552,-6.4478,2.2435,0.44893,-3.5999,-5.6355,-22.029,-13.322,-7.012
-6.7728,-2.1372,4.1974,4.5006,-6.3494,2.2613,0.63362,-3.5782,-5.5436,-21.794,-13.057,-7.0485
-6.5857,-2.1684,4.0997,4.4212,-6.1366,2.1535,0.81158,-3.5568,-5.4647,-21.458,-12.785,-7.0835
-6.3402,-2.214,3.8351,4.3145,-5.8235,1.9286,0.99212,-3.545,-5.3789,-21.053,-12.507,-7.1171
-6.0522,-2.252,3.421,4.1825,-5.4291,1.6111,1.1821,-3.5499,-5.2622,-20.604,-12.222,-7.1486
-5.7438,-2.2661,2.8932,4.0335,-4.975,1.2336,1.3839,-3.5758,-5.0976,-20.129,-11.933,-7.175
-5.4404,-2.2541,2.2898,3.8836,-4.482,0.8258,1.595,-3.6226,-4.8811,-19.624,-11.644,-7.193
-5.1627,-2.2295,1.6419,3.7536,-3.9711,0.40962,1.8089,-3.6826,-4.6225,-19.069,-11.365,-7.1976
-4.9193,-2.2131,0.9765,3.658,-3.4624,0.0029976,2.0168,-3.746,-4.3402,-18.428,-11.098,-7.1833
-4.7021,-2.2204,0.32659,3.5962,-2.9735,-0.37251,2.2102,-3.8006,-4.0534,-17.667,-10.841,-7.1452
-4.495,-2.252,-0.25848,3.5525,-2.5188,-0.68647,2.3842,-3.836,-3.7756,-16.769,-10.58,-7.0819
-4.2887,-2.2968,-0.71683,3.5084,-2.1125,-0.90327,2.5397,-3.8466,-3.5115,-15.751,-10.291,-6.9947
-4.0903,-2.3418,-0.98964,3.4561,-1.776,-0.99426,2.6829,-3.8322,-3.2604,-14.661,-9.9662,-6.8885
-3.9225,-2.3789,-1.0404,3.4016,-1.5395,-0.94974,2.8202,-3.7961,-3.0139,-13.547,-9.6106,-6.7736
-3.8139,-2.4074,-0.86864,3.3594,-1.4328,-0.78426,2.9535,-3.7429,-2.7687,-12.441,-9.239,-6.6612
-3.7863,-2.4307,-0.51218,3.3441,-1.4692,-0.53528,3.0769,-3.6749,-2.5285,-11.354,-8.8723,-6.5589
-3.8468,-2.455,-0.039557,3.3641,-1.6334,-0.25604,3.1751,-3.594,-2.3071,-10.273,-8.5306,-6.4676
-3.9846,-2.4856,0.4615,3.4183,-1.8826,-0.0040416,3.2264,-3.4982,-2.117,-9.1781,-8.2257,-6.3814
-4.1748,-2.5255,0.89787,3.4969,-2.1574,0.17233,3.2117,-3.3839,-1.9638,-8.0469,-7.9561,-6.2896
-4.3826,-2.5739,1.1899,3.5847,-2.3933,0.24577,3.1231,-3.2522,-1.8404,-6.8744,-7.7083,-6.18
-4.5689,-2.6267,1.292,3.6644,-2.5354,0.21718,2.9661,-3.1082,-1.7292,-5.6718,-7.4641,-6.0419
-4.7005,-2.6772,1.2065,3.7204,-2.5532,0.1147,2.7531,-2.9607,-1.6106,-4.4538,-7.2182,-5.8697
-4.7594,-2.7186,0.98249,3.7416,-2.4514,-0.016186,2.4971,-2.8216,-1.4725,-3.2394,-6.9697,-5.668
-4.7475,-2.7458,0.69695,3.7236,-2.2671,-0.12864,2.2086,-2.7032,-1.3177,-2.0525,-6.7296,-5.446
-4.6809,-2.7557,0.42522,3.669,-2.0495,-0.19006,1.8958,-2.6148,-1.1612,-0.90942,-6.5131,-5.2214
-4.577,-2.7477,0.21615,3.5838,-1.8349,-0.18973,1.5664,-2.5599,-1.0254,0.17935,-6.3226,-5.012
-4.4452,-2.723,0.083072,3.4737,-1.6335,-0.13649,1.2288,-2.5306,-0.93359,1.2102,-6.1533,-4.8308
-4.2851,-2.6836,0.0073518,3.3418,-1.4363,-0.051686,0.89445,-2.512,-0.90355,2.1828,-5.9898,-4.6818
-4.0927,-2.6321,-0.050376,3.1903,-1.227,0.038227,0.5767,-2.4908,-0.94376,3.0929,-5.8116,-4.5603
-3.8673,-2.5725,-0.13302,3.024,-0.99434,0.10804,0.28883,-2.4599,-1.0508,3.9255,-5.5987,-4.4598
-3.6185,-2.5113,-0.26941,2.8532,-0.73852,0.13898,0.039921,-2.4247,-1.2077,4.655,-5.3445,-4.3776
-3.3661,-2.4569,-0.46661,2.6924,-0.47047,0.12242,-0.16714,-2.4013,-1.3859,5.2546,-5.0686,-4.3136
-3.1343,-2.4182,-0.7117,2.5571,-0.20855,0.060862,-0.33395,-2.4078,-1.5522,5.7084,-4.806,-4.2698
-2.9451,-2.4026,-0.97888,2.4594,0.02635,-0.035165,-0.46266,-2.4549,-1.6764,6.0254,-4.5807,-4.2462
-2.813,-2.4169,-1.2374,2.4062,0.21519,-0.1533,-0.55283,-2.5387,-1.7455,6.2321,-4.399,-4.2365
-2.7436,-2.468,-1.4604,2.4004,0.34466,-0.28529,-0.60099,-2.6417,-1.7605,6.368,-4.2474,-4.2321
-2.735,-2.563,-1.6327,2.442,0.41069,-0.42993,-0.60291,-2.7407,-1.7342,6.4702,-4.1011,-4.226
-2.7803,-2.7063,-1.7542,2.5289,0.41798,-0.59208,-0.55775,-2.8157,-1.6815,6.5598,-3.9376,-4.2153
-2.87,-2.897,-1.836,2.6571,0.37795,-0.77795,-0.47216,-2.8616,-1.6161,6.6345,-3.7485,-4.2023
-2.9943,-3.1272,-1.8928,2.8198,0.30448,-0.98846,-0.36157,-2.8896,-1.5459,6.6693,-3.5454,-4.1945
-3.1459,-3.3835,-1.9355,3.0087,0.21012,-1.2149,-0.24719,-2.9184,-1.4752,6.6356,-3.3538,-4.2022
-3.3201,-3.6511,-1.9687,3.2161,0.10418,-1.4406,-0.1491,-2.9662,-1.4077,6.5144,-3.2013,-4.2356
-3.5155,-3.9194,-1.9921,3.437,-0.007267,-1.6477,-0.078805,-3.0403,-1.351,6.3021,-3.0979,-4.2999
-3.7321,-4.1837,-2.0043,3.6691,-0.12064,-1.8239,-0.035153,-3.1322,-1.3174,6.0202,-3.0413,-4.3897
-3.9692,-4.4442,-2.0045,3.9117,-0.23432,-1.9647,-0.0062256,-3.2204,-1.3204,5.7115,-3.0123,-4.4938
-4.2224,-4.7017,-1.9936,4.1617,-0.34806,-2.073,0.023849,-3.2799,-1.3675,5.4273,-2.9842,-4.5946
-4.4827,-4.9528,-1.9737,4.4112,-0.46183,-2.1547,0.066676,-3.2923,-1.4529,5.2097,-2.9414,-4.6765
-4.7364,-5.1885,-1.9471,4.6473,-0.57462,-2.2169,0.1239,-3.2556,-1.5552,5.0779,-2.8775,-4.7316
-4.9688,-5.3978,-1.9166,4.8569,-0.68428,-2.2658,0.18721,-3.1843,-1.6437,5.0252,-2.8052,-4.7596
-5.1693,-5.5736,-1.8851,5.0317,-0.78853,-2.3089,0.24281,-3.1032,-1.6912,5.0262,-2.7457,-4.7687
-5.3357,-5.7182,-1.8561,5.1726,-0.88631,-2.3555,0.27859,-3.0386,-1.6877,5.0487,-2.7304,-4.7705
-5.4738,-5.8439,-1.8338,5.2889,-0.97804,-2.4164,0.29061,-3.0091,-1.6464,5.0652,-2.7821,-4.7751
-5.5939,-5.9689,-1.8222,5.3943,-1.0643,-2.5012,0.28587,-3.0203,-1.6003,5.0592,-2.9077,-4.7879
-5.704,-6.1091,-1.8255,5.5,-1.1436,-2.6136,0.27964,-3.0648,-1.5868,5.0282,-3.0964,-4.8079
-5.804,-6.2704,-1.847,5.6092,-1.2106,-2.7491,0.28873,-3.1263,-1.6301,4.9813,-3.3249,-4.8275
-5.8849,-6.4447,-1.8896,5.7147,-1.2565,-2.8948,0.32355,-3.1873,-1.7303,4.9326,-3.5665,-4.8343
-5.932,-6.6128,-1.9559,5.802,-1.2709,-3.0347,0.38268,-3.2362,-1.8663,4.8923,-3.8004,-4.8156
-5.9329,-6.7527,-2.0483,5.8561,-1.2449,-3.1566,0.45263,-3.2721,-2.0087,4.8608,-4.0172,-4.7629
-5.8837,-6.8491,-2.1694,5.8689,-1.1745,-3.2577,0.51331,-3.3042,-2.1367,4.8281,-4.2178,-4.6768
-5.7922,-6.8989,-2.3207,5.8424,-1.062,-3.3456,0.54638,-3.347,-2.2476,4.7798,-4.407,-4.5688
-5.6744,-6.9099,-2.5031,5.7869,-0.91567,-3.4349,0.54315,-3.4127,-2.3557,4.7041,-4.5863,-4.4589
-5.5472,-6.8945,-2.7168,5.715,-0.74582,-3.5394,0.50828,-3.5053,-2.481,4.5974,-4.7504,-4.3686
-5.4202,-6.8626,-2.9605,5.6358,-0.56149,-3.665,0.45748,-3.6186,-2.6374,4.4637,-4.89,-4.3125
-5.2927,-6.8175,-3.2273,5.5513,-0.3686,-3.8046,0.41084,-3.7392,-2.8241,4.3096,-4.9979,-4.2943
-5.1564,-6.7556,-3.4998,5.4582,-0.1719,-3.9387,0.38567,-3.8527,-3.0263,4.1363,-5.0729,-4.3075
-5.0039,-6.6704,-3.7494,5.3524,0.020825,-4.0393,0.39203,-3.9501,-3.2236,3.9352,-5.1216,-4.3414
-4.8361,-6.5585,-3.9423,5.2342,0.19587,-4.0789,0.43196,-4.0306,-3.4003,3.6885,-5.1553,-4.3858
-4.6654,-6.4251,-4.0495,5.1113,0.33507,-4.04,0.50202,-4.1004,-3.5543,3.3748,-5.1871,-4.4344
-4.5121,-6.2839,-4.0556,4.9976,0.42151,-3.9217,0.59627,-4.1688,-3.6978,2.9762,-5.2277,-4.4837
-4.3963,-6.1519,-3.9648,4.9073,0.44632,-3.7414,0.70822,-4.2426,-3.8512,2.4855,-5.283,-4.5323
-4.3287,-6.0417,-3.7995,4.8489,0.41255,-3.5293,0.83232,-4.3225,-4.0323,1.9112,-5.3513,-4.5788
-4.306,-5.9545,-3.5931,4.8201,0.33439,-3.3189,0.96638,-4.4019,-4.245,1.2792,-5.4221,-4.622
-4.3123,-5.8776,-3.379,4.8081,0.23217,-3.1355,1.1142,-4.4667,-4.4745,0.6304,-5.4768,-4.6607
-4.3258,-5.7878,-3.1812,4.7935,0.12545,-2.99,1.2867,-4.4994,-4.6906,0.01204,-5.4919,-4.6935
-4.3259,-5.6568,-3.0105,4.7549,0.027313,-2.8779,1.5013,-4.4838,-4.8579,-0.53449,-5.4459,-4.7194
-4.2989,-5.459,-2.8671,4.6739,-0.058269,-2.7837,1.7789,-4.4102,-4.948,-0.98506,-5.3262,-4.7384
-4.24,-5.1755,-2.7443,4.538,-0.13598,-2.6831,2.14,-4.2782,-4.9478,-1.3377,-5.1334,-4.7514
-4.1517,-4.7924,-2.6276,4.3398,-0.21725,-2.5415,2.6021,-4.0939,-4.8606,-1.6069,-4.8784,-4.7596
-4.0411,-4.2943,-2.4909,4.0749,-0.31765,-2.3098,3.1805,-3.864,-4.6979,-1.8085,-4.5755,-4.7606
-3.9146,-3.6553,-2.2973,3.736,-0.45358,-1.9236,3.8936,-3.5889,-4.4683,-1.9442,-4.2336,-4.7448
-3.7742,-2.8327,-2.0015,3.3092,-0.63915,-1.3123,4.7708,-3.2596,-4.1675,-1.994,-3.8532,-4.6947
-3.616,-1.7648,-1.5462,2.7738,-0.88496,-0.42411,5.857,-2.8611,-3.7757,-1.9223,-3.4297,-4.5887
-3.4337,-0.37408,-0.83889,2.1082,-1.1999,0.75548,7.208,-2.3796,-3.2629,-1.6939,-2.9621,-4.4088
-3.2237,1.4246,0.29277,1.2989,-1.5941,2.296,8.8742,-1.8088,-2.5978,-1.29,-2.4582,-4.1463
-2.9883,3.713,2.088,0.34676,-2.0785,4.3781,10.878,-1.1505,-1.7565,-0.71594,-1.9331,-3.8037
-2.7335,6.5528,4.6063,-0.73846,-2.6598,7.1352,13.189,-0.40647,-0.72616,0.0027501,-1.3998,-3.3914
-2.4626,9.9604,7.5837,-1.9522,-3.3318,10.612,15.717,0.42809,0.49489,0.83495,-0.86043,-2.9208
-2.1707,13.9,10.78,-3.3136,-4.0725,14.794,18.331,1.3768,1.8998,1.7465,-0.30169,-2.3988
-1.8428,18.29,14.168,-4.8659,-4.845,19.579,20.897,2.4869,3.4774,2.7136,0.30032,-1.8257
-1.4538,23.002,17.834,-6.6736,-5.6003,24.742,23.318,3.8269,5.2228,3.7286,0.97019,-1.1973
-0.96988,27.864,21.853,-8.8165,-6.2863,29.944,25.547,5.4802,7.1419,4.802,1.7241,-0.50635
-0.34574,32.703,26.229,-11.389,-6.8543,34.892,27.579,7.5341,9.2665,5.9578,2.566,0.25937
0.47166,37.401,30.841,-14.491,-7.2711,39.467,29.439,10.064,11.657,7.2239,3.4903,1.1192
1.5435,41.923,35.391,-18.179,-7.527,43.618,31.156,13.106,14.39,8.6197,4.487,2.0992
2.9348,46.284,39.453,-22.341,-7.6299,47.289,32.739,16.615,17.52,10.147,5.5453,3.2256
4.7052,50.475,42.648,-26.645,-7.5868,50.465,34.176,20.433,21.03,11.791,6.6573,4.5128
6.8905,54.417,44.775,-30.695,-7.3915,53.208,35.45,24.311,24.786,13.523,7.8055,5.9509
9.4772,58.01,45.791,-34.293,-7.0269,55.58,36.575,27.974,28.556,15.307,8.9624,7.5006
12.393,61.212,45.739,-37.472,-6.4772,57.545,37.616,31.203,32.091,17.102,10.09,9.1018
15.529,64.049,44.751,-40.356,-5.7362,59.024,38.663,33.875,35.217,18.854,11.142,10.684
18.775,66.567,43.077,-43.046,-4.8107,59.998,39.705,35.957,37.862,20.502,12.076,12.184
22.032,68.811,41.084,-45.584,-3.7237,60.547,40.409,37.489,40.036,21.984,12.862,13.559
25.205,70.844,39.172,-47.972,-2.519,60.86,40.249,38.54,41.797,23.257,13.494,14.786
28.201,72.786,37.612,-50.203,-1.2639,61.162,38.892,39.174,43.224,24.304,13.987,15.86
30.942,74.789,36.444,-52.311,-0.041288,61.605,36.135,39.407,44.382,25.127,14.371,16.78
33.384,76.94,35.533,-54.387,1.0741,62.201,31.726,39.179,45.291,25.732,14.664,17.542
35.518,79.13,34.674,-56.525,2.0443,62.839,25.51,38.355,45.895,26.107,14.859,18.13
37.342,81.062,33.642,-58.66,2.88,63.318,17.752,36.774,46.053,26.222,14.92,18.523
38.831,82.353,32.213,-60.439,3.6285,63.37,9.2616,34.331,45.549,26.065,14.799,18.701
39.935,82.669,30.197,-61.403,4.3513,62.717,1.1761,31.106,44.145,25.651,14.465,18.658
40.62,81.812,27.513,-61.321,5.1044,61.163,-5.3079,27.403,41.695,25.03,13.921,18.394
40.896,79.75,24.268,-60.271,5.9263,58.68,-9.1882,23.583,38.278,24.25,13.199,17.909
40.794,76.56,20.725,-58.481,6.827,55.421,-10.175,19.857,34.204,23.327,12.346,17.2
40.328,72.351,17.171,-56.167,7.7772,51.656,-9.1812,16.245,29.868,22.237,11.401,16.271
39.49,67.274,13.779,-53.474,8.7062,47.641,-7.8093,12.699,25.565,20.932,10.378,15.132
38.277,61.642,10.594,-50.484,9.5163,43.515,-7.1906,9.2157,21.373,19.355,9.2593,13.794
36.714,55.919,7.6243,-47.254,10.113,39.304,-7.5845,5.8768,17.225,17.469,8.003,12.264
34.858,50.442,4.9384,-43.838,10.433,35.007,-8.7695,2.8099,13.061,15.271,6.575,10.538
32.781,45.279,2.6653,-40.293,10.463,30.669,-10.39,0.10317,8.9301,12.8,4.9677,8.6228
30.544,40.38,0.87708,-36.67,10.243,26.427,-12.083,-2.2361,4.9793,10.128,3.2099,6.5489
28.172,35.707,-0.49267,-32.999,9.8638,22.493,-13.588,-4.2575,1.3738,7.351,1.358,4.3886
25.664,31.201,-1.5834,-29.255,9.4305,19.01,-14.798,-6.0255,-1.7846,4.5616,-0.525,2.2432
23,26.712,-2.5003,-25.357,9.0085,15.941,-15.706,-7.599,-4.49,1.8253,-2.3921,0.20865
20.167,22.056,-3.2783,-21.256,8.589,13.123,-16.345,-9.0334,-6.8126,-0.83841,-4.2241,-1.6568
17.184,17.26,-3.901,-17.065,8.1024,10.412,-16.763,-10.392,-8.86,-3.4545,-6.0274,-3.3421
14.117,12.671,-4.3305,-13.043,7.4723,7.783,-17.017,-11.755,-10.751,-6.0734,-7.8221,-4.8714
11.059,8.637,-4.533,-9.4004,6.66,5.3429,-17.165,-13.222,-12.61,-8.745,-9.6287,-6.2875
8.0827,5.2333,-4.4932,-6.1835,5.6668,3.2469,-17.261,-14.919,-14.573,-11.499,-11.46,-7.6455
5.2301,2.3704,-4.2209,-3.3367,4.5188,1.6026,-17.33,-17.001,-16.794,-14.338,-13.322,-9.0166
2.5391,-0.048603,-3.7546,-0.79945,3.2656,0.41427,-17.358,-19.639,-19.426,-17.248,-15.216,-10.494
0.062956,-2.0898,-3.1654,1.4534,1.9891,-0.4094,-17.303,-22.961,-22.58,-20.212,-17.142,-12.184
-2.1313,-3.8111,-2.5534,3.4153,0.79674,-1.0055,-17.118,-26.964,-26.25,-23.208,-19.102,-14.183
-3.9836,-5.2837,-2.0272,5.0742,-0.21068,-1.5101,-16.772,-31.436,-30.288,-26.21,-21.099,-16.537
-5.4768,-6.5968,-1.6723,6.4489,-0.97899,-2.0293,-16.254,-36.011,-34.457,-29.187,-23.136,-19.234
-6.6617,-7.8493,-1.5261,7.6097,-1.5223,-2.6258,-15.574,-40.353,-38.521,-32.098,-25.214,-22.236
-7.6429,-9.1299,-1.5706,8.6659,-1.9118,-3.3168,-14.763,-44.28,-42.313,-34.89,-27.33,-25.521
-8.5377,-10.497,-1.744,9.7314,-2.2372,-4.0823,-13.863,-47.748,-45.732,-37.509,-29.478,-29.077
-9.4445,-11.961,-1.9682,10.896,-2.5682,-4.8807,-12.915,-50.782,-48.734,-39.9,-31.642,-32.846
-10.431,-13.488,-2.182,12.208,-2.9361,-5.6668,-11.945,-53.431,-51.327,-42.032,-33.798,-36.669
-11.53,-15.021,-2.364,13.667,-3.3381,-6.4076,-10.966,-55.753,-53.56,-43.907,-35.919,-40.305
-12.741,-16.521,-2.5278,15.232,-3.7518,-7.0917,-9.9829,-57.817,-55.501,-45.564,-37.977,-43.536
-14.033,-17.99,-2.6969,16.848,-4.152,-7.7277,-9.0005,-59.695,-57.221,-47.067,-39.943,-46.259
-15.377,-19.47,-2.8777,18.492,-4.5259,-8.3313,-8.0306,-61.45,-58.772,-48.472,-41.791,-48.492
-16.772,-21.018,-3.0461,20.188,-4.8854,-8.9086,-7.0924,-63.122,-60.185,-49.796,-43.495,-50.317
-18.254,-22.66,-3.1515,21.983,-5.2677,-9.4439,-6.2061,-64.726,-61.475,-50.997,-45.032,-51.823
-19.873,-24.348,-3.1323,23.902,-5.7272,-9.8918,-5.3845,-66.253,-62.644,-51.98,-46.383,-53.086
-21.681,-25.963,-2.9353,25.906,-6.3274,-10.18,-4.6254,-67.669,-63.685,-52.632,-47.537,-54.162
-23.722,-27.342,-2.5314,27.886,-7.145,-10.231,-3.9085,-68.908,-64.577,-52.861,-48.512,-55.105
-26.061,-28.348,-1.923,29.732,-8.3038,-9.9863,-3.1954,-69.859,-65.281,-52.632,-49.383,-55.99
-28.788,-28.904,-1.1273,31.418,-10.072,-9.4528,-2.4234,-70.371,-65.751,-52.002,-50.321,-56.93
-31.964,-28.991,-0.033494,33.021,-13.066,-8.7393,-1.443,-70.313,-65.945,-51.128,-51.627,-58.067
-35.545,-28.634,2.0767,34.657,-17.339,-8.1571,0.31129,-69.7,-65.849,-50.287,-53.717,-59.546
-39.275,-27.89,3.1614,36.366,-18.903,-8.9387,2.1338,-68.867,-65.487,-49.844,-57.006,-61.441
-41.775,-26.825,3.2912,38.058,-18.853,-11.149,2.9134,-68.829,-64.888,-50.172,-61.457,-63.23
-42.123,-25.48,4.144,39.607,-18.629,-10.997,4.0211,-70.95,-64.051,-51.487,-65.195,-63.39
-42.029,-23.858,5.4535,40.963,-18.768,-9.9612,4.8879,-73.421,-63.03,-53.653,-64.814,-62.496
-42.566,-21.953,6.5836,42.142,-19.573,-8.7086,6.0029,-74.042,-62.345,-56.059,-63.13,-61.424
-44.245,-19.796,8.2832,43.159,-21.512,-6.5538,8.287,-71.946,-62.639,-57.738,-62.884,-61.062
-47.821,-17.498,11.88,43.956,-25.775,-2.8944,13.153,-65.702,-61.164,-57.629,-64.153,-62.678
-55.273,-15.277,20.396,44.739,-35.016,2.5317,22.743,-54.201,-55.287,-54.613,-67.004,-67.696
-69.071,-13.446,40.39,48.736,-52.745,10.657,40.106,-36.631,-47.458,-49.543,-73.643,-79.381
-89.086,-12.577,70.948,58.138,-78.078,24.086,67.481,-12.894,-38.732,-63.902,-89.083,-101.45
-112.15,-14.091,99.513,67.77,-104.57,42.078,102.07,16.424,-29.32,-71.659,-116.62,-133.98
-134.07,-16.887,125.88,77.358,-129.1,57.664,139.98,50.865,-18.849,-76.425,-157.59,-172.96
-151.7,-16.342,147.22,84.922,-149.29,69.183,175.59,91.22,-6.0479,-81.326,-207.2,-213.74
-161.9,-13.911,160.46,88.226,-161.77,77.548,204.99,140.57,11.753,-85.956,-254.99,-251.94
-161.08,-10.245,163.6,85.164,-163.35,82.295,228.3,203.54,40.784,-89.572,-294.13,-282.62
-146.14,-5.4609,155.35,73.698,-151.4,81.17,246.01,284.92,84.99,-88.649,-317.64,-300.06
-113.95,0.69377,133.12,51.889,-124.14,74.776,257.71,389.6,143.14,-76.989,-315.95,-297.22
-61.065,10.098,93.827,17.904,-78.211,62.322,262.43,519.83,219.87,-40.431,-278.97,-266.45
15.846,27.025,33.941,-29.98,-9.2698,41.703,258.05,671.1,318.71,55.811,-196.12,-199.98
119.41,54.353,-49,-93.018,84.959,11.592,240.83,830.25,438.83,201.83,-56.673,-90.639
249.52,87.232,-153.19,-171.54,202.96,-26.445,206.22,977.02,576.16,373.54,143.74,63.639
401.44,124.97,-270.39,-264.92,338.02,-66.711,150.69,1090.2,724.96,587.4,403.38,263.51
565.74,175.69,-385.79,-371.41,477.98,-99.219,73.239,1151.9,878.47,842.75,720.67,508.57
729.62,245.93,-480.8,-487.68,607.24,-111.81,-24.33,1148.4,1029.4,1133.8,1085.8,792.3
879.28,338.91,-538.23,-608.36,710.61,-94.22,-137.1,1074.4,1170.3,1448.8,1481.7,1102.2
1002.6,452.39,-548.21,-726.12,777.45,-42.61,-256.88,936.32,1294,1769.3,1885,1420.1
1091.7,577.05,-512.1,-832.21,804.42,37.599,-373.09,751.45,1393.3,2070.2,2267,1724
1143.6,697.37,-442.62,-917.48,795.9,132.19,-474.76,543.6,1460.7,2322.8,2596.9,1990
1159.8,795.19,-359.68,-973.74,762.17,222.14,-552.83,336.91,1488.3,2498,2844.7,2195.4
1144,854.76,-283.03,-995.24,715.07,289.8,-601.76,149.79,1467.6,2572.5,2986,2321.4
1099.4,867.24,-225.15,-979.62,663.01,324.5,-619.83,-8.8984,1391.5,2533,3005.2,2355.5
1028.2,832.58,-188.15,-927.95,608.27,325.15,-608.68,-140.57,1256.1,2378.5,2897.6,2293.7
931.19,758.3,-165.64,-844.23,548.24,298.68,-572.82,-253.83,1063.1,2120.7,2670,2140.2
810.19,656.17,-147.81,-734.76,479.01,255.95,-518.59,-358.56,821.54,1781.1,2339.6,1907.4
669.73,538.66,-126.75,-607.68,398.98,207.22,-452.96,-460.3,548.35,1388,1933.3,1614.2
518.34,416.57,-99.959,-472.43,311.14,159.19,-382.86,-557.58,267.12,975.17,1486.7,1285.7
368.26,297.84,-71.003,-339.05,223.48,114.17,-314.78,-642.64,5.6679,579.46,1041.6,951.9
233.16,188.2,-45.316,-217.43,145.64,71.901,-254.16,-704.6,-208.36,237.8,641.81,644.19
124.64,93.259,-29.854,-116.25,83.93,32.46,-204.84,-733.68,-353.09,-18.372,324.91,390.68
48.177,19.921,-25.822,-41.182,40.626,-1.9417,-168.56,-724.85,-418.48,-169.46,114.84,209.8
7.2374,-24.985,-26.616,4.7535,24.019,-27.532,-143.92,-679.17,-410.83,-216.63,16.161,105.96
-5.9115,-44.04,-27.441,24.107,21.477,-40.579,-127.78,-602.87,-350.39,-183.39,9.3957,68.945
-4.8085,-44.306,-27.034,24.989,22.446,-41.131,-115.71,-505.24,-262.37,-104.1,59.149,78.698
3.6148,-31.688,-25.325,14.79,23.662,-32.212,-103.19,-396.79,-169.28,-11.177,127.05,111.65
13.635,-13.358,-22.366,0.72722,24.539,-17.308,-88.071,-288.11,-87.085,72.555,184.85,147.7
21.644,3.5577,-17.791,-11.769,24.907,-3.3411,-71.048,-189.04,-22.236,129.38,219.01,173.05
27.16,15.554,-13.419,-20.737,24.964,4.4932,-54.102,-107.74,14.984,151.42,226.52,181.59
31.09,22.587,-10.061,-26.455,25.073,7.6606,-38.774,-47.928,29.046,147.23,211.24,173.92
25.805,11.02,-8.0835,-18.699,20.547,4.9596,-26.665,-13.102,32.739,126.47,180.94,154.13
13.941,3.1024,-6.9725,-7.0328,15.606,3.1733,-18.478,1.0652,31.797,102.36,143.35,126.82
12.014,3.3583,-6.0516,-6.4188,13.52,4.0059,-12.29,3.9896,29.499,82.17,115.06,100.67
11.702,3.6508,-4.9343,-6.6958,12.17,3.8557,-7.4765,-0.088548,23.274,60.545,91.453,82.806
10.84,2.6503,-3.6447,-5.9618,10.538,2.3846,-3.8149,-6.473,15.409,39.02,67.9,65.545
8.9752,1.3354,-2.4463,-4.4928,8.3833,1.2142,-0.39697,-11.215,1.5512,29.931,51.285,48.115
6.2922,0.12001,-1.4501,-2.6902,5.9352,0.75181,3.7207,-12.219,-5.0725,28.035,43.381,35.443
3.2402,-1.1598,-0.64666,-0.67738,3.5516,0.42841,7.5971,-9.611,-4.4471,25.6,35.626,26.072
0.32719,-2.5745,-0.058811,1.4064,1.5196,-0.063246,8.7001,-6.8861,-4.6354,21.386,27.445,17.193
-2.0925,-4.024,0.28875,3.3411,0.0028619,-0.78199,8.9982,-5.2927,-5.3648,16.711,20.248,9.3662
-3.8372,-5.3118,0.42024,4.8844,-0.95636,-1.5982,9.8956,-4.3008,-6.2076,12.439,14.289,3.5356
-4.8896,-6.2988,0.41134,5.9011,-1.4209,-2.3315,11.07,-3.651,-6.9428,8.9526,9.0028,0.23164
-5.42,-6.9731,0.36235,6.4506,-1.5426,-2.8584,12.313,-3.1234,-7.5041,6.2628,4.6418,-1.6773
-5.694,-7.3918,0.36481,6.7047,-1.525,-3.1313,13.625,-2.554,-7.8882,4.2433,1.3244,-3.9603
-5.8975,-7.6228,0.47176,6.8148,-1.5278,-3.1658,15.012,-1.8536,-8.1096,2.7587,-1.1445,-5.9036
-6.0778,-7.7244,0.68074,6.858,-1.596,-3.0226,16.353,-0.99458,-8.1834,1.6769,-2.98,-7.1406
-6.2074,-7.7349,0.94049,6.8519,-1.6869,-2.7823,17.479,0.013319,-8.1191,0.88597,-4.3459,-7.8689
-6.2453,-7.6671,1.1792,6.7864,-1.7348,-2.5207,18.296,1.1383,-7.9241,0.31333,-5.345,-8.2853
-6.1657,-7.5161,1.34,6.6498,-1.6975,-2.2924,18.806,2.3322,-7.6099,-0.072523,-6.031,-8.5043
-5.9704,-7.2809,1.4033,6.4441,-1.57,-2.1244,19.076,3.5389,-7.1959,-0.27893,-6.4307,-8.5875
-5.6879,-6.9796,1.3848,6.186,-1.3757,-2.017,19.197,4.7069,-6.7077,-0.31388,-6.5635,-8.5686
-5.3594,-6.6453,1.3211,5.899,-1.1511,-1.9503,19.259,5.8028,-6.1703,-0.20457,-6.4545,-8.467
-5.0239,-6.3115,1.2541,5.6051,-0.93239,-1.8955,19.325,6.8185,-5.6019,-0.002516,-6.1377,-8.2953
-4.7102,-6.0024,1.2184,5.323,-0.74488,-1.8278,19.42,7.7696,-5.0113,0.22408,-5.6524,-8.064
-4.4338,-5.733,1.2299,5.0666,-0.5975,-1.7373,19.53,8.6886,-4.3989,0.4062,-5.0371,-7.7854
-4.1973,-5.5108,1.2788,4.845,-0.48219,-1.6341,19.609,9.6162,-3.7588,0.4919,-4.3261,-7.4718
-3.9935,-5.3361,1.3324,4.6603,-0.37885,-1.5435,19.605,10.595,-3.0816,0.45924,-3.5498,-7.1332
-3.8102,-5.2032,1.3487,4.5082,-0.26423,-1.4951,19.483,11.664,-2.3559,0.31915,-2.7354,-6.7736
-3.6358,-5.1023,1.2954,4.3805,-0.12077,-1.5095,19.245,12.856,-1.5717,0.10877,-1.9054,-6.3887
-3.4634,-5.0236,1.1625,4.2695,0.057757,-1.5904,18.92,14.192,-0.72271,-0.11884,-1.0738,-5.9663
-3.2925,-4.9603,0.96478,4.171,0.26472,-1.7256,18.565,15.692,0.19193,-0.30398,-0.23992,-5.4879
-3.1277,-4.9095,0.73387,4.0848,0.48317,-1.8924,18.241,17.369,1.1697,-0.38866,0.61434,-4.9334
-2.9742,-4.8716,0.50917,4.0124,0.6912,-2.0658,17.997,19.247,2.2076,-0.32625,1.5221,-4.2866
-2.8339,-4.848,0.32648,3.953,0.86876,-2.2243,17.844,21.354,3.3045,-0.090358,2.5218,-3.5407
-2.7024,-4.8389,0.20741,3.9027,1.0037,-2.3545,17.751,23.716,4.4597,0.32222,3.6442,-2.7011
-2.5694,-4.8435,0.1527,3.8548,1.0951,-2.4544,17.666,26.334,5.6694,0.89655,4.9021,-1.7817
-2.4214,-4.8597,0.14238,3.8027,1.1534,-2.533,17.536,29.161,6.9251,1.6093,6.2881,-0.79365
-2.245,-4.8858,0.14213,3.7415,1.1976,-2.6083,17.329,32.11,8.2176,2.4375,7.7789,0.26755
-2.0311,-4.9204,0.11302,3.669,1.2516,-2.7025,17.042,35.08,9.5442,3.3646,9.342,1.4304
-1.777,-4.9625,0.020845,3.5847,1.3403,-2.8365,16.698,38.005,10.916,4.3818,10.943,2.7423
-1.4836,-5.0092,-0.15809,3.4875,1.4859,-3.0245,16.33,40.871,12.361,5.4863,12.556,4.2502
-1.1501,-5.0531,-0.43412,3.3719,1.7062,-3.2704,15.965,43.718,13.923,6.679,14.176,5.9759
-0.76899,-5.0794,-0.80213,3.2251,2.0121,-3.5639,15.613,46.618,15.66,7.9643,15.827,7.8985
-0.32511,-5.0668,-1.2407,3.0281,2.4056,-3.8813,15.264,49.642,17.628,9.3558,17.566,9.9586
0.20038,-4.9909,-1.7159,2.7582,2.8784,-4.1897,14.898,52.839,19.875,10.882,19.475,12.085
0.82625,-4.8316,-2.1911,2.3933,3.4147,-4.4567,14.492,56.221,22.42,12.589,21.649,14.228
1.5682,-4.5779,-2.6397,1.9155,3.9972,-4.6603,14.026,59.763,25.238,14.53,24.188,16.373
2.4377,-4.2309,-3.051,1.3151,4.6171,-4.7938,13.483,63.406,28.261,16.75,27.173,18.533
3.4433,-3.8026,-3.428,0.59378,5.2878,-4.8618,12.851,67.079,31.389,19.275,30.639,20.725
4.5952,-3.3124,-3.778,-0.23549,6.0545,-4.8723,12.12,70.724,34.532,22.097,34.543,22.961
5.911,-2.7829,-4.1078,-1.1522,6.9992,-4.8313,11.297,74.311,37.627,25.188,38.778,25.267
7.4186,-2.2348,-4.4268,-2.1359,8.2403,-4.7403,10.406,77.848,40.653,28.52,43.229,27.707
9.1518,-1.6806,-4.7552,-3.1742,9.9098,-4.5958,9.4869,81.373,43.625,32.086,47.845,30.398
11.141,-1.1201,-5.1294,-4.2664,12.076,-4.3921,8.5812,84.942,46.584,35.926,52.647,33.499
13.401,-0.54201,-5.6005,-5.4247,14.628,-4.1322,7.7226,88.607,49.581,40.128,57.687,37.154
15.917,0.068706,-6.2226,-6.6713,17.281,-3.8393,6.9278,92.405,52.665,44.817,62.988,41.386
18.643,0.72107,-7.0395,-8.0341,19.772,-3.5594,6.1949,96.347,55.866,50.111,68.51,45.979
21.509,1.4116,-8.0818,-9.5428,22.029,-3.3544,5.5087,100.43,59.197,56.05,74.17,50.554
24.435,2.1238,-9.3869,-11.225,24.134,-3.2883,4.8494,104.65,62.67,62.524,79.887,54.828
27.364,2.8356,-11.012,-13.106,26.214,-3.4068,4.2033,108.99,66.309,69.26,85.635,58.787
30.282,3.5295,-13.008,-15.206,28.384,-3.7202,3.5681,113.46,70.148,75.918,91.434,62.598
33.215,4.2014,-15.371,-17.552,30.712,-4.1978,2.952,118.09,74.215,82.235,97.328,66.436
36.211,4.8614,-17.999,-20.159,33.222,-4.7772,2.3662,122.89,78.512,88.112,103.34,70.39
39.312,5.5264,-20.739,-23.009,35.901,-5.3846,1.8163,127.85,83.014,93.591,109.44,74.47
42.545,6.2119,-23.463,-26.016,38.717,-5.9544,1.2982,132.96,87.665,98.787,115.59,78.645
45.915,6.9301,-26.116,-29.042,41.648,-6.4435,0.79826,138.21,92.378,103.83,121.72,82.882
49.426,7.6958,-28.698,-31.949,44.681,-6.8353,0.29635,143.62,97.065,108.83,127.81,87.159
53.089,8.5404,-31.215,-34.662,47.812,-7.1362,-0.22938,149.21,101.67,113.86,133.88,91.475
56.92,9.5257,-33.668,-37.175,51.024,-7.366,-0.79948,155.03,106.21,119,140,95.846
60.931,10.752,-36.049,-39.544,54.286,-7.5482,-1.4331,161.15,110.72,124.28,146.25,100.3
65.115,12.358,-38.349,-41.873,57.553,-7.7017,-2.1516,167.68,115.3,129.74,152.72,104.86
69.451,14.498,-40.559,-44.315,60.789,-7.8325,-2.9849,174.7,120.1,135.46,159.47,109.61
73.929,17.298,-42.662,-47.063,63.984,-7.9286,-3.9752,182.23,125.24,141.47,166.54,114.62
78.564,20.779,-44.633,-50.312,67.159,-7.9661,-5.1727,190.19,130.83,147.87,173.92,119.99
83.38,24.806,-46.469,-54.177,70.368,-7.9226,-6.6222,198.48,136.92,154.74,181.61,125.77
88.383,29.124,-48.205,-58.597,73.668,-7.7888,-8.3471,207.03,143.49,162.17,189.57,131.92
93.534,33.465,-49.91,-63.303,77.089,-7.5685,-10.341,215.86,150.44,170.23,197.8,138.31
98.762,37.647,-51.658,-67.97,80.6,-7.2739,-12.551,225.01,157.61,178.93,206.3,144.79
104.01,41.609,-53.502,-72.457,84.12,-6.9214,-14.862,234.54,164.84,188.23,215.07,151.24
109.3,45.371,-55.454,-76.852,87.59,-6.5277,-17.119,244.44,172.11,198.04,224.15,157.65
114.66,48.986,-57.491,-81.323,91.03,-6.1092,-19.21,254.74,179.52,208.23,233.59,164.1
120.15,52.501,-59.59,-85.982,94.546,-5.6817,-21.102,265.41,187.29,218.75,243.47,170.8
125.83,55.944,-61.762,-90.841,98.279,-5.2618,-22.821,276.52,195.59,229.61,253.9,177.99
131.8,59.313,-64.076,-95.847,102.37,-4.8657,-24.412,288.14,204.51,240.88,265,185.91
138.17,62.601,-66.66,-100.94,106.91,-4.5063,-25.919,300.36,214.05,252.67,276.83,194.73
145.1,65.829,-69.675,-106.09,111.98,-4.1907,-27.381,313.17,224.1,265.1,289.4,204.47
152.59,69.076,-73.224,-111.36,117.55,-3.9193,-28.836,326.52,234.57,278.3,302.59,214.92
160.48,72.501,-77.223,-116.83,123.5,-3.6881,-30.321,340.31,245.31,292.37,316.24,225.78
168.49,76.307,-81.394,-122.54,129.57,-3.4936,-31.866,354.41,256.27,307.34,330.27,236.73
176.4,80.601,-85.433,-128.44,135.49,-3.335,-33.483,368.71,267.45,323.11,344.69,247.59
184.15,85.239,-89.182,-134.47,141.16,-3.2128,-35.156,383.11,278.97,339.48,359.59,258.39
191.77,89.897,-92.654,-140.6,146.63,-3.123,-36.857,397.54,291,356.15,375.12,269.34
199.38,94.373,-96,-146.82,152.1,-3.0517,-38.58,412.03,303.66,372.87,391.35,280.72
207.19,98.702,-99.454,-153.19,157.89,-2.9737,-40.355,426.65,316.95,389.52,408.31,292.74
215.54,103.05,-103.26,-159.83,164.31,-2.8581,-42.254,441.53,330.74,406.15,425.94,305.52
224.77,107.6,-107.56,-166.94,171.5,-2.6768,-44.345,456.82,344.76,422.95,444.21,319.08
234.95,112.48,-112.33,-174.63,179.25,-2.4141,-46.662,472.62,358.76,440.16,463.1,333.36
245.76,117.77,-117.39,-182.84,187.18,-2.071,-49.171,488.97,372.58,457.97,482.65,348.34
256.6,123.4,-122.48,-191.23,194.9,-1.6646,-51.782,505.73,386.23,476.49,502.89,363.99
267,129.26,-127.33,-199.41,202.2,-1.2213,-54.397,522.58,399.85,495.66,523.82,380.17
276.82,135.17,-131.73,-207.19,209.06,-0.76767,-56.968,539.09,413.56,515.3,545.36,396.69
286.26,141.07,-135.64,-214.64,215.55,-0.32341,-59.518,554.88,427.45,535.16,567.35,413.33
295.68,146.95,-139.28,-222.01,221.88,0.10073,-62.111,569.73,441.53,554.97,589.61,429.97
305.43,152.88,-142.99,-229.59,228.37,0.50004,-64.826,583.66,455.72,574.5,611.94,446.63
315.76,158.95,-147.05,-237.59,235.31,0.87164,-67.726,596.9,469.88,593.6,634.2,463.42
326.66,165.23,-151.51,-246.04,242.72,1.2112,-70.859,609.71,483.85,612.26,656.31,480.5
337.88,171.7,-156.2,-254.84,250.29,1.5109,-74.237,622.32,497.5,630.53,678.28,497.97
349.04,178.25,-160.95,-263.75,257.83,1.7604,-77.823,634.74,510.74,648.55,700.11,515.76
359.98,184.71,-165.72,-272.59,265.41,1.9514,-81.533,646.78,523.51,666.41,721.83,533.69
370.81,190.92,-170.58,-281.28,273.2,2.0859,-85.282,658.12,535.77,684.1,743.38,551.49
381.74,196.81,-175.57,-289.8,281.4,2.1803,-89.029,668.54,547.54,701.56,764.66,568.98
392.9,202.39,-180.69,-298.15,290.09,2.262,-92.784,677.96,558.87,718.67,785.56,586.06
404.21,207.7,-185.89,-306.28,299.14,2.3591,-96.564,686.35,569.83,735.29,805.96,602.71
415.34,212.76,-191.06,-314.05,307.98,2.4912,-100.37,693.69,580.46,751.33,825.72,618.92
425.69,217.6,-196.1,-321.31,315.84,2.6667,-104.21,699.88,590.69,766.66,844.73,634.65
434.7,222.18,-200.89,-327.91,322.22,2.8886,-108.13,704.78,600.35,781.16,862.84,649.9
442.14,226.49,-205.35,-333.78,327.23,3.1646,-112.17,708.28,609.18,794.68,879.9,664.71
448.24,230.49,-209.33,-338.96,331.41,3.5157,-116.36,710.29,616.95,807.06,895.72,678.92
453.51,234.16,-212.61,-343.57,335.22,3.9781,-120.7,710.7,623.49,818.06,910.17,692.09
458.33,237.52,-214.95,-347.73,338.8,4.5972,-125.18,709.32,628.58,827.44,923.18,703.8
462.91,240.59,-216.22,-351.5,342.07,5.4159,-129.8,705.81,632.01,835.01,934.67,713.89
467.17,243.41,-216.42,-354.89,344.87,6.4659,-134.52,699.78,633.55,840.68,944.51,722.38
470.86,245.99,-215.63,-357.84,346.97,7.7647,-139.26,690.91,633.02,844.43,952.56,729.34
473.63,248.33,-214.03,-360.3,348.1,9.311,-143.9,679,630.29,846.08,958.65,734.8
475.22,250.4,-211.97,-362.23,348.02,11.068,-148.31,664.15,625.37,845.32,962.63,738.78
475.6,252.15,-209.83,-363.53,346.78,12.949,-152.39,646.74,618.48,841.85,964.33,741.37
474.7,253.47,-207.7,-364.03,344.6,14.828,-156.1,627.28,609.88,835.54,963.57,742.66
472.28,254.17,-205.3,-363.44,341.59,16.594,-159.33,606.33,599.78,826.46,960.11,742.55
468.09,253.94,-202.25,-361.44,337.63,18.199,-161.91,584.26,588.29,814.71,953.55,740.64
462.05,252.44,-198.35,-357.75,332.61,19.649,-163.65,561.29,575.37,800.32,943.45,736.26
454.18,249.48,-193.65,-352.26,326.47,20.978,-164.54,537.49,560.89,783.27,929.4,728.75
444.54,245.14,-188.21,-345.06,319.2,22.2,-164.76,512.85,544.68,763.61,911.22,717.62
433.19,239.68,-182.07,-336.4,310.79,23.296,-164.47,487.37,526.65,741.53,889.02,702.69
420.3,233.47,-175.28,-326.61,301.32,24.224,-163.69,461.17,506.84,717.36,863.28,684.22
406.16,226.79,-168.07,-316.01,290.97,24.953,-162.29,434.53,485.55,691.49,834.68,662.79
391.08,219.79,-160.71,-304.84,279.94,25.467,-160.04,407.8,463.36,664.29,803.8,639.14
375.24,212.47,-153.3,-293.2,268.28,25.772,-156.72,381.37,440.76,636.05,770.92,613.86
358.74,204.81,-145.7,-281.09,255.97,25.885,-152.29,355.46,417.97,606.97,736.1,587.31
341.6,196.81,-137.69,-268.53,243,25.838,-146.9,330.19,394.94,577.15,699.48,559.67
323.93,188.48,-129.13,-255.56,229.43,25.679,-140.82,305.56,371.49,546.65,661.51,531.05
305.92,179.83,-120.03,-242.3,215.41,25.464,-134.3,281.5,347.49,515.59,622.84,501.57
287.8,170.81,-110.45,-228.8,201.23,25.24,-127.48,257.95,323.02,484.2,584.06,471.38
269.65,161.29,-100.66,-215.03,187.17,25.016,-120.44,234.9,298.37,452.8,545.57,440.7
251.42,151.12,-91.071,-200.88,173.44,24.748,-113.22,212.55,274.01,421.87,507.69,409.87
232.99,140.29,-82.073,-186.29,160.03,24.338,-105.92,191.25,250.49,391.86,470.66,379.4
214.37,129.02,-73.791,-171.39,146.93,23.647,-98.648,171.4,228.31,363.18,434.74,349.79
195.79,117.75,-66.135,-156.51,134.18,22.535,-91.555,153.33,207.72,336.01,400.12,321.4
177.69,106.98,-58.893,-142.14,121.91,20.948,-84.778,137.19,188.78,310.41,366.96,294.4
160.57,97.108,-51.838,-128.74,110.24,19.02,-78.353,122.87,171.4,286.27,335.33,268.75
144.82,88.251,-44.903,-116.54,99.275,17.054,-72.21,110.08,155.34,263.44,305.28,244.25
130.53,80.286,-38.305,-105.5,89.051,15.299,-66.245,98.39,140.35,241.76,276.88,220.75
117.5,72.954,-32.389,-95.385,79.522,13.804,-60.418,87.357,126.23,221.16,250.21,198.22
105.43,66.003,-27.274,-85.965,70.574,12.472,-54.754,76.624,112.88,201.63,225.41,176.77
94.063,59.291,-22.86,-77.046,62.099,11.171,-49.256,66.13,100.33,183.29,202.67,156.64
83.269,52.82,-19.082,-68.516,54.18,9.7977,-43.905,56.171,88.665,166.29,182.07,138.06
73.076,46.676,-15.998,-60.303,47.121,8.3148,-38.739,47.165,77.967,150.76,163.6,121.19
63.583,40.909,-13.484,-52.364,41.117,6.7714,-33.89,39.365,68.239,136.68,147.08,106.04
54.879,35.48,-11.151,-44.725,36.045,5.2822,-29.507,32.784,59.404,123.89,132.11,92.433
46.993,30.291,-8.8621,-37.663,31.595,3.9618,-25.63,27.176,51.321,112.12,117.8,79.797
39.857,25.183,-6.8017,-31.675,27.427,2.874,-22.226,22.074,43.863,100.99,103.29,67.18
33.344,19.957,-5.0261,-26.866,23.252,2.0301,-19.284,17.136,37.085,90.134,89.175,55.082
27.43,14.65,-3.4698,-22.641,18.908,1.4032,-16.735,12.542,31.139,79.347,76.569,44.714
22.161,9.7506,-2.0852,-18.189,14.456,0.9338,-14.354,8.7706,25.875,68.818,65.638,35.811
17.336,5.7743,-0.87529,-13.242,10.24,0.54084,-11.866,5.98,20.999,59.001,56.182,27.889
12.749,2.8208,0.11843,-8.4666,6.7086,0.144,-9.3104,3.9696,16.648,50.272,48.122,21.095
8.6935,0.67898,0.8401,-4.6884,4.1065,-0.31818,-7.0515,2.4855,13.124,42.819,41.542,16.123
5.5712,-0.90966,1.2468,-2.0593,2.4338,-0.87917,-5.3012,1.3546,10.397,36.724,36.49,13.62
3.4015,-2.1347,1.3296,-0.28088,1.5178,-1.5422,-3.998,0.47409,8.2398,31.93,32.679,12.41
1.9303,-3.1099,1.1233,0.95594,1.1153,-2.2805,-3.0033,-0.21791,6.4643,28.206,29.672,11.095
0.90266,-3.8978,0.70314,1.8449,1.0108,-3.0445,-2.2125,-0.76394,4.9635,25.271,27.184,9.3881
0.1693,-4.5329,0.16572,2.4922,1.0638,-3.7748,-1.5669,-1.1997,3.6852,22.903,25.065,7.454
-0.33623,-5.0397,-0.40005,2.9577,1.2013,-4.4196,-1.0377,-1.553,2.6047,20.94,23.242,5.493
-0.64952,-5.442,-0.9323,3.2852,1.3861,-4.9459,-0.61216,-1.8414,1.708,19.266,21.666,3.6618
-0.80701,-5.7651,-1.3931,3.5128,1.5916,-5.343,-0.28307,-2.0719,0.9809,17.79,20.299,2.0564
-0.85209,-6.0316,-1.7574,3.6729,1.7913,-5.6214,-0.042125,-2.242,0.40005,16.451,19.102,0.7217
-0.82529,-6.2573,-2.014,3.7871,1.961,-5.8072,0.12416,-2.3446,-0.063014,15.221,18.02,-0.34238
-0.75805,-6.4498,-2.1732,3.8679,2.0851,-5.9359,0.2338,-2.3747,-0.441,14.1,16.997,-1.1651
-0.67229,-6.6119,-2.263,3.9214,2.1607,-6.0482,0.30449,-2.3324,-0.76085,13.109,15.982,-1.7945
-0.58484,-6.7468,-2.3185,3.9535,2.1965,-6.182,0.35173,-2.2264,-1.0384,12.275,14.943,-2.2869
-0.51184,-6.8627,-2.3754,3.9735,2.208,-6.3646,0.38793,-2.0757,-1.2744,11.612,13.875,-2.7043
-0.46432,-6.9711,-2.4672,3.9921,2.2122,-6.6078,0.42226,-1.9008,-1.4603,11.119,12.782,-3.1021
-0.44447,-7.0804,-2.6166,4.016,2.223,-6.9077,0.46004,-1.7185,-1.5844,10.774,11.671,-3.5119
-0.44206,-7.1887,-2.8254,4.0424,2.248,-7.2455,0.50367,-1.5358,-1.6367,10.554,10.555,-3.9379
-0.43545,-7.2825,-3.0702,4.0592,2.288,-7.5913,0.55628,-1.3475,-1.6105,10.437,9.4486,-4.3616
-0.40265,-7.3436,-3.312,4.0503,2.3382,-7.9102,0.62551,-1.1412,-1.5027,10.413,8.3665,-4.7545
-0.33221,-7.3577,-3.5101,4.0042,2.3915,-8.1707,0.72319,-0.90747,-1.3169,10.484,7.3274,-5.0923
-0.22778,-7.3228,-3.6344,3.9204,2.4405,-8.3503,0.86036,-0.64736,-1.0616,10.657,6.3519,-5.3599
-0.10862,-7.2463,-3.6718,3.8099,2.4767,-8.4397,1.0409,-0.3748,-0.7515,10.927,5.462,-5.5514
-0.00019616,-7.1374,-3.6285,3.6888,2.4929,-8.4408,1.2584,-0.10852,-0.40406,11.281,4.6797,-5.6652
0.081079,-7.0005,-3.5292,3.5706,2.4906,-8.362,1.4968,0.13582,-0.033913,11.694,4.0257,-5.7018
0.14009,-6.8324,-3.4099,3.4572,2.4874,-8.2129,1.7359,0.35499,0.34984,12.138,3.5154,-5.6621
0.201,-6.6254,-3.3052,3.3376,2.5125,-8.0006,1.9558,0.56267,0.74236,12.584,3.1577,-5.5516
0.29146,-6.3703,-3.2328,3.1951,2.587,-7.7286,2.141,0.78133,1.1387,13.012,2.9412,-5.381
0.4257,-6.0615,-3.1846,3.0147,2.7069,-7.3977,2.2818,1.0317,1.5299,13.405,2.8378,-5.1677
0.59737,-5.6988,-3.1292,2.7891,2.8405,-7.0098,2.3728,1.3246,1.9027,13.75,2.8086,-4.9328
0.78428,-5.2881,-3.0249,2.5205,2.9414,-6.5703,2.4132,1.6586,2.2425,14.036,2.8112,-4.6967
0.95675,-4.8415,-2.837,2.2213,2.9658,-6.0905,2.4064,2.025,2.5327,14.257,2.8208,-4.4709
1.0885,-4.376,-2.5506,1.9113,2.8874,-5.5856,2.3604,2.4174,2.7597,14.406,2.8343,-4.2519
1.1627,-3.9116,-2.1732,1.6156,2.7037,-5.0702,2.2872,2.8352,2.913,14.475,2.8724,-4.0187
1.1739,-3.4681,-1.7291,1.3604,2.4327,-4.5542,2.1984,3.2849,2.9862,14.455,2.9616,-3.7387
1.1252,-3.0613,-1.2485,1.1656,2.1052,-4.041,2.1022,3.7741,2.9772,14.34,3.1241,-3.3786
1.0248,-2.6987,-0.75896,1.0395,1.7541,-3.5277,2.0028,4.3003,2.8929,14.129,3.365,-2.9148
0.88188,-2.3796,-0.279,0.97725,1.407,-3.0087,1.9029,4.8431,2.7511,13.83,3.6682,-2.3406
0.70382,-2.0983,0.18224,0.96546,1.082,-2.4809,1.8059,5.3663,2.5811,13.46,3.9997,-1.6668
0.49658,-1.8484,0.62228,0.98828,0.78754,-1.9498,1.7186,5.8323,2.418,13.04,4.3189,-0.91727
0.26769,-1.6245,1.0408,1.0299,0.52369,-1.4301,1.65,6.2234,2.2966,12.59,4.5905,-0.12169
0.030164,-1.4219,1.4361,1.0761,0.28257,-0.94382,1.6107,6.5545,2.2466,12.124,4.792,0.69231
-0.19573,-1.2339,1.8032,1.1132,0.053466,-0.51455,1.6109,6.869,2.2897,11.651,4.9152,1.5047
-0.38555,-1.0534,2.133,1.1286,-0.16989,-0.16184,1.6576,7.2189,2.4391,11.172,4.963,2.3053
-0.5192,-0.87637,2.413,1.1137,-0.38527,0.10275,1.7525,7.6413,2.696,10.688,4.9451,3.0922
-0.5905,-0.70431,2.63,1.0682,-0.58359,0.27844,1.891,8.1423,3.0477,10.206,4.8742,3.8689
-0.61041,-0.54449,2.7751,1.0021,-0.75271,0.37649,2.062,8.6931,3.4675,9.7343,4.7618,4.6405
-0.59997,-0.40462,2.847,0.93003,-0.88003,0.41905,2.2488,9.238,3.9184,9.286,4.615,5.41
-0.57608,-0.28538,2.8519,0.8609,-0.9535,0.4355,2.4309,9.711,4.3596,8.8735,4.4364,6.1761
-0.54031,-0.17655,2.8003,0.7908,-0.963,0.45438,2.5871,10.056,4.7538,8.5045,4.2268,6.9321
-0.47927,-0.060623,2.7031,0.70559,-0.90353,0.49447,2.6989,10.245,5.0745,8.1791,3.9898,7.6689
-0.3756,0.077639,2.571,0.59057,-0.77949,0.55994,2.7552,10.286,5.3145,7.8896,3.7363,8.3789
-0.21977,0.24422,2.4156,0.43852,-0.60666,0.64319,2.755,10.225,5.4919,7.6238,3.4854,9.0578
-0.014449,0.43738,2.2535,0.25011,-0.40961,0.73409,2.7047,10.128,5.6478,7.3698,3.2587,9.7007
0.22966,0.65322,2.1059,0.028517,-0.2149,0.82822,2.6113,10.061,5.8323,7.12,3.0713,10.296
0.50092,0.89038,1.9935,-0.22467,-0.043256,0.92776,2.4794,10.069,6.084,6.8735,2.9239,10.823
0.79157,1.1473,1.9279,-0.50844,0.096256,1.0363,2.3124,10.168,6.4113,6.6358,2.8022,11.263
1.0982,1.4166,1.9062,-0.81831,0.20758,1.1527,2.1145,10.348,6.7859,6.4149,2.6845,11.608
1.4193,1.683,1.9114,-1.1434,0.30466,1.2697,1.8896,10.577,7.1519,6.2159,2.555,11.864
1.7523,1.9263,1.9193,-1.467,0.40543,1.3769,1.6423,10.818,7.4464,6.0358,2.4141,12.054
2.0911,2.1301,1.9064,-1.7706,0.52509,1.4649,1.3819,11.038,7.6215,5.8598,2.2801,12.203
2.4243,2.2873,1.8568,-2.0379,0.67085,1.5278,1.1242,11.216,7.6577,5.664,2.1834,12.333
2.7337,2.4008,1.7654,-2.2582,0.83901,1.5622,0.88978,11.349,7.5637,5.4226,2.1555,12.458
2.995,2.4795,1.6374,-2.4267,1.0149,1.5646,0.69916,11.443,7.366,5.118,2.2188,12.581
3.1822,2.536,1.4859,-2.5451,1.1764,1.5309,0.56915,11.501,7.0952,4.7497,2.3789,12.699
3.2758,2.5852,1.3268,-2.6219,1.3008,1.4581,0.51006,11.525,6.7783,4.3359,2.6204,12.799
3.2712,2.6453,1.1739,-2.672,1.3738,1.3502,0.52269,11.511,6.4346,3.9059,2.9108,12.862
3.1825,2.7362,1.0363,-2.7133,1.396,1.2205,0.59582,11.45,6.0774,3.4879,3.2107,12.867
3.037,2.8718,0.9229,-2.7586,1.3797,1.0922,0.70773,11.333,5.7167,3.0973,3.4869,12.792
2.862,3.0504,0.85046,-2.8081,1.3391,0.99434,0.83327,11.146,5.3615,2.7332,3.7209,12.623
2.6718,3.2509,0.84802,-2.8468,1.2783,0.95909,0.95284,10.879,5.0205,2.3827,3.9113,12.351
2.4625,3.4393,0.95179,-2.8508,1.1866,1.0185,1.0571,10.533,4.6998,2.0297,4.0706,11.97
2.2168,3.5839,1.1956,-2.7979,1.0417,1.2003,1.1456,10.123,4.3984,1.6636,4.2172,11.482
1.9151,3.6696,1.6044,-2.6773,0.81854,1.5209,1.2238,9.6761,4.1065,1.2829,4.3672,10.892
1.548,3.7019,2.1873,-2.4939,0.50041,1.9802,1.3016,9.2179,3.806,0.89337,4.5273,10.213
1.1225,3.7028,2.9273,-2.2665,0.087977,2.5579,1.3892,8.7658,3.4762,0.50267,4.6909,9.4642
0.66304,3.7004,3.7741,-2.0232,-0.39642,3.2136,1.4871,8.3313,3.1025,0.1143,4.8406,8.6695
0.20718,3.7206,4.6467,-1.7952,-0.91037,3.8913,1.5829,7.9314,2.6821,-0.27712,4.9532,7.8546
-0.2018,3.7814,5.4483,-1.6111,-1.3988,4.5287,1.6599,7.5893,2.2247,-0.68697,5.0121,7.0401
-0.52466,3.889,6.0856,-1.4923,-1.8061,5.0686,1.7062,7.3276,1.7446,-1.1373,5.0018,6.2369
-0.73647,4.0363,6.4897,-1.4487,-2.092,5.4652,1.7177,7.153,1.252,-1.6493,4.9135,5.4459
-0.83463,4.202,6.6342,-1.4746,-2.2436,5.6882,1.6964,7.0469,0.74879,-2.2349,4.7462,4.6561
-0.8409,4.3537,6.5484,-1.5462,-2.2794,5.7326,1.6482,6.9716,0.23203,-2.889,4.5056,3.852
-0.79502,4.4549,6.3126,-1.6246,-2.2391,5.6316,1.5811,6.8861,-0.29758,-3.5897,4.2042,3.0211
-0.73932,4.4766,6.0254,-1.668,-2.1629,5.45,1.5058,6.7624,-0.83023,-4.3052,3.8594,2.1626
-0.69984,4.4068,5.7582,-1.6494,-2.073,5.2509,1.4354,6.5916,-1.3473,-5.0062,3.4932,1.2947
-0.67515,4.2517,5.5181,-1.5679,-1.9664,5.0578,1.3805,6.3811,-1.8264,-5.6774,3.1313,0.45564
-0.64291,4.0273,5.2507,-1.4438,-1.8242,4.8444,1.3423,6.1479,-2.2507,-6.3207,2.8008,-0.30531
-0.58068,3.7475,4.893,-1.3005,-1.6303,4.562,1.31,5.9146,-2.616,-6.95,2.5267,-0.94303
-0.48544,3.418,4.4299,-1.1483,-1.3861,4.1811,1.2644,5.7074,-2.9325,-7.5823,2.3281,-1.432
-0.37873,3.0379,3.8996,-0.9807,-1.1154,3.7107,1.1846,5.5515,-3.2205,-8.2298,2.2168,-1.7739
-0.29626,2.6072,3.3586,-0.7825,-0.85483,3.1839,1.055,5.4654,-3.5004,-8.8963,2.1958,-1.9961
-0.27052,2.1342,2.853,-0.54359,-0.64003,2.6365,0.87055,5.4523,-3.7829,-9.5798,2.258,-2.1409
-0.31646,1.6371,2.4103,-0.26677,-0.49316,2.0988,0.6407,5.4942,-4.0651,-10.278,2.3868,-2.252
-0.42642,1.1386,2.0408,0.033202,-0.41672,1.5932,0.3876,5.5512,-4.335,-10.99,2.5585,-2.3613
-0.57423,0.65972,1.7389,0.33567,-0.39461,1.1308,0.13974,5.5703,-4.5814,-11.717,2.749,-2.4827
-0.72474,0.21528,1.4859,0.61965,-0.39929,0.71068,-0.077491,5.5006,-4.8025,-12.458,2.9414,-2.6134
-0.84478,-0.18753,1.255,0.8681,-0.40164,0.32085,-0.24952,5.3092,-5.0076,-13.204,3.132,-2.7415
-0.9124,-0.54956,1.0198,1.0718,-0.37948,-0.05586,-0.37436,4.9891,-5.2115,-13.94,3.3326,-2.8542
-0.92316,-0.87864,0.7627,1.2333,-0.32176,-0.43274,-0.45835,4.5574,-5.4251,-14.649,3.5616,-2.9454
-0.89133,-1.1851,0.48054,1.3659,-0.22789,-0.81114,-0.51199,4.043,-5.6494,-15.315,3.8422,-3.0195
-0.84336,-1.4751,0.18252,1.4877,-0.10433,-1.1781,-0.54816,3.4736,-5.8751,-15.924,4.1894,-3.0905
-0.80496,-1.7447,-0.11633,1.6114,0.040243,-1.5116,-0.57724,2.8673,-6.0881,-16.468,4.6044,-3.1725
-0.78894,-1.9823,-0.40275,1.7376,0.19968,-1.7905,-0.60056,2.2285,-6.2798,-16.941,5.0716,-3.2727
-0.79232,-2.175,-0.67156,1.8567,0.37299,-2.0042,-0.60982,1.5509,-6.4545,-17.348,5.5595,-3.3858
-0.8046,-2.3189,-0.92641,1.9581,0.56218,-2.1573,-0.59259,0.82429,-6.6315,-17.712,6.026,-3.497
-0.82026,-2.4242,-1.1744,2.0402,0.7663,-2.2682,-0.54108,0.040184,-6.8372,-18.065,6.4261,-3.5921
-0.84485,-2.5119,-1.418,2.1129,0.9758,-2.3618,-0.45839,-0.80744,-7.0924,-18.445,6.7232,-3.6682
-0.89195,-2.6048,-1.6485,2.1924,1.1709,-2.4607,-0.35805,-1.7253,-7.398,-18.87,6.8981,-3.7396
-0.97657,-2.7195,-1.8466,2.2925,1.3242,-2.5773,-0.25807,-2.7237,-7.7313,-19.332,6.9526,-3.8332
-1.1113,-2.8627,-1.9863,2.4209,1.4052,-2.712,-0.17437,-3.8147,-8.0544,-19.79,6.9057,-3.975
-1.3067,-3.0329,-2.0419,2.5798,1.3871,-2.8543,-0.11709,-5.0054,-8.3318,-20.184,6.7843,-4.1753
-1.5718,-3.2236,-1.9945,2.7681,1.2519,-2.989,-0.090167,-6.2904,-8.5448,-20.455,6.615,-4.4237
-1.9128,-3.427,-1.8373,2.9846,0.9933,-3.1021,-0.093131,-7.6518,-8.6963,-20.565,6.4182,-4.697
-2.33,-3.6354,-1.5779,3.2266,0.61769,-3.185,-0.12345,-9.065,-8.8048,-20.502,6.2045,-4.9727
-2.8143,-3.8411,-1.2376,3.49,0.14365,-3.2352,-0.17813,-10.507,-8.8931,-20.284,5.9735,-5.238
-3.3461,-4.0369,-0.84718,3.769,-0.39854,-3.2539,-0.25497,-11.961,-8.9785,-19.953,5.7148,-5.4915
-3.8968,-4.2161,-0.44,4.0554,-0.96915,-3.2409,-0.35252,-13.411,-9.0668,-19.562,5.4118,-5.741
-4.4344,-4.3732,-0.045523,4.3384,-1.5245,-3.191,-0.46914,-14.841,-9.1525,-19.165,5.0471,-6.0001
-4.9303,-4.5042,0.31583,4.6062,-2.0261,-3.0944,-0.60041,-16.238,-9.2247,-18.799,4.6094,-6.2827
-5.366,-4.6076,0.63414,4.8488,-2.4507,-2.9419,-0.73637,-17.589,-9.2738,-18.476,4.0975,-6.597
-5.7338,-4.6856,0.90715,5.0602,-2.7945,-2.7321,-0.86102,-18.885,-9.2962,-18.182,3.5225,-6.94
-6.0341,-4.7444,1.1373,5.2387,-3.067,-2.4757,-0.95617,-20.117,-9.2943,-17.886,2.9012,-7.2973
-6.2717,-4.7926,1.3284,5.3867,-3.2802,-2.1949,-1.0094,-21.267,-9.2746,-17.559,2.2535,-7.6481
-6.4536,-4.8379,1.4836,5.5083,-3.4433,-1.9171,-1.0216,-22.294,-9.2431,-17.183,1.602,-7.9713
-6.5889,-4.8859,1.604,5.6094,-3.5631,-1.6685,-1.0066,-23.137,-9.2022,-16.758,0.97437,-8.25
-6.6871,-4.9403,1.6876,5.6967,-3.6456,-1.4723,-0.98398,-23.726,-9.1501,-16.3,0.4051,-8.4736
-6.7555,-5.0057,1.727,5.777,-3.6957,-1.35,-0.96882,-24.013,-9.083,-15.827,-0.070482,-8.6394
-6.7978,-5.0878,1.7088,5.8547,-3.713,-1.3223,-0.9651,-24,-8.999,-15.354,-0.4271,-8.7537
-6.8145,-5.1919,1.6169,5.9309,-3.6931,-1.4071,-0.96569,-23.742,-8.9036,-14.896,-0.66035,-8.83
-6.8047,-5.3182,1.4388,6.0024,-3.6308,-1.6151,-0.95773,-23.326,-8.8075,-14.47,-0.79012,-8.8844
-6.7696,-5.4595,1.1725,6.0632,-3.5236,-1.9437,-0.93083,-22.842,-8.7213,-14.093,-0.85472,-8.9305
-6.7138,-5.6017,0.82984,6.1075,-3.3754,-2.3721,-0.88337,-22.363,-8.6485,-13.783,-0.89931,-8.9755
-6.6459,-5.7298,0.43599,6.1332,-3.196,-2.8616,-0.82394,-21.928,-8.5824,-13.546,-0.96343,-9.0191
-6.5788,-5.8333,0.023684,6.1437,-3.0003,-3.3612,-0.76874,-21.545,-8.5088,-13.376,-1.0708,-9.0554
-6.5248,-5.9083,-0.37306,6.1457,-2.8052,-3.817,-0.73654,-21.196,-8.4138,-13.245,-1.2234,-9.0761
-6.49,-5.9531,-0.72315,6.1439,-2.6257,-4.1794,-0.74162,-20.838,-8.2901,-13.112,-1.4009,-9.0738
-6.4684,-5.9626,-1.0009,6.1346,-2.4705,-4.4097,-0.78583,-20.414,-8.1404,-12.925,-1.5668,-9.0439
-6.4416,-5.9281,-1.1878,6.1057,-2.3383,-4.4847,-0.85534,-19.874,-7.9755,-12.645,-1.6804,-8.9848
-6.3853,-5.8428,-1.2747,6.0426,-2.218,-4.4022,-0.92408,-19.193,-7.8089,-12.256,-1.7126,-8.8978
-6.2807,-5.7077,-1.2627,5.9366,-2.0961,-4.1806,-0.96306,-18.393,-7.6508,-11.766,-1.6577,-8.7865
-6.1232,-5.5334,-1.1626,5.7904,-1.9674,-3.8542,-0.95121,-17.542,-7.5041,-11.204,-1.5368,-8.6568
-5.9279,-5.3358,-0.99213,5.6174,-1.8432,-3.4641,-0.88275,-16.727,-7.3643,-10.612,-1.3897,-8.5152
-5.723,-5.1314,-0.77371,5.4382,-1.747,-3.0503,-0.76835,-16.027,-7.2235,-10.03,-1.2555,-8.3671
-5.5408,-4.9344,-0.53275,5.2745,-1.7002,-2.6496,-0.63023,-15.487,-7.0745,-9.4909,-1.1582,-8.215
-5.4071,-4.7569,-0.29861,5.1442,-1.709,-2.2967,-0.49406,-15.12,-6.9138,-9.009,-1.1031,-8.0589
-5.3323,-4.6088,-0.10771,5.0569,-1.7597,-2.026,-0.38053,-14.907,-6.7417,-8.58,-1.0843,-7.8993
-5.3073,-4.4969,-0.0038974,5.0118,-1.8224,-1.8674,-0.29933,-14.809,-6.5626,-8.1857,-1.0989,-7.7392
-5.3107,-4.4238,-0.029423,5.0006,-1.8617,-1.839,-0.24828,-14.775,-6.3857,-7.8017,-1.1559,-7.5855
-5.3179,-4.3882,-0.20652,5.0116,-1.8492,-1.9392,-0.21765,-14.746,-6.2242,-7.418,-1.2758,-7.448
-5.312,-4.3867,-0.52102,5.0347,-1.7756,-2.1431,-0.19694,-14.671,-6.0904,-7.038,-1.4813,-7.3373
-5.2882,-4.4137,-0.9199,5.0628,-1.6543,-2.4067,-0.17993,-14.516,-5.9914,-6.6728,-1.7853,-7.2622
-5.253,-4.4606,-1.3247,5.0917,-1.5183,-2.677,-0.16565,-14.275,-5.925,-6.3325,-2.1807,-7.2263
-5.2184,-4.5147,-1.653,5.1184,-1.4066,-2.9027,-0.15619,-13.97,-5.8769,-6.0212,-2.637,-7.2251
-5.1941,-4.56,-1.8401,5.14,-1.3525,-3.0426,-0.1537,-13.635,-5.8307,-5.7397,-3.1056,-7.2449
-5.1808,-4.5813,-1.8538,5.1519,-1.3721,-3.0712,-0.15826,-13.298,-5.7736,-5.4928,-3.5367,-7.2667
-5.1697,-4.5674,-1.7003,5.1474,-1.4606,-2.9843,-0.16739,-12.987,-5.7031,-5.2955,-3.898,-7.2712
-5.1491,-4.5148,-1.4215,5.1219,-1.5948,-2.8005,-0.17672,-12.72,-5.628,-5.1714,-4.1909,-7.2508
-5.109,-4.4279,-1.0821,5.0756,-1.7398,-2.5573,-0.18087,-12.503,-5.5634,-5.1503,-4.4445,-7.2125
-5.0466,-4.3165,-0.75158,5.0127,-1.859,-2.2993,-0.17468,-12.336,-5.5221,-5.2326,-4.7162,-7.1772
-4.9644,-4.19,-0.48764,4.9377,-1.9219,-2.0646,-0.15491,-12.213,-5.5068,-5.4027,-5.0617,-7.1709
-4.8674,-4.0538,-0.32636,4.8527,-1.9096,-1.8746,-0.12121,-12.123,-5.5073,-5.6151,-5.5123,-7.2137
-4.7619,-3.9102,-0.27815,4.7585,-1.8199,-1.7311,-0.076068,-12.052,-5.5045,-5.814,-6.0721,-7.3054
-4.6566,-3.7622,-0.32703,4.6581,-1.6718,-1.6222,-0.025113,-11.995,-5.4837,-5.9519,-6.7069,-7.4247
-4.5616,-3.6162,-0.43603,4.5575,-1.4996,-1.5306,0.022125,-11.93,-5.4334,-6.0036,-7.3612,-7.5432
-4.482,-3.4795,-0.56118,4.4612,-1.3365,-1.4418,0.052078,-11.843,-5.3565,-5.9679,-7.9954,-7.6366
-4.4127,-3.3565,-0.66894,4.3683,-1.1995,-1.3488,0.048861,-11.72,-5.2638,-5.8615,-8.5886,-7.6931
-4.3421,-3.2468,-0.74558,4.2726,-1.0881,-1.2534,-0.0021173,-11.543,-5.1678,-5.7091,-9.1384,-7.7142
-4.2587,-3.1464,-0.79338,4.1666,-0.9931,-1.1625,-0.10972,-11.297,-5.0802,-5.5324,-9.6501,-7.7079
-4.1555,-3.0516,-0.82108,4.045,-0.90391,-1.0836,-0.27353,-10.978,-5.0015,-5.3437,-10.125,-7.6806
-4.0324,-2.9612,-0.8373,3.908,-0.81303,-1.0191,-0.48256,-10.595,-4.9239,-5.1329,-10.552,-7.6304
-3.8946,-2.8798,-0.84871,3.7619,-0.71604,-0.9665,-0.71717,-10.168,-4.8334,-4.8734,-10.914,-7.5456
-3.7507,-2.8162,-0.86063,3.6179,-0.61087,-0.92017,-0.95407,-9.7261,-4.7155,-4.5312,-11.193,-7.4115
-3.6114,-2.7805,-0.87782,3.4892,-0.49678,-0.87482,-1.1725,-9.2835,-4.5606,-4.0784,-11.392,-7.2124
-3.4881,-2.7806,-0.90541,3.3877,-0.37553,-0.82794,-1.3585,-8.8429,-4.3685,-3.5033,-11.525,-6.9413
-3.3909,-2.8206,-0.94916,3.3217,-0.2496,-0.78178,-1.5055,-8.3961,-4.1442,-2.8125,-11.627,-6.6041
-3.3249,-2.899,-1.0165,3.2935,-0.12053,-0.74458,-1.6122,-7.9341,-3.8971,-2.0252,-11.739,-6.2173
-3.2871,-3.0102,-1.1175,3.2989,0.013724,-0.7305,-1.6801,-7.4497,-3.6375,-1.1645,-11.899,-5.8107
-3.2652,-3.1468,-1.2647,3.3276,0.15929,-0.75799,-1.7104,-6.9448,-3.3747,-0.25094,-12.116,-5.4143
-3.2445,-3.3037,-1.4704,3.3686,0.32309,-0.84661,-1.7024,-6.431,-3.1154,0.70181,-12.391,-5.0527
-3.2145,-3.4807,-1.7418,3.4157,0.50731,-1.0129,-1.6536,-5.9258,-2.8644,1.6698,-12.71,-4.7317
-3.1734,-3.6813,-2.076,3.4697,0.70549,-1.2658,-1.5629,-5.4465,-2.6262,2.6307,-13.037,-4.4416
-3.1271,-3.9076,-2.4574,3.5357,0.90277,-1.6023,-1.4361,-5.0044,-2.4066,3.5497,-13.338,-4.1628
-3.0847,-4.1548,-2.8585,3.6175,1.0804,-2.005,-1.2893,-4.6032,-2.2126,4.3896,-13.58,-3.8815
-3.052,-4.4085,-3.245,3.712,1.2225,-2.4434,-1.146,-4.2368,-2.0478,5.1201,-13.758,-3.5995
-3.0302,-4.6474,-3.5834,3.8099,1.3191,-2.8785,-1.0294,-3.9019,-1.9174,5.7245,-13.888,-3.3335
-3.0189,-4.8515,-3.8485,3.9003,1.368,-3.2721,-0.95458,-3.594,-1.8195,6.2009,-13.99,-3.1113
-3.0205,-5.0085,-4.0296,3.9776,1.3734,-3.5948,-0.92564,-3.3136,-1.7496,6.5593,-14.085,-2.9601
-3.0407,-5.1156,-4.1318,4.0426,1.3447,-3.8295,-0.93698,-3.0651,-1.7026,6.8169,-14.188,-2.8944
-3.084,-5.1754,-4.1694,4.099,1.2937,-3.9687,-0.97799,-2.8541,-1.6713,6.9956,-14.308,-2.91
-3.1474,-5.1901,-4.1564,4.1475,1.2327,-4.0085,-1.0383,-2.683,-1.6515,7.1181,-14.445,-2.9868
-3.22,-5.159,-4.0981,4.1831,1.1703,-3.9449,-1.1113,-2.5491,-1.6396,7.2031,-14.597,-3.0997
-3.2868,-5.0796,-3.9894,4.1974,1.1095,-3.7757,-1.1936,-2.4464,-1.6328,7.2592,-14.764,-3.2307
-3.3344,-4.9526,-3.82,4.1834,1.0486,-3.5061,-1.2823,-2.3672,-1.6309,7.2832,-14.95,-3.3721
-3.3546,-4.7854,-3.583,4.1383,0.9837,-3.1536,-1.3713,-2.3119,-1.6372,7.2633,-15.152,-3.5318
-3.3449,-4.592,-3.2834,4.0646,0.91225,-2.7481,-1.4495,-2.2871,-1.6595,7.1864,-15.379,-3.723
-3.3073,-4.3888,-2.9417,3.9681,0.83455,-2.326,-1.5032,-2.2997,-1.7094,7.0449,-15.637,-3.9551
-3.2474,-4.1894,-2.5894,3.856,0.75279,-1.9209,-1.5212,-2.3502,-1.799,6.8388,-15.922,-4.2293
-3.1745,-4.0019,-2.2581,3.736,0.67002,-1.5599,-1.4981,-2.4268,-1.9374,6.5732,-16.224,-4.5309
-3.1004,-3.8298,-1.9718,3.6159,0.59027,-1.2635,-1.4361,-2.5075,-2.1265,6.2542,-16.532,-4.8354
-3.0383,-3.6756,-1.7485,3.5038,0.5195,-1.0486,-1.3453,-2.5693,-2.3605,5.8876,-16.823,-5.1143
-3.0004,-3.5439,-1.6093,3.4092,0.4668,-0.92928,-1.2429,-2.5987,-2.6268,5.4804,-17.064,-5.3465
-2.9961,-3.4436,-1.5808,3.3436,0.44385,-0.91421,-1.1501,-2.5986,-2.9105,5.0438,-17.235,-5.5206
-3.031,-3.3877,-1.682,3.3194,0.46042,-1.0005,-1.0887,-2.5856,-3.1979,4.5941,-17.325,-5.6356
-3.1061,-3.3894,-1.9045,3.3468,0.51731,-1.1701,-1.0752,-2.581,-3.4781,4.1504,-17.34,-5.6995
-3.2162,-3.456,-2.2054,3.4282,0.60218,-1.3917,-1.1167,-2.5986,-3.7429,3.7315,-17.297,-5.7261
-3.3504,-3.5824,-2.5183,3.5553,0.69162,-1.6261,-1.2113,-2.6388,-3.9847,3.3519,-17.231,-5.7321
-3.4946,-3.7505,-2.7723,3.711,0.75793,-1.8339,-1.3505,-2.6894,-4.1969,3.0198,-17.179,-5.7325
-3.6367,-3.9356,-2.91,3.8757,0.77636,-1.9813,-1.5222,-2.7337,-4.3773,2.7369,-17.174,-5.7373
-3.7718,-4.1155,-2.8991,4.035,0.72953,-2.0464,-1.7119,-2.7605,-4.5311,2.4974,-17.234,-5.7496
-3.9036,-4.2772,-2.7377,4.1843,0.60928,-2.026,-1.9038,-2.769,-4.6722,2.2879,-17.362,-5.7683
-4.0429,-4.4189,-2.4531,4.3281,0.41838,-1.9391,-2.0809,-2.7696,-4.8187,2.0869,-17.544,-5.7924
-4.2018,-4.5463,-2.0946,4.4759,0.1724,-1.8242,-2.2267,-2.7781,-4.9855,1.8689,-17.763,-5.8252
-4.387,-4.6667,-1.7253,4.6353,-0.10052,-1.729,-2.3312,-2.8081,-5.1773,1.6104,-18.001,-5.8743
-4.5922,-4.783,-1.4137,4.8059,-0.36263,-1.6964,-2.3953,-2.8645,-5.3863,1.2968,-18.242,-5.9476
-4.796,-4.8911,-1.2226,4.9774,-0.57269,-1.751,-2.4263,-2.9401,-5.5948,0.92704,-18.473,-6.0493
-4.9674,-4.9798,-1.1893,5.1325,-0.69637,-1.8916,-2.4259,-3.0175,-5.7828,0.51347,-18.682,-6.1777
-5.0791,-5.0347,-1.3072,5.253,-0.72054,-2.0904,-2.383,-3.0752,-5.9337,0.080634,-18.856,-6.3268
-5.1205,-5.0399,-1.5228,5.3252,-0.6634,-2.2995,-2.2782,-3.0937,-6.0356,-0.33786,-18.983,-6.488
-5.1028,-4.98,-1.7533,5.3429,-0.56977,-2.4623,-2.0952,-3.0599,-6.0777,-0.70367,-19.05,-6.6519
-5.0498,-4.8399,-1.9165,5.3057,-0.49237,-2.5267,-1.8296,-2.9696,-6.0466,-0.98085,-19.049,-6.8088
-4.9849,-4.6067,-1.9567,5.2167,-0.47262,-2.4564,-1.4876,-2.8255,-5.9263,-1.1456,-18.973,-6.9495
-4.9215,-4.2705,-1.8543,5.0789,-0.53218,-2.2331,-1.0785,-2.634,-5.7028,-1.1947,-18.823,-7.0658
-4.8615,-3.8224,-1.6176,4.8931,-0.67459,-1.8472,-0.60817,-2.4004,-5.3697,-1.1464,-18.61,-7.1525
-4.7967,-3.2475,-1.2632,4.6558,-0.89149,-1.2811,-0.076522,-2.125,-4.9308,-1.032,-18.349,-7.2082
-4.7125,-2.5189,-0.79254,4.3568,-1.1698,-0.49978,0.52409,-1.802,-4.3998,-0.88114,-18.06,-7.2342
-4.5927,-1.5938,-0.16975,3.9781,-1.4979,0.54434,1.2092,-1.4209,-3.796,-0.70933,-17.755,-7.2322
-4.4251,-0.41125,0.69359,3.4944,-1.8693,1.9034,2.003,-0.96977,-3.1387,-0.51448,-17.436,-7.2004
-4.2063,1.1089,1.9364,2.8754,-2.2838,3.6405,2.9416,-0.43743,-2.4384,-0.28062,-17.094,-7.1332
-3.943,3.0681,3.6993,2.0893,-2.7468,5.8387,4.0814,0.18724,-1.6879,0.014688,-16.71,-7.0206
-3.6489,5.5899,6.0314,1.105,-3.2674,8.5637,5.5085,0.9188,-0.85653,0.39364,-16.262,-6.8512
-3.3357,8.8065,8.8555,-0.10626,-3.8526,11.818,7.3312,1.7781,0.10733,0.87437,-15.723,-6.6133
-3.0053,12.781,12.057,-1.5678,-4.4977,15.564,9.6283,2.7916,1.2636,1.4697,-15.077,-6.2985
-2.6461,17.388,15.562,-3.286,-5.178,19.752,12.355,3.9872,2.6614,2.1881,-14.319,-5.9035
-2.2401,22.302,19.274,-5.2334,-5.8503,24.276,15.307,5.3885,4.3212,3.036,-13.457,-5.4331
-1.7725,27.16,23.034,-7.3384,-6.4631,28.912,18.227,7.0128,6.2296,4.0205,-12.515,-4.8991
-1.237,31.728,26.715,-9.5043,-6.9688,33.401,20.956,8.8778,8.3525,5.1506,-11.513,-4.3149
-0.62927,35.923,30.3,-11.664,-7.3296,37.595,23.452,11.014,10.662,6.4348,-10.464,-3.6868
0.063643,39.771,33.826,-13.822,-7.5225,41.467,25.743,13.47,13.156,7.877,-9.3648,-3.0043
0.87089,43.371,37.234,-16.082,-7.5461,45.002,27.873,16.297,15.861,9.4729,-8.1977,-2.2382
1.8375,46.848,40.269,-18.611,-7.4246,48.143,29.871,19.485,18.799,11.208,-6.9442,-1.3466
3.0181,50.281,42.578,-21.556,-7.1981,50.862,31.743,22.902,21.947,13.055,-5.5949,-0.28695
4.4664,53.63,43.971,-24.909,-6.8992,53.272,33.475,26.29,25.209,14.975,-4.1589,0.96815
6.2118,56.748,44.535,-28.441,-6.5318,55.491,35.089,29.355,28.422,16.91,-2.6669,2.4162
8.2413,59.499,44.497,-31.831,-6.0752,57.365,36.702,31.877,31.411,18.784,-1.1685,4.0148
10.496,61.856,44.02,-34.881,-5.5062,58.609,38.495,33.76,34.047,20.516,0.27474,5.6847
12.894,63.883,43.126,-37.575,-4.8165,59.148,40.326,35.004,36.28,22.038,1.6003,7.3287
15.354,65.69,41.781,-39.982,-4.0135,59.122,41.386,35.658,38.123,23.303,2.759,8.8597
17.802,67.434,40.031,-42.183,-3.1158,58.764,41.054,35.788,39.623,24.288,3.7267,10.223
20.171,69.334,38.077,-44.261,-2.1507,58.402,39.308,35.438,40.832,24.992,4.5119,11.404
22.396,71.571,36.236,-46.302,-1.1522,58.415,36.064,34.601,41.771,25.417,5.1363,12.406
24.42,74.098,34.731,-48.371,-0.15308,58.901,30.967,33.208,42.381,25.569,5.6184,13.234
26.202,76.566,33.494,-50.456,0.82129,59.497,23.792,31.186,42.496,25.454,5.9562,13.877
27.713,78.478,32.241,-52.418,1.7537,59.68,14.97,28.549,41.877,25.078,6.126,14.312
28.942,79.343,30.683,-53.991,2.6344,59.068,5.6531,25.427,40.333,24.46,6.0976,14.521
29.887,78.784,28.589,-54.854,3.4649,57.427,-2.7465,22.028,37.85,23.62,5.8553,14.498
30.554,76.605,25.763,-54.755,4.2659,54.655,-8.9554,18.568,34.6,22.572,5.4115,14.26
30.951,72.836,22.098,-53.591,5.0785,50.841,-12.031,15.209,30.854,21.32,4.8011,13.831
31.091,67.728,17.687,-51.447,5.9499,46.256,-11.81,12.017,26.881,19.859,4.0631,13.231
30.98,61.701,12.93,-48.547,6.9061,41.231,-9.4815,8.9694,22.874,18.184,3.221,12.461
30.6,55.28,8.4148,-45.163,7.9191,36.046,-6.9921,6.0085,18.917,16.298,2.275,11.503
29.903,49.052,4.578,-41.514,8.8865,30.915,-5.5277,3.13,14.992,14.221,1.2106,10.33
28.83,43.492,1.58,-37.732,9.6463,26.047,-5.1046,0.42065,11.056,11.992,0.016465,8.9184
27.339,38.676,-0.56125,-33.875,10.041,21.668,-5.2946,-1.9972,7.1299,9.6727,-1.2993,7.2687
25.427,34.323,-1.9005,-29.938,10.003,17.957,-5.7478,-4.0585,3.3435,7.3365,-2.704,5.407
23.148,30.087,-2.6147,-25.884,9.6065,15.01,-6.2152,-5.7853,-0.11687,5.0542,-4.1503,3.3884
20.64,25.676,-3.0008,-21.743,9.0554,12.752,-6.5134,-7.2549,-3.1212,2.8709,-5.5933,1.2982
18.091,20.857,-3.3017,-17.69,8.5645,10.818,-6.5861,-8.5671,-5.6691,0.79387,-7.0055,-0.75875
15.64,15.829,-3.5797,-13.968,8.2147,8.6748,-6.5127,-9.8341,-7.8714,-1.2049,-8.3831,-2.6894
13.3,11.423,-3.791,-10.695,7.9076,6.2959,-6.4192,-11.185,-9.8859,-3.1742,-9.741,-4.4513
10.974,8.0963,-3.8724,-7.8323,7.4544,4.3523,-6.3869,-12.771,-11.872,-5.1638,-11.104,-6.0691
8.5626,5.57,-3.7714,-5.2794,6.7024,3.0334,-6.4266,-14.768,-13.971,-7.2074,-12.491,-7.6132
6.0378,3.4714,-3.462,-2.9575,5.6136,2.104,-6.4973,-17.355,-16.304,-9.3143,-13.902,-9.1665
3.4536,1.5918,-2.9537,-0.81777,4.261,1.3939,-6.5393,-20.661,-18.949,-11.47,-15.321,-10.797
0.90434,-0.16349,-2.2936,1.1744,2.7726,0.81731,-6.5229,-24.675,-21.928,-13.643,-16.715,-12.55
-1.5218,-1.8413,-1.5596,3.0517,1.2784,0.31612,-6.4608,-29.204,-25.207,-15.804,-18.048,-14.458
-3.7638,-3.4754,-0.84725,4.8467,-0.11508,-0.16805,-6.3646,-33.912,-28.731,-17.933,-19.299,-16.562
-5.7888,-5.0977,-0.25574,6.5872,-1.3274,-0.69973,-6.2102,-38.462,-32.444,-20.03,-20.475,-18.917
-7.5858,-6.7403,0.12924,8.2964,-2.3028,-1.343,-5.9528,-42.627,-36.28,-22.105,-21.615,-21.58
-9.1661,-8.438,0.25335,10.004,-3.0198,-2.149,-5.5655,-46.317,-40.117,-24.165,-22.773,-24.59
-10.576,-10.235,0.10626,11.772,-3.5042,-3.1437,-5.0662,-49.524,-43.765,-26.199,-23.997,-27.929
-11.917,-12.19,-0.27543,13.717,-3.8298,-4.3211,-4.5079,-52.292,-47.027,-28.179,-25.309,-31.517
-13.339,-14.369,-0.81713,16.004,-4.091,-5.645,-3.9444,-54.683,-49.802,-30.069,-26.695,-35.215
-15,-16.804,-1.4261,18.759,-4.3644,-7.0566,-3.405,-56.778,-52.119,-31.85,-28.115,-38.86
-16.98,-19.452,-2.0165,21.919,-4.6847,-8.4828,-2.8973,-58.664,-54.095,-33.532,-29.518,-42.298
-19.198,-22.176,-2.529,25.172,-5.0497,-9.8434,-2.419,-60.421,-55.863,-35.163,-30.855,-45.404
-21.434,-24.814,-2.9349,28.134,-5.4385,-11.064,-1.9647,-62.097,-57.522,-36.81,-32.082,-48.096
-23.456,-27.255,-3.23,30.576,-5.8242,-12.102,-1.5258,-63.702,-59.111,-38.536,-33.15,-50.347
-25.125,-29.459,-3.4263,32.482,-6.1801,-12.962,-1.0902,-65.206,-60.613,-40.367,-34.005,-52.17
-26.428,-31.433,-3.5427,33.96,-6.4892,-13.693,-0.64668,-66.568,-61.988,-42.262,-34.591,-53.612
-27.446,-33.184,-3.5922,35.148,-6.756,-14.344,-0.18944,-67.741,-63.197,-44.111,-34.877,-54.737
-28.325,-34.705,-3.5712,36.171,-7.0174,-14.915,0.28495,-68.675,-64.22,-45.766,-34.881,-55.626
-29.272,-35.975,-3.4569,37.126,-7.3449,-15.354,0.79245,-69.307,-65.039,-47.099,-34.69,-56.391
-30.534,-36.967,-3.2132,38.073,-7.8539,-15.589,1.3852,-69.558,-65.643,-48.061,-34.473,-57.17
-32.353,-37.663,-2.8144,39.036,-8.7449,-15.561,2.2063,-69.356,-66.014,-48.71,-34.497,-58.124
-34.853,-38.064,-2.2734,40.001,-10.451,-15.232,3.7429,-68.692,-66.147,-49.221,-35.14,-59.419
-37.977,-38.193,-1.5236,40.925,-13.902,-14.612,7.4288,-67.701,-66.066,-49.865,-36.917,-61.198
-41.371,-38.095,0.25625,41.767,-18.043,-13.854,8.8814,-66.902,-65.825,-50.956,-40.486,-63.457
-43.77,-37.826,1.7317,42.513,-18.835,-13.444,8.5438,-67.834,-65.479,-52.76,-46.457,-65.305
-44.17,-37.437,1.7596,43.201,-18.694,-13.984,8.656,-70.675,-65.015,-55.34,-54.185,-65.408
-43.743,-36.938,1.4443,43.918,-18.343,-14.96,8.7857,-72.436,-64.403,-58.415,-58.793,-64.647
-43.778,-36.273,1.1081,44.768,-18.166,-15.641,9.5177,-72.039,-63.89,-61.381,-58.389,-63.844
-45.034,-35.307,1.755,45.774,-18.949,-15.417,11.845,-69.281,-63.692,-63.51,-57.64,-64.368
-48.558,-33.839,4.9626,46.763,-22.09,-13.268,17.489,-63.212,-61.373,-64.076,-57.833,-67.438
-55.808,-31.671,11.977,47.713,-29.249,-8.4671,29.29,-52.338,-54.972,-62.244,-59.83,-73.954
-68.167,-28.752,24.019,50.809,-42.196,-0.93017,50.687,-35.406,-46.526,-59.423,-66.854,-86.754
-85.91,-25.416,44.398,58.397,-63.277,9.9136,81.06,-11.841,-36.902,-69.584,-81.719,-109.38
-105.71,-22.654,71.275,66.617,-87.736,21.968,115.04,18.584,-26.131,-75.912,-105.98,-141.42
-124.94,-22.501,93.607,75.012,-108.21,32.999,151.4,55.984,-14.062,-83.737,-146.17,-180
-140.21,-24.208,109.3,82.535,-123.74,41.235,187.38,99.449,0.60373,-93.72,-201.3,-221.91
-147.58,-23.643,117.62,86.926,-132.26,45.797,220.33,148.53,20.951,-104.17,-252.88,-262.88
-144.53,-22.334,116.92,85.694,-131.28,47.32,247.18,206.13,50.748,-110.86,-288.46,-295.9
-129.49,-18.395,106.75,76.9,-119.11,45.549,265.58,277.68,93.157,-106.8,-303.15,-312.78
-100.38,-11.807,86.753,59.183,-93.938,40.381,275.03,371.53,152.6,-84.033,-288.89,-306.3
-53.91,-3.506,52.587,31.373,-52.314,29.638,276.08,493.74,235.99,-32.446,-236.6,-269.93
13.962,6.2263,-0.77974,-7.9771,9.7915,9.8725,268.71,643.75,346.13,71.737,-137.76,-197.11
106.76,19.373,-76.424,-60.659,95.333,-20.23,251.02,812.51,481.95,225.98,14.93,-81.579
225.36,41.461,-172.67,-128.52,203.7,-57.701,219.39,982.66,639.72,418.77,227.41,81.808
366.05,78.053,-280.8,-212.94,328.52,-95.976,169.74,1131,812.76,660.93,503.02,295.2
519.87,129.11,-385.13,-313.84,457.32,-123.9,99.372,1232.6,992.15,948.58,837.76,555.49
673.8,200.6,-466.19,-428.43,573.89,-128.12,8.6038,1266.9,1169.4,1272.6,1220.3,854.87
813.64,298.72,-506.42,-550.72,662.58,-98.373,-98.799,1222.7,1335.4,1618.7,1632.6,1179.5
927.48,421.71,-496.37,-672.35,713.04,-31.367,-215.93,1102.7,1479.2,1967.2,2048.6,1509.3
1008.2,560.23,-438.6,-784.16,723.48,66.859,-333.14,923.8,1592.4,2292.8,2438.3,1821.5
1054.4,698.54,-347.36,-877.39,700.7,181.37,-439.06,713.46,1669.7,2568.1,2772.5,2093.7
1068.4,817.86,-243.99,-944.18,656.74,292.15,-522.71,501.64,1707.8,2767.5,3025.8,2305.8
1054.6,901.17,-149.47,-978.44,603.71,380.21,-575.73,312.28,1704,2871.4,3179,2441.4
1016.1,937.69,-77.448,-976.67,549.63,433.47,-594.24,157.36,1654.6,2867.6,3219.2,2489.3
953.74,925.13,-30.832,-938.46,496.4,449.48,-579.27,35.834,1553.8,2751.5,3140,2443.3
867,868.6,-3.4166,-866.34,440.68,434.16,-535.95,-63.147,1395.9,2525.8,2941.3,2303.6
756.1,777.9,15.133,-765.37,376.87,397.65,-472,-154.66,1178.7,2200.3,2630.9,2076.9
624.55,665.01,33.633,-642.93,301.82,350.19,-396.26,-251.13,908.05,1793.6,2227,1778.4
480.57,541.82,55.491,-508.42,218.61,299.41,-317.37,-356.72,601.9,1335.9,1760.8,1432.5
336.62,418.03,77.612,-372.65,134.91,248.44,-242.89,-465.27,290.51,869.81,1276.8,1071.8
206.62,300.57,91.951,-246.65,64.723,196.55,-179.01,-562.43,10.96,445.94,827.32,733.55
102.21,194.65,90.746,-140.04,15.853,142.84,-130.71,-631.66,-202.75,111.81,461.47,451.65
30.244,105.12,71.767,-59.238,-8.3049,89.558,-99.985,-660.58,-329.82,-102.57,211.53,248.81
-3.6366,35.834,41.467,-6.6246,-12.151,41.529,-83.724,-645.37,-368.83,-194.23,83.203,130.41
-10.776,-10.203,10.975,16.708,-3.2188,4.1688,-77.161,-590.98,-337.24,-186.68,56.044,84.722
-4.1964,-32.266,-12.559,20.649,10.193,-18.015,-75.152,-508.56,-263.43,-120.81,93.307,88.935
6.729,-34.792,-24.634,13.818,20.242,-25.65,-72.031,-411.79,-175.92,-35.722,155.76,117.64
16.076,-23.864,-26.51,2.9361,24.551,-21.954,-63.913,-312.56,-95.446,43.043,212.83,149.91
22.13,-7.2278,-20.583,-7.4092,24.925,-10.948,-50.297,-219.69,-28.67,98.377,247.19,173.05
25.667,8.8047,-10.553,-15.515,22.965,2.3019,-33.771,-139.36,13.06,125.02,254.47,182.43
27.637,20.805,-1.0436,-21.407,6.7625,13.654,-19.648,-75.053,29.517,130.46,240.68,176.94
11.001,27.67,5.5449,-21.887,4.7069,20.853,-12.006,-28.334,36.204,121.23,213.45,158.93
5.6586,13.811,5.9196,-5.5402,4.3114,23.463,-7.9459,-3.2398,37.229,99.767,175.25,133.78
4.7848,5.591,2.7253,-3.3335,4.0954,15.383,-4.7563,4.8453,32.729,76.084,139.36,107.67
4.5945,4.8241,2.8223,-3.0184,3.774,11.323,-1.6119,3.8088,25.678,52.329,115.35,89.687
4.3351,4.7632,3.4042,-2.8473,3.1896,12.061,2.1644,-0.52199,18.638,29.257,93.964,73.835
3.7262,4.3053,3.8654,-2.4419,2.3587,11.04,6.6277,-4.5868,7.9715,23.531,81.865,57.176
2.6928,3.62,4.0395,-1.7775,1.4549,9.0538,10.989,-6.443,-0.60491,22.354,79.263,45.568
1.344,2.8203,4.0545,-0.83843,0.64229,7.7664,13.179,-5.104,0.32825,19.923,72.682,37.735
-0.10916,1.8575,4.0006,0.33922,-0.001543,7.1797,13.355,-1.3032,0.34951,16.034,62.575,29.549
-1.4766,0.69064,3.8215,1.6377,-0.4714,6.424,13.823,0.88194,-0.52864,11.723,51.996,21.28
-2.6477,-0.64015,3.4948,2.901,-0.7979,5.2277,14.767,2.5281,-1.8031,7.6483,42.63,13.99
-3.5923,-1.9758,3.1115,3.9925,-1.0316,3.8739,15.723,3.746,-3.0958,4.1027,34.996,8.5216
-4.3373,-3.1522,2.8225,4.8497,-1.2342,2.6943,16.494,4.6972,-4.211,1.1805,29.163,5.2882
-4.9354,-4.0957,2.7511,5.4896,-1.4604,1.8526,17.136,5.5837,-5.078,-1.1095,24.868,2.9424
-5.4334,-4.8157,2.9338,5.9671,-1.7361,1.3534,17.737,6.5663,-5.689,-2.8164,21.696,0.4344
-5.8554,-5.363,3.3052,6.3348,-2.0475,1.1051,18.299,7.7303,-6.066,-4.0318,19.303,-1.8554
-6.2048,-5.7997,3.7249,6.6293,-2.3493,0.97351,18.744,9.0919,-6.2418,-4.8653,17.465,-3.5852
-6.4765,-6.1816,4.0379,6.8743,-2.5851,0.83136,18.981,10.621,-6.251,-5.4214,16.046,-4.7658
-6.6684,-6.5481,4.1379,7.0851,-2.7094,0.58898,18.958,12.264,-6.1266,-5.7841,14.968,-5.5317
-6.787,-6.9207,3.9897,7.2725,-2.701,0.20606,18.684,13.959,-5.8985,-6.0104,14.187,-6.0107
-6.8445,-7.3057,3.6097,7.4419,-2.5639,-0.30989,18.221,15.664,-5.5921,-6.1318,13.668,-6.2918
-6.8531,-7.6979,3.0464,7.5922,-2.3226,-0.91673,17.665,17.357,-5.2273,-6.1624,13.382,-6.4273
-6.821,-8.0842,2.3786,7.7156,-2.0141,-1.5568,17.123,19.04,-4.8174,-6.1042,13.292,-6.4433
-6.7514,-8.4461,1.6991,7.8007,-1.6764,-2.1754,16.675,20.726,-4.3679,-5.9508,13.364,-6.3523
-6.6447,-8.7655,1.0766,7.8387,-1.3341,-2.7357,16.349,22.438,-3.8748,-5.6884,13.57,-6.1649
-6.4985,-9.0306,0.52863,7.8279,-0.99372,-3.2293,16.124,24.202,-3.3257,-5.2987,13.89,-5.8962
-6.309,-9.2404,0.039099,7.7739,-0.6514,-3.6715,15.947,26.044,-2.702,-4.7633,14.313,-5.5651
-6.0737,-9.402,-0.40851,7.6853,-0.30466,-4.0825,15.767,27.987,-1.9832,-4.0699,14.837,-5.1869
-5.7929,-9.52,-0.81995,7.5677,0.043068,-4.4649,15.56,30.033,-1.1524,-3.2176,15.462,-4.7661
-5.4693,-9.5856,-1.1923,7.421,0.38518,-4.8011,15.333,32.155,-0.20341,-2.2212,16.184,-4.2934
-5.1069,-9.5756,-1.5133,7.2409,0.71537,-5.0655,15.108,34.299,0.85083,-1.1078,16.995,-3.7474
-4.7106,-9.4617,-1.7662,7.0218,1.0289,-5.2334,14.906,36.392,1.9751,0.092186,17.88,-3.1003
-4.2854,-9.2272,-1.9423,6.7596,1.3239,-5.2882,14.721,38.371,3.1195,1.3569,18.823,-2.3275
-3.8348,-8.8768,-2.0491,6.4536,1.6034,-5.2309,14.525,40.2,4.2403,2.6803,19.816,-1.4183
-3.3583,-8.4357,-2.1114,6.1063,1.8778,-5.0828,14.268,41.887,5.3236,4.0751,20.869,-0.38339
-2.8496,-7.9383,-2.1602,5.7217,2.162,-4.8769,13.9,43.479,6.3973,5.5739,22.016,0.74818
-2.2971,-7.4152,-2.2191,5.3028,2.4697,-4.6433,13.387,45.046,7.523,7.2265,23.313,1.9462
-1.687,-6.8843,-2.2941,4.8497,2.8074,-4.397,12.736,46.657,8.7749,9.0953,24.824,3.1994
-1.0074,-6.3483,-2.3718,4.358,3.1735,-4.1338,11.994,48.376,10.218,11.245,26.608,4.524
-0.25165,-5.7969,-2.4263,3.819,3.5611,-3.8343,11.229,50.258,11.898,13.733,28.701,5.9548
0.58057,-5.214,-2.4318,3.2217,3.9608,-3.4779,10.503,52.353,13.836,16.606,31.103,7.5254
1.485,-4.5863,-2.3757,2.5559,4.3659,-3.0584,9.8561,54.7,16.036,19.899,33.785,9.2475
2.4563,-3.91,-2.2711,1.8168,4.7808,-2.5939,9.2941,57.314,18.492,23.621,36.705,11.099
3.4895,-3.1954,-2.1565,1.0107,5.2267,-2.123,8.8032,60.172,21.188,27.745,39.835,13.028
4.5772,-2.4671,-2.0841,0.15806,5.7384,-1.6928,8.3604,63.211,24.094,32.199,43.18,14.974
5.7078,-1.7602,-2.0993,-0.70845,6.3524,-1.3445,7.9442,66.336,27.163,36.881,46.771,16.898
6.8675,-1.1113,-2.2264,-1.5533,7.0968,-1.1007,7.5382,69.447,30.336,41.712,50.646,18.803
8.0472,-0.54504,-2.4622,-2.3509,7.9871,-0.95837,7.1305,72.474,33.549,46.682,54.829,20.741
9.2492,-0.064647,-2.7814,-3.0946,9.0279,-0.89128,6.7098,75.39,36.753,51.857,59.303,22.804
10.49,0.3474,-3.1489,-3.7963,10.218,-0.8619,6.266,78.219,39.92,57.313,64.004,25.11
11.8,0.719,-3.5343,-4.4806,11.557,-0.84,5.7936,81.026,43.06,63.065,68.835,27.77
13.219,1.0746,-3.9262,-5.1758,13.049,-0.81701,5.2981,83.898,46.227,69.009,73.7,30.852
14.793,1.4252,-4.3408,-5.9064,14.698,-0.81057,4.7942,86.928,49.512,74.946,78.536,34.339
16.553,1.766,-4.8243,-6.6902,16.492,-0.85921,4.2988,90.178,53.004,80.643,83.321,38.134
18.511,2.0807,-5.4461,-7.5379,18.395,-1.0072,3.8213,93.663,56.745,85.911,88.06,42.103
20.65,2.3518,-6.2884,-8.4563,20.36,-1.2838,3.3587,97.341,60.701,90.639,92.763,46.12
22.928,2.5712,-7.4362,-9.4527,22.352,-1.6881,2.8965,101.13,64.772,94.79,97.44,50.071
25.298,2.7477,-8.9675,-10.54,24.366,-2.1893,2.4117,104.94,68.838,98.393,102.1,53.861
27.72,2.9061,-10.925,-11.741,26.429,-2.7385,1.8796,108.74,72.821,101.54,106.79,57.463
30.175,3.0785,-13.26,-13.094,28.568,-3.2849,1.2791,112.56,76.705,104.36,111.56,60.944
32.669,3.2948,-15.809,-14.649,30.801,-3.7897,0.59684,116.44,80.54,107.04,116.51,64.434
35.23,3.5763,-18.378,-16.466,33.13,-4.2325,-0.17612,120.49,84.407,109.76,121.71,68.055
37.886,3.9353,-20.854,-18.597,35.554,-4.6126,-1.051,124.75,88.384,112.69,127.18,71.89
40.653,4.3784,-23.218,-21.044,38.063,-4.9438,-2.0462,129.26,92.507,115.93,132.9,75.988
43.525,4.9108,-25.478,-23.732,40.636,-5.2478,-3.1846,134.01,96.754,119.56,138.76,80.361
46.477,5.5391,-27.64,-26.524,43.243,-5.5464,-4.4825,138.99,101.07,123.6,144.7,84.99
49.496,6.2703,-29.719,-29.288,45.865,-5.8545,-5.9412,144.18,105.39,128.04,150.66,89.803
52.59,7.1092,-31.749,-31.957,48.509,-6.1708,-7.5451,149.62,109.71,132.85,156.66,94.696
55.798,8.059,-33.777,-34.527,51.205,-6.474,-9.2688,155.34,114.11,138.03,162.76,99.572
59.174,9.132,-35.833,-37.02,53.98,-6.729,-11.079,161.42,118.74,143.56,169.06,104.4
62.764,10.37,-37.898,-39.452,56.834,-6.8979,-12.929,167.96,123.81,149.47,175.69,109.23
66.584,11.866,-39.903,-41.835,59.726,-6.9498,-14.76,175.01,129.5,155.83,182.75,114.19
70.607,13.78,-41.761,-44.221,62.592,-6.8685,-16.509,182.57,135.9,162.7,190.33,119.45
74.787,16.333,-43.413,-46.745,65.386,-6.6595,-18.133,190.56,142.95,170.2,198.44,125.2
79.081,19.722,-44.844,-49.617,68.099,-6.3557,-19.615,198.93,150.47,178.4,207.07,131.54
83.442,23.885,-46.088,-53.015,70.753,-6.0104,-20.976,207.68,158.21,187.34,216.15,138.41
87.808,28.369,-47.217,-56.905,73.381,-5.6761,-22.265,216.87,165.99,196.94,225.65,145.56
92.117,32.64,-48.332,-61.006,76.028,-5.3806,-23.568,226.56,173.8,207.06,235.51,152.69
96.346,36.456,-49.545,-65.001,78.739,-5.1241,-24.991,236.74,181.78,217.55,245.73,159.67
100.53,39.86,-50.951,-68.749,81.552,-4.8895,-26.616,247.32,190.09,228.31,256.31,166.56
104.77,43.007,-52.6,-72.301,84.473,-4.6452,-28.438,258.19,198.88,239.37,267.25,173.6
109.17,46.06,-54.476,-75.796,87.468,-4.3508,-30.36,269.28,208.19,250.73,278.55,181.03
113.81,49.127,-56.488,-79.387,90.501,-3.9814,-32.272,280.63,218.02,262.45,290.19,189.08
118.69,52.221,-58.524,-83.193,93.59,-3.5482,-34.13,292.39,228.33,274.57,302.18,197.9
123.77,55.269,-60.536,-87.283,96.839,-3.1001,-35.948,304.7,239.02,287.19,314.53,207.52
129.03,58.168,-62.6,-91.654,100.39,-2.7098,-37.773,317.64,250.03,300.42,327.34,217.82
134.51,60.86,-64.903,-96.237,104.37,-2.4519,-39.65,331.22,261.35,314.37,340.78,228.58
140.43,63.36,-67.672,-100.94,108.85,-2.3763,-41.618,345.34,273.13,329.03,355.05,239.59
146.99,65.759,-71.07,-105.73,113.87,-2.4897,-43.704,359.85,285.56,344.31,370.37,250.75
154.18,68.22,-75.099,-110.7,119.39,-2.753,-45.923,374.62,298.83,360.04,386.84,262.16
161.8,70.977,-79.538,-115.95,125.29,-3.0947,-48.268,389.54,312.94,376.06,404.41,274.03
169.59,74.286,-84.028,-121.53,131.32,-3.4316,-50.69,404.59,327.67,392.34,422.89,286.62
177.43,78.259,-88.248,-127.38,137.25,-3.6917,-53.106,419.81,342.63,408.95,442.06,300.1
185.26,82.699,-92.065,-133.4,142.99,-3.8311,-55.437,435.3,357.47,426.06,461.79,314.45
193.05,87.235,-95.57,-139.58,148.63,-3.8383,-57.655,451.16,372.07,443.82,482.07,329.52
200.94,91.662,-99.04,-145.9,154.45,-3.7278,-59.803,467.46,386.49,462.33,502.94,345.21
209.2,96.026,-102.83,-152.44,160.72,-3.5253,-61.974,484.19,400.95,481.57,524.47,361.43
218.16,100.48,-107.22,-159.35,167.68,-3.2542,-64.292,501.25,415.66,501.4,546.66,378.12
228.02,105.18,-112.23,-166.81,175.34,-2.9285,-66.883,518.44,430.79,521.62,569.44,395.15
238.68,110.26,-117.54,-174.91,183.46,-2.5537,-69.84,535.44,446.43,542.04,592.7,412.37
249.72,115.8,-122.7,-183.46,191.53,-2.1308,-73.178,551.94,462.58,562.51,616.3,429.69
260.58,121.77,-127.42,-192.09,199.13,-1.6609,-76.816,567.7,479.06,582.94,640.1,447.17
270.85,128,-131.62,-200.42,206.07,-1.1481,-80.611,582.68,495.52,603.29,664,464.97
280.42,134.28,-135.38,-208.25,212.45,-0.59986,-84.424,597.03,511.63,623.55,688.01,483.21
289.51,140.44,-138.82,-215.63,218.43,-0.02334,-88.18,610.92,527.1,643.75,712.17,501.93
298.46,146.45,-142.1,-222.79,224.28,0.57776,-91.889,624.53,541.88,663.91,736.47,521.03
307.63,152.37,-145.41,-230,230.28,1.2042,-95.618,637.89,556.05,684.01,760.84,540.24
317.27,158.33,-148.87,-237.5,236.66,1.8581,-99.426,650.86,569.85,703.99,785.1,559.26
327.39,164.45,-152.53,-245.37,243.45,2.5394,-103.33,663.1,583.5,723.73,809.04,577.87
337.77,170.76,-156.4,-253.52,250.51,3.2457,-107.31,674.26,596.97,743.16,832.52,596.06
348.08,177.2,-160.43,-261.78,257.64,3.9779,-111.37,684.13,609.96,762.22,855.38,613.98
358.08,183.62,-164.57,-269.97,264.64,4.7477,-115.56,692.68,622.16,780.92,877.47,631.83
367.69,189.84,-168.73,-277.99,271.38,5.5822,-119.96,699.92,633.52,799.18,898.63,649.6
376.94,195.76,-172.82,-285.79,277.78,6.5217,-124.62,705.89,644.18,816.8,918.76,667.06
385.88,201.31,-176.69,-293.35,283.83,7.6167,-129.49,710.58,654.1,833.72,937.83,683.9
394.52,206.51,-180.2,-300.62,289.53,8.9256,-134.46,713.98,663.07,849.97,955.91,699.92
402.8,211.43,-183.23,-307.52,294.88,10.504,-139.34,716.13,670.86,865.47,973.02,715
410.65,216.08,-185.69,-313.96,299.86,12.373,-143.95,717.08,677.41,879.97,989.18,729.09
417.99,220.48,-187.55,-319.88,304.55,14.475,-148.21,716.76,682.8,893.15,1004.3,742.12
424.8,224.59,-188.83,-325.25,308.98,16.681,-152.1,714.88,687.13,904.79,1018.2,754.02
430.97,228.4,-189.58,-330.13,312.9,18.869,-155.64,710.98,690.34,914.85,1030.5,764.74
436.26,231.96,-189.75,-334.61,315.75,20.98,-158.88,704.55,692.18,923.44,1041.2,774.24
440.22,235.37,-189.2,-338.67,317.04,23.014,-161.84,695.18,692.22,930.5,1049.9,782.48
442.46,238.72,-187.77,-342.09,316.86,24.976,-164.56,682.68,689.99,935.56,1056.1,789.35
442.85,241.9,-185.48,-344.37,315.75,26.868,-167.06,667.08,685.1,937.86,1059.5,794.64
441.47,244.51,-182.47,-344.97,314.01,28.695,-169.32,648.69,677.4,936.66,1059.4,797.93
438.27,245.98,-178.92,-343.62,311.4,30.467,-171.33,627.99,667.07,931.51,1055.4,798.7
433.11,246,-174.86,-340.42,307.48,32.178,-173.02,605.51,654.52,922.24,1047.1,796.45
426.01,244.63,-170.21,-335.73,301.93,33.787,-174.29,581.7,640.19,908.91,1034.5,790.87
417.21,242.08,-164.93,-329.85,294.81,35.221,-175.05,556.85,624.21,891.7,1017.7,781.88
407,238.53,-159.02,-322.9,286.42,36.42,-175.23,531.16,606.47,870.82,997.05,769.54
395.57,234.1,-152.56,-314.93,277.14,37.365,-174.84,504.78,586.81,846.52,973,754.04
383.05,228.87,-145.66,-306,267.19,38.079,-173.91,477.81,565.36,819.2,945.95,735.56
369.56,222.89,-138.35,-296.2,256.69,38.617,-172.46,450.34,542.48,789.46,916.24,714.32
355.21,216.22,-130.59,-285.66,245.63,39.052,-170.44,422.46,518.65,758.04,884.14,690.48
340.07,208.99,-122.34,-274.48,233.96,39.454,-167.68,394.42,494.26,725.55,849.74,664.24
324.25,201.34,-113.62,-262.74,221.7,39.869,-164.03,366.51,469.58,692.42,813.04,635.8
307.94,193.39,-104.61,-250.59,209.02,40.287,-159.42,339.03,444.72,658.75,774.05,605.52
291.4,185.18,-95.638,-238.17,196.2,40.635,-153.93,312.19,419.68,624.5,733.07,573.88
274.83,176.66,-87.025,-225.56,183.52,40.792,-147.77,286.07,394.35,589.56,690.7,541.4
258.21,167.69,-78.984,-212.7,171.07,40.628,-141.13,260.73,368.64,553.96,647.62,508.43
241.39,158.1,-71.546,-199.43,158.83,40.053,-134.14,236.21,342.49,517.89,604.52,475.2
224.18,147.8,-64.617,-185.66,146.72,39.041,-126.87,212.59,316.1,481.66,562.01,441.93
206.59,136.94,-58.037,-171.5,134.7,37.631,-119.34,190.08,289.89,445.76,520.56,408.98
188.92,125.86,-51.63,-157.3,122.89,35.901,-111.59,169.03,264.41,410.74,480.44,376.85
171.73,115.02,-45.301,-143.54,111.51,33.926,-103.7,149.81,240.19,377.15,441.75,345.98
155.58,104.81,-39.164,-130.61,100.8,31.765,-95.869,132.69,217.63,345.33,404.46,316.54
140.79,95.429,-33.482,-118.69,90.887,29.474,-88.341,117.63,196.91,315.38,368.53,288.49
127.33,86.883,-28.454,-107.74,81.734,27.119,-81.28,104.27,177.99,287.2,333.98,261.66
114.99,78.994,-24.122,-97.588,73.213,24.756,-74.656,92.08,160.69,260.54,300.97,235.91
103.45,71.482,-20.432,-88.001,65.159,22.401,-68.309,80.521,144.73,235.22,269.76,211.21
92.486,64.04,-17.293,-78.81,57.475,20.021,-62.112,69.298,129.86,211.18,240.69,187.74
81.972,56.533,-14.564,-69.934,50.24,17.575,-56.028,58.493,115.88,188.57,214.07,165.71
71.943,49.285,-12.016,-61.378,43.691,15.075,-50.06,48.505,102.68,167.69,190.1,145.37
62.496,42.78,-9.4047,-53.166,37.992,12.639,-44.224,39.767,90.258,148.77,168.75,126.92
53.728,37.004,-6.9353,-45.361,33.062,10.426,-38.61,32.552,78.709,131.87,149.77,110.47
45.752,31.685,-5.0453,-38.325,28.673,8.5157,-33.387,26.689,68.15,116.77,132.7,95.892
38.669,26.596,-3.726,-32.579,24.611,6.8776,-28.713,21.501,58.629,102.98,116.5,82.704
32.519,21.531,-2.7781,-28.023,20.714,5.4368,-24.626,16.571,50.08,89.795,99.827,69.679
27.269,16.397,-2.0783,-24.001,16.914,4.1302,-21.068,12.085,42.438,76.662,83.58,56.533
22.792,11.405,-1.5721,-19.836,13.284,2.9216,-17.931,8.3675,35.801,63.89,69.493,45.055
18.756,6.9692,-1.2288,-15.161,10.007,1.7922,-15.062,5.5104,30.109,52.418,57.732,35.36
14.765,3.3779,-1.0201,-10.294,7.2857,0.72783,-12.261,3.3936,24.929,42.839,47.915,26.709
10.84,0.63117,-0.91373,-6.0526,5.2438,-0.28445,-9.4132,1.8247,19.938,35.211,39.715,19.197
7.4303,-1.4453,-0.87701,-2.8827,3.8376,-1.2506,-6.7389,0.6284,15.274,29.293,32.948,13.235
4.8019,-3.0431,-0.88485,-0.64211,2.8918,-2.1648,-4.5907,-0.32477,11.315,24.678,27.443,9.1151
2.8441,-4.3009,-0.92459,0.97643,2.2386,-3.01,-3.0385,-1.1187,8.2234,20.963,22.986,6.3078
1.3547,-5.3037,-0.99369,2.1913,1.7768,-3.7655,-1.9312,-1.7995,5.8716,17.853,19.354,3.7552
0.1958,-6.1039,-1.0914,3.1219,1.4531,-4.4163,-1.1074,-2.3866,4.0668,15.168,16.347,1.0434
-0.70863,-6.7404,-1.21,3.8341,1.2328,-4.9574,-0.45995,-2.8858,2.6784,12.805,13.808,-1.5953
-1.4057,-7.2484,-1.3313,4.3723,1.0837,-5.393,0.075005,-3.2985,1.6378,10.712,11.626,-3.8509
-1.9338,-7.6616,-1.4297,4.774,0.97269,-5.731,0.53682,-3.6282,0.89467,8.8688,9.7446,-5.6162
-2.3305,-8.0081,-1.4787,5.0735,0.86847,-5.9788,0.95217,-3.8825,0.3993,7.2693,8.1409,-6.9454
-2.6305,-8.3065,-1.4584,5.2988,0.7468,-6.1437,1.3375,-4.0725,0.097275,5.9061,6.8016,-7.9424
-2.8622,-8.5641,-1.3639,5.4705,0.59579,-6.2355,1.6986,-4.2106,-0.063356,4.7596,5.7128,-8.6995
-3.042,-8.7791,-1.2098,5.5999,0.42017,-6.271,2.0314,-4.3075,-0.13017,3.7958,4.8444,-9.2859
-3.172,-8.9433,-1.0309,5.6888,0.2414,-6.2746,2.3274,-4.3713,-0.14223,2.9714,4.1524,-9.7474
-3.2444,-9.0466,-0.87496,5.7328,0.091519,-6.2754,2.5785,-4.4038,-0.12531,2.2543,3.5947,-10.114
-3.2492,-9.0842,-0.79095,5.7274,0.0015265,-6.3036,2.7798,-4.4021,-0.088949,1.627,3.1353,-10.402
-3.1856,-9.0618,-0.81682,5.6729,-0.0090852,-6.3849,2.9294,-4.3602,-0.03079,1.0964,2.7505,-10.618
-3.0654,-8.9961,-0.96996,5.5771,0.063235,-6.5331,3.0284,-4.2734,0.060653,0.6875,2.4306,-10.759
-2.9083,-8.907,-1.2413,5.4526,0.20708,-6.7435,3.0808,-4.1416,0.19344,0.4319,2.1761,-10.821
-2.7333,-8.8077,-1.5946,5.3115,0.40079,-6.9896,3.0944,-3.9687,0.36464,0.3581,1.9911,-10.804
-2.5512,-8.6976,-1.9731,5.161,0.61871,-7.2283,3.0784,-3.759,0.55895,0.47909,1.875,-10.714
-2.3633,-8.5643,-2.315,5.0004,0.83769,-7.4103,3.0411,-3.5128,0.75465,0.79505,1.8169,-10.561
-2.1634,-8.3927,-2.5711,4.8248,1.0413,-7.4949,2.9863,-3.2271,0.93452,1.291,1.7981,-10.355
-1.9454,-8.1749,-2.7155,4.6302,1.2201,-7.4638,2.9134,-2.8998,1.0965,1.9367,1.7923,-10.105
-1.7102,-7.915,-2.7481,4.4187,1.369,-7.3246,2.8186,-2.5339,1.2572,2.686,1.7785,-9.8166
-1.468,-7.6279,-2.687,4.2001,1.4851,-7.107,2.6977,-2.1391,1.446,3.4911,1.7496,-9.4925
-1.2378,-7.3322,-2.5585,3.9896,1.5655,-6.8469,2.55,-1.7279,1.6929,4.3097,1.7137,-9.1334
-1.0419,-7.043,-2.3867,3.8026,1.6077,-6.575,2.3796,-1.3078,2.0191,5.1144,1.6955,-8.7383
-0.89973,-6.7673,-2.1893,3.65,1.6099,-6.3073,2.1986,-0.87768,2.4279,5.8959,1.724,-8.3054
-0.824,-6.5053,-1.9771,3.5358,1.5719,-6.0469,2.0238,-0.42877,2.9115,6.6568,1.8228,-7.8333
-0.81887,-6.2537,-1.7557,3.4589,1.4954,-5.7914,1.8701,0.050259,3.4507,7.4017,1.9963,-7.3209
-0.88269,-6.0111,-1.5261,3.4161,1.3826,-5.5386,1.7455,0.5658,4.0179,8.1281,2.231,-6.768
-1.0098,-5.7791,-1.2857,3.4032,1.2343,-5.2891,1.6479,1.1139,4.5759,8.8245,2.5016,-6.1751
-1.1935,-5.5631,-1.0281,3.418,1.0477,-5.0426,1.5666,1.6772,5.087,9.4736,2.7824,-5.5421
-1.427,-5.3705,-0.74566,3.4605,0.81791,-4.7967,1.4868,2.2256,5.5248,10.061,3.0557,-4.8674
-1.7013,-5.2066,-0.4324,3.5298,0.54087,-4.5462,1.3964,2.7231,5.8827,10.571,3.3163,-4.1474
-2.0011,-5.0698,-0.08584,3.6192,0.21809,-4.2828,1.291,3.1372,6.1742,10.998,3.5699,-3.3782
-2.3036,-4.9481,0.29381,3.7131,-0.14123,-3.9937,1.1747,3.4475,6.4218,11.335,3.8281,-2.5572
-2.5832,-4.8189,0.70614,3.7888,-0.52183,-3.6626,1.0582,3.6483,6.6436,11.576,4.1038,-1.6851
-2.8178,-4.6548,1.1512,3.8228,-0.9065,-3.2734,0.95331,3.745,6.8485,11.72,4.4058,-0.76329
-2.9953,-4.4314,1.6266,3.7978,-1.2799,-2.8176,0.86618,3.7482,7.0395,11.764,4.7372,0.21038
-3.1135,-4.1341,2.1228,3.7058,-1.6295,-2.2992,0.79425,3.6702,7.2206,11.716,5.0956,1.2451
-3.1765,-3.7606,2.6207,3.5485,-1.9435,-1.7355,0.7256,3.5233,7.4,11.589,5.4766,2.3532
-3.1879,-3.3203,3.0928,3.334,-2.2085,-1.1519,0.64421,3.3215,7.585,11.402,5.8777,3.5402
-3.1466,-2.8307,3.5085,3.0729,-2.4092,-0.57431,0.53766,3.082,7.7762,11.182,6.3004,4.7957
-3.046,-2.3126,3.8415,2.7747,-2.5315,-0.023149,0.40204,2.8264,7.9627,10.964,6.7489,6.0926
-2.8775,-1.7825,4.0792,2.4443,-2.5678,0.49098,0.2416,2.5788,8.1257,10.783,7.2262,7.3961
-2.6343,-1.2458,4.2301,2.0791,-2.5219,0.97167,0.065093,2.3605,8.2455,10.665,7.7276,8.6755
-2.3151,-0.69425,4.3261,1.6698,-2.4092,1.4399,-0.11776,2.1834,8.3095,10.623,8.2383,9.9124
-1.9243,-0.10819,4.4094,1.2029,-2.2521,1.9252,-0.2986,2.0469,8.3156,10.652,8.7357,11.103
-1.4712,0.53461,4.5139,0.66563,-2.0721,2.4498,-0.47213,1.9397,8.2702,10.733,9.1988,12.253
-0.96891,1.2495,4.6494,0.051463,-1.8852,3.0181,-0.63754,1.8451,8.1857,10.844,9.6186,13.372
-0.43556,2.0371,4.798,-0.63288,-1.6997,3.6145,-0.79821,1.7475,8.0794,10.958,10.005,14.467
0.10621,2.8766,4.9219,-1.3618,-1.5171,4.2109,-0.95893,1.6378,7.9731,11.055,10.382,15.541
0.63315,3.7247,4.9815,-2.0908,-1.3324,4.7712,-1.1221,1.5163,7.8904,11.118,10.779,16.587
1.1278,4.5224,4.9532,-2.767,-1.1374,5.2566,-1.2858,1.3923,7.8519,11.137,11.216,17.595
1.5825,5.2123,4.8395,-3.3474,-0.92655,5.6349,-1.4437,1.2815,7.8695,11.114,11.697,18.546
1.996,5.7612,4.6718,-3.8142,-0.70374,5.9013,-1.587,1.1994,7.9422,11.054,12.201,19.419
2.3671,6.1727,4.5058,-4.1761,-0.48514,6.0932,-1.7055,1.1544,8.0539,10.969,12.697,20.187
2.6891,6.4782,4.4069,-4.4555,-0.29548,6.2751,-1.79,1.1446,8.1758,10.869,13.143,20.827
2.9507,6.7138,4.4245,-4.6737,-0.15903,6.4996,-1.8366,1.1603,8.2728,10.762,13.502,21.32
3.1412,6.9003,4.5672,-4.8419,-0.089812,6.7743,-1.8504,1.1885,8.312,10.656,13.749,21.659
3.2569,7.0369,4.7934,-4.9598,-0.085557,7.0537,-1.8452,1.2185,8.2704,10.554,13.874,21.848
3.3034,7.1075,5.0258,-5.0203,-0.12852,7.262,-1.8374,1.2442,8.1407,10.458,13.888,21.903
3.2925,7.0945,5.1835,-5.0155,-0.19268,7.3327,-1.8387,1.2635,7.9317,10.366,13.808,21.843
3.2371,6.9907,5.2153,-4.9437,-0.25362,7.2383,-1.851,1.2768,7.6634,10.277,13.657,21.69
3.146,6.8063,5.1133,-4.8125,-0.29636,6.9962,-1.8675,1.2831,7.3595,10.189,13.449,21.462
3.022,6.5665,4.9066,-4.6375,-0.31799,6.6544,-1.8775,1.2766,7.0404,10.095,13.189,21.176
2.8633,6.3005,4.6453,-4.4361,-0.32535,6.2719,-1.8718,1.2439,6.7188,9.9902,12.874,20.844
2.667,6.0303,4.3857,-4.2205,-0.32975,5.8974,-1.8474,1.1668,6.3995,9.8606,12.5,20.481
2.4329,5.764,4.1737,-3.994,-0.34087,5.5568,-1.8091,1.028,6.082,9.6897,12.063,20.095
2.1668,5.4958,4.0292,-3.7524,-0.36194,5.2437,-1.7665,0.81979,5.7635,9.4594,11.569,19.692
1.8818,5.2117,3.9398,-3.49,-0.38801,4.9246,-1.7293,0.54834,5.4413,9.1559,11.028,19.271
1.5966,4.9001,3.8721,-3.2072,-0.40856,4.5677,-1.7049,0.23392,5.1129,8.7768,10.449,18.822
1.3313,4.5621,3.7952,-2.9131,-0.41364,4.1766,-1.698,-0.095099,4.7752,8.3342,9.8367,18.333
1.0999,4.2124,3.6989,-2.6221,-0.40031,3.79,-1.71,-0.40978,4.4238,7.8509,9.1902,17.792
0.90597,3.8737,3.5963,-2.3492,-0.37517,3.4548,-1.7351,-0.68697,4.0539,7.3513,8.5105,17.195
0.74364,3.57,3.5099,-2.1055,-0.35093,3.2037,-1.7598,-0.91303,3.6623,6.8511,7.8028,16.552
0.60426,3.3199,3.4566,-1.8982,-0.33911,3.0506,-1.7672,-1.0854,3.2494,6.3529,7.0821,15.881
0.48499,3.1345,3.4398,-1.7327,-0.34361,2.9915,-1.7422,-1.2125,2.8206,5.847,6.372,15.206
0.39324,3.0182,3.4482,-1.6145,-0.35842,3.006,-1.6757,-1.3119,2.3855,5.3166,5.6983,14.556
0.34506,2.9703,3.4591,-1.5492,-0.37009,3.0629,-1.5657,-1.406,1.9554,4.7444,5.0832,13.953
0.35844,2.9853,3.445,-1.5407,-0.36335,3.128,-1.416,-1.5157,1.5388,4.1182,4.5396,13.411
0.44511,3.0514,3.3813,-1.5883,-0.32727,3.1719,-1.2339,-1.6528,1.1343,3.4358,4.0685,12.926
0.60436,3.149,3.255,-1.6844,-0.25909,3.1756,-1.0266,-1.8151,0.7321,2.7065,3.6591,12.484
0.82111,3.2526,3.069,-1.8133,-0.16444,3.1332,-0.79942,-1.9882,0.31874,1.9494,3.2934,12.057
1.0684,3.3353,2.8403,-1.9526,-0.054001,3.0527,-0.55498,-2.1517,-0.11514,1.1864,2.9524,11.611
1.313,3.3763,2.5934,-2.0763,0.060454,2.9527,-0.29443,-2.289,-0.57031,0.43294,2.6195,11.113
1.5234,3.3674,2.3523,-2.1605,0.1699,2.8562,-0.019239,-2.3924,-1.0392,-0.30805,2.2822,10.538
1.677,3.3127,2.1328,-2.1893,0.26995,2.7805,0.26685,-2.4627,-1.5093,-1.0435,1.9334,9.8713
1.7643,3.2227,1.938,-2.1573,0.36112,2.7284,0.55675,-2.5057,-1.967,-1.7809,1.5732,9.115
1.7891,3.1036,1.7583,-2.0668,0.44762,2.6852,0.84032,-2.5294,-2.4009,-2.5188,1.2097,8.2843
1.7636,2.9504,1.5754,-1.9235,0.53475,2.621,1.1059,-2.542,-2.8039,-3.243,0.85604,7.403
1.7007,2.7476,1.3712,-1.7324,0.62452,2.5005,1.3424,-2.5533,-3.1743,-3.9315,0.52446,6.4953
1.6066,2.4784,1.1384,-1.4979,0.71121,2.2972,1.5415,-2.5748,-3.5153,-4.5616,0.22142,5.5816
1.477,2.137,0.88772,-1.2242,0.77964,2.0056,1.7008,-2.6192,-3.8331,-5.1206,-0.053707,4.6786
1.3009,1.7344,0.64665,-0.91755,0.80827,1.6456,1.8256,-2.7007,-4.1352,-5.607,-0.30572,3.8015
1.069,1.2962,0.45086,-0.5859,0.77667,1.2549,1.9272,-2.8342,-4.4292,-6.03,-0.54251,2.9621
0.7807,0.85194,0.32956,-0.23831,0.67372,0.87371,2.0173,-3.0335,-4.7218,-6.4058,-0.76897,2.1632
0.44279,0.42423,0.29299,0.11839,0.50228,0.52991,2.1017,-3.3058,-5.0173,-6.7534,-0.99073,1.4001
0.062992,0.020746,0.32686,0.48368,0.27827,0.23141,2.1767,-3.6451,-5.3159,-7.0911,-1.2158,0.66129
-0.35554,-0.36749,0.39622,0.86561,0.025851,-0.032986,2.2341,-4.029,-5.6121,-7.4333,-1.4541,-0.063795
-0.81269,-0.76077,0.45785,1.2768,-0.22849,-0.28452,2.2669,-4.4229,-5.8956,-7.7873,-1.7152,-0.77753
-1.3025,-1.1786,0.47578,1.725,-0.46029,-0.54144,2.2743,-4.7913,-6.1556,-8.1511,-2.0031,-1.4698
-1.8044,-1.627,0.4332,2.2018,-0.64958,-0.80868,2.2608,-5.1091,-6.3824,-8.5135,-2.3137,-2.1182
-2.2829,-2.0898,0.33713,2.6787,-0.783,-1.075,2.2322,-5.3684,-6.5698,-8.858,-2.6352,-2.6928
-2.6997,-2.5349,0.21433,3.1165,-0.85653,-1.3184,2.1928,-5.5779,-6.7162,-9.1695,-2.9532,-3.165
-3.0291,-2.9288,0.10132,3.481,-0.8786,-1.5164,2.1444,-5.7561,-6.8249,-9.4403,-3.2554,-3.5176
-3.268,-3.2501,0.030795,3.7564,-0.87014,-1.6559,2.0861,-5.9214,-6.9026,-9.6717,-3.5337,-3.7521
-3.4341,-3.4958,0.019562,3.9473,-0.85814,-1.7423,2.0157,-6.0842,-6.9569,-9.8695,-3.7843,-3.8897
-3.5553,-3.6802,0.0623,4.0736,-0.86305,-1.8016,1.9305,-6.2439,-6.9938,-10.039,-4.0075,-3.9667
-3.6573,-3.8272,0.12947,4.1602,-0.8884,-1.8761,1.828,-6.3914,-7.0181,-10.183,-4.2094,-4.0262
-3.7553,-3.9624,0.17088,4.2299,-0.91983,-2.0114,1.7077,-6.5137,-7.0367,-10.305,-4.4042,-4.1075
-3.8533,-4.1043,0.13104,4.2967,-0.93301,-2.2385,1.5706,-6.6007,-7.0628,-10.416,-4.6133,-4.2363
-3.9463,-4.2597,-0.028623,4.3649,-0.9045,-2.5598,1.4195,-6.6465,-7.1163,-10.53,-4.8583,-4.4165
-4.0248,-4.4241,-0.31443,4.4305,-0.82068,-2.9482,1.2589,-6.6499,-7.2164,-10.667,-5.1509,-4.6309
-4.0794,-4.5868,-0.69762,4.4857,-0.68249,-3.3567,1.0949,-6.6127,-7.3728,-10.841,-5.486,-4.8504
-4.1044,-4.7374,-1.1223,4.5245,-0.50588,-3.734,0.93517,-6.5368,-7.5781,-11.059,-5.8441,-5.0491
-4.1011,-4.8691,-1.5224,4.5448,-0.31818,-4.0378,0.78701,-6.4224,-7.8095,-11.318,-6.2,-5.2138
-4.078,-4.9786,-1.8408,4.5495,-0.15069,-4.2427,0.65649,-6.2663,-8.0358,-11.608,-6.5315,-5.3467
-4.0473,-5.0646,-2.0434,4.5436,-0.029671,-4.3412,0.54692,-6.0641,-8.2277,-11.909,-6.8264,-5.4606
-4.0196,-5.127,-2.1243,4.5319,0.03124,-4.3426,0.46016,-5.8141,-8.3658,-12.194,-7.0807,-5.5717
-3.9988,-5.1669,-2.1046,4.5166,0.034387,-4.2707,0.39725,-5.522,-8.4472,-12.426,-7.2955,-5.6932
-3.983,-5.1864,-2.0247,4.4991,-0.0041261,-4.1593,0.35975,-5.2028,-8.4856,-12.571,-7.4757,-5.8332
-3.9686,-5.1876,-1.9325,4.4796,-0.061206,-4.0445,0.3498,-4.8781,-8.5053,-12.607,-7.6322,-5.9958
-3.9554,-5.1727,-1.8711,4.4604,-0.11469,-3.9554,0.36913,-4.5706,-8.5339,-12.536,-7.7836,-6.1839
-3.9474,-5.1449,-1.8699,4.4458,-0.14868,-3.9057,0.41768,-4.2979,-8.5918,-12.392,-7.9531,-6.4007
-3.9486,-5.107,-1.9389,4.4401,-0.156,-3.8914,0.4923,-4.0672,-8.6866,-12.227,-8.1601,-6.6491
-3.9588,-5.0612,-2.0656,4.4447,-0.13792,-3.8951,0.58585,-3.8745,-8.8126,-12.096,-8.4125,-6.9295
-3.9728,-5.0092,-2.2179,4.4577,-0.10358,-3.8941,0.68905,-3.7062,-8.9541,-12.037,-8.7044,-7.2375
-3.9847,-4.9551,-2.3555,4.4758,-0.067994,-3.8711,0.79126,-3.5449,-9.0908,-12.063,-9.019,-7.564
-3.9941,-4.9063,-2.4458,4.4978,-0.047491,-3.8199,0.88308,-3.3743,-9.2031,-12.155,-9.3356,-7.8961
-4.0069,-4.8728,-2.4735,4.5264,-0.054485,-3.7471,0.95746,-3.1824,-9.2755,-12.269,-9.6359,-8.2189
-4.0307,-4.8624,-2.4394,4.5648,-0.094,-3.6681,1.0099,-2.963,-9.2989,-12.35,-9.9067,-8.5167
-4.0697,-4.8773,-2.3577,4.6144,-0.16149,-3.601,1.038,-2.7156,-9.271,-12.352,-10.139,-8.7759
-4.1202,-4.9115,-2.2531,4.671,-0.24207,-3.5626,1.0415,-2.4463,-9.1963,-12.25,-10.328,-8.9899
-4.1706,-4.9535,-2.1571,4.7263,-0.31301,-3.5651,1.0215,-2.167,-9.0847,-12.048,-10.469,-9.1617
-4.2068,-4.9927,-2.1025,4.7715,-0.34998,-3.6155,0.98035,-1.8929,-8.9502,-11.771,-10.56,-9.3029
-4.2198,-5.0245,-2.1155,4.8018,-0.33545,-3.7145,0.92189,-1.6377,-8.8074,-11.454,-10.601,-9.4272
-4.2104,-5.0528,-2.208,4.8189,-0.26528,-3.8572,0.85087,-1.4088,-8.6666,-11.128,-10.598,-9.5425
-4.1895,-5.0885,-2.3754,4.8309,-0.15014,-4.0341,0.77255,-1.2062,-8.5283,-10.807,-10.561,-9.6463
-4.1707,-5.146,-2.599,4.8484,-0.010833,-4.2324,0.69328,-1.0256,-8.3845,-10.496,-10.5,-9.726
-4.1655,-5.2357,-2.8529,4.8799,0.12979,-4.4383,0.61973,-0.86362,-8.2266,-10.198,-10.425,-9.7663
-4.1755,-5.3582,-3.1115,4.9266,0.2546,-4.6371,0.55813,-0.72128,-8.0562,-9.9168,-10.341,-9.7585
-4.1913,-5.5012,-3.3547,4.9805,0.35667,-4.8126,0.51326,-0.60472,-7.888,-9.6677,-10.251,-9.7058
-4.1966,-5.6417,-3.5703,5.0267,0.43911,-4.9483,0.48707,-0.52236,-7.7447,-9.4668,-10.151,-9.6218
-4.1746,-5.7551,-3.753,5.0506,0.51036,-5.0324,0.47739,-0.4802,-7.6451,-9.3263,-10.035,-9.5234
-4.1166,-5.8258,-3.9046,5.0448,0.57844,-5.0649,0.47755,-0.47697,-7.5964,-9.246,-9.895,-9.4237
-4.0286,-5.854,-4.0329,5.0133,0.64672,-5.0616,0.47795,-0.50202,-7.5913,-9.2097,-9.7312,-9.3285
-3.9261,-5.8536,-4.1514,4.9691,0.71483,-5.0495,0.46935,-0.53846,-7.6113,-9.1857,-9.5521,-9.2367
-3.8266,-5.8448,-4.2741,4.9274,0.78169,-5.0555,0.44687,-0.56982,-7.6346,-9.1351,-9.3738,-9.1438
-3.7397,-5.845,-4.4105,4.8985,0.8475,-5.0948,0.41206,-0.58672,-7.6429,-9.0197,-9.2112,-9.0472
-3.6632,-5.8637,-4.5633,4.8841,0.91551,-5.1663,0.37149,-0.58991,-7.626,-8.8273,-9.0702,-8.9488
-3.5848,-5.9003,-4.7301,4.8777,0.99048,-5.2544,0.33261,-0.58886,-7.5833,-8.5706,-8.9439,-8.8562
-3.4903,-5.9454,-4.9057,4.869,1.0746,-5.3337,0.29949,-0.59651,-7.5233,-8.2817,-8.8159,-8.7801
-3.3716,-5.985,-5.078,4.8492,1.165,-5.3769,0.27104,-0.62268,-7.4599,-7.9923,-8.6693,-8.7306
-3.2334,-6.0038,-5.2222,4.8158,1.2527,-5.3632,0.24283,-0.6689,-7.4036,-7.7214,-8.4951,-8.7118
-3.0941,-5.9913,-5.3017,4.7713,1.3243,-5.2868,0.21127,-0.72725,-7.3607,-7.4686,-8.296,-8.7201
-2.9748,-5.9445,-5.2915,4.7231,1.3686,-5.1634,0.17742,-0.78403,-7.3261,-7.2182,-8.0856,-8.7435
-2.8895,-5.8705,-5.2113,4.6786,1.3851,-5.0324,0.14784,-0.82592,-7.2857,-6.9497,-7.8761,-8.768
-2.8387,-5.7836,-5.1272,4.6424,1.3872,-4.9464,0.133,-0.8419,-7.2238,-6.6558,-7.6823,-8.7815
-2.8125,-5.6993,-5.1068,4.6167,1.395,-4.944,0.14301,-0.83153,-7.1319,-6.3354,-7.5109,-8.7767
-2.8015,-5.6283,-5.171,4.6028,1.4204,-5.026,0.18362,-0.80038,-7.0137,-5.994,-7.3601,-8.753
-2.8055,-5.5746,-5.2802,4.6028,1.4573,-5.1521,0.25386,-0.75662,-6.884,-5.6566,-7.2289,-8.7159
-2.8358,-5.5358,-5.3557,4.6194,1.4816,-5.2563,0.34645,-0.70758,-6.7602,-5.3414,-7.1069,-8.6695
-2.909,-5.5027,-5.3133,4.653,1.4595,-5.2654,0.45065,-0.65757,-6.6507,-5.0583,-6.9759,-8.6129
-3.0363,-5.4597,-5.0934,4.6999,1.3601,-5.1192,0.55641,-0.60767,-6.5479,-4.804,-6.8244,-8.5437
-3.218,-5.3907,-4.6807,4.7523,1.1678,-4.7931,0.65782,-0.55766,-6.434,-4.5629,-6.6438,-8.4597
-3.4447,-5.2893,-4.1085,4.8032,0.88803,-4.3116,0.75388,-0.50958,-6.2812,-4.3145,-6.4311,-8.3625
-3.7002,-5.1647,-3.4462,4.8503,0.54544,-3.7411,0.84642,-0.47483,-6.0756,-4.0424,-6.1914,-8.2596
-3.9685,-5.0394,-2.7763,4.8969,0.1762,-3.1666,0.93632,-0.46658,-5.8195,-3.7426,-5.9378,-8.1628
-4.2362,-4.9379,-2.1709,4.9483,-0.18179,-2.6631,1.0206,-0.49561,-5.5328,-3.4259,-5.6887,-8.0855
-4.4923,-4.8752,-1.6751,5.0072,-0.4965,-2.2746,1.0914,-0.57181,-5.2391,-3.1179,-5.4654,-8.0377
-4.7263,-4.852,-1.3012,5.0706,-0.74719,-2.0057,1.1379,-0.69602,-4.9613,-2.8439,-5.289,-8.0231
-4.928,-4.8567,-1.0349,5.1305,-0.9267,-1.8263,1.1494,-0.86017,-4.7158,-2.6249,-5.1782,-8.0382
-5.089,-4.8722,-0.84967,5.1761,-1.0414,-1.6896,1.1189,-1.0511,-4.5085,-2.4731,-5.1519,-8.0768
-5.2052,-4.8836,-0.71825,5.1982,-1.108,-1.5544,1.0457,-1.255,-4.3328,-2.3885,-5.2068,-8.1265
-5.2782,-4.8822,-0.61735,5.1922,-1.1434,-1.402,0.93556,-1.4605,-4.1752,-2.3613,-5.3226,-8.1743
-5.3126,-4.8663,-0.53809,5.1601,-1.154,-1.2431,0.79872,-1.6632,-4.0163,-2.3775,-5.4662,-8.2066
-5.3144,-4.8402,-0.49873,5.1082,-1.1323,-1.1135,0.64574,-1.8598,-3.8438,-2.4264,-5.5941,-8.2184
-5.2893,-4.813,-0.53969,5.0454,-1.0645,-1.0601,0.4841,-2.0516,-3.6591,-2.507,-5.6848,-8.2122
-5.242,-4.7961,-0.6974,4.9806,-0.94112,-1.1151,0.31733,-2.2465,-3.4802,-2.6224,-5.7265,-8.2002
-5.1772,-4.7971,-0.97618,4.9203,-0.76465,-1.2758,0.14724,-2.4528,-3.3343,-2.785,-5.7286,-8.1952
-5.0996,-4.8138,-1.3381,4.8662,-0.55156,-1.5025,-0.023631,-2.6785,-3.246,-3.0067,-5.702,-8.2058
-5.0141,-4.8344,-1.7129,4.8161,-0.32961,-1.7314,-0.19259,-2.9276,-3.2254,-3.2741,-5.6563,-8.23
-4.9264,-4.8433,-2.021,4.7658,-0.1323,-1.8966,-0.35868,-3.1978,-3.2645,-3.5618,-5.608,-8.2561
-4.844,-4.8314,-2.1987,4.7145,0.0098507,-1.9517,-0.52138,-3.481,-3.3436,-3.8349,-5.5804,-8.2674
-4.778,-4.8021,-2.2166,4.6676,0.076909,-1.8847,-0.67733,-3.7665,-3.4435,-4.0627,-5.5887,-8.247
-4.7405,-4.7686,-2.0838,4.6354,0.063756,-1.7191,-0.81901,-4.0445,-3.5505,-4.23,-5.6417,-8.1853
-4.741,-4.7463,-1.8412,4.6277,-0.019656,-1.5029,-0.93603,-4.3089,-3.6674,-4.3401,-5.7373,-8.0825
-4.7807,-4.7457,-1.5482,4.6485,-0.15131,-1.2908,-1.0179,-4.554,-3.7986,-4.4091,-5.8612,-7.9461
-4.8513,-4.7681,-1.2678,4.6937,-0.30241,-1.1289,-1.0566,-4.7792,-3.9482,-4.4563,-5.9912,-7.7853
-4.9371,-4.8065,-1.0528,4.7523,-0.44366,-1.0446,-1.0492,-4.9868,-4.1137,-4.4949,-6.1038,-7.6079
-5.0193,-4.8485,-0.93576,4.8102,-0.55124,-1.0436,-0.99901,-5.1779,-4.2927,-4.5278,-6.1802,-7.418
-5.0823,-4.8801,-0.92356,4.8541,-0.61189,-1.1111,-0.91538,-5.3545,-4.4805,-4.548,-6.2113,-7.2175
-5.1181,-4.8907,-0.99713,4.8753,-0.62603,-1.2179,-0.81185,-5.5194,-4.6721,-4.5426,-6.1994,-7.0077
-5.1283,-4.8765,-1.1187,4.8725,-0.60681,-1.3297,-0.70239,-5.6755,-4.8634,-4.5002,-6.1529,-6.7896
-5.1226,-4.8427,-1.2457,4.8518,-0.57352,-1.4177,-0.59742,-5.8252,-5.0521,-4.4164,-6.0992,-6.5688
-5.1123,-4.8024,-1.3465,4.8247,-0.54176,-1.4673,-0.50107,-5.9707,-5.2369,-4.2964,-6.0747,-6.3542
-5.1042,-4.7707,-1.4098,4.8022,-0.51625,-1.4801,-0.41115,-6.113,-5.4174,-4.1512,-6.1169,-6.1584
-5.0972,-4.7569,-1.4429,4.7898,-0.49116,-1.4674,-0.32231,-6.2566,-5.5924,-3.9921,-6.2594,-5.9897
-5.0846,-4.7598,-1.461,4.7852,-0.45691,-1.4395,-0.23081,-6.4069,-5.7586,-3.8249,-6.5108,-5.8499
-5.0594,-4.7687,-1.4752,4.7807,-0.40756,-1.3993,-0.13808,-6.5691,-5.9108,-3.6488,-6.8599,-5.7303
-5.0194,-4.7701,-1.4889,4.7687,-0.34476,-1.3439,-0.051155,-6.7464,-6.0423,-3.4582,-7.276,-5.6183
-4.9699,-4.7552,-1.4989,4.7465,-0.27744,-1.2724,0.019564,-6.9387,-6.1477,-3.2494,-7.7294,-5.5012
-4.923,-4.725,-1.5008,4.7188,-0.21897,-1.1913,0.063856,-7.1437,-6.2256,-3.0251,-8.1916,-5.3726
-4.8944,-4.6897,-1.4913,4.6963,-0.1837,-1.1143,0.075156,-7.3588,-6.2792,-2.7968,-8.638,-5.2361
-4.899,-4.6642,-1.4694,4.6921,-0.18358,-1.0581,0.05254,-7.5831,-6.3159,-2.5796,-9.0499,-5.1052
-4.9471,-4.6617,-1.4359,4.7172,-0.22546,-1.0359,0.00054633,-7.8183,-6.3444,-2.3847,-9.4159,-4.9998
-5.0408,-4.6889,-1.3923,4.7769,-0.30931,-1.0524,-0.072661,-8.0678,-6.3729,-2.2128,-9.7339,-4.9388
-5.1731,-4.7437,-1.3413,4.8689,-0.428,-1.1022,-0.15772,-8.3348,-6.4076,-2.0544,-10.013,-4.9335
-5.3298,-4.8174,-1.2858,4.984,-0.569,-1.1726,-0.24642,-8.6192,-6.4528,-1.897,-10.273,-4.9839
-5.4941,-4.8982,-1.2277,5.1101,-0.71821,-1.2478,-0.33391,-8.9146,-6.511,-1.7346,-10.538,-5.0791
-5.6521,-4.9757,-1.1661,5.2365,-0.86495,-1.3134,-0.41982,-9.2058,-6.582,-1.5724,-10.836,-5.2028
-5.7983,-5.0432,-1.0955,5.3575,-1.0066,-1.3592,-0.50619,-9.4694,-6.6623,-1.4218,-11.184,-5.3391
-5.9366,-5.0943,-1.0053,5.4717,-1.1503,-1.3767,-0.59194,-9.6766,-6.743,-1.2887,-11.587,-5.478
-6.0765,-5.1173,-0.8805,5.5774,-1.312,-1.3548,-0.66755,-9.8016,-6.8099,-1.1627,-12.026,-5.6154
-6.2262,-5.0899,-0.70483,5.6672,-1.5114,-1.2758,-0.7138,-9.8285,-6.8439,-1.0133,-12.457,-5.7503
-6.3863,-4.981,-0.46682,5.7265,-1.7675,-1.1153,-0.70557,-9.7554,-6.8257,-0.79843,-12.823,-5.8815
-6.5465,-4.7568,-0.16233,5.7363,-2.0948,-0.84324,-0.61797,-9.5929,-6.7402,-0.47907,-13.069,-6.0034
-6.6886,-4.3866,0.21605,5.6786,-2.5023,-0.4217,-0.43104,-9.3583,-6.5798,-0.032891,-13.154,-6.1051
-6.792,-3.8434,0.70631,5.5409,-2.9923,0.19805,-0.13025,-9.0674,-6.3439,0.54127,-13.07,-6.1707
-6.8414,-3.0992,1.4063,5.3155,-3.558,1.0593,0.29757,-8.7295,-6.034,1.2288,-12.828,-6.1822
-6.831,-2.1203,2.4704,4.997,-4.1858,2.1778,0.87215,-8.3455,-5.6483,2.0094,-12.456,-6.1232
-6.767,-0.86311,4.0469,4.5787,-4.8648,3.6062,1.6312,-7.911,-5.1791,2.8646,-11.981,-5.9851
-6.663,0.72915,6.1969,4.0507,-5.5984,5.4787,2.6465,-7.42,-4.6125,3.7798,-11.427,-5.7699
-6.533,2.7301,8.875,3.3991,-6.3998,7.9197,4.044,-6.8687,-3.9301,4.7424,-10.812,-5.4905
-6.3824,5.2334,11.986,2.6038,-7.2746,10.999,6.0011,-6.2555,-3.1126,5.7389,-10.148,-5.1668
-6.2026,8.3466,15.447,1.6341,-8.2018,14.736,8.6572,-5.5794,-2.1423,6.7525,-9.4433,-4.8171
-5.9716,12.157,19.184,0.445,-9.1278,19.086,11.914,-4.8367,-1.0064,7.7638,-8.7013,-4.4488
-5.6611,16.651,23.092,-1.0205,-9.9804,23.907,15.375,-4.0187,0.30114,8.751,-7.9238,-4.0539
-5.2474,21.641,27.006,-2.8159,-10.696,28.901,18.644,-3.109,1.7773,9.6945,-7.109,-3.6145
-4.7194,26.798,30.752,-4.9636,-11.241,33.725,21.582,-2.0808,3.4115,10.583,-6.2504,-3.1111
-4.0815,31.81,34.232,-7.4305,-11.618,38.173,24.235,-0.89392,5.1926,11.417,-5.3328,-2.5288
-3.3489,36.508,37.451,-10.13,-11.857,42.184,26.683,0.50739,7.1224,12.214,-4.3313,-1.8557
-2.5377,40.864,40.45,-12.962,-11.988,45.772,28.987,2.1926,9.225,12.998,-3.2146,-1.0757
-1.6519,44.936,43.232,-15.873,-12.032,49.005,31.164,4.2307,11.547,13.796,-1.9557,-0.1609
-0.67187,48.815,45.691,-18.893,-11.978,51.981,33.19,6.6513,14.143,14.625,-0.54536,0.92886
0.44929,52.564,47.596,-22.108,-11.778,54.779,35.014,9.3857,17.042,15.486,0.9962,2.234
1.7774,56.154,48.712,-25.568,-11.371,57.352,36.602,12.231,20.207,16.367,2.6171,3.7709
3.378,59.465,49.031,-29.174,-10.722,59.485,37.985,14.897,23.5,17.245,4.2418,5.5051
5.2891,62.377,48.775,-32.687,-9.8573,61.006,39.279,17.126,26.698,18.095,5.7862,7.3429
7.49,64.866,48.169,-35.886,-8.8529,61.953,40.521,18.781,29.571,18.89,7.1739,9.1573
9.883,66.993,47.336,-38.69,-7.7952,62.468,41.307,19.858,31.971,19.595,8.3509,10.835
12.319,68.857,46.337,-41.145,-6.7505,62.692,40.974,20.449,33.87,20.173,9.2955,12.316
14.657,70.565,45.231,-43.341,-5.7564,62.762,39.255,20.668,35.327,20.596,10.021,13.6
16.831,72.223,44.102,-45.381,-4.8234,62.816,36.088,20.596,36.433,20.853,10.566,14.727
18.862,73.889,43.023,-47.341,-3.9436,62.963,31.258,20.241,37.238,20.947,10.969,15.745
20.81,75.542,42.019,-49.253,-3.1024,63.235,24.572,19.553,37.713,20.888,11.259,16.669
22.713,77.106,41.037,-51.088,-2.2893,63.586,16.266,18.472,37.754,20.675,11.429,17.472
24.551,78.5,39.983,-52.786,-1.5032,63.931,7.1672,16.987,37.233,20.304,11.456,18.096
26.253,79.66,38.781,-54.287,-0.75019,64.186,-1.5355,15.16,36.044,19.772,11.315,18.489
27.74,80.522,37.429,-55.523,-0.035502,64.229,-8.5125,13.111,34.155,19.086,10.998,18.634
28.958,80.941,35.967,-56.402,0.64521,63.837,-12.479,10.962,31.624,18.261,10.515,18.541
29.899,80.652,34.387,-56.797,1.3109,62.705,-13.047,8.7891,28.594,17.311,9.892,18.221
30.576,79.367,32.619,-56.585,1.9906,60.696,-11.648,6.6137,25.248,16.246,9.1506,17.68
31.013,76.94,30.613,-55.703,2.7083,58.002,-10.292,4.432,21.76,15.065,8.2961,16.921
31.218,73.422,28.293,-54.176,3.468,54.905,-9.9237,2.2664,18.25,13.75,7.3133,15.946
31.177,68.986,25.507,-52.1,4.2506,51.508,-10.598,0.18092,14.755,12.275,6.1749,14.753
30.858,63.881,22.108,-49.593,5.0263,47.746,-11.992,-1.7562,11.261,10.614,4.8597,13.331
30.225,58.432,18.05,-46.764,5.7645,43.531,-13.617,-3.5173,7.7796,8.7602,3.3704,11.67
29.26,52.97,13.455,-43.676,6.4344,38.874,-15.078,-5.1192,4.4146,6.7359,1.7434,9.7783
27.966,47.666,8.6964,-40.335,7.0022,33.916,-16.245,-6.5988,1.3263,4.5935,0.04314,7.7014
26.357,42.538,4.4247,-36.692,7.4314,28.866,-17.16,-7.9969,-1.3613,2.3994,-1.6577,5.5358
24.466,37.592,1.2401,-32.71,7.6925,24.02,-17.876,-9.3572,-3.6246,0.22035,-3.3042,3.4041
22.35,32.867,-0.73878,-28.483,7.7735,19.766,-18.408,-10.737,-5.5309,-1.8995,-4.8781,1.4006
20.096,28.38,-1.8219,-24.264,7.6909,16.339,-18.769,-12.218,-7.1886,-3.9506,-6.4011,-0.44273
17.785,24.053,-2.3906,-20.301,7.4865,13.677,-19.002,-13.919,-8.7137,-5.955,-7.9205,-2.1453
15.448,19.733,-2.7079,-16.644,7.1983,11.516,-19.168,-15.988,-10.214,-7.952,-9.4853,-3.7398
13.057,15.313,-2.914,-13.19,6.8221,9.4935,-19.288,-18.587,-11.786,-9.9799,-11.128,-5.2473
10.562,10.899,-3.0672,-9.8358,6.3065,7.274,-19.339,-21.838,-13.521,-12.063,-12.852,-6.6787
7.9507,6.808,-3.179,-6.5882,5.599,4.845,-19.271,-25.747,-15.504,-14.209,-14.635,-8.0552
5.2845,3.309,-3.24,-3.5444,4.7009,2.6414,-19.041,-30.137,-17.786,-16.414,-16.443,-9.4233
2.6843,0.4441,-3.2376,-0.80803,3.6781,0.94538,-18.631,-34.676,-20.352,-18.674,-18.242,-10.849
0.28006,-1.8999,-3.1639,1.5756,2.6254,-0.3214,-18.051,-39.03,-23.11,-20.993,-20.009,-12.409
-1.8382,-3.8728,-3.0226,3.6179,1.6268,-1.3108,-17.332,-43.005,-25.95,-23.386,-21.74,-14.178
-3.6409,-5.5917,-2.8359,5.3533,0.73477,-2.1444,-16.506,-46.555,-28.807,-25.869,-23.448,-16.227
-5.1476,-7.1229,-2.6479,6.8165,-0.030439,-2.9163,-15.594,-49.703,-31.686,-28.443,-25.16,-18.614
-6.403,-8.499,-2.519,8.0438,-0.66893,-3.6879,-14.602,-52.473,-34.611,-31.085,-26.9,-21.368
-7.4596,-9.746,-2.5051,9.0856,-1.1874,-4.4785,-13.544,-54.873,-37.57,-33.751,-28.678,-24.465
-8.3702,-10.903,-2.6314,10.01,-1.5961,-5.2733,-12.459,-56.917,-40.489,-36.395,-30.479,-27.809
-9.1891,-12.017,-2.8758,10.894,-1.915,-6.0414,-11.407,-58.64,-43.271,-38.993,-32.268,-31.252
-9.9727,-13.124,-3.1719,11.806,-2.1783,-6.7419,-10.428,-60.1,-45.848,-41.557,-34.006,-34.64
-10.779,-14.232,-3.4281,12.794,-2.4333,-7.3244,-9.5277,-61.364,-48.198,-44.119,-35.667,-37.862
-11.665,-15.322,-3.5559,13.883,-2.7306,-7.7373,-8.6893,-62.49,-50.338,-46.699,-37.233,-40.85
-12.669,-16.36,-3.4962,15.066,-3.1111,-7.9464,-7.8945,-63.516,-52.284,-49.27,-38.686,-43.555
-13.801,-17.311,-3.2342,16.299,-3.5935,-7.9496,-7.1369,-64.451,-54.031,-51.752,-39.996,-45.926
-15.018,-18.147,-2.7969,17.508,-4.1692,-7.7813,-6.4181,-65.284,-55.556,-54.026,-41.119,-47.921
-16.247,-18.847,-2.2367,18.612,-4.8127,-7.4989,-5.7354,-65.985,-56.823,-55.975,-42.007,-49.534
-17.442,-19.389,-1.6084,19.568,-5.5085,-7.1592,-5.0719,-66.506,-57.804,-57.525,-42.641,-50.811
-18.676,-19.748,-0.94682,20.413,-6.2887,-6.7948,-4.3975,-66.782,-58.469,-58.656,-43.058,-51.873
-20.204,-19.896,-0.2514,21.296,-7.2715,-6.4065,-3.6815,-66.729,-58.788,-59.415,-43.401,-52.915
-22.455,-19.816,0.54713,22.459,-8.7245,-5.9749,-2.8973,-66.255,-58.716,-59.919,-43.955,-54.165
-25.87,-19.511,1.7442,24.186,-11.249,-5.4779,-1.9312,-65.274,-58.175,-60.369,-45.177,-55.803
-30.374,-19.014,3.9449,26.673,-15.692,-4.9149,-0.39827,-63.759,-57.036,-61.036,-47.664,-57.891
-35.012,-18.385,4.9234,29.793,-18.537,-4.4483,0.42867,-62.557,-55.145,-62.206,-51.983,-60.233
-38.455,-17.683,4.2959,32.951,-18.747,-4.6918,1.4053,-64.68,-52.43,-64.057,-57.908,-61.386
-39.839,-16.941,4.4197,35.497,-18.615,-4.9963,2.1799,-68.809,-49.154,-66.522,-62.046,-60.721
-40.353,-16.137,5.118,37.278,-18.589,-4.235,3.1566,-70.192,-46.404,-69.247,-61.294,-59.705
-41.12,-15.205,6.4956,38.476,-19.17,-2.7271,5.195,-68.61,-46.91,-71.738,-60.308,-58.999
-42.822,-14.091,9.0497,39.224,-21.1,-0.4045,9.5591,-63.332,-53.121,-73.503,-60.642,-59.72
-47.171,-12.831,14.157,39.644,-26.024,3.2452,17.949,-53.011,-54.096,-73.757,-62.379,-63.11
-56.592,-11.571,24.048,41.143,-36.348,8.449,32.612,-37.486,-47.647,-71.148,-66.547,-71.537
-72.071,-10.6,41.821,49.462,-54.138,14.433,55.972,-17.028,-39.773,-69.293,-77.33,-89.31
-92.045,-10.787,66.368,59.277,-78.235,24.335,86.839,8.932,-31.171,-75.17,-98.028,-117.92
-113.49,-13.736,90.314,68.326,-101.66,39.153,121.38,41.588,-21.349,-83.199,-132.16,-155.55
-132.65,-15.823,111.54,77.232,-121.27,52.381,157.78,81.427,-9.1095,-94.042,-182.03,-197.13
-146.2,-13.976,127.66,83.562,-134.64,62.102,191.63,127.44,7.0707,-106.36,-237.44,-238.01
-150.67,-11.096,136.67,84.401,-139.1,67.884,219.55,181.32,30.067,-118.23,-283.23,-273.38
-143.05,-7.5626,136.03,77.61,-133.03,69.763,240.31,249.35,64.455,-124.36,-313.76,-297.02
-120.55,-2.3004,122.89,61.534,-114.62,67.771,254.13,338.68,114.43,-115.64,-321.11,-301.78
-79.768,6.2711,95.233,34.683,-80.432,61.098,261.7,454.46,185.85,-82.732,-294.14,-280.31
-17.009,20.65,49.829,-4.3711,-26.846,47.493,262.68,597.12,283.71,-13.433,-222.35,-225.5
69.912,42.92,-16.065,-56.996,48.899,24.952,254.64,759.67,408.13,112.16,-98.053,-131.01
180.82,71.38,-102.33,-124.13,147.03,-6.283,233.2,927.04,555.99,282.44,83.997,8.3179
313.03,103.63,-203.56,-205.99,263.28,-42.052,193.24,1078.3,721.65,498.06,328.54,196.56
460.68,146.58,-308.1,-301.93,388.71,-73.77,130.89,1190,897.35,761.12,634.75,433.32
614.09,208.86,-399.54,-410.27,510.43,-89.647,45.382,1239.6,1073.7,1066.1,993.91,712.55
761.13,295.89,-460.71,-527.68,614.14,-78.042,-60.021,1212.8,1241.2,1402.2,1391.1,1022.8
890.13,408.27,-479.03,-648.48,687.78,-31.93,-178.35,1109.1,1391.6,1752.5,1805,1347.9
992.12,539.6,-451.18,-764.61,725,47.346,-299.72,942.53,1517.8,2093.6,2210.1,1668
1061.7,676.27,-384.9,-866.4,726.81,148.93,-412.37,737.95,1613.5,2399.1,2578.2,1961.7
1097.2,799.92,-296.86,-943.97,700.6,254.98,-504.59,524.57,1673.5,2641.5,2881.5,2207.2
1099.7,891.91,-207.02,-989.15,656.91,346.04,-567.74,328.26,1692.3,2796.6,3094.8,2384.6
1071.5,938.6,-131.78,-997.08,605.14,407.01,-598,164.93,1663.4,2846.1,3198.3,2477.9
1015,934.95,-78.861,-966.82,550.36,431.4,-596.29,36.971,1580.1,2780.1,3179.4,2477
932.41,884.81,-46.572,-901.25,492.87,421.95,-567.36,-65.265,1436.5,2598.2,3033.8,2378.8
826.11,798.06,-27.356,-806.07,430.38,387.67,-518,-157.39,1231.2,2309.5,2767.1,2188.2
700.19,687.01,-12.542,-688.95,361.23,339.42,-455.59,-253.13,970.97,1932.2,2395.7,1918
561.24,563.7,3.8864,-558.88,285.25,286.09,-387.1,-357.68,672.8,1494.3,1948.1,1589.8
418.74,438.27,22.474,-425.5,203.66,232.56,-318.78,-465.47,363.43,1033.8,1464.8,1232.8
284.28,318.33,37.95,-298.42,125.62,179.92,-255.94,-562.72,76.201,596.7,995.35,882.53
169.39,209.83,43.926,-186.58,63.89,128.01,-202.54,-632.46,-155.01,230.23,591.23,574.93
83.007,118.27,37.342,-97.197,24.29,78.519,-161.52,-661.4,-304.92,-28.094,292.53,338.53
27.765,48.437,20.064,-34.05,11.737,35.695,-133.82,-645.45,-365.31,-162.63,116.11,186.64
8.9729,2.9983,0.65391,0.8764,12.3,3.6789,-116.9,-590.02,-347.53,-185.64,51.543,114.61
7.0886,-18.078,-0.41102,12.3,17.072,-12.991,-105.74,-506.7,-277.18,-130.76,66.96,103.07
11.275,-20.292,0.31468,9.57,21.144,-13.946,-95.533,-409.16,-184.23,-39.23,122.14,125.79
16.558,-10.397,0.85627,0.092274,23.101,-4.9784,-83.558,-309.57,-93.951,52.746,183.32,158.87
20.903,4.7279,1.7065,-10.499,23.444,8.617,-69.306,-216.91,-21.2,121.6,229.35,185.83
24.386,19.518,2.7979,-19.311,22.834,21.999,-53.715,-137.04,24.349,158.85,249.8,197.89
27.73,30.562,3.7336,-25.788,20.643,31.396,-38.124,-72.323,44.697,166.71,243.91,192.97
29.045,36.256,3.8246,-29.875,8.5727,35.06,-24.886,-25.03,50.91,151.46,218.66,174.88
16.117,23.199,3.372,-17.966,6.1438,32.119,-15.644,-0.93678,48.904,120.85,182.83,150.08
11.437,11.708,3.0924,-10.82,5.4875,17.954,-9.7224,6.3755,41.095,89.641,140.55,120.34
9.9389,9.8446,3.0237,-9.356,5.0327,14.31,-6.0496,5.2209,31.828,65.71,110.62,94.671
8.7926,8.9125,3.117,-8.4322,4.3227,13.376,-2.9966,1.0245,23.285,44.989,87.296,76.954
7.1163,7.6395,3.3905,-7.0829,3.2362,12.223,0.6234,-2.918,14.359,31.65,71.174,61.045
4.8057,6.1972,3.8422,-5.3009,1.891,11.605,4.8603,-4.6772,6.6933,27.75,65.968,50.564
2.1289,4.7472,4.389,-3.1726,0.49104,11.224,8.0305,-2.8188,7.9251,25.178,59.444,43.107
-0.53869,2.9782,4.8483,-0.79653,-0.79834,10.282,8.2943,2.6717,7.3783,20.601,49.647,34.269
-2.8909,0.6859,5.0277,1.6492,-1.872,8.7385,8.072,5.8629,5.4429,15.359,39.868,25.015
-4.7481,-1.8312,4.8719,3.8944,-2.6589,6.7482,8.4452,8.6482,2.9998,10.178,31.569,16.703
-6.0533,-4.101,4.4678,5.6795,-3.1229,4.5802,9.099,11.207,0.70967,5.5606,24.833,10.17
-6.8602,-5.8787,3.9329,6.9045,-3.2942,2.6232,9.8611,13.618,-1.1595,1.7791,19.497,6.0421
-7.3146,-7.1995,3.3631,7.6586,-3.2808,1.0756,10.744,15.976,-2.5933,-1.1884,15.533,3.6419
-7.5883,-8.198,2.8395,8.1143,-3.2152,-0.098799,11.77,18.371,-3.6447,-3.433,12.639,1.2725
-7.789,-8.9795,2.41,8.4077,-3.1697,-0.99851,12.841,20.88,-4.3763,-5.0825,10.479,-1.207
-7.9339,-9.6009,2.063,8.5998,-3.1289,-1.7132,13.777,23.554,-4.8473,-6.2794,8.8219,-3.3256
-7.9934,-10.09,1.7417,8.7023,-3.0362,-2.3105,14.422,26.402,-5.1056,-7.1524,7.528,-4.9107
-7.9434,-10.465,1.3915,8.7169,-2.8523,-2.8331,14.718,29.368,-5.1863,-7.7995,6.521,-6.0234
-7.7914,-10.743,0.99062,8.658,-2.5778,-3.3058,14.712,32.348,-5.1181,-8.2864,5.7659,-6.7858
-7.571,-10.938,0.54881,8.5509,-2.2402,-3.7421,14.528,35.223,-4.9298,-8.6511,5.2418,-7.3035
-7.3221,-11.064,0.092235,8.4199,-1.8735,-4.1404,14.332,37.913,-4.6512,-8.9127,4.9227,-7.6494
-7.0751,-11.127,-0.34679,8.2803,-1.5071,-4.4819,14.258,40.399,-4.3099,-9.0784,4.7714,-7.8693
-6.8474,-11.128,-0.73428,8.1374,-1.1641,-4.7371,14.361,42.705,-3.9259,-9.1514,4.7433,-7.9906
-6.6457,-11.063,-1.0389,7.9899,-0.8629,-4.879,14.62,44.879,-3.5095,-9.1377,4.7954,-8.0298
-6.4688,-10.93,-1.2388,7.8341,-0.6164,-4.8959,14.961,46.971,-3.0608,-9.0485,4.8954,-7.9988
-6.3105,-10.729,-1.3277,7.6659,-0.43055,-4.7977,15.29,49.024,-2.5694,-8.8938,5.0258,-7.907
-6.161,-10.466,-1.3139,7.4819,-0.30324,-4.6138,15.53,51.075,-2.0155,-8.6733,5.1863,-7.7616
-6.0099,-10.15,-1.2135,7.2801,-0.22647,-4.3813,15.652,53.156,-1.3723,-8.3708,5.3897,-7.5668
-5.8496,-9.7945,-1.0433,7.0606,-0.19072,-4.1328,15.677,55.29,-0.61602,-7.9595,5.6549,-7.3243
-5.6775,-9.4095,-0.81574,6.8265,-0.18873,-3.8868,15.653,57.486,0.26061,-7.413,5.9963,-7.0348
-5.4953,-9.0054,-0.53901,6.583,-0.21604,-3.6455,15.62,59.749,1.2373,-6.715,6.4166,-6.7001
-5.3057,-8.59,-0.21966,6.3346,-0.2677,-3.3978,15.588,62.085,2.2692,-5.862,6.905,-6.324
-5.1085,-8.1692,0.13202,6.0839,-0.33329,-3.1267,15.544,64.517,3.3067,-4.8597,7.4441,-5.9104
-4.8976,-7.7472,0.49641,5.8286,-0.39385,-2.8188,15.456,67.084,4.3238,-3.7165,8.0207,-5.4593
-4.66,-7.3268,0.84228,5.5622,-0.42331,-2.4728,15.299,69.823,5.3347,-2.4372,8.6347,-4.9605
-4.3781,-6.9106,1.1302,5.2751,-0.39449,-2.1041,15.052,72.747,6.3901,-1.0226,9.3015,-4.3897
-4.0358,-6.5013,1.3206,4.9598,-0.28675,-1.7429,14.71,75.832,7.5577,0.52722,10.049,-3.7084
-3.625,-6.1031,1.3829,4.6141,-0.091384,-1.4257,14.274,79.015,8.9019,2.2089,10.908,-2.868
-3.1466,-5.7204,1.3034,4.241,0.18755,-1.1841,13.753,82.21,10.469,4.0134,11.908,-1.8214
-2.6079,-5.3558,1.0889,3.845,0.53722,-1.0367,13.158,85.338,12.284,5.9265,13.063,-0.53801
-2.0146,-5.0084,0.76248,3.4271,0.94255,-0.98611,12.506,88.345,14.349,7.9298,14.378,0.98076
-1.3658,-4.6748,0.35602,2.9825,1.3926,-1.0211,11.821,91.226,16.645,10.003,15.853,2.6985
-0.65156,-4.3504,-0.099009,2.5012,1.8845,-1.1213,11.135,94.029,19.129,12.133,17.483,4.5599
0.14373,-4.0313,-0.57748,1.9712,2.4232,-1.2628,10.477,96.839,21.736,14.321,19.273,6.5164
1.0353,-3.7144,-1.0629,1.3824,3.0201,-1.4231,9.8678,99.744,24.391,16.594,21.237,8.5411
2.0323,-3.3972,-1.5463,0.73016,3.6894,-1.5857,9.3126,102.8,27.036,19.005,23.4,10.625
3.1334,-3.0779,-2.024,0.017665,4.4453,-1.7402,8.7952,106.03,29.654,21.641,25.807,12.767
4.3274,-2.7559,-2.4955,-0.74302,5.3004,-1.883,8.2859,109.39,32.266,24.612,28.516,14.964
5.599,-2.432,-2.9642,-1.5342,6.2705,-2.0153,7.7522,112.82,34.91,28.05,31.591,17.221
6.9408,-2.1074,-3.4379,-2.3403,7.3838,-2.1422,7.1747,116.28,37.622,32.093,35.095,19.563
8.3647,-1.7815,-3.9296,-3.1571,8.6877,-2.2692,6.5585,119.73,40.434,36.862,39.076,22.04
9.9067,-1.4499,-4.458,-3.9962,10.243,-2.3996,5.933,123.17,43.392,42.408,43.567,24.746
11.621,-1.1051,-5.0482,-4.8814,12.097,-2.5324,5.3368,126.65,46.577,48.67,48.577,27.814
13.558,-0.7388,-5.7316,-5.8398,14.238,-2.6627,4.798,130.21,50.082,55.443,54.077,31.392
15.748,-0.34489,-6.5458,-6.8931,16.558,-2.7849,4.3214,133.87,53.969,62.411,59.978,35.571
18.176,0.078411,-7.5327,-8.0547,18.899,-2.8965,3.8884,137.65,58.203,69.223,66.135,40.256
20.787,0.52961,-8.729,-9.3332,21.139,-3.0006,3.466,141.52,62.645,75.606,72.385,45.11
23.495,1.0065,-10.151,-10.739,23.252,-3.1071,3.0216,145.48,67.123,81.432,78.604,49.71
26.222,1.5093,-11.781,-12.293,25.281,-3.2302,2.5361,149.54,71.518,86.718,84.749,53.813
28.923,2.0441,-13.57,-14.031,27.29,-3.3835,2.009,153.72,75.804,91.593,90.851,57.438
31.605,2.6266,-15.459,-16.015,29.338,-3.5741,1.4549,158.07,80.023,96.228,96.98,60.773
34.322,3.2834,-17.403,-18.337,31.476,-3.7983,0.89411,162.63,84.251,100.79,103.2,64.053
37.155,4.0501,-19.374,-21.08,33.739,-4.042,0.34397,167.42,88.561,105.43,109.56,67.51
40.192,4.9653,-21.365,-24.246,36.156,-4.2842,-0.1858,172.43,92.995,110.23,116.05,71.342
43.507,6.0646,-23.383,-27.673,38.743,-4.5033,-0.69453,177.62,97.549,115.22,122.66,75.674
47.131,7.3717,-25.451,-31.076,41.511,-4.6812,-1.1902,182.95,102.17,120.41,129.38,80.512
51.033,8.8898,-27.598,-34.22,44.464,-4.8046,-1.6895,188.37,106.8,125.76,136.18,85.729
55.125,10.594,-29.833,-37.053,47.587,-4.865,-2.2195,193.87,111.42,131.24,143.1,91.112
59.286,12.446,-32.123,-39.663,50.824,-4.857,-2.8201,199.47,116.11,136.82,150.17,96.465
63.423,14.427,-34.404,-42.172,54.085,-4.7785,-3.5438,205.22,121,142.5,157.45,101.69
67.512,16.578,-36.616,-44.695,57.288,-4.6344,-4.4459,211.16,126.22,148.29,164.97,106.82
71.598,18.984,-38.739,-47.332,60.41,-4.4412,-5.5591,217.37,131.81,154.26,172.74,111.97
75.762,21.724,-40.8,-50.185,63.488,-4.2287,-6.8666,223.87,137.71,160.41,180.72,117.25
80.08,24.795,-42.845,-53.35,66.591,-4.0359,-8.3176,230.65,143.83,166.8,188.85,122.79
84.59,28.084,-44.924,-56.862,69.791,-3.9018,-9.8884,237.72,150.13,173.46,197.09,128.67
89.264,31.414,-47.088,-60.643,73.137,-3.8554,-11.622,245.05,156.54,180.42,205.45,134.91
94.016,34.651,-49.361,-64.515,76.61,-3.9054,-13.588,252.67,163.05,187.73,213.97,141.47
98.749,37.767,-51.68,-68.315,80.107,-4.0357,-15.798,260.6,169.63,195.43,222.71,148.22
103.41,40.836,-53.901,-71.989,83.493,-4.2081,-18.158,268.88,176.32,203.53,231.75,155.01
108.03,43.956,-55.9,-75.609,86.696,-4.373,-20.526,277.58,183.21,212.02,241.19,161.83
112.66,47.162,-57.662,-79.316,89.75,-4.4876,-22.829,286.76,190.39,220.89,251.09,168.79
117.4,50.394,-59.27,-83.247,92.76,-4.5333,-25.093,296.44,198,230.15,261.51,176.16
122.28,53.555,-60.87,-87.469,95.868,-4.5186,-27.364,306.64,206.11,239.79,272.45,184.19
127.34,56.581,-62.624,-91.947,99.223,-4.4623,-29.658,317.32,214.78,249.8,283.87,193.04
132.63,59.47,-64.669,-96.577,102.93,-4.3718,-31.962,328.43,224,260.18,295.66,202.67
138.24,62.26,-67.096,-101.27,107,-4.2388,-34.267,339.93,233.69,270.96,307.74,212.92
144.33,65.013,-69.972,-106.01,111.33,-4.046,-36.574,351.81,243.77,282.22,320.07,223.5
151,67.824,-73.322,-110.85,115.86,-3.7619,-38.884,364.07,254.16,294.09,332.69,234.2
158.19,70.835,-76.991,-115.9,120.77,-3.3459,-41.204,376.7,264.88,306.65,345.71,244.9
165.75,74.216,-80.538,-121.24,126.14,-2.7823,-43.543,389.7,276.04,319.95,359.31,255.65
173.49,78.117,-83.546,-126.89,131.62,-2.1069,-45.921,403.02,287.79,333.96,373.63,266.61
181.31,82.561,-86.063,-132.82,136.99,-1.4033,-48.355,416.63,300.24,348.54,388.8,278.02
189.14,87.35,-88.548,-138.99,142.3,-0.7785,-50.84,430.51,313.38,363.52,404.82,290.11
197.02,92.162,-91.543,-145.35,147.81,-0.32925,-53.335,444.7,327.02,378.76,421.65,303.02
205.11,96.792,-95.443,-151.9,153.85,-0.11101,-55.767,459.27,340.89,394.2,439.21,316.76
213.7,101.25,-100.36,-158.71,160.67,-0.11999,-58.069,474.28,354.69,409.91,457.42,331.26
223.04,105.69,-106.06,-165.91,168.25,-0.2946,-60.238,489.72,368.26,426.01,476.28,346.44
233.19,110.3,-112.1,-173.61,176.33,-0.5343,-62.354,505.51,381.54,442.65,495.78,362.23
243.93,115.26,-118.03,-181.76,184.56,-0.73146,-64.533,521.42,394.63,459.92,515.92,378.5
254.81,120.66,-123.58,-190.15,192.62,-0.80724,-66.876,537.13,407.64,477.82,536.6,395.03
265.42,126.43,-128.6,-198.44,200.29,-0.73595,-69.435,552.32,420.71,496.28,557.67,411.59
275.49,132.37,-132.98,-206.32,207.42,-0.54834,-72.227,566.74,433.9,515.14,578.96,428.09
285.08,138.23,-136.74,-213.75,214.06,-0.31261,-75.241,580.33,447.19,534.23,600.32,444.56
294.43,143.84,-140.28,-220.89,220.44,-0.094786,-78.446,593.22,460.51,553.34,621.64,461.18
303.89,149.22,-144.14,-228.01,226.91,0.073107,-81.791,605.66,473.71,572.23,642.93,478.16
313.76,154.48,-148.71,-235.32,233.82,0.19302,-85.216,617.89,486.61,590.73,664.2,495.63
324.14,159.78,-153.84,-242.97,241.3,0.29022,-88.68,630.02,499.06,608.75,685.53,513.5
334.88,165.26,-158.91,-250.96,249,0.40493,-92.182,641.9,510.98,626.3,706.92,531.54
345.61,170.98,-163.51,-259.21,256.49,0.57738,-95.757,653.22,522.33,643.54,728.31,549.39
356.06,176.93,-167.67,-267.55,263.63,0.83097,-99.429,663.54,533.11,660.68,749.55,566.8
366.18,183,-171.66,-275.81,270.57,1.1652,-103.2,672.56,543.33,677.81,770.46,583.64
376.06,189.02,-175.73,-283.9,277.52,1.5577,-107.07,680.21,553.01,694.83,790.81,599.89
385.82,194.81,-180.04,-291.74,284.63,1.9725,-111.1,686.52,562.12,711.36,810.45,615.6
395.42,200.24,-184.6,-299.28,291.88,2.3763,-115.37,691.49,570.63,726.91,829.27,630.83
404.75,205.24,-189.21,-306.45,299.06,2.7613,-119.9,695.06,578.51,740.99,847.22,645.7
413.58,209.86,-193.52,-313.18,305.88,3.1552,-124.64,697.12,585.67,753.26,864.3,660.3
421.7,214.19,-197.18,-319.4,312.07,3.6141,-129.48,697.56,591.96,763.55,880.49,674.48
428.93,218.36,-200.01,-325.08,317.39,4.2102,-134.31,696.24,597.24,771.89,895.71,687.78
435.15,222.47,-201.96,-330.22,321.63,5.0245,-139.05,692.88,601.31,778.44,909.81,699.73
440.26,226.55,-202.98,-334.81,324.71,6.1398,-143.65,687.12,604,783.41,922.59,710.06
444.26,230.53,-203.06,-338.84,326.71,7.6219,-148.05,678.66,605.12,787.04,933.72,718.76
447.18,234.24,-202.32,-342.28,327.72,9.4868,-152.23,667.29,604.45,789.45,942.82,725.8
449.05,237.54,-200.93,-345.05,327.83,11.673,-156.13,653.06,601.75,790.65,949.49,731.19
449.91,240.33,-199.08,-347.06,327.17,14.049,-159.72,636.26,596.86,790.47,953.51,735.02
449.73,242.56,-196.8,-348.17,325.81,16.465,-162.94,617.34,589.82,788.6,954.8,737.52
448.33,244.19,-193.97,-348.22,323.65,18.799,-165.72,596.81,580.94,784.69,953.27,738.81
445.48,245.14,-190.43,-347.07,320.46,20.984,-168.01,575.1,570.57,778.45,948.65,738.7
441.04,245.3,-186.2,-344.67,316.11,23.017,-169.76,552.46,558.83,769.63,940.53,736.71
435.04,244.53,-181.34,-341.02,310.66,24.953,-170.9,529.01,545.54,757.87,928.51,732.11
427.65,242.79,-175.94,-336.22,304.27,26.865,-171.42,504.77,530.34,742.77,912.37,724.22
419.02,240.06,-170.17,-330.39,297.03,28.774,-171.37,479.8,513.07,724.04,892.18,712.57
409.25,236.44,-164.17,-323.59,288.99,30.607,-170.84,454.21,493.91,701.88,868.39,697.15
398.39,232.06,-157.91,-315.9,280.16,32.256,-169.86,428.22,473.34,676.99,841.67,678.37
386.45,227.05,-151.22,-307.37,270.6,33.677,-168.37,402.1,451.92,650.25,812.69,656.9
373.47,221.51,-144.04,-298.04,260.38,34.892,-166.27,376.14,430.05,622.33,781.86,633.39
359.52,215.47,-136.39,-287.96,249.54,35.945,-163.41,350.57,407.91,593.54,749.19,608.28
344.64,208.94,-128.2,-277.17,238.04,36.873,-159.67,325.53,385.44,563.9,714.53,581.81
328.93,201.97,-119.4,-265.76,225.81,37.683,-155.01,301.06,362.56,533.39,677.87,554.07
312.59,194.61,-110.12,-253.84,213,38.359,-149.52,277.07,339.21,502.08,639.59,525.1
295.95,186.92,-100.69,-241.59,199.96,38.871,-143.4,253.53,315.5,470.29,600.41,495.05
279.27,178.88,-91.522,-229.12,187.04,39.195,-136.85,230.47,291.68,438.5,561.13,464.19
262.59,170.46,-82.908,-216.47,174.41,39.333,-129.99,208.11,268.14,407.26,522.42,432.96
245.8,161.56,-74.93,-203.52,161.99,39.293,-122.87,186.82,245.35,377.06,484.67,401.91
228.72,152.12,-67.445,-190.2,149.69,39.075,-115.51,167.02,223.74,348.22,448.07,371.55
211.31,142.15,-60.218,-176.51,137.45,38.646,-107.98,149.04,203.61,320.85,412.69,342.28
193.79,131.79,-52.969,-162.68,125.34,37.958,-100.41,133,185.07,294.9,378.53,314.29
176.55,121.31,-45.528,-149.04,113.5,36.98,-93.019,118.73,168.08,270.24,345.61,287.58
160.08,111.03,-38.261,-135.95,102.17,35.717,-86.012,105.88,152.43,246.73,313.96,261.99
144.78,101.26,-31.843,-123.7,91.583,34.188,-79.438,93.976,137.9,224.27,283.67,237.37
130.81,92.227,-26.531,-112.39,81.852,32.386,-73.198,82.577,124.29,202.9,254.94,213.65
118.05,83.95,-22.183,-101.96,72.869,30.277,-67.148,71.397,111.47,182.75,228.05,190.92
106.22,76.285,-18.571,-92.215,64.45,27.866,-61.2,60.481,99.391,164.05,203.28,169.35
95.034,68.984,-15.546,-82.975,56.592,25.236,-55.362,50.207,88.063,146.98,180.78,149.16
84.32,61.838,-12.976,-74.111,49.45,22.52,-49.655,41.015,77.534,131.55,160.51,130.57
74.11,54.889,-10.369,-65.595,43.17,19.823,-44.086,33.153,67.831,117.54,142.22,113.75
64.559,48.424,-7.3922,-57.46,37.756,17.196,-38.706,26.56,58.925,104.52,125.27,98.698
55.727,42.576,-5.4094,-49.694,32.975,14.656,-33.642,20.778,50.725,91.941,108.12,85.14
47.557,37.176,-4.3799,-42.446,28.515,12.231,-29.027,15.394,43.164,79.29,89.877,72.14
40.134,32.006,-3.6123,-36.371,24.226,9.96,-24.912,10.642,36.385,66.758,72.884,59.289
33.753,26.909,-2.8806,-31.668,20.127,7.8792,-21.268,6.9757,30.551,55.239,58.84,48.047
28.576,21.76,-2.1533,-27.646,16.34,6.0071,-18.039,4.3888,25.377,45.456,47.53,38.689
24.317,16.583,-1.4584,-23.668,12.948,4.3609,-15.153,2.5769,20.474,37.575,38.244,30.49
20.451,11.66,-0.8461,-19.438,9.9696,2.9486,-12.442,1.2723,15.917,31.409,30.481,23.358
16.609,7.3123,-0.3697,-14.925,7.4243,1.7352,-9.7253,0.31538,12.018,26.619,23.975,17.707
12.725,3.6928,-0.067804,-10.368,5.3589,0.65081,-7.1505,-0.38574,8.8978,22.854,18.521,14.165
8.9985,0.8056,0.049373,-6.1916,3.815,-0.3712,-5.0899,-0.89415,6.4537,19.838,13.964,12.383
5.75,-1.4248,0.0043695,-2.7722,2.7624,-1.3676,-3.638,-1.2616,4.5224,17.393,10.172,11.03
3.1743,-3.1198,-0.1548,-0.22773,2.0738,-2.3409,-2.6414,-1.5311,2.9745,15.414,7.0308,9.3613
1.2212,-4.4139,-0.37069,1.5775,1.5906,-3.2674,-1.9288,-1.7349,1.7274,13.838,4.4624,7.364
-0.26722,-5.4209,-0.59424,2.8624,1.2024,-4.112,-1.3863,-1.8907,0.73221,12.621,2.4035,5.3
-1.4074,-6.2179,-0.79598,3.7986,0.86374,-4.8405,-0.94739,-2.0044,-0.046605,11.712,0.78244,3.413
-2.258,-6.8505,-0.96417,4.4875,0.5723,-5.4286,-0.5731,-2.0769,-0.64312,11.052,-0.48632,1.8156
-2.8569,-7.3457,-1.0918,4.9863,0.34056,-5.8648,-0.23971,-2.1091,-1.0926,10.575,-1.4931,0.50586
-3.2423,-7.7226,-1.1656,5.3309,0.1746,-6.1476,0.0676,-2.1052,-1.4288,10.215,-2.3167,-0.56288
-3.4572,-7.9973,-1.1686,5.5495,0.066442,-6.2833,0.35885,-2.0727,-1.6792,9.9201,-3.0124,-1.4354
-3.5461,-8.1846,-1.0922,5.6675,-0.00052845,-6.2877,0.64094,-2.021,-1.8632,9.6518,-3.5994,-2.1379
-3.5477,-8.2975,-0.94836,5.7088,-0.041137,-6.191,0.91871,-1.9572,-1.9918,9.3907,-4.0662,-2.6894
-3.491,-8.3465,-0.77085,5.6934,-0.061833,-6.0385,1.1954,-1.8839,-2.0709,9.135,-4.3823,-3.1033
-3.3955,-8.341,-0.60909,5.6365,-0.058876,-5.8844,1.4724,-1.7969,-2.1007,8.8926,-4.515,-3.3964
-3.2731,-8.2915,-0.51769,5.5489,-0.021046,-5.7812,1.7484,-1.6878,-2.0811,8.6739,-4.4542,-3.5853
-3.1276,-8.2091,-0.54655,5.4374,0.067246,-5.7695,2.0192,-1.5499,-2.0124,8.4863,-4.2129,-3.6859
-2.9539,-8.1028,-0.73025,5.3047,0.22187,-5.8697,2.2761,-1.3851,-1.897,8.3333,-3.8318,-3.7126
-2.7418,-7.9764,-1.0753,5.1498,0.45144,-6.0766,2.51,-1.2045,-1.7421,8.2155,-3.3664,-3.6772
-2.4864,-7.8287,-1.5507,4.9717,0.74726,-6.361,2.7126,-1.0272,-1.5588,8.1272,-2.874,-3.5958
-2.1977,-7.6571,-2.089,4.7728,1.079,-6.6752,2.8782,-0.87393,-1.36,8.0626,-2.4099,-3.483
-1.9018,-7.4623,-2.6024,4.5606,1.3996,-6.9646,3.0044,-0.75771,-1.1551,8.0157,-2.018,-3.3542
-1.6322,-7.2516,-3.0068,4.3485,1.6589,-7.1816,3.0918,-0.67954,-0.94538,7.974,-1.7194,-3.2258
-1.4188,-7.0381,-3.2427,4.1529,1.8205,-7.2959,3.1421,-0.62955,-0.72192,7.9339,-1.5132,-3.1141
-1.2747,-6.8367,-3.2863,3.9887,1.8711,-7.298,3.1551,-0.59304,-0.47071,7.9037,-1.3785,-3.0313
-1.1948,-6.658,-3.1464,3.8649,1.8224,-7.1933,3.1278,-0.5564,-0.17594,7.9035,-1.2787,-2.9777
-1.1598,-6.5038,-2.8555,3.7809,1.7026,-6.9941,3.0563,-0.51253,0.17213,7.9603,-1.1699,-2.9365
-1.1486,-6.3647,-2.4568,3.7269,1.5439,-6.7119,2.9392,-0.46173,0.5733,8.0967,-1.0099,-2.8772
-1.147,-6.224,-1.9947,3.6882,1.3735,-6.358,2.7827,-0.40934,1.0164,8.3215,-0.76855,-2.7686
-1.1484,-6.0658,-1.5128,3.6486,1.2115,-5.9494,2.5993,-0.36408,1.4808,8.6264,-0.43324,-2.5923
-1.1511,-5.8819,-1.0553,3.5956,1.0717,-5.5152,2.4047,-0.33561,1.9414,8.9908,-0.0094257,-2.3551
-1.1537,-5.6755,-0.6676,3.5223,0.96343,-5.0976,2.2112,-0.33192,2.3747,9.3887,0.48563,-2.0854
-1.1514,-5.4594,-0.39002,3.4277,0.89009,-4.7444,2.0258,-0.35628,2.7662,9.8069,1.0242,-1.8202
-1.1353,-5.2513,-0.24859,3.3158,0.85064,-4.4972,1.8532,-0.4047,3.1137,10.245,1.5761,-1.5829
-1.093,-5.0671,-0.24812,3.1926,0.84414,-4.377,1.6974,-0.46521,3.4284,10.713,2.1139,-1.3703
-1.0109,-4.9137,-0.37297,3.0622,0.87268,-4.3764,1.5616,-0.52099,3.7279,11.225,2.6169,-1.1524
-0.87945,-4.7865,-0.59335,2.925,0.93989,-4.4599,1.4469,-0.55366,4.0327,11.792,3.0785,-0.88898
-0.69984,-4.6695,-0.86992,2.7782,1.045,-4.5733,1.3529,-0.54684,4.358,12.416,3.5025,-0.54525
-0.4861,-4.5407,-1.1576,2.6184,1.1784,-4.657,1.2815,-0.48896,4.71,13.085,3.9002,-0.10224
-0.26159,-4.3786,-1.4141,2.4441,1.3242,-4.663,1.2366,-0.37547,5.0848,13.781,4.2812,0.44281
-0.047008,-4.1691,-1.6118,2.2551,1.4675,-4.5674,1.2244,-0.21023,5.4688,14.483,4.6533,1.0823
0.15008,-3.9091,-1.7434,2.0516,1.6001,-4.3748,1.2509,-0.0057065,5.8409,15.171,5.0227,1.8051
0.33748,-3.606,-1.8142,1.8326,1.7184,-4.109,1.3175,0.2192,6.1756,15.824,5.3942,2.6011
0.53207,-3.2714,-1.8292,1.595,1.8176,-3.7976,1.4164,0.44463,6.4474,16.43,5.7696,3.4607
0.74966,-2.9129,-1.7828,1.3341,1.8879,-3.4575,1.5296,0.65666,6.6385,16.977,6.1469,4.3706
0.99646,-2.5299,-1.659,1.046,1.9147,-3.0907,1.6342,0.8515,6.7453,17.46,6.52,5.3077
1.2658,-2.1165,-1.4374,0.72956,1.8826,-2.688,1.7128,1.0342,6.7811,17.88,6.881,6.2342
1.5423,-1.6654,-1.1056,0.38756,1.7836,-2.2344,1.7592,1.2135,6.7716,18.244,7.2217,7.1007
1.8115,-1.1723,-0.67038,0.023366,1.6241,-1.7213,1.777,1.3966,6.7481,18.559,7.5349,7.8593
2.0704,-0.6365,-0.1648,-0.36357,1.4279,-1.1555,1.7728,1.5869,6.7415,18.833,7.8143,8.4816
2.3307,-0.059263,0.35615,-0.77918,1.2323,-0.56047,1.7528,1.7852,6.779,19.066,8.0552,8.9709
2.6139,0.55815,0.82874,-1.2334,1.0786,0.030226,1.7205,1.9921,6.8828,19.258,8.2559,9.3613
2.9398,1.2149,1.1976,-1.7358,0.99896,0.58338,1.6778,2.2121,7.0665,19.408,8.4206,9.7063
3.3158,1.9107,1.4303,-2.2916,1.0066,1.0782,1.6251,2.455,7.3308,19.52,8.5627,10.061
3.7322,2.6439,1.5259,-2.8987,1.0926,1.5139,1.562,2.7336,7.6599,19.602,8.7045,10.463
4.1644,3.4073,1.5132,-3.5424,1.2311,1.9085,1.489,3.0566,8.0223,19.67,8.8719,10.923
4.5795,4.1777,1.4421,-4.1904,1.3899,2.2867,1.4094,3.4199,8.3741,19.736,9.0834,11.421
4.9452,4.9088,1.368,-4.7911,1.5408,2.6641,1.3302,3.7996,8.6647,19.805,9.3404,11.921
5.2354,5.5378,1.3363,-5.2833,1.666,3.0401,1.2599,4.1518,8.8441,19.865,9.6237,12.372
5.4334,6.0087,1.3731,-5.6187,1.7569,3.4049,1.2045,4.4224,8.8739,19.892,9.9018,12.728
5.5331,6.3009,1.4843,-5.7823,1.8114,3.7516,1.1641,4.5656,8.739,19.846,10.147,12.952
5.5405,6.4377,1.6612,-5.7997,1.83,4.0801,1.1326,4.564,8.4566,19.697,10.35,13.028
5.4726,6.4684,1.8871,-5.7221,1.8135,4.3901,1.0998,4.4371,8.0731,19.432,10.521,12.96
5.3468,6.439,2.1413,-5.5984,1.7606,4.6729,1.0558,4.2312,7.6504,19.068,10.684,12.778
5.1661,6.3735,2.401,-5.4528,1.6657,4.9092,0.99349,3.9988,7.2464,18.64,10.865,12.522
4.9137,6.2717,2.6433,-5.2802,1.5214,5.0721,0.90953,3.7797,6.8978,18.194,11.083,12.23
4.5674,6.1188,2.8474,-5.0604,1.3236,5.1345,0.80215,3.5925,6.6118,17.766,11.344,11.932
4.1214,5.8993,3.0001,-4.7789,1.0757,5.0792,0.66909,3.4349,6.3679,17.379,11.645,11.639
3.594,5.6081,3.1032,-4.4381,0.78806,4.908,0.50733,3.2904,6.1304,17.041,11.97,11.353
3.0153,5.2554,3.174,-4.0525,0.47464,4.6468,0.3138,3.1356,5.8638,16.738,12.296,11.061
2.4115,4.8625,3.2376,-3.6372,0.15038,4.339,0.084603,2.9479,5.5446,16.449,12.591,10.741
1.7998,4.453,3.3157,-3.2013,-0.16838,4.0307,-0.18519,2.7115,5.164,16.142,12.823,10.365
1.1946,4.0447,3.4159,-2.7497,-0.4629,3.7545,-0.49729,2.4232,4.725,15.785,12.964,9.8997
0.6156,3.6457,3.5266,-2.2885,-0.71237,3.5219,-0.84289,2.094,4.2365,15.353,13.006,9.318
0.089896,3.2559,3.6207,-1.8307,-0.89701,3.3256,-1.1988,1.7461,3.7114,14.832,12.955,8.607
-0.35284,2.874,3.6664,-1.3968,-1.003,3.1491,-1.5308,1.405,3.1663,14.219,12.834,7.7737
-0.68989,2.5037,3.6434,-1.0116,-1.0277,2.9779,-1.802,1.093,2.6218,13.513,12.666,6.845
-0.91295,2.1579,3.5537,-0.69733,-0.98304,2.8064,-1.9817,0.82395,2.101,12.723,12.469,5.8619
-1.0302,1.8562,3.423,-0.46758,-0.89564,2.6397,-2.0569,0.60498,1.6262,11.861,12.259,4.8724
-1.0627,1.6193,3.288,-0.32436,-0.79982,2.489,-2.0414,0.43782,1.2142,10.949,12.049,3.9277
-1.0365,1.4596,3.1778,-0.25859,-0.72525,2.364,-1.9713,0.31815,0.87059,10.012,11.852,3.0763
-0.97556,1.3757,3.0989,-0.25319,-0.68515,2.2629,-1.8853,0.23406,0.58555,9.0778,11.673,2.3504
-0.89615,1.3501,3.029,-0.28662,-0.67249,2.1687,-1.8055,0.16679,0.33387,8.1623,11.508,1.7525
-0.80624,1.3526,2.924,-0.3358,-0.66492,2.0537,-1.734,0.095882,0.081282,7.2677,11.353,1.2535
-0.70861,1.347,2.7376,-0.37798,-0.63544,1.8887,-1.6602,0.0061381,-0.20452,6.3797,11.193,0.80334
-0.60608,1.2993,2.444,-0.39276,-0.56365,1.6559,-1.5695,-0.10845,-0.54375,5.4713,11.014,0.3505
-0.5043,1.1876,2.0508,-0.36577,-0.44341,1.357,-1.4527,-0.24617,-0.93949,4.5097,10.804,-0.13762
-0.41026,1.0088,1.597,-0.29345,-0.28474,1.0155,-1.3112,-0.40187,-1.3791,3.4661,10.555,-0.66805
-0.32949,0.77923,1.1408,-0.18494,-0.11095,0.66939,-1.1583,-0.56992,-1.8407,2.3255,10.258,-1.2215
-0.26456,0.52824,0.74206,-0.058482,0.048318,0.35908,-1.0165,-0.74443,-2.301,1.0936,9.9105,-1.7642
-0.21437,0.28682,0.4444,0.065467,0.16728,0.11312,-0.91225,-0.918,-2.7422,-0.20368,9.5115,-2.2621
-0.17346,0.077779,0.2609,0.17053,0.23376,-0.061611,-0.86809,-1.0818,-3.1535,-1.5262,9.0679,-2.6913
-0.1327,-0.089531,0.16979,0.24759,0.25382,-0.18186,-0.89301,-1.2279,-3.5297,-2.8292,8.591,-3.0423
-0.082872,-0.21897,0.12223,0.29589,0.24898,-0.28023,-0.97692,-1.3541,-3.8668,-4.0734,8.0949,-3.3171
-0.020676,-0.32386,0.060823,0.32359,0.24757,-0.39086,-1.0933,-1.4669,-4.1619,-5.2328,7.5926,-3.5238
0.046007,-0.42189,-0.057919,0.34762,0.27402,-0.53611,-1.21,-1.582,-4.4124,-6.2997,7.0918,-3.6712
0.097078,-0.53002,-0.24996,0.39115,0.34003,-0.71859,-1.3014,-1.7197,-4.6199,-7.2814,6.5941,-3.7667
0.10523,-0.66135,-0.50132,0.47755,0.44069,-0.9208,-1.3575,-1.8979,-4.7932,-8.1936,6.0995,-3.8183
0.045552,-0.82217,-0.77406,0.62281,0.55585,-1.112,-1.3822,-2.1221,-4.9475,-9.0509,5.613,-3.8371
-0.094937,-1.0117,-1.0195,0.83026,0.65732,-1.2606,-1.3874,-2.3833,-5.0992,-9.8632,5.1471,-3.8376
-0.3123,-1.2246,-1.1942,1.0905,0.71792,-1.3477,-1.3879,-2.6611,-5.2592,-10.637,4.717,-3.8374
-0.58738,-1.4546,-1.2745,1.3853,0.72053,-1.3762,-1.4008,-2.9325,-5.4281,-11.38,4.3316,-3.8541
-0.89253,-1.6966,-1.2635,1.6951,0.66274,-1.371,-1.4401,-3.1803,-5.5968,-12.103,3.9878,-3.902
-1.2032,-1.9477,-1.1864,2.0038,0.55489,-1.3717,-1.5086,-3.3962,-5.7509,-12.813,3.6726,-3.9866
-1.5056,-2.2076,-1.0775,2.3034,0.41296,-1.4189,-1.5953,-3.5796,-5.8782,-13.517,3.3663,-4.1
-1.7998,-2.4789,-0.96655,2.5941,0.24956,-1.54,-1.68,-3.7337,-5.9741,-14.208,3.059,-4.2212
-2.0994,-2.7653,-0.86872,2.883,0.067403,-1.7409,-1.7435,-3.8618,-6.0433,-14.874,2.752,-4.3226
-2.4242,-3.0698,-0.78375,3.1812,-0.14081,-2.0054,-1.7756,-3.9658,-6.095,-15.492,2.4562,-4.3837
-2.7967,-3.3923,-0.70078,3.5004,-0.38577,-2.3021,-1.7766,-4.0481,-6.1372,-16.041,2.1862,-4.3992
-3.2306,-3.7276,-0.60971,3.8473,-0.67175,-2.5953,-1.7543,-4.1143,-6.1722,-16.5,1.9519,-4.3857
-3.7185,-4.0653,-0.51236,4.2167,-0.98883,-2.8561,-1.719,-4.175,-6.197,-16.86,1.7555,-4.378
-4.2266,-4.389,-0.4248,4.5879,-1.312,-3.069,-1.6803,-4.244,-6.208,-17.126,1.5923,-4.4165
-4.7053,-4.6787,-0.36798,4.9277,-1.6089,-3.2314,-1.6439,-4.3334,-6.2062,-17.317,1.4565,-4.5288
-5.1086,-4.914,-0.35324,5.2029,-1.8524,-3.3467,-1.6084,-4.4486,-6.1979,-17.454,1.3451,-4.7184
-5.4122,-5.0801,-0.37201,5.394,-2.0342,-3.4156,-1.5643,-4.5846,-6.193,-17.557,1.2575,-4.965
-5.6207,-5.1705,-0.39401,5.5013,-2.1707,-3.4313,-1.4966,-4.7268,-6.1998,-17.635,1.1897,-5.2375
-5.7615,-5.1881,-0.3759,5.5414,-2.2979,-3.3808,-1.3904,-4.8551,-6.2231,-17.692,1.1307,-5.5083
-5.8715,-5.143,-0.27544,5.5389,-2.4565,-3.2511,-1.235,-4.9492,-6.2612,-17.728,1.0614,-5.7611
-5.9833,-5.0497,-0.066432,5.5182,-2.6767,-3.036,-1.0287,-4.9944,-6.3067,-17.739,0.95853,-5.9905
-6.1167,-4.9251,0.25129,5.4983,-2.9671,-2.7406,-0.77841,-4.9864,-6.3495,-17.72,0.80008,-6.1974
-6.2746,-4.785,0.65147,5.4897,-3.3129,-2.3814,-0.49982,-4.9324,-6.3824,-17.666,0.57215,-6.3835
-6.4431,-4.6402,1.0887,5.4917,-3.6786,-1.9834,-0.21287,-4.851,-6.406,-17.569,0.27425,-6.5489
-6.5965,-4.4935,1.5102,5.494,-4.0176,-1.575,0.063703,-4.7648,-6.4294,-17.422,-0.078999,-6.6909
-6.7063,-4.3424,1.8704,5.4816,-4.2845,-1.1828,0.3177,-4.6922,-6.4663,-17.224,-0.46204,-6.8038
-6.7517,-4.1846,2.1419,5.4439,-4.452,-0.82869,0.54557,-4.6408,-6.5277,-16.977,-0.84738,-6.8808
-6.7307,-4.0249,2.3208,5.3809,-4.5245,-0.52835,0.75095,-4.6055,-6.6145,-16.685,-1.2151,-6.9173
-6.6668,-3.8769,2.4229,5.3068,-4.5388,-0.29318,0.94112,-4.572,-6.7155,-16.351,-1.5584,-6.9139
-6.6004,-3.7635,2.472,5.2469,-4.5456,-0.13378,1.1243,-4.5234,-6.8113,-15.978,-1.8818,-6.8791
-6.5698,-3.7098,2.486,5.227,-4.5805,-0.062276,1.3058,-4.4473,-6.8845,-15.575,-2.1978,-6.8276
-6.5899,-3.7343,2.466,5.2611,-4.6415,-0.090045,1.4841,-4.34,-6.9302,-15.164,-2.5186,-6.7762
-6.6468,-3.8408,2.3934,5.3458,-4.6916,-0.22173,1.6518,-4.2044,-6.9596,-14.776,-2.8493,-6.7384
-6.7088,-4.016,2.2396,5.4628,-4.6837,-0.44994,1.797,-4.0467,-6.9958,-14.448,-3.1857,-6.7208
-6.7432,-4.2333,1.985,5.5871,-4.5872,-0.75449,1.9078,-3.8726,-7.0619,-14.206,-3.5165,-6.7233
-6.7304,-4.4623,1.6339,5.6976,-4.4002,-1.107,1.9765,-3.6876,-7.1687,-14.065,-3.8284,-6.7416
-6.6711,-4.6778,1.2146,5.7819,-4.1469,-1.4788,2.0024,-3.4986,-7.3134,-14.018,-4.1112,-6.7698
-6.5847,-4.8662,0.76945,5.839,-3.8677,-1.848,1.9928,-3.315,-7.4819,-14.047,-4.3589,-6.8038
-6.5032,-5.0276,0.34286,5.879,-3.6093,-2.2015,1.9589,-3.1466,-7.656,-14.121,-4.5695,-6.842
-6.4599,-5.1702,-0.026216,5.9183,-3.4149,-2.531,1.9114,-3.0015,-7.8189,-14.203,-4.744,-6.8846
-6.477,-5.3014,-0.30991,5.9693,-3.3136,-2.8274,1.8559,-2.8835,-7.9598,-14.252,-4.8858,-6.9318
-6.5562,-5.4203,-0.49359,6.0341,-3.3139,-3.0758,1.7922,-2.7936,-8.0743,-14.238,-5.0014,-6.9821
-6.68,-5.5153,-0.57427,6.1033,-3.4033,-3.2551,1.7154,-2.7316,-8.1653,-14.151,-5.101,-7.0316
-6.8202,-5.5697,-0.5558,6.1619,-3.5555,-3.341,1.6198,-2.6967,-8.2411,-14.013,-5.1974,-7.0761
-6.9511,-5.5691,-0.4431,6.1976,-3.7409,-3.3121,1.5022,-2.6861,-8.3121,-13.864,-5.304,-7.1123
-7.0596,-5.5077,-0.23829,6.2046,-3.9394,-3.1553,1.3647,-2.6943,-8.3864,-13.746,-5.4293,-7.1398
-7.1466,-5.3893,0.058938,6.1849,-4.1466,-2.87,1.2155,-2.7137,-8.4659,-13.694,-5.5739,-7.1612
-7.2218,-5.2252,0.44638,6.1447,-4.3725,-2.4714,1.0679,-2.7362,-8.5452,-13.716,-5.7287,-7.1813
-7.2942,-5.0292,0.91241,6.0911,-4.6281,-1.9901,0.9386,-2.7551,-8.6129,-13.796,-5.8788,-7.2067
-7.3656,-4.8132,1.4315,6.0285,-4.9142,-1.4684,0.84425,-2.7663,-8.6551,-13.896,-6.0095,-7.2438
-7.4292,-4.5831,1.9653,5.9572,-5.2145,-0.9513,0.79839,-2.7693,-8.6613,-13.97,-6.1141,-7.2956
-7.4711,-4.3388,2.4689,5.873,-5.4969,-0.47714,0.80919,-2.7666,-8.6282,-13.985,-6.1954,-7.3583
-7.4752,-4.0783,2.8991,5.77,-5.7231,-0.071467,0.8782,-2.7615,-8.5607,-13.925,-6.2644,-7.4209
-7.4307,-3.8055,3.2223,5.6458,-5.8619,0.25384,0.99996,-2.7561,-8.4663,-13.787,-6.3356,-7.4675
-7.3372,-3.5336,3.4211,5.5052,-5.8994,0.49968,1.1636,-2.7492,-8.3494,-13.575,-6.4214,-7.4832
-7.2039,-3.2813,3.4981,5.3593,-5.8413,0.67857,1.3552,-2.7364,-8.2088,-13.29,-6.5297,-7.459
-7.0457,-3.0635,3.4752,5.22,-5.7088,0.81099,1.5621,-2.7115,-8.0377,-12.933,-6.6645,-7.3951
-6.8782,-2.8858,3.3852,5.0958,-5.5305,0.91726,1.7757,-2.6684,-7.8317,-12.505,-6.8268,-7.2999
-6.7148,-2.7453,3.2606,4.9903,-5.333,1.0077,1.9942,-2.6054,-7.5906,-12.014,-7.0149,-7.187
-6.5643,-2.6395,3.1196,4.9044,-5.1339,1.0758,2.2197,-2.5276,-7.3196,-11.477,-7.2223,-7.0699
-6.4287,-2.5723,2.9609,4.8392,-4.9372,1.0976,2.4537,-2.4484,-7.0304,-10.93,-7.4369,-6.9634
-6.3025,-2.5542,2.7679,4.7959,-4.7332,1.0409,2.6918,-2.3873,-6.7398,-10.398,-7.6433,-6.8802
-6.1749,-2.5955,2.5233,4.7731,-4.5024,0.88079,2.921,-2.3631,-6.4658,-9.9219,-7.8228,-6.8277
-6.0332,-2.6993,2.2228,4.7655,-4.2254,0.61359,3.1213,-2.3826,-6.2202,-9.5168,-7.9709,-6.805
-5.8684,-2.8581,1.8801,4.7638,-3.8969,0.26088,3.2734,-2.4418,-6.0018,-9.177,-8.0925,-6.8039
-5.6784,-3.0576,1.5202,4.7584,-3.5323,-0.13841,3.3698,-2.5215,-5.7933,-8.8751,-8.2056,-6.8042
-5.4658,-3.2822,1.1644,4.7413,-3.1603,-0.54343,3.4238,-2.594,-5.57,-8.5684,-8.3229,-6.7875
-5.2346,-3.5178,0.81864,4.7079,-2.8061,-0.92562,3.4644,-2.6342,-5.3027,-8.2269,-8.4478,-6.7424
-4.9872,-3.7515,0.47169,4.6557,-2.4766,-1.2767,3.5212,-2.6307,-4.9815,-7.8278,-8.5869,-6.6674
-4.7256,-3.971,0.10177,4.5837,-2.1585,-1.6096,3.6071,-2.5919,-4.6209,-7.3712,-8.7421,-6.5704
-4.454,-4.1652,-0.31335,4.492,-1.8285,-1.951,3.7119,-2.5419,-4.2586,-6.8795,-8.9106,-6.4634
-4.1786,-4.3279,-0.79135,4.3831,-1.4659,-2.3268,3.8085,-2.5109,-3.9346,-6.3939,-9.0849,-6.3577
-3.9059,-4.4609,-1.3468,4.2628,-1.0592,-2.75,3.8695,-2.5254,-3.6769,-5.9514,-9.2535,-6.2604
-3.6406,-4.5744,-1.9872,4.1405,-0.60738,-3.2155,3.8819,-2.5921,-3.4915,-5.5801,-9.4034,-6.1748
-3.3859,-4.6836,-2.698,4.0284,-0.12091,-3.7001,3.852,-2.6968,-3.365,-5.2964,-9.5233,-6.1032
-3.1462,-4.8026,-3.4296,3.9381,0.37547,-4.1651,3.7958,-2.817,-3.2767,-5.107,-9.6073,-6.0537
-2.9286,-4.9408,-4.1056,3.876,0.84374,-4.5647,3.7279,-2.9304,-3.2109,-5.0131,-9.6558,-6.0314
-2.7425,-5.0998,-4.6496,3.8426,1.2399,-4.8588,3.6539,-3.0228,-3.1673,-5.0121,-9.6847,-6.0457
-2.5989,-5.2742,-5.0107,3.8344,1.5251,-5.023,3.5681,-3.0918,-3.155,-5.0981,-9.7063,-6.1036
-2.5097,-5.455,-5.1736,3.8495,1.6749,-5.0578,3.4561,-3.1441,-3.1882,-5.2598,-9.7352,-6.2046
-2.4859,-5.6342,-5.1533,3.8905,1.6846,-4.9909,3.3002,-3.1902,-3.2766,-5.4769,-9.7863,-6.3422
-2.5383,-5.8081,-4.9826,3.9643,1.5674,-4.8719,3.0862,-3.2421,-3.4176,-5.7134,-9.8625,-6.4956
-2.6764,-5.9782,-4.7064,4.0793,1.3482,-4.7601,2.8095,-3.3051,-3.5961,-5.942,-9.9684,-6.6394
-2.9073,-6.1502,-4.3852,4.2418,1.0563,-4.7114,2.4778,-3.3788,-3.7888,-6.1275,-10.102,-6.7524
-3.2308,-6.33,-4.0979,4.4537,0.72063,-4.765,2.1091,-3.4607,-3.9713,-6.2553,-10.251,-6.825
-3.6335,-6.5206,-3.9152,4.7089,0.37036,-4.93,1.7252,-3.5449,-4.1263,-6.328,-10.383,-6.8609
-4.0841,-6.7184,-3.8533,4.9913,0.034321,-5.1771,1.3451,-3.629,-4.249,-6.3606,-10.461,-6.8784
-4.5386,-6.9123,-3.8589,5.2764,-0.26816,-5.4452,0.98183,-3.7163,-4.3448,-6.3785,-10.461,-6.8965
-4.9539,-7.0857,-3.8419,5.5358,-0.53565,-5.6602,0.64485,-3.8134,-4.435,-6.3917,-10.384,-6.9271
-5.3001,-7.2207,-3.7222,5.745,-0.78084,-5.7567,0.34246,-3.9251,-4.5393,-6.4099,-10.25,-6.9696
-5.5649,-7.3025,-3.4602,5.8889,-1.0183,-5.6951,0.08179,-4.0498,-4.6708,-6.4365,-10.092,-7.013
-5.7492,-7.3224,-3.0609,5.9631,-1.2546,-5.4704,-0.13309,-4.1779,-4.827,-6.4691,-9.9481,-7.0418
-5.8605,-7.2782,-2.562,5.9718,-1.4858,-5.1107,-0.30179,-4.2956,-4.9947,-6.502,-9.8472,-7.0432
-5.9079,-7.1731,-2.0193,5.9235,-1.6989,-4.6677,-0.42672,-4.3875,-5.1519,-6.5266,-9.8026,-7.0122
-5.9002,-7.0119,-1.496,5.8268,-1.8748,-4.2029,-0.5118,-4.4468,-5.2756,-6.5329,-9.8118,-6.9517
-5.8442,-6.7975,-1.0563,5.6873,-1.9929,-3.7739,-0.5614,-4.478,-5.3495,-6.5106,-9.8629,-6.871
-5.7444,-6.5317,-0.76003,5.5088,-2.0362,-3.4243,-0.58005,-4.4908,-5.3685,-6.4507,-9.9399,-6.7785
-5.6045,-6.2194,-0.64934,5.2965,-1.9954,-3.1775,-0.57306,-4.4988,-5.3373,-6.3479,-10.027,-6.684
-5.4296,-5.8747,-0.72713,5.0602,-1.8731,-3.0328,-0.54724,-4.5146,-5.2659,-6.2008,-10.105,-6.5909
-5.2278,-5.5216,-0.94607,4.8136,-1.6862,-2.9659,-0.50982,-4.5463,-5.1638,-6.0105,-10.164,-6.4988
-5.0098,-5.1871,-1.2226,4.5707,-1.4633,-2.9357,-0.46731,-4.5965,-5.037,-5.779,-10.199,-6.4065
-4.7856,-4.8923,-1.4693,4.342,-1.2373,-2.8973,-0.4243,-4.6619,-4.8884,-5.508,-10.208,-6.313
-4.5615,-4.6481,-1.6253,4.1317,-1.0354,-2.8184,-0.38312,-4.7325,-4.7204,-5.1985,-10.203,-6.2226
-4.3378,-4.455,-1.6679,3.9382,-0.87356,-2.6893,-0.34408,-4.797,-4.5368,-4.8503,-10.189,-6.1414
-4.1089,-4.306,-1.6094,3.7558,-0.75441,-2.5225,-0.30624,-4.8434,-4.3442,-4.4617,-10.17,-6.0729
-3.865,-4.189,-1.4898,3.5767,-0.66905,-2.3461,-0.26834,-4.8626,-4.1529,-4.0303,-10.141,-6.0144
-3.5943,-4.0898,-1.3662,3.3917,-0.59903,-2.197,-0.22967,-4.8508,-3.9765,-3.5566,-10.104,-5.9563
-3.2869,-3.9944,-1.297,3.1911,-0.51988,-2.1122,-0.19078,-4.812,-3.8308,-3.0472,-10.064,-5.8867
-2.9388,-3.8913,-1.3271,2.9671,-0.40705,-2.1202,-0.15397,-4.7579,-3.7306,-2.5174,-10.029,-5.799
-2.5569,-3.7739,-1.4808,2.7176,-0.24286,-2.2338,-0.12314,-4.7057,-3.6857,-1.9885,-10.013,-5.6971
-2.1601,-3.6407,-1.7616,2.4487,-0.021623,-2.4458,-0.10322,-4.6751,-3.6971,-1.4838,-10.026,-5.5963
-1.7741,-3.4955,-2.1521,2.1752,0.24932,-2.7282,-0.098937,-4.6845,-3.7577,-1.0217,-10.071,-5.5181
-1.421,-3.3447,-2.6148,1.9148,0.55347,-3.0362,-0.11374,-4.7475,-3.855,-0.61063,-10.145,-5.4805
-1.108,-3.1941,-3.097,1.6787,0.87137,-3.318,-0.14955,-4.8709,-3.978,-0.24882,-10.237,-5.4903
-0.82328,-3.0444,-3.5441,1.4655,1.1856,-3.5286,-0.20766,-5.0539,-4.1223,0.071447,-10.337,-5.5396
-0.54478,-2.8928,-3.9134,1.2641,1.4816,-3.6403,-0.28996,-5.2903,-4.2919,0.35666,-10.439,-5.6125
-0.25415,-2.737,-4.1798,1.0631,1.7457,-3.6482,-0.39964,-5.5714,-4.4951,0.60655,-10.541,-5.6931
0.051742,-2.581,-4.3337,0.86043,1.9629,-3.5677,-0.54051,-5.8898,-4.7385,0.81303,-10.649,-5.7735
0.35946,-2.4349,-4.3784,0.66491,2.1192,-3.4274,-0.71524,-6.2404,-5.0212,0.96404,-10.767,-5.854
0.64645,-2.3096,-4.3286,0.49056,2.2065,-3.2603,-0.92288,-6.6196,-5.3342,1.0502,-10.9,-5.9399
0.89192,-2.2123,-4.2099,0.34863,2.2263,-3.0975,-1.1566,-7.0225,-5.662,1.0707,-11.05,-6.0353
1.085,-2.1443,-4.0554,0.24279,2.1915,-2.9649,-1.4029,-7.4402,-5.9857,1.0345,-11.219,-6.1404
1.2267,-2.1034,-3.9021,0.16996,2.1238,-2.8809,-1.643,-7.8593,-6.2875,0.95516,-11.405,-6.2499
1.3257,-2.0859,-3.7839,0.12436,2.0486,-2.8556,-1.8572,-8.2637,-6.5529,0.84361,-11.606,-6.3563
1.3922,-2.0869,-3.7227,0.10057,1.9877,-2.8909,-2.0298,-8.6384,-6.7729,0.70358,-11.82,-6.4531
1.4342,-2.0977,-3.7213,0.093099,1.9533,-2.9802,-2.1518,-8.9727,-6.9427,0.53409,-12.045,-6.5384
1.4567,-2.1024,-3.7634,0.093353,1.9458,-3.1088,-2.2191,-9.26,-7.0587,0.33753,-12.277,-6.6144
1.4656,-2.0772,-3.8234,0.086601,1.9572,-3.2553,-2.2302,-9.4951,-7.1144,0.12747,-12.512,-6.6858
1.4717,-1.9925,-3.881,0.051124,1.977,-3.3951,-2.1827,-9.6716,-7.0999,-0.069568,-12.738,-6.7545
1.4935,-1.8168,-3.9286,-0.040247,1.9962,-3.5023,-2.0725,-9.7817,-7.0042,-0.21917,-12.938,-6.8164
1.556,-1.5196,-3.9628,-0.21802,2.008,-3.5474,-1.8941,-9.8161,-6.8173,-0.28713,-13.086,-6.8618
1.6875,-1.0679,-3.9702,-0.51523,2.0056,-3.4902,-1.6396,-9.7642,-6.5313,-0.24561,-13.155,-6.8778
1.9138,-0.41966,-3.9184,-0.96743,1.981,-3.2751,-1.2998,-9.6141,-6.139,-0.075113,-13.121,-6.8539
2.2532,0.4806,-3.7582,-1.611,1.9244,-2.8344,-0.8634,-9.356,-5.6334,0.23711,-12.968,-6.7857
2.711,1.7009,-3.4339,-2.4775,1.8245,-2.1047,-0.31411,-8.9854,-5.0066,0.70004,-12.694,-6.6763
3.2751,3.3178,-2.8937,-3.586,1.6702,-1.0413,0.38092,-8.5057,-4.2494,1.3215,-12.314,-6.5354
3.9166,5.4151,-2.0936,-4.9351,1.4537,0.4002,1.2917,-7.9252,-3.3501,2.1093,-11.847,-6.3742
4.5972,8.0685,-0.99246,-6.5019,1.1739,2.3108,2.5504,-7.2513,-2.2954,3.0716,-11.318,-6.1994
5.2848,11.308,0.45701,-8.2475,0.83981,4.7987,4.3463,-6.4857,-1.0723,4.2145,-10.745,-6.0093
5.9698,15.063,2.2928,-10.131,0.47128,7.8885,6.8143,-5.6215,0.32752,5.5377,-10.14,-5.7941
6.6727,19.152,4.4745,-12.126,0.096996,11.5,9.8461,-4.6478,1.9038,7.0279,-9.5075,-5.5399
7.437,23.342,6.8309,-14.224,-0.25002,15.479,13.102,-3.5517,3.6443,8.6602,-8.8466,-5.2355
8.3156,27.418,9.1285,-16.433,-0.5388,19.603,16.272,-2.3199,5.5334,10.392,-8.1525,-4.8745
9.3621,31.236,11.161,-18.77,-0.74733,23.596,19.231,-0.93898,7.5532,12.183,-7.4159,-4.455
10.632,34.744,12.753,-21.269,-0.86751,27.182,21.979,0.60988,9.7032,14.007,-6.6219,-3.9732
12.187,37.988,13.807,-23.978,-0.90352,30.179,24.538,2.3552,12.008,15.865,-5.7518,-3.4177
14.095,41.09,14.474,-26.932,-0.86296,32.595,26.899,4.329,14.509,17.772,-4.7872,-2.7652
16.4,44.194,15.099,-30.084,-0.74363,34.561,29.009,6.5405,17.234,19.751,-3.7164,-1.981
19.084,47.364,15.926,-33.26,-0.526,36.205,30.785,8.934,20.159,21.804,-2.5418,-1.0248
22.041,50.496,16.92,-36.236,-0.1785,37.585,32.173,11.358,23.172,23.903,-1.283,0.13905
25.1,53.379,17.772,-38.89,0.32782,38.64,33.314,13.578,26.09,25.972,0.022316,1.5284
28.106,55.869,18.109,-41.257,1.0059,39.271,34.651,15.346,28.706,27.897,1.3215,3.1321
30.957,57.97,17.752,-43.433,1.8505,39.472,36.477,16.484,30.864,29.544,2.5567,4.8936
33.606,59.774,16.744,-45.472,2.8477,39.346,38.061,16.938,32.497,30.794,3.6639,6.719
36.035,61.401,15.245,-47.374,3.9851,39.047,38.178,16.791,33.615,31.567,4.5881,8.5022
38.237,63.004,13.452,-49.125,5.2543,38.74,36.44,16.212,34.274,31.843,5.294,10.154
40.221,64.804,11.582,-50.767,6.6443,38.572,32.938,15.365,34.516,31.664,5.7724,11.62
42.004,67.034,9.8493,-52.415,8.1302,38.588,27.675,14.323,34.318,31.115,6.0347,12.868
43.609,69.761,8.3919,-54.188,9.6646,38.691,20.66,13.051,33.589,30.287,6.0987,13.879
45.04,72.732,7.2314,-56.098,11.183,38.751,12.163,11.465,32.232,29.25,5.9754,14.628
46.275,75.412,6.2897,-57.962,12.627,38.647,2.8761,9.506,30.223,28.039,5.665,15.087
47.255,77.183,5.4468,-59.442,13.973,38.216,-6.0848,7.1771,27.635,26.662,5.1642,15.229
47.904,77.511,4.5976,-60.211,15.227,37.259,-13.427,4.5179,24.603,25.114,4.4768,15.033
48.172,76.065,3.6762,-60.085,16.406,35.608,-18.247,1.5685,21.261,23.401,3.6191,14.48
48.066,72.804,2.6467,-59.072,17.512,33.166,-20.593,-1.6558,17.711,21.534,2.6154,13.569
47.646,67.976,1.4958,-57.312,18.532,29.955,-21.494,-5.1737,14.015,19.524,1.4864,12.321
46.975,62.038,0.23514,-54.999,19.444,26.16,-22.39,-9.0365,10.204,17.373,0.23697,10.781
46.084,55.559,-1.105,-52.325,20.221,22.116,-24.275,-13.33,6.3023,15.069,-1.147,9.0083
44.976,49.171,-2.4913,-49.448,20.824,18.239,-27.15,-18.176,2.3715,12.603,-2.6912,7.0665
43.652,43.42,-3.8954,-46.493,21.213,14.83,-30.379,-23.709,-1.4602,9.9862,-4.4166,5.0147
42.122,38.451,-5.2942,-43.545,21.361,11.93,-33.358,-29.944,-5.022,7.2539,-6.3226,2.9056
40.416,34.001,-6.6684,-40.628,21.267,9.3951,-35.772,-36.589,-8.1935,4.4665,-8.3801,0.78764
38.578,29.711,-8.0028,-37.669,20.953,7.0219,-37.574,-43.055,-10.994,1.694,-10.536,-1.2914
36.651,25.288,-9.2738,-34.495,20.452,4.6041,-38.898,-48.794,-13.583,-1.0007,-12.73,-3.2759
34.652,20.564,-10.419,-30.895,19.8,2.0308,-39.952,-53.586,-16.204,-3.5768,-14.91,-5.1181
32.554,15.754,-11.347,-26.815,19.027,-0.50898,-40.935,-57.507,-19.126,-6.0242,-17.046,-6.807
30.299,11.435,-12.005,-22.554,18.162,-2.6949,-41.944,-60.751,-22.586,-8.3622,-19.14,-8.3933
27.834,7.9013,-12.413,-18.57,17.209,-4.4734,-42.916,-63.527,-26.7,-10.629,-21.226,-9.9928
25.137,5.0097,-12.634,-15.078,16.13,-5.9786,-43.649,-66.017,-31.354,-12.867,-23.355,-11.774
22.22,2.5242,-12.73,-11.996,14.854,-7.3378,-43.887,-68.369,-36.211,-15.108,-25.57,-13.923
19.121,0.29015,-12.753,-9.1721,13.34,-8.6264,-43.426,-70.698,-40.874,-17.369,-27.887,-16.589
15.919,-1.764,-12.744,-6.5207,11.615,-9.8843,-42.225,-73.081,-45.058,-19.65,-30.285,-19.806
12.736,-3.6659,-12.737,-4.0249,9.7773,-11.134,-40.456,-75.562,-48.652,-21.944,-32.725,-23.465
9.7047,-5.4348,-12.762,-1.7006,7.9557,-12.386,-38.464,-78.147,-51.675,-24.254,-35.163,-27.367
6.9316,-7.1045,-12.842,0.43032,6.2762,-13.638,-36.614,-80.811,-54.235,-26.591,-37.577,-31.316
4.4722,-8.734,-13.003,2.3475,4.8251,-14.89,-35.145,-83.505,-56.479,-28.97,-39.962,-35.166
2.3412,-10.415,-13.277,4.0355,3.6437,-16.217,-34.114,-86.167,-58.563,-31.392,-42.318,-38.82
0.53006,-12.266,-13.707,5.4943,2.7472,-17.828,-33.424,-88.729,-60.615,-33.827,-44.638,-42.215
-0.98302,-14.416,-14.329,6.753,2.1305,-19.991,-32.888,-91.134,-62.711,-36.216,-46.891,-45.317
-2.2257,-16.928,-15.151,7.8716,1.758,-22.685,-32.292,-93.348,-64.876,-38.488,-49.033,-48.118
-3.2264,-19.725,-16.14,8.9243,1.5694,-25.499,-31.493,-95.366,-67.084,-40.588,-51.017,-50.63
-4.0183,-22.586,-17.211,9.9685,1.501,-28.083,-30.493,-97.206,-69.285,-42.494,-52.814,-52.883
-4.6425,-25.276,-18.246,11.015,1.4983,-30.399,-29.4,-98.896,-71.43,-44.225,-54.417,-54.911
-5.1441,-27.679,-19.142,12.025,1.5182,-32.569,-28.338,-100.46,-73.488,-45.831,-55.838,-56.746
-5.5631,-29.796,-19.854,12.932,1.5306,-34.73,-27.379,-101.91,-75.444,-47.37,-57.099,-58.403
-5.928,-31.679,-20.405,13.694,1.5183,-36.955,-26.518,-103.23,-77.281,-48.881,-58.211,-59.872
-6.2562,-33.369,-20.844,14.312,1.4751,-39.189,-25.707,-104.41,-78.971,-50.358,-59.171,-61.133
-6.5603,-34.876,-21.179,14.834,1.3988,-41.262,-24.886,-105.43,-80.474,-51.748,-59.966,-62.164
-6.8557,-36.181,-21.325,15.329,1.2846,-43.009,-23.987,-106.26,-81.75,-52.969,-60.584,-62.975
-7.1677,-37.242,-21.113,15.868,1.1196,-44.349,-22.906,-106.89,-82.773,-53.947,-61.052,-63.621
-7.5408,-38.013,-20.328,16.521,0.88005,-45.268,-21.492,-107.28,-83.525,-54.653,-61.462,-64.212
-8.0541,-38.455,-18.846,17.374,0.52543,-45.696,-19.537,-107.37,-83.992,-55.129,-62.01,-64.904
-8.8689,-38.557,-17.003,18.572,-0.033543,-45.337,-16.876,-107.04,-84.154,-55.514,-62.998,-65.869
-10.375,-38.335,-16.444,20.35,-1.0753,-43.692,-14.009,-106.14,-83.976,-56.028,-64.778,-67.229
-13.545,-37.839,-20.266,22.975,-3.9038,-41.027,-13.325,-104.64,-83.41,-56.933,-67.53,-68.851
-19.322,-37.129,-22.676,26.452,-8.9372,-38.589,-14.031,-103.25,-82.416,-58.433,-70.579,-69.864
-23.784,-36.239,-21.721,30.135,-9.455,-36.927,-14.414,-102.97,-81.026,-60.561,-71.273,-69.633
-25.004,-35.134,-20.75,33.078,-9.6945,-35.876,-14.614,-102.55,-79.483,-63.087,-68.666,-68.602
-26.005,-33.685,-19.123,34.979,-10.366,-34.929,-13.695,-101.05,-78.354,-65.566,-66.687,-67.626
-27.248,-31.698,-15.64,36.108,-12.052,-33.16,-10.522,-98.221,-78.024,-67.479,-66.542,-68.322
-28.472,-29.005,-9.0948,36.667,-15.476,-29.483,-3.9622,-92.899,-77.1,-68.259,-68.106,-71.875
-30.938,-25.644,1.9933,36.65,-21.946,-23.037,7.0544,-83.393,-72.548,-67.104,-71.353,-78.948
-37.911,-22.043,18.654,36.853,-33.51,-13.326,23.639,-68,-64.508,-63.94,-78.326,-91.656
-53.573,-19.007,39.558,45.649,-52.869,-0.3598,47.21,-45.819,-54.721,-68.2,-93.907,-113.34
-79.791,-17.775,63.809,56.747,-79.462,14.437,78.638,-16.877,-44.131,-74.362,-121.89,-144.56
-108.61,-20.115,88.485,66.854,-104.09,27.808,113.94,18.092,-33.36,-80.123,-162.58,-182.77
-129.68,-21.363,109.26,76.033,-123.64,38.317,149.31,58.62,-21.815,-87.945,-210.08,-224.29
-141.9,-19.416,123.03,81.414,-136.32,45.285,182.06,107.46,-6.0207,-97.943,-256.44,-264.02
-143.41,-15.946,128.32,80.305,-139.76,48.594,209.51,169.99,18.815,-106.62,-295.58,-295.84
-130.89,-10.97,123,70.583,-131.4,48.221,230.41,250.12,58.345,-107.64,-319.27,-313.28
-101.7,-4.5741,103.23,50.454,-107.44,42.611,244.72,351.5,115.38,-93.689,-317.87,-310.08
-52.789,3.7202,66.186,18.209,-64.679,29.638,251.99,476.26,190.25,-53.58,-281.77,-280.22
19.865,15.508,8.6918,-27.887,0.22239,7.9857,250.28,621.63,286.36,34.787,-201.82,-217.37
119.37,33.722,-71.075,-89.279,89.683,-22.604,235.93,777.63,404.34,177.94,-69.185,-114.5
246,63.446,-171.07,-166.41,202.86,-59.877,204.34,927.48,539.46,347.31,124.12,33.771
395.6,105.12,-283.55,-259.01,333.94,-98.021,151.61,1050.5,684.77,556.91,378.23,227.44
559.14,157.47,-394.81,-365.59,471.71,-127.78,76.316,1126.8,835.77,807.9,687.44,465.96
723.78,229.1,-487.36,-482.6,600.96,-138.07,-19.54,1141.5,988.34,1096.3,1048.2,746.07
875.24,323.15,-544.54,-604.29,705.93,-119.43,-130.59,1087.7,1136.5,1412,1447.2,1057.4
1000.8,437.16,-556.17,-723.05,774.74,-68.048,-248.57,969.14,1272.7,1737.2,1861.4,1382.6
1091.9,562.21,-522.75,-830.1,803.33,11.391,-363.4,800.1,1387.9,2047.1,2260.6,1698.8
1145.5,683.56,-455.92,-916.45,796.4,105.74,-464.69,602.36,1471.7,2312.3,2611.4,1980
1163,783.75,-374.39,-974.04,764.53,196.85,-543.52,399.34,1513.5,2503.5,2881.1,2200.7
1148.3,847.24,-297.22,-997.1,719.1,267.31,-594.14,210.27,1503.7,2596,3042.9,2339.9
1104.8,864.73,-236.95,-983.11,667.85,306.24,-614.87,45.898,1434.9,2575.2,3079.8,2384.4
1034.5,835.43,-196.1,-933.12,612.79,312.07,-607.66,-92.726,1304.5,2438.5,2986.7,2330.2
937.99,766.09,-168.52,-851.15,551.17,291.34,-576.67,-211.84,1115.1,2195.7,2770.5,2182.7
817.12,668.02,-144.38,-743.37,478.81,254.64,-527.09,-320.31,876.43,1866.7,2448.4,1954.5
676.36,553.73,-115.58,-617.67,393.75,212.22,-464.62,-424.67,604.96,1478.3,2046.9,1665
524.09,434.26,-79.772,-483.34,299.04,170.73,-395.08,-525.27,323.2,1063,1600.4,1338.9
372.37,317.91,-41.146,-350.45,203.21,132.05,-324.14,-615.52,57.682,658.07,1149.8,1005.5
234.95,210.55,-9.3086,-228.83,117.75,94.714,-258.19,-684.68,-164.92,301.93,738.59,695.47
123.88,116.98,9.5718,-126.84,52.504,57.184,-203.93,-722.15,-323.2,28.28,404.9,436.31
45.174,41.639,12.975,-49.92,11.689,20.558,-163.63,-721.22,-406.38,-142.28,174.92,246.51
3.2948,-10.583,4.6121,-0.71921,-7.2136,-11.168,-135.55,-681.4,-417.54,-208.46,55.92,131.69
-8.9496,-35.418,-7.5536,20.54,-11.405,-33.179,-117.86,-608.4,-372.11,-188.22,31.494,84.955
-7.9517,-39.633,-15.772,23.129,-9.2275,-42.36,-107.21,-511.92,-292.32,-111.78,68.641,89.24
-2.0872,-30.407,-15.763,15.111,-7.1326,-38.624,-98.249,-403.14,-200.38,-14.76,131.22,120.35
4.5702,-14.68,-7.2669,3.5541,-7.6087,-25.03,-86.973,-293.38,-114.2,68.923,190.14,155.28
9.5958,0.83733,6.7807,-6.506,-10.722,-8.5305,-72.284,-193.25,-43.63,122.39,228.52,179.16
12.801,12.407,12.203,-13.673,-14.641,3.88,-55.564,-110.98,5.5943,146.51,241.45,186.13
15.367,19.719,16.085,-18.783,-16.444,12.241,-38.843,-49.853,26.149,145.82,230.73,177.87
0.57848,17.015,20.152,-13.234,-12.78,16.299,-24.143,-13.425,32.114,127.09,202.15,158.91
-4.3871,2.9837,22.888,-0.10889,-15.234,12.94,-13.66,2.29,33.19,104.48,166.91,134.27
-5.6414,1.7734,25.059,1.0641,-16.437,12.224,-6.6369,6.7054,31.779,83.527,134.76,109.04
-6.5271,2.104,27.705,1.1685,-17.36,12.462,-1.9312,4.1461,26.626,62.164,110.61,90.509
-7.4721,2.0971,31.253,1.4019,-18.947,11.227,1.5765,-1.216,19.342,39.86,87.825,74.238
-8.6785,1.6868,35.657,1.9715,-21.651,9.2383,4.7691,-5.9501,11.192,31.91,70.398,57.418
-10.184,1.175,39.772,2.8247,-25.516,7.7058,8.5925,-7.7604,-2.2178,31.592,64.289,45.6
-11.907,0.49683,42.424,3.9449,-30.151,7.3389,13.403,-5.1825,-1.5203,30.58,58.092,38.336
-13.701,-0.44157,43.774,5.2436,-34.652,7.3949,17.054,-1.568,-0.98756,27.062,49.02,30.621
-15.411,-1.6266,44.358,6.5409,-38.025,7.0424,18.704,0.46846,-1.311,22.611,39.755,22.636
-16.919,-2.9461,44.287,7.6688,-39.803,6.0665,20.799,2.0298,-2.0589,18.564,31.756,15.546
-18.182,-4.2322,43.435,8.5479,-40.05,4.7326,23.201,3.2731,-2.8995,15.399,25.236,10.47
-19.244,-5.3783,41.767,9.1986,-39.146,3.3517,25.417,4.3965,-3.6501,13.045,20.159,8.4746
-20.211,-6.3681,39.5,9.6974,-37.682,2.0937,27.306,5.5526,-4.2198,11.31,16.51,7.0811
-21.157,-7.2235,37.173,10.119,-36.308,1.0186,28.904,6.8171,-4.5742,10.016,13.937,4.9474
-22.051,-7.9659,35.395,10.501,-35.421,0.13036,30.27,8.219,-4.7205,9.0016,12.087,2.7724
-22.773,-8.6077,34.337,10.842,-35.038,-0.61249,31.447,9.7758,-4.6927,8.13,10.719,0.95334
-23.197,-9.1577,33.694,11.115,-34.964,-1.2779,32.455,11.493,-4.5388,7.3019,9.6782,-0.4613
-23.27,-9.6272,33.081,11.295,-34.975,-1.9134,33.302,13.341,-4.3076,6.4619,8.8802,-1.5185
-23.009,-10.028,32.285,11.378,-34.912,-2.5248,33.981,15.254,-4.0387,5.5933,8.2936,-2.2657
-22.496,-10.363,31.287,11.375,-34.698,-3.1014,34.486,17.16,-3.7551,4.7071,7.917,-2.737
-21.839,-10.624,30.178,11.305,-34.325,-3.6322,34.806,19.013,-3.4636,3.8264,7.7527,-2.959
-21.146,-10.789,29.096,11.176,-33.836,-4.0929,34.924,20.814,-3.159,2.972,7.7874,-2.9582
-20.479,-10.837,28.242,10.988,-33.329,-4.4401,34.81,22.614,-2.8286,2.1539,7.9875,-2.7665
-19.854,-10.752,27.807,10.739,-32.918,-4.6269,34.435,24.491,-2.4567,1.37,8.3066,-2.4267
-19.247,-10.534,27.835,10.431,-32.674,-4.6242,33.797,26.525,-2.0291,0.60985,8.6972,-1.9947
-18.634,-10.2,28.215,10.082,-32.59,-4.4327,32.952,28.761,-1.5381,-0.13958,9.1203,-1.5374
-18.007,-9.7818,28.809,9.7159,-32.601,-4.0818,32.001,31.185,-0.98603,-0.89009,9.5523,-1.12
-17.378,-9.3073,29.537,9.3503,-32.633,-3.6159,31.036,33.718,-0.38508,-1.6496,9.9883,-0.78596
-16.763,-8.7974,30.377,8.993,-32.632,-3.0791,30.113,36.236,0.2486,-2.419,10.442,-0.539
-16.165,-8.2626,31.332,8.6414,-32.576,-2.5049,29.261,38.619,0.90358,-3.1844,10.939,-0.33975
-15.565,-7.7043,32.397,8.2861,-32.468,-1.9128,28.501,40.807,1.5812,-3.9097,11.513,-0.12
-14.923,-7.1189,33.542,7.9154,-32.326,-1.3107,27.858,42.822,2.2991,-4.5342,12.193,0.19359
-14.201,-6.5027,34.693,7.5196,-32.161,-0.70308,27.349,44.758,3.0898,-4.9832,13.008,0.65836
-13.385,-5.8588,35.715,7.0946,-31.965,-0.09994,26.982,46.737,3.9943,-5.1879,13.976,1.3031
-12.501,-5.1987,36.442,6.6427,-31.704,0.47813,26.75,48.857,5.0543,-5.1035,15.11,2.125
-11.601,-4.5408,36.75,6.17,-31.328,1.0019,26.649,51.162,6.3031,-4.7158,16.414,3.0948
-10.741,-3.905,36.636,5.6829,-30.777,1.4398,26.675,53.633,7.7556,-4.034,17.885,4.171
-9.9476,-3.3068,36.199,5.1842,-29.986,1.7652,26.828,56.206,9.4002,-3.0763,19.511,5.3168
-9.2158,-2.7533,35.532,4.6699,-28.888,1.9628,27.094,58.805,11.199,-1.8596,21.277,6.5122
-8.516,-2.2403,34.653,4.1282,-27.41,2.0328,27.436,61.37,13.102,-0.39829,23.159,7.755
-7.8096,-1.7557,33.534,3.5405,-25.505,1.989,27.791,63.882,15.068,1.2906,25.137,9.0541
-7.0602,-1.2844,32.156,2.8868,-23.192,1.8557,28.095,66.365,17.094,3.1818,27.212,10.422
-6.2418,-0.81514,30.535,2.152,-20.604,1.6621,28.295,68.881,19.217,5.2429,29.421,11.87
-5.342,-0.34312,28.7,1.3317,-17.946,1.4357,28.357,71.505,21.494,7.4429,31.846,13.414
-4.3616,0.13097,26.655,0.43269,-15.394,1.1963,28.261,74.295,23.968,9.7655,34.61,15.072
-3.3097,0.60571,24.368,-0.53423,-13.03,0.95447,27.995,77.278,26.626,12.219,37.861,16.866
-2.1944,1.0846,21.798,-1.5625,-10.881,0.71561,27.555,80.434,29.4,14.838,41.742,18.82
-1.0146,1.5787,18.954,-2.654,-8.9539,0.48534,26.949,83.716,32.19,17.68,46.327,20.95
0.24331,2.1024,15.958,-3.8143,-7.2454,0.26945,26.188,87.063,34.915,20.813,51.561,23.251
1.6014,2.665,13.045,-5.0419,-5.7365,0.070352,25.283,90.428,37.552,24.307,57.227,25.713
3.0804,3.2611,10.469,-6.3186,-4.3969,-0.11406,24.242,93.786,40.122,28.241,63.024,28.34
4.6888,3.866,8.3738,-7.6084,-3.1975,-0.28734,23.073,97.139,42.674,32.699,68.707,31.177
6.4191,4.4433,6.7568,-8.8672,-2.1184,-0.44985,21.787,100.51,45.257,37.77,74.166,34.31
8.2527,4.9603,5.5328,-10.063,-1.1476,-0.59633,20.398,103.93,47.916,43.506,79.415,37.817
10.174,5.403,4.6011,-11.191,-0.27111,-0.7188,18.91,107.42,50.689,49.847,84.53,41.68
12.182,5.7813,3.8737,-12.286,0.53891,-0.81378,17.324,110.98,53.595,56.562,89.596,45.728
14.297,6.123,3.2732,-13.409,1.3291,-0.88918,15.625,114.63,56.618,63.295,94.68,49.688
16.543,6.4631,2.728,-14.644,2.1633,-0.96625,13.802,118.35,59.719,69.704,99.826,53.347
18.934,6.8374,2.1748,-16.086,3.1155,-1.0748,11.874,122.18,62.883,75.598,105.06,56.664
21.463,7.2811,1.5684,-17.834,4.2604,-1.2423,9.9243,126.14,66.146,80.971,110.37,59.742
24.102,7.8313,0.88746,-19.978,5.6709,-1.4825,8.0829,130.3,69.583,85.935,115.78,62.745
26.825,8.5265,0.12867,-22.551,7.426,-1.7898,6.4657,134.71,73.279,90.649,121.29,65.837
29.621,9.4012,-0.70234,-25.477,9.6162,-2.1414,5.1191,139.4,77.287,95.269,126.9,69.166
32.517,10.474,-1.5967,-28.55,12.307,-2.5032,4.022,144.4,81.627,99.924,132.67,72.854
35.573,11.735,-2.5482,-31.528,15.433,-2.8371,3.1196,149.72,86.283,104.71,138.59,76.975
38.863,13.144,-3.5683,-34.263,18.749,-3.1076,2.3521,155.38,91.195,109.66,144.69,81.522
42.428,14.653,-4.7079,-36.746,22.012,-3.2861,1.6705,161.41,96.253,114.8,150.93,86.386
46.25,16.242,-6.0715,-39.052,25.173,-3.3539,1.0422,167.86,101.34,120.06,157.28,91.39
50.272,17.943,-7.7962,-41.276,28.302,-3.3091,0.44828,174.75,106.38,125.41,163.69,96.376
54.428,19.848,-9.9696,-43.504,31.471,-3.1728,-0.12492,182.05,111.41,130.82,170.15,101.27
58.663,22.077,-12.534,-45.82,34.74,-2.9881,-0.69489,189.68,116.6,136.34,176.68,106.13
62.94,24.728,-15.311,-48.316,38.138,-2.8115,-1.2863,197.6,122.15,142.05,183.32,111.06
67.249,27.804,-18.15,-51.091,41.646,-2.698,-1.9266,205.81,128.28,148.08,190.14,116.21
71.619,31.171,-21.008,-54.236,45.243,-2.6881,-2.6396,214.35,135.06,154.53,197.21,121.71
76.125,34.612,-23.928,-57.786,48.944,-2.7985,-3.4466,223.24,142.43,161.51,204.63,127.61
80.87,37.94,-26.977,-61.677,52.803,-3.0186,-4.379,232.51,150.22,169.09,212.47,133.9
85.942,41.077,-30.211,-65.748,56.876,-3.3138,-5.4901,242.16,158.21,177.26,220.8,140.45
91.358,44.045,-33.651,-69.83,61.188,-3.6351,-6.8537,252.18,166.24,185.96,229.66,147.12
97.025,46.913,-37.291,-73.863,65.74,-3.9328,-8.543,262.56,174.32,195.07,239.07,153.81
102.8,49.734,-41.033,-77.933,70.479,-4.1705,-10.591,273.38,182.6,204.45,249.05,160.53
108.63,52.504,-44.57,-82.202,75.205,-4.3345,-12.939,284.74,191.3,214,259.6,167.44
114.55,55.18,-47.639,-86.8,79.647,-4.4388,-15.417,296.73,200.55,223.71,270.72,174.81
120.71,57.748,-50.448,-91.756,83.822,-4.5201,-17.807,309.38,210.38,233.64,282.34,182.93
127.3,60.275,-53.434,-97.006,88.089,-4.6225,-19.995,322.6,220.71,243.86,294.32,191.99
134.44,62.894,-56.804,-102.47,92.842,-4.7813,-22.052,336.24,231.37,254.42,306.56,201.94
142.2,65.764,-60.534,-108.11,98.275,-5.0095,-24.13,350.16,242.23,265.39,318.98,212.51
150.5,69.031,-64.601,-113.91,104.41,-5.2882,-26.316,364.26,253.2,276.85,331.64,223.38
159.14,72.768,-69.066,-119.88,111.18,-5.5678,-28.588,378.49,264.36,288.96,344.69,234.27
167.87,76.942,-73.977,-125.99,118.41,-5.7848,-30.878,392.85,275.86,301.9,358.35,245.11
176.5,81.428,-79.201,-132.22,125.78,-5.8794,-33.139,407.38,287.95,315.77,372.86,255.95
184.94,86.079,-84.365,-138.59,132.94,-5.8091,-35.372,422.14,300.82,330.52,388.34,267.03
193.25,90.78,-89.019,-145.14,139.66,-5.5597,-37.622,437.23,314.52,345.94,404.81,278.61
201.64,95.47,-92.961,-151.93,145.94,-5.1518,-39.969,452.76,328.88,361.72,422.19,290.94
210.42,100.17,-96.4,-159.08,152.02,-4.6362,-42.519,468.79,343.59,377.6,440.35,304.12
219.99,104.98,-99.851,-166.72,158.3,-4.08,-45.343,485.34,358.29,393.48,459.17,318.12
230.56,110.04,-103.86,-174.93,165.26,-3.5457,-48.405,502.29,372.8,409.45,478.62,332.82
241.99,115.51,-108.68,-183.62,173.21,-3.0755,-51.528,519.45,387.15,425.72,498.7,348.12
253.68,121.45,-114.06,-192.49,181.91,-2.684,-54.496,536.51,401.48,442.55,519.42,363.99
264.93,127.8,-119.48,-201.13,190.61,-2.3602,-57.215,553.12,415.99,460.15,540.78,380.4
275.39,134.35,-124.57,-209.32,198.73,-2.0746,-59.755,569.01,430.83,478.65,562.7,397.25
285.23,140.88,-129.2,-217.14,206.15,-1.7885,-62.261,584.1,446.11,498.05,585.08,414.4
294.88,147.29,-133.39,-224.88,212.99,-1.4648,-64.859,598.56,461.84,518.25,607.78,431.74
304.72,153.58,-137.22,-232.82,219.48,-1.0793,-67.612,612.56,477.84,538.98,630.67,449.28
315,159.83,-140.88,-241.07,225.92,-0.62876,-70.518,626.2,493.81,559.92,653.63,467.08
325.72,166.13,-144.65,-249.6,232.68,-0.1315,-73.53,639.42,509.4,580.74,676.62,485.17
336.72,172.47,-148.77,-258.28,239.9,0.38121,-76.596,652.14,524.36,601.2,699.66,503.52
347.76,178.8,-153.34,-266.98,247.51,0.87703,-79.688,664.3,538.64,621.2,722.78,522
358.69,185.06,-158.31,-275.61,255.3,1.3328,-82.814,675.94,552.34,640.8,745.94,540.46
369.49,191.19,-163.49,-284.15,263.1,1.7404,-86.003,687.2,565.67,660.1,769.04,558.79
380.25,197.15,-168.68,-292.58,270.89,2.1073,-89.298,698.17,578.87,679.2,791.9,576.95
391.05,202.9,-173.8,-300.85,278.73,2.4534,-92.739,708.85,592.01,698.12,814.35,594.97
401.81,208.43,-178.85,-308.85,286.61,2.8047,-96.326,718.92,604.9,716.77,836.21,612.87
412.28,213.73,-183.69,-316.41,294.49,3.1875,-100.01,727.82,617.04,735.06,857.34,630.62
422.1,218.8,-188.11,-323.38,302.18,3.6278,-103.75,734.86,627.94,752.86,877.65,648.08
430.84,223.61,-191.95,-329.63,309.34,4.154,-107.6,739.62,637.33,770.04,897.13,665
438.24,228.11,-195.1,-335.16,315.48,4.8,-111.63,742.13,645.27,786.34,915.93,681.16
444.35,232.21,-197.56,-340.05,320.3,5.6059,-115.9,742.71,651.93,801.44,934.24,696.4
449.5,235.86,-199.29,-344.42,323.82,6.6163,-120.39,741.78,657.48,815.02,952.17,710.65
454.02,239.04,-200.31,-348.35,326.37,7.8667,-125.07,739.59,662.03,826.8,969.59,723.84
458.1,241.81,-200.74,-351.86,328.31,9.3485,-129.89,736.13,665.48,836.67,986.05,735.91
461.72,244.27,-200.8,-354.91,329.97,10.986,-134.78,731.04,667.63,844.58,1000.9,746.75
464.71,246.51,-200.69,-357.48,331.44,12.677,-139.68,723.82,668.13,850.51,1013.5,756.22
466.92,248.59,-200.47,-359.56,332.61,14.351,-144.48,714.03,666.64,854.33,1023.4,764.04
468.25,250.53,-200.03,-361.15,333.19,15.985,-149.11,701.45,662.86,855.79,1030.2,769.85
468.55,252.29,-199.16,-362.21,332.86,17.582,-153.5,686.05,656.67,854.54,1033.5,773.36
467.59,253.66,-197.62,-362.59,331.37,19.152,-157.56,668.02,648.15,850.27,1032.8,774.46
465.12,254.38,-195.25,-362.04,328.65,20.693,-161.13,647.78,637.59,842.89,1028.1,773.21
461.05,254.19,-191.98,-360.29,324.82,22.176,-164.01,625.83,625.34,832.45,1019.1,769.59
455.4,252.91,-187.91,-357.15,320,23.547,-166.03,602.62,611.63,819.11,1006,763.4
448.19,250.49,-183.25,-352.51,314.22,24.739,-167.17,578.41,596.42,802.97,988.94,754.36
439.48,246.98,-178.14,-346.35,307.44,25.696,-167.57,553.36,579.45,784.07,968.19,742.19
429.25,242.41,-172.63,-338.74,299.67,26.389,-167.38,527.61,560.53,762.44,944.07,726.77
417.47,236.85,-166.75,-329.8,290.94,26.821,-166.63,501.21,539.69,738.28,916.98,708.11
404.16,230.35,-160.49,-319.66,281.23,27.024,-165.29,474.22,517.28,711.99,887.33,686.42
389.45,223.01,-153.84,-308.47,270.52,27.05,-163.18,446.71,493.79,684.07,855.44,662.1
373.57,215.01,-146.72,-296.45,258.86,26.957,-160.17,418.89,469.73,654.95,821.48,635.64
356.8,206.58,-139.02,-283.82,246.37,26.798,-156.21,391.1,445.46,624.87,785.53,607.56
339.36,197.91,-130.68,-270.77,233.19,26.583,-151.41,363.69,421.16,593.94,747.72,578.34
321.5,189.09,-121.77,-257.42,219.57,26.27,-145.96,336.9,396.74,562.2,708.35,548.31
303.45,180.05,-112.47,-243.85,205.79,25.785,-140.05,310.81,372,529.73,667.9,517.6
285.36,170.62,-103.05,-230.09,192.12,25.067,-133.78,285.39,346.78,496.68,626.89,486.24
267.23,160.6,-93.828,-216.07,178.63,24.081,-127.23,260.59,321.14,463.39,585.88,454.34
248.87,149.87,-85.041,-201.64,165.29,22.822,-120.39,236.43,295.4,430.39,545.35,422.26
230.16,138.52,-76.81,-186.74,151.99,21.322,-113.27,213.08,270.11,398.27,505.72,390.55
211.14,126.89,-69.151,-171.53,138.78,19.663,-105.99,190.86,245.83,367.5,467.28,359.79
192.15,115.47,-61.957,-156.38,125.85,17.955,-98.722,170.17,223.03,338.37,430.19,330.38
173.71,104.76,-55.02,-141.78,113.49,16.299,-91.69,151.4,201.95,310.9,394.57,302.47
156.33,95.023,-48.189,-128.13,101.88,14.751,-85.03,134.7,182.64,284.96,360.46,275.96
140.34,86.255,-41.543,-115.62,91.09,13.307,-78.753,119.96,164.92,260.36,327.93,250.61
125.75,78.229,-35.305,-104.17,80.985,11.926,-72.756,106.84,148.53,236.93,297.05,226.15
112.32,70.598,-29.597,-93.54,71.345,10.566,-66.892,94.849,133.15,214.61,267.91,202.5
99.694,63.006,-24.429,-83.456,61.983,9.2172,-61.063,83.469,118.55,193.49,240.63,179.79
87.572,55.373,-19.81,-73.759,53.031,7.9231,-55.266,72.353,104.62,173.79,215.36,158.32
75.911,48.208,-15.776,-64.441,44.942,6.7385,-49.561,61.55,91.42,155.74,192.23,138.42
64.948,41.92,-12.292,-55.563,38.008,5.6777,-44.037,51.492,79.138,139.49,171.29,120.4
55.066,36.241,-9.0962,-47.214,32.156,4.7157,-38.803,42.657,68.008,124.92,152.47,104.33
46.498,30.878,-5.8613,-39.643,27.126,3.8213,-33.948,35.312,58.12,111.71,135.5,90.013
39.151,25.731,-2.9789,-33.23,22.602,2.9736,-29.513,29.389,49.328,99.33,119.57,76.554
32.674,20.712,-1.0115,-27.994,18.213,2.1597,-25.481,24.369,41.341,87.234,103.36,62.543
26.694,15.748,0.18573,-23.455,13.568,1.3636,-21.793,19.669,33.995,75.17,87.234,49.177
20.944,10.895,0.94777,-18.914,8.5464,0.5542,-18.383,15.25,27.33,63.555,73.031,38.223
15.181,6.3701,1.4764,-13.822,4.1076,-0.31257,-15.197,11.48,21.247,53.113,61.179,28.955
9.4913,2.4504,1.8559,-8.4071,1.3561,-1.2724,-12.119,8.5539,15.662,44.292,51.278,20.964
4.6846,-0.69572,2.1022,-3.6392,-0.086786,-2.3298,-9.027,6.3607,10.952,37.191,42.95,14.591
1.3108,-3.1054,2.1987,-0.14229,-0.91995,-3.4574,-6.2399,4.6912,7.4221,31.633,36.019,10.342
-0.88028,-4.9501,2.1244,2.214,-1.4638,-4.6146,-4.1956,3.3746,4.8683,27.272,30.384,7.851
-2.3224,-6.41,1.8764,3.8051,-1.8078,-5.7647,-2.8438,2.2994,2.953,23.762,25.847,5.7681
-3.294,-7.6138,1.4799,4.9118,-1.9759,-6.8812,-1.938,1.3964,1.4473,20.854,22.17,3.4385
-3.9501,-8.6394,0.9846,5.6946,-1.9964,-7.9456,-1.2995,0.61826,0.2253,18.394,19.153,1.0296
-4.3877,-9.5318,0.45161,6.2474,-1.9146,-8.9415,-0.82805,-0.071158,-0.78118,16.293,16.638,-1.1313
-4.6752,-10.316,-0.062837,6.6319,-1.7816,-9.8475,-0.46787,-0.69585,-1.611,14.499,14.512,-2.8704
-4.8578,-11.001,-0.51957,6.8921,-1.6374,-10.634,-0.1877,-1.2695,-2.2829,12.985,12.713,-4.1812
-4.9606,-11.585,-0.90428,7.058,-1.5004,-11.274,0.02645,-1.7966,-2.8056,11.729,11.21,-5.1329
-4.9945,-12.056,-1.2295,7.1481,-1.3696,-11.768,0.17525,-2.2751,-3.1839,10.702,9.9839,-5.8088
-4.9608,-12.399,-1.5283,7.1739,-1.2318,-12.159,0.2521,-2.6998,-3.4249,9.872,9.0136,-6.2809
-4.859,-12.607,-1.8385,7.1439,-1.0707,-12.505,0.25116,-3.0666,-3.5404,9.2039,8.2665,-6.6065
-4.6922,-12.681,-2.1831,7.0672,-0.87663,-12.846,0.17394,-3.3754,-3.5486,8.6654,7.6956,-6.8323
-4.4755,-12.639,-2.5581,6.9556,-0.65426,-13.175,0.031924,-3.63,-3.4664,8.2326,7.2452,-6.9977
-4.2369,-12.516,-2.933,6.8252,-0.42304,-13.459,-0.15469,-3.837,-3.3083,7.8923,6.8631,-7.1357
-4.012,-12.356,-3.2634,6.6938,-0.2095,-13.662,-0.36077,-4.0055,-3.0845,7.6428,6.5145,-7.2702
-3.8295,-12.203,-3.5102,6.5774,-0.035538,-13.769,-0.56325,-4.145,-2.802,7.4839,6.1789,-7.4133
-3.6987,-12.083,-3.6558,6.4844,0.090917,-13.791,-0.74545,-4.2615,-2.4679,7.4135,5.8523,-7.5629
-3.6068,-12.001,-3.709,6.4125,0.1782,-13.757,-0.90047,-4.3549,-2.0935,7.4316,5.5414,-7.7049
-3.5286,-11.944,-3.6995,6.3513,0.24536,-13.702,-1.0282,-4.4178,-1.6941,7.5368,5.2544,-7.8182
-3.4413,-11.89,-3.6656,6.2884,0.3125,-13.656,-1.1303,-4.4361,-1.2842,7.7199,5.0063,-7.8831
-3.3345,-11.822,-3.6424,6.2173,0.39297,-13.644,-1.2055,-4.3929,-0.87056,7.9739,4.8149,-7.8868
-3.2116,-11.731,-3.6548,6.1395,0.49052,-13.685,-1.2477,-4.2745,-0.44633,8.2881,4.7031,-7.8266
-3.0837,-11.616,-3.7132,6.0617,0.6014,-13.789,-1.2488,-4.0749,0.0014919,8.6502,4.6881,-7.7072
-2.9616,-11.476,-3.8136,5.9894,0.7181,-13.942,-1.2047,-3.7991,0.48729,9.0488,4.7796,-7.5348
-2.8482,-11.305,-3.9401,5.923,0.83331,-14.104,-1.1183,-3.4618,1.015,9.4764,4.9752,-7.3133
-2.7383,-11.093,-4.0712,5.8552,0.94321,-14.224,-1.0033,-3.084,1.5722,9.9285,5.2592,-7.0416
-2.6193,-10.836,-4.1875,5.7735,1.0496,-14.254,-0.87877,-2.6869,2.1327,10.401,5.6061,-6.7164
-2.4758,-10.531,-4.2798,5.6643,1.1596,-14.176,-0.76268,-2.2863,2.6618,10.884,5.9874,-6.3359
-2.2954,-10.185,-4.3496,5.5164,1.2825,-13.996,-0.66452,-1.8875,3.1297,11.364,6.3813,-5.9052
-2.0731,-9.8074,-4.401,5.3252,1.4238,-13.731,-0.58235,-1.4847,3.5217,11.824,6.7797,-5.4373
-1.8141,-9.4107,-4.4314,5.0939,1.5799,-13.395,-0.50531,-1.0651,3.8414,12.245,7.1879,-4.9506
-1.5334,-9.0046,-4.4272,4.8331,1.7369,-12.989,-0.42034,-0.61643,4.1064,12.619,7.6169,-4.4597
-1.2518,-8.5954,-4.3686,4.5586,1.8741,-12.5,-0.31956,-0.13375,4.3401,12.951,8.071,-3.9647
-0.98918,-8.1842,-4.2382,4.2859,1.9704,-11.915,-0.20478,0.37833,4.5669,13.255,8.5391,-3.4466
-0.75818,-7.767,-4.0282,4.0248,2.0121,-11.223,-0.087026,0.90756,4.8091,13.55,8.9957,-2.8712
-0.56073,-7.3371,-3.7439,3.7758,1.9969,-10.428,0.017815,1.4386,5.0836,13.843,9.4112,-2.2027
-0.3887,-6.8887,-3.4045,3.5312,1.9354,-9.555,0.097721,1.9572,5.3986,14.132,9.7665,-1.4207
-0.22873,-6.4219,-3.0419,3.2798,1.8462,-8.6476,0.15045,2.4523,5.7503,14.404,10.062,-0.53341
-0.069026,-5.9454,-2.6939,3.014,1.749,-7.7666,0.18561,2.9161,6.1258,14.639,10.318,0.4182
0.095504,-5.4743,-2.3929,2.7336,1.6574,-6.9749,0.22065,3.3411,6.5079,14.82,10.565,1.371
0.26238,-5.0254,-2.155,2.4458,1.5752,-6.3193,0.27267,3.7175,6.8832,14.942,10.831,2.262
0.42528,-4.6113,-1.9759,2.1611,1.4975,-5.8164,0.35003,4.031,7.2462,15.006,11.125,3.0492
0.57966,-4.2359,-1.8338,1.8875,1.4142,-5.4484,0.44755,4.2669,7.5983,15.022,11.439,3.7189
0.72581,-3.8919,-1.6975,1.6267,1.315,-5.1701,0.54769,4.4155,7.942,14.998,11.747,4.277
0.86769,-3.5622,-1.5363,1.3732,1.1944,-4.923,0.62721,4.4796,8.2769,14.936,12.018,4.7344
1.0096,-3.2244,-1.3291,1.1169,1.0549,-4.6531,0.66653,4.4758,8.5989,14.829,12.227,5.0966
1.1546,-2.8566,-1.0722,0.84634,0.90792,-4.3252,0.65744,4.4318,8.9019,14.669,12.365,5.3642
1.3052,-2.4417,-0.78201,0.55067,0.77222,-3.9307,0.60495,4.378,9.1804,14.449,12.439,5.542
1.4652,-1.9708,-0.49054,0.22148,0.66937,-3.4836,0.52286,4.3378,9.4295,14.171,12.469,5.6505
1.6394,-1.4422,-0.23189,-0.14606,0.61633,-3.0083,0.42621,4.3208,9.645,13.852,12.482,5.7306
1.8322,-0.85807,-0.025729,-0.55283,0.61855,-2.5239,0.32441,4.3201,9.8215,13.518,12.503,5.8367
2.0474,-0.22023,0.13322,-0.99704,0.66689,-2.0334,0.21815,4.3182,9.9521,13.199,12.549,6.0191
2.2901,0.47099,0.27359,-1.4773,0.74048,-1.5236,0.10172,4.2965,10.03,12.918,12.629,6.3028
2.5692,1.2154,0.43582,-1.9962,0.81415,-0.9752,-0.031162,4.2447,10.05,12.686,12.749,6.6731
2.8971,2.0093,0.65775,-2.5602,0.86715,-0.37322,-0.18173,4.1644,10.015,12.504,12.913,7.0774
3.2856,2.8406,0.96298,-3.1742,0.88886,0.28546,-0.34469,4.0663,9.9277,12.366,13.126,7.4445
3.7366,3.6849,1.3539,-3.8311,0.87932,0.98843,-0.51055,3.9639,9.7995,12.268,13.386,7.7108
4.2328,4.5047,1.8101,-4.5035,0.8462,1.7069,-0.66836,3.8688,9.645,12.205,13.682,7.8421
4.7342,5.2551,2.2909,-5.1454,0.80129,2.4003,-0.80655,3.7883,9.4828,12.176,13.996,7.8406
5.1888,5.8975,2.7431,-5.7055,0.75833,3.0249,-0.91311,3.7252,9.3291,12.177,14.301,7.7391
5.5523,6.4131,3.1123,-6.1472,0.73182,3.5457,-0.97736,3.6793,9.19,12.197,14.572,7.5868
5.8058,6.8082,3.356,-6.4616,0.73527,3.9443,-0.99339,3.6495,9.057,12.216,14.784,7.4328
5.9562,7.1071,3.4539,-6.6659,0.77708,4.2191,-0.96297,3.6355,8.9097,12.208,14.916,7.3132
6.0238,7.3363,3.4122,-6.7893,0.85576,4.3804,-0.89604,3.638,8.7263,12.152,14.955,7.2465
6.0276,7.5116,3.2624,-6.8573,0.95824,4.444,-0.80796,3.6553,8.4938,12.034,14.897,7.2359
5.9786,7.6329,3.0529,-6.8835,1.0636,4.4273,-0.71542,3.6806,8.2115,11.86,14.753,7.2766
5.8811,7.6888,2.8357,-6.87,1.15,4.3467,-0.63299,3.7026,7.8884,11.646,14.543,7.3628
5.7376,7.6681,2.6543,-6.8134,1.2004,4.2162,-0.57155,3.7051,7.5365,11.416,14.291,7.4916
5.5523,7.572,2.5384,-6.7124,1.2053,4.0505,-0.53822,3.6735,7.1663,11.19,14.02,7.6601
5.3327,7.4195,2.5047,-6.5724,1.1623,3.8694,-0.53702,3.6001,6.784,10.979,13.741,7.8581
5.089,7.2425,2.5574,-6.4056,1.076,3.7011,-0.56973,3.486,6.3908,10.783,13.458,8.0607
4.8325,7.073,2.687,-6.2267,0.956,3.5766,-0.63636,3.3401,5.982,10.588,13.163,8.227
4.5713,6.9304,2.8719,-6.0461,0.81581,3.5179,-0.73448,3.1757,5.55,10.375,12.841,8.3082
4.3076,6.8132,3.0835,-5.864,0.66982,3.5272,-0.85731,3.0063,5.0876,10.12,12.476,8.2567
4.0373,6.7,3.2923,-5.6706,0.53064,3.5868,-0.99246,2.8425,4.5918,9.8015,12.063,8.0435
3.7542,6.5637,3.473,-5.4527,0.40721,3.6683,-1.1227,2.6893,4.0673,9.4032,11.602,7.6715
3.458,6.388,3.6092,-5.2039,0.30406,3.7469,-1.2291,2.544,3.5269,8.9188,11.105,7.1816
3.1595,6.1778,3.6966,-4.9309,0.2218,3.8111,-1.2952,2.396,2.9901,8.3534,10.585,6.6439
2.8804,5.9552,3.7408,-4.6524,0.15913,3.862,-1.3115,2.2285,2.4789,7.7221,10.059,6.1362
2.6462,5.7473,3.7505,-4.3919,0.11477,3.9047,-1.2774,2.0233,2.008,7.0454,9.538,5.7178
2.4756,5.5725,3.7295,-4.1677,0.088376,3.9398,-1.1978,1.7673,1.5798,6.3452,9.0286,5.4124
2.3715,5.4324,3.6734,-3.9857,0.079472,3.9583,-1.0804,1.4583,1.1854,5.6427,8.5356,5.2051
2.3185,5.3088,3.57,-3.8357,0.086065,3.9415,-0.93467,1.1044,0.81072,4.9587,8.065,5.0517
2.2883,5.1709,3.405,-3.6945,0.10475,3.8664,-0.77123,0.71924,0.44429,4.313,7.6247,4.8949
2.2511,4.9862,3.1703,-3.5351,0.13198,3.7145,-0.59916,0.31478,0.080193,3.7199,7.2202,4.6811
2.1862,4.7352,2.8711,-3.3367,0.16487,3.482,-0.42442,-0.10244,-0.28438,3.183,6.8471,4.3747
2.0884,4.4214,2.5298,-3.0947,0.20046,3.1866,-0.25134,-0.53045,-0.65157,2.6927,6.4887,3.9667
1.9641,4.0722,2.1829,-2.8215,0.23392,2.8657,-0.086061,-0.96832,-1.0213,2.2316,6.1204,3.4764
1.824,3.7273,1.8717,-2.5401,0.25741,2.5648,0.060951,-1.4096,-1.3875,1.7825,5.7186,2.943
1.6742,3.4228,1.6313,-2.2725,0.26077,2.3211,0.1759,-1.8409,-1.7364,1.337,5.2668,2.4108
1.5139,3.1778,1.4801,-2.0299,0.2342,2.1512,0.24647,-2.2427,-2.0515,0.89353,4.7569,1.9144
1.3367,2.9903,1.4165,-1.8113,0.17161,2.0489,0.26826,-2.5951,-2.322,0.45574,4.1878,1.4714
1.1362,2.8434,1.4236,-1.6084,0.073284,1.9944,0.24916,-2.8833,-2.5501,0.028089,3.562,1.0881
0.91219,2.7155,1.4785,-1.4135,-0.053431,1.9676,0.20896,-3.1044,-2.7525,-0.38625,2.8905,0.76879
0.67349,2.5908,1.5628,-1.2251,-0.19553,1.9568,0.17319,-3.2692,-2.9566,-0.78428,2.1909,0.52585
0.43681,2.4653,1.6668,-1.0498,-0.33788,1.9607,0.1634,-3.3994,-3.1911,-1.1605,1.4835,0.37638
0.2213,2.3472,1.7893,-0.89787,-0.46781,1.9868,0.18935,-3.5193,-3.4761,-1.5057,0.78766,0.33135
0.04104,2.2513,1.9339,-0.77837,-0.57891,2.0493,0.24752,-3.6457,-3.8176,-1.8083,0.11782,0.38353
-0.1013,2.1897,2.1047,-0.69282,-0.67183,2.1616,0.32669,-3.7807,-4.207,-2.0588,-0.51913,0.50145
-0.21719,2.1621,2.2989,-0.63127,-0.75158,2.3253,0.41465,-3.9115,-4.6275,-2.2528,-1.1252,0.63336
-0.32919,2.1506,2.5012,-0.57197,-0.82232,2.5211,0.50102,-4.0171,-5.0577,-2.3925,-1.7106,0.72038
-0.46192,2.1227,2.6819,-0.48696,-0.88305,2.7091,0.57672,-4.0781,-5.4785,-2.4846,-2.2907,0.71371
-0.63053,2.0434,2.8028,-0.35314,-0.92636,2.8392,0.63361,-4.0857,-5.8755,-2.5373,-2.8804,0.58867
-0.83337,1.8913,2.8288,-0.16256,-0.94136,2.8692,0.66575,-4.0466,-6.2405,-2.5583,-3.4882,0.35039
-1.0543,1.6672,2.7421,0.073982,-0.91997,2.7793,0.67096,-3.9808,-6.5714,-2.5555,-4.1101,0.029992
-1.273,1.3919,2.5511,0.33345,-0.86357,2.579,0.65009,-3.9149,-6.8696,-2.5387,-4.7281,-0.3273
-1.4767,1.094,2.2904,0.59259,-0.78607,2.3012,0.60636,-3.8735,-7.136,-2.5205,-5.3134,-0.67835
-1.6655,0.79669,2.01,0.83783,-0.71071,1.988,0.54347,-3.871,-7.3687,-2.5152,-5.8358,-0.99678
-1.8494,0.50838,1.759,1.0685,-0.66205,1.6752,0.46499,-3.91,-7.5633,-2.5371,-6.2761,-1.2801
-2.0425,0.22254,1.5703,1.2939,-0.65815,1.3815,0.3746,-3.9847,-7.7176,-2.5998,-6.635,-1.5466
-2.2582,-0.076289,1.4542,1.5274,-0.70716,1.1071,0.27638,-4.0873,-7.8355,-2.7162,-6.9331,-1.8231
-2.5053,-0.40276,1.4009,1.781,-0.8081,0.84172,0.17464,-4.2138,-7.9275,-2.8922,-7.2039,-2.1292
-2.7861,-0.76106,1.3893,2.0594,-0.95294,0.57606,0.073755,-4.3646,-8.0042,-3.1252,-7.4812,-2.4677
-3.0946,-1.1401,1.3965,2.3584,-1.1282,0.31201,-0.021734,-4.5418,-8.0686,-3.4026,-7.7942,-2.8248
-3.4161,-1.5169,1.4045,2.6652,-1.3162,0.063256,-0.10731,-4.7442,-8.1126,-3.7059,-8.1643,-3.1808
-3.7297,-1.8654,1.4022,2.9634,-1.4972,-0.15214,-0.17963,-4.9639,-8.121,-4.0201,-8.6039,-3.5202
-4.0136,-2.1666,1.3839,3.2371,-1.6524,-0.32084,-0.2376,-5.1864,-8.0816,-4.3432,-9.1145,-3.8377
-4.2517,-2.4146,1.3482,3.4763,-1.7679,-0.4394,-0.28418,-5.3946,-7.9934,-4.6906,-9.6841,-4.1361
-4.4386,-2.616,1.2971,3.6786,-1.8395,-0.51493,-0.32594,-5.5739,-7.87,-5.0911,-10.288,-4.4228
-4.58,-2.785,1.2358,3.8476,-1.8737,-0.56252,-0.37183,-5.7172,-7.734,-5.5753,-10.891,-4.7055
-4.6884,-2.9345,1.1709,3.9897,-1.8849,-0.59995,-0.42922,-5.826,-7.609,-6.1618,-11.456,-4.9896
-4.7764,-3.0711,1.1084,4.1105,-1.8888,-0.64167,-0.49897,-5.9082,-7.5101,-6.8491,-11.948,-5.2768
-4.8517,-3.1931,1.0511,4.2132,-1.8964,-0.69507,-0.57251,-5.9741,-7.4415,-7.6166,-12.34,-5.5648
-4.9163,-3.2947,0.99607,4.299,-1.9114,-0.76121,-0.63343,-6.0323,-7.4005,-8.4323,-12.616,-5.8469
-4.9701,-3.3727,0.9343,4.3702,-1.9316,-0.83852,-0.66325,-6.0863,-7.3841,-9.2617,-12.779,-6.1141
-5.0152,-3.4313,0.85296,4.4336,-1.952,-0.92627,-0.64841,-6.1336,-7.3932,-10.074,-12.845,-6.3561
-5.0588,-3.4827,0.74084,4.5003,-1.9684,-1.0253,-0.58354,-6.167,-7.4324,-10.842,-12.845,-6.5647
-5.1106,-3.5412,0.59439,4.581,-1.98,-1.1357,-0.47249,-6.1778,-7.5063,-11.551,-12.816,-6.7355
-5.1771,-3.6141,0.42255,4.6795,-1.9894,-1.2522,-0.3247,-6.1604,-7.6144,-12.192,-12.792,-6.8686
-5.2577,-3.6953,0.24779,4.7885,-2.0019,-1.3623,-0.14983,-6.1141,-7.748,-12.774,-12.799,-6.9676
-5.3428,-3.7658,0.10131,4.8911,-2.0226,-1.4476,0.045392,-6.0426,-7.891,-13.318,-12.85,-7.0379
-5.4167,-3.8023,0.013043,4.9668,-2.0523,-1.4913,0.25744,-5.9513,-8.0248,-13.845,-12.944,-7.0853
-5.4625,-3.7872,0.0006878,4.9994,-2.0857,-1.4858,0.48424,-5.8433,-8.1355,-14.363,-13.056,-7.1158
-5.4686,-3.7155,0.063379,4.9824,-2.113,-1.4359,0.72245,-5.7175,-8.2195,-14.871,-13.154,-7.137
-5.4314,-3.5957,0.18292,4.9181,-2.1248,-1.3555,0.96691,-5.5697,-8.2838,-15.353,-13.192,-7.1589
-5.3546,-3.4445,0.33126,4.8154,-2.1164,-1.2597,1.2102,-5.3966,-8.3397,-15.789,-13.136,-7.1929
-5.2462,-3.2799,0.47892,4.6852,-2.0859,-1.1576,1.4429,-5.1993,-8.3949,-16.157,-12.974,-7.2507
-5.1143,-3.1149,0.59968,4.5378,-2.0307,-1.0499,1.6539,-4.985,-8.447,-16.449,-12.724,-7.3412
-4.9639,-2.9561,0.67063,4.3807,-1.9441,-0.93304,1.8331,-4.7649,-8.4836,-16.668,-12.431,-7.4683
-4.7955,-2.806,0.67091,4.2186,-1.8157,-0.80576,1.9747,-4.5502,-8.4886,-16.835,-12.156,-7.6299
-4.6056,-2.6675,0.58283,4.055,-1.6347,-0.67534,2.0791,-4.3477,-8.4515,-16.978,-11.954,-7.8171
-4.3904,-2.5478,0.39547,3.8945,-1.395,-0.559,2.1535,-4.1596,-8.3735,-17.128,-11.862,-8.0164
-4.1517,-2.4596,0.10751,3.7445,-1.0983,-0.4817,2.211,-3.9853,-8.269,-17.311,-11.89,-8.2134
-3.9,-2.4206,-0.27292,3.616,-0.75646,-0.47142,2.2675,-3.8252,-8.161,-17.546,-12.028,-8.3967
-3.654,-2.4507,-0.73082,3.5229,-0.39052,-0.55376,2.3369,-3.6823,-8.0729,-17.841,-12.25,-8.5632
-3.434,-2.5678,-1.2483,3.4788,-0.02642,-0.74743,2.427,-3.5618,-8.0202,-18.197,-12.521,-8.7204
-3.2547,-2.7829,-1.8096,3.4932,0.31252,-1.0612,2.5377,-3.469,-8.0064,-18.607,-12.81,-8.8847
-3.1224,-3.0976,-2.4042,3.5692,0.61123,-1.4931,2.6622,-3.407,-8.0231,-19.052,-13.094,-9.075
-3.0354,-3.5044,-3.0259,3.7036,0.86393,-2.032,2.7913,-3.3755,-8.0549,-19.519,-13.362,-9.305
-2.9896,-3.9902,-3.667,3.892,1.071,-2.6614,2.9167,-3.371,-8.0855,-20.006,-13.61,-9.5774
-2.9844,-4.5387,-4.3111,4.1309,1.2365,-3.363,3.0314,-3.3875,-8.1025,-20.51,-13.839,-9.8827
-3.0254,-5.1302,-4.9336,4.4177,1.3654,-4.1168,3.1309,-3.4178,-8.1008,-21.028,-14.042,-10.203
-3.1221,-5.7436,-5.5135,4.7486,1.4631,-4.8998,3.2121,-3.4542,-8.0793,-21.557,-14.213,-10.515
-3.2818,-6.3611,-6.0459,5.1164,1.534,-5.6874,3.2722,-3.4892,-8.0443,-22.086,-14.344,-10.797
-3.5038,-6.9714,-6.5375,5.5099,1.5794,-6.4572,3.3098,-3.516,-8.0015,-22.606,-14.439,-11.025
-3.7768,-7.5659,-6.9889,5.914,1.5961,-7.1873,3.3226,-3.529,-7.9531,-23.107,-14.512,-11.177
-4.0819,-8.1312,-7.3819,6.3099,1.5782,-7.8503,3.3085,-3.5244,-7.8974,-23.596,-14.573,-11.239
-4.3946,-8.6417,-7.68,6.6758,1.5195,-8.4079,3.2641,-3.497,-7.8319,-24.058,-14.636,-11.206
-4.6907,-9.0607,-7.8421,6.9872,1.4175,-8.8156,3.1866,-3.4476,-7.7567,-24.454,-14.702,-11.082
-4.9499,-9.3506,-7.8407,7.2212,1.2756,-9.0395,3.0739,-3.3819,-7.6756,-24.765,-14.76,-10.881
-5.1573,-9.4902,-7.6783,7.3625,1.1042,-9.072,2.9245,-3.3137,-7.5948,-24.96,-14.799,-10.619
-5.3059,-9.4883,-7.3909,7.4108,0.92072,-8.9371,2.7384,-3.2631,-7.5188,-25.024,-14.799,-10.317
-5.3968,-9.3807,-7.0356,7.3826,0.74556,-8.6779,2.5207,-3.2492,-7.4507,-24.967,-14.741,-9.993
-5.4382,-9.2132,-6.6711,7.3044,0.59677,-8.341,2.2831,-3.2801,-7.3819,-24.82,-14.621,-9.6657
-5.4417,-9.023,-6.3419,7.2016,0.48542,-7.9673,2.0427,-3.3486,-7.3036,-24.628,-14.451,-9.3492
-5.4163,-8.8292,-6.0728,7.09,0.41498,-7.5829,1.817,-3.4397,-7.2064,-24.426,-14.254,-9.0514
-5.3659,-8.6334,-5.8683,6.973,0.38483,-7.1941,1.6181,-3.5311,-7.0833,-24.239,-14.059,-8.772
-5.2894,-8.4269,-5.7207,6.8454,0.39419,-6.7961,1.45,-3.6001,-6.9344,-24.071,-13.895,-8.5044
-5.1828,-8.2031,-5.6214,6.7001,0.44474,-6.391,1.3086,-3.6358,-6.762,-23.92,-13.784,-8.2407
-5.0437,-7.9666,-5.5722,6.5346,0.54124,-5.9996,1.1851,-3.6364,-6.5738,-23.764,-13.728,-7.9762
-4.8735,-7.7359,-5.5896,6.3535,0.69007,-5.661,1.0701,-3.6082,-6.3823,-23.569,-13.714,-7.7114
-4.6785,-7.5367,-5.7003,6.168,0.89504,-5.4224,0.9573,-3.5612,-6.2022,-23.298,-13.72,-7.453
-4.4683,-7.3928,-5.929,5.9915,1.1535,-5.3241,0.84568,-3.507,-6.0464,-22.923,-13.726,-7.2074
-4.2545,-7.3179,-6.2839,5.8356,1.453,-5.3852,0.73923,-3.4567,-5.9242,-22.436,-13.717,-6.9803
-4.0476,-7.3119,-6.7474,5.7066,1.7719,-5.5936,0.64611,-3.4248,-5.8352,-21.855,-13.685,-6.7739
-3.8558,-7.3617,-7.2755,5.6046,2.084,-5.9076,0.57695,-3.4226,-5.7727,-21.213,-13.633,-6.5915
-3.6838,-7.4465,-7.809,5.5255,2.3648,-6.2677,0.54208,-3.4592,-5.7275,-20.551,-13.567,-6.4365
-3.534,-7.546,-8.2888,5.4643,2.597,-6.6139,0.54831,-3.5387,-5.6905,-19.893,-13.506,-6.313
-3.4102,-7.6465,-8.6694,5.4188,2.7727,-6.9005,0.59661,-3.6599,-5.6549,-19.262,-13.47,-6.2218
-3.3188,-7.7413,-8.9251,5.3911,2.891,-7.1025,0.68254,-3.8117,-5.6156,-18.683,-13.48,-6.1622
-3.2687,-7.8267,-9.0485,5.3854,2.9562,-7.2148,0.79798,-3.9775,-5.5694,-18.155,-13.539,-6.1317
-3.2672,-7.8964,-9.044,5.4031,2.9756,-7.2462,0.93437,-4.1381,-5.5145,-17.678,-13.634,-6.1229
-3.3168,-7.9401,-8.9212,5.4392,2.9554,-7.2107,1.0841,-4.2766,-5.4505,-17.244,-13.742,-6.1269
-3.4134,-7.9457,-8.6945,5.4836,2.8977,-7.1181,1.2394,-4.3829,-5.3766,-16.836,-13.84,-6.1312
-3.5474,-7.9022,-8.3845,5.5246,2.7995,-6.9691,1.3911,-4.4578,-5.2986,-16.428,-13.901,-6.1234
-3.7075,-7.8037,-8.0138,5.5548,2.6556,-6.7586,1.5284,-4.5124,-5.2201,-15.996,-13.908,-6.0946
-3.8846,-7.654,-7.5962,5.5731,2.4615,-6.4837,1.6413,-4.5604,-5.1441,-15.517,-13.858,-6.0418
-4.0743,-7.4668,-7.1309,5.5844,2.2148,-6.1478,1.7219,-4.6187,-5.0732,-14.978,-13.753,-5.9678
-4.2766,-7.2609,-6.6085,5.5957,1.9157,-5.7581,1.7641,-4.7013,-5.0064,-14.372,-13.603,-5.8795
-4.4923,-7.0506,-6.0201,5.6121,1.568,-5.3187,1.7621,-4.8108,-4.9448,-13.703,-13.415,-5.7851
-4.7206,-6.8397,-5.3653,5.6334,1.1796,-4.829,1.7097,-4.9399,-4.8888,-12.984,-13.195,-5.6921
-4.9564,-6.6213,-4.6562,5.654,0.76314,-4.2897,1.6012,-5.0735,-4.8384,-12.231,-12.954,-5.6052
-5.1899,-6.3852,-3.9206,5.6648,0.33704,-3.7122,1.4341,-5.194,-4.7936,-11.464,-12.702,-5.525
-5.4075,-6.1253,-3.2022,5.6576,-0.074892,-3.1231,1.213,-5.2873,-4.7543,-10.702,-12.443,-5.4515
-5.5938,-5.8441,-2.5523,5.6269,-0.44568,-2.559,0.95275,-5.3458,-4.7203,-9.9605,-12.189,-5.3841
-5.7348,-5.5511,-2.0146,5.571,-0.75023,-2.0562,0.67664,-5.3658,-4.6917,-9.2473,-11.946,-5.3235
-5.8213,-5.2587,-1.6124,5.4915,-0.97183,-1.639,0.41001,-5.3491,-4.6687,-8.5647,-11.717,-5.2689
-5.8514,-4.9788,-1.3441,5.3923,-1.107,-1.3136,0.17273,-5.2989,-4.651,-7.9095,-11.505,-5.2201
-5.83,-4.7205,-1.1873,5.2783,-1.1657,-1.0685,-0.02485,-5.2195,-4.6385,-7.2762,-11.303,-5.1749
-5.7655,-4.4905,-1.1088,5.155,-1.1661,-0.88036,-0.18089,-5.1162,-4.6309,-6.6595,-11.098,-5.1333
-5.6664,-4.2929,-1.0762,5.028,-1.126,-0.72234,-0.29809,-4.9951,-4.6275,-6.0554,-10.871,-5.0946
-5.5408,-4.129,-1.066,4.9032,-1.0574,-0.57389,-0.37985,-4.8628,-4.6277,-5.461,-10.617,-5.0578
-5.3979,-3.9977,-1.0678,4.7867,-0.96581,-0.42753,-0.42835,-4.7255,-4.6312,-4.8759,-10.338,-5.022
-5.2483,-3.896,-1.0847,4.6846,-0.85216,-0.29121,-0.4451,-4.5894,-4.6387,-4.302,-10.05,-4.9868
-5.1025,-3.8194,-1.1314,4.6004,-0.71618,-0.18647,-0.43325,-4.4619,-4.6514,-3.7462,-9.7796,-4.9535
-4.967,-3.7616,-1.2296,4.5336,-0.55845,-0.14172,-0.40016,-4.3515,-4.6717,-3.2215,-9.5506,-4.9256
-4.8441,-3.7142,-1.3987,4.4795,-0.38295,-0.17912,-0.35845,-4.2681,-4.7022,-2.748,-9.3797,-4.9091
-4.7343,-3.6665,-1.6429,4.4322,-0.20029,-0.30119,-0.32394,-4.2203,-4.7437,-2.3502,-9.2676,-4.9101
-4.6396,-3.6075,-1.9426,4.3884,-0.029321,-0.48612,-0.31014,-4.2131,-4.794,-2.0517,-9.1974,-4.932
-4.5642,-3.5261,-2.2518,4.347,0.10554,-0.6922,-0.32177,-4.2451,-4.845,-1.8681,-9.1381,-4.9709
-4.5115,-3.4121,-2.5059,4.3072,0.18065,-0.86636,-0.3509,-4.3079,-4.8821,-1.8016,-9.05,-5.0145
-4.4798,-3.2555,-2.6395,4.2644,0.1796,-0.95487,-0.37871,-4.3889,-4.8858,-1.8405,-8.8943,-5.0449
-4.461,-3.0444,-2.6034,4.2079,0.096109,-0.91303,-0.3819,-4.4744,-4.8351,-1.9623,-8.6424,-5.0456
-4.443,-2.7627,-2.3746,4.1225,-0.068107,-0.7084,-0.33815,-4.5525,-4.7126,-2.1363,-8.2842,-5.0079
-4.4149,-2.3903,-1.9548,3.9922,-0.30696,-0.31756,-0.22618,-4.6121,-4.5084,-2.3246,-7.8297,-4.9348
-4.3702,-1.9041,-1.3666,3.804,-0.61114,0.27968,-0.021838,-4.6427,-4.2188,-2.4832,-7.3024,-4.8375
-4.3067,-1.278,-0.64942,3.5484,-0.96654,1.1079,0.30734,-4.632,-3.8426,-2.5666,-6.7277,-4.7289
-4.2234,-0.47754,0.14856,3.2159,-1.3534,2.2096,0.81173,-4.5673,-3.3761,-2.5343,-6.1222,-4.6153
-4.1163,0.54898,0.98993,2.7924,-1.7489,3.655,1.5768,-4.4363,-2.8098,-2.3578,-5.4894,-4.493
-3.9789,1.8789,1.8846,2.2576,-2.135,5.4986,2.7449,-4.2296,-2.1276,-2.025,-4.8224,-4.3506
-3.8059,3.6195,2.9356,1.5864,-2.5073,7.6477,4.5194,-3.9414,-1.3093,-1.5383,-4.1099,-4.1744
-3.595,5.9021,4.3456,0.75294,-2.8789,9.9285,7.0886,-3.5691,-0.33361,-0.90771,-3.3392,-3.9525
-3.3451,8.8497,6.2664,-0.26453,-3.2727,12.385,10.413,-3.1121,0.81895,-0.14185,-2.4972,-3.6742
-3.0528,12.497,8.604,-1.4813,-3.705,15.226,14.092,-2.5695,2.1637,0.75958,-1.57,-3.3268
-2.7096,16.714,11.209,-2.9044,-4.1722,18.621,17.639,-1.9363,3.7106,1.8075,-0.54529,-2.893
-2.3036,21.228,14.099,-4.5326,-4.65,22.576,20.829,-1.1979,5.4624,3.0193,0.5845,-2.352
-1.82,25.763,17.361,-6.3584,-5.1025,26.887,23.686,-0.32414,7.4158,4.412,1.8206,-1.6818
-1.2406,30.126,21.043,-8.3755,-5.4915,31.272,26.316,0.73417,9.5645,5.9946,3.1595,-0.86095
-0.54049,34.228,25.136,-10.59,-5.7826,35.54,28.803,2.0436,11.905,7.7641,4.5958,0.13059
0.3134,38.058,29.546,-13.025,-5.9536,39.609,31.173,3.68,14.437,9.7042,6.1225,1.3066
1.3583,41.652,33.983,-15.706,-6.0006,43.404,33.384,5.7104,17.154,11.786,7.7269,2.6647
2.6262,45.07,37.924,-18.641,-5.933,46.801,35.349,8.1595,20.025,13.971,9.3873,4.1748
4.1313,48.366,40.869,-21.785,-5.7605,49.687,36.984,10.965,22.98,16.211,11.072,5.7769
5.8589,51.563,42.59,-25.037,-5.4832,52.053,38.282,13.95,25.914,18.46,12.747,7.3963
7.7634,54.632,43.101,-28.258,-5.0925,54.015,39.325,16.851,28.716,20.667,14.377,8.9717
9.781,57.489,42.565,-31.321,-4.5765,55.691,40.239,19.404,31.293,22.788,15.936,10.475
11.853,60.054,41.259,-34.151,-3.9284,56.993,41.041,21.422,33.588,24.773,17.403,11.908
13.94,62.3,39.504,-36.737,-3.1576,57.711,41.354,22.833,35.57,26.565,18.759,13.284
16.024,64.272,37.592,-39.106,-2.2961,57.842,40.646,23.654,37.225,28.101,19.994,14.602
18.088,66.051,35.759,-41.298,-1.3976,57.625,38.664,23.953,38.536,29.319,21.105,15.836
20.109,67.717,34.185,-43.35,-0.52863,57.352,35.275,23.806,39.484,30.184,22.094,16.945
22.044,69.324,32.983,-45.294,0.24568,57.243,30.281,23.269,40.043,30.702,22.955,17.887
23.839,70.904,32.198,-47.149,0.8769,57.404,23.582,22.359,40.165,30.897,23.665,18.624
25.426,72.486,31.806,-48.929,1.3448,57.825,15.444,21.074,39.768,30.803,24.181,19.129
26.738,74.101,31.722,-50.622,1.6593,58.421,6.6479,19.424,38.748,30.449,24.451,19.388
27.718,75.743,31.747,-52.166,1.8527,59.068,-1.5856,17.465,37.027,29.862,24.444,19.4
28.331,77.283,31.523,-53.398,1.9674,59.63,-7.8248,15.289,34.618,29.067,24.161,19.176
28.566,78.405,30.642,-54.071,2.046,59.932,-10.925,13.002,31.643,28.092,23.635,18.729
28.441,78.67,28.934,-53.958,2.1234,59.713,-10.932,10.675,28.288,26.961,22.914,18.066
27.991,77.708,26.648,-52.978,2.2222,58.704,-9.4206,8.3164,24.732,25.691,22.038,17.195
27.257,75.384,24.206,-51.23,2.3501,56.814,-8.1388,5.8889,21.11,24.291,21.024,16.12
26.274,71.808,21.887,-48.9,2.501,54.168,-7.8376,3.373,17.499,22.77,19.867,14.842
25.071,67.228,19.737,-46.158,2.6597,50.97,-8.5737,0.8109,13.937,21.135,18.557,13.354
23.661,61.957,17.642,-43.1,2.8078,47.389,-10.166,-1.7127,10.451,19.396,17.088,11.654
22.057,56.372,15.43,-39.761,2.9289,43.541,-12.212,-4.1321,7.0824,17.565,15.476,9.754
20.276,50.88,12.98,-36.147,3.0106,39.543,-14.176,-6.4356,3.8993,15.66,13.755,7.7002
18.352,45.763,10.322,-32.279,3.0463,35.564,-15.738,-8.6491,0.97974,13.703,11.975,5.5667
16.344,41.059,7.6931,-28.223,3.0371,31.814,-16.867,-10.807,-1.6165,11.715,10.184,3.4363
14.319,36.639,5.4594,-24.112,2.9903,28.468,-17.645,-12.947,-3.8731,9.7196,8.4137,1.3774
12.334,32.317,3.8377,-20.137,2.9104,25.581,-18.18,-15.131,-5.8244,7.7328,6.6695,-0.56499
10.405,27.951,2.7535,-16.476,2.7892,23.036,-18.582,-17.467,-7.5437,5.759,4.9306,-2.3645
8.5136,23.514,2.024,-13.181,2.602,20.609,-18.935,-20.112,-9.1241,3.7902,3.167,-4.0078
6.611,19.143,1.5276,-10.165,2.3156,18.098,-19.284,-23.241,-10.664,1.8083,1.3596,-5.4952
4.6487,15.025,1.2127,-7.2959,1.899,15.439,-19.624,-26.991,-12.262,-0.19604,-0.48469,-6.8431
2.6034,11.241,1.0592,-4.5048,1.3341,12.767,-19.919,-31.371,-14.009,-2.218,-2.3324,-8.0843
0.4868,7.7867,1.0493,-1.8152,0.62307,10.304,-20.107,-36.186,-15.976,-4.235,-4.1367,-9.2669
-1.6595,4.6571,1.1525,0.71073,-0.20831,8.1819,-20.125,-41.067,-18.182,-6.2133,-5.8587,-10.454
-3.7775,1.8563,1.3187,3.0384,-1.111,6.3982,-19.937,-45.613,-20.585,-8.1226,-7.4765,-11.727
-5.8075,-0.65188,1.4813,5.1751,-2.0231,4.8626,-19.55,-49.559,-23.106,-9.9495,-8.9905,-13.185
-7.7011,-2.942,1.5692,7.1466,-2.8851,3.4384,-19.018,-52.829,-25.697,-11.703,-10.417,-14.949
-9.4328,-5.0845,1.5223,8.9799,-3.654,2.006,-18.415,-55.47,-28.373,-13.406,-11.772,-17.136
-11.007,-7.1211,1.3059,10.71,-4.3097,0.50613,-17.804,-57.573,-31.184,-15.082,-13.066,-19.825
-12.456,-9.0706,0.91983,12.387,-4.8524,-1.0518,-17.208,-59.23,-34.142,-16.743,-14.292,-22.997
-13.836,-10.952,0.39789,14.089,-5.2961,-2.6074,-16.588,-60.517,-37.175,-18.383,-15.432,-26.498
-15.216,-12.802,-0.20052,15.916,-5.659,-4.0822,-15.846,-61.512,-40.14,-19.986,-16.469,-30.071
-16.662,-14.678,-0.80643,17.97,-5.9575,-5.4119,-14.843,-62.295,-42.903,-21.536,-17.401,-33.461
-18.223,-16.643,-1.3598,20.318,-6.2034,-6.5647,-13.499,-62.952,-45.393,-23.026,-18.243,-36.515
-19.916,-18.757,-1.8227,22.954,-6.4057,-7.5447,-11.917,-63.553,-47.62,-24.461,-19.025,-39.197
-21.719,-21.054,-2.1835,25.771,-6.5728,-8.3846,-10.349,-64.133,-49.631,-25.847,-19.772,-41.543
-23.566,-23.515,-2.4527,28.566,-6.7143,-9.134,-8.99,-64.688,-51.469,-27.181,-20.485,-43.596
-25.349,-26.026,-2.6545,31.099,-6.8403,-9.8462,-7.8694,-65.177,-53.148,-28.437,-21.141,-45.38
-26.948,-28.392,-2.8121,33.184,-6.9637,-10.556,-6.9121,-65.545,-54.651,-29.565,-21.699,-46.902
-28.295,-30.418,-2.9315,34.762,-7.111,-11.244,-6.0236,-65.736,-55.948,-30.502,-22.127,-48.187
-29.441,-32.005,-2.9945,35.902,-7.3409,-11.833,-5.1291,-65.698,-57.011,-31.191,-22.439,-49.311
-30.577,-33.156,-2.9692,36.739,-7.7667,-12.228,-4.176,-65.38,-57.829,-31.601,-22.723,-50.428
-31.997,-33.928,-2.84,37.438,-8.6029,-12.37,-3.1091,-64.706,-58.398,-31.752,-23.163,-51.752
-33.983,-34.391,-2.6198,38.16,-10.29,-12.254,-1.7747,-63.536,-58.71,-31.733,-24.062,-53.466
-36.676,-34.613,-2.1613,39.034,-13.677,-11.97,0.39103,-61.582,-58.74,-31.722,-25.885,-55.605
-39.97,-34.665,-0.37533,40.103,-17.741,-11.86,2.4582,-58.435,-58.425,-31.977,-29.375,-58.045
-42.973,-34.613,0.94014,41.31,-18.634,-12.784,2.8147,-54.875,-57.636,-32.83,-35.708,-60.183
-44.19,-34.499,0.82126,42.555,-18.534,-14.961,4.0095,-56.007,-56.22,-34.636,-45.858,-60.287
-44.14,-34.314,0.38732,43.752,-18.247,-16.52,5.1092,-63.244,-54.292,-37.647,-54.243,-59.144
-44.2,-33.993,0.16556,44.878,-18.2,-16.722,6.4522,-66.296,-53.005,-41.707,-54.781,-57.891
-45.127,-33.428,1.2601,45.978,-19.12,-15.228,8.6896,-64.249,-54.706,-45.87,-54.45,-57.514
-47.621,-32.494,4.9413,47.049,-22.019,-11.569,12.969,-58.666,-58.075,-48.509,-55.324,-59.359
-52.989,-31.05,12.02,47.86,-28.121,-5.7151,21.368,-48.89,-54.95,-47.989,-57.949,-64.239
-62.048,-28.954,24.577,48.679,-39.543,2.0932,37.147,-34.943,-48.033,-43.441,-63.932,-73.791
-76.198,-26.178,44.329,53.332,-58.172,12.072,62.964,-16.557,-40.09,-49.531,-76.94,-92.238
-95.428,-23.266,67.627,61.857,-80.929,23.812,95.654,7.7668,-31.319,-68.72,-100.2,-122.39
-116.6,-22.298,89.062,71.205,-102.63,34.732,131.88,40.401,-20.922,-73.286,-138.94,-161.28
-135.7,-24.658,106.12,80.459,-120.9,42.527,168.87,82.332,-8.159,-78.773,-193.12,-202.99
-148.89,-24.67,116.12,87.537,-132.85,46.531,202.59,130.58,8.7868,-84.551,-246.77,-244.11
-153.02,-24.005,117.45,90.059,-136.08,47.158,230.34,185.6,34.914,-89.012,-289.04,-279.63
-145.57,-20.99,109.87,85.877,-128.5,44.887,250.66,253.96,73.32,-90.359,-314.72,-302.75
-124.19,-15.675,93.427,73.278,-108.31,39.618,263.33,342.72,125.72,-84.238,-315.19,-306.22
-86.237,-8.9598,65.763,50.64,-74.326,29.789,268.77,457.64,199.01,-58.448,-281.05,-282.85
-28.317,-0.44246,22.088,15.964,-23.317,12.948,266.59,599.99,298.88,16.384,-203.84,-225.85
54.038,12.171,-41.806,-32.98,49.778,-11.588,254.7,763.41,426.16,170.28,-76.311,-128.93
163.42,34.022,-126.17,-98.128,146.65,-41.673,229.37,932.91,578.18,353.38,110.21,15.16
297.3,71.433,-224.97,-180.56,263.03,-73.366,186.37,1086.7,749.55,584.09,363.3,211.76
447.53,122.84,-325.27,-279.72,388.35,-98.209,122.55,1200.3,932.86,863.67,681.34,458.82
601.64,191.09,-409.17,-392.57,507.38,-104.92,37.113,1251.6,1118.5,1185.1,1053.8,748.59
745.45,283.32,-458.51,-513.5,603.94,-82.332,-67.53,1226.7,1294.8,1534.1,1462.6,1067.7
866.23,399.79,-460.9,-635.19,665.53,-24.394,-184.96,1123.9,1449.9,1890.9,1882.9,1397.8
955.42,534.15,-414.68,-749.55,687.1,66.308,-305.15,955.89,1574.7,2231.7,2285.9,1717.6
1010,673,-330.3,-848.05,672.34,177.88,-416.46,747.64,1663.7,2530.4,2642.4,2005
1031.6,798.33,-227.26,-922.41,631.82,291.75,-507.95,529.8,1713.9,2762,2926.1,2239.6
1024.9,892.13,-127.55,-965.8,578.62,388.1,-571.04,330.18,1723.5,2905.2,3115.9,2403.9
993.93,941.3,-48.062,-974.13,523.3,452.09,-601.1,165.97,1689.6,2944.5,3196.7,2484.3
941.01,940.77,4.3523,-946.47,470.49,477.99,-598.11,39.777,1606.7,2871.1,3159.6,2472.1
866.24,893.81,33.179,-884.74,418.65,469.35,-565.96,-58.98,1468.1,2683.5,3002,2365.1
769.22,809.97,48.208,-793.53,362.74,435.78,-510.99,-147.31,1269,2387.8,2728.7,2167.4
651.22,701.69,59.849,-679.77,298.21,388.39,-440.74,-239.9,1012.1,2000,2354.1,1891.6
517.25,581.1,74.303,-552.07,224.34,335.99,-363.19,-342.97,711.83,1547.7,1904.9,1559
376.94,458.03,91.004,-420.03,145.91,282.91,-286.24,-451.93,395.2,1071.5,1421.4,1199.8
243.75,339.65,103.44,-293.4,73.553,229.29,-217.19,-552.68,98.287,621.3,953.98,850.7
131.87,231.35,103.61,-181.24,19.256,173.86,-161.88,-627.31,-142.24,247.35,554.05,547.41
50.473,137.83,87.617,-91.117,-10.911,117.46,-123.46,-661.99,-299.54,-12.701,260.9,316.79
7.8942,63.018,58.369,-26.946,-19.083,64.571,-101.26,-652.32,-365.3,-145.71,89.464,170.24
-1.7676,9.4898,24.639,5.6089,-11.678,21.681,-91.292,-602.55,-352.25,-166.52,26.778,101.34
0.75579,-17.896,-2.8529,13.378,2.5239,-4.9989,-87.922,-523.04,-287.67,-111.21,41.12,89.888
6.6098,-24.132,-19.008,9.3831,15.008,-15.814,-84.508,-427.18,-200.8,-22.719,95.957,111.19
12.362,-17.421,-22.816,1.1315,21.411,-14.792,-76.176,-327.29,-114.22,64.621,159.54,143.68
16.785,-5.0231,-17.026,-6.632,22.164,-5.1031,-61.998,-232.83,-40.838,130.07,208.87,171.44
19.483,7.7076,-6.6388,-12.197,19.589,8.1013,-45.042,-150.73,9.6588,165.33,232.38,185.17
21.185,17.87,3.267,-16.061,3.3043,20.21,-28.907,-85.092,30.397,172.69,229.87,182.83
10.337,24.5,10.021,-19.016,1.7886,27.848,-17.677,-36.214,36.498,160.09,207.8,167.38
2.6241,22.156,11.438,-5.7797,1.4392,29.822,-12.334,-7.0593,36.544,131.53,170.7,143.55
1.3503,6.3095,5.294,-1.8901,1.3855,24.09,-8.9163,3.9116,33.085,98.692,130.03,115.81
1.0307,4.1214,4.0111,-1.0034,1.4306,12.123,-6.449,4.3653,27.125,74.239,102.05,93.815
0.94519,3.6716,3.7184,-0.72817,1.4322,11.528,-4.1191,0.61893,20.777,54.031,78.166,77.461
0.7366,3.2536,3.4551,-0.45296,1.3105,11.026,-1.4529,-3.4634,13.46,42.849,59.192,60.785
0.22597,2.5288,3.1203,0.048769,1.0539,9.3815,0.96667,-5.71,1.3033,44.278,51.028,47.688
-0.6011,1.5413,2.8227,0.87122,0.69643,8.0316,1.9037,-5.0622,2.3509,44.489,44.126,39.162
-1.6404,0.27665,2.5517,2.0099,0.29381,7.1397,2.0764,-0.60754,2.8589,39.557,35.701,30.711
-2.7574,-1.2752,2.1652,3.3536,-0.097548,5.9331,2.7025,2.4191,2.2732,32.654,27.57,22.08
-3.8511,-3.0137,1.599,4.744,-0.44079,4.2072,3.4768,4.6165,1.0962,26.136,20.61,14.374
-4.8671,-4.744,0.95046,6.0496,-0.73089,2.2266,4.2133,6.4364,-0.24578,20.786,14.544,8.4011
-5.7803,-6.3023,0.38071,7.1966,-0.9913,0.3856,4.8723,8.0091,-1.5036,16.615,9.3228,4.6229
-6.5797,-7.6217,0.017348,8.1605,-1.2578,-1.0382,5.4841,9.5071,-2.566,13.346,5.1219,2.2543
-7.2649,-8.7069,-0.082922,8.9461,-1.5597,-1.9874,6.1228,11.088,-3.403,10.716,1.8229,-0.11963
-7.844,-9.5913,0.058603,9.5724,-1.9058,-2.548,6.8667,12.854,-4.0257,8.5491,-0.7427,-2.456
-8.3256,-10.314,0.35456,10.06,-2.2755,-2.8588,7.717,14.843,-4.4606,6.729,-2.7306,-4.2768
-8.7098,-10.916,0.68089,10.422,-2.6222,-3.06,8.5574,17.027,-4.734,5.1791,-4.2762,-5.5072
-8.9892,-11.432,0.91585,10.666,-2.8899,-3.2645,9.231,19.318,-4.8679,3.8527,-5.4868,-6.2875
-9.1578,-11.877,0.97633,10.799,-3.0333,-3.5428,9.6554,21.589,-4.8827,2.7251,-6.4405,-6.7673
-9.217,-12.233,0.83465,10.827,-3.033,-3.9132,9.8655,23.715,-4.7996,1.782,-7.1912,-7.0527
-9.1759,-12.458,0.51475,10.754,-2.8975,-4.3412,9.9731,25.623,-4.6406,1.0062,-7.7767,-7.2107
-9.048,-12.516,0.082034,10.591,-2.6578,-4.7587,10.087,27.317,-4.4229,0.36929,-8.2267,-7.2827
-8.8471,-12.409,-0.37287,10.348,-2.3549,-5.0936,10.253,28.872,-4.154,-0.16666,-8.5687,-7.2949
-8.5851,-12.168,-0.76454,10.039,-2.0252,-5.2939,10.461,30.397,-3.8318,-0.63928,-8.8295,-7.2662
-8.2694,-11.834,-1.0462,9.6774,-1.6885,-5.3414,10.679,31.995,-3.4497,-1.0722,-9.0318,-7.2114
-7.9034,-11.441,-1.2174,9.2808,-1.3485,-5.2515,10.862,33.73,-3.0016,-1.4641,-9.1866,-7.1404
-7.4894,-11.012,-1.3034,8.8633,-1.0037,-5.0632,10.952,35.625,-2.4827,-1.7863,-9.287,-7.0552
-7.0326,-10.557,-1.3336,8.4353,-0.65713,-4.8202,10.884,37.657,-1.8884,-1.9919,-9.3068,-6.9474
-6.5412,-10.076,-1.3313,8.0025,-0.31602,-4.5562,10.611,39.778,-1.2138,-2.0314,-9.2062,-6.7993
-6.0247,-9.564,-1.3123,7.5683,0.014194,-4.2903,10.125,41.933,-0.4565,-1.8688,-8.9441,-6.5877
-5.4914,-9.0233,-1.2886,7.1358,0.33332,-4.0312,9.4685,44.075,0.37849,-1.489,-8.4921,-6.2887
-4.9481,-8.4669,-1.2731,6.7098,0.64619,-3.7843,8.7206,46.178,1.2777,-0.89594,-7.846,-5.8811
-4.4012,-7.9176,-1.2803,6.2958,0.9601,-3.5548,7.9699,48.241,2.222,-0.10427,-7.0282,-5.3502
-3.8567,-7.3987,-1.3224,5.8984,1.2817,-3.3482,7.283,50.28,3.1931,0.86948,-6.0797,-4.6886
-3.3193,-6.9276,-1.4069,5.5205,1.6145,-3.1702,6.6935,52.318,4.1784,2.0144,-5.0479,-3.8966
-2.7914,-6.5128,-1.5375,5.1626,1.9586,-3.028,6.2087,54.371,5.1721,3.3278,-3.9722,-2.9789
-2.2706,-6.1557,-1.7171,4.8228,2.3122,-2.9309,5.8216,56.449,6.1742,4.8108,-2.8734,-1.9387
-1.7467,-5.8508,-1.95,4.4957,2.6763,-2.8894,5.5187,58.553,7.1912,6.4607,-1.7477,-0.76986
-1.2004,-5.5873,-2.2401,4.1709,3.0597,-2.9113,5.2843,60.684,8.2386,8.2642,-0.56841,0.54795
-0.60466,-5.3509,-2.5878,3.8329,3.4814,-2.9976,5.1045,62.849,9.3437,10.2,0.70505,2.0457
0.069449,-5.1275,-2.9884,3.4632,3.9718,-3.1415,4.9703,65.055,10.544,12.247,2.1147,3.7507
0.84422,-4.9067,-3.4324,3.0467,4.5706,-3.3285,4.8792,67.302,11.885,14.393,3.6934,5.666
1.7249,-4.6843,-3.9068,2.5777,5.3186,-3.5385,4.8332,69.579,13.412,16.644,5.4584,7.7554
2.6926,-4.4609,-4.3957,2.0635,6.2371,-3.7479,4.8365,71.865,15.166,19.02,7.4108,9.9462
3.7092,-4.2377,-4.8813,1.5205,7.3009,-3.933,4.8914,74.144,17.18,21.563,9.5388,12.153
4.7387,-4.0103,-5.3488,0.96189,8.4386,-4.0745,4.9931,76.422,19.48,24.332,11.824,14.306
5.7729,-3.7656,-5.7931,0.38554,9.5811,-4.1615,5.1249,78.737,22.067,27.405,14.248,16.372
6.8436,-3.4846,-6.2243,-0.22925,10.717,-4.1935,5.2557,81.141,24.907,30.876,16.795,18.347
8.0127,-3.15,-6.6655,-0.91321,11.9,-4.1822,5.3451,83.683,27.932,34.851,19.457,20.254
9.3506,-2.7528,-7.1448,-1.6949,13.217,-4.1475,5.3541,86.388,31.061,39.431,22.233,22.146
10.918,-2.2939,-7.6872,-2.5929,14.739,-4.1113,5.2567,89.251,34.23,44.683,25.134,24.12
12.754,-1.7815,-8.3102,-3.6137,16.474,-4.0885,5.0473,92.249,37.398,50.596,28.193,26.337
14.866,-1.2252,-9.0258,-4.7546,18.36,-4.0812,4.7374,95.354,40.553,57.024,31.472,29.028
17.224,-0.63296,-9.8452,-6.0079,20.289,-4.078,4.3445,98.547,43.716,63.685,35.07,32.438
19.769,-0.0088255,-10.785,-7.3671,22.178,-4.0616,3.8805,101.82,46.939,70.223,39.106,36.674
22.434,0.64692,-11.869,-8.8357,24.022,-4.0179,3.3457,105.17,50.307,76.348,43.69,41.507
25.172,1.337,-13.132,-10.436,25.877,-3.9449,2.7322,108.63,53.907,81.928,48.883,46.418
27.966,2.0651,-14.605,-12.213,27.824,-3.8558,2.0362,112.23,57.792,86.989,54.653,50.951
30.827,2.8339,-16.31,-14.234,29.929,-3.7755,1.2694,116.04,61.949,91.662,60.873,54.989
33.785,3.6442,-18.24,-16.574,32.231,-3.733,0.45785,120.15,66.327,96.112,67.362,58.678
36.877,4.4994,-20.357,-19.289,34.734,-3.7515,-0.36867,124.64,70.882,100.5,73.959,62.251
40.127,5.4106,-22.598,-22.354,37.409,-3.8407,-1.1842,129.59,75.617,104.94,80.569,65.926
43.526,6.3993,-24.89,-25.623,40.201,-3.9938,-1.9637,134.98,80.569,109.53,87.189,69.88
47.033,7.4939,-27.154,-28.872,43.044,-4.1915,-2.6803,140.76,85.767,114.3,93.885,74.249
50.591,8.7183,-29.325,-31.921,45.887,-4.4099,-3.3157,146.82,91.171,119.28,100.75,79.095
54.146,10.072,-31.383,-34.719,48.7,-4.6274,-3.8778,153.07,96.645,124.44,107.82,84.359
57.661,11.515,-33.357,-37.307,51.476,-4.8304,-4.4076,159.51,102.02,129.74,115.1,89.852
61.124,12.973,-35.314,-39.752,54.233,-5.0135,-4.9671,166.17,107.21,135.16,122.49,95.34
64.556,14.381,-37.316,-42.099,57.001,-5.1756,-5.623,173.05,112.26,140.68,129.92,100.67
68.002,15.739,-39.381,-44.368,59.797,-5.3136,-6.4375,180.12,117.37,146.34,137.37,105.87
71.512,17.139,-41.46,-46.57,62.613,-5.4175,-7.4623,187.34,122.79,152.21,144.92,111.05
75.123,18.76,-43.47,-48.739,65.42,-5.4728,-8.7253,194.69,128.75,158.37,152.68,116.41
78.86,20.825,-45.331,-50.976,68.195,-5.4689,-10.201,202.24,135.39,164.92,160.81,122.12
82.751,23.538,-47.012,-53.476,70.947,-5.4098,-11.784,210.11,142.7,171.94,169.43,128.27
86.835,26.97,-48.541,-56.494,73.721,-5.3179,-13.333,218.39,150.46,179.47,178.6,134.87
91.147,30.947,-50.005,-60.172,76.591,-5.2263,-14.762,227.17,158.39,187.54,188.27,141.8
95.685,35.091,-51.525,-64.358,79.622,-5.1633,-16.105,236.48,166.28,196.16,198.38,148.89
100.39,39.064,-53.203,-68.673,82.811,-5.1386,-17.47,246.27,174.12,205.3,208.85,156.03
105.2,42.737,-55.075,-72.866,86.068,-5.1384,-18.968,256.48,182.07,214.94,219.7,163.25
110.09,46.139,-57.101,-76.96,89.303,-5.131,-20.654,267.02,190.35,225.05,230.97,170.75
115.1,49.349,-59.206,-81.101,92.513,-5.0783,-22.522,277.87,199.1,235.62,242.77,178.85
120.31,52.431,-61.346,-85.392,95.797,-4.9501,-24.529,289.03,208.39,246.64,255.17,187.82
125.76,55.426,-63.555,-89.867,99.312,-4.7351,-26.647,300.52,218.18,258.09,268.19,197.68
131.54,58.356,-65.97,-94.527,103.22,-4.4464,-28.882,312.34,228.36,270.03,281.73,208.23
137.77,61.24,-68.812,-99.372,107.67,-4.119,-31.218,324.48,238.8,282.53,295.67,219.08
144.57,64.111,-72.308,-104.4,112.78,-3.8017,-33.604,336.94,249.41,295.69,309.88,229.93
152.04,67.025,-76.512,-109.62,118.58,-3.5429,-35.988,349.73,260.21,309.62,324.34,240.64
160.02,70.061,-81.139,-115.02,124.87,-3.3772,-38.338,362.88,271.31,324.34,339.18,251.28
168.24,73.319,-85.675,-120.63,131.27,-3.3154,-40.626,376.4,282.93,339.78,354.65,262.07
176.4,76.918,-89.777,-126.42,137.46,-3.3443,-42.852,390.3,295.29,355.78,370.98,273.28
184.36,80.981,-93.481,-132.39,143.32,-3.4335,-45.065,404.55,308.47,372.17,388.33,285.19
192.16,85.526,-97.045,-138.54,148.95,-3.5457,-47.334,419.11,322.38,388.81,406.66,297.96
199.94,90.344,-100.71,-144.92,154.59,-3.6449,-49.714,434.01,336.71,405.71,425.8,311.56
207.92,95.163,-104.63,-151.53,160.51,-3.7023,-52.218,449.25,351.11,422.96,445.55,325.87
216.41,99.92,-108.87,-158.43,166.98,-3.6964,-54.805,464.85,365.32,440.72,465.79,340.69
225.68,104.73,-113.43,-165.7,174.07,-3.6081,-57.376,480.79,379.26,459.12,486.53,355.91
235.74,109.75,-118.22,-173.44,181.6,-3.4155,-59.824,496.98,393.04,478.19,507.84,371.49
246.26,115.06,-123.01,-181.57,189.13,-3.0938,-62.144,513.23,406.81,497.88,529.76,387.38
256.64,120.69,-127.54,-189.8,196.27,-2.6204,-64.479,529.29,420.72,518,552.26,403.51
266.49,126.58,-131.61,-197.81,202.85,-1.9819,-67.025,544.86,434.88,538.35,575.23,419.82
275.72,132.65,-135.17,-205.43,208.96,-1.1776,-69.897,559.71,449.34,558.73,598.52,436.33
284.55,138.81,-138.27,-212.72,214.76,-0.22284,-73.091,573.76,464.06,578.97,621.96,453.11
293.31,145.02,-141.07,-219.89,220.42,0.84901,-76.552,587.12,478.91,598.97,645.42,470.29
302.34,151.29,-143.81,-227.21,226.2,1.9859,-80.228,600,493.66,618.69,668.85,487.93
311.88,157.67,-146.71,-234.88,232.32,3.1231,-84.065,612.64,508.06,638.18,692.28,505.95
322,164.18,-149.86,-242.98,238.85,4.1997,-87.988,625.22,521.95,657.51,715.74,524.19
332.48,170.84,-153.21,-251.43,245.6,5.1813,-91.919,637.71,535.26,676.73,739.24,542.48
342.99,177.59,-156.62,-260.06,252.32,6.0732,-95.823,649.83,548.02,695.89,762.72,560.66
353.28,184.33,-160.05,-268.69,258.93,6.9144,-99.722,661.12,560.34,714.93,786.02,578.67
363.32,190.93,-163.53,-277.2,265.49,7.7647,-103.67,671.19,572.36,733.7,808.99,596.5
373.2,197.27,-167.18,-285.54,272.13,8.7017,-107.73,679.88,584.22,751.99,831.45,614.19
383.02,203.28,-171.08,-293.69,278.94,9.8174,-112.01,687.24,595.94,769.59,853.29,631.78
392.78,208.91,-175.26,-301.56,285.91,11.178,-116.62,693.41,607.28,786.28,874.35,649.18
402.37,214.15,-179.6,-309.07,292.92,12.747,-121.58,698.51,617.83,801.88,894.55,666.14
411.59,219.01,-183.88,-316.08,299.77,14.369,-126.77,702.54,627.24,816.23,913.92,682.39
420.2,223.5,-187.79,-322.46,306.27,15.908,-131.93,705.39,635.33,829.26,932.59,697.78
427.92,227.65,-191.05,-328.15,312.18,17.354,-136.86,706.86,642.16,840.99,950.7,712.3
434.55,231.5,-193.44,-333.17,317.21,18.795,-141.45,706.68,647.82,851.48,968.23,725.95
440,235.07,-194.91,-337.58,321.15,20.321,-145.72,704.55,652.37,860.75,984.9,738.73
444.31,238.37,-195.48,-341.47,323.9,21.985,-149.76,700.17,655.71,868.81,1000.2,750.56
447.61,241.37,-195.31,-344.89,325.49,23.8,-153.66,693.28,657.6,875.48,1013.5,761.26
450,244.06,-194.48,-347.83,325.97,25.744,-157.42,683.67,657.62,880.48,1024.4,770.59
451.51,246.44,-192.96,-350.22,325.5,27.767,-160.99,671.21,655.35,883.48,1032.4,778.28
452.06,248.5,-190.67,-351.93,324.33,29.798,-164.22,655.94,650.42,884.1,1037.3,784.07
451.42,250.25,-187.64,-352.78,322.47,31.77,-166.98,638.08,642.76,881.99,1038.5,787.66
449.3,251.64,-184.02,-352.6,319.72,33.629,-169.17,618.04,632.66,876.85,1035.8,788.71
445.49,252.52,-179.93,-351.16,315.87,35.332,-170.72,596.29,620.61,868.46,1028.8,786.96
439.96,252.63,-175.41,-348.28,310.85,36.846,-171.63,573.26,606.99,856.7,1017.4,782.29
432.77,251.63,-170.41,-343.85,304.65,38.165,-171.89,549.22,591.82,841.65,1001.7,774.67
424.04,249.27,-164.88,-337.95,297.32,39.317,-171.57,524.33,574.9,823.57,981.92,764.06
413.83,245.52,-158.81,-330.68,288.94,40.346,-170.77,498.7,556.12,802.77,958.37,750.42
402.25,240.56,-152.24,-322.2,279.67,41.27,-169.49,472.45,535.66,779.55,931.6,733.78
389.47,234.66,-145.28,-312.7,269.71,42.061,-167.63,445.73,513.9,754.16,902.11,714.24
375.71,228.1,-138.06,-302.42,259.22,42.663,-164.99,418.76,491.24,726.88,870.29,691.94
361.17,221.01,-130.6,-291.53,248.25,43.035,-161.44,391.78,467.99,697.99,836.34,667.05
345.92,213.47,-122.84,-280.11,236.76,43.173,-156.96,365.07,444.35,667.69,800.29,639.84
329.98,205.52,-114.7,-268.16,224.69,43.085,-151.61,338.82,420.42,636.16,762.17,610.72
313.43,197.18,-106.22,-255.71,212.09,42.77,-145.55,313.12,396.12,603.51,722.15,580.17
296.51,188.51,-97.6,-242.87,199.18,42.202,-138.94,287.96,371.34,569.88,680.64,548.61
279.41,179.5,-89.139,-229.73,186.26,41.352,-131.95,263.3,346,535.49,638.27,516.35
262.2,170.06,-81.113,-216.25,173.54,40.213,-124.67,239.17,320.28,500.63,595.76,483.69
244.74,160,-73.66,-202.33,161.03,38.817,-117.2,215.72,294.57,465.78,553.77,450.92
226.89,149.2,-66.788,-187.91,148.68,37.217,-109.64,193.23,269.4,431.42,512.81,418.39
208.7,137.74,-60.411,-173.11,136.5,35.467,-102.09,172.1,245.31,398.07,473.12,386.51
190.49,125.97,-54.375,-158.27,124.6,33.603,-94.712,152.74,222.73,366.12,434.8,355.64
172.78,114.4,-48.517,-143.81,113.17,31.651,-87.638,135.44,201.9,335.85,397.84,326.05
156.06,103.56,-42.743,-130.18,102.35,29.642,-80.949,120.19,182.86,307.33,362.23,297.8
140.65,93.743,-37.107,-117.63,92.187,27.61,-74.592,106.65,165.49,280.5,328.06,270.84
126.62,84.948,-31.778,-106.21,82.648,25.585,-68.436,94.284,149.56,255.22,295.53,245.04
113.79,76.956,-26.904,-95.762,73.6,23.571,-62.401,82.573,134.79,231.37,264.93,220.32
101.86,69.442,-22.539,-86.051,64.821,21.532,-56.515,71.228,120.88,208.92,236.53,196.69
90.527,62.102,-18.673,-76.875,56.29,19.397,-50.839,60.304,107.61,187.9,210.57,174.27
79.594,54.834,-15.28,-68.064,48.427,17.11,-45.373,50.107,94.876,168.44,187.11,153.26
69.06,47.83,-12.265,-59.504,41.631,14.714,-40.11,40.95,82.725,150.64,166.06,133.86
59.182,41.342,-9.3683,-51.187,35.919,12.374,-35.094,33.014,71.346,134.51,147.13,116.26
50.234,35.424,-6.4009,-43.233,31.061,10.263,-30.429,26.278,60.962,119.92,129.86,100.54
42.252,29.972,-3.9983,-35.993,26.718,8.4365,-26.197,20.327,51.66,106.55,113.11,86.499
35.087,24.775,-2.6534,-30.052,22.536,6.8474,-22.421,14.792,43.386,93.952,95.853,73.228
28.713,19.542,-1.9972,-25.455,18.279,5.4166,-19.052,9.9769,36.215,81.803,79.745,60.034
23.428,14.211,-1.6524,-21.274,14.046,4.0656,-15.981,6.2867,30.238,70.26,66.262,48.518
19.17,9.1843,-1.4626,-16.544,10.373,2.7322,-13.054,3.653,25.049,59.818,55.14,39.007
15.111,4.9612,-1.386,-11.423,7.6064,1.3847,-10.16,1.7731,20.185,50.771,45.872,30.561
11.082,1.6667,-1.4164,-6.9177,5.6545,0.0288,-7.3648,0.38234,15.72,43.134,38.13,22.996
7.5727,-0.88539,-1.5424,-3.4595,4.3259,-1.2994,-4.9005,-0.68823,12.001,36.801,31.71,16.633
4.761,-2.9234,-1.7306,-0.83214,3.4101,-2.5467,-2.948,-1.5395,9.1321,31.599,26.4,12.094
2.5203,-4.5969,-1.9252,1.2367,2.734,-3.6562,-1.4977,-2.2301,6.9461,27.312,21.982,9.4535
0.68891,-5.9808,-2.0614,2.9031,2.1757,-4.5782,-0.42836,-2.794,5.2403,23.729,18.273,7.3049
-0.8444,-7.1119,-2.0833,4.2407,1.651,-5.2809,0.38684,-3.2507,3.8726,20.686,15.129,4.7712
-2.1448,-8.0227,-1.9602,5.295,1.1056,-5.7623,1.0426,-3.6112,2.75,18.074,12.449,2.0977
-3.2502,-8.7606,-1.6956,6.1155,0.51586,-6.0557,1.6032,-3.8815,1.8121,15.82,10.166,-0.31148
-4.1876,-9.3882,-1.3235,6.7614,-0.11131,-6.2213,2.1094,-4.0656,1.0175,13.873,8.2327,-2.2942
-4.9787,-9.9651,-0.89551,7.2884,-0.74678,-6.3266,2.5858,-4.1668,0.34314,12.184,6.6104,-3.8626
-5.6427,-10.529,-0.46368,7.7382,-1.3546,-6.4247,3.041,-4.1904,-0.21835,10.71,5.2531,-5.0787
-6.1965,-11.082,-0.067122,8.1334,-1.9069,-6.5415,3.4693,-4.1446,-0.66531,9.4061,4.1179,-6.0058
-6.655,-11.601,0.27207,8.4809,-2.3892,-6.674,3.8566,-4.041,-0.99077,8.2363,3.1692,-6.6933
-7.0315,-12.045,0.54386,8.7775,-2.7961,-6.8027,4.189,-3.8897,-1.1893,7.1847,2.3855,-7.1825
-7.3354,-12.384,0.74251,9.0153,-3.1259,-6.9099,4.4603,-3.7002,-1.2615,6.2483,1.7526,-7.5091
-7.5735,-12.611,0.86213,9.1881,-3.3784,-6.9948,4.6738,-3.4806,-1.2164,5.4295,1.2625,-7.7034
-7.7515,-12.745,0.8958,9.295,-3.5541,-7.0765,4.8397,-3.2395,-1.0725,4.7328,0.91719,-7.7923
-7.874,-12.817,0.83696,9.3415,-3.6543,-7.1814,4.971,-2.9867,-0.85559,4.1567,0.72063,-7.8006
-7.9447,-12.857,0.6846,9.3366,-3.6829,-7.3262,5.0793,-2.7316,-0.58889,3.6967,0.67481,-7.7511
-7.9657,-12.869,0.45258,9.2865,-3.6487,-7.5053,5.1715,-2.4799,-0.28916,3.3501,0.77623,-7.6624
-7.9365,-12.834,0.17693,9.1925,-3.5675,-7.6876,5.2479,-2.2291,0.035294,3.1201,1.0131,-7.5467
-7.8585,-12.716,-0.086102,9.0526,-3.4626,-7.8238,5.3045,-1.9674,0.38295,3.0146,1.364,-7.4074
-7.7383,-12.477,-0.27321,8.8658,-3.3618,-7.8633,5.3355,-1.6795,0.75463,3.0402,1.7987,-7.2415
-7.5888,-12.102,-0.3327,8.6372,-3.2912,-7.7725,5.3392,-1.3504,1.1489,3.195,2.2805,-7.0394
-7.4252,-11.607,-0.24025,8.3783,-3.2668,-7.5461,5.3202,-0.97166,1.56,3.46,2.7702,-6.7881
-7.2584,-11.034,-0.0043843,8.1009,-3.2878,-7.205,5.2888,-0.54396,1.9805,3.8096,3.234,-6.4725
-7.0897,-10.426,0.33931,7.814,-3.3362,-6.7861,5.2566,-0.076501,2.4062,4.213,3.646,-6.0793
-6.9097,-9.8158,0.74224,7.5202,-3.3832,-6.3255,5.2326,0.41469,2.8439,4.6398,3.9976,-5.6004
-6.7039,-9.215,1.1584,7.217,-3.4002,-5.8477,5.221,0.90857,3.3077,5.064,4.3001,-5.0378
-6.4588,-8.6198,1.5553,6.8986,-3.3686,-5.3598,5.2249,1.382,3.8178,5.4653,4.5788,-4.4073
-6.169,-8.0178,1.9167,6.5585,-3.2844,-4.8565,5.2439,1.8138,4.3877,5.8307,4.8607,-3.7369
-5.8369,-7.3968,2.2385,6.1903,-3.1555,-4.3287,5.2736,2.1919,5.0141,6.158,5.1692,-3.0577
-5.4695,-6.7498,2.5204,5.7878,-2.9949,-3.7744,5.3032,2.5182,5.6745,6.459,5.5201,-2.3916
-5.0732,-6.0765,2.7601,5.3464,-2.8125,-3.2031,5.3153,2.8058,6.3308,6.7612,5.9196,-1.7427
-4.6517,-5.3825,2.9488,4.8648,-2.6104,-2.6358,5.2919,3.0717,6.9423,7.0936,6.3661,-1.0975
-4.2057,-4.6764,3.0698,4.3465,-2.3838,-2.0983,5.2212,3.3264,7.4777,7.4843,6.8493,-0.43387
-3.7341,-3.9679,3.1039,3.8006,-2.1266,-1.6106,5.102,3.5682,7.9209,7.9494,7.3474,0.26914
-3.2366,-3.2642,3.0422,3.2389,-1.8385,-1.177,4.9407,3.7844,8.2708,8.4824,7.8306,1.0232
-2.7146,-2.5665,2.8989,2.6708,-1.5282,-0.7824,4.7459,3.9566,8.5342,9.0593,8.2686,1.8274
-2.1724,-1.8687,2.7139,2.0989,-1.213,-0.39584,4.5249,4.0691,8.7176,9.6459,8.6408,2.6699
-1.6158,-1.1596,2.5427,1.5182,-0.9144,0.019195,4.2818,4.1133,8.8233,10.21,8.9426,3.5334
-1.0507,-0.42701,2.4397,0.91921,-0.65294,0.49264,4.0202,4.0872,8.8514,10.728,9.1852,4.4026
-0.48159,0.33592,2.4414,0.29304,-0.44369,1.0376,3.7422,3.9924,8.8069,11.192,9.3897,5.2689
0.087118,1.1271,2.5577,-0.36246,-0.29448,1.6482,3.4486,3.8327,8.7066,11.607,9.5802,6.1299
0.64911,1.9365,2.7718,-1.0392,-0.20587,2.3045,3.1403,3.6151,8.5797,11.985,9.7781,6.984
1.1942,2.7498,3.0496,-1.7189,-0.17177,2.9818,2.8198,3.3512,8.4607,12.347,9.9995,7.8246
1.7077,3.5511,3.352,-2.376,-0.18046,3.6575,2.493,3.0568,8.3744,12.706,10.252,8.6353
2.1712,4.3227,3.6462,-2.9819,-0.21673,4.3146,2.17,2.7485,8.3235,13.073,10.532,9.3913
2.5669,5.0441,3.9114,-3.5117,-0.26442,4.9398,1.8636,2.4404,8.2834,13.446,10.826,10.064
2.884,5.695,4.1387,-3.9515,-0.30861,5.522,1.5863,2.1422,8.2108,13.817,11.108,10.633
3.1245,6.26,4.3269,-4.3039,-0.33725,6.0517,1.3467,1.8604,8.0629,14.179,11.351,11.091
3.3052,6.7349,4.4798,-4.5869,-0.34271,6.5232,1.1469,1.5994,7.8183,14.527,11.534,11.461
3.4523,7.1254,4.6047,-4.8257,-0.323,6.9328,0.98339,1.3613,7.4887,14.864,11.644,11.785
3.5936,7.4386,4.7085,-5.0403,-0.28126,7.2741,0.84903,1.146,7.1131,15.19,11.682,12.112
3.7508,7.675,4.7911,-5.2382,-0.22381,7.5317,0.73484,0.9512,6.7397,15.498,11.655,12.477
3.9352,7.828,4.8436,-5.4145,-0.1575,7.6857,0.6312,0.77467,6.4058,15.77,11.58,12.888
4.1484,7.8923,4.8525,-5.5604,-0.086815,7.7236,0.52877,0.61615,6.1267,15.982,11.478,13.321
4.3853,7.8722,4.8051,-5.6719,-0.011041,7.6483,0.42013,0.47714,5.8965,16.117,11.374,13.734
4.6379,7.7849,4.6909,-5.7546,0.076604,7.4784,0.30173,0.35843,5.6974,16.168,11.286,14.083
4.8966,7.6567,4.5019,-5.8213,0.18668,7.2365,0.17371,0.25688,5.5121,16.144,11.225,14.331
5.1517,7.5159,4.2326,-5.8877,0.32911,6.9406,0.036912,0.16392,5.332,16.059,11.183,14.459
5.3934,7.3864,3.8829,-5.9656,0.50954,6.601,-0.11068,0.067643,5.1599,15.932,11.148,14.467
5.6151,7.2835,3.4603,-6.0598,0.72831,6.2218,-0.27444,-0.042149,5.0048,15.772,11.105,14.371
5.8174,7.2113,2.9799,-6.1674,0.98134,5.8059,-0.45939,-0.1685,4.8741,15.585,11.048,14.191
6.0107,7.1646,2.4644,-6.2825,1.2604,5.3593,-0.66536,-0.30535,4.7651,15.369,10.982,13.951
6.2135,7.1332,1.9436,-6.4013,1.5523,4.8969,-0.88576,-0.44048,4.6626,15.122,10.918,13.672
6.4434,7.1066,1.4555,-6.5243,1.8388,4.4447,-1.1121,-0.5617,4.5427,14.841,10.869,13.371
6.7053,7.076,1.0436,-6.6511,2.099,4.0356,-1.3396,-0.6626,4.3806,14.525,10.835,13.059
6.9832,7.0353,0.74745,-6.7754,2.3133,3.7017,-1.5679,-0.74437,4.1587,14.176,10.807,12.741
7.2436,6.9805,0.58966,-6.8833,2.4689,3.4637,-1.7956,-0.81426,3.872,13.8,10.764,12.416
7.4506,6.9098,0.56595,-6.9583,2.564,3.3234,-2.0171,-0.88118,3.5303,13.404,10.685,12.078
7.5842,6.8237,0.64362,-6.9902,2.6114,3.261,-2.222,-0.95212,3.1558,12.993,10.555,11.713
7.6473,6.724,0.76978,-6.9779,2.636,3.2407,-2.3978,-1.0301,2.7751,12.567,10.37,11.299
7.6563,6.6105,0.88571,-6.9264,2.6668,3.2205,-2.5324,-1.1135,2.409,12.12,10.13,10.803
7.625,6.4799,0.94265,-6.84,2.7242,3.1657,-2.6184,-1.1962,2.0641,11.638,9.8398,10.191
7.5556,6.3277,0.91427,-6.72,2.8109,3.0589,-2.6592,-1.2684,1.7335,11.108,9.5005,9.4398
7.4395,6.1525,0.80202,-6.5667,2.9109,2.9038,-2.6685,-1.3185,1.4045,10.519,9.1128,8.5485
7.266,5.9573,0.63189,-6.3821,2.9958,2.7191,-2.6618,-1.3356,1.0678,9.8719,8.6752,7.5426
7.0289,5.748,0.44337,-6.1687,3.0371,2.5278,-2.6464,-1.3132,0.72281,9.1728,8.1846,6.4709
6.7287,5.5282,0.27438,-5.9269,3.0172,2.3467,-2.6191,-1.2528,0.37667,8.4355,7.6367,5.3945
6.3723,5.2956,0.14825,-5.6526,2.9353,2.1807,-2.571,-1.1638,0.038411,7.6739,7.0294,4.3721
5.9725,5.0408,0.068421,-5.3384,2.805,2.0232,-2.4942,-1.0623,-0.28688,6.8991,6.3607,3.4449
5.5466,4.7524,0.023212,-4.979,2.6465,1.864,-2.384,-0.96489,-0.60086,6.1174,5.6319,2.6308
5.1136,4.4249,-0.0024552,-4.5764,2.478,1.6991,-2.2392,-0.88265,-0.91003,5.3332,4.8489,1.9253
4.6877,4.063,-0.015261,-4.1416,2.3079,1.5374,-2.0636,-0.81726,-1.2206,4.5508,4.0222,1.3069
4.2726,3.6796,-0.0086816,-3.6901,2.1326,1.3972,-1.8658,-0.76319,-1.5334,3.7765,3.1659,0.74322
3.8601,3.2883,0.032173,-3.2344,1.941,1.2971,-1.6584,-0.71505,-1.8437,3.0174,2.2931,0.1983
3.4366,2.897,0.11967,-2.7798,1.7226,1.2449,-1.4549,-0.67494,-2.1449,2.277,1.4115,-0.35922
2.9934,2.5072,0.25374,-2.3253,1.4749,1.2323,-1.2667,-0.65457,-2.4334,1.5516,0.52239,-0.94623
2.5344,2.1178,0.41818,-1.8708,1.2064,1.2362,-1.1007,-0.6711,-2.7113,0.83025,-0.37529,-1.5577
2.0767,1.7293,0.5836,-1.4214,0.93521,1.225,-0.95988,-0.73849,-2.9845,0.097821,-1.2777,-2.1664
1.6417,1.3443,0.71464,-0.98755,0.68426,1.1677,-0.84638,-0.86057,-3.2589,-0.66082,-2.1712,-2.7325
1.2459,0.96339,0.77821,-0.57813,0.47537,1.0403,-0.76582,-1.029,-3.5382,-1.4581,-3.0337,-3.22
0.89476,0.58223,0.75101,-0.19543,0.32377,0.8309,-0.72801,-1.2275,-3.8237,-2.3017,-3.8404,-3.6103
0.58377,0.19319,0.62491,0.16527,0.23505,0.54122,-0.74243,-1.4398,-4.116,-3.1898,-4.5715,-3.9064
0.30394,-0.21031,0.40866,0.51121,0.20488,0.18578,-0.81088,-1.6557,-4.4165,-4.1059,-5.2185,-4.1275
0.046712,-0.6294,0.12519,0.847,0.22155,-0.21245,-0.92318,-1.8733,-4.728,-5.0167,-5.7857,-4.2983
-0.19161,-1.0581,-0.19512,1.172,0.27024,-0.6284,-1.0603,-2.0973,-5.0536,-5.8774,-6.2873,-4.4395
-0.40916,-1.4845,-0.52267,1.481,0.33748,-1.0408,-1.2034,-2.3348,-5.3952,-6.6438,-6.7429,-4.5649
-0.60067,-1.8934,-0.83495,1.7664,0.4136,-1.4349,-1.341,-2.5889,-5.7518,-7.2897,-7.1721,-4.6827
-0.76095,-2.27,-1.1187,2.021,0.49266,-1.8007,-1.4692,-2.8539,-6.1178,-7.8149,-7.5901,-4.7985
-0.88818,-2.6039,-1.3691,2.2407,0.57098,-2.1316,-1.5844,-3.1151,-6.4829,-8.245,-8.0057,-4.9173
-0.98577,-2.8917,-1.5876,2.426,0.64604,-2.4237,-1.679,-3.3532,-6.8353,-8.6193,-8.4173,-5.0432
-1.0622,-3.1381,-1.7804,2.5828,0.71637,-2.6772,-1.7409,-3.5535,-7.1684,-8.978,-8.8152,-5.1793
-1.1284,-3.3527,-1.9552,2.7206,0.78216,-2.8972,-1.7578,-3.7115,-7.4854,-9.3515,-9.1851,-5.3268
-1.1939,-3.5464,-2.1186,2.849,0.84532,-3.0912,-1.7222,-3.8357,-7.8003,-9.7573,-9.5142,-5.4838
-1.2643,-3.7274,-2.2726,2.9742,0.90819,-3.2653,-1.6351,-3.9427,-8.1335,-10.201,-9.7978,-5.6435
-1.343,-3.9002,-2.4134,3.0988,0.97084,-3.4227,-1.5069,-4.0482,-8.5024,-10.678,-10.041,-5.7959
-1.4344,-4.0666,-2.5322,3.2237,1.0285,-3.5638,-1.3561,-4.1577,-8.9124,-11.17,-10.255,-5.9297
-1.5465,-4.2282,-2.6173,3.3507,1.0711,-3.688,-1.205,-4.262,-9.3496,-11.644,-10.449,-6.0367
-1.6887,-4.3865,-2.6592,3.4829,1.0873,-3.7963,-1.075,-4.3417,-9.7794,-12.056,-10.625,-6.1152
-1.8659,-4.5425,-2.6563,3.6219,1.0695,-3.8926,-0.98089,-4.3767,-10.154,-12.351,-10.78,-6.1723
-2.0732,-4.6936,-2.6187,3.7647,1.0183,-3.9834,-0.92772,-4.3564,-10.432,-12.484,-10.907,-6.2219
-2.2959,-4.8332,-2.5657,3.9024,0.94137,-4.0758,-0.91015,-4.2831,-10.593,-12.427,-11.007,-6.2799
-2.5141,-4.9517,-2.5179,4.0219,0.84954,-4.175,-0.91454,-4.1707,-10.657,-12.183,-11.089,-6.3571
-2.7082,-5.0397,-2.4872,4.11,0.75232,-4.2818,-0.92286,-4.0382,-10.668,-11.785,-11.164,-6.4543
-2.8642,-5.0905,-2.4725,4.1573,0.65538,-4.3906,-0.91835,-3.9041,-10.669,-11.291,-11.247,-6.5641
-2.9746,-5.1017,-2.4609,4.1611,0.56048,-4.4883,-0.8911,-3.7831,-10.685,-10.774,-11.349,-6.6764
-3.0392,-5.0748,-2.4339,4.1254,0.46761,-4.5565,-0.8413,-3.6841,-10.717,-10.307,-11.478,-6.7848
-3.0646,-5.0165,-2.3754,4.0611,0.37721,-4.5751,-0.77847,-3.6103,-10.747,-9.9473,-11.637,-6.8891
-3.0648,-4.9383,-2.2779,3.9846,0.29132,-4.5279,-0.71765,-3.5605,-10.754,-9.7209,-11.823,-6.9939
-3.059,-4.8549,-2.1454,3.9156,0.21361,-4.4068,-0.67304,-3.532,-10.726,-9.6229,-12.024,-7.1056
-3.0664,-4.7798,-1.9934,3.8722,0.14958,-4.2155,-0.65202,-3.5244,-10.667,-9.6238,-12.221,-7.2284
-3.0986,-4.7218,-1.8469,3.8641,0.10705,-3.9725,-0.65302,-3.5406,-10.596,-9.6839,-12.39,-7.3628
-3.1542,-4.684,-1.7367,3.8905,0.095243,-3.71,-0.66717,-3.5855,-10.535,-9.7661,-12.511,-7.5052
-3.2211,-4.6677,-1.6928,3.9421,0.1209,-3.4705,-0.68301,-3.6629,-10.502,-9.8447,-12.58,-7.6496
-3.2858,-4.6758,-1.7352,4.0082,0.18204,-3.2972,-0.69309,-3.7714,-10.503,-9.9072,-12.604,-7.7898
-3.3423,-4.7142,-1.8637,4.0828,0.26403,-3.2238,-0.69977,-3.9028,-10.527,-9.9506,-12.602,-7.9223
-3.3954,-4.7899,-2.0562,4.1669,0.34173,-3.266,-0.71628,-4.0429,-10.555,-9.9765,-12.594,-8.0464
-3.4565,-4.9079,-2.2765,4.266,0.38723,-3.4195,-0.76073,-4.1764,-10.56,-9.9868,-12.592,-8.1636
-3.5359,-5.0688,-2.4885,4.3853,0.3802,-3.6652,-0.84643,-4.2925,-10.528,-9.9844,-12.594,-8.2757
-3.6364,-5.2682,-2.6684,4.5246,0.31464,-3.9768,-0.97367,-4.3878,-10.457,-9.9769,-12.593,-8.3836
-3.7528,-5.4974,-2.8089,4.6786,0.19929,-4.3257,-1.1272,-4.466,-10.361,-9.979,-12.58,-8.4861
-3.8758,-5.7442,-2.9154,4.8389,0.053838,-4.6846,-1.28,-4.5336,-10.264,-10.011,-12.553,-8.581
-3.9977,-5.9923,-2.9996,4.9977,-0.095569,-5.028,-1.4022,-4.5964,-10.187,-10.094,-12.519,-8.6658
-4.1129,-6.222,-3.0757,5.1474,-0.22032,-5.3333,-1.4712,-4.6547,-10.136,-10.243,-12.488,-8.7394
-4.2142,-6.4139,-3.1607,5.2788,-0.29254,-5.584,-1.4798,-4.7039,-10.106,-10.464,-12.469,-8.8026
-4.2905,-6.5548,-3.273,5.381,-0.28938,-5.7717,-1.4384,-4.7356,-10.081,-10.758,-12.462,-8.8574
-4.3307,-6.642,-3.4254,5.4458,-0.20033,-5.8943,-1.3698,-4.7401,-10.045,-11.114,-12.458,-8.9058
-4.3312,-6.6817,-3.616,5.4715,-0.034184,-5.9521,-1.2988,-4.71,-9.9902,-11.508,-12.438,-8.9469
-4.2982,-6.6844,-3.8251,5.4637,0.18122,-5.946,-1.2419,-4.6427,-9.9121,-11.905,-12.38,-8.9766
-4.2445,-6.6609,-4.0232,5.4316,0.4083,-5.879,-1.2018,-4.5407,-9.8117,-12.27,-12.263,-8.9873
-4.181,-6.6194,-4.1828,5.3842,0.61217,-5.7601,-1.1675,-4.4099,-9.6931,-12.571,-12.079,-8.9708
-4.1125,-6.5655,-4.2891,5.3274,0.76941,-5.6046,-1.1211,-4.2573,-9.563,-12.789,-11.835,-8.9221
-4.0384,-6.5031,-4.3419,5.2645,0.87055,-5.4325,-1.0487,-4.089,-9.4303,-12.914,-11.557,-8.8425
-3.9568,-6.4353,-4.3525,5.1983,0.91781,-5.2653,-0.94863,-3.9098,-9.3033,-12.949,-11.279,-8.7393
-3.8696,-6.3669,-4.3374,5.1332,0.9207,-5.1236,-0.83213,-3.7247,-9.1887,-12.909,-11.031,-8.6224
-3.7862,-6.3065,-4.3154,5.077,0.89218,-5.0277,-0.71811,-3.5397,-9.0896,-12.825,-10.84,-8.5001
-3.7202,-6.2671,-4.3073,5.0409,0.84532,-4.9973,-0.62472,-3.363,-9.0063,-12.737,-10.714,-8.377
-3.6858,-6.263,-4.3339,5.0364,0.79264,-5.0477,-0.56158,-3.2041,-8.9372,-12.686,-10.654,-8.2536
-3.6917,-6.3049,-4.4076,5.0723,0.74494,-5.1814,-0.52487,-3.0719,-8.8786,-12.694,-10.653,-8.1278
-3.7408,-6.394,-4.5239,5.1502,0.70825,-5.3823,-0.49806,-2.9719,-8.8249,-12.772,-10.699,-7.9976
-3.8284,-6.5197,-4.6595,5.2623,0.681,-5.6153,-0.45842,-2.9053,-8.7675,-12.912,-10.776,-7.8621
-3.9444,-6.661,-4.7798,5.3928,0.6558,-5.8344,-0.38644,-2.8687,-8.697,-13.094,-10.863,-7.7235
-4.074,-6.7925,-4.8522,5.5224,0.62407,-5.9947,-0.27361,-2.8582,-8.6071,-13.291,-10.941,-7.5876
-4.2,-6.8896,-4.8574,5.6331,0.57996,-6.0639,-0.12544,-2.8723,-8.4961,-13.474,-10.991,-7.4628
-4.3057,-6.9329,-4.7933,5.7102,0.5226,-6.0287,0.040908,-2.9143,-8.372,-13.616,-10.995,-7.3595
-4.3792,-6.9106,-4.6702,5.7453,0.45351,-5.8955,0.20336,-2.9904,-8.2462,-13.695,-10.948,-7.2874
-4.4153,-6.8187,-4.5027,5.7349,0.37296,-5.6865,0.34327,-3.1061,-8.1266,-13.693,-10.849,-7.2507
-4.4162,-6.659,-4.3041,5.6797,0.27904,-5.4305,0.45171,-3.2611,-8.0134,-13.605,-10.702,-7.2487
-4.3858,-6.4358,-4.082,5.5819,0.17005,-5.1528,0.53048,-3.4476,-7.8987,-13.451,-10.521,-7.2747
-4.3282,-6.1519,-3.8382,5.4443,0.047361,-4.8661,0.58794,-3.6525,-7.7718,-13.258,-10.323,-7.3192
-4.2482,-5.8097,-3.5676,5.2704,-0.084284,-4.5664,0.63235,-3.8601,-7.6265,-13.066,-10.127,-7.3748
-4.1555,-5.4159,-3.2606,5.068,-0.21991,-4.2363,0.6661,-4.0652,-7.466,-12.917,-9.9632,-7.44
-4.0689,-4.9883,-2.9078,4.853,-0.35631,-3.8549,0.68383,-4.2727,-7.3009,-12.852,-9.8571,-7.5129
-4.0113,-4.5563,-2.5055,4.6484,-0.49331,-3.4066,0.6759,-4.4949,-7.1446,-12.9,-9.8202,-7.5924
-3.9984,-4.1509,-2.0605,4.4749,-0.63108,-2.8876,0.63476,-4.7442,-6.9972,-13.061,-9.8421,-7.6724
-4.0284,-3.7906,-1.5904,4.34,-0.76669,-2.3069,0.56027,-5.0248,-6.8506,-13.314,-9.8945,-7.7425
-4.0817,-3.4761,-1.1197,4.2351,-0.89366,-1.688,0.46201,-5.3289,-6.6914,-13.617,-9.942,-7.7916
-4.1346,-3.1986,-0.67473,4.1443,-1.004,-1.0669,0.35723,-5.6377,-6.5091,-13.907,-9.9553,-7.8122
-4.172,-2.9513,-0.27826,4.0557,-1.0926,-0.48664,0.265,-5.9312,-6.3052,-14.12,-9.918,-7.8022
-4.1941,-2.7369,0.054192,3.9673,-1.1604,0.010869,0.19921,-6.1883,-6.0881,-14.22,-9.8257,-7.7638
-4.2129,-2.5668,0.31548,3.887,-1.2152,0.39267,0.16403,-6.3944,-5.8723,-14.189,-9.6874,-7.7019
-4.2446,-2.4557,0.50583,3.8275,-1.2674,0.64132,0.15355,-6.5512,-5.6734,-14.033,-9.5091,-7.6218
-4.3005,-2.415,0.62972,3.799,-1.3247,0.75736,0.15549,-6.6699,-5.5038,-13.77,-9.2954,-7.5295
-4.3813,-2.4472,0.69224,3.805,-1.3863,0.75752,0.15699,-6.7635,-5.3687,-13.425,-9.048,-7.4272
-4.477,-2.5434,0.69622,3.8404,-1.4415,0.66937,0.15029,-6.8401,-5.2658,-13.021,-8.7587,-7.3146
-4.5713,-2.685,0.6413,3.8933,-1.4738,0.52418,0.13568,-6.8996,-5.1824,-12.58,-8.4262,-7.1871
-4.6463,-2.8457,0.52535,3.9477,-1.4662,0.34971,0.12017,-6.9355,-5.1022,-12.118,-8.0458,-7.0417
-4.6875,-2.9971,0.34771,3.9872,-1.4068,0.16528,0.11227,-6.943,-5.0127,-11.651,-7.6222,-6.8775
-4.6867,-3.1156,0.11341,3.9998,-1.2924,-0.018566,0.11584,-6.9179,-4.9106,-11.183,-7.1607,-6.6962
-4.6453,-3.1886,-0.16287,3.9808,-1.131,-0.19519,0.12678,-6.8643,-4.8027,-10.711,-6.6688,-6.5062
-4.5744,-3.216,-0.45463,3.9337,-0.94168,-0.3548,0.13492,-6.7936,-4.7003,-10.229,-6.1579,-6.3172
-4.4911,-3.2051,-0.72518,3.8676,-0.75125,-0.4798,0.12957,-6.7222,-4.6108,-9.7285,-5.6358,-6.1405
-4.4118,-3.1629,-0.93394,3.7917,-0.5877,-0.54569,0.10525,-6.6606,-4.53,-9.1923,-5.0944,-5.9834
-4.3454,-3.0903,-1.0457,3.7109,-0.47329,-0.52756,0.06394,-6.6116,-4.442,-8.5988,-4.5174,-5.8514
-4.2918,-2.9841,-1.0393,3.6259,-0.41921,-0.40938,0.01265,-6.5702,-4.3239,-7.9261,-3.8921,-5.7429
-4.247,-2.8441,-0.91236,3.5365,-0.42498,-0.19148,-0.041164,-6.5285,-4.1654,-7.1682,-3.2212,-5.6525
-4.2079,-2.6787,-0.68134,3.4457,-0.48118,0.10735,-0.09272,-6.4811,-3.9704,-6.3335,-2.5269,-5.5725
-4.1752,-2.5041,-0.37674,3.3593,-0.57331,0.45369,-0.14055,-6.4289,-3.7593,-5.4455,-1.846,-5.4932
-4.1525,-2.3391,-0.036856,3.2849,-0.68549,0.80704,-0.18542,-6.3794,-3.5612,-4.5468,-1.2183,-5.4046
-4.1445,-2.2012,0.29908,3.23,-0.80353,1.1279,-0.22908,-6.3399,-3.3979,-3.6821,-0.67505,-5.299
-4.1566,-2.1044,0.59652,3.2016,-0.91712,1.3841,-0.2733,-6.3175,-3.2785,-2.8906,-0.23307,-5.1754
-4.1924,-2.0581,0.82951,3.2047,-1.0205,1.5548,-0.31931,-6.3139,-3.1927,-2.2019,0.11078,-5.0426
-4.2529,-2.066,0.98258,3.241,-1.1117,1.6313,-0.36728,-6.3201,-3.1174,-1.6348,0.36486,-4.9163
-4.3341,-2.1256,1.0508,3.3073,-1.1896,1.6154,-0.41595,-6.3226,-3.0271,-1.1976,0.54212,-4.8098
-4.4268,-2.2272,1.0378,3.3951,-1.2512,1.5182,-0.4624,-6.3102,-2.9048,-0.88718,0.65672,-4.7293
-4.5185,-2.3559,0.95178,3.4923,-1.2898,1.3564,-0.50217,-6.2781,-2.747,-0.68897,0.7177,-4.6672
-4.5956,-2.494,0.80153,3.5859,-1.2965,1.1483,-0.5301,-6.2281,-2.5621,-0.57981,0.73808,-4.608
-4.6471,-2.6258,0.59363,3.6649,-1.2628,0.90922,-0.54183,-6.1657,-2.3637,-0.53342,0.72595,-4.5329
-4.6664,-2.7419,0.33425,3.7235,-1.1838,0.6505,-0.53493,-6.0948,-2.1649,-0.52644,0.68596,-4.4301
-4.6531,-2.8416,0.03465,3.762,-1.0618,0.38214,-0.5088,-6.0204,-1.9736,-0.54228,0.60917,-4.2987
-4.6125,-2.9307,-0.2835,3.7849,-0.90688,0.11818,-0.46306,-5.9457,-1.7927,-0.572,0.48315,-4.1444
-4.5533,-3.016,-0.58765,3.7983,-0.7367,-0.12108,-0.396,-5.8732,-1.6216,-0.61346,0.29881,-3.9781
-4.485,-3.099,-0.84041,3.8061,-0.5727,-0.31178,-0.30418,-5.8047,-1.4605,-0.66992,0.055778,-3.8088
-4.4157,-3.1741,-1.0096,3.8089,-0.43511,-0.43286,-0.18343,-5.7424,-1.3127,-0.74898,-0.2369,-3.6415
-4.3503,-3.2324,-1.0781,3.8052,-0.33775,-0.47323,-0.03061,-5.6879,-1.1857,-0.8616,-0.56486,-3.4783
-4.2919,-3.2678,-1.0494,3.7952,-0.28492,-0.43757,0.15449,-5.6408,-1.0887,-1.0202,-0.91497,-3.3226
-4.2445,-3.2824,-0.9475,3.7838,-0.27189,-0.34814,0.36784,-5.5977,-1.0283,-1.2357,-1.2804,-3.1833
-4.2152,-3.2883,-0.81057,3.7816,-0.28837,-0.24089,0.60097,-5.5521,-1.004,-1.5136,-1.6621,-3.0766
-4.2148,-3.3036,-0.68112,3.8026,-0.32302,-0.15625,0.84193,-5.4957,-1.0071,-1.8511,-2.0658,-3.0219
-4.2542,-3.3448,-0.59529,3.859,-0.367,-0.1277,1.0775,-5.4218,-1.0244,-2.2367,-2.497,-3.0331
-4.3399,-3.4207,-0.57405,3.9559,-0.41627,-0.17269,1.2963,-5.3288,-1.0444,-2.6493,-2.9566,-3.1083
-4.4713,-3.5286,-0.61821,4.0908,-0.47298,-0.28933,1.4916,-5.2215,-1.0628,-3.0584,-3.439,-3.2251
-4.6427,-3.6568,-0.7086,4.2556,-0.5458,-0.45893,1.6641,-5.1083,-1.0817,-3.4242,-3.9324,-3.3465
-4.8454,-3.7896,-0.81178,4.4404,-0.64803,-0.65215,1.8219,-4.9973,-1.1028,-3.7001,-4.4206,-3.4336
-5.0697,-3.9108,-0.88932,4.6345,-0.79248,-0.8366,1.9799,-4.8908,-1.1182,-3.8405,-4.8845,-3.459
-5.3027,-4.0057,-0.90767,4.8258,-0.98489,-0.9838,2.1557,-4.7828,-1.1044,-3.8093,-5.3039,-3.4144
-5.5273,-4.0607,-0.84503,4.9991,-1.2197,-1.0732,2.3681,-4.66,-1.026,-3.5886,-5.6629,-3.3107
-5.7232,-4.0615,-0.69255,5.1363,-1.4823,-1.0904,2.6345,-4.5056,-0.84648,-3.183,-5.9533,-3.1727
-5.8723,-3.9908,-0.44998,5.2187,-1.7578,-1.0209,2.9736,-4.3038,-0.54195,-2.6188,-6.1773,-3.0292
-5.9628,-3.8258,-0.11929,5.2293,-2.0394,-0.84092,3.4089,-4.0428,-0.10792,-1.9375,-6.3426,-2.9033
-5.9899,-3.5362,0.29882,5.1534,-2.328,-0.51412,3.9753,-3.715,0.44311,-1.1844,-6.4545,-2.8039
-5.9536,-3.0822,0.80437,4.9768,-2.6278,0.0092723,4.725,-3.3167,1.0919,-0.3959,-6.5083,-2.7225
-5.8576,-2.4132,1.3981,4.6852,-2.9415,0.79343,5.7306,-2.8482,1.8256,0.409,-6.4881,-2.636
-5.7086,-1.4667,2.0913,4.2645,-3.2721,1.9193,7.0881,-2.313,2.6479,1.2303,-6.3728,-2.5141
-5.5158,-0.16482,2.9417,3.7018,-3.6263,3.4497,8.9101,-1.7166,3.5814,2.0823,-6.1445,-2.3282
-5.2869,1.5931,4.1283,2.984,-4.0181,5.3029,11.286,-1.0616,4.663,2.9852,-5.7944,-2.0581
-5.0219,3.9377,5.9537,2.0931,-4.4647,7.3275,14.172,-0.34169,5.9378,3.9587,-5.3242,-1.6935
-4.7089,7.0148,8.375,0.99951,-4.9708,9.6342,17.309,0.46495,7.4538,5.0183,-4.7424,-1.2301
-4.3288,10.9,10.933,-0.34071,-5.5098,12.481,20.346,1.3991,9.2555,6.1727,-4.0589,-0.66388
-3.8631,15.478,13.588,-1.9768,-6.0262,16.07,23.093,2.5224,11.374,7.4211,-3.2807,0.011462
-3.301,20.448,16.518,-3.9419,-6.4725,20.44,25.564,3.9201,13.813,8.7516,-2.4096,0.80318
-2.6394,25.484,19.906,-6.2293,-6.8363,25.388,27.852,5.7034,16.54,10.141,-1.4421,1.715
-1.8772,30.358,23.906,-8.7871,-7.1305,30.537,30.04,8.0019,19.496,11.563,-0.37104,2.7436
-1.0115,34.954,28.541,-11.543,-7.3718,35.576,32.159,10.93,22.62,12.991,0.8115,3.8786
-0.03496,39.26,33.582,-14.448,-7.5653,40.371,34.186,14.509,25.864,14.416,2.1086,5.1043
1.0652,43.33,38.486,-17.501,-7.6956,44.84,36.072,18.587,29.174,15.841,3.5121,6.4006
2.3062,47.242,42.667,-20.732,-7.7272,48.854,37.774,22.843,32.463,17.279,4.9977,7.7427
3.707,51.03,45.819,-24.14,-7.6206,52.292,39.3,26.9,35.593,18.742,6.5263,9.1007
5.2815,54.644,47.816,-27.628,-7.3492,55.078,40.708,30.462,38.411,20.225,8.0515,10.442
7.0295,57.962,48.553,-31.005,-6.9079,57.162,42.042,33.36,40.791,21.701,9.5276,11.739
8.9287,60.883,47.992,-34.094,-6.3103,58.505,43.259,35.56,42.682,23.102,10.916,12.968
10.92,63.405,46.276,-36.825,-5.5845,59.103,44.171,37.14,44.116,24.32,12.184,14.114
12.916,65.654,43.785,-39.233,-4.766,59.057,44.376,38.238,45.2,25.246,13.308,15.158
14.823,67.852,41.119,-41.422,-3.8949,58.724,43.533,38.969,46.063,25.807,14.268,16.081
16.573,70.191,38.893,-43.527,-3.0144,58.659,41.594,39.357,46.777,25.998,15.048,16.86
18.139,72.652,37.392,-45.662,-2.1695,59.115,38.498,39.302,47.269,25.873,15.635,17.472
19.527,74.966,36.491,-47.841,-1.3987,59.842,34.008,38.598,47.334,25.505,16.013,17.893
20.752,76.799,35.872,-49.903,-0.72054,60.447,27.876,37.006,46.724,24.951,16.168,18.104
21.82,77.89,35.221,-51.538,-0.1271,60.61,20.121,34.387,45.26,24.232,16.094,18.091
22.716,78.04,34.264,-52.425,0.40584,60.035,11.225,30.853,42.898,23.346,15.803,17.848
23.41,77.095,32.756,-52.398,0.90172,58.44,2.1288,26.806,39.744,22.287,15.324,17.375
23.876,74.984,30.531,-51.517,1.3755,55.757,-5.9244,22.739,36.024,21.06,14.703,16.678
24.108,71.773,27.642,-49.984,1.8343,52.27,-11.563,18.913,32,19.685,13.986,15.775
24.115,67.659,24.387,-48.009,2.2802,48.419,-13.643,15.28,27.897,18.191,13.201,14.699
23.91,62.909,21.096,-45.722,2.71,44.513,-12.292,11.69,23.864,16.597,12.348,13.49
23.481,57.78,17.922,-43.159,3.1141,40.667,-9.5583,8.1044,19.956,14.904,11.395,12.168
22.785,52.494,14.831,-40.275,3.4753,36.903,-7.575,4.6635,16.156,13.094,10.291,10.729
21.768,47.253,11.745,-36.987,3.7741,33.237,-6.9,1.5746,12.429,11.152,8.9918,9.1393
20.412,42.207,8.7016,-33.25,4.001,29.707,-7.1253,-1.0634,8.7817,9.0844,7.4843,7.3721
18.769,37.39,5.914,-29.144,4.1651,26.335,-7.7607,-3.3042,5.3017,6.9314,5.7991,5.4355
16.949,32.74,3.653,-24.921,4.2869,23.089,-8.47,-5.2702,2.1191,4.7598,4.0053,3.3929
15.082,28.177,2.001,-20.907,4.3803,19.886,-9.0465,-7.076,-0.66788,2.6542,2.1873,1.3509
13.26,23.679,0.82273,-17.319,4.4394,16.733,-9.4007,-8.8041,-3.0478,0.68878,0.41518,-0.58147
11.499,19.328,-0.041308,-14.147,4.4368,13.803,-9.5323,-10.513,-5.0851,-1.0947,-1.2766,-2.3351
9.7398,15.256,-0.68351,-11.246,4.334,11.214,-9.4802,-12.255,-6.8861,-2.6975,-2.8925,-3.8961
7.8972,11.509,-1.1559,-8.4745,4.0954,8.888,-9.2962,-14.1,-8.5655,-4.1586,-4.4605,-5.2921
5.9055,8.0429,-1.5008,-5.759,3.6998,6.6809,-9.0358,-16.138,-10.23,-5.5376,-6.0108,-6.5705
3.7451,4.8014,-1.7559,-3.0862,3.1434,4.5051,-8.7548,-18.478,-11.978,-6.8951,-7.5594,-7.784
1.4497,1.7728,-1.9509,-0.48273,2.4392,2.3687,-8.4962,-21.215,-13.905,-8.2782,-9.1039,-8.99
-0.89639,-1.0179,-2.1037,2.0004,1.6168,0.35893,-8.2774,-24.396,-16.121,-9.7171,-10.634,-10.26
-3.1739,-3.5389,-2.2221,4.3013,0.72589,-1.4267,-8.0934,-27.991,-18.744,-11.23,-12.141,-11.691
-5.2564,-5.7713,-2.308,6.3616,-0.16778,-2.9425,-7.9158,-31.895,-21.887,-12.834,-13.634,-13.415
-7.0467,-7.7125,-2.3613,8.1397,-1,-4.1954,-7.6985,-35.959,-25.611,-14.548,-15.139,-15.602
-8.5126,-9.381,-2.3812,9.6307,-1.7325,-5.2177,-7.3888,-40.025,-29.852,-16.39,-16.697,-18.43
-9.7061,-10.83,-2.3679,10.891,-2.3667,-6.049,-6.948,-43.931,-34.365,-18.362,-18.342,-22.001
-10.758,-12.161,-2.3234,12.057,-2.9372,-6.7296,-6.3705,-47.522,-38.776,-20.442,-20.084,-26.233
-11.85,-13.524,-2.2509,13.346,-3.4912,-7.2977,-5.6908,-50.675,-42.755,-22.57,-21.897,-30.805
-13.173,-15.077,-2.1535,15.013,-4.0668,-7.7881,-4.9701,-53.327,-46.156,-24.67,-23.725,-35.272
-14.875,-16.909,-2.0343,17.266,-4.6827,-8.2273,-4.2682,-55.478,-49.012,-26.672,-25.502,-39.261
-16.983,-18.969,-1.8956,20.093,-5.3385,-8.6244,-3.6181,-57.171,-51.435,-28.542,-27.179,-42.597
-19.321,-21.067,-1.7406,23.129,-6.0175,-8.9695,-3.0201,-58.482,-53.545,-30.292,-28.744,-45.287
-21.552,-22.967,-1.5745,25.821,-6.688,-9.2468,-2.4537,-59.501,-55.433,-31.978,-30.219,-47.449
-23.364,-24.511,-1.4042,27.797,-7.3053,-9.4514,-1.8934,-60.318,-57.15,-33.665,-31.636,-49.226
-24.609,-25.658,-1.2351,29.001,-7.8288,-9.5964,-1.3208,-61.012,-58.706,-35.4,-32.998,-50.738
-25.306,-26.443,-1.068,29.561,-8.2439,-9.7053,-0.72961,-61.627,-60.078,-37.182,-34.26,-52.057
-25.568,-26.94,-0.89686,29.655,-8.5708,-9.7966,-0.12202,-62.165,-61.229,-38.965,-35.337,-53.204
-25.587,-27.243,-0.70986,29.494,-8.8574,-9.872,0.50173,-62.591,-62.126,-40.672,-36.144,-54.177
-25.637,-27.459,-0.49108,29.347,-9.1653,-9.9113,1.1603,-62.836,-62.747,-42.228,-36.646,-54.971
-26.063,-27.665,-0.21999,29.524,-9.5683,-9.8709,1.9203,-62.802,-63.084,-43.594,-36.905,-55.615
-27.243,-27.873,0.13122,30.281,-10.199,-9.6838,2.9709,-62.357,-63.138,-44.797,-37.111,-56.212
-29.533,-28.014,0.60192,31.715,-11.407,-9.2797,4.8784,-61.305,-62.909,-45.957,-37.613,-56.959
-33.043,-27.98,1.3251,33.698,-14.074,-8.6358,8.7574,-59.324,-62.382,-47.286,-38.938,-58.091
-37.257,-27.676,2.9805,35.85,-18.145,-7.8439,10.845,-56.067,-61.481,-49.06,-41.783,-59.75
-40.714,-27.062,3.9567,37.686,-19.05,-7.3987,9.0973,-52.272,-60.032,-51.533,-46.876,-61.777
-41.547,-26.15,4.0377,38.949,-18.768,-8.8558,9.2407,-51.982,-57.716,-54.782,-54.115,-62.844
-40.87,-24.964,4.571,39.746,-18.355,-9.9545,9.3913,-58.789,-54.139,-58.565,-59.399,-61.949
-40.479,-23.499,5.5083,40.358,-18.293,-9.3535,9.7272,-64.778,-49.473,-62.33,-59.093,-60.399
-41.105,-21.719,6.699,41.039,-19.086,-8.1567,10.982,-63.592,-46.457,-65.484,-58.233,-58.992
-43.332,-19.621,8.7167,41.906,-21.414,-6.1979,14.658,-58.07,-50.773,-67.608,-58.567,-58.952
-48.212,-17.321,12.856,42.998,-26.499,-2.683,23.231,-48.291,-54.001,-68.245,-60.444,-61.631
-57.389,-15.062,21.611,45.066,-36.582,2.9664,39.65,-34.795,-47.888,-66.658,-64.76,-68.993
-72.777,-13.141,40.58,51.175,-55.39,10.735,64.529,-17.521,-40.951,-65.459,-74.528,-84.394
-94.036,-12.061,68.918,60.183,-81.221,22.135,93.774,5.0797,-34.143,-72.85,-92.931,-109.56
-117.07,-13.629,96.073,69.767,-106.08,38.163,126.74,34.862,-27.522,-80.128,-122.79,-143.32
-137.94,-16.874,120.78,79.418,-128.28,52.947,162.34,72.903,-19.618,-90.492,-167.58,-182.61
-152.86,-15.424,139.98,86.534,-144.66,63.351,196.23,118.37,-7.6524,-103.75,-219.64,-224.66
-158.28,-12.71,150.62,88.477,-151.91,69.359,225.01,172.43,12.977,-117.36,-265.62,-262.9
-152.34,-9.1675,150.29,83.091,-148.29,71.633,247.86,242.13,49.699,-125.16,-299.06,-290.03
-133.41,-3.6267,137.62,68.845,-132.53,70.808,265.52,333.68,103.46,-118.72,-311.89,-299.57
-98.527,4.8432,112.4,44.335,-102.16,65.273,278.16,450.58,173.55,-89.374,-294.95,-285.63
-43.821,17.402,71.802,7.9501,-53.763,52.501,283.98,592.22,264.9,-26.587,-239.54,-242.35
35.223,36.244,11.414,-42.092,16.467,31.059,279.1,751.39,376.73,84.079,-137.27,-163.2
141.81,63.436,-71.15,-107.63,111.31,1.2386,258.73,913.15,506.57,237.69,20.275,-40.946
275.53,98.505,-173.24,-189.93,229.44,-33.998,218.56,1055.5,650.74,431.88,240.72,129.39
431.05,144.02,-285.24,-288.59,363.31,-67.675,156.14,1154.2,801.84,670.72,525.8,346.8
597.8,206.69,-391.06,-400.82,499.3,-89.384,71.946,1192.8,955.59,950.66,868.13,608.65
761.21,290.57,-471.83,-521.64,620.44,-87.811,-30.384,1166,1107.8,1263.4,1254.7,908.2
905.64,395.96,-511.38,-644.19,711.39,-54.798,-144.44,1073.5,1251.7,1594.2,1666.1,1230.8
1018,517.37,-502.12,-759.93,762.67,10.6,-261.75,923.06,1379,1921.5,2075.5,1555.3
1091,642.93,-448.7,-859.45,772.86,100.09,-372.6,732.14,1480.1,2218.4,2451.8,1857.1
1124,756.18,-367.06,-934.08,748.91,197.47,-467.33,523.98,1545,2455.8,2763.4,2110.8
1121.3,840.04,-278.98,-977.03,703.66,283.32,-537.91,321.21,1563.8,2607.1,2982.5,2294.2
1089.5,881.66,-204.22,-984.09,650.37,341.33,-579.36,140.13,1528.2,2652.7,3088.9,2390.9
1034.2,875.91,-153.79,-954.51,597.32,363.46,-590.64,-12.745,1433,2583.5,3072.1,2392.3
958.33,825.91,-127.59,-891.19,545.81,351.36,-574.23,-140.19,1277,2401.4,2931.4,2298.4
862.53,740.66,-117.04,-799.46,491.92,313.84,-534.84,-250.52,1065.1,2119.1,2675.9,2116.6
746.93,631.61,-110.59,-685.82,430.15,262.46,-478.35,-352.62,808.9,1757.6,2323.3,1861
613.75,509.94,-99.031,-557.66,357.14,207.35,-411.14,-451.49,526.85,1345.1,1900.1,1551.9
469.43,385.15,-78.939,-423.58,274.58,154.74,-339.73,-545.71,243.23,916.45,1441.6,1215.4
325.21,265.03,-52.39,-293.23,191.45,106.65,-270.59,-627.61,-14.475,512.01,991.03,881.7
195.22,156.77,-29.471,-176.53,119.1,63.043,-209.96,-686.32,-220.23,173.13,593.9,581.91
92.209,67.492,-20.543,-82.199,59.259,24.612,-162.83,-712.06,-355.68,-67.638,289.16,342.8
22.949,2.7919,-18.59,-15.757,20.159,-6.2076,-131.37,-699.77,-415.09,-197.97,98.005,180.3
-10.141,-33.456,-20.709,19.677,5.1867,-26.564,-113.39,-651.05,-405.79,-227.24,16.589,95.352
-16.946,-45.579,-21.849,29.96,4.3893,-36.122,-103.16,-572.7,-345.47,-179.26,21.123,75.337
-8.3192,-39.647,-21.728,23.593,10.398,-35.768,-94.869,-473.82,-257.51,-88.71,76.307,97.663
5.5178,-23.356,-19.946,9.3927,17.633,-26.54,-84.054,-364.65,-164.24,6.1071,145.33,136.07
16.837,-5.6857,-15.749,-4.1223,23.043,-12.974,-68.862,-255.89,-81.665,79.6,200.82,169.58
23.728,7.8829,-10.421,-13.214,25.902,-0.48704,-50.27,-158.72,-16.84,124.47,229.68,187.08
27.614,16.855,-5.384,-19.094,26.129,8.0914,-30.92,-81.295,19.747,141.43,231.08,186.55
29.473,21.37,-2.9396,-23.162,22.429,11.636,-14.763,-25.246,33.903,134.11,211.54,172.01
8.6194,4.3319,-1.3553,-5.7542,7.856,6.4087,-3.3023,1.1655,37.004,112.22,179.35,149.17
3.9496,1.6312,0.0017214,-1.9033,5.3852,6.3293,4.4321,9.6871,35.14,88.254,141.57,121.55
3.1927,2.062,1.2359,-1.8472,4.2927,7.7721,9.0509,9.1071,31.852,69.24,113.81,97.916
2.7284,1.9596,2.3649,-1.6064,3.2911,7.5403,12.08,4.1244,24.453,47.292,90.2,81.124
1.9555,1.2879,3.349,-0.92323,2.0906,6.2999,15.217,-1.4236,16.625,28.909,67.762,64.172
0.71368,0.63466,4.1186,-0.07034,0.72661,5.307,19.527,-4.8697,4.3934,25.68,55.595,48.598
-0.94948,-0.069997,4.6497,1.0144,-0.58412,4.8371,24.558,-4.4557,-0.0051052,24.735,50.125,39.512
-2.7174,-0.97772,4.9655,2.3263,-1.6541,4.5173,27.979,4.0802,0.9054,21.898,42.636,31.926
-4.2605,-2.0735,5.0817,3.6831,-2.4145,4.031,30.928,9.3035,0.74116,17.789,34.265,23.766
-5.406,-3.2342,5.0061,4.8696,-2.8986,3.2776,33.669,12.912,-0.1385,13.604,26.827,16.192
-6.1669,-4.3197,4.7805,5.774,-3.1834,2.3644,35.888,15.867,-1.2645,9.9522,20.553,10.231
-6.6609,-5.2537,4.4978,6.4176,-3.345,1.4692,37.584,18.27,-2.3637,6.9915,15.248,7.0527
-7.0057,-6.0208,4.2714,6.8758,-3.4485,0.73021,38.902,20.355,-3.2982,4.6682,11.159,5.3904
-7.2771,-6.6307,4.1836,7.213,-3.5428,0.21425,40.019,22.386,-3.9935,2.8616,8.1077,3.0338
-7.5121,-7.1,4.246,7.4676,-3.6488,-0.085907,41.036,24.561,-4.4269,1.4219,5.8163,0.58394
-7.7157,-7.4496,4.3921,7.6577,-3.7543,-0.24043,41.899,26.964,-4.6171,0.20737,4.0624,-1.4173
-7.8677,-7.7038,4.5082,7.7857,-3.8207,-0.34845,42.436,29.532,-4.6084,-0.87881,2.6829,-2.9405
-7.9335,-7.8867,4.4899,7.8458,-3.8002,-0.50076,42.502,32.061,-4.4569,-1.8746,1.5814,-4.0905
-7.8844,-8.016,4.2861,7.8332,-3.6573,-0.75848,42.043,34.302,-4.2174,-2.7706,0.72273,-4.9636
-7.7165,-8.101,3.9051,7.7529,-3.3873,-1.1409,41.047,36.102,-3.9322,-3.5372,0.11028,-5.6291
-7.4565,-8.1469,3.3991,7.6207,-3.0212,-1.6204,39.521,37.462,-3.6251,-4.1516,-0.24461,-6.136
-7.1461,-8.1595,2.8497,7.4557,-2.6138,-2.1326,37.506,38.5,-3.3031,-4.6109,-0.34652,-6.5199
-6.8226,-8.1452,2.3491,7.2732,-2.221,-2.601,35.091,39.383,-2.9621,-4.9325,-0.22559,-6.8085
-6.5053,-8.11,1.968,7.0817,-1.8765,-2.9641,32.397,40.274,-2.5943,-5.1443,0.068576,-7.0262
-6.1928,-8.0587,1.724,6.8836,-1.577,-3.1959,29.574,41.3,-2.1918,-5.2725,0.48152,-7.194
-5.8673,-7.9939,1.5716,6.6768,-1.2868,-3.311,26.798,42.53,-1.7468,-5.3315,0.96795,-7.3261
-5.5032,-7.9171,1.4219,6.4563,-0.9578,-3.3573,24.255,43.966,-1.251,-5.3209,1.4989,-7.4244
-5.0786,-7.8277,1.1874,6.2154,-0.55101,-3.3947,22.071,45.548,-0.69602,-5.2307,2.0618,-7.4788
-4.5845,-7.7222,0.82387,5.9493,-0.051261,-3.4688,20.248,47.191,-0.074947,-5.0521,2.656,-7.472
-4.0309,-7.5931,0.34115,5.6568,0.52725,-3.5967,18.636,48.814,0.61607,-4.7833,3.2885,-7.3862
-3.4457,-7.4287,-0.21326,5.342,1.1432,-3.7678,17.021,50.382,1.3784,-4.4268,3.971,-7.2079
-2.8652,-7.2171,-0.77393,5.0117,1.7384,-3.9525,15.29,51.916,2.2132,-3.9805,4.7172,-6.9288
-2.32,-6.9499,-1.2752,4.6714,2.2569,-4.1136,13.525,53.492,3.1232,-3.4287,5.5414,-6.5447
-1.8215,-6.6264,-1.67,4.3214,2.6663,-4.2197,11.931,55.212,4.1116,-2.7415,6.454,-6.0548
-1.3577,-6.2523,-1.9433,3.9562,2.9676,-4.252,10.671,57.17,5.1776,-1.8828,7.457,-5.4625
-0.90141,-5.838,-2.1073,3.5667,3.1858,-4.2034,9.7816,59.413,6.3138,-0.82626,8.5417,-4.7745
-0.42611,-5.395,-2.1824,3.1462,3.3498,-4.0743,9.2033,61.932,7.5088,0.43072,9.6922,-3.9977
0.080119,-4.934,-2.1778,2.6949,3.4777,-3.866,8.84,64.664,8.757,1.8612,10.894,-3.131
0.60853,-4.4649,-2.0844,2.2239,3.5715,-3.5764,8.591,67.517,10.069,3.4172,12.142,-2.1569
1.1341,-3.9959,-1.8823,1.752,3.6228,-3.2013,8.3696,70.408,11.477,5.0465,13.444,-1.0386
1.6295,-3.5336,-1.558,1.2968,3.6243,-2.7416,8.1165,73.282,13.03,6.7098,14.816,0.27286
2.0825,-3.0809,-1.122,0.86462,3.5839,-2.2093,7.8079,76.134,14.786,8.3882,16.287,1.8222
2.5062,-2.636,-0.6154,0.44561,3.5321,-1.6305,7.4531,78.997,16.802,10.082,17.89,3.6313
2.9378,-2.1937,-0.10497,0.016735,3.5179,-1.045,7.083,81.929,19.11,11.806,19.665,5.6845
3.429,-1.7491,0.33126,-0.45063,3.5968,-0.50325,6.7333,84.981,21.706,13.581,21.654,7.9264
4.0351,-1.3007,0.62026,-0.98356,3.8231,-0.058486,6.4292,88.177,24.54,15.427,23.889,10.276
4.8081,-0.85129,0.70668,-1.603,4.2486,0.24388,6.1741,91.505,27.532,17.36,26.392,12.649
5.7937,-0.40654,0.56127,-2.322,4.931,0.37668,5.9449,94.927,30.598,19.387,29.171,14.985
7.0307,0.02709,0.1848,-3.1447,5.942,0.33673,5.6989,98.395,33.672,21.506,32.235,17.254
8.5499,0.44408,-0.39534,-4.0681,7.3651,0.14369,5.391,101.87,36.717,23.714,35.611,19.467
10.366,0.83991,-1.1373,-5.0829,9.2562,-0.16741,4.9982,105.35,39.733,26.017,39.37,21.687
12.464,1.2101,-2.0022,-6.1747,11.564,-0.55709,4.5322,108.84,42.75,28.453,43.629,24.037
14.783,1.5501,-2.9664,-7.3229,14.091,-0.99088,4.0331,112.39,45.834,31.099,48.506,26.698
17.232,1.8578,-4.0193,-8.5015,16.591,-1.4433,3.5464,116.02,49.078,34.069,54.044,29.882
19.718,2.1371,-5.1513,-9.686,18.911,-1.8959,3.1027,119.77,52.569,37.494,60.131,33.729
22.182,2.3992,-6.3515,-10.866,21.023,-2.3342,2.7089,123.64,56.338,41.501,66.508,38.155
24.599,2.6625,-7.6143,-12.054,22.966,-2.7452,2.3517,127.63,60.327,46.169,72.883,42.813
26.965,2.9486,-8.9394,-13.288,24.795,-3.1189,2.0068,131.73,64.417,51.485,79.066,47.296
29.282,3.28,-10.319,-14.623,26.56,-3.4484,1.6514,135.94,68.5,57.313,85.012,51.375
31.551,3.6797,-11.727,-16.129,28.303,-3.7273,1.2716,140.29,72.523,63.437,90.775,55.047
33.779,4.1714,-13.122,-17.881,30.05,-3.9472,0.86413,144.79,76.494,69.634,96.437,58.433
35.988,4.7786,-14.46,-19.953,31.82,-4.0978,0.43083,149.49,80.457,75.73,102.07,61.686
38.215,5.5202,-15.708,-22.382,33.618,-4.1702,-0.026504,154.41,84.461,81.611,107.72,64.947
40.51,6.4059,-16.864,-25.125,35.444,-4.1631,-0.50929,159.58,88.545,87.226,113.4,68.333
42.926,7.4352,-17.957,-28.038,37.304,-4.0852,-1.0232,165.03,92.711,92.572,119.09,71.931
45.504,8.5998,-19.051,-30.931,39.217,-3.9527,-1.5792,170.74,96.924,97.681,124.79,75.783
48.274,9.8879,-20.222,-33.652,41.222,-3.7846,-2.1963,176.68,101.12,102.61,130.51,79.877
51.249,11.292,-21.539,-36.145,43.372,-3.5965,-2.9033,182.78,105.25,107.41,136.27,84.154
54.431,12.824,-23.041,-38.429,45.708,-3.3974,-3.739,188.97,109.32,112.2,142.13,88.542
57.8,14.528,-24.724,-40.567,48.237,-3.1901,-4.75,195.23,113.39,117.07,148.16,92.999
61.315,16.487,-26.544,-42.641,50.92,-2.9754,-5.9846,201.61,117.61,122.16,154.42,97.527
64.932,18.806,-28.43,-44.745,53.683,-2.7575,-7.4769,208.2,122.16,127.56,160.96,102.16
68.626,21.568,-30.331,-46.992,56.457,-2.5482,-9.2211,215.1,127.2,133.3,167.79,106.97
72.423,24.779,-32.241,-49.512,59.222,-2.3665,-11.153,222.37,132.88,139.4,174.89,112.03
76.405,28.333,-34.209,-52.441,62.023,-2.2344,-13.162,230,139.19,145.85,182.23,117.41
80.689,32.042,-36.314,-55.89,64.959,-2.1685,-15.142,237.97,145.98,152.63,189.78,123.14
85.382,35.722,-38.614,-59.864,68.145,-2.172,-17.035,246.23,153.02,159.75,197.55,129.2
90.502,39.272,-41.113,-64.192,71.673,-2.2306,-18.836,254.76,160.1,167.25,205.59,135.5
95.941,42.675,-43.768,-68.608,75.548,-2.3152,-20.568,263.64,167.1,175.12,214.01,141.93
101.52,45.956,-46.525,-72.956,79.619,-2.3922,-22.255,272.96,174.1,183.4,222.93,148.44
107.14,49.141,-49.33,-77.29,83.647,-2.4367,-23.907,282.86,181.28,192.07,232.49,155.02
112.8,52.232,-52.101,-81.752,87.519,-2.4427,-25.534,293.48,188.86,201.13,242.79,161.79
118.58,55.212,-54.776,-86.426,91.372,-2.4267,-27.152,304.85,197.02,210.52,253.92,168.94
124.58,58.059,-57.422,-91.289,95.484,-2.4213,-28.781,316.92,205.85,220.24,265.9,176.76
130.95,60.772,-60.272,-96.269,100.12,-2.4626,-30.433,329.51,215.3,230.28,278.67,185.5
137.84,63.379,-63.671,-101.32,105.49,-2.576,-32.097,342.44,225.22,240.68,292.06,195.25
145.42,65.941,-67.942,-106.48,111.69,-2.7665,-33.745,355.56,235.49,251.51,305.88,205.85
153.7,68.56,-73.171,-111.81,118.63,-3.0181,-35.35,368.83,245.99,262.87,319.96,216.99
162.5,71.399,-78.939,-117.44,125.95,-3.3007,-36.904,382.26,256.66,274.87,334.25,228.31
171.48,74.681,-84.428,-123.41,133.13,-3.5815,-38.431,395.89,267.54,287.65,348.84,239.62
180.35,78.622,-89.128,-129.68,139.88,-3.8354,-39.98,409.8,278.75,301.27,363.87,250.87
188.97,83.199,-93.158,-136.16,146.2,-4.0518,-41.618,424.06,290.46,315.7,379.5,262.21
197.41,88.056,-96.966,-142.81,152.31,-4.2357,-43.417,438.72,302.78,330.82,395.84,273.92
205.9,92.826,-101.01,-149.59,158.55,-4.3992,-45.426,453.84,315.67,346.37,412.9,286.26
214.73,97.412,-105.62,-156.55,165.26,-4.5486,-47.64,469.43,328.95,362.1,430.62,299.38
224.13,101.91,-110.88,-163.74,172.62,-4.6726,-49.987,485.47,342.39,377.83,448.95,313.23
234.17,106.45,-116.58,-171.25,180.53,-4.7413,-52.374,501.86,355.73,393.51,467.82,327.69
244.66,111.16,-122.29,-179.05,188.6,-4.7152,-54.736,518.4,368.86,409.25,487.21,342.63
255.21,116.13,-127.59,-187.01,196.35,-4.5607,-57.077,534.8,381.77,425.26,507.1,357.99
265.39,121.38,-132.26,-194.92,203.51,-4.2631,-59.469,550.7,394.57,441.71,527.41,373.72
274.99,126.85,-136.28,-202.57,210.13,-3.834,-62.034,565.84,407.37,458.75,548.01,389.75
284.15,132.47,-139.82,-209.88,216.4,-3.311,-64.916,580.1,420.24,476.4,568.78,405.95
293.23,138.13,-143.19,-216.97,222.56,-2.7492,-68.217,593.52,433.18,494.56,589.61,422.2
302.62,143.78,-146.7,-224.08,228.92,-2.2067,-71.924,606.32,446.13,513.07,610.45,438.42
312.61,149.45,-150.52,-231.52,235.76,-1.7293,-75.89,618.68,458.99,531.73,631.26,454.65
323.27,155.24,-154.61,-239.46,242.97,-1.3401,-79.916,630.71,471.68,550.31,652.02,471.03
334.34,161.28,-158.89,-247.94,250.22,-1.0389,-83.861,642.38,484.09,568.61,672.75,487.71
345.39,167.65,-163.3,-256.79,257.38,-0.80666,-87.694,653.59,496.15,586.47,693.43,504.74
356.12,174.34,-167.86,-265.74,264.61,-0.61262,-91.476,664.11,507.8,603.83,714.06,522.04
366.6,181.17,-172.65,-274.55,272.09,-0.41792,-95.307,673.74,519,620.74,734.56,539.41
377.01,187.89,-177.67,-283.12,279.92,-0.18143,-99.257,682.28,529.74,637.35,754.86,556.6
387.49,194.3,-182.87,-291.44,288.1,0.13368,-103.33,689.64,540.08,653.85,774.85,573.38
398.03,200.28,-188.06,-299.5,296.51,0.55896,-107.48,695.79,550.08,670.32,794.39,589.61
408.49,205.83,-193.02,-307.26,304.84,1.1299,-111.72,700.76,559.69,686.7,813.36,605.22
418.59,211.01,-197.51,-314.66,312.63,1.8967,-116.1,704.59,568.8,702.69,831.64,620.24
427.94,215.91,-201.31,-321.61,319.35,2.9242,-120.68,707.3,577.21,717.78,849.15,634.73
436.18,220.61,-204.28,-328.03,324.67,4.2813,-125.45,708.89,584.71,731.37,865.82,648.8
443.14,225.15,-206.31,-333.86,328.67,6.0232,-130.32,709.27,591.17,742.95,881.6,662.52
449.03,229.55,-207.36,-339.15,331.87,8.1616,-135.19,708.26,596.54,752.28,896.43,675.9
454.26,233.82,-207.5,-344,334.81,10.634,-139.95,705.59,600.7,759.53,910.26,688.77
459.17,237.91,-206.94,-348.56,337.79,13.312,-144.48,700.89,603.46,765.08,922.99,700.83
463.78,241.77,-206.01,-352.81,340.65,16.047,-148.73,693.77,604.48,769.28,934.28,711.58
467.73,245.37,-205.02,-356.62,342.77,18.713,-152.68,683.9,603.31,772.21,943.47,720.39
470.59,248.68,-204.02,-359.8,343.58,21.213,-156.32,671.07,599.58,773.59,949.89,726.88
472.16,251.65,-202.88,-362.19,343.05,23.495,-159.68,655.38,593.31,772.99,953.2,731.24
472.29,254.1,-201.33,-363.65,341.49,25.551,-162.77,637.21,584.96,770.03,953.34,733.92
470.76,255.74,-199.07,-363.92,338.95,27.383,-165.58,617.12,575.1,764.52,950.27,734.98
467.35,256.27,-195.85,-362.74,335.2,28.978,-168.01,595.7,564.04,756.27,943.75,733.93
461.95,255.47,-191.67,-359.9,330.11,30.322,-169.94,573.37,551.71,745.05,933.5,730.05
454.6,253.23,-186.73,-355.28,323.81,31.422,-171.23,550.37,537.76,730.55,919.3,722.72
445.41,249.64,-181.21,-348.89,316.52,32.287,-171.85,526.75,521.88,712.59,901.19,711.64
434.52,244.89,-175.22,-340.92,308.32,32.915,-171.85,502.45,504.03,691.33,879.46,696.89
422.12,239.26,-168.9,-331.68,299.25,33.302,-171.31,477.47,484.54,667.31,854.67,678.83
408.46,232.93,-162.39,-321.46,289.4,33.457,-170.24,451.87,463.91,641.36,827.46,658.05
393.84,226.04,-155.71,-310.52,278.87,33.41,-168.57,425.85,442.62,614.22,798.3,635.12
378.45,218.63,-148.76,-299,267.71,33.202,-166.15,399.7,420.92,586.29,767.38,610.49
362.35,210.72,-141.39,-286.95,255.88,32.879,-162.84,373.71,398.82,557.67,734.59,584.43
345.53,202.36,-133.49,-274.36,243.32,32.474,-158.58,348.13,376.23,528.36,699.82,557.03
328.05,193.64,-125.02,-261.25,230.05,32.003,-153.45,323.07,353.04,498.47,663.2,528.4
310.11,184.62,-116.03,-247.76,216.25,31.456,-147.65,298.54,329.33,468.28,625.23,498.68
292.01,175.26,-106.66,-234.02,202.25,30.797,-141.37,274.52,305.35,438.24,586.62,468.16
273.95,165.44,-97.267,-220.1,188.42,29.977,-134.76,251.01,281.55,408.81,548.07,437.28
255.89,155.03,-88.235,-205.93,174.99,28.972,-127.88,228.15,258.47,380.41,510.15,406.54
237.67,144.07,-79.836,-191.43,161.91,27.784,-120.75,206.24,236.58,353.33,473.25,376.45
219.21,132.76,-72.16,-176.63,149.07,26.43,-113.38,185.64,216.15,327.7,437.58,347.36
200.62,121.47,-65.136,-161.76,136.46,24.917,-105.82,166.73,197.29,303.49,403.27,319.49
182.28,110.63,-58.564,-147.22,124.19,23.241,-98.264,149.72,179.93,280.6,370.37,292.87
164.71,100.55,-52.198,-133.45,112.41,21.403,-90.934,134.61,163.92,258.9,338.89,267.4
148.39,91.36,-45.874,-120.73,101.28,19.431,-84.003,121.21,149.04,238.26,308.84,242.91
133.59,82.998,-39.633,-109.13,90.939,17.387,-77.482,109.18,135.09,218.61,280.26,219.29
120.21,75.237,-33.723,-98.496,81.41,15.361,-71.26,98.09,121.89,199.97,253.25,196.54
107.96,67.762,-28.448,-88.597,72.539,13.43,-65.21,87.507,109.37,182.41,227.92,174.79
96.483,60.295,-23.95,-79.211,64.082,11.621,-59.279,77.103,97.492,166.05,204.44,154.28
85.564,52.836,-20.17,-70.2,55.961,9.9163,-53.499,66.814,86.312,151.04,182.9,135.27
75.138,45.772,-16.982,-61.521,48.485,8.2951,-47.88,56.93,75.897,137.42,163.32,117.98
65.308,39.437,-14.274,-53.209,42.011,6.7627,-42.428,47.943,66.301,125.11,145.58,102.51
56.233,33.764,-11.882,-45.34,36.575,5.3283,-37.209,40.335,57.518,113.9,129.34,88.751
47.977,28.47,-9.5407,-38.139,31.955,3.9817,-32.34,34.37,49.475,103.54,113.64,76.017
40.48,23.236,-7.2595,-32.09,27.839,2.7031,-27.92,29.668,42.211,93.741,97.706,63.512
33.71,17.903,-5.6159,-27.326,23.934,1.484,-23.965,25.421,36.023,84.35,82.711,52.174
27.836,12.695,-4.7469,-23.206,20.068,0.33147,-20.454,21.178,30.915,75.379,69.764,42.651
23.144,8.0219,-4.285,-18.88,16.336,-0.74575,-17.387,17.009,26.286,66.972,58.764,34.196
19.391,4.1113,-3.9741,-14.054,13.133,-1.751,-14.709,13.187,21.716,59.266,49.401,26.503
15.821,0.97196,-3.7336,-9.3302,10.593,-2.6984,-12.182,9.9084,17.364,52.351,41.442,19.836
12.267,-1.4757,-3.5628,-5.4537,8.5584,-3.6,-9.5888,7.2155,13.557,46.318,34.73,14.558
9.1273,-3.3367,-3.4803,-2.5763,7.0251,-4.4573,-7.1864,5.0416,10.417,41.233,29.09,10.901
6.623,-4.7338,-3.4941,-0.49105,5.9536,-5.2672,-5.3562,3.2863,7.865,37.059,24.311,8.4181
4.697,-5.7958,-3.5905,1.0277,5.2182,-6.0302,-4.1049,1.8582,5.7638,33.644,20.217,6.2125
3.2101,-6.6352,-3.739,2.1464,4.6887,-6.7515,-3.2475,0.68703,4.0013,30.812,16.679,3.8011
2.0441,-7.3338,-3.9035,2.984,4.2705,-7.4335,-2.6281,-0.28097,2.5077,28.415,13.606,1.3083
1.1198,-7.9423,-4.0545,3.6263,3.9091,-8.0712,-2.1581,-1.0903,1.2461,26.337,10.938,-0.93173
0.38754,-8.4872,-4.1747,4.133,3.5818,-8.6547,-1.7928,-1.7797,0.19722,24.497,8.6418,-2.7342
-0.18751,-8.9816,-4.2601,4.5439,3.2844,-9.1739,-1.5085,-2.3807,-0.6523,22.828,6.6922,-4.1099
-0.63659,-9.4317,-4.3144,4.8868,3.0203,-9.6204,-1.2901,-2.9152,-1.3194,21.284,5.0571,-5.1543
-0.99169,-9.8405,-4.3435,5.1813,2.7933,-9.9876,-1.1268,-3.3927,-1.8297,19.822,3.6876,-5.9622
-1.2849,-10.207,-4.3504,5.4383,2.6047,-10.272,-1.0095,-3.8133,-2.2173,18.406,2.5168,-6.5979
-1.5424,-10.527,-4.3362,5.6618,2.4528,-10.476,-0.93074,-4.171,-2.5196,17.007,1.4792,-7.1002
-1.7818,-10.792,-4.3033,5.8495,2.3339,-10.607,-0.88406,-4.4595,-2.7698,15.606,0.52417,-7.4927
-2.0109,-10.992,-4.2589,5.9961,2.2408,-10.675,-0.86289,-4.6763,-2.991,14.204,-0.37168,-7.7906
-2.2279,-11.117,-4.2138,6.0973,2.1627,-10.689,-0.86241,-4.8247,-3.192,12.821,-1.2036,-8.0028
-2.4254,-11.16,-4.1758,6.1532,2.0857,-10.657,-0.87999,-4.9127,-3.3706,11.492,-1.9453,-8.1345
-2.5911,-11.119,-4.1432,6.1686,1.9977,-10.586,-0.91422,-4.9505,-3.5184,10.258,-2.5674,-8.1876
-2.714,-11.007,-4.1034,6.1512,1.8925,-10.485,-0.96279,-4.9472,-3.6269,9.1607,-3.0417,-8.1594
-2.7887,-10.846,-4.0378,6.1097,1.7696,-10.37,-1.021,-4.9087,-3.6908,8.2215,-3.3497,-8.046
-2.8151,-10.663,-3.9297,6.0513,1.632,-10.252,-1.0816,-4.8348,-3.7079,7.4488,-3.486,-7.8449
-2.799,-10.483,-3.7734,5.9816,1.4868,-10.14,-1.1361,-4.7205,-3.6783,6.8337,-3.4604,-7.5586
-2.7469,-10.323,-3.5792,5.9025,1.3471,-10.042,-1.1772,-4.5573,-3.6004,6.3536,-3.2974,-7.1967
-2.6611,-10.183,-3.3733,5.8117,1.2337,-9.9602,-1.201,-4.3376,-3.4726,5.9772,-3.0323,-6.7763
-2.5396,-10.046,-3.1893,5.7035,1.1707,-9.8938,-1.2099,-4.0585,-3.2958,5.6882,-2.7036,-6.3197
-2.3789,-9.8943,-3.0601,5.5719,1.1782,-9.8361,-1.2102,-3.7251,-3.0776,5.4798,-2.3455,-5.8484
-2.1785,-9.7111,-3.013,5.415,1.2671,-9.7827,-1.211,-3.3508,-2.8337,5.3606,-1.9826,-5.3771
-1.9441,-9.4952,-3.0702,5.2363,1.4376,-9.7424,-1.2201,-2.9548,-2.587,5.3466,-1.6339,-4.9095
-1.6866,-9.2545,-3.2465,5.0427,1.6802,-9.7341,-1.2414,-2.5581,-2.3614,5.4452,-1.3148,-4.4402
-1.4177,-8.9982,-3.5385,4.8396,1.9774,-9.7676,-1.2738,-2.1783,-2.174,5.6526,-1.0371,-3.9561
-1.1448,-8.7278,-3.9144,4.6268,2.3041,-9.8282,-1.3126,-1.8249,-2.0276,5.9473,-0.80344,-3.4375
-0.86982,-8.4375,-4.3166,4.3987,2.6292,-9.8781,-1.3513,-1.497,-1.9087,6.297,-0.6022,-2.8633
-0.5912,-8.1189,-4.6758,4.1494,2.9196,-9.8677,-1.3864,-1.187,-1.793,6.6702,-0.40723,-2.2168
-0.30938,-7.7662,-4.9293,3.877,3.1463,-9.7498,-1.4186,-0.88723,-1.6547,7.0439,-0.18954,-1.495
-0.029727,-7.3803,-5.0318,3.5874,3.2891,-9.4904,-1.4532,-0.59606,-1.4769,7.4037,0.069041,-0.71406
0.23686,-6.9682,-4.9596,3.2931,3.3385,-9.0744,-1.4981,-0.31899,-1.2553,7.7399,0.36678,0.092044
0.47661,-6.5386,-4.7099,3.0082,3.2949,-8.5077,-1.5573,-0.066082,-0.99967,8.0425,0.68427,0.88119
0.67814,-6.0972,-4.2986,2.7409,3.1654,-7.8126,-1.6266,0.1522,-0.72674,8.3045,0.9931,1.6193
0.83821,-5.6432,-3.7554,2.4885,2.9617,-7.0218,-1.6932,0.32861,-0.45259,8.52,1.2661,2.2939
0.96467,-5.1685,-3.1196,2.2367,2.6996,-6.1715,-1.7393,0.46113,-0.18606,8.6879,1.485,2.9156
1.0744,-4.662,-2.4355,1.9658,2.4009,-5.2976,-1.7481,0.55285,0.074085,8.8193,1.6447,3.5084
1.1862,-4.1152,-1.7476,1.6601,2.0941,-4.4361,-1.7096,0.60995,0.33825,8.9286,1.7539,4.0962
1.3118,-3.5287,-1.0946,1.3167,1.808,-3.6223,-1.6231,0.63887,0.62212,9.0336,1.8332,4.6947
1.4499,-2.918,-0.50921,0.9503,1.5631,-2.8856,-1.4968,0.64411,0.94142,9.152,1.9097,5.3116
1.5868,-2.3145,-0.017838,0.59085,1.3671,-2.2425,-1.3439,0.6274,1.3066,9.2983,2.007,5.9483
1.704,-1.7565,0.36639,0.27194,1.2193,-1.6942,-1.1759,0.58837,1.7197,9.478,2.1372,6.6021
1.7895,-1.2739,0.64698,0.014021,1.1168,-1.232,-0.99815,0.52653,2.1745,9.6851,2.2972,7.265
1.8479,-0.87311,0.83652,-0.1873,1.0598,-0.84441,-0.80791,0.4433,2.6596,9.9021,2.4743,7.926
1.8991,-0.53682,0.94806,-0.35846,1.0506,-0.5218,-0.59748,0.34232,3.1624,10.105,2.6556,8.5733
1.9675,-0.23631,0.99234,-0.53184,1.0899,-0.25826,-0.36064,0.2275,3.6706,10.271,2.8359,9.1967
2.0677,0.049827,0.97791,-0.72736,1.1722,-0.054657,-0.098376,0.10009,4.1732,10.382,3.0192,9.7875
2.1972,0.32356,0.91212,-0.94266,1.2842,0.081078,0.17925,-0.042292,4.6588,10.428,3.2131,10.337
2.3397,0.56855,0.80371,-1.1564,1.4074,0.13909,0.45485,-0.20274,5.1161,10.411,3.4224,10.841
2.4736,0.76419,0.66764,-1.3419,1.5204,0.11911,0.70793,-0.37938,5.5352,10.342,3.6452,11.303
2.5816,0.90338,0.52934,-1.4839,1.6033,0.041592,0.92034,-0.56138,5.9108,10.243,3.8745,11.742
2.6563,1.0024,0.4227,-1.587,1.6415,-0.050503,1.0814,-0.73038,6.2442,10.135,4.1008,12.187
2.7004,1.0952,0.38097,-1.6726,1.6284,-0.10372,1.1895,-0.86762,6.5408,10.038,4.3134,12.665
2.7226,1.2171,0.42499,-1.7657,1.5671,-0.072466,1.2492,-0.96282,6.8039,9.9577,4.5004,13.18
2.7312,1.3897,0.55606,-1.8826,1.4685,0.065454,1.2655,-1.0193,7.0293,9.8833,4.6492,13.706
2.7289,1.614,0.75745,-2.0244,1.3466,0.30366,1.2402,-1.0524,7.2036,9.7927,4.7506,14.189
2.7113,1.8755,1.003,-2.1789,1.214,0.61498,1.1715,-1.0824,7.3099,9.6589,4.8021,14.577
2.6702,2.1556,1.2681,-2.3287,1.0779,0.96579,1.0582,-1.1259,7.3351,9.4604,4.8091,14.831
2.5998,2.4443,1.5382,-2.4608,0.9395,1.3317,0.90331,-1.1893,7.2747,9.1888,4.7813,14.944
2.5002,2.7471,1.8128,-2.5744,0.79413,1.7071,0.7159,-1.2685,7.1321,8.8509,4.7274,14.933
2.3767,3.0818,2.1045,-2.6799,0.63297,2.1039,0.50907,-1.3525,6.9141,8.4656,4.6516,14.83
2.2348,3.4673,2.4339,-2.7915,0.44575,2.545,0.297,-1.4295,6.6282,8.0578,4.5525,14.662
2.076,3.9093,2.8221,-2.9166,0.22453,3.0501,0.091936,-1.4904,6.283,7.6527,4.427,14.454
1.8971,4.3906,3.2822,-3.0493,-0.032921,3.6234,-0.097744,-1.5309,5.89,7.2719,4.2752,14.22
1.6945,4.874,3.814,-3.1726,-0.32154,4.2478,-0.26804,-1.5518,5.4654,6.929,4.1044,13.97
1.4687,5.3157,4.4016,-3.2673,-0.62912,4.8872,-0.41848,-1.5594,5.0301,6.6258,3.9286,13.709
1.2262,5.6825,5.0154,-3.3209,-0.93814,5.4964,-0.55055,-1.5647,4.6078,6.3527,3.7635,13.436
0.97633,5.9611,5.6174,-3.3308,-1.2303,6.0347,-0.66627,-1.5794,4.2206,6.0923,3.6205,13.145
0.72633,6.1564,6.1735,-3.3016,-1.4943,6.4801,-0.76743,-1.611,3.8835,5.8293,3.5026,12.826
0.47646,6.2824,6.6702,-3.2385,-1.7328,6.8387,-0.8551,-1.6588,3.5991,5.5572,3.4024,12.466
0.2184,6.3521,7.1219,-3.1431,-1.9621,7.1386,-0.92954,-1.7156,3.3576,5.2796,3.3053,12.054
-0.0608,6.3713,7.5565,-3.0109,-2.2018,7.41,-0.99043,-1.7732,3.1402,5.0041,3.195,11.585
-0.36912,6.3378,7.9868,-2.8359,-2.4607,7.6631,-1.0375,-1.8278,2.9256,4.7339,3.0587,11.063
-0.69953,6.2471,8.3931,-2.6179,-2.7275,7.8787,-1.0714,-1.881,2.695,4.4652,2.8912,10.501
-1.0273,6.0985,8.7239,-2.3671,-2.9723,8.0188,-1.0943,-1.937,2.4348,4.1898,2.6947,9.9128
-1.3181,5.8997,8.9154,-2.1017,-3.1584,8.047,-1.1099,-1.9988,2.1369,3.8999,2.4754,9.3163
-1.5437,5.6655,8.9239,-1.8414,-3.2596,7.9485,-1.1215,-2.0686,1.7981,3.5918,2.2374,8.7359
-1.695,5.4131,8.7516,-1.5989,-3.2752,7.7389,-1.1282,-2.15,1.4207,3.266,1.9783,8.1998
-1.7878,5.1554,8.45,-1.3748,-3.2323,7.4566,-1.1243,-2.2492,1.0132,2.9243,1.6883,7.7266
-1.8563,4.8962,8.0956,-1.1582,-3.1755,7.146,-1.1004,-2.3728,0.58939,2.5674,1.3566,7.3175
-1.9383,4.6299,7.7544,-0.93204,-3.1485,6.8392,-1.0459,-2.5244,0.16474,2.1919,0.97829,6.9532
-2.0577,4.3453,7.4578,-0.68238,-3.1765,6.547,-0.95125,-2.703,-0.24773,1.7882,0.5587,6.5984
-2.2134,4.0344,7.1985,-0.4071,-3.2572,6.2627,-0.80939,-2.9045,-0.64057,1.3409,0.11442,6.2131
-2.3826,3.6991,6.9468,-0.11879,-3.3633,5.9742,-0.61638,-3.1237,-1.0117,0.83224,-0.33029,5.7653
-2.5351,3.3529,6.6756,0.16067,-3.4578,5.6773,-0.3719,-3.3565,-1.362,0.25185,-0.75135,5.2414
-2.6506,3.0147,6.3818,0.41134,-3.5137,5.3793,-0.079774,-3.5981,-1.6938,-0.39408,-1.1341,4.6477
-2.7287,2.6986,6.0897,0.62559,-3.5284,5.093,0.25103,-3.8424,-2.01,-1.0778,-1.4787,4.0024
-2.7876,2.4078,5.8355,0.81058,-3.5214,4.8305,0.60601,-4.0807,-2.316,-1.7546,-1.7988,3.3223
-2.8525,2.1365,5.6479,0.98149,-3.5204,4.5988,0.9683,-4.3027,-2.6189,-2.3771,-2.1143,2.6151
-2.9406,1.8792,5.5365,1.1496,-3.5448,4.3994,1.3261,-4.4997,-2.9258,-2.9131,-2.4416,1.88
-3.05,1.6387,5.487,1.3127,-3.5941,4.2277,1.6784,-4.6694,-3.242,-3.3601,-2.7873,1.1156
-3.1575,1.4279,5.4647,1.4536,-3.6463,4.0728,2.0316,-4.8182,-3.5704,-3.7463,-3.1475,0.32571
-3.2275,1.265,5.4219,1.5471,-3.6655,3.919,2.3879,-4.9611,-3.9124,-4.117,-3.5141,-0.47985
-3.2283,1.1642,5.3127,1.5726,-3.6186,3.7507,2.7339,-5.1179,-4.2688,-4.5191,-3.8826,-1.2875
-3.1475,1.1276,5.1118,1.5255,-3.4897,3.5596,3.0391,-5.3048,-4.6387,-4.9838,-4.256,-2.0822
-2.9996,1.141,4.824,1.4227,-3.2874,3.3486,3.2646,-5.5278,-5.0171,-5.5208,-4.6435,-2.8489
-2.8231,1.1753,4.4806,1.3001,-3.0393,3.1308,3.3805,-5.7785,-5.3942,-6.1217,-5.054,-3.5753
-2.6655,1.1939,4.1228,1.202,-2.7794,2.9235,3.381,-6.0366,-5.7577,-6.7678,-5.4872,-4.2551
-2.5625,1.1638,3.7848,1.1646,-2.5352,2.7395,3.2859,-6.2768,-6.0987,-7.4369,-5.9286,-4.8895
-2.5237,1.0651,3.4846,1.2013,-2.3193,2.5819,3.1294,-6.4775,-6.4163,-8.1068,-6.3518,-5.4828
-2.5321,0.89693,3.2227,1.3008,-2.1291,2.4426,2.9427,-6.6291,-6.7189,-8.7575,-6.7284,-6.0389
-2.5601,0.67272,2.99,1.4375,-1.9559,2.3066,2.742,-6.7384,-7.0218,-9.371,-7.0401,-6.5576
-2.5894,0.411,2.7789,1.5868,-1.796,2.1572,2.5281,-6.8278,-7.3392,-9.9309,-7.284,-7.0345
-2.6227,0.12541,2.5908,1.7386,-1.6588,1.9808,2.2923,-6.9268,-7.6752,-10.421,-7.4717,-7.4639
-2.6825,-0.18037,2.4333,1.8995,-1.5643,1.767,2.0269,-7.0612,-8.0172,-10.829,-7.6224,-7.8419
-2.798,-0.51131,2.3107,2.0856,-1.5327,1.5072,1.736,-7.2428,-8.337,-11.146,-7.7556,-8.1684
-2.9889,-0.87482,2.216,2.3109,-1.5732,1.1932,1.44,-7.4657,-8.6014,-11.376,-7.8838,-8.4463
-3.2539,-1.2732,2.1304,2.5771,-1.6766,0.8184,1.1715,-7.7085,-8.7874,-11.533,-8.0094,-8.6778
-3.5698,-1.6996,2.028,2.8706,-1.8181,0.38133,0.96353,-7.944,-8.8935,-11.638,-8.1246,-8.8617
-3.9,-2.1399,1.8843,3.1685,-1.9657,-0.11122,0.83845,-8.1502,-8.9367,-11.711,-8.2146,-8.994
-4.2094,-2.5797,1.6842,3.4492,-2.0906,-0.64371,0.80127,-8.3177,-8.9412,-11.765,-8.2632,-9.0708
-4.4754,-3.0093,1.4275,3.7022,-2.1746,-1.193,0.83876,-8.4473,-8.9262,-11.806,-8.2569,-9.0923
-4.6913,-3.4239,1.1286,3.9304,-2.2112,-1.73,0.92522,-8.5444,-8.9009,-11.833,-8.1877,-9.0628
-4.8641,-3.8196,0.8128,4.1434,-2.2044,-2.2214,1.0312,-8.6095,-8.8643,-11.849,-8.0518,-8.9908
-5.0072,-4.1877,0.50876,4.3497,-2.1651,-2.6329,1.1342,-8.6346,-8.8096,-11.856,-7.8473,-8.8877
-5.1349,-4.5162,0.24013,4.5505,-2.1075,-2.9364,1.2238,-8.6061,-8.7285,-11.859,-7.572,-8.7662
-5.2553,-4.7932,0.018757,4.7398,-2.044,-3.1196,1.3009,-8.5132,-8.6167,-11.863,-7.2253,-8.6398
-5.368,-5.0123,-0.15949,4.9078,-1.9824,-3.1929,1.3719,-8.3556,-8.4758,-11.872,-6.8142,-8.5219
-5.4663,-5.1741,-0.31142,5.045,-1.9264,-3.1883,1.4409,-8.1456,-8.3131,-11.88,-6.3602,-8.4242
-5.5428,-5.2851,-0.45678,5.1474,-1.8791,-3.1497,1.5051,-7.9033,-8.1382,-11.883,-5.8996,-8.3551
-5.5955,-5.3551,-0.60612,5.2187,-1.846,-3.1183,1.5541,-7.649,-7.96,-11.876,-5.4743,-8.3184
-5.63,-5.394,-0.75314,5.2685,-1.8369,-3.1191,1.5736,-7.3959,-7.7838,-11.853,-5.1151,-8.3118
-5.6588,-5.4086,-0.87521,5.3086,-1.8657,-3.1545,1.5534,-7.147,-7.611,-11.814,-4.8324,-8.3269
-5.6957,-5.4011,-0.94198,5.3477,-1.9465,-3.2071,1.4922,-6.8951,-7.4406,-11.756,-4.6141,-8.3508
-5.749,-5.3693,-0.92869,5.3876,-2.0857,-3.2489,1.3996,-6.6273,-7.2732,-11.683,-4.4377,-8.3712
-5.8159,-5.3104,-0.82726,5.4232,-2.2751,-3.254,1.2926,-6.331,-7.1143,-11.606,-4.2858,-8.38
-5.8842,-5.2251,-0.65045,5.4457,-2.4902,-3.2088,1.1886,-5.9993,-6.974,-11.543,-4.1562,-8.3759
-5.9365,-5.1195,-0.42912,5.4472,-2.6962,-3.1158,1.0999,-5.6342,-6.8657,-11.517,-4.0604,-8.3633
-5.9561,-5.0026,-0.20305,5.4225,-2.8572,-2.9891,1.0316,-5.247,-6.7982,-11.548,-4.0142,-8.3485
-5.9318,-4.8799,-0.0093077,5.3694,-2.9449,-2.8462,0.98392,-4.8558,-6.7711,-11.643,-4.0256,-8.3366
-5.8625,-4.7504,0.12679,5.2883,-2.9453,-2.6984,0.9558,-4.4816,-6.7748,-11.795,-4.0874,-8.3285
-5.7571,-4.6086,0.19498,5.1841,-2.8621,-2.5492,0.94686,-4.1421,-6.7948,-11.981,-4.1794,-8.3216
-5.6325,-4.4496,0.19732,5.0657,-2.7139,-2.3983,0.9567,-3.8472,-6.8163,-12.169,-4.2775,-8.3108
-5.5071,-4.2741,0.14222,4.9431,-2.5276,-2.2476,0.9827,-3.595,-6.8268,-12.324,-4.3652,-8.2918
-5.3945,-4.0921,0.038562,4.8257,-2.3289,-2.1068,1.0215,-3.372,-6.8176,-12.417,-4.4406,-8.2622
-5.2998,-3.9226,-0.10727,4.7208,-2.1355,-1.9929,1.0687,-3.1592,-6.7842,-12.432,-4.5156,-8.2222
-5.2204,-3.7907,-0.29077,4.6348,-1.9543,-1.9268,1.1207,-2.9392,-6.7274,-12.365,-4.6095,-8.1724
-5.1496,-3.7213,-0.50597,4.5734,-1.7847,-1.925,1.1749,-2.7025,-6.6544,-12.22,-4.74,-8.1137
-5.0824,-3.7308,-0.74101,4.5415,-1.6252,-1.9916,1.2293,-2.4499,-6.5773,-12.011,-4.9142,-8.0466
-5.0186,-3.8227,-0.9759,4.5437,-1.4828,-2.1144,1.2809,-2.1908,-6.5106,-11.759,-5.1232,-7.9718
-4.9663,-3.9882,-1.1867,4.5831,-1.3745,-2.2701,1.3255,-1.9393,-6.4673,-11.49,-5.3438,-7.8901
-4.9385,-4.2117,-1.3549,4.6615,-1.3195,-2.4373,1.3586,-1.7096,-6.4539,-11.235,-5.5482,-7.8024
-4.9465,-4.4762,-1.4775,4.7781,-1.3263,-2.6101,1.3755,-1.5113,-6.4687,-11.027,-5.7166,-7.7114
-4.9948,-4.7676,-1.5723,4.9295,-1.3832,-2.8037,1.372,-1.3465,-6.5018,-10.893,-5.8456,-7.6222
-5.076,-5.0738,-1.6755,5.1069,-1.4601,-3.0472,1.3456,-1.209,-6.5404,-10.844,-5.9496,-7.5433
-5.1726,-5.3801,-1.829,5.2949,-1.5193,-3.3646,1.2957,-1.0871,-6.5741,-10.877,-6.0534,-7.4835
-5.2627,-5.6644,-2.0623,5.4713,-1.5294,-3.7561,1.224,-0.96752,-6.5979,-10.962,-6.1786,-7.4485
-5.325,-5.8976,-2.3801,5.6108,-1.4747,-4.1893,1.1333,-0.84053,-6.6134,-11.066,-6.3326,-7.4375
-5.3435,-6.049,-2.76,5.6915,-1.3576,-4.6057,1.0261,-0.70217,-6.6245,-11.151,-6.506,-7.4423
-5.31,-6.0962,-3.1581,5.7008,-1.1978,-4.9375,0.90566,-0.55393,-6.6339,-11.19,-6.6796,-7.4489
-5.2246,-6.0333,-3.5177,5.6388,-1.0219,-5.1271,0.77624,-0.39989,-6.6442,-11.169,-6.8354,-7.4405
-5.0937,-5.874,-3.7795,5.5175,-0.85552,-5.1428,0.64545,-0.24377,-6.6545,-11.095,-6.9663,-7.402
-4.9282,-5.6474,-3.8974,5.356,-0.71744,-4.9861,0.52444,-0.087819,-6.6607,-10.985,-7.0758,-7.3241
-4.741,-5.3897,-3.8523,5.1759,-0.61909,-4.6869,0.42631,0.066181,-6.6554,-10.863,-7.1774,-7.2054
-4.5453,-5.1322,-3.6548,4.9952,-0.56641,-4.2892,0.36277,0.21562,-6.6302,-10.749,-7.2828,-7.057
-4.3509,-4.8911,-3.338,4.824,-0.55974,-3.8358,0.34039,0.35721,-6.5769,-10.658,-7.3988,-6.8993
-4.1642,-4.6639,-2.9456,4.6629,-0.59172,-3.361,0.36105,0.48819,-6.489,-10.571,-7.5216,-6.7565
-3.9891,-4.4374,-2.5232,4.5062,-0.64736,-2.8936,0.42277,0.60991,-6.3635,-10.468,-7.6415,-6.6481
-3.8279,-4.2011,-2.1182,4.3482,-0.70498,-2.4632,0.52293,0.72341,-6.2015,-10.336,-7.7543,-6.5829
-3.684,-3.9578,-1.7852,4.1895,-0.7409,-2.1053,0.66075,0.8318,-6.0098,-10.155,-7.8606,-6.5496
-3.5612,-3.7233,-1.5823,4.037,-0.73375,-1.8573,0.83683,0.93965,-5.7934,-9.9167,-7.9646,-6.5279
-3.4602,-3.5192,-1.5512,3.9004,-0.66981,-1.747,1.0498,1.051,-5.5605,-9.6199,-8.071,-6.4968
-3.3774,-3.3629,-1.6968,3.786,-0.54845,-1.7788,1.2922,1.1664,-5.3216,-9.2683,-8.1844,-6.4438
-3.3072,-3.2612,-1.9826,3.6946,-0.38253,-1.9287,1.5485,1.2806,-5.0922,-8.8728,-8.308,-6.368
-3.2446,-3.2072,-2.3417,3.6201,-0.19477,-2.1469,1.7978,1.3825,-4.8883,-8.452,-8.4429,-6.2769
-3.1873,-3.1841,-2.6955,3.5534,-0.011252,-2.3687,2.0189,1.4583,-4.7228,-8.0311,-8.5847,-6.18
-3.1366,-3.1723,-2.9729,3.4872,0.14534,-2.5304,2.1957,1.4928,-4.5985,-7.635,-8.7208,-6.0833
-3.0944,-3.1586,-3.1268,3.4196,0.26182,-2.5859,2.3198,1.4809,-4.5052,-7.2851,-8.8343,-5.9871
-3.0632,-3.1408,-3.1441,3.3558,0.33611,-2.5183,2.3878,1.4201,-4.4231,-6.9832,-8.9022,-5.8877
-3.0457,-3.1251,-3.0437,3.3046,0.3755,-2.3407,2.3988,1.3136,-4.3312,-6.7177,-8.9065,-5.7846
-3.0433,-3.1185,-2.8656,3.2727,0.39245,-2.0874,2.3511,1.1709,-4.2166,-6.4709,-8.8405,-5.6809
-3.0572,-3.123,-2.6547,3.2607,0.39809,-1.7999,2.2427,1.0084,-4.0753,-6.2273,-8.7112,-5.588
-3.0888,-3.1337,-2.447,3.2638,0.39783,-1.5157,2.0719,0.84774,-3.9123,-5.9783,-8.5321,-5.521
-3.1398,-3.1423,-2.2644,3.275,0.39044,-1.2617,1.8397,0.71071,-3.7377,-5.722,-8.3258,-5.4959
-3.2124,-3.1412,-2.116,3.2888,0.36999,-1.0535,1.5531,0.61119,-3.5628,-5.4614,-8.1141,-5.5192
-3.307,-3.1287,-2.001,3.3034,0.32885,-0.89698,1.226,0.55529,-3.3976,-5.2029,-7.9107,-5.5829
-3.424,-3.1114,-1.912,3.3225,0.26085,-0.7926,0.8788,0.53864,-3.2506,-4.9496,-7.7213,-5.6651
-3.5633,-3.1036,-1.839,3.3541,0.16376,-0.73745,0.5349,0.54921,-3.1277,-4.7209,-7.5475,-5.7415
-3.7234,-3.1217,-1.7741,3.4083,0.040979,-0.72662,0.21625,0.57059,-3.0319,-4.5302,-7.3873,-5.7948
-3.9006,-3.1781,-1.7145,3.4924,-0.099762,-0.75368,-0.059786,0.59063,-2.9614,-4.381,-7.2309,-5.8185
-4.0882,-3.2753,-1.6618,3.6075,-0.24767,-0.81074,-0.28272,0.60289,-2.9081,-4.2748,-7.0665,-5.822
-4.2773,-3.4066,-1.6192,3.7478,-0.39087,-0.8881,-0.45037,0.60712,-2.8651,-4.2028,-6.8829,-5.8226
-4.4573,-3.5588,-1.5892,3.9014,-0.51794,-0.97497,-0.56832,0.60748,-2.8231,-4.1455,-6.6719,-5.8401
-4.6161,-3.7169,-1.5729,4.0536,-0.61868,-1.0614,-0.64628,0.61032,-2.7736,-4.0747,-6.4268,-5.8888
-4.7413,-3.8673,-1.5708,4.1888,-0.6851,-1.1399,-0.69238,0.6225,-2.7056,-3.9567,-6.1411,-5.9717
-4.8226,-3.9993,-1.5839,4.2945,-0.713,-1.2067,-0.71035,0.65009,-2.6089,-3.7584,-5.8082,-6.0791
-4.8552,-4.1058,-1.613,4.3629,-0.70315,-1.2615,-0.69969,0.69687,-2.4726,-3.4555,-5.4239,-6.1932
-4.8399,-4.1831,-1.6599,4.3918,-0.66014,-1.3062,-0.65882,0.76424,-2.2895,-3.0406,-4.9884,-6.2933
-4.7806,-4.2299,-1.7274,4.3827,-0.58888,-1.3447,-0.58904,0.84481,-2.0598,-2.5271,-4.5069,-6.3622
-4.6818,-4.2475,-1.8212,4.3391,-0.49134,-1.3829,-0.49719,0.92737,-1.794,-1.9468,-3.9946,-6.3902
-4.5483,-4.2411,-1.9492,4.2674,-0.36588,-1.4289,-0.39609,0.99566,-1.513,-1.3435,-3.4742,-6.3755
-4.3874,-4.2207,-2.1211,4.1772,-0.20961,-1.4923,-0.30248,1.0299,-1.2438,-0.7629,-2.9726,-6.3266
-4.2106,-4.2009,-2.3446,4.0824,-0.021598,-1.5825,-0.23325,1.0099,-1.0125,-0.24449,-2.5156,-6.2573
-4.0316,-4.1978,-2.6223,3.9981,0.19501,-1.7062,-0.20091,0.91964,-0.8381,0.18475,-2.1247,-6.1826
-3.8634,-4.2238,-2.948,3.9362,0.43256,-1.8644,-0.20979,0.75257,-0.72663,0.51346,-1.8074,-6.1109
-3.7148,-4.2841,-3.3067,3.9023,0.67944,-2.0519,-0.25447,0.51558,-0.67118,0.74701,-1.5558,-6.0442
-3.59,-4.3768,-3.6763,3.8957,0.92109,-2.259,-0.3214,0.22357,-0.65626,0.90539,-1.3546,-5.979
-3.4904,-4.495,-4.0317,3.9117,1.1415,-2.4744,-0.39368,-0.10464,-0.66491,1.0167,-1.1829,-5.9131
-3.4158,-4.6292,-4.3501,3.9443,1.3256,-2.6886,-0.45685,-0.45213,-0.68458,1.1078,-1.0175,-5.8474
-3.3654,-4.7698,-4.6158,3.9877,1.4622,-2.8954,-0.50307,-0.80721,-0.70952,1.1966,-0.83682,-5.7859
-3.3373,-4.908,-4.8222,4.037,1.5454,-3.0926,-0.53172,-1.1639,-0.73973,1.2892,-0.62386,-5.7344
-3.3302,-5.0379,-4.9713,4.0888,1.5758,-3.2807,-0.54679,-1.52,-0.7781,1.3817,-0.37157,-5.6985
-3.344,-5.1579,-5.0709,4.1428,1.5587,-3.4607,-0.55245,-1.8751,-0.82733,1.4645,-0.087863,-5.6813
-3.3815,-5.2712,-5.1308,4.2024,1.5029,-3.6318,-0.54933,-2.2287,-0.88811,1.5255,0.20251,-5.6828
-3.4478,-5.3831,-5.1594,4.2744,1.419,-3.7885,-0.53416,-2.5792,-0.959,1.5526,0.46214,-5.7002
-3.5465,-5.4976,-5.1631,4.3652,1.3193,-3.9203,-0.50302,-2.9242,-1.0379,1.5356,0.65082,-5.73
-3.6737,-5.6133,-5.1466,4.4754,1.218,-4.0142,-0.45598,-3.2614,-1.1247,1.4679,0.73707,-5.7695
-3.8145,-5.7222,-5.116,4.5967,1.1303,-4.0591,-0.40025,-3.5898,-1.2227,1.3489,0.70608,-5.8185
-3.9462,-5.8123,-5.0787,4.7132,1.0694,-4.0502,-0.3497,-3.9098,-1.3396,1.1836,0.56112,-5.879
-4.0465,-5.8725,-5.0433,4.8076,1.0423,-3.9927,-0.32041,-4.2234,-1.4851,0.98188,0.3203,-5.9536
-4.102,-5.8969,-5.0174,4.8677,1.0476,-3.9014,-0.32408,-4.5326,-1.6661,0.7557,0.012889,-6.0412
-4.111,-5.8876,-5.007,4.8904,1.0765,-3.7982,-0.36251,-4.8372,-1.8816,0.51953,-0.32305,-6.1346
-4.0812,-5.8523,-5.0159,4.8811,1.1166,-3.7084,-0.42575,-5.133,-2.1195,0.29186,-0.64411,-6.221
-4.0237,-5.8011,-5.0461,4.8499,1.1567,-3.6541,-0.49466,-5.4098,-2.3573,0.097158,-0.90902,-6.2857
-3.9472,-5.7402,-5.0957,4.8057,1.1905,-3.6486,-0.54656,-5.651,-2.5669,-0.035197,-1.0889,-6.3179
-3.8548,-5.6678,-5.1567,4.7516,1.2177,-3.6905,-0.56136,-5.8365,-2.7207,-0.076317,-1.1753,-6.313
-3.7439,-5.5713,-5.2131,4.6827,1.2426,-3.763,-0.52495,-5.9467,-2.797,-0.0066638,-1.1805,-6.2727
-3.6082,-5.4295,-5.2447,4.5868,1.2711,-3.8361,-0.42859,-5.9693,-2.7836,0.17585,-1.1315,-6.2023
-3.4426,-5.2169,-5.2359,4.4489,1.3063,-3.874,-0.26457,-5.9041,-2.68,0.45356,-1.0604,-6.1076
-3.2483,-4.9103,-5.1824,4.257,1.3448,-3.8414,-0.0196,-5.7638,-2.4969,0.79476,-0.99643,-5.9922
-3.0351,-4.4923,-5.0905,4.006,1.3765,-3.7067,0.33123,-5.5683,-2.2516,1.1653,-0.9603,-5.8547
-2.8169,-3.9506,-4.967,3.696,1.3866,-3.4399,0.82466,-5.3363,-1.9602,1.5404,-0.95893,-5.6873
-2.603,-3.2712,-4.8046,3.3263,1.3599,-3.0067,1.5018,-5.078,-1.629,1.9126,-0.97987,-5.475
-2.3902,-2.4291,-4.5706,2.8866,1.284,-2.3672,2.4023,-4.7929,-1.2494,2.2921,-0.99018,-5.1976
-2.1635,-1.3808,-4.2077,2.3536,1.1497,-1.482,3.5736,-4.4693,-0.80061,2.7,-0.94349,-4.8338
-1.903,-0.063672,-3.6479,1.6942,0.95215,-0.30993,5.0878,-4.089,-0.25647,3.159,-0.79398,-4.367
-1.5935,1.5935,-2.8323,0.87535,0.68927,1.2247,7.0383,-3.6326,0.4064,3.6852,-0.51053,-3.7917
-1.2315,3.6499,-1.7249,-0.12198,0.36115,3.241,9.4759,-3.0829,1.2041,4.2842,-0.08452,-3.1175
-0.82764,6.1284,-0.31358,-1.2914,-0.029597,5.8335,12.297,-2.4259,2.1456,4.9532,0.47136,-2.3671
-0.40314,9.0029,1.3959,-2.5981,-0.47537,9.0106,15.228,-1.6472,3.2353,5.6856,1.1307,-1.567
0.018586,12.209,3.3834,-3.9905,-0.9603,12.682,17.992,-0.72539,4.4792,6.4755,1.8631,-0.73596
0.42487,15.67,5.6025,-5.424,-1.4577,16.664,20.469,0.37383,5.8907,7.3222,2.6425,0.12184
0.82548,19.331,7.9694,-6.8887,-1.9296,20.708,22.677,1.7039,7.498,8.231,3.4531,1.0173
1.256,23.155,10.374,-8.4259,-2.3317,24.585,24.678,3.3394,9.3477,9.2129,4.2934,1.9725
1.7704,27.128,12.739,-10.132,-2.625,28.177,26.503,5.3721,11.501,10.28,5.1767,3.0153
2.4279,31.239,15.08,-12.148,-2.7918,31.485,28.136,7.8832,14.016,11.439,6.1278,4.1741
3.2821,35.446,17.543,-14.647,-2.8459,34.538,29.532,10.894,16.921,12.69,7.1752,5.4693
4.3741,39.666,20.365,-17.773,-2.824,37.322,30.632,14.298,20.17,14.02,8.3404,6.9042
5.7249,43.792,23.656,-21.496,-2.7652,39.802,31.393,17.839,23.603,15.402,9.6276,8.4566
7.3259,47.718,27.043,-25.492,-2.6907,42.078,31.839,21.188,26.971,16.79,11.018,10.079
9.1309,51.346,29.824,-29.296,-2.5967,44.339,32.157,24.082,30.031,18.12,12.468,11.708
11.067,54.596,31.683,-32.627,-2.4578,46.623,32.818,26.403,32.638,19.318,13.92,13.277
13.057,57.433,32.83,-35.47,-2.2417,48.785,34.279,28.157,34.778,20.3,15.302,14.725
15.041,59.888,33.578,-37.936,-1.9247,50.67,35.972,29.405,36.525,21.009,16.553,16
16.98,62.097,34.067,-40.165,-1.5052,52.158,36.512,30.193,37.986,21.429,17.62,17.065
18.835,64.359,34.247,-42.301,-1.0069,53.208,35.247,30.524,39.232,21.586,18.471,17.9
20.556,67.103,33.989,-44.503,-0.47095,54.083,32.102,30.351,40.251,21.525,19.092,18.509
22.078,70.579,33.291,-46.884,0.057639,55.439,26.975,29.591,40.948,21.282,19.48,18.906
23.342,74.445,32.374,-49.419,0.54238,57.487,19.918,28.153,41.172,20.872,19.634,19.112
24.311,77.791,31.409,-51.862,0.96192,59.402,11.515,26.005,40.763,20.291,19.557,19.135
24.986,79.678,30.286,-53.776,1.3165,60.223,2.926,23.23,39.588,19.527,19.26,18.977
25.404,79.61,28.734,-54.722,1.6322,59.537,-4.4827,20.012,37.575,18.57,18.77,18.624
25.62,77.607,26.525,-54.472,1.9524,57.383,-9.6684,16.559,34.767,17.414,18.123,18.054
25.683,74.031,23.579,-53.089,2.3125,54.002,-12.312,13.013,31.356,16.058,17.36,17.238
25.586,69.36,20.042,-50.829,2.718,49.733,-12.865,9.4292,27.625,14.501,16.508,16.163
25.262,64.022,16.251,-47.979,3.1378,45.008,-12.233,5.8068,23.813,12.746,15.579,14.847
24.607,58.363,12.622,-44.733,3.5154,40.286,-11.411,2.1715,20.017,10.801,14.567,13.338
23.538,52.719,9.4863,-41.196,3.7893,35.94,-11.259,-1.3881,16.217,8.6798,13.45,11.693
22.025,47.421,6.9964,-37.44,3.9157,32.191,-12.158,-4.7611,12.382,6.4086,12.205,9.952
20.118,42.596,5.1569,-33.535,3.8874,29.127,-13.725,-7.9081,8.5651,4.0216,10.814,8.1265
17.936,38.131,3.8736,-29.529,3.7366,26.725,-15.254,-10.903,4.9065,1.561,9.2776,6.2174
15.658,33.847,2.9882,-25.444,3.5208,24.801,-16.406,-13.886,1.561,-0.92512,7.6166,4.2425
13.451,29.561,2.335,-21.35,3.2948,22.997,-17.221,-16.998,-1.3842,-3.3901,5.8681,2.2572
11.401,25.06,1.7996,-17.426,3.0846,20.931,-17.805,-20.35,-3.9326,-5.7922,4.0742,0.34739
9.4889,20.362,1.3287,-13.863,2.8752,18.466,-18.167,-24.034,-6.1491,-8.1092,2.2675,-1.4026
7.6238,16.004,0.90545,-10.723,2.6192,15.675,-18.271,-28.121,-8.1221,-10.347,0.46657,-2.9439
5.7184,12.44,0.53532,-7.9434,2.2599,12.888,-18.127,-32.627,-9.9431,-12.536,-1.3251,-4.2739
3.7329,9.5787,0.24498,-5.4189,1.7542,10.516,-17.81,-37.443,-11.703,-14.714,-3.1104,-5.4249
1.6779,7.1239,0.072458,-3.0574,1.0848,8.589,-17.381,-42.297,-13.501,-16.911,-4.8891,-6.4436
-0.41285,4.8488,0.045753,-0.79638,0.26045,6.9508,-16.851,-46.836,-15.45,-19.134,-6.6561,-7.3783
-2.5095,2.638,0.16649,1.3934,-0.69136,5.4992,-16.221,-50.783,-17.679,-21.373,-8.4067,-8.2724
-4.5971,0.45707,0.40873,3.5145,-1.7334,4.1959,-15.507,-54.051,-20.322,-23.613,-10.147,-9.1708
-6.6717,-1.6802,0.72681,5.5534,-2.8249,3.0209,-14.744,-56.721,-23.48,-25.853,-11.901,-10.129
-8.7349,-3.7357,1.066,7.501,-3.9261,1.9515,-13.974,-58.956,-27.161,-28.115,-13.706,-11.223
-10.803,-5.6724,1.3725,9.3792,-5.0033,0.96177,-13.235,-60.92,-31.231,-30.439,-15.602,-12.556
-12.932,-7.4897,1.6003,11.277,-6.0365,0.020938,-12.531,-62.735,-35.427,-32.862,-17.612,-14.249
-15.238,-9.2575,1.7167,13.372,-7.0217,-0.90734,-11.829,-64.466,-39.455,-35.393,-19.73,-16.41
-17.833,-11.111,1.7083,15.891,-7.9627,-1.8578,-11.096,-66.134,-43.111,-38.001,-21.918,-19.086
-20.693,-13.191,1.5863,18.94,-8.8594,-2.8528,-10.335,-67.733,-46.321,-40.611,-24.123,-22.221
-23.589,-15.549,1.3835,22.318,-9.7082,-3.8962,-9.5917,-69.249,-49.113,-43.134,-26.301,-25.684
-26.235,-18.086,1.1437,25.582,-10.507,-4.9713,-8.9305,-70.678,-51.55,-45.489,-28.427,-29.315
-28.472,-20.606,0.90554,28.375,-11.255,-6.0421,-8.4042,-72.031,-53.69,-47.642,-30.508,-32.973
-30.3,-22.936,0.68963,30.597,-11.947,-7.0581,-8.0318,-73.334,-55.578,-49.608,-32.569,-36.548
-31.792,-25.019,0.49272,32.336,-12.571,-7.9713,-7.7967,-74.615,-57.247,-51.449,-34.642,-39.952
-33.025,-26.9,0.296,33.739,-13.112,-8.7634,-7.6559,-75.898,-58.727,-53.232,-36.738,-43.095
-34.05,-28.657,0.081492,34.934,-13.555,-9.4532,-7.5493,-77.186,-60.044,-54.993,-38.826,-45.898
-34.905,-30.337,-0.15136,36.007,-13.903,-10.074,-7.4095,-78.454,-61.214,-56.71,-40.831,-48.307
-35.636,-31.917,-0.37749,36.999,-14.198,-10.636,-7.1692,-79.631,-62.243,-58.309,-42.65,-50.322
-36.337,-33.316,-0.54844,37.92,-14.533,-11.099,-6.7674,-80.598,-63.122,-59.709,-44.213,-51.994
-37.163,-34.437,-0.60216,38.772,-15.069,-11.381,-6.1686,-81.19,-63.832,-60.863,-45.531,-53.428
-38.31,-35.213,-0.47691,39.557,-16.048,-11.385,-5.3982,-81.211,-64.344,-61.781,-46.748,-54.773
-39.988,-35.627,-0.11864,40.268,-17.754,-11.053,-4.5596,-80.478,-64.622,-62.548,-48.149,-56.209
-42.331,-35.707,0.59246,40.897,-19.988,-10.411,-3.7997,-78.964,-64.638,-63.309,-50.151,-57.914
-45.024,-35.513,2.2727,41.454,-20.935,-9.5987,-3.7715,-77.093,-64.374,-64.255,-53.224,-60.021
-46.652,-35.126,4.0335,41.981,-20.503,-8.9333,-3.7104,-76.015,-63.812,-65.582,-57.629,-62.43
-46.127,-34.621,3.8915,42.557,-20.205,-9.1685,-2.9929,-76.82,-62.882,-67.408,-62.524,-63.915
-44.768,-34.044,3.6173,43.284,-19.803,-10.55,-2.2119,-78.408,-61.44,-69.694,-64.389,-63.577
-44.216,-33.369,3.7413,44.279,-19.793,-11.328,-0.97438,-79.197,-59.506,-72.215,-62.734,-62.59
-44.952,-32.469,4.8358,45.633,-20.767,-10.743,1.5098,-78.711,-58.14,-74.628,-61.856,-61.754
-47.198,-31.118,7.468,47.257,-23.367,-8.4479,6.4121,-75.891,-59.222,-76.509,-62.609,-62.469
-51.858,-29.052,12.429,48.641,-28.883,-4.1489,15.239,-69.073,-58.435,-77.069,-64.966,-65.931
-60.64,-26.192,21.529,49.651,-39.687,1.6123,29.928,-56.911,-52.03,-74.724,-69.341,-73.246
-75.485,-23.022,38.717,54.055,-58.064,7.1951,52.72,-38.427,-44.127,-70.849,-78.622,-87.279
-95.652,-20.759,63.511,62.38,-81.286,14.51,82.692,-13.103,-35.787,-75.444,-96.922,-110.6
-117.6,-21.228,87.99,71.697,-104.74,26.953,116.43,18.406,-26.778,-82.917,-127.36,-142.62
-138.01,-23.443,109.28,80.785,-126.08,39.365,151.58,55.124,-16.145,-93.544,-172.24,-181.74
-153.36,-22.961,124.85,87.754,-141.85,46.748,183.49,96.524,-2.2341,-107.07,-223.51,-224.62
-160.2,-21.511,131.91,90.53,-148.9,49.887,209.53,144.02,18.214,-120.93,-269.16,-264.79
-155.84,-17.996,130.18,86.996,-145.56,50.945,229.24,203.78,50.491,-128.56,-302.44,-294.64
-138.03,-11.543,119.9,75.054,-130.39,49.744,243.38,283.49,99.07,-121.34,-315.36,-307.3
-103.65,-2.4657,97.676,52.687,-100.7,45.105,253,388.24,166.56,-90.681,-298.85,-296.3
-48.46,9.0654,58.695,18.016,-52.827,34.262,257.66,520.66,255.71,-26.75,-244.03,-255.56
31.328,24.578,-1.9537,-30.647,17.38,14.771,254.29,676.97,365.36,82.707,-142.66,-179.52
137.82,47.385,-86.509,-94.412,112.5,-14.804,237.62,844.89,493.79,235.08,12.544,-62.6
270.03,78.781,-191.4,-173.27,230.79,-53.203,201.88,1004.5,638.82,426.5,227.35,101.53
422.19,118.12,-305.85,-266.23,364.34,-91.614,142.81,1131.3,797.72,660.67,504.68,317.29
583.77,172.44,-412.81,-371.79,499.5,-117.87,59.402,1201.6,962.08,936.49,841.51,582.22
741,249.63,-492.65,-487.29,619.48,-119.32,-45.094,1199.6,1122.2,1246.7,1226,886.16
879.92,351.98,-529.41,-607.57,708.6,-86.939,-163.35,1121.2,1269.8,1577.4,1638.5,1213.5
989.82,475.44,-516.65,-725.13,757.44,-19.368,-285.05,975.99,1397.3,1908.7,2053.1,1544.6
1065.2,608.92,-459.9,-831.11,766.19,75.234,-398.36,785.46,1498.4,2215.5,2439.9,1856.6
1105.8,735.75,-375.12,-916.4,743.37,180.71,-492.07,577.51,1567.3,2470.4,2768.5,2125.5
1114.7,837.57,-283.19,-972.94,701.29,277.57,-558.14,378.32,1598.5,2647.4,3011.4,2329.3
1095.8,899.44,-202.51,-995.03,651.13,349.15,-593.12,205.77,1586.1,2725.9,3147.5,2450.5
1051.6,913.97,-143.04,-980.36,599.29,386.66,-597.61,66.058,1523.9,2694,3163.1,2477.8
982.79,882.46,-104.59,-930.08,546.25,390.63,-575.05,-46.178,1405.8,2549.4,3053.6,2407.4
889.33,812.76,-79.79,-848.09,488.25,368.55,-530.75,-144.23,1228.9,2298.9,2822.9,2243.1
772.44,715.9,-59.134,-740.54,420.87,330.69,-470.96,-242.21,996.1,1958.3,2484.5,1996.3
636.44,603.12,-35.763,-615.41,342.58,286.1,-402.13,-347.74,719.48,1551.7,2062.4,1685.9
489.57,483.88,-8.4387,-482.01,256.36,240.12,-330.46,-458.1,421.58,1112.8,1591.9,1338.7
343.7,365.08,17.746,-350.08,170.87,193.76,-261.9,-561.1,133.58,684.02,1118.9,987.37
212.47,252.05,35.087,-229.1,97.631,145.76,-201.92,-639.96,-110.6,310.85,693.54,666.81
107.86,150.53,37.744,-127.41,43.745,96.046,-155.12,-680.02,-282.98,32.009,360.21,407.05
35.939,67.598,25.401,-50.961,17.324,48.003,-123.64,-674.65,-369.91,-132,143.97,226.29
1.3438,9.0241,2.886,-2.5911,12.158,7.5645,-105.45,-627.73,-375.71,-184.67,42.476,126.2
-6.9642,-21.384,-17.762,17.848,15.561,-18.98,-95.74,-550.62,-320.7,-150.89,31.303,92.177
-2.1484,-29.073,-26.245,19.482,20.698,-29.015,-89.294,-456.82,-234.76,-70.041,75.015,100.53
7.6444,-22.319,-19.357,10.856,24.425,-25.476,-81.888,-358.42,-145.82,17.556,138,128.5
16.741,-8.9104,-9.9117,-0.96998,26.672,-14.278,-71.167,-264.41,-70.692,87.37,192.69,158.66
23.062,5.1211,-6.9882,-11.572,27.339,-2.2288,-57.187,-180.58,-12.611,132.26,224.15,179.44
27.056,16.643,-5.4543,-19.485,26.285,7.2303,-41.531,-110.93,16.971,151.77,229.7,185.45
29.742,24.525,-3.7151,-24.769,19.984,13.528,-26.966,-58.306,27.364,147.46,213.33,176.49
18.435,26.193,-2.448,-21.016,10.91,16.511,-17.04,-22.734,32.137,123.59,181.58,155.86
10.065,7.4584,-1.6996,-7.2216,8.8168,11.25,-11.295,-3.7367,32.945,96.743,140.42,128.22
8.2091,4.8799,-0.91108,-5.3349,7.7859,6.9925,-7.7572,1.645,28.34,72.798,107.81,101.18
7.2724,4.6304,-0.065276,-4.858,6.5658,7.9609,-4.932,-1.0696,21.083,48.641,82.363,82.955
6.0996,4.3274,0.99934,-4.2419,4.891,7.9357,-1.8478,-6.1625,13.528,31.489,60.212,66.096
4.4168,3.7088,2.0818,-3.3191,3.0197,6.8334,2.0345,-9.9121,-2.0234,27.108,47.998,50.55
2.3279,2.9226,2.8245,-2.109,1.2775,5.9712,6.3822,-10.626,-4.7956,25.48,40.868,40.14
0.15867,1.9386,3.265,-0.59373,-0.12024,5.5993,9.2984,-7.7708,-4.0366,22.253,32.796,31.39
-1.7673,0.65709,3.4742,1.1173,-1.0781,5.2215,9.8715,-3.9309,-4.0958,17.796,24.848,22.416
-3.2455,-0.89652,3.4124,2.7679,-1.6293,4.4127,10.522,-1.7655,-4.6711,13.206,18.195,14.243
-4.2467,-2.4876,3.0611,4.1126,-1.8623,3.1761,11.808,-0.0095078,-5.4065,9.0639,12.505,7.836
-4.8794,-3.8965,2.4847,5.0792,-1.8695,1.766,13.316,1.4772,-6.1005,5.5717,7.283,3.8019
-5.2813,-5.0538,1.801,5.7418,-1.7433,0.42493,14.745,2.7929,-6.6626,2.7129,3.1116,1.6476
-5.5504,-5.977,1.1301,6.1992,-1.5659,-0.71191,15.991,4.0275,-7.0564,0.42909,0.038485,-0.53476
-5.7361,-6.6933,0.5548,6.5169,-1.3862,-1.6006,17.063,5.2501,-7.2736,-1.34,-2.1487,-2.7279
-5.8558,-7.2224,0.10154,6.7293,-1.2135,-2.2595,17.961,6.5099,-7.3225,-2.6568,-3.6793,-4.3557
-5.9136,-7.5864,-0.25189,6.8558,-1.0368,-2.7425,18.63,7.838,-7.2212,-3.5841,-4.7498,-5.4057
-5.9105,-7.8172,-0.55249,6.9094,-0.84566,-3.1052,19.006,9.2367,-6.992,-4.182,-5.5033,-6.0471
-5.8492,-7.9492,-0.84548,6.9003,-0.63745,-3.3906,19.063,10.677,-6.6574,-4.5053,-6.0277,-6.424
-5.7361,-8.0042,-1.1496,6.8363,-0.41709,-3.6298,18.836,12.122,-6.2382,-4.6012,-6.367,-6.6295
-5.5839,-7.9854,-1.4428,6.7245,-0.19904,-3.8307,18.415,13.557,-5.7529,-4.5101,-6.5415,-6.7186
-5.4131,-7.8875,-1.6713,6.5746,-0.0095313,-3.9706,17.923,15.001,-5.2206,-4.2694,-6.5673,-6.7216
-5.2492,-7.7122,-1.7707,6.3996,0.11793,-4.0096,17.472,16.498,-4.6609,-3.9167,-6.4683,-6.6548
-5.115,-7.4728,-1.6895,6.2137,0.1544,-3.9121,17.122,18.097,-4.0921,-3.4866,-6.2757,-6.5291
-5.0222,-7.1898,-1.4076,6.0286,0.088873,-3.6628,16.871,19.844,-3.5275,-3.0052,-6.0214,-6.3553
-4.9672,-6.8852,-0.94594,5.852,-0.064188,-3.2759,16.673,21.779,-2.9718,-2.4835,-5.73,-6.1432
-4.9325,-6.5793,-0.36323,5.687,-0.26689,-2.7957,16.464,23.916,-2.4211,-1.9175,-5.4154,-5.898
-4.8938,-6.29,0.25731,5.5326,-0.46828,-2.2865,16.181,26.23,-1.8644,-1.2919,-5.0796,-5.6155
-4.8276,-6.0314,0.8263,5.3856,-0.61798,-1.8161,15.78,28.638,-1.2891,-0.58846,-4.7149,-5.2829
-4.7166,-5.8111,1.2668,5.2413,-0.67768,-1.4399,15.241,31.018,-0.68508,0.20816,-4.3063,-4.8831
-4.5506,-5.6281,1.528,5.0942,-0.62755,-1.1906,14.567,33.256,-0.046661,1.109,-3.8346,-4.4009
-4.3258,-5.4745,1.591,4.938,-0.46747,-1.0764,13.786,35.297,0.6283,2.1218,-3.2805,-3.8287
-4.0422,-5.3384,1.4667,4.7655,-0.21341,-1.0867,12.938,37.168,1.3427,3.2517,-2.63,-3.1692
-3.7007,-5.2085,1.1904,4.5693,0.11123,-1.2017,12.065,38.958,2.1041,4.4991,-1.8794,-2.4352
-3.3002,-5.0769,0.80976,4.342,0.48677,-1.4004,11.204,40.772,2.9258,5.8594,-1.0372,-1.6448
-2.837,-4.9384,0.36644,4.0766,0.9038,-1.665,10.387,42.692,3.8238,7.3233,-0.12091,-0.81369
-2.305,-4.7901,-0.12217,3.7673,1.3602,-1.9832,9.6337,44.749,4.8127,8.8814,0.85254,0.054656
-1.6996,-4.6299,-0.66189,3.4108,1.854,-2.3462,8.9581,46.936,5.9032,10.529,1.8767,0.97836
-1.0208,-4.4573,-1.2605,3.0086,2.3807,-2.7404,8.3638,49.218,7.1028,12.271,2.9599,1.9997
-0.27562,-4.2735,-1.9064,2.5674,2.9383,-3.1404,7.8435,51.559,8.4194,14.12,4.1204,3.1775
0.52576,-4.0801,-2.5661,2.097,3.5313,-3.5103,7.3778,53.932,9.8643,16.1,5.3767,4.5679
1.3771,-3.8788,-3.1952,1.6052,4.1729,-3.8121,6.9374,56.333,11.455,18.235,6.7389,6.1999
2.2826,-3.6698,-3.7548,1.0931,4.8883,-4.0155,6.4903,58.777,13.214,20.559,8.2055,8.0554
3.2559,-3.4521,-4.2277,0.55591,5.7201,-4.1046,6.0149,61.299,15.159,23.111,9.7653,10.07
4.3137,-3.2247,-4.6276,-0.012917,6.7295,-4.082,5.5135,63.94,17.298,25.943,11.406,12.161
5.4652,-2.9872,-4.9965,-0.6167,7.9726,-3.971,5.015,66.736,19.621,29.113,13.121,14.269
6.7036,-2.7412,-5.3886,-1.2524,9.4481,-3.8139,4.5631,69.697,22.107,32.68,14.921,16.386
8.0042,-2.4894,-5.848,-1.9105,11.063,-3.6651,4.1946,72.812,24.731,36.686,16.832,18.552
9.3359,-2.2361,-6.3939,-2.5787,12.678,-3.5811,3.9231,76.051,27.478,41.154,18.897,20.837
10.68,-1.9851,-7.025,-3.2489,14.202,-3.6103,3.7357,79.384,30.35,46.097,21.172,23.331
12.045,-1.7378,-7.7395,-3.9235,15.632,-3.7816,3.6016,82.792,33.355,51.534,23.724,26.133
13.468,-1.4905,-8.543,-4.6163,17.022,-4.0965,3.4852,86.275,36.491,57.474,26.636,29.341
14.997,-1.2331,-9.438,-5.351,18.425,-4.5252,3.3576,89.84,39.741,63.847,30,33.024
16.687,-0.949,-10.41,-6.159,19.86,-5.0114,3.2029,93.485,43.083,70.441,33.911,37.156
18.582,-0.61795,-11.43,-7.0825,21.327,-5.4855,3.0173,97.187,46.497,76.939,38.434,41.564
20.717,-0.21871,-12.473,-8.1801,22.828,-5.882,2.8017,100.9,49.957,83.06,43.563,45.968
23.097,0.26768,-13.536,-9.5311,24.387,-6.1544,2.5534,104.58,53.409,88.671,49.205,50.125
25.684,0.85521,-14.64,-11.228,26.053,-6.2848,2.2609,108.23,56.796,93.788,55.204,53.946
28.418,1.5525,-15.819,-13.344,27.872,-6.2821,1.9063,111.88,60.107,98.513,61.408,57.497
31.258,2.3663,-17.102,-15.897,29.873,-6.1723,1.4733,115.64,63.406,102.98,67.706,60.926
34.215,3.3069,-18.499,-18.818,32.057,-5.9836,0.95756,119.6,66.81,107.34,74.034,64.398
37.332,4.3903,-20.001,-21.993,34.411,-5.7379,0.37108,123.88,70.437,111.7,80.368,68.067
40.641,5.6363,-21.6,-25.289,36.918,-5.4502,-0.25946,128.54,74.362,116.18,86.718,72.057
44.143,7.066,-23.292,-28.582,39.559,-5.1335,-0.9018,133.58,78.612,120.84,93.134,76.447
47.806,8.7004,-25.066,-31.766,42.301,-4.8041,-1.53,138.94,83.184,125.71,99.676,81.241
51.589,10.563,-26.891,-34.779,45.113,-4.4814,-2.1372,144.53,88.039,130.79,106.38,86.339
55.454,12.688,-28.722,-37.619,47.969,-4.1846,-2.7454,150.25,93.075,136.07,113.23,91.565
59.372,15.127,-30.521,-40.338,50.847,-3.9284,-3.4062,156.05,98.141,141.54,120.17,96.742
63.336,17.95,-32.266,-43.018,53.723,-3.7202,-4.198,161.97,103.11,147.21,127.13,101.79
67.348,21.207,-33.956,-45.766,56.576,-3.5603,-5.2275,168.07,107.95,153.1,134.1,106.74
71.423,24.858,-35.613,-48.692,59.397,-3.4409,-6.6247,174.45,112.75,159.25,141.11,111.75
75.567,28.724,-37.268,-51.886,62.193,-3.3461,-8.492,181.15,117.67,165.66,148.28,117
79.774,32.545,-38.948,-55.363,64.976,-3.2549,-10.777,188.22,122.91,172.33,155.7,122.66
84.019,36.118,-40.663,-59.03,67.763,-3.1455,-13.2,195.63,128.61,179.25,163.49,128.81
88.267,39.374,-42.401,-62.727,70.572,-3.0012,-15.441,203.35,134.83,186.41,171.68,135.39
92.486,42.353,-44.141,-66.315,73.43,-2.8134,-17.409,211.37,141.53,193.81,180.3,142.2
96.663,45.139,-45.87,-69.738,76.357,-2.5818,-19.237,219.69,148.59,201.48,189.31,148.98
100.82,47.817,-47.604,-73.023,79.361,-2.3147,-21.109,228.35,155.83,209.48,198.69,155.61
105.01,50.443,-49.386,-76.261,82.429,-2.0291,-23.146,237.37,163.12,217.84,208.45,162.12
109.32,53.029,-51.251,-79.582,85.524,-1.7495,-25.371,246.78,170.47,226.6,218.68,168.75
113.85,55.568,-53.204,-83.134,88.619,-1.5052,-27.73,256.61,178.03,235.79,229.48,175.81
118.66,58.048,-55.222,-87.033,91.729,-1.3251,-30.129,266.9,186.06,245.39,241,183.63
123.75,60.477,-57.294,-91.315,94.946,-1.2307,-32.49,277.74,194.79,255.38,253.32,192.43
129.21,62.896,-59.441,-95.927,98.436,-1.2286,-34.792,289.2,204.3,265.75,266.44,202.23
135.16,65.388,-61.735,-100.79,102.39,-1.3061,-37.063,301.31,214.49,276.54,280.25,212.8
141.76,68.071,-64.32,-105.84,106.99,-1.4337,-39.354,314.01,225.15,287.89,294.54,223.77
149.08,71.062,-67.429,-111.11,112.32,-1.5728,-41.686,327.17,236.1,299.95,309.16,234.81
156.97,74.413,-71.305,-116.58,118.37,-1.6876,-44.023,340.66,247.25,312.91,324.07,245.82
165.16,78.075,-75.987,-122.24,124.88,-1.754,-46.297,354.43,258.64,326.86,339.39,256.88
173.39,81.919,-81.076,-128.02,131.47,-1.764,-48.47,368.46,270.43,341.76,355.38,268.23
181.52,85.822,-85.928,-133.9,137.83,-1.7238,-50.562,382.74,282.87,357.44,372.29,280.19
189.54,89.724,-90.195,-139.88,143.95,-1.6524,-52.623,397.31,296.2,373.63,390.29,293
197.53,93.627,-94.047,-146,149.96,-1.5785,-54.699,412.18,310.47,390.12,409.3,306.73
205.74,97.579,-97.951,-152.37,156.17,-1.5342,-56.792,427.39,325.48,406.85,429.12,321.29
214.45,101.66,-102.36,-159.11,162.89,-1.5448,-58.859,443,340.81,423.9,449.53,336.49
223.89,105.96,-107.45,-166.32,170.31,-1.6191,-60.836,459.07,356.02,441.42,470.39,352.19
234.1,110.58,-113.01,-174.06,178.29,-1.7436,-62.713,475.61,370.93,459.54,491.71,368.28
244.81,115.61,-118.62,-182.22,186.45,-1.8822,-64.564,492.57,385.62,478.33,513.55,384.66
255.57,121.06,-123.92,-190.52,194.31,-1.983,-66.526,509.76,400.31,497.77,535.91,401.24
265.89,126.84,-128.73,-198.64,201.57,-1.9916,-68.729,526.91,415.24,517.74,558.74,417.98
275.55,132.79,-133.01,-206.35,208.17,-1.8642,-71.253,543.67,430.51,538.09,581.92,434.92
284.64,138.74,-136.8,-213.63,214.3,-1.5767,-74.116,559.69,446.1,558.63,605.33,452.2
293.56,144.61,-140.23,-220.71,220.22,-1.1265,-77.286,574.76,461.88,579.18,628.84,470.01
302.74,150.45,-143.54,-227.91,226.24,-0.52896,-80.689,588.89,477.61,599.61,652.39,488.41
312.48,156.34,-146.97,-235.48,232.63,0.1889,-84.231,602.3,493.04,619.87,675.99,507.29
322.78,162.4,-150.62,-243.47,239.46,0.99436,-87.823,615.25,507.99,639.97,699.67,526.32
333.36,168.66,-154.41,-251.77,246.44,1.8546,-91.414,627.92,522.37,659.96,723.47,545.14
343.85,175.05,-158.17,-260.19,253.28,2.7394,-95.016,640.35,536.17,679.84,747.35,563.6
354.07,181.48,-161.81,-268.61,259.97,3.6191,-98.683,652.36,549.44,699.56,771.2,581.8
364.13,187.84,-165.4,-276.97,266.68,4.4621,-102.48,663.66,562.3,718.99,794.87,600
374.23,194.03,-169.08,-285.27,273.61,5.2353,-106.44,673.96,574.91,737.93,818.21,618.42
384.46,199.98,-173.01,-293.46,280.9,5.9126,-110.63,683.05,587.37,756.25,841.05,637
394.75,205.65,-177.24,-301.45,288.54,6.4854,-115.13,690.85,599.55,773.85,863.21,655.45
404.86,211.05,-181.68,-309.1,296.35,6.966,-119.96,697.33,611.09,790.63,884.47,673.37
414.46,216.23,-186.18,-316.26,303.94,7.3868,-125.02,702.56,621.57,806.43,904.71,690.42
423.24,221.19,-190.53,-322.8,310.86,7.7945,-130.15,706.57,630.74,821.11,923.94,706.48
430.96,225.85,-194.48,-328.65,316.79,8.2464,-135.17,709.39,638.59,834.58,942.32,721.51
437.53,230.09,-197.79,-333.81,321.59,8.8171,-139.97,710.96,645.21,846.8,960.01,735.51
442.91,233.82,-200.19,-338.33,325.27,9.6145,-144.54,711.07,650.7,857.77,977.09,748.49
447.15,237.03,-201.6,-342.29,327.86,10.763,-148.94,709.4,655.04,867.49,993.42,760.39
450.41,239.74,-202.07,-345.73,329.46,12.283,-153.22,705.56,658.12,875.9,1008.6,771.12
452.98,242.02,-201.76,-348.65,330.32,13.964,-157.36,699.19,659.67,882.79,1022,780.5
454.99,243.93,-200.8,-350.96,330.72,15.574,-161.32,690.01,659.35,887.83,1033.1,788.33
456.18,245.53,-199.24,-352.52,330.57,17.13,-165.05,677.88,656.81,890.56,1041.3,794.44
456.03,246.86,-196.88,-353.21,329.41,18.816,-168.54,662.85,651.81,890.56,1046.1,798.64
454.19,247.92,-193.56,-352.92,326.88,20.774,-171.81,645.19,644.3,887.43,1047.1,800.72
450.62,248.66,-189.34,-351.59,322.97,23.03,-174.81,625.39,634.51,880.99,1044,800.42
445.48,248.98,-184.4,-349.16,317.93,25.513,-177.4,603.97,622.8,871.2,1036.6,797.44
438.98,248.71,-178.91,-345.58,312.01,28.095,-179.41,581.41,609.45,858.15,1024.8,791.52
431.31,247.64,-173.01,-340.84,305.33,30.641,-180.66,557.98,594.48,842.07,1008.8,782.55
422.52,245.62,-166.81,-335.05,297.87,33.037,-181.05,533.83,577.69,823.22,989.15,770.6
412.57,242.6,-160.34,-328.26,289.58,35.2,-180.61,508.99,558.94,801.83,966.11,755.85
401.36,238.63,-153.56,-320.47,280.4,37.069,-179.37,483.46,538.39,778.09,940.12,738.44
388.81,233.73,-146.32,-311.64,270.31,38.594,-177.35,457.3,516.42,752.16,911.54,718.49
374.99,227.95,-138.54,-301.82,259.38,39.738,-174.54,430.67,493.51,724.25,880.6,696.07
360.1,221.36,-130.2,-291.16,247.72,40.511,-170.92,403.87,470.08,694.68,847.37,671.27
344.4,214.09,-121.39,-279.83,235.46,40.993,-166.56,377.24,446.4,663.78,811.84,644.24
328.14,206.34,-112.31,-267.96,222.78,41.313,-161.56,351.1,422.59,631.83,774.08,615.35
311.56,198.21,-103.18,-255.67,209.9,41.572,-156.04,325.61,398.55,598.98,734.34,585.14
294.83,189.79,-94.282,-243.08,197.03,41.757,-150.09,300.75,374.08,565.38,693.07,554.18
278.02,181.07,-85.804,-230.23,184.28,41.77,-143.74,276.43,349.02,531.15,650.88,522.77
261.05,171.95,-77.792,-217.06,171.65,41.528,-137.02,252.58,323.45,496.51,608.43,490.93
243.71,162.22,-70.222,-203.43,159.07,40.981,-129.97,229.24,297.72,461.82,566.4,458.71
225.87,151.73,-63.047,-189.23,146.49,40.09,-122.57,206.65,272.34,427.61,525.33,426.41
207.6,140.51,-56.167,-174.57,134.02,38.815,-114.85,185.19,247.92,394.42,485.52,394.51
189.3,128.82,-49.479,-159.77,121.86,37.135,-106.9,165.31,224.94,362.7,447.09,363.52
171.55,117.19,-43.049,-145.3,110.29,35.074,-98.961,147.36,203.68,332.65,410.05,333.79
154.89,106.14,-37.063,-131.63,99.472,32.696,-91.333,131.44,184.24,304.26,374.39,305.42
139.61,96.038,-31.634,-119.02,89.426,30.073,-84.234,117.37,166.48,277.37,340.17,278.38
125.66,86.95,-26.761,-107.49,80.01,27.278,-77.651,104.75,150.19,251.77,307.51,252.5
112.76,78.681,-22.382,-96.819,71.008,24.409,-71.402,93.053,135.09,227.34,276.59,227.66
100.56,70.887,-18.455,-86.757,62.241,21.586,-65.312,81.796,120.95,204.08,247.63,203.85
88.798,63.182,-14.99,-77.077,53.795,18.891,-59.32,70.671,107.59,182.2,220.82,181.2
77.419,55.312,-11.876,-67.661,46.112,16.33,-53.483,59.744,94.962,162,196.31,159.93
66.644,47.443,-8.8668,-58.528,39.571,13.853,-47.869,49.461,83.103,143.73,174.14,140.25
56.815,40.134,-6.3184,-49.807,34.138,11.406,-42.51,40.357,72.133,127.37,154.21,122.34
48.11,33.693,-4.6043,-41.686,29.511,9.0008,-37.431,32.767,62.141,112.64,136.23,106.24
40.451,27.921,-3.4955,-34.49,25.343,6.7347,-32.67,26.617,53.105,98.969,119.41,91.784
33.64,22.388,-2.7229,-28.617,21.317,4.7363,-28.268,21.282,44.917,85.594,102.31,78.281
27.568,16.75,-2.1394,-23.9,17.212,3.0629,-24.248,16.307,37.636,72.056,85.418,64.454
22.284,11.163,-1.6689,-19.464,13.055,1.6837,-20.635,11.888,31.522,58.993,70.853,51.276
17.664,6.2327,-1.2755,-14.529,9.2621,0.5237,-17.483,8.3176,26.354,47.584,58.912,40.479
13.303,2.3703,-0.95501,-9.3868,6.3406,-0.49365,-14.732,5.5936,21.556,38.367,49.052,31.42
9.2647,-0.45719,-0.72583,-5.0646,4.3961,-1.4225,-12.105,3.5357,17.072,31.183,40.808,23.561
5.9765,-2.5023,-0.60996,-1.9495,3.1899,-2.2915,-9.4944,1.9525,13.23,25.644,33.938,17.16
3.5207,-4.0215,-0.6131,0.22254,2.4476,-3.1135,-7.1956,0.70035,10.188,21.314,28.262,12.915
1.7141,-5.2029,-0.71546,1.7752,1.9802,-3.8925,-5.437,-0.31686,7.8497,17.792,23.574,10.829
0.3626,-6.1664,-0.87532,2.9177,1.6684,-4.624,-4.1706,-1.1622,6.0396,14.793,19.666,9.3294
-0.67297,-6.9809,-1.0416,3.776,1.4323,-5.2946,-3.2489,-1.8776,4.6081,12.16,16.366,7.3999
-1.4824,-7.6792,-1.1696,4.428,1.2184,-5.8852,-2.5497,-2.4899,3.4493,9.8264,13.537,5.1198
-2.1191,-8.2691,-1.2329,4.9229,0.99839,-6.3754,-1.9965,-3.0145,2.4891,7.7807,11.084,2.8589
-2.6143,-8.7435,-1.2283,5.2914,0.76639,-6.7492,-1.547,-3.4563,1.6763,6.0327,8.9535,0.86101
-2.9875,-9.0946,-1.1737,5.5552,0.5329,-7.0032,-1.1805,-3.8154,0.97502,4.5824,7.1067,-0.80373
-3.2581,-9.3263,-1.1018,5.7338,0.31709,-7.1539,-0.88712,-4.0923,0.36147,3.4057,5.5073,-2.1634
-3.4495,-9.4591,-1.0487,5.8489,0.13761,-7.2357,-0.66096,-4.291,-0.17809,2.449,4.122,-3.2758
-3.5912,-9.5229,-1.0402,5.9242,0.005435,-7.2849,-0.49402,-4.4202,-0.65002,1.6403,2.9142,-4.1969
-3.7133,-9.5451,-1.0804,5.9805,-0.080257,-7.3207,-0.37396,-4.4914,-1.0579,0.91005,1.8467,-4.9722
-3.841,-9.5421,-1.148,6.0328,-0.13435,-7.3373,-0.28357,-4.5157,-1.3991,0.207,0.8881,-5.6365
-3.9871,-9.5193,-1.2023,6.0866,-0.18289,-7.3112,-0.20439,-4.5013,-1.6679,-0.49194,0.018336,-6.2135
-4.1501,-9.4728,-1.1964,6.138,-0.25511,-7.2137,-0.12138,-4.4553,-1.8567,-1.1801,-0.76857,-6.7179
-4.3165,-9.3933,-1.0932,6.1779,-0.37277,-7.0256,-0.027491,-4.3851,-1.9591,-1.8306,-1.4671,-7.1565
-4.4687,-9.2729,-0.87805,6.1968,-0.54151,-6.7473,0.07477,-4.2973,-1.9742,-2.4069,-2.0662,-7.5331
-4.5947,-9.111,-0.56042,6.1905,-0.75081,-6.4018,0.17586,-4.1969,-1.9103,-2.8726,-2.5555,-7.8506
-4.6942,-8.9178,-0.16761,6.1647,-0.98345,-6.0291,0.26522,-4.0859,-1.785,-3.191,-2.9279,-8.1098
-4.7788,-8.7131,0.26447,6.1319,-1.226,-5.6755,0.33754,-3.9623,-1.6192,-3.333,-3.1849,-8.3101
-4.8641,-8.5204,0.69747,6.1069,-1.4713,-5.3824,0.39683,-3.8217,-1.4294,-3.2849,-3.3304,-8.4491
-4.9602,-8.3597,1.0932,6.101,-1.7104,-5.1771,0.45519,-3.6594,-1.2215,-3.0545,-3.3663,-8.522
-5.0638,-8.2414,1.4164,6.1168,-1.9262,-5.0677,0.52785,-3.4724,-0.98705,-2.6721,-3.2939,-8.5238
-5.1592,-8.1636,1.6397,6.1483,-2.0942,-5.0425,0.62829,-3.2614,-0.71163,-2.1842,-3.1117,-8.4492
-5.2232,-8.112,1.749,6.181,-2.1904,-5.0742,0.76362,-3.0299,-0.37662,-1.6427,-2.8219,-8.2932
-5.2323,-8.0635,1.7464,6.1955,-2.1987,-5.1299,0.93185,-2.7834,0.033201,-1.0935,-2.431,-8.0501
-5.1706,-7.9927,1.6473,6.172,-2.114,-5.1816,1.1218,-2.5278,0.52676,-0.56787,-1.9536,-7.7112
-5.033,-7.8796,1.4715,6.0962,-1.9399,-5.2167,1.3167,-2.2679,1.1013,-0.083513,-1.4071,-7.265
-4.8235,-7.7169,1.2336,5.9627,-1.686,-5.2406,1.4996,-2.0056,1.742,0.36252,-0.80665,-6.7007
-4.5499,-7.5104,0.94126,5.7745,-1.3655,-5.2716,1.6605,-1.7395,2.4224,0.78955,-0.16057,-6.0153
-4.2177,-7.2733,0.60167,5.5375,-0.99482,-5.3267,1.7994,-1.4659,3.1108,1.232,0.53091,-5.2185
-3.8269,-7.016,0.22798,5.2556,-0.59375,-5.407,1.9257,-1.1804,3.7784,1.7305,1.2725,-4.3301
-3.3734,-6.7414,-0.1585,4.9301,-0.18308,-5.4931,2.0535,-0.88055,4.4063,2.3157,2.0668,-3.37
-2.8552,-6.4483,-0.53157,4.5641,0.21788,-5.5521,2.1958,-0.56821,4.9884,2.9974,2.9078,-2.348
-2.281,-6.1386,-0.86575,4.1679,0.59365,-5.5492,2.3597,-0.2498,5.5279,3.7588,3.7778,-1.2634
-1.6766,-5.82,-1.141,3.7608,0.93284,-5.4575,2.5439,0.064622,6.0311,4.5599,4.6492,-0.11516
-1.0829,-5.5021,-1.3455,3.3663,1.2269,-5.2651,2.7392,0.36358,6.5033,5.3498,5.4895,1.0861
-0.54549,-5.1913,-1.4775,3.0046,1.4703,-4.9811,2.9332,0.63662,6.9481,6.0793,6.2686,2.3116
-0.097919,-4.8895,-1.5491,2.6862,1.6639,-4.6352,3.1154,0.87637,7.3695,6.7097,6.9661,3.5197
0.2505,-4.5967,-1.5883,2.4103,1.8182,-4.2746,3.2806,1.0798,7.7736,7.2184,7.5771,4.6703
0.5159,-4.313,-1.6337,2.1674,1.9499,-3.9524,3.429,1.2482,8.168,7.5997,8.1112,5.7375
0.72923,-4.0376,-1.7156,1.9432,2.0707,-3.7101,3.5631,1.3872,8.5587,7.8626,8.5852,6.713
0.92147,-3.7645,-1.8364,1.7215,2.1777,-3.56,3.6849,1.5046,8.9475,8.0258,9.0122,7.5972
1.1131,-3.4791,-1.9634,1.4859,2.2518,-3.4783,3.7944,1.6086,9.3279,8.112,9.3938,8.3891
1.3114,-3.1601,-2.039,1.2211,2.2664,-3.4126,3.8886,1.7042,9.6837,8.1421,9.7215,9.0827
1.5133,-2.7869,-2.0024,0.91666,2.1989,-3.299,3.9629,1.7909,9.9893,8.1332,9.9838,9.6735
1.7094,-2.3488,-1.8108,0.57189,2.042,-3.0826,4.0107,1.8627,10.215,8.0973,10.176,10.166
1.8888,-1.8498,-1.454,0.19761,1.8074,-2.7331,4.0226,1.9113,10.333,8.0411,10.306,10.577
2.0434,-1.3053,-0.95555,-0.18952,1.5251,-2.25,3.9853,1.9303,10.333,7.9654,10.394,10.937
2.1744,-0.73261,-0.36517,-0.57631,1.236,-1.6564,3.8837,1.9187,10.223,7.8649,10.468,11.282
2.2938,-0.14295,0.25473,-0.95854,0.98348,-0.98693,3.7063,1.8806,10.031,7.727,10.551,11.648
2.4213,0.45954,0.84326,-1.34,0.80333,-0.27792,3.4499,1.8246,9.7921,7.5319,10.657,12.066
2.5793,1.0756,1.3526,-1.7297,0.71647,0.43729,3.1212,1.763,9.5373,7.2568,10.784,12.546
2.7885,1.7085,1.7545,-2.1409,0.7238,1.1314,2.7322,1.7105,9.2883,6.8836,10.918,13.08
3.0665,2.3609,2.0429,-2.5896,0.80713,1.7851,2.2944,1.6824,9.0533,6.4066,11.038,13.634
3.4246,3.0302,2.233,-3.0894,0.93718,2.3855,1.819,1.6917,8.8265,5.8377,11.12,14.168
3.8637,3.7019,2.3533,-3.6405,1.0849,2.9222,1.324,1.7463,8.5919,5.2072,11.149,14.652
4.3685,4.3465,2.4325,-4.2231,1.2308,3.3837,0.83527,1.8475,8.328,4.5602,11.119,15.072
4.9076,4.9244,2.4848,-4.7975,1.3682,3.7568,0.37625,1.9902,8.0143,3.9482,11.039,15.437
5.4424,5.3989,2.5027,-5.3178,1.5018,4.0276,-0.043081,2.1642,7.6376,3.4169,10.929,15.767
5.9408,5.7505,2.4601,-5.7486,1.6431,4.1859,-0.42201,2.3547,7.1958,2.9951,10.818,16.078
6.3865,5.9823,2.328,-6.0774,1.8058,4.2291,-0.75633,2.5426,6.6984,2.6892,10.731,16.373
6.7745,6.1132,2.0918,-6.3116,1.9987,4.1635,-1.0313,2.7078,6.1633,2.4872,10.685,16.637
7.0985,6.164,1.7607,-6.4659,2.2197,4.0022,-1.2247,2.8335,5.6116,2.3676,10.686,16.845
7.3428,6.1456,1.3627,-6.5489,2.4543,3.7604,-1.3158,2.9102,5.0629,2.3092,10.728,16.974
7.4861,6.057,0.9364,-6.5605,2.6791,3.4519,-1.2937,2.9364,4.5331,2.2952,10.803,17.007
7.516,5.8924,0.52317,-6.4981,2.8703,3.0895,-1.1627,2.9164,4.0345,2.3134,10.897,16.942
7.4399,5.6535,0.16141,-6.3673,3.0112,2.6903,-0.94231,2.856,3.5756,2.3531,11.001,16.783
7.2848,5.3576,-0.11844,-6.1857,3.0958,2.2796,-0.66397,2.7602,3.1609,2.4034,11.103,16.539
7.0875,5.0368,-0.29802,-5.9793,3.127,1.8898,-0.36358,2.6323,2.7896,2.4522,11.19,16.221
6.8817,4.7289,-0.37406,-5.7742,3.1144,1.5539,-0.074027,2.476,2.4536,2.4877,11.243,15.838
6.6905,4.4656,-0.35906,-5.5904,3.0712,1.2958,0.18026,2.297,2.1385,2.5019,11.242,15.397
6.5225,4.2642,-0.27808,-5.4373,3.0108,1.126,0.38483,2.1047,1.8272,2.4944,11.172,14.902
6.3724,4.1244,-0.16232,-5.3136,2.9442,1.0397,0.53483,1.9116,1.5042,2.4738,11.03,14.359
6.2248,4.0322,-0.041707,-5.2082,2.8783,1.0214,0.63499,1.7295,1.1593,2.4563,10.828,13.782
6.061,3.9666,0.060892,-5.1045,2.8157,1.0501,0.69682,1.5658,0.78954,2.4606,10.586,13.193
5.8672,3.9078,0.13308,-4.9866,2.7553,1.1058,0.73142,1.4198,0.40103,2.5,10.325,12.614
5.6406,3.8426,0.17375,-4.8434,2.6953,1.1742,0.74324,1.2822,0.0045098,2.5753,10.055,12.057
5.39,3.7668,0.19112,-4.6718,2.6339,1.2489,0.72925,1.137,-0.38768,2.6713,9.7716,11.514
5.1321,3.6839,0.19826,-4.4769,2.57,1.3308,0.68352,0.96663,-0.76735,2.7599,9.4599,10.955
4.8838,3.6012,0.2077,-4.2691,2.5024,1.4243,0.60404,0.75955,-1.1349,2.8091,9.1008,10.337
4.656,3.5223,0.22701,-4.0585,2.4288,1.5309,0.49785,0.51566,-1.4993,2.7942,8.6777,9.6236
4.4454,3.4407,0.25606,-3.8481,2.3452,1.643,0.38117,0.24794,-1.873,2.7063,8.1822,8.7952
4.2387,3.3379,0.28679,-3.6305,2.248,1.7416,0.27485,-0.023864,-2.265,2.5544,7.6147,7.8561
4.0196,3.1891,0.30575,-3.3912,2.1355,1.8,0.19772,-0.28274,-2.6761,2.356,6.9823,6.8313
3.7785,2.9742,0.29935,-3.1171,2.01,1.7927,0.16117,-0.52158,-3.1,2.1293,6.2967,5.7595
3.517,2.6885,0.26,-2.8053,1.8768,1.7064,0.16634,-0.74432,-3.5255,1.8859,5.5727,4.6853
3.245,2.3463,0.18975,-2.4655,1.7425,1.5455,0.20389,-0.9613,-3.9416,1.6269,4.8257,3.6509
2.9748,1.9742,0.099239,-2.1163,1.6124,1.3297,0.25611,-1.1825,-4.3395,1.3446,4.0677,2.6852
2.7157,1.5996,0.0019813,-1.7767,1.4898,1.084,0.30111,-1.4127,-4.714,1.0257,3.3101,1.7988
2.4723,1.2409,-0.093191,-1.4598,1.3773,0.82735,0.31855,-1.651,-5.0633,0.65869,2.5608,0.98165
2.2472,0.90572,-0.18786,-1.1712,1.2796,0.56715,0.2957,-1.893,-5.3866,0.2414,1.8247,0.21206
2.0444,0.59511,-0.29475,-0.91236,1.2045,0.30095,0.23125,-2.1343,-5.6819,-0.21302,1.1049,-0.52883
1.8715,0.30981,-0.43197,-0.68569,1.1637,0.024372,0.13462,-2.3734,-5.9447,-0.67631,0.40457,-1.2469
1.7395,0.055474,-0.61357,-0.49701,1.1685,-0.26051,0.020431,-2.6124,-6.17,-1.1133,-0.27248,-1.9358
1.6584,-0.15587,-0.8407,-0.35485,1.2246,-0.54047,-0.099312,-2.8563,-6.3561,-1.4952,-0.92096,-2.5866
1.6316,-0.30852,-1.0979,-0.2668,1.3277,-0.7916,-0.2209,-3.1106,-6.5081,-1.8117,-1.5339,-3.1974
1.6507,-0.38755,-1.3555,-0.23546,1.4615,-0.98405,-0.349,-3.377,-6.6387,-2.0757,-2.1024,-3.7749
1.6964,-0.38379,-1.5779,-0.25634,1.6018,-1.0892,-0.49144,-3.6515,-6.763,-2.3175,-2.6173,-4.3289
1.7449,-0.29777,-1.7342,-0.31822,1.7232,-1.0879,-0.65291,-3.9248,-6.8942,-2.5728,-3.0727,-4.8636
1.7788,-0.14128,-1.8076,-0.40678,1.8085,-0.97703,-0.8312,-4.1862,-7.0406,-2.8682,-3.4706,-5.3743
1.7963,0.064495,-1.7988,-0.5099,1.8543,-0.77199,-1.0177,-4.4282,-7.2054,-3.2121,-3.8228,-5.8477
1.8104,0.29383,-1.721,-0.62149,1.8688,-0.50383,-1.1999,-4.6501,-7.3895,-3.5937,-4.1486,-6.268
1.8401,0.52197,-1.5929,-0.74027,1.865,-0.2115,-1.3643,-4.8595,-7.5943,-3.9925,-4.469,-6.6228
1.8962,0.72765,-1.4319,-0.86448,1.8523,0.068234,-1.4998,-5.0691,-7.8225,-4.3913,-4.7978,-6.9081
1.9715,0.89464,-1.25,-0.98558,1.8318,0.31012,-1.6001,-5.291,-8.0761,-4.7826,-5.1373,-7.1297
2.0405,1.0114,-1.0541,-1.0865,1.7969,0.50474,-1.6659,-5.5318,-8.3512,-5.1706,-5.4773,-7.3023
2.0684,1.0727,-0.84995,-1.147,1.7381,0.65479,-1.7057,-5.7885,-8.633,-5.5646,-5.801,-7.4453
2.0262,1.0804,-0.64913,-1.1526,1.6506,0.76538,-1.7322,-6.0494,-8.8946,-5.9686,-6.0924,-7.5781
1.9054,1.0425,-0.47289,-1.1027,1.5407,0.83507,-1.7562,-6.2968,-9.1052,-6.3734,-6.3413,-7.7147
1.7211,0.96912,-0.35224,-1.01,1.4275,0.85185,-1.7814,-6.5125,-9.2458,-6.7555,-6.544,-7.8586
1.504,0.86802,-0.32363,-0.89398,1.3368,0.7943,-1.8022,-6.684,-9.3211,-7.0829,-6.7013,-8.0027
1.2844,0.74187,-0.41933,-0.7712,1.2911,0.63897,-1.8075,-6.8097,-9.3583,-7.3267,-6.8163,-8.1328
1.0802,0.58807,-0.65302,-0.64835,1.3,0.373,-1.7862,-6.8996,-9.3944,-7.4727,-6.893,-8.235
0.89399,0.40106,-1.0081,-0.52031,1.3564,0.0054097,-1.7322,-6.9714,-9.4614,-7.5287,-6.9415,-8.3037
0.71784,0.17651,-1.437,-0.3749,1.4395,-0.43003,-1.6464,-7.0436,-9.5777,-7.5238,-6.9785,-8.3446
0.54363,-0.08454,-1.8738,-0.20182,1.5228,-0.88129,-1.5359,-7.1289,-9.7409,-7.4984,-7.0267,-8.3737
0.37074,-0.37311,-2.2546,-0.00025262,1.5842,-1.2911,-1.4111,-7.2301,-9.9281,-7.49,-7.1119,-8.4109
0.20787,-0.67386,-2.5372,0.21975,1.6124,-1.6121,-1.2819,-7.3403,-10.102,-7.5216,-7.2566,-8.4735
0.068577,-0.96993,-2.7112,0.44262,1.6094,-1.8183,-1.155,-7.4458,-10.225,-7.5964,-7.4728,-8.5702
-0.037165,-1.2488,-2.7976,0.65548,1.5868,-1.9123,-1.0317,-7.5298,-10.272,-7.7012,-7.7564,-8.6993
-0.11144,-1.5067,-2.8376,0.85509,1.5589,-1.9245,-0.90835,-7.5756,-10.242,-7.8155,-8.0878,-8.8501
-0.17096,-1.7496,-2.878,1.0498,1.5362,-1.9055,-0.77718,-7.5696,-10.148,-7.9202,-8.4386,-9.0082
-0.24333,-1.9892,-2.9579,1.2555,1.5233,-1.9119,-0.63028,-7.504,-10.013,-8.0027,-8.7819,-9.1614
-0.35575,-2.2375,-3.1005,1.4881,1.5198,-1.9906,-0.46317,-7.3776,-9.8549,-8.0568,-9.1012,-9.3043
-0.52499,-2.5006,-3.3118,1.7562,1.5212,-2.1669,-0.27702,-7.1968,-9.6924,-8.0768,-9.3937,-9.4385
-0.75271,-2.7771,-3.5799,2.058,1.5196,-2.4387,-0.078595,-6.9736,-9.5394,-8.0567,-9.6689,-9.569
-1.0272,-3.0583,-3.8767,2.3821,1.5051,-2.7797,0.1222,-6.7236,-9.4081,-7.9886,-9.9433,-9.697
-1.3304,-3.3315,-4.1641,2.7128,1.4666,-3.1483,0.31602,-6.4644,-9.3061,-7.8664,-10.234,-9.8163
-1.6477,-3.5827,-4.4022,3.0359,1.393,-3.4985,0.49751,-6.2151,-9.2342,-7.6911,-10.552,-9.9124
-1.9747,-3.7994,-4.5572,3.343,1.2723,-3.7905,0.66605,-5.9939,-9.1848,-7.4715,-10.902,-9.9669
-2.3178,-3.9723,-4.6052,3.6321,1.092,-3.9987,0.82314,-5.814,-9.1442,-7.2217,-11.276,-9.9661
-2.6896,-4.0992,-4.5323,3.9061,0.84011,-4.1136,0.96824,-5.6787,-9.0978,-6.9564,-11.658,-9.9072
-3.1015,-4.1872,-4.3318,4.172,0.50845,-4.1367,1.096,-5.578,-9.0346,-6.6888,-12.025,-9.8015
-3.5591,-4.2509,-4.0018,4.438,0.094339,-4.0708,1.1967,-5.4906,-8.9481,-6.4285,-12.35,-9.67
-4.06,-4.3041,-3.5442,4.7099,-0.39775,-3.9132,1.2595,-5.3909,-8.8353,-6.1824,-12.61,-9.5374
-4.5937,-4.3525,-2.9675,4.9859,-0.95599,-3.6579,1.2778,-5.2589,-8.6973,-5.9541,-12.793,-9.4256
-5.1432,-4.3893,-2.2893,5.2557,-1.5621,-3.3018,1.2521,-5.0854,-8.5415,-5.7449,-12.903,-9.3492
-5.6873,-4.4014,-1.5371,5.5036,-2.194,-2.8498,1.1891,-4.8732,-8.3823,-5.5523,-12.96,-9.3141
-6.2052,-4.3785,-0.74762,5.7186,-2.8299,-2.3188,1.099,-4.6322,-8.2374,-5.3702,-12.991,-9.3183
-6.6823,-4.3233,0.033559,5.8985,-3.4523,-1.7416,0.99025,-4.3751,-8.122,-5.1861,-13.021,-9.3544
-7.115,-4.253,0.75615,6.0515,-4.0481,-1.1673,0.86756,-4.1144,-8.0418,-4.9822,-13.069,-9.4127
-7.5107,-4.1946,1.3733,6.1928,-4.6056,-0.65218,0.73148,-3.862,-7.9925,-4.7398,-13.141,-9.4838
-7.8808,-4.1761,1.8506,6.3387,-5.1113,-0.24769,0.58025,-3.6274,-7.9629,-4.4471,-13.232,-9.5584
-8.2309,-4.2192,2.1699,6.5011,-5.5491,0.011177,0.41287,-3.4162,-7.9402,-4.1059,-13.323,-9.6269
-8.5577,-4.3362,2.3285,6.6846,-5.9025,0.1106,0.23207,-3.2269,-7.9118,-3.7315,-13.385,-9.6801
-8.847,-4.5295,2.3357,6.8861,-6.1563,0.056724,0.046176,-3.051,-7.8656,-3.348,-13.392,-9.7119
-9.0789,-4.7926,2.2108,7.0963,-6.3006,-0.1294,-0.13151,-2.8767,-7.7916,-2.9754,-13.326,-9.7209
-9.2404,-5.1129,1.9795,7.3044,-6.3354,-0.41832,-0.28605,-2.6937,-7.6843,-2.6367,-13.189,-9.7091
-9.3299,-5.4742,1.6698,7.4999,-6.2704,-0.7795,-0.40602,-2.4984,-7.5458,-2.3461,-12.999,-9.6798
-9.3585,-5.8603,1.3051,7.6768,-6.1256,-1.1883,-0.48821,-2.2948,-7.3866,-2.1107,-12.781,-9.6354
-9.348,-6.256,0.90106,7.8338,-5.9218,-1.6309,-0.53926,-2.0937,-7.2217,-1.9282,-12.556,-9.577
-9.3194,-6.6492,0.46442,7.9734,-5.6763,-2.104,-0.57311,-1.9094,-7.0661,-1.7818,-12.338,-9.5042
-9.2866,-7.03,-0.0027462,8.0991,-5.4011,-2.6067,-0.60503,-1.7582,-6.9289,-1.6495,-12.13,-9.4152
-9.2535,-7.3902,-0.49584,8.2131,-5.1076,-3.1296,-0.64517,-1.6573,-6.8085,-1.509,-11.933,-9.3066
-9.2148,-7.7193,-1.0029,8.3123,-4.806,-3.6494,-0.69407,-1.6217,-6.6984,-1.3471,-11.749,-9.1752
-9.1579,-7.9999,-1.5033,8.3872,-4.5072,-4.1352,-0.74329,-1.6595,-6.5885,-1.1675,-11.578,-9.0196
-9.0682,-8.2079,-1.9691,8.4229,-4.2252,-4.5559,-0.78011,-1.7684,-6.4677,-0.98869,-11.419,-8.8406
-8.9347,-8.3194,-2.3681,8.404,-3.9724,-4.8847,-0.7941,-1.9348,-6.3268,-0.83329,-11.258,-8.6408
-8.7561,-8.3201,-2.6703,8.322,-3.7574,-5.102,-0.78187,-2.1351,-6.1585,-0.71403,-11.078,-8.4234
-8.5463,-8.214,-2.8531,8.1801,-3.584,-5.1987,-0.7476,-2.3475,-5.9572,-0.62539,-10.862,-8.1894
-8.3284,-8.0242,-2.906,7.9964,-3.4535,-5.1758,-0.69948,-2.5547,-5.7193,-0.5477,-10.599,-7.9416
-8.1297,-7.787,-2.8324,7.7986,-3.3656,-5.0424,-0.6447,-2.7476,-5.4438,-0.46553,-10.285,-7.6842
-7.9712,-7.54,-2.6491,7.6138,-3.317,-4.8134,-0.58607,-2.925,-5.1335,-0.37253,-9.9363,-7.4251
-7.8601,-7.311,-2.3828,7.4594,-3.2989,-4.5076,-0.5216,-3.0911,-4.7961,-0.27508,-9.5634,-7.177
-7.7919,-7.1129,-2.0648,7.3404,-3.3007,-4.1428,-0.44673,-3.2518,-4.4441,-0.19829,-9.1865,-6.9573
-7.7567,-6.9435,-1.7253,7.2526,-3.3113,-3.7311,-0.35774,-3.4115,-4.0952,-0.16368,-8.8268,-6.7783
-7.749,-6.7932,-1.3887,7.1888,-3.3262,-3.2846,-0.25491,-3.5723,-3.7696,-0.18735,-8.5026,-6.642
-7.7715,-6.6554,-1.0752,7.1444,-3.3478,-2.8259,-0.14401,-3.7363,-3.4884,-0.27966,-8.2245,-6.5428
-7.8318,-6.5326,-0.80441,7.1193,-3.3828,-2.3918,-0.035932,-3.9006,-3.2603,-0.43317,-7.991,-6.4688
-7.9392,-6.436,-0.59577,7.1171,-3.4393,-2.0288,0.054834,-4.0564,-3.0824,-0.63026,-7.7888,-6.4068
-8.0999,-6.3797,-0.46482,7.1427,-3.5243,-1.781,0.11247,-4.1951,-2.9418,-0.84403,-7.5978,-6.3468
-8.3133,-6.3753,-0.41749,7.1998,-3.6432,-1.6762,0.12282,-4.3064,-2.8225,-1.047,-7.3989,-6.2845
-8.5702,-6.4274,-0.44475,7.2885,-3.7978,-1.7152,0.076918,-4.3788,-2.711,-1.2233,-7.1863,-6.2199
-8.8526,-6.5312,-0.52076,7.4046,-3.9837,-1.8677,-0.026174,-4.4012,-2.5999,-1.3658,-6.9558,-6.1556
-9.1357,-6.6717,-0.60548,7.5382,-4.1889,-2.0783,-0.17886,-4.3642,-2.4917,-1.4769,-6.7086,-6.0936
-9.3947,-6.8264,-0.65197,7.6754,-4.4,-2.2797,-0.36851,-4.2639,-2.393,-1.5628,-6.4486,-6.0329
-9.612,-6.9698,-0.61675,7.8012,-4.6084,-2.4095,-0.58171,-4.1087,-2.3155,-1.628,-6.1797,-5.9711
-9.7822,-7.0796,-0.47105,7.9032,-4.8099,-2.4244,-0.80722,-3.9159,-2.2733,-1.6738,-5.8985,-5.8987
-9.9082,-7.141,-0.20991,7.9726,-5.0029,-2.3092,-1.0353,-3.7112,-2.2787,-1.6997,-5.6125,-5.8012
-9.9952,-7.149,0.14413,8.0041,-5.1828,-2.0788,-1.2548,-3.5222,-2.3374,-1.7065,-5.3271,-5.6685
-10.045,-7.1083,0.54489,7.9961,-5.3385,-1.7711,-1.452,-3.3654,-2.4445,-1.6969,-5.0567,-5.497
-10.056,-7.0285,0.93353,7.9498,-5.4532,-1.4336,-1.6121,-3.242,-2.5848,-1.6737,-4.8109,-5.2907
-10.025,-6.9166,1.2533,7.8684,-5.5086,-1.1093,-1.723,-3.1389,-2.7379,-1.6313,-4.5979,-5.0554
-9.9455,-6.7714,1.4629,7.7542,-5.4921,-0.82753,-1.7795,-3.037,-2.8863,-1.5631,-4.4159,-4.7991
-9.8157,-6.5873,1.5443,7.6091,-5.4028,-0.60156,-1.7839,-2.9214,-3.0215,-1.4645,-4.2631,-4.5303
-9.6391,-6.3638,1.5048,7.4369,-5.25,-0.43125,-1.7452,-2.7893,-3.1459,-1.3287,-4.1236,-4.2575
-9.4248,-6.1117,1.3728,7.2455,-5.0515,-0.30768,-1.6758,-2.6518,-3.2693,-1.1618,-3.9776,-3.9945
-9.1829,-5.8486,1.1882,7.0439,-4.8243,-0.21767,-1.5882,-2.5271,-3.4021,-0.97528,-3.8098,-3.7612
-8.9208,-5.5921,0.98909,6.8402,-4.5794,-0.14818,-1.4928,-2.4295,-3.547,-0.77997,-3.6179,-3.5769
-8.6423,-5.3553,0.80098,6.6396,-4.3218,-0.091039,-1.398,-2.3662,-3.7026,-0.58208,-3.4158,-3.4583
-8.3511,-5.1467,0.63429,6.4452,-4.0529,-0.045606,-1.3107,-2.3369,-3.8623,-0.38432,-3.2281,-3.4164
-8.0545,-4.9725,0.4876,6.2602,-3.7754,-0.017725,-1.2365,-2.3335,-4.0168,-0.1896,-3.08,-3.4538
-7.7642,-4.8386,0.35327,6.0897,-3.496,-0.015628,-1.1799,-2.3486,-4.1562,-0.0041907,-2.9869,-3.5619
-7.4948,-4.7504,0.22221,5.9413,-3.2248,-0.045165,-1.1437,-2.3801,-4.2707,0.16134,-2.9444,-3.7225
-7.26,-4.7116,0.086241,5.8237,-2.9717,-0.10718,-1.13,-2.4313,-4.3529,0.29386,-2.9427,-3.9114
-7.0679,-4.7207,-0.062323,5.7425,-2.7414,-0.19825,-1.1405,-2.5087,-4.3999,0.38199,-2.9693,-4.1049
-6.9166,-4.7694,-0.23235,5.6958,-2.5304,-0.31396,-1.1758,-2.6168,-4.4151,0.42174,-3.0169,-4.2854
-6.7922,-4.8423,-0.43431,5.6722,-2.3274,-0.45155,-1.2344,-2.7512,-4.4087,0.4206,-3.0887,-4.4405
-6.6718,-4.9203,-0.67782,5.6535,-2.1174,-0.61121,-1.3122,-2.902,-4.3928,0.39659,-3.2034,-4.5692
-6.5327,-4.9854,-0.96738,5.6213,-1.8884,-0.79541,-1.4031,-3.054,-4.3781,0.37066,-3.3775,-4.6799
-6.3624,-5.0261,-1.2987,5.5647,-1.6375,-1.0066,-1.5013,-3.194,-4.3709,0.35533,-3.6243,-4.7831
-6.1645,-5.0404,-1.6573,5.4839,-1.3744,-1.2447,-1.6022,-3.3156,-4.3741,0.34563,-3.9423,-4.8911
-5.9571,-5.0354,-2.0206,5.3901,-1.1192,-1.5048,-1.7037,-3.4225,-4.3915,0.31841,-4.3251,-5.0125
-5.7639,-5.0221,-2.3615,5.2988,-0.89515,-1.775,-1.8056,-3.5257,-4.4292,0.24181,-4.7572,-5.1537
-5.6044,-5.0086,-2.6542,5.2237,-0.7211,-2.0361,-1.9096,-3.6371,-4.4943,0.090602,-5.218,-5.3126
-5.4873,-4.9942,-2.8787,5.1701,-0.60573,-2.2619,-2.0172,-3.763,-4.5899,-0.1408,-5.6871,-5.4765
-5.4086,-4.9677,-3.0232,5.1342,-0.54699,-2.4235,-2.1284,-3.8998,-4.7112,-0.43454,-6.149,-5.625
-5.3569,-4.9115,-3.0843,5.1056,-0.53634,-2.4948,-2.2391,-4.0347,-4.8439,-0.75596,-6.5941,-5.7367
-5.3199,-4.807,-3.0645,5.0731,-0.5653,-2.4583,-2.3398,-4.1499,-4.9665,-1.0667,-7.0166,-5.7975
-5.2913,-4.6399,-2.9673,5.0277,-0.63128,-2.3067,-2.4162,-4.228,-5.0541,-1.3379,-7.4074,-5.804
-5.2711,-4.4,-2.7937,4.963,-0.74005,-2.0411,-2.4536,-4.2572,-5.0835,-1.557,-7.7507,-5.7625
-5.2622,-4.0795,-2.5398,4.8736,-0.90367,-1.665,-2.4435,-4.2335,-5.0362,-1.7266,-8.0239,-5.6832
-5.2659,-3.6698,-2.1965,4.7535,-1.135,-1.1772,-2.3865,-4.1606,-4.9024,-1.8571,-8.204,-5.5761
-5.2787,-3.1581,-1.7494,4.596,-1.4411,-0.56408,-2.2883,-4.0474,-4.6823,-1.9567,-8.2755,-5.4484
-5.2917,-2.523,-1.1827,4.3908,-1.8189,0.20546,-2.1512,-3.9034,-4.3852,-2.0252,-8.2333,-5.3035
-5.2916,-1.7322,-0.48309,4.1224,-2.2553,1.178,-1.9685,-3.7327,-4.0248,-2.054,-8.0809,-5.1402
-5.2646,-0.7462,0.35672,3.7709,-2.7317,2.4063,-1.7252,-3.5296,-3.6113,-2.032,-7.8243,-4.9518
-5.2001,0.47191,1.3424,3.3181,-3.2308,3.9425,-1.4009,-3.2775,-3.1461,-1.953,-7.4673,-4.7272
-5.0944,1.9454,2.4865,2.7558,-3.7393,5.8401,-0.97044,-2.9524,-2.6181,-1.8187,-7.0102,-4.4533
-4.9498,3.6829,3.8185,2.0889,-4.2463,8.1405,-0.3982,-2.5275,-2.0063,-1.6361,-6.4504,-4.1206
-4.7689,5.6956,5.3894,1.3273,-4.738,10.836,0.38217,-1.9768,-1.2852,-1.4098,-5.7838,-3.7271
-4.5469,8.0241,7.262,0.46996,-5.1952,13.848,1.5191,-1.2748,-0.43132,-1.1368,-5.0067,-3.2785
-4.2695,10.756,9.4822,-0.50825,-5.5953,17.066,3.3171,-0.39511,0.57163,-0.80486,-4.1187,-2.7844
-3.9188,14.002,12.05,-1.655,-5.9199,20.398,6.1404,0.69235,1.7292,-0.3959,-3.1252,-2.2502
-3.4831,17.812,14.928,-3.0234,-6.1651,23.796,9.8638,2.0212,3.0366,0.10766,-2.0414,-1.6713
-2.9619,22.075,18.054,-4.6457,-6.343,27.245,13.718,3.6259,4.4826,0.71769,-0.89311,-1.033
-2.3638,26.533,21.333,-6.5163,-6.472,30.704,17.161,5.5383,6.0577,1.4385,0.28772,-0.31573
-1.6967,30.914,24.619,-8.6007,-6.5612,34.076,20.183,7.7847,7.7637,2.2685,1.4735,0.49777
-0.954,35.071,27.751,-10.878,-6.6002,37.237,22.998,10.383,9.6184,3.2035,2.6519,1.4191
-0.10281,38.99,30.61,-13.386,-6.5619,40.122,25.808,13.329,11.65,4.2382,3.8302,2.4557
0.91746,42.739,33.137,-16.233,-6.4177,42.759,28.695,16.564,13.881,5.3644,5.0283,3.6127
2.1844,46.382,35.295,-19.535,-6.1557,45.245,31.62,19.945,16.307,6.5685,6.2651,4.8903
3.7728,49.925,37.062,-23.27,-5.7869,47.689,34.47,23.253,18.875,7.828,7.5453,6.2772
5.7272,53.294,38.417,-27.175,-5.3372,50.133,37.156,26.256,21.47,9.1108,8.8529,7.7428
8.0267,56.381,39.343,-30.857,-4.8322,52.49,39.633,28.782,23.941,10.376,10.151,9.2373
10.556,59.122,39.82,-34.067,-4.287,54.586,41.748,30.752,26.14,11.577,11.388,10.698
13.119,61.524,39.835,-36.784,-3.7069,56.265,43.202,32.164,27.969,12.668,12.504,12.059
15.511,63.663,39.414,-39.12,-3.0914,57.472,43.768,33.045,29.388,13.614,13.441,13.26
17.605,65.685,38.659,-41.234,-2.4418,58.259,43.377,33.403,30.409,14.395,14.158,14.257
19.372,67.777,37.733,-43.317,-1.7677,58.763,41.958,33.192,31.065,15.005,14.636,15.024
20.851,70.074,36.78,-45.557,-1.0896,59.15,39.31,32.334,31.381,15.454,14.881,15.559
22.102,72.543,35.864,-48.037,-0.4352,59.53,35.155,30.759,31.353,15.752,14.908,15.87
23.166,74.951,34.974,-50.605,0.16624,59.911,29.445,28.487,30.935,15.9,14.731,15.97
24.047,76.979,34.081,-52.869,0.68871,60.233,22.704,25.657,30.064,15.892,14.359,15.863
24.724,78.352,33.178,-54.394,1.1125,60.42,16.023,22.485,28.695,15.717,13.795,15.547
25.173,78.89,32.26,-54.939,1.4259,60.394,10.581,19.185,26.839,15.368,13.054,15.012
25.39,78.488,31.272,-54.516,1.6285,60.039,7.064,15.914,24.565,14.85,12.163,14.251
25.399,77.083,30.05,-53.272,1.7335,59.155,5.3377,12.764,21.974,14.173,11.16,13.277
25.228,74.661,28.382,-51.382,1.7693,57.541,4.4986,9.7782,19.164,13.351,10.082,12.127
24.869,71.269,26.211,-48.986,1.7763,55.187,3.6589,6.9703,16.212,12.394,8.9495,10.853
24.265,67.023,23.699,-46.192,1.7938,52.302,2.691,4.3463,13.159,11.309,7.7599,9.5029
23.337,62.121,21.023,-43.087,1.843,49.108,1.8246,1.9244,10.02,10.101,6.4902,8.0999
22.046,56.863,18.248,-39.759,1.9246,45.705,1.1576,-0.26634,6.8189,8.7766,5.1074,6.6407
20.43,51.591,15.395,-36.28,2.0376,42.109,0.66031,-2.2124,3.626,7.3495,3.5852,5.1105
18.578,46.529,12.5,-32.65,2.1943,38.341,0.27595,-3.9347,0.56493,5.8412,1.9169,3.5053
16.595,41.705,9.6477,-28.786,2.4085,34.469,-0.03985,-5.479,-2.2347,4.2798,0.12146,1.8503
14.595,37.038,6.9639,-24.662,2.6726,30.582,-0.31464,-6.8963,-4.6973,2.6968,-1.7604,0.20131
12.68,32.444,4.5788,-20.516,2.9503,26.752,-0.56388,-8.2305,-6.8285,1.1215,-3.6774,-1.3728
10.913,27.898,2.5851,-16.751,3.188,23.034,-0.79421,-9.5199,-8.7002,-0.42717,-5.5831,-2.8171
9.3,23.479,1.0253,-13.565,3.3336,19.508,-1.0035,-10.811,-10.424,-1.9473,-7.4496,-4.1093
7.7942,19.299,-0.10671,-10.837,3.3521,16.278,-1.1824,-12.176,-12.135,-3.4565,-9.2752,-5.2606
6.3083,15.378,-0.8644,-8.3288,3.229,13.42,-1.3178,-13.727,-13.99,-4.9869,-11.083,-6.3057
4.7397,11.644,-1.3369,-5.8646,2.9645,10.91,-1.3987,-15.612,-16.175,-6.5778,-12.911,-7.2896
3.0125,8.0444,-1.6217,-3.3797,2.5644,8.6214,-1.4207,-17.986,-18.904,-8.265,-14.803,-8.2569
1.1235,4.6197,-1.7951,-0.90658,2.0372,6.3868,-1.3888,-20.949,-22.362,-10.077,-16.792,-9.2458
-0.84752,1.4811,-1.9055,1.4654,1.4026,4.162,-1.3156,-24.461,-26.58,-12.038,-18.901,-10.288
-2.7658,-1.2643,-1.9848,3.6338,0.70455,2.1011,-1.217,-28.299,-31.304,-14.174,-21.135,-11.41
-4.4947,-3.5719,-2.0564,5.5159,0.010011,0.36541,-1.1068,-32.164,-36.061,-16.515,-23.49,-12.645
-5.9481,-5.4671,-2.137,7.0722,-0.61679,-1.0474,-0.99321,-35.839,-40.428,-19.087,-25.948,-14.032
-7.1183,-7.0194,-2.2339,8.3189,-1.1461,-2.2253,-0.879,-39.265,-44.218,-21.894,-28.474,-15.62
-8.0691,-8.3124,-2.3462,9.3266,-1.5903,-3.239,-0.76354,-42.471,-47.455,-24.905,-31.017,-17.459
-8.8937,-9.4253,-2.4703,10.197,-1.9807,-4.1174,-0.64687,-45.486,-50.242,-28.053,-33.517,-19.593
-9.6721,-10.423,-2.6044,11.028,-2.3385,-4.8612,-0.53144,-48.291,-52.679,-31.258,-35.922,-22.045
-10.456,-11.356,-2.7441,11.895,-2.6653,-5.4624,-0.42067,-50.836,-54.845,-34.452,-38.198,-24.813
-11.28,-12.258,-2.8758,12.851,-2.9561,-5.9174,-0.31767,-53.081,-56.799,-37.593,-40.34,-27.842
-12.173,-13.164,-2.9747,13.94,-3.2159,-6.2334,-0.22308,-55.019,-58.593,-40.662,-42.362,-31.012
-13.167,-14.115,-3.011,15.21,-3.4634,-6.4301,-0.13386,-56.684,-60.271,-43.647,-44.285,-34.14
-14.295,-15.161,-2.9605,16.711,-3.7248,-6.5385,-0.042929,-58.136,-61.862,-46.524,-46.113,-37.017
-15.572,-16.351,-2.8133,18.469,-4.0205,-6.5986,0.059886,-59.445,-63.379,-49.248,-47.819,-39.454
-16.971,-17.708,-2.578,20.453,-4.3574,-6.6548,0.18604,-60.665,-64.818,-51.76,-49.347,-41.33
-18.417,-19.21,-2.2802,22.543,-4.7283,-6.7494,0.34702,-61.813,-66.154,-53.995,-50.631,-42.618
-19.825,-20.782,-1.9553,24.575,-5.1236,-6.9129,0.55567,-62.86,-67.351,-55.897,-51.624,-43.39
-21.171,-22.321,-1.6355,26.417,-5.5478,-7.1505,0.83249,-63.738,-68.352,-57.437,-52.325,-43.831
-22.553,-23.724,-1.3366,28.039,-6.0357,-7.4305,1.221,-64.346,-69.089,-58.611,-52.809,-44.27
-24.214,-24.929,-1.0559,29.525,-6.6754,-7.6895,1.8336,-64.567,-69.493,-59.452,-53.255,-45.167
-26.507,-25.924,-0.78784,31.044,-7.666,-7.8621,3.0678,-64.27,-69.53,-60.049,-53.977,-46.988
-29.705,-26.745,-0.52499,32.779,-9.5045,-7.9221,6.3747,-63.3,-69.223,-60.563,-55.408,-49.837
-33.676,-27.466,-0.048036,34.798,-13.42,-7.9123,8.5291,-61.523,-68.67,-61.227,-57.997,-53.176
-37.839,-28.173,1.5608,36.978,-17.815,-7.9816,8.1577,-60.009,-68.002,-62.292,-61.838,-56.141
-40.922,-28.927,2.1715,39.099,-18.379,-8.5839,8.3146,-62.967,-67.309,-63.925,-65.556,-56.973
-41.919,-29.719,1.9749,41.013,-18.207,-10.31,8.4387,-68.145,-66.596,-66.073,-65.68,-55.957
-42.149,-30.444,1.5074,42.657,-17.919,-12.114,9.0346,-69.716,-65.927,-68.422,-63.615,-54.968
-42.754,-30.918,1.2087,44.055,-17.93,-12.577,11.047,-68.222,-65.664,-70.508,-62.825,-54.498
-44.491,-30.928,2.3889,45.269,-19.14,-11.248,16.107,-63.07,-64.912,-71.809,-63.658,-55.535
-48.914,-30.271,7.0841,46.224,-23.293,-7.9699,26.853,-52.869,-60.262,-71.489,-66.096,-59.247
-58.007,-28.787,17.061,47.376,-32.314,-2.65,46.411,-37.377,-52.406,-68.524,-71.465,-67.831
-72.958,-26.478,34.249,52.642,-48.425,6.2482,74.397,-16.785,-42.96,-68.453,-84.418,-85.745
-92.827,-23.956,59.693,61.418,-72.987,18.308,105.93,9.526,-32.525,-74.706,-108.86,-115.85
-114.55,-23.322,84.619,70.974,-97.408,30.064,139.49,42.841,-20.654,-81.789,-148.06,-155.57
-134,-25.377,103.45,80.398,-116.52,39.134,174.01,83.531,-6.6955,-90.974,-199.08,-197.54
-147.51,-25.413,115.26,87.498,-129.32,44.307,206.66,130.15,9.8754,-101.9,-249.51,-238.58
-151.86,-25.179,118.41,89.889,-133.59,45.722,233.39,184.4,32.79,-111.59,-290.94,-274.44
-144.4,-22.716,111.98,85.432,-127.59,43.456,252.59,252.46,68.524,-114.32,-316.51,-298.35
-122.57,-17.383,94.912,72.406,-109.01,37.887,264.68,341.44,120.66,-104.71,-317,-302.9
-83.352,-9.8511,65.182,49.238,-74.442,28.228,270.47,456.93,193.77,-74.08,-283.06,-280.73
-23.377,-0.19298,19.44,14.068,-20.379,12.369,269.96,599.83,292.93,-1.5247,-206.19,-224.84
60.483,13.437,-45.92,-35.208,55.659,-11.579,261.19,763.41,418.97,135.43,-78.93,-128.58
170.16,35.734,-131.6,-100.46,154.2,-42.601,239.84,932.31,569.34,313.09,107.08,15.289
303.79,72.166,-232.22,-182.74,271.52,-76.188,200.62,1084.6,738.69,538.11,359.37,211.2
454.16,122.45,-335.49,-281.68,398.04,-103.73,139.29,1196.2,919.23,812.49,676.64,457.43
609.42,190.37,-423.98,-394.55,519.54,-113.94,54.588,1245.2,1101.3,1130.3,1048.2,746.62
755.69,282.47,-479.36,-515.85,620.4,-95.566,-50.739,1217.6,1274.4,1478.9,1456.2,1065.4
880.06,399.02,-488.23,-638.07,687.84,-41.642,-169.78,1112.8,1428.5,1838.8,1875.9,1395.6
973.38,533.54,-447.32,-752.99,715.29,46.36,-292.2,944.78,1554.9,2185,2279.1,1716.1
1031.6,672.59,-365.68,-851.97,704.48,157.12,-406.16,738.38,1647.3,2490.1,2636.7,2004.7
1055.6,798.11,-262.31,-926.52,664.93,271.98,-500.37,523.14,1701.2,2727.4,2922.3,2240.5
1049.2,891.85,-159.85,-969.71,610.17,370.42,-566.09,325.55,1713.2,2874.6,3114.5,2405.9
1016.7,940.33,-76.751,-977.67,552.01,436.38,-598.59,162.1,1679,2915.8,3197.9,2487.2
961.3,938.2,-21.778,-949.56,496.54,462.7,-597.86,35.288,1593.2,2842.7,3163.4,2476.3
883.95,888.79,6.9858,-887.27,443.45,451.93,-568,-65.196,1450.4,2655.1,3008.3,2371
785.12,801.92,18.707,-795.37,388.37,413.71,-515.74,-155.87,1247.9,2360.8,2737.6,2175.8
666.67,690.45,24.548,-680.87,326.46,360.3,-448.71,-250.68,990.01,1976.7,2366.2,1903.2
533.84,566.91,32.456,-552.53,256.08,301.97,-374.54,-354.76,690.9,1529.9,1921,1574.6
395.98,441.48,43.867,-420.1,181.78,244.77,-300.57,-462.66,376.87,1058.9,1441.7,1219.5
265.32,321.59,54.622,-293.45,111.88,190.54,-233.43,-560.46,83.516,612.34,977.48,872.62
154.04,213.02,58.385,-181.77,54.89,138.66,-178.28,-630.94,-152.9,239.91,578.05,568.56
70.83,121.18,50.775,-92.502,19.981,88.941,-137.81,-660.89,-306.39,-20.583,282.49,334.56
19.531,50.667,30.619,-29.634,10.313,44.309,-111.33,-646.55,-369.15,-155.25,107.74,183.91
2.4524,3.8796,7.2106,4.3255,11.982,9.4669,-96.548,-593.16,-353.13,-177.89,43.764,112.44
2.0824,-17.808,-0.68495,14.231,17.684,-10.485,-88.84,-511.48,-284.14,-123.43,59.232,101.23
8.4171,-20.792,-6.431,10.411,22.86,-15.856,-82.27,-414.73,-191.84,-33.298,115.41,124.47
15.727,-12.431,-9.0183,0.87603,25.807,-11.939,-72.915,-315.2,-101.23,57.368,179.12,158.53
21.315,0.42845,-8.3941,-8.9332,26.643,-3.0215,-59.866,-222.08,-27.538,125.63,227.63,186.77
25.033,12.719,-5.7885,-16.716,26.136,6.5879,-44.008,-141.6,20.427,162.27,249.72,200.05
27.732,22.011,-2.6467,-22.314,23.749,13.714,-28.433,-76.773,41.872,169.51,244.79,196.15
27.009,27.511,-0.84402,-25.804,12.718,17.548,-16.847,-28.539,48.404,154.07,219.71,178.42
13.967,16.56,-0.72623,-11.544,9.8274,18.074,-10.028,-2.4677,46.889,122.56,183.81,152.42
10.556,5.7256,-0.85289,-5.9643,9.1126,7.4303,-6.3989,6.2432,40.267,89.915,145.77,123.38
9.5247,4.0757,-0.8526,-4.7567,8.8579,5.217,-3.7966,5.7691,31.743,65.474,119.16,100.38
8.9958,3.4467,-0.78346,-4.1505,8.5184,4.7616,-0.73621,1.6688,23.385,45.497,96.217,83.357
8.4116,2.8447,-0.71067,-3.5747,7.8705,4.2342,3.189,-2.5818,15.62,33.471,78.18,67.011
7.5203,2.1524,-0.66239,-2.8989,6.9548,3.6162,7.0003,-4.7369,6.5664,31.094,73.735,57.741
6.3043,1.3224,-0.64634,-2.0353,5.9505,3.1597,8.2568,-3.0433,7.805,29.199,69.2,53.143
4.921,0.32191,-0.68195,-0.96353,5.0525,2.7283,8.3179,5.4329,7.9767,24.36,59.811,45.495
3.5529,-0.84275,-0.80567,0.23883,4.3878,2.1051,9.2158,10.172,6.9167,18.763,49.28,36.381
2.3305,-2.0555,-1.0261,1.411,3.9712,1.2761,10.653,13.946,5.3456,13.37,39.927,27.654
1.3119,-3.1462,-1.3033,2.41,3.74,0.40143,12.166,17.254,3.7875,8.6486,32.361,20.089
0.49731,-4.0299,-1.5705,3.1857,3.6091,-0.35813,13.5,20.149,2.4686,4.8987,26.699,15.059
-0.14171,-4.7173,-1.7687,3.7602,3.5071,-0.94565,14.627,22.793,1.4597,2.0637,22.746,13.955
-0.63869,-5.255,-1.8718,4.1809,3.3927,-1.3895,15.648,25.389,0.77572,-0.0073724,20.03,13.62
-1.0173,-5.6886,-1.8948,4.4928,3.2593,-1.7528,16.615,28.086,0.38765,-1.497,18.139,12.71
-1.2856,-6.0526,-1.888,4.7273,3.13,-2.0999,17.457,30.928,0.23779,-2.5834,16.791,11.587
-1.4395,-6.3695,-1.9169,4.9014,3.0464,-2.4777,18.059,33.832,0.26063,-3.4052,15.799,10.504
-1.4747,-6.6505,-2.0378,5.0217,3.053,-2.9051,18.357,36.631,0.39884,-4.047,15.042,9.5417
-1.3978,-6.8983,-2.2782,5.0906,3.1817,-3.3725,18.359,39.165,0.61176,-4.5443,14.453,8.7243
-1.2307,-7.1085,-2.6297,5.1104,3.4416,-3.8479,18.129,41.359,0.87623,-4.8989,14.005,8.0741
-1.0032,-7.2705,-3.0542,5.0826,3.8168,-4.2882,17.77,43.24,1.1817,-5.0978,13.695,7.6194
-0.73991,-7.3685,-3.4977,5.0057,4.2743,-4.6508,17.391,44.896,1.5242,-5.1301,13.521,7.3873
-0.44988,-7.3877,-3.9097,4.876,4.7809,-4.9061,17.07,46.426,1.9024,-4.9963,13.479,7.3924
-0.12277,-7.3222,-4.2606,4.6908,5.3202,-5.0455,16.843,47.91,2.3177,-4.7105,13.559,7.6296
0.26963,-7.1781,-4.551,4.4485,5.9056,-5.0846,16.695,49.391,2.7756,-4.2947,13.751,8.0719
0.76494,-6.9695,-4.8074,4.1472,6.5805,-5.0573,16.574,50.882,3.2896,-3.769,14.049,8.6756
1.3965,-6.7121,-5.0674,3.7845,7.4085,-5.0026,16.413,52.386,3.8809,-3.1459,14.457,9.3911
2.18,-6.4185,-5.3638,3.3609,8.4519,-4.9492,16.142,53.902,4.5738,-2.4284,14.98,10.176
3.1047,-6.0976,-5.7119,2.8829,9.7378,-4.9072,15.712,55.436,5.3859,-1.6139,15.623,11.009
4.1328,-5.7564,-6.1041,2.364,11.215,-4.8685,15.104,56.993,6.3212,-0.69573,16.385,11.893
5.2053,-5.4009,-6.5087,1.8241,12.739,-4.8165,14.334,58.589,7.3704,0.33846,17.26,12.852
6.2575,-5.0378,-6.8794,1.2854,14.131,-4.7402,13.451,60.249,8.5207,1.5085,18.238,13.92
7.2392,-4.6754,-7.1796,0.76803,15.276,-4.6441,12.518,62.013,9.7695,2.8381,19.316,15.122
8.1328,-4.324,-7.4099,0.28281,16.172,-4.5487,11.583,63.934,11.135,4.3464,20.501,16.468
8.958,-3.9935,-7.6122,-0.17122,16.904,-4.4836,10.671,66.057,12.658,6.04,21.813,17.957
9.757,-3.6906,-7.8429,-0.60456,17.576,-4.4734,9.7797,68.406,14.388,7.9107,23.283,19.576
10.572,-3.415,-8.1348,-1.0315,18.252,-4.5259,8.8965,70.965,16.362,9.939,24.939,21.305
11.43,-3.1572,-8.4751,-1.4659,18.936,-4.6251,8.0119,73.684,18.588,12.099,26.805,23.102
12.336,-2.8982,-8.8087,-1.92,19.585,-4.7349,7.1308,76.49,21.03,14.361,28.888,24.916
13.279,-2.614,-9.0633,-2.4056,20.147,-4.811,6.2704,79.313,23.624,16.694,31.182,26.709
14.249,-2.2822,-9.186,-2.9338,20.598,-4.8157,5.4526,82.101,26.299,19.069,33.666,28.483
15.246,-1.8898,-9.1716,-3.514,20.964,-4.7295,4.6948,84.838,29.012,21.473,36.324,30.286
16.29,-1.4385,-9.0643,-4.152,21.311,-4.5545,4.0069,87.54,31.753,23.917,39.161,32.192
17.41,-0.94357,-8.9336,-4.8502,21.715,-4.3094,3.393,90.245,34.533,26.452,42.213,34.288
18.637,-0.4266,-8.8488,-5.6106,22.238,-4.0208,2.8545,92.999,37.352,29.173,45.548,36.646
20.001,0.096145,-8.8633,-6.4407,22.911,-3.7123,2.3918,95.837,40.19,32.221,49.249,39.314
21.522,0.62237,-9.0119,-7.3579,23.741,-3.3987,2.0033,98.771,43.014,35.778,53.395,42.291
23.218,1.1643,-9.3158,-8.3897,24.73,-3.0855,1.6826,101.79,45.789,40.055,58.026,45.517
25.088,1.7407,-9.7925,-9.5668,25.882,-2.7767,1.4174,104.87,48.491,45.231,63.095,48.877
27.105,2.3661,-10.461,-10.913,27.195,-2.4834,1.1903,107.99,51.126,51.347,68.458,52.224
29.223,3.0411,-11.343,-12.437,28.66,-2.2286,0.98109,111.12,53.752,58.211,73.915,55.447
31.398,3.7499,-12.455,-14.125,30.263,-2.0439,0.77023,114.3,56.475,65.401,79.3,58.512
33.608,4.4643,-13.812,-15.949,31.993,-1.9611,0.54108,117.56,59.408,72.436,84.544,61.459
35.855,5.1541,-15.418,-17.878,33.848,-2.0019,0.28013,120.95,62.621,78.965,89.66,64.366
38.153,5.7992,-17.258,-19.902,35.826,-2.1698,-0.024985,124.53,66.092,84.848,94.698,67.306
40.517,6.3984,-19.286,-22.037,37.925,-2.4472,-0.3884,128.35,69.723,90.112,99.711,70.348
42.961,6.9719,-21.429,-24.314,40.133,-2.8001,-0.82784,132.4,73.401,94.876,104.74,73.554
45.505,7.5583,-23.602,-26.752,42.435,-3.1865,-1.3641,136.65,77.062,99.291,109.82,76.971
48.178,8.208,-25.736,-29.332,44.826,-3.5661,-2.0176,141.05,80.711,103.51,114.98,80.621
51.024,8.9799,-27.79,-31.974,47.316,-3.9083,-2.8039,145.55,84.409,107.7,120.27,84.488
54.093,9.9415,-29.759,-34.562,49.914,-4.1954,-3.7302,150.1,88.242,111.98,125.69,88.52
57.404,11.169,-31.654,-36.989,52.61,-4.4221,-4.7993,154.74,92.268,116.45,131.25,92.646
60.915,12.733,-33.497,-39.225,55.357,-4.5914,-6.0191,159.52,96.483,121.15,136.92,96.808
64.52,14.656,-35.3,-41.325,58.078,-4.7076,-7.413,164.52,100.81,126.06,142.63,100.97
68.088,16.87,-37.062,-43.376,60.699,-4.7703,-9.0177,169.8,105.17,131.16,148.37,105.15
71.515,19.226,-38.761,-45.439,63.174,-4.7724,-10.859,175.4,109.49,136.39,154.1,109.35
74.747,21.579,-40.36,-47.528,65.488,-4.7023,-12.912,181.32,113.82,141.75,159.87,113.63
77.778,23.876,-41.807,-49.636,67.65,-4.548,-15.076,187.5,118.27,147.22,165.73,118.01
80.644,26.175,-43.066,-51.763,69.676,-4.3048,-17.208,193.89,123.02,152.82,171.76,122.52
83.424,28.601,-44.135,-53.944,71.596,-3.9824,-19.198,200.45,128.26,158.59,178.07,127.16
86.226,31.275,-45.058,-56.248,73.463,-3.6086,-21.019,207.23,134.09,164.63,184.76,131.96
89.165,34.232,-45.915,-58.783,75.353,-3.224,-22.699,214.29,140.49,171,191.9,136.97
92.333,37.399,-46.794,-61.665,77.355,-2.8703,-24.27,221.7,147.3,177.77,199.54,142.2
95.776,40.628,-47.766,-64.928,79.546,-2.5774,-25.757,229.49,154.26,184.97,207.67,147.63
99.486,43.79,-48.884,-68.452,81.962,-2.3564,-27.192,237.67,161.19,192.58,216.24,153.21
103.42,46.819,-50.188,-72.042,84.578,-2.1983,-28.618,246.22,168.05,200.55,225.2,158.92
107.52,49.704,-51.704,-75.598,87.316,-2.0798,-30.075,255.12,174.9,208.84,234.5,164.77
111.77,52.454,-53.428,-79.151,90.104,-1.9723,-31.588,264.36,181.86,217.41,244.16,170.86
116.18,55.075,-55.317,-82.776,92.933,-1.8523,-33.153,273.98,189.09,226.25,254.2,177.34
120.79,57.566,-57.292,-86.509,95.88,-1.7098,-34.744,284.05,196.72,235.36,264.71,184.42
125.62,59.934,-59.302,-90.345,99.056,-1.5516,-36.336,294.64,204.83,244.74,275.76,192.26
130.68,62.191,-61.366,-94.273,102.55,-1.3977,-37.923,305.8,213.47,254.43,287.37,200.96
136,64.375,-63.58,-98.31,106.39,-1.2729,-39.524,317.51,222.62,264.49,299.54,210.46
141.64,66.561,-66.074,-102.51,110.59,-1.1973,-41.175,329.73,232.21,275.02,312.21,220.56
147.74,68.885,-68.968,-106.95,115.19,-1.1775,-42.899,342.39,242.17,286.18,325.37,230.97
154.41,71.557,-72.338,-111.72,120.26,-1.2048,-44.689,355.41,252.44,298.14,339.04,241.48
161.69,74.82,-76.178,-116.9,125.81,-1.2573,-46.509,368.75,263.04,311.03,353.34,252.03
169.43,78.831,-80.351,-122.54,131.67,-1.3061,-48.317,382.38,274.09,324.87,368.39,262.69
177.41,83.474,-84.605,-128.58,137.58,-1.3218,-50.09,396.28,285.77,339.55,384.29,273.7
185.42,88.387,-88.661,-134.9,143.35,-1.2799,-51.836,410.45,298.23,354.83,401.03,285.27
193.42,93.261,-92.34,-141.43,148.98,-1.1619,-53.583,424.91,311.49,370.49,418.55,297.53
201.49,98.01,-95.668,-148.15,154.69,-0.95441,-55.363,439.71,325.38,386.36,436.77,310.51
209.87,102.71,-98.888,-155.06,160.82,-0.64711,-57.204,454.89,339.59,402.43,455.64,324.16
218.83,107.48,-102.34,-162.21,167.61,-0.23366,-59.122,470.49,353.82,418.76,475.17,338.42
228.49,112.45,-106.28,-169.7,175.03,0.28648,-61.126,486.47,367.86,435.48,495.4,353.27
238.71,117.69,-110.69,-177.52,182.7,0.90753,-63.246,502.72,381.7,452.68,516.35,368.71
249.11,123.22,-115.33,-185.54,190.18,1.6192,-65.564,519.04,395.45,470.42,537.99,384.65
259.28,129.02,-119.94,-193.55,197.22,2.411,-68.206,535.16,409.28,488.66,560.24,400.96
268.96,135.02,-124.31,-201.36,203.79,3.2772,-71.258,550.75,423.35,507.35,582.97,417.49
278.15,141.16,-128.37,-208.89,209.96,4.2219,-74.664,565.6,437.77,526.43,606.05,434.2
287.06,147.42,-132.1,-216.24,215.82,5.2599,-78.256,579.65,452.6,545.81,629.33,451.12
296.03,153.81,-135.54,-223.67,221.54,6.4096,-81.871,593.04,467.77,565.38,652.72,468.39
305.37,160.41,-138.75,-231.42,227.38,7.6763,-85.442,605.98,483.07,584.99,676.12,486.09
315.3,167.24,-141.87,-239.63,233.61,9.0388,-88.995,618.7,498.16,604.51,699.52,504.17
325.83,174.22,-145.04,-248.31,240.33,10.457,-92.592,631.29,512.73,623.85,722.89,522.45
336.72,181.21,-148.39,-257.28,247.42,11.897,-96.284,643.61,526.59,642.97,746.18,540.65
347.56,188,-151.93,-266.24,254.56,13.358,-100.08,655.34,539.68,661.87,769.32,558.57
358.05,194.45,-155.59,-274.97,261.58,14.862,-103.98,666.1,552.08,680.53,792.26,576.16
368.2,200.49,-159.29,-283.39,268.47,16.421,-107.95,675.63,563.97,698.89,814.95,593.55
378.14,206.13,-163.04,-291.49,275.33,18.011,-112.04,683.87,575.49,716.89,837.34,610.94
388,211.42,-166.84,-299.31,282.26,19.57,-116.33,690.88,586.81,734.47,859.35,628.49
397.8,216.4,-170.73,-306.8,289.35,21.024,-120.92,696.79,597.92,751.48,880.85,646.18
407.42,221.12,-174.72,-313.91,296.55,22.318,-125.81,701.71,608.65,767.76,901.66,663.75
416.69,225.62,-178.75,-320.56,303.68,23.439,-130.88,705.68,618.63,783.1,921.54,680.85
425.3,229.93,-182.7,-326.68,310.37,24.411,-135.95,708.72,627.52,797.3,940.35,697.17
432.97,234.04,-186.41,-332.23,316.18,25.285,-140.8,710.79,635.14,810.24,958.03,712.56
439.55,237.91,-189.7,-337.26,320.85,26.122,-145.29,711.8,641.56,821.89,974.64,726.92
445.11,241.47,-192.41,-341.84,324.41,26.975,-149.37,711.57,646.86,832.31,990.24,740.19
449.87,244.65,-194.44,-346.04,327.07,27.882,-153.12,709.78,651.05,841.57,1004.8,752.29
454.07,247.42,-195.79,-349.9,329.11,28.846,-156.62,706.05,654,849.68,1018.3,763.21
457.81,249.77,-196.55,-353.32,330.77,29.836,-159.97,699.95,655.44,856.57,1030.3,772.91
461.02,251.74,-196.86,-356.19,332.26,30.81,-163.21,691.12,655.05,861.99,1040.5,781.36
463.53,253.37,-196.81,-358.44,333.57,31.751,-166.39,679.37,652.53,865.57,1048.5,788.48
465.13,254.72,-196.33,-360.06,334.42,32.686,-169.51,664.75,647.68,866.86,1053.8,794.17
465.56,255.83,-195.19,-361.04,334.39,33.673,-172.53,647.56,640.49,865.46,1056.1,798.25
464.61,256.72,-193.06,-361.31,333.14,34.757,-175.37,628.26,631.19,861.12,1054.9,800.43
462.11,257.36,-189.76,-360.76,330.44,35.939,-177.92,607.33,620.17,853.77,1049.8,800.31
458.02,257.66,-185.42,-359.23,326.3,37.169,-180.05,585.17,607.8,843.47,1040.7,797.46
452.32,257.49,-180.3,-356.53,320.91,38.394,-181.63,562.01,594.14,830.36,1027.5,791.55
445.05,256.71,-174.58,-352.5,314.43,39.609,-182.55,537.96,579,814.56,1010.3,782.44
436.26,255.14,-168.41,-347.04,306.97,40.851,-182.8,513.07,562.09,796.11,989.44,770.13
426.04,252.61,-161.94,-340.19,298.63,42.139,-182.38,487.37,543.28,775.06,965.46,754.78
414.44,249,-155.2,-332.08,289.5,43.428,-181.34,460.98,522.71,751.52,938.76,736.55
401.56,244.28,-148.12,-322.87,279.58,44.649,-179.71,434.09,500.78,725.78,909.63,715.65
387.52,238.55,-140.57,-312.71,268.89,45.772,-177.45,407.01,477.99,698.25,878.26,692.23
372.47,232,-132.38,-301.73,257.4,46.835,-174.52,380.05,454.75,669.28,844.67,666.42
356.54,224.79,-123.48,-290.07,245.11,47.939,-170.87,353.48,431.3,639.14,808.8,638.42
339.86,217.08,-113.96,-277.86,232.1,49.133,-166.54,327.46,407.69,608.01,770.82,608.58
322.64,208.98,-104.14,-265.19,218.57,50.287,-161.58,302.01,383.78,576.02,731.12,577.44
305.18,200.58,-94.481,-252.21,204.86,51.125,-156.07,277.17,359.4,543.33,690.23,545.54
287.7,191.91,-85.41,-239.04,191.31,51.391,-150.05,252.95,334.5,510.12,648.68,513.22
270.28,182.99,-77.118,-225.7,178.13,50.975,-143.54,229.45,309.31,476.7,607.03,480.66
252.76,173.74,-69.569,-212.13,165.29,49.899,-136.6,206.86,284.26,443.54,565.83,448
234.97,164.03,-62.572,-198.19,152.66,48.255,-129.28,185.45,259.87,411.2,525.54,415.6
216.83,153.73,-55.878,-183.83,140.17,46.152,-121.62,165.55,236.61,380.13,486.45,383.91
198.5,142.84,-49.283,-169.17,127.88,43.706,-113.68,147.44,214.82,350.57,448.67,353.37
180.38,131.51,-42.76,-154.53,115.95,41.044,-105.62,131.24,194.65,322.54,412.25,324.2
163,120.08,-36.498,-140.35,104.6,38.315,-97.718,116.84,176.13,295.95,377.23,296.4
146.86,108.97,-30.777,-127.02,94.039,35.674,-90.23,103.89,159.1,270.63,343.69,269.84
132.18,98.598,-25.811,-114.74,84.343,33.251,-83.294,91.914,143.35,246.44,311.77,244.35
118.89,89.153,-21.636,-103.5,75.42,31.099,-76.836,80.476,128.65,223.31,281.67,219.9
106.67,80.58,-18.119,-93.111,67.055,29.156,-70.649,69.334,114.85,201.34,253.55,196.58
95.175,72.617,-15.071,-83.371,59.065,27.288,-64.56,58.604,101.82,180.73,227.58,174.6
84.211,64.96,-12.304,-74.142,51.493,25.399,-58.515,48.705,89.58,161.74,203.86,154.22
73.759,57.561,-9.5793,-65.39,44.579,23.463,-52.574,40.087,78.182,144.57,182.41,135.62
63.94,50.822,-6.7303,-57.122,38.504,21.451,-46.805,33.061,67.718,129.18,163.12,118.92
54.901,44.989,-4.0695,-49.318,33.239,19.307,-41.255,27.434,58.215,115.32,145.78,104.06
46.711,39.808,-2.0549,-42.016,28.591,17.029,-36.011,22.481,49.582,102.5,129.98,90.779
39.344,34.968,-0.66619,-35.576,24.301,14.722,-31.193,17.771,41.696,90.131,114.83,78.448
32.747,30.263,0.32026,-30.418,20.105,12.559,-26.883,13.454,34.655,77.808,99.609,66.194
26.953,25.492,1.0573,-26.331,15.841,10.667,-23.093,9.8031,28.629,65.783,85.292,54.623
22.071,20.512,1.6179,-22.554,11.614,9.0669,-19.821,6.9046,23.333,54.812,72.896,44.767
17.983,15.542,2.0288,-18.37,7.9137,7.6975,-17.033,4.6801,18.481,45.436,62.339,36.165
14.273,11.176,2.2889,-13.735,5.2896,6.4694,-14.526,2.9935,14.306,37.776,53.32,28.373
10.85,7.7714,2.3821,-9.4744,3.7797,5.3052,-12.058,1.7163,11.037,31.699,45.637,21.572
8.0238,5.2036,2.2936,-6.2522,3.0084,4.1582,-9.6562,0.74985,8.5788,26.947,39.207,16.126
5.9095,3.1944,2.0253,-3.9739,2.6459,3.0157,-7.5473,0.022858,6.7117,23.216,33.957,12.45
4.3677,1.5487,1.6029,-2.3044,2.5109,1.8897,-5.8569,-0.51669,5.2538,20.241,29.719,10.346
3.2347,0.16681,1.07,-1.0228,2.505,0.80165,-4.5584,-0.90966,4.0897,17.841,26.278,8.7709
2.4006,-1.0053,0.47497,-0.01999,2.5688,-0.23059,-3.5684,-1.1908,3.1522,15.904,23.455,6.9414
1.7954,-2.0095,-0.14156,0.76683,2.6658,-1.1989,-2.8089,-1.3919,2.4028,14.364,21.124,4.8228
1.3659,-2.8851,-0.75259,1.3892,2.774,-2.1061,-2.2208,-1.5423,1.8174,13.177,19.191,2.7334
1.0616,-3.6658,-1.3435,1.8962,2.8795,-2.9629,-1.7609,-1.6678,1.3748,12.294,17.585,0.93884
0.83152,-4.3763,-1.9068,2.3329,2.9715,-3.7787,-1.3996,-1.7871,1.049,11.656,16.246,-0.47061
0.62799,-5.0302,-2.4362,2.7337,3.0414,-4.5522,-1.1191,-1.9092,0.80542,11.192,15.121,-1.5269
0.41471,-5.6303,-2.9235,3.1175,3.084,-5.2697,-0.90833,-2.0338,0.60424,10.829,14.163,-2.3083
0.17171,-6.1707,-3.3573,3.4867,3.0995,-5.9132,-0.75622,-2.1543,0.41011,10.511,13.331,-2.8984
-0.10516,-6.6402,-3.7246,3.8313,3.0914,-6.4657,-0.6471,-2.2619,0.20373,10.207,12.597,-3.371
-0.40907,-7.0252,-4.012,4.1364,3.0608,-6.9113,-0.56009,-2.3498,-0.011232,9.9168,11.945,-3.7856
-0.72754,-7.3146,-4.2064,4.3893,3.0013,-7.2331,-0.47227,-2.4151,-0.21081,9.6646,11.368,-4.1843
-1.0459,-7.5046,-4.2938,4.5841,2.8988,-7.4185,-0.36427,-2.4608,-0.36226,9.4832,10.862,-4.5887
-1.35,-7.6017,-4.2612,4.7227,2.7386,-7.4659,-0.22575,-2.4938,-0.43928,9.3978,10.419,-4.9981
-1.6282,-7.6211,-4.0988,4.8138,2.5122,-7.3864,-0.058487,-2.5222,-0.43339,9.4154,10.025,-5.3939
-1.8738,-7.5804,-3.8041,4.8679,2.2217,-7.199,0.12464,-2.5523,-0.35671,9.5229,9.6592,-5.7483
-2.0856,-7.4942,-3.3858,4.8944,1.8793,-6.9239,0.30491,-2.5862,-0.23597,9.694,9.3069,-6.0358
-2.2668,-7.3712,-2.8651,4.9,1.5048,-6.5804,0.46514,-2.6221,-0.10177,9.8972,8.9605,-6.2417
-2.424,-7.216,-2.2761,4.889,1.1231,-6.1874,0.59542,-2.6547,0.022133,10.104,8.6225,-6.3672
-2.5638,-7.0322,-1.6643,4.8643,0.76152,-5.7667,0.6945,-2.6774,0.12587,10.293,8.3026,-6.4287
-2.6899,-6.8237,-1.0837,4.8283,0.44663,-5.3443,0.76678,-2.684,0.21532,10.456,8.0118,-6.4516
-2.8004,-6.5955,-0.59075,4.782,0.20253,-4.9495,0.81731,-2.6702,0.3093,10.592,7.7575,-6.46
-2.8883,-6.3543,-0.23305,4.7257,0.047248,-4.6114,0.84768,-2.6332,0.43341,10.709,7.5393,-6.467
-2.9459,-6.1083,-0.036766,4.6597,-0.012297,-4.3532,0.85494,-2.5708,0.61168,10.82,7.3486,-6.4718
-2.9694,-5.8659,0.0025845,4.5847,0.015767,-4.1856,0.83365,-2.4811,0.85837,10.936,7.1713,-6.4629
-2.9593,-5.6343,-0.080454,4.5013,0.10959,-4.1026,0.77976,-2.3616,1.1733,11.062,6.994,-6.4249
-2.9178,-5.4167,-0.23176,4.4076,0.24002,-4.082,0.69467,-2.211,1.5433,11.202,6.8116,-6.3434
-2.8436,-5.2117,-0.39332,4.2983,0.37859,-4.0904,0.58744,-2.0294,1.9493,11.363,6.6295,-6.2079
-2.7309,-5.0159,-0.51776,4.1656,0.50309,-4.0921,0.47393,-1.8197,2.3748,11.554,6.4601,-6.012
-2.571,-4.8259,-0.57705,4.0025,0.59947,-4.0575,0.37284,-1.5874,2.8109,11.789,6.3142,-5.7531
-2.3585,-4.6412,-0.5643,3.807,0.66147,-3.9679,0.30079,-1.341,3.2558,12.078,6.194,-5.4308
-2.0985,-4.4634,-0.49028,3.5863,0.69,-3.8172,0.26815,-1.0915,3.7091,12.413,6.0902,-5.0461
-1.8123,-4.2932,-0.37713,3.3559,0.69189,-3.6114,0.27727,-0.85185,4.165,12.774,5.9867,-4.6011
-1.535,-4.127,-0.25153,3.1351,0.67645,-3.3678,0.32361,-0.63448,4.6084,13.127,5.867,-4.1004
-1.3036,-3.9564,-0.14167,2.9377,0.65383,-3.1134,0.39914,-0.44912,5.0166,13.435,5.7203,-3.5532
-1.1396,-3.7708,-0.078834,2.7666,0.63768,-2.8792,0.49571,-0.30025,5.3658,13.669,5.5462,-2.9749
-1.0404,-3.5622,-0.094597,2.6143,0.64533,-2.6925,0.60682,-0.18511,5.6393,13.816,5.3542,-2.3861
-0.98538,-3.3298,-0.20477,2.4704,0.68869,-2.5675,0.72775,-0.093278,5.8352,13.881,5.1617,-1.8093
-0.95036,-3.083,-0.39144,2.3288,0.76284,-2.4973,0.85466,-0.0084373,5.9678,13.885,4.9893,-1.262
-0.91933,-2.8384,-0.60258,2.1909,0.84373,-2.4557,0.9825,0.087578,6.0622,13.855,4.8553,-0.74954
-0.88833,-2.6134,-0.76952,2.0626,0.89606,-2.4049,1.1025,0.20855,6.1433,13.815,4.7698,-0.26215
-0.86323,-2.417,-0.82573,1.9487,0.88417,-2.3047,1.2014,0.35719,6.2247,13.777,4.7311,0.21989
-0.85424,-2.2432,-0.71921,1.8487,0.78111,-2.1175,1.2633,0.52137,6.3021,13.737,4.7251,0.71638
-0.86936,-2.0717,-0.42346,1.7553,0.57567,-1.8175,1.2731,0.67643,6.3551,13.682,4.7311,1.2389
-0.909,-1.8761,0.05097,1.6558,0.27714,-1.4023,1.2196,0.79421,6.3566,13.592,4.7287,1.7884
-0.96461,-1.6346,0.65143,1.5356,-0.084683,-0.89853,1.0971,0.85457,6.285,13.45,4.7035,2.3563
-1.0223,-1.34,1.292,1.3851,-0.4652,-0.35844,0.90664,0.85325,6.1347,13.251,4.6474,2.928
-1.0693,-1.0038,1.8759,1.2061,-0.814,0.15481,0.65643,0.80138,5.9179,12.994,4.5561,3.4861
-1.0984,-0.65505,2.3226,1.0142,-1.0844,0.58585,0.36037,0.71901,5.6598,12.685,4.4267,4.0138
-1.11,-0.33071,2.5868,0.8344,-1.2441,0.90211,0.035004,0.62771,5.3896,12.329,4.2584,4.4987
-1.1086,-0.061494,2.6672,0.68932,-1.2864,1.1028,-0.30282,0.54577,5.1323,11.928,4.0535,4.935
-1.0986,0.14132,2.6079,0.58753,-1.2348,1.2209,-0.63558,0.48554,4.9029,11.482,3.8178,5.3221
-1.0794,0.28875,2.4874,0.51936,-1.1324,1.3131,-0.94386,0.45172,4.7041,10.988,3.5569,5.6599
-1.0449,0.40358,2.3859,0.46316,-1.0194,1.4306,-1.2108,0.44057,4.5269,10.449,3.2726,5.9431
-0.98565,0.50366,2.349,0.39772,-0.9158,1.5912,-1.4317,0.44102,4.3549,9.8678,2.9605,6.1605
-0.8961,0.59014,2.3708,0.31365,-0.82066,1.7707,-1.6148,0.43813,4.1699,9.2551,2.6123,6.2974
-0.77966,0.64631,2.3975,0.2184,-0.72265,1.9118,-1.7693,0.41794,3.9566,8.6214,2.2193,6.3416
-0.64955,0.64601,2.3541,0.13324,-0.61091,1.9432,-1.8933,0.3715,3.7042,7.9739,1.7737,6.2853
-0.52485,0.56652,2.1836,0.083878,-0.48026,1.809,-1.9745,0.29589,3.4059,7.3117,1.2682,6.1242
-0.42471,0.40017,1.8724,0.089202,-0.33315,1.4943,-1.9976,0.19168,3.0574,6.6236,0.6957,5.8556
-0.36358,0.15928,1.4479,0.15337,-0.17982,1.0294,-1.953,0.059601,2.6571,5.8904,0.052058,5.4782
-0.34859,-0.12803,0.96241,0.2651,-0.036232,0.47503,-1.8411,-0.10043,2.2077,5.0911,-0.65865,4.9942
-0.37889,-0.42875,0.4788,0.40361,0.080684,-0.09959,-1.6719,-0.28676,1.7163,4.2084,-1.42,4.4123
-0.44682,-0.71546,0.054874,0.54726,0.15892,-0.63564,-1.4621,-0.49275,1.1931,3.232,-2.204,3.748
-0.54057,-0.97262,-0.27228,0.68084,0.19615,-1.0981,-1.2313,-0.70659,0.64906,2.1583,-2.9787,3.0213
-0.64728,-1.1993,-0.49631,0.79938,0.20111,-1.4827,-0.99706,-0.91504,0.093814,0.989,-3.7201,2.2521
-0.75469,-1.4083,-0.6389,0.90747,0.19101,-1.8111,-0.77234,-1.1086,-0.46558,-0.26942,-4.4217,1.4565
-0.85189,-1.619,-0.73552,1.0147,0.18563,-2.1118,-0.56316,-1.285,-1.0257,-1.6062,-5.0962,0.64527
-0.93095,-1.8465,-0.81784,1.1293,0.20007,-2.3977,-0.36939,-1.4506,-1.5872,-3.0056,-5.7692,-0.17649
-0.99024,-2.0914,-0.90163,1.2536,0.23911,-2.6579,-0.18729,-1.6185,-2.1535,-4.4468,-6.4691,-1.0058
-1.0373,-2.3385,-0.98568,1.3843,0.29579,-2.8661,-0.012415,-1.8059,-2.7282,-5.9034,-7.2167,-1.8367
-1.088,-2.5648,-1.0595,1.5152,0.35498,-2.9973,0.15828,-2.03,-3.3124,-7.3465,-8.0203,-2.6564
-1.1598,-2.7514,-1.1138,1.6413,0.40049,-3.0411,0.32565,-2.3019,-3.9018,-8.7499,-8.8738,-3.4443
-1.2629,-2.8905,-1.1484,1.7598,0.42296,-3.0111,0.48846,-2.6208,-4.4863,-10.097,-9.7594,-4.1755
-1.394,-2.9856,-1.1776,1.8698,0.42385,-2.9431,0.64476,-2.9705,-5.053,-11.388,-10.652,-4.8261
-1.539,-3.0465,-1.2279,1.9713,0.41181,-2.8856,0.79397,-3.3231,-5.5915,-12.64,-11.529,-5.379
-1.6826,-3.0851,-1.3252,2.0661,0.39333,-2.8837,0.93838,-3.6475,-6.1002,-13.886,-12.376,-5.8281
-1.819,-3.112,-1.4775,2.1584,0.36366,-2.9619,1.0822,-3.9211,-6.5893,-15.165,-13.201,-6.1824
-1.9567,-3.1352,-1.6634,2.2548,0.30316,-3.113,1.2285,-4.1379,-7.0784,-16.517,-14.028,-6.4652
-2.1162,-3.1592,-1.8334,2.3637,0.18083,-3.2981,1.3767,-4.3104,-7.5894,-17.977,-14.893,-6.7102
-2.3212,-3.1874,-1.9236,2.4941,-0.036278,-3.4585,1.5244,-4.4645,-8.1393,-19.559,-15.824,-6.9539
-2.5899,-3.2252,-1.876,2.6554,-0.37104,-3.5362,1.6718,-4.6311,-8.7354,-21.256,-16.835,-7.227
-2.9286,-3.2821,-1.6573,2.8565,-0.82656,-3.4923,1.8226,-4.8359,-9.3764,-23.035,-17.917,-7.5463
-3.3303,-3.3684,-1.2689,3.1027,-1.3831,-3.3175,1.9822,-5.0922,-10.053,-24.846,-19.054,-7.9123
-3.778,-3.4881,-0.74429,3.3907,-2.0032,-3.0302,2.152,-5.3974,-10.754,-26.631,-20.227,-8.313
-4.2495,-3.6332,-0.13705,3.7062,-2.6435,-2.6667,2.3255,-5.7351,-11.463,-28.351,-21.425,-8.732
-4.7233,-3.7865,0.49226,4.0276,-3.2664,-2.272,2.4877,-6.0804,-12.171,-29.991,-22.653,-9.1553
-5.182,-3.9309,1.0864,4.334,-3.8481,-1.8929,2.6205,-6.4079,-12.878,-31.571,-23.926,-9.5787
-5.615,-4.0584,1.5974,4.6136,-4.3803,-1.5728,2.7113,-6.6998,-13.591,-33.124,-25.252,-10.012
-6.02,-4.172,1.9902,4.8653,-4.868,-1.3471,2.7623,-6.9528,-14.328,-34.683,-26.628,-10.476
-6.4001,-4.2821,2.2472,5.0955,-5.3241,-1.2365,2.7935,-7.1781,-15.108,-36.27,-28.021,-10.993
-6.7603,-4.4,2.373,5.3126,-5.7608,-1.243,2.8369,-7.396,-15.947,-37.893,-29.375,-11.576
-7.1038,-4.5325,2.3948,5.5227,-6.1827,-1.3475,2.9236,-7.6293,-16.858,-39.554,-30.626,-12.221
-7.4295,-4.6799,2.352,5.7278,-6.5865,-1.5132,3.0696,-7.8976,-17.846,-41.252,-31.721,-12.914
-7.7327,-4.8355,2.2825,5.9259,-6.9652,-1.6955,3.2702,-8.2177,-18.924,-42.984,-32.642,-13.64
-18.011,-11.149,3.9125,13.207,-13.613,-4.5736,6.0589,-24.242,-37.845,-62.148,-52.244,-33.507
-18.783,-12.747,2.9356,14.378,-13.48,-5.7213,7.9777,-25.057,-36.86,-61.863,-52.259,-33.534
-18.963,-12.815,2.8959,14.535,-13.599,-5.6738,9.1048,-24.26,-35.92,-62.243,-52.953,-32.556
-18.711,-11.659,3.6461,13.947,-14.021,-4.666,9.2508,-22.411,-35.414,-63.461,-54.5,-31.744
-18.228,-9.8859,4.7823,13.018,-14.639,-3.1933,8.6934,-20.412,-35.553,-65.305,-56.602,-31.883
-17.725,-8.119,5.8909,12.119,-15.291,-1.7589,8.0212,-19.189,-36.349,-67.342,-58.594,-33.023
-17.413,-6.788,6.7538,11.505,-15.894,-0.67176,7.8798,-19.36,-37.637,-69.145,-59.731,-34.62
-17.471,-6.0452,7.3978,11.293,-16.494,0.015223,8.7231,-21.06,-39.15,-70.458,-59.544,-35.994
-17.964,-5.8049,7.9731,11.468,-17.189,0.42409,10.631,-23.98,-40.654,-71.267,-58.063,-36.766
-18.758,-5.8437,8.5692,11.882,-17.988,0.7113,13.251,-27.544,-42.061,-71.76,-55.791,-37.011
