I,II,III,aVR,aVL,aVF,V1,V2,V3,V4,V5,V6
-58.023,-63.24,-20.187,55.375,-25.642,-41.913,9.8629,-123.27,-30.97,-62.445,-6.8054,704.86
-59.603,-66.205,-21.531,58.398,-25.514,-43.521,13.81,-117.09,-32.195,-59.575,-12.011,694.79
-60.678,-68.356,-22.564,60.632,-25.304,-44.683,17.478,-110.94,-32.581,-56.275,-15.832,685.26
-61.178,-69.567,-23.233,61.895,-25.023,-45.384,20.569,-105.16,-31.945,-52.522,-17.367,675.69
-61.353,-70.34,-23.789,62.567,-24.686,-45.986,22.747,-100.39,-30.926,-48.742,-16.469,664.47
-61.536,-71.315,-24.538,63.213,-24.302,-46.887,23.719,-97.276,-30.742,-45.634,-13.695,649.66
-61.952,-72.748,-25.512,64.168,-23.944,-48.152,23.377,-96.121,-32.594,-43.804,-10.033,630
-62.664,-74.375,-26.382,65.379,-23.772,-49.452,21.916,-96.66,-37.063,-43.442,-6.6473,605.74
-63.561,-75.65,-26.716,66.507,-23.923,-50.299,19.817,-98.051,-43.812,-44.205,-4.74,578.68
-64.292,-76.026,-26.316,67.071,-24.309,-50.32,17.737,-99.112,-51.71,-45.328,-5.4319,551.7
-64.239,-75.035,-25.334,66.522,-24.548,-49.332,16.303,-98.701,-59.276,-45.901,-9.5669,527.76
-31.953,-39.401,-16.331,31.318,-16.477,-30.46,16.579,-52.481,-38.78,-29.2,-35.162,512.24
-31.507,-38.784,-16.054,30.982,-16.093,-29.393,16.509,-51.257,-40.128,-28.722,-39.457,497.78
-31.021,-37.992,-15.731,30.591,-15.686,-28.208,16.448,-50.033,-41.372,-28.206,-44.244,486.93
-30.519,-37.083,-15.38,30.164,-15.287,-26.986,16.399,-48.79,-42.508,-27.638,-49.704,477.21
-30.019,-36.094,-15.037,29.718,-14.917,-25.785,16.353,-47.519,-43.538,-27.021,-56.041,466.01
-29.535,-35.04,-14.749,29.259,-14.586,-24.641,16.297,-46.215,-44.461,-26.367,-63.432,451.42
-29.077,-33.932,-14.562,28.788,-14.285,-23.578,16.221,-44.877,-45.254,-25.692,-71.943,432.78
-28.646,-32.789,-14.496,28.302,-13.995,-22.616,16.12,-43.497,-45.877,-25.006,-81.437,410.86
-28.233,-31.643,-14.54,27.796,-13.694,-21.761,15.993,-42.065,-46.28,-24.313,-91.585,387.73
-27.824,-30.526,-14.646,27.268,-13.363,-21.002,15.839,-40.576,-46.422,-23.61,-102.04,365.94
-27.403,-29.463,-14.74,26.717,-12.997,-20.311,15.658,-39.037,-46.293,-22.894,-112.68,347.49
-26.958,-28.47,-14.731,26.15,-12.61,-19.65,15.445,-37.462,-45.911,-22.172,-123.74,333.11
-26.485,-27.547,-14.538,25.573,-12.228,-18.984,15.194,-35.869,-45.327,-21.463,-135.53,321.96
-25.987,-26.679,-14.114,24.989,-11.879,-18.287,14.894,-34.275,-44.604,-20.798,-148.03,311.95
-25.466,-25.836,-13.468,24.391,-11.578,-17.539,14.531,-32.691,-43.812,-20.201,-160.72,300.46
-24.914,-24.976,-12.672,23.762,-11.314,-16.735,14.092,-31.117,-43.008,-19.683,-172.93,285.25
-24.31,-24.063,-11.844,23.076,-11.056,-15.881,13.571,-29.54,-42.222,-19.217,-184.18,265.33
-23.627,-23.064,-11.104,22.31,-10.759,-14.991,12.97,-27.935,-41.456,-18.74,-194.37,241.4
-22.839,-21.954,-10.524,21.44,-10.384,-14.077,12.297,-26.27,-40.688,-18.164,-203.59,215.65
-21.92,-20.717,-10.103,20.445,-9.9074,-13.138,11.562,-24.516,-39.892,-17.402,-212,190.8
-20.854,-19.344,-9.7741,19.308,-9.328,-12.163,10.763,-22.654,-39.046,-16.385,-219.79,168.91
-19.635,-17.834,-9.4393,18.015,-8.6668,-11.136,9.8878,-20.674,-38.145,-15.065,-227.1,150.85
-18.267,-16.186,-9.0186,16.559,-7.9574,-10.048,8.9097,-18.572,-37.19,-13.414,-234.01,136.37
-16.765,-14.403,-8.4745,14.935,-7.2341,-8.8979,7.7931,-16.335,-36.181,-11.406,-240.49,124.34
-15.14,-12.474,-7.8164,13.134,-6.517,-7.6935,6.5037,-13.936,-35.101,-9.0207,-246.4,113.05
-13.376,-10.362,-7.0928,11.118,-5.8018,-6.4398,5.0207,-11.322,-33.912,-6.2296,-251.55,100.62
-11.409,-7.9905,-6.3755,8.8073,-5.0599,-5.1281,3.3482,-8.4191,-32.559,-2.9891,-255.78,85.562
-9.1256,-5.2324,-5.7324,6.0675,-4.2494,-3.7246,1.5199,-5.1371,-30.98,0.76718,-259.07,68.655
-6.3785,-1.9273,-5.2003,2.7364,-3.3285,-2.1656,-0.40813,-1.3808,-29.122,5.1247,-261.52,53.492
-3.0384,2.0637,-4.7733,-1.3069,-2.2656,-0.36514,-2.375,2.9407,-26.953,10.182,-263.33,40.714
0.93335,6.7634,-4.4071,-6.036,-1.0445,1.7594,-4.3362,7.9051,-24.465,16.051,-264.69,28.909
5.418,12.007,-4.0347,-11.214,0.33413,4.25,-6.276,13.567,-21.667,22.833,-265.78,17.842
10.158,17.495,-3.5874,-16.478,1.8534,7.0909,-8.2054,19.943,-18.577,30.54,-266.76,7.8549
14.884,22.965,-3.0105,-21.532,3.4815,10.242,-10.148,26.998,-15.212,38.963,-267.77,-0.93929
19.445,28.316,-2.2708,-26.269,5.1775,13.691,-12.125,34.635,-11.577,47.656,-268.95,-8.7113
23.824,33.616,-1.3575,-30.746,6.9023,17.459,-14.148,42.707,-7.6683,56.18,-270.62,-15.845
28.077,39.026,-0.27857,-35.115,8.6292,21.547,-16.233,51.038,-3.4738,64.384,-273.38,-22.896
32.263,44.753,0.95047,-39.585,10.346,25.892,-18.411,59.457,1.0188,72.401,-277.67,-30.454
36.422,50.989,2.3181,-44.392,12.052,30.399,-20.743,67.828,5.8257,80.444,-281.14,-38.93
40.594,57.831,3.8101,-49.739,13.749,34.99,-23.317,76.071,10.978,88.626,-280.03,-48.394
44.832,65.187,5.3922,-55.694,15.428,39.608,-26.223,84.15,16.539,96.901,-274.35,-58.434
49.21,72.822,7.0312,-62.157,17.067,44.196,-29.514,92.032,22.61,105.09,-265.5,-68.263
53.816,80.514,8.7571,-68.932,18.641,48.742,-33.178,99.66,29.325,112.97,-253.97,-77.203
58.724,88.157,10.675,-75.821,20.137,53.327,-37.139,106.96,36.802,120.34,-238.53,-84.989
63.969,95.72,12.902,-82.669,21.565,58.09,-41.284,113.85,45.068,127.18,-217.2,-91.675
69.525,103.18,15.498,-89.346,22.945,63.143,-45.488,120.29,53.98,133.57,-188.9,-97.445
75.291,110.49,18.444,-95.727,24.287,68.507,-49.642,126.26,63.215,139.68,-154.84,-102.54
81.092,117.58,21.665,-101.69,25.58,74.09,-53.68,131.75,72.373,145.67,-117.98,-107.19
86.7,124.44,25.027,-107.14,26.795,79.705,-57.593,136.74,81.108,151.59,-82.438,-111.55
91.862,131.15,28.359,-112.07,27.885,85.134,-61.425,141.23,89.215,157.46,-52.172,-115.66
96.384,137.83,31.473,-116.61,28.801,90.197,-65.232,145.24,96.623,163.16,-28.449,-119.51
100.21,144.54,34.195,-120.95,29.52,94.798,-69.058,148.77,103.34,168.59,-10.686,-123.2
103.44,151.22,36.453,-125.33,30.056,98.952,-72.923,151.86,109.39,173.63,1.6116,-126.9
106.24,157.76,38.38,-129.88,30.448,102.77,-76.814,154.52,114.85,178.24,7.4298,-130.83
108.79,164.02,40.309,-134.62,30.743,106.36,-80.691,156.77,119.75,182.43,5.8008,-135.16
111.18,169.84,42.581,-139.42,30.988,109.77,-84.491,158.6,124.14,186.25,7.7495,-139.96
113.46,175.02,45.318,-144.04,31.23,112.96,-88.144,160,128.09,189.75,15.295,-145.12
115.59,179.43,48.324,-148.22,31.514,115.84,-91.579,160.96,131.62,193,23.169,-150.41
117.56,183.04,51.2,-151.82,31.88,118.3,-94.736,161.5,134.75,196.03,30.109,-155.59
119.37,185.92,53.581,-154.83,32.359,120.33,-97.578,161.64,137.48,198.85,35.954,-160.45
121.05,188.22,55.327,-157.33,32.954,121.96,-100.09,161.43,139.81,201.46,40.719,-164.99
122.6,190.1,56.502,-159.41,33.629,123.27,-102.3,160.88,141.69,203.83,44.507,-169.34
124.02,191.71,57.254,-161.2,34.317,124.4,-104.23,160,143.1,205.89,47.468,-173.74
125.3,193.15,57.718,-162.75,34.943,125.43,-105.91,158.77,144,207.6,49.746,-178.39
126.43,194.48,57.975,-164.12,35.445,126.41,-107.36,157.22,144.4,208.92,51.476,-183.32
127.38,195.7,58.083,-165.29,35.792,127.34,-108.56,155.41,144.32,209.84,52.793,-188.31
128.15,196.77,58.122,-166.27,35.978,128.16,-109.46,153.41,143.8,210.36,53.832,-192.96
128.72,197.65,58.211,-167.03,36.019,128.84,-110.04,151.29,142.91,210.51,54.71,-196.96
129.07,198.29,58.46,-167.56,35.943,129.36,-110.24,149.09,141.71,210.31,55.481,-200.21
129.15,198.63,58.927,-167.79,35.776,129.71,-110.05,146.83,140.25,209.78,56.126,-202.85
128.92,198.63,59.602,-167.68,35.534,129.88,-109.42,144.53,138.56,208.94,56.567,-205.11
128.35,198.26,60.396,-167.21,35.222,129.86,-108.31,142.21,136.65,207.79,56.709,-207.2
127.41,197.52,61.173,-166.33,34.832,129.61,-106.65,139.89,134.5,206.34,56.471,-209.27
126.15,196.41,61.782,-165.04,34.354,129.11,-104.38,137.57,132.11,204.59,55.797,-211.4
124.61,194.96,62.095,-163.36,33.787,128.35,-101.46,135.25,129.45,202.52,54.644,-213.63
122.88,193.21,62.005,-161.27,33.138,127.31,-97.896,132.91,126.51,200.13,52.975,-215.99
121,191.14,61.409,-158.75,32.412,125.98,-93.748,130.52,123.29,197.39,50.77,-218.55
118.99,188.69,60.21,-155.73,31.613,124.34,-89.055,128.02,119.8,194.31,48.036,-221.46
116.83,185.71,58.371,-152.12,30.735,122.34,-83.851,125.38,116.05,190.87,44.807,-224.97
114.43,182.03,55.97,-147.88,29.759,119.94,-78.164,122.55,112.05,187.09,41.138,-229.29
111.66,177.45,53.221,-143.04,28.653,117.12,-72.025,119.47,107.78,182.95,37.1,-234.32
108.4,171.88,50.401,-137.69,27.37,113.88,-65.475,116.13,103.22,178.45,32.79,-239.57
104.54,165.33,47.738,-132,25.866,110.28,-58.555,112.47,98.334,173.56,28.33,-244.61
100.1,157.98,45.33,-126.1,24.108,106.36,-51.308,108.5,93.103,168.29,23.846,-249.49
95.163,150.12,43.149,-120.15,22.078,102.15,-43.778,104.21,87.522,162.66,19.45,-254.66
89.885,142.09,41.103,-114.24,19.771,97.657,-36.04,99.584,81.61,156.77,15.207,-260.66
84.369,134.19,39.125,-108.4,17.206,92.867,-28.259,94.646,75.404,150.76,11.128,-267.73
78.656,126.69,37.228,-102.55,14.432,87.799,-20.726,89.411,68.965,144.7,7.1864,-275.7
72.731,119.66,35.485,-96.547,11.529,82.59,-13.777,83.901,62.39,138.61,3.3442,-283.97
66.546,112.98,33.95,-90.214,8.5907,77.504,-7.6342,78.138,55.812,132.41,-0.41221,-291.9
60.061,106.37,32.62,-83.472,5.7172,72.761,-2.3092,72.132,49.386,126.01,-4.0577,-299.05
53.284,99.567,31.46,-76.386,3.002,68.394,2.3173,65.872,43.257,119.35,-7.5349,-305.33
46.293,92.421,30.423,-69.169,0.51917,64.304,6.328,59.339,37.536,112.45,-10.774,-310.92
39.219,84.963,29.46,-62.081,-1.686,60.387,9.7059,52.536,32.291,105.39,-13.713,-316.25
32.201,77.328,28.52,-55.321,-3.5979,56.569,12.424,45.511,27.558,98.218,-16.306,-321.77
25.358,69.685,27.549,-48.986,-5.2238,52.788,14.527,38.383,23.353,90.981,-18.525,-327.71
18.774,62.244,26.495,-43.098,-6.5838,48.986,16.119,31.328,19.68,83.636,-20.364,-333.72
12.501,55.264,25.323,-37.594,-7.7015,45.127,17.318,24.536,16.527,76.056,-21.837,-339.06
6.6036,48.961,24.018,-32.28,-8.5994,41.222,18.222,18.159,13.864,68.053,-22.969,-343.21
1.2849,43.345,22.59,-26.865,-9.3,37.334,18.907,12.288,11.655,59.507,-23.801,-346.12
-3.1388,38.216,21.07,-21.18,-9.8296,33.535,19.423,6.948,9.8591,50.596,-24.374,-348.08
-6.5296,33.346,19.499,-15.411,-10.219,29.882,19.802,2.1222,8.444,41.908,-24.732,-349.35
-9.0309,28.644,17.93,-10.003,-10.497,26.415,20.068,-2.2259,7.3819,34.137,-24.919,-350.11
-10.872,24.157,16.415,-5.3329,-10.692,23.171,20.238,-6.1379,6.6463,27.64,-24.975,-350.47
-12.234,19.978,14.995,-1.539,-10.822,20.172,20.324,-9.6521,6.2054,22.346,-24.933,-350.46
-13.237,16.171,13.691,1.4245,-10.901,17.414,20.34,-12.8,6.0207,17.978,-24.814,-350.14
-13.966,12.772,12.495,3.6782,-10.939,14.884,20.295,-15.605,6.0508,14.26,-24.615,-349.54
-14.49,9.8091,11.389,5.359,-10.942,12.597,20.201,-18.086,6.2557,10.991,-24.317,-348.75
-14.866,7.3021,10.369,6.6028,-10.92,10.599,20.069,-20.261,6.5991,8.0557,-23.884,-347.83
-15.145,5.2435,9.46,7.5343,-10.888,8.9389,19.911,-22.154,7.0475,5.4174,-23.285,-346.83
-15.369,3.5951,8.7187,8.2516,-10.866,7.6278,19.739,-23.797,7.5682,3.0831,-22.506,-345.71
-15.57,2.3062,8.1971,8.8203,-10.869,6.6458,19.559,-25.235,8.1261,1.0717,-21.557,-344.42
-15.767,1.3251,7.9164,9.2806,-10.907,5.955,19.379,-26.518,8.6808,-0.61544,-20.473,-342.93
-15.968,0.59638,7.8531,9.6592,-10.981,5.5035,19.201,-27.701,9.1821,-2.0085,-19.3,-341.22
-16.172,0.059061,7.9478,9.9754,-11.081,5.229,19.031,-28.827,9.5673,-3.1668,-18.081,-339.3
-16.371,-0.33928,8.1288,10.239,-11.194,5.073,18.871,-29.922,9.7636,-4.1619,-16.834,-337.26
-16.552,-0.62192,8.34,10.444,-11.311,4.9997,18.726,-30.99,9.7011,-5.0516,-15.548,-335.15
-16.699,-0.77252,8.5575,10.565,-11.428,5.0059,18.599,-32.011,9.3327,-5.8595,-14.179,-333
-16.793,-0.74537,8.7902,10.572,-11.548,5.116,18.496,-32.951,8.6506,-6.5694,-12.663,-330.74
-16.823,-0.49154,9.065,10.437,-11.675,5.3634,18.42,-33.778,7.6857,-7.1379,-10.928,-328.26
-16.785,0.011836,9.4072,10.157,-11.81,5.7699,18.371,-34.469,6.4904,-7.5185,-8.9171,-325.42
-16.694,0.74202,9.8287,9.7552,-11.952,6.328,18.345,-35.027,5.1179,-7.6854,-6.6021,-322.16
-16.573,1.6295,10.328,9.284,-12.099,6.9975,18.332,-35.473,3.6077,-7.6465,-3.9865,-318.5
-16.449,2.5761,10.897,8.805,-12.248,7.7166,18.322,-35.84,1.9835,-7.4426,-1.0972,-314.58
-16.35,3.4829,11.525,8.3742,-12.401,8.4248,18.303,-36.166,0.25984,-7.1337,2.0312,-310.65
-16.294,4.2756,12.2,8.0285,-12.562,9.0844,18.265,-36.476,-1.5484,-6.7791,5.3713,-306.91
-16.289,4.9202,12.918,7.7815,-12.737,9.6921,18.206,-36.778,-3.4188,-6.4193,8.9109,-303.47
-16.333,5.4315,13.683,7.6232,-12.931,10.279,18.13,-37.057,-5.3193,-6.0649,12.652,-300.25
-16.409,5.8741,14.504,7.5185,-13.142,10.9,18.046,-37.285,-7.2116,-5.7001,16.605,-297.03
-16.483,6.3497,15.38,7.408,-13.362,11.617,17.969,-37.434,-9.0576,-5.2967,20.777,-293.5
-16.513,6.9691,16.287,7.2182,-13.579,12.478,17.91,-37.481,-10.827,-4.8331,25.167,-289.4
-16.463,7.8142,17.182,6.8851,-13.777,13.498,17.877,-37.418,-12.501,-4.3061,29.755,-284.53
-16.322,8.9071,18.021,6.3793,-13.95,14.658,17.873,-37.251,-14.074,-3.7313,34.501,-278.94
-16.108,10.202,18.779,5.7202,-14.101,15.902,17.895,-36.993,-15.555,-3.1348,39.346,-272.95
-15.867,11.608,19.458,4.9708,-14.244,17.164,17.937,-36.664,-16.956,-2.5398,44.217,-267.08
-15.651,13.027,20.086,4.2106,-14.391,18.393,17.996,-36.282,-18.293,-1.9575,49.046,-261.72
-15.496,14.391,20.7,3.5018,-14.549,19.564,18.069,-35.861,-19.575,-1.3856,53.772,-256.84
-15.401,15.664,21.32,2.8677,-14.706,20.671,18.158,-35.405,-20.801,-0.8167,58.352,-252.03
-15.336,16.824,21.938,2.2996,-14.843,21.7,18.26,-34.916,-21.962,-0.25256,62.743,-246.84
-15.256,17.842,22.517,1.7764,-14.938,22.624,18.369,-34.399,-23.04,0.28664,66.885,-241.06
-15.119,18.695,23.016,1.2781,-14.977,23.413,18.478,-33.857,-24.013,0.76576,70.702,-234.77
-14.905,19.389,23.413,0.78614,-14.962,24.056,18.576,-33.295,-24.856,1.1509,74.118,-228.06
-14.617,19.966,23.721,0.28568,-14.91,24.582,18.656,-32.713,-25.546,1.4274,77.093,-220.85
-14.286,20.482,23.973,-0.21998,-14.845,25.036,18.712,-32.107,-26.068,1.6075,79.634,-212.95
-13.967,20.964,24.198,-0.69438,-14.791,25.451,18.737,-31.467,-26.413,1.7241,81.789,-204.52
-13.725,21.394,24.399,-1.0737,-14.76,25.827,18.724,-30.784,-26.584,1.8156,83.627,-196.25
-13.602,21.726,24.555,-1.3003,-14.746,26.13,18.668,-30.057,-26.595,1.9097,85.215,-188.81
-13.596,21.923,24.628,-1.3628,-14.723,26.311,18.568,-29.292,-26.467,2.0126,86.598,-182.15
-13.65,21.979,24.575,-1.3074,-14.656,26.333,18.421,-28.513,-26.232,2.1081,87.795,-175.65
-13.689,21.905,24.365,-1.2066,-14.514,26.171,18.232,-27.751,-25.925,2.1674,88.795,-168.68
-13.654,21.695,23.986,-1.1075,-14.289,25.812,18.005,-27.043,-25.584,2.1628,89.558,-160.95
-13.532,21.315,23.452,-1.0011,-13.998,25.251,17.746,-26.419,-25.243,2.0782,90.04,-152.55
-13.355,20.72,22.797,-0.8329,-13.678,24.49,17.46,-25.889,-24.926,1.9107,90.202,-143.66
-13.186,19.878,22.059,-0.54183,-13.371,23.54,17.153,-25.447,-24.651,1.6655,90.039,-134.43
-13.083,18.794,21.263,-0.092577,-13.108,22.415,16.824,-25.067,-24.423,1.3501,89.583,-125.09
-13.077,17.498,20.407,0.51624,-12.887,21.133,16.47,-24.713,-24.238,0.96968,88.908,-116.04
-13.162,16.025,19.464,1.2635,-12.676,19.697,16.087,-24.351,-24.084,0.5266,88.106,-107.71
-13.305,14.398,18.394,2.1192,-12.431,18.109,15.675,-23.962,-23.944,0.024466,87.262,-100.2
-13.465,12.636,17.169,3.0501,-12.114,16.378,15.237,-23.541,-23.803,-0.5262,86.422,-93.32
-13.615,10.763,15.797,4.0229,-11.714,14.545,14.784,-23.105,-23.651,-1.1053,85.585,-86.689
-13.753,8.817,14.332,5.0107,-11.257,12.682,14.328,-22.681,-23.489,-1.6868,84.696,-79.981
-13.902,6.8328,12.855,5.9997,-10.793,10.865,13.878,-22.301,-23.331,-2.2476,83.674,-73.013
-14.096,4.838,11.441,6.9849,-10.384,9.1475,13.435,-21.988,-23.198,-2.7769,82.444,-65.768
-14.358,2.8581,10.124,7.9576,-10.071,7.5413,12.993,-21.751,-23.112,-3.2813,80.972,-58.407
-14.678,0.93486,8.893,8.8939,-9.8593,6.0365,12.545,-21.58,-23.093,-3.7825,79.273,-51.191
-15.017,-0.86701,7.7134,9.7561,-9.7207,4.625,12.088,-21.454,-23.149,-4.3093,77.393,-44.32
-15.327,-2.4771,6.555,10.507,-9.6069,3.315,11.62,-21.355,-23.283,-4.8863,75.378,-37.86
-15.57,-3.8536,5.4093,11.132,-9.4744,2.1238,11.142,-21.272,-23.495,-5.5246,73.241,-31.79
-15.742,-5.0107,4.2929,11.651,-9.3029,1.0596,10.656,-21.208,-23.782,-6.22,70.945,-26.079
-15.876,-6.0177,3.2429,12.125,-9.102,0.11285,10.163,-21.181,-24.143,-6.9576,68.42,-20.706
-16.029,-6.9676,2.3067,12.621,-8.9042,-0.73707,9.6638,-21.209,-24.568,-7.7193,65.599,-15.608
-16.246,-7.9323,1.5274,13.188,-8.7469,-1.5088,9.1633,-21.299,-25.044,-8.4887,62.457,-10.627
-16.538,-8.932,0.92635,13.822,-8.6522,-2.212,8.6665,-21.445,-25.546,-9.2514,59.025,-5.5215
-16.87,-9.9338,0.49047,14.474,-8.6128,-2.8501,8.1755,-21.62,-26.044,-9.9933,55.381,-0.040935
-17.179,-10.874,0.17298,15.07,-8.595,-3.4246,7.6846,-21.796,-26.508,-10.7,51.612,5.9576
-17.4,-11.683,-0.09143,15.539,-8.5541,-3.9363,7.1786,-21.946,-26.914,-11.36,47.778,12.425
-17.48,-12.307,-0.36442,15.831,-8.4542,-4.3836,6.6388,-22.058,-27.251,-11.963,43.891,19.166
-17.397,-12.718,-0.68844,15.93,-8.2789,-4.763,6.0542,-22.13,-27.514,-12.509,39.92,26.022
-17.154,-12.918,-1.0834,15.846,-8.033,-5.0728,5.4343,-22.167,-27.7,-13.001,35.819,33.009
-16.779,-12.941,-1.5471,15.614,-7.7359,-5.3186,4.8171,-22.17,-27.8,-13.443,31.564,40.259
-16.317,-12.845,-2.0544,15.286,-7.4109,-5.5129,4.2687,-22.128,-27.8,-13.837,27.183,47.837
-15.809,-12.682,-2.5594,14.91,-7.0773,-5.6646,3.8712,-22.016,-27.677,-14.17,22.775,55.617
-15.276,-12.471,-3.0039,14.501,-6.7449,-5.7636,3.7034,-21.795,-27.401,-14.418,18.505,63.322
-14.692,-12.168,-3.3268,14.021,-6.4146,-5.7725,3.8222,-21.42,-26.945,-14.545,14.588,70.698
-13.99,-11.677,-3.4758,13.378,-6.0808,-5.6363,4.2497,-20.849,-26.288,-14.516,11.26,77.635
-13.081,-10.879,-3.4207,12.454,-5.7354,-5.3016,4.9684,-20.055,-25.417,-14.299,8.7591,84.181
-11.886,-9.6678,-3.1655,11.138,-5.372,-4.7332,5.9245,-19.023,-24.329,-13.883,7.2938,90.493
-10.37,-7.9875,-2.7508,9.3677,-4.99,-3.9221,7.0436,-17.749,-23.027,-13.271,7.0092,96.815
-8.5678,-5.8613,-2.2404,7.1685,-4.5933,-2.8891,8.2598,-16.237,-21.523,-12.489,7.9323,103.5
-6.5754,-3.4173,-1.6958,4.6712,-4.1821,-1.6901,9.5403,-14.49,-19.833,-11.574,9.9473,110.99
-4.5108,-0.86391,-1.147,2.0731,-3.7456,-0.41725,10.884,-12.52,-17.98,-10.565,12.834,119.75
-2.4541,1.6067,-0.58064,-0.4609,-3.264,0.83154,12.294,-10.351,-15.997,-9.4919,16.329,129.85
-0.41379,3.9342,0.047413,-2.89,-2.7234,2.0137,13.757,-8.028,-13.918,-8.3702,20.188,140.81
1.6605,6.2258,0.78639,-5.308,-2.1322,3.1796,15.228,-5.6297,-11.782,-7.2028,24.236,151.83
3.8357,8.6816,1.6671,-7.8749,-1.5251,4.4454,16.637,-3.2542,-9.6255,-5.9882,28.376,162.27
6.1543,11.461,2.6765,-10.712,-0.94517,5.9195,17.905,-1.0024,-7.4837,-4.7301,32.543,171.9
8.6117,14.57,3.7427,-13.814,-0.4136,7.6333,18.954,1.0463,-5.3872,-3.4442,36.667,180.84
11.151,17.844,4.7454,-17.029,0.08703,9.5117,19.728,2.8478,-3.3658,-2.1592,40.656,189.53
13.672,21.025,5.5502,-20.124,0.59982,11.393,20.194,4.3918,-1.4515,-0.91443,44.42,198.36
16.06,23.883,6.0563,-22.905,1.1612,13.093,20.337,5.686,0.32014,0.24759,47.888,207.42
18.218,26.291,6.2394,-25.287,1.7776,14.479,20.164,6.7355,1.9114,1.2889,51.027,216.46
20.113,28.246,6.164,-27.296,2.4302,15.517,19.689,7.529,3.2871,2.1817,53.83,225.19
21.777,29.826,5.9494,-29.035,3.1017,16.259,18.921,8.0359,4.4202,2.9072,56.276,233.52
23.303,31.138,5.7044,-30.616,3.8089,16.789,17.861,8.214,5.298,3.452,58.227,241.67
24.799,32.243,5.4688,-32.111,4.6231,17.16,16.512,8.0229,5.9257,3.8053,59.343,249.96
26.34,33.119,5.1979,-33.505,5.6668,17.335,14.892,7.4378,6.3246,3.9611,59.157,258.7
27.929,33.657,4.809,-34.705,7.0857,17.179,13.048,6.4614,6.5266,3.9229,57.341,267.99
29.521,33.728,4.2591,-35.599,8.9939,16.523,11.036,5.1278,6.5687,3.7084,53.868,277.73
31.094,33.273,3.5767,-36.141,11.391,15.29,8.8917,3.4995,6.4878,3.3529,48.955,287.67
32.677,32.362,2.8005,-36.405,14.096,13.573,6.6141,1.6565,6.3188,2.9064,42.967,297.55
34.308,31.207,1.8819,-36.555,16.809,11.611,4.1852,-0.31369,6.0928,2.4236,36.346,307.09
35.976,30.077,0.65344,-36.763,19.297,9.6787,1.6104,-2.3234,5.8377,1.9512,29.538,316.04
37.613,29.175,-1.0836,-37.114,21.502,7.9655,-1.0407,-4.2885,5.5787,1.5161,22.896,324.18
39.129,28.526,-3.4309,-37.589,23.506,6.5173,-3.6263,-6.1308,5.3392,1.1207,16.634,331.37
40.448,27.98,-6.348,-38.102,25.429,5.2595,-5.9752,-7.7844,5.1386,0.74289,10.817,337.74
41.565,27.294,-9.6822,-38.561,27.392,4.0556,-7.9534,-9.2057,4.9864,0.34083,5.4138,343.75
42.618,26.221,-13.175,-38.906,29.495,2.7781,-9.507,-10.385,4.8758,-0.13911,0.35517,350
43.946,24.568,-16.464,-39.102,31.826,1.3713,-10.66,-11.35,4.7826,-0.74978,-4.4264,356.84
46.002,22.225,-19.19,-39.086,34.429,-0.12328,-11.485,-12.164,4.6702,-1.5285,-8.9816,364.16
48.954,19.182,-21.13,-38.705,37.16,-1.603,-12.066,-12.9,4.5003,-2.4855,-13.347,371.47
52.124,15.559,-22.207,-37.7,39.471,-2.9763,-12.48,-13.626,4.2449,-3.6021,-17.553,378.29
54.023,11.61,-22.444,-35.78,40.543,-4.2102,-12.78,-14.379,3.8939,-4.8398,-21.627,384.37
53.298,7.6499,-21.974,-32.768,39.821,-5.3286,-12.998,-15.169,3.4537,-6.1567,-25.601,389.7
49.545,3.9218,-20.999,-28.698,37.303,-6.3851,-13.147,-15.987,2.9379,-7.5227,-29.512,394.35
43.232,0.50467,-19.699,-23.779,33.411,-7.4398,-13.234,-16.819,2.3555,-8.9268,-33.404,398.39
35.299,-2.6721,-18.209,-18.279,28.726,-8.5473,-13.266,-17.662,1.704,-10.374,-37.331,401.88
26.779,-5.7457,-16.718,-12.462,23.752,-9.754,-13.256,-18.524,0.97019,-11.874,-41.346,404.89
18.455,-8.8337,-15.565,-6.566,18.865,-11.103,-13.224,-19.42,0.13996,-13.434,-45.495,407.56
10.715,-11.985,-15.108,-0.80021,14.399,-12.638,-13.186,-20.356,-0.79038,-15.045,-49.79,410.1
3.6896,-15.167,-15.472,4.663,10.63,-14.391,-13.152,-21.327,-1.8046,-16.683,-54.198,412.69
-2.5646,-18.285,-16.485,9.6634,7.6742,-16.357,-13.12,-22.306,-2.865,-18.312,-58.624,415.45
-7.9869,-21.201,-17.834,14.016,5.4222,-18.483,-13.08,-23.255,-3.9216,-19.889,-62.927,418.36
-12.47,-23.764,-19.292,17.518,3.629,-20.682,-13.016,-24.133,-4.9274,-21.371,-66.954,421.3
-15.851,-25.859,-20.815,20.051,2.0827,-22.848,-12.924,-24.916,-5.8545,-22.724,-70.587,424.16
-18.119,-27.454,-22.41,21.702,0.70038,-24.886,-12.821,-25.597,-6.7012,-23.929,-73.763,426.86
-19.556,-28.614,-23.97,22.722,-0.53716,-26.735,-12.738,-26.189,-7.4831,-24.978,-76.464,429.45
-20.503,-29.459,-25.27,23.361,-1.6537,-28.381,-12.709,-26.707,-8.212,-25.872,-78.691,432.03
-21.181,-30.113,-26.043,23.78,-2.6653,-29.829,-12.748,-27.152,-8.8757,-26.607,-80.442,434.73
-21.692,-30.659,-26.078,24.061,-3.5654,-31.036,-12.841,-27.504,-9.4299,-27.176,-81.704,437.71
-22.08,-31.127,-25.326,24.241,-4.3414,-31.867,-12.952,-27.729,-9.8086,-27.567,-82.464,441.07
-22.373,-31.49,-23.882,24.343,-5,-32.144,-13.038,-27.787,-9.947,-27.768,-82.72,444.85
-22.595,-31.689,-21.902,24.381,-5.5809,-31.75,-13.05,-27.64,-9.8058,-27.777,-82.497,448.95
-22.781,-31.668,-19.544,24.367,-6.1527,-30.721,-12.927,-27.258,-9.3847,-27.611,-81.841,453.11
-22.974,-31.404,-17.004,24.322,-6.7999,-29.218,-12.572,-26.599,-8.7177,-27.304,-80.822,457.05
-23.226,-30.917,-14.502,24.272,-7.6025,-27.437,-11.821,-25.592,-7.8578,-26.9,-79.522,460.5
-23.587,-30.266,-12.197,24.252,-8.6106,-25.54,-10.423,-24.116,-6.8394,-26.439,-78.029,463.31
-24.088,-29.54,-10.16,24.303,-9.8175,-23.645,-8.0714,-21.979,-5.6574,-25.935,-76.429,465.42
-24.715,-28.842,-8.3958,24.458,-11.142,-21.86,-4.8303,-18.89,-4.2451,-25.359,-74.788,466.77
-25.403,-28.273,-6.8727,24.733,-12.437,-20.297,-2.647,-14.46,-2.4493,-24.631,-73.117,467.26
-26.066,-27.897,-5.5483,25.11,-13.55,-19.046,-5.3531,-8.6051,0.0041711,-23.586,-71.342,466.8
-26.654,-27.714,-4.3904,25.543,-14.409,-18.132,-9.8823,-5.2467,3.5826,-21.934,-69.256,465.48
-27.195,-27.64,-3.3442,25.954,-15.124,-17.485,-11.24,-16.878,9.1156,-19.147,-66.492,463.6
-27.73,-27.485,-2.286,26.23,-15.936,-16.909,-10.662,-20.356,17.499,-14.434,-62.539,461.43
-28.154,-26.919,-0.97971,26.175,-16.937,-16.073,-7.5048,-14.029,17.64,-13.241,-56.862,458.89
-28.18,-25.406,1.0163,25.42,-18.088,-14.533,0.19298,-3.0771,12.208,-14.709,-49.289,455.02
-28.062,-22.383,4.3613,23.74,-19.437,-12.366,14.506,13.676,18.646,-13.279,-47.55,447.38
-36.476,-27.547,12.525,31.184,-20.976,-14.212,36.667,37.518,26.72,-11.951,-63.364,437.15
-53.352,-32.515,20.792,40.966,-22.48,-12.178,66.563,70.199,36.808,-9.6627,-67.438,426.88
-66.826,-38.774,27.288,50.637,-23.582,-11.119,101.46,111.44,50.574,-4.1122,-69.906,415.33
-76.045,-45.446,30.778,58.454,-23.851,-11.221,136.48,162.84,72.535,8.1693,-68.611,403.91
-77.325,-49.916,28.444,61.216,-23.15,-13.375,169.31,231.75,109.95,31.9,-60.487,395.08
-67.824,-47.955,21.564,55.371,-21.975,-16.233,200.76,325.39,167.48,73.456,-41.086,392.38
-46.174,-33.234,14.264,37.02,-20.797,-13.678,233.92,447.75,256.63,140.63,-4.3155,400.37
-12.808,2.5464,12.757,2.0019,-14.61,3.8176,273.66,606.1,392.9,241.24,55.603,424.55
31.365,67.964,25.981,-53.176,-3.9618,45.658,323.94,802.82,565.81,378.14,145.43,470.56
85.215,168.66,69.94,-130.4,0.53289,118.09,384.31,1032.3,780.69,553.14,269.94,541.89
147.91,304.04,143.29,-229.02,-0.99422,220.69,447.78,1279.8,1033.3,761.85,425.76,638.25
218.4,464.41,229.69,-344.06,-6.4219,344.04,501.83,1520.9,1305.7,990.62,602.55,753.77
293.61,630.61,316.89,-464.91,-11.534,470.64,531.33,1722.4,1566.3,1214.3,781.92,876.07
366.98,776.03,385.92,-575.33,-10.458,577.56,522.41,1845,1771.9,1396.7,937.42,987.16
428.51,872.04,419.42,-655.8,0.7251,641.74,466.79,1848,1873.7,1497.5,1039.2,1066.5
466.6,895.79,406.87,-688.39,21.426,646.63,364.97,1699.5,1830.7,1483.1,1061.8,1096.1
471.36,838.2,348.31,-662.9,48.838,588.05,226.53,1387.7,1624.2,1338.4,992.32,1066.6
438.6,708.54,255.39,-581.41,78.604,476.88,67.66,930.86,1268.7,1075.3,837.17,980.93
371.93,532.36,148.55,-458.41,99.512,336.38,-92.639,378.48,811.75,732.04,621.06,854.05
281.55,343.07,50.621,-316.02,104.24,194.54,-236.54,-197.92,321.61,362.12,379.93,708.09
180.49,171.22,-20.539,-176.75,90.36,75.182,-350.61,-722.02,-131.55,19.1,149.75,565.15
81.254,36.375,-56.859,-57.527,60.136,-8.8069,-427.86,-1131.9,-493.85,-257.36,-42.907,441.46
-6.1716,-54.789,-61.796,33.065,20.053,-53.269,-468.73,-1394.6,-738.37,-448.54,-185.27,344.96
-74.251,-100.94,-46.01,91.078,-21.084,-67.481,-480.56,-1510.5,-866.19,-555.96,-277.3,276.15
-118.88,-117.58,-23.545,120.38,-54.468,-66.113,-475.34,-1507.5,-899.07,-595.05,-327.19,230.94
-139.7,-117.48,-6.1915,127.92,-73.579,-59.522,-465.72,-1427.9,-868.32,-586.93,-346.01,203.53
-138.27,-108.8,-0.34561,120.09,-76.006,-54.247,-460.75,-1312.9,-804.63,-551.88,-344.07,188.34
-119.28,-98.005,-7.2932,103.59,-63.842,-53.29,-463.37,-1193.5,-731.54,-505.87,-329.8,180.66
-90.558,-88.66,-26.467,84.931,-42.226,-58.386,-470.7,-1086.3,-662.99,-459.33,-309.7,176.67
-59.948,-82.308,-49.646,68.65,-16.856,-66.455,-476.53,-994.74,-603.96,-417.43,-288.05,173.6
-33.386,-77.064,-73.273,55.383,7.5368,-74.698,-474.13,-913.86,-552.24,-381.15,-267.33,170
-18.333,-66.058,-89.229,40.303,24.752,-80.044,-459.28,-835.43,-500.59,-348.42,-249.07,166.34
-16.177,-65.229,-96.255,37.331,30.222,-81.264,-431.47,-755.7,-445.25,-315,-230.84,167.21
-13.681,-64.574,-96.595,37.247,31.542,-79.425,-391.66,-673.48,-389.49,-280.87,-211.31,172.46
-13.938,-61.504,-91.118,36.024,29.972,-75.473,-342.3,-588.98,-334.5,-247.16,-194.5,175.36
-17.284,-56.768,-81.157,33.468,23.878,-70.099,-287.61,-504.53,-280.37,-213.19,-178.73,176.66
-20.663,-51.503,-69.187,30.496,15.388,-63.959,-232.37,-423.32,-230.59,-179.58,-162.59,177.41
-21.857,-46.681,-56.873,28.176,8.1708,-57.593,-180.5,-348.78,-183.46,-148.27,-145.8,177.92
-21.929,-42.743,-45.665,26.685,5.0713,-51.393,-134.8,-283.59,-141.02,-121.02,-128.98,178.16
-21.907,-39.633,-37.206,25.753,3.5337,-45.7,-96.984,-228.72,-106.74,-99.169,-113.16,177.97
-22.039,-37.081,-31.865,25.163,1.317,-40.789,-67.923,-185.09,-80.772,-82.989,-99.295,177.23
-22.341,-34.821,-28.481,24.777,-1.2163,-36.714,-46.935,-152.66,-61.748,-71.65,-87.959,175.91
-22.765,-32.696,-25.861,24.505,-3.653,-33.228,-32.011,-129.37,-48.124,-63.885,-79.175,174.08
-23.231,-30.668,-23.227,24.278,-5.9776,-29.905,-21.209,-112.5,-39.081,-58.431,-72.123,171.9
-23.674,-28.781,-20.207,24.05,-8.2011,-26.44,-13.07,-99.758,-35.105,-54.189,-65.384,169.55
-24.054,-27.084,-17.126,23.79,-10.209,-22.978,-6.67,-89.545,-32.926,-49.818,-58.412,167.15
-24.348,-25.587,-14.575,23.484,-11.889,-19.934,-2.4072,-80.921,-27.69,-43.424,-51.939,164.75
-24.546,-24.268,-12.323,23.136,-13.22,-17.494,-1.6955,-73.148,-21.999,-37.017,-46.59,162.29
-24.647,-23.101,-10.308,22.761,-14.237,-15.583,1.0368,-64.469,-17.412,-32.945,-42.406,159.63
-24.657,-22.068,-8.7132,22.376,-14.979,-14.075,5.1834,-55.721,-14.008,-30.386,-39.179,156.59
-24.59,-21.161,-7.5527,21.998,-15.492,-12.878,8.6835,-49.93,-11.58,-28.57,-36.67,153.05
-24.462,-20.37,-6.7257,21.641,-15.823,-11.915,11.115,-46.274,-9.9056,-27.151,-34.657,149.02
-24.293,-19.679,-6.1052,21.309,-16.018,-11.117,12.752,-43.682,-8.7927,-25.964,-32.959,144.74
-24.098,-19.059,-5.5844,20.995,-16.12,-10.42,13.906,-41.661,-8.0962,-24.916,-31.427,140.51
-23.882,-18.475,-5.0936,20.684,-16.161,-9.7708,14.778,-39.98,-7.7176,-23.955,-29.966,136.6
-23.64,-17.894,-4.6065,20.356,-16.158,-9.1445,15.477,-38.515,-7.5998,-23.053,-28.527,133.11
-23.361,-17.295,-4.1509,19.991,-16.111,-8.5467,16.058,-37.202,-7.7187,-22.2,-27.103,130
-23.034,-16.673,-3.8054,19.575,-16.007,-8.0063,16.541,-36.01,-8.0708,-21.402,-25.713,127.19
-22.657,-16.034,-3.6616,19.108,-15.833,-7.5569,16.928,-34.921,-8.6566,-20.668,-24.391,124.61
-22.243,-15.392,-3.7695,18.6,-15.592,-7.2155,17.215,-33.923,-9.4666,-20.008,-23.166,122.22
-21.823,-14.757,-4.1094,18.079,-15.309,-6.9711,17.401,-33.005,-10.474,-19.425,-22.052,119.98
-21.436,-14.139,-4.5993,17.576,-15.026,-6.7893,17.493,-32.153,-11.637,-18.918,-21.05,117.89
-21.111,-13.545,-5.1198,17.12,-14.782,-6.6248,17.506,-31.351,-12.91,-18.479,-20.138,115.91
-20.861,-12.986,-5.5473,16.728,-14.601,-6.4376,17.46,-30.589,-14.253,-18.09,-19.288,114
-20.675,-12.473,-5.7893,16.4,-14.484,-6.2056,17.382,-29.861,-15.64,-17.727,-18.468,112.11
-20.529,-12.017,-5.8044,16.126,-14.414,-5.9278,17.294,-29.163,-17.062,-17.366,-17.658,110.19
-20.391,-11.617,-5.5999,15.884,-14.368,-5.618,17.209,-28.501,-18.524,-16.99,-16.852,108.19
-20.229,-11.259,-5.2174,15.644,-14.324,-5.2953,17.128,-27.881,-20.034,-16.594,-16.051,106.07
-20.017,-10.915,-4.7207,15.374,-14.268,-4.9764,17.041,-27.301,-21.599,-16.189,-15.26,103.82
-19.744,-10.559,-4.1866,15.052,-14.195,-4.6726,16.94,-26.748,-23.209,-15.79,-14.48,101.43
-19.416,-10.174,-3.6972,14.678,-14.11,-4.3928,16.822,-26.202,-24.841,-15.411,-13.701,98.91
-19.052,-9.7594,-3.3259,14.272,-14.019,-4.145,16.698,-25.636,-26.457,-15.054,-12.9,96.288
-18.677,-9.3259,-3.1209,13.862,-13.919,-3.9358,16.585,-25.034,-28.005,-14.704,-12.047,93.584
-18.311,-8.8939,-3.0969,13.478,-13.805,-3.7674,16.503,-24.381,-29.432,-14.333,-11.113,90.824
-17.965,-8.4843,-3.24,13.139,-13.66,-3.6369,16.467,-23.677,-30.692,-13.904,-10.08,88.018
-17.639,-8.1146,-3.5208,12.852,-13.472,-3.5385,16.479,-22.938,-31.758,-13.385,-8.9452,85.153
-17.317,-7.7936,-3.9075,12.602,-13.229,-3.4661,16.523,-22.188,-32.631,-12.762,-7.7266,82.189
-16.968,-7.5185,-4.373,12.358,-12.925,-3.4182,16.569,-21.447,-33.318,-12.036,-6.4496,79.071
-16.551,-7.2744,-4.8949,12.074,-12.557,-3.3986,16.587,-20.727,-33.824,-11.222,-5.1325,75.75
-16.023,-7.0349,-5.4552,11.696,-12.127,-3.4123,16.553,-20.018,-34.147,-10.338,-3.7768,72.207
-15.351,-6.7627,-6.039,11.18,-11.641,-3.4593,16.455,-19.291,-34.273,-9.3979,-2.3716,68.472
-14.52,-6.4147,-6.6327,10.498,-11.111,-3.5306,16.293,-18.508,-34.187,-8.4114,-0.89265,64.629
-13.538,-5.9551,-7.2218,9.6451,-10.551,-3.6066,16.074,-17.631,-33.885,-7.3759,0.68135,60.812
-12.443,-5.3681,-7.7901,8.6497,-9.9836,-3.6627,15.811,-16.627,-33.378,-6.2785,2.3581,57.165
-11.298,-4.6606,-8.3184,7.5622,-9.4324,-3.6737,15.517,-15.483,-32.692,-5.1004,4.1338,53.789
-10.161,-3.846,-8.7822,6.435,-8.9148,-3.6153,15.198,-14.205,-31.858,-3.826,5.9836,50.713
-9.0578,-2.9271,-9.1517,5.2903,-8.4337,-3.4653,14.85,-12.824,-30.913,-2.455,7.8755,47.894
-7.9724,-1.8897,-9.3971,4.1095,-7.9786,-3.2078,14.453,-11.38,-29.89,-0.99972,9.7722,45.251
-6.8487,-0.71378,-9.4991,2.8443,-7.5324,-2.8386,13.98,-9.9145,-28.822,0.52054,11.652,42.701
-5.613,0.61569,-9.4566,1.4334,-7.0777,-2.3665,13.403,-8.4568,-27.725,2.0908,13.51,40.193
-4.1867,2.1119,-9.2888,-0.18855,-6.5974,-1.8064,12.699,-7.0103,-26.604,3.7077,15.362,37.719
-2.4958,3.8042,-9.0299,-2.0894,-6.0758,-1.1686,11.859,-5.5429,-25.437,5.3785,17.241,35.313
-0.48218,5.7471,-8.7197,-4.3336,-5.4996,-0.4499,10.886,-3.9905,-24.193,7.1166,19.187,33.029
1.879,8.0089,-8.3944,-6.9631,-4.8595,0.37039,9.7953,-2.2656,-22.839,8.9254,21.24,30.92
4.5612,10.646,-8.0763,-9.9722,-4.1624,1.33,8.6051,-0.29753,-21.351,10.794,23.433,29.016
7.4808,13.675,-7.7694,-13.292,-3.4305,2.4818,7.3223,1.9661,-19.73,12.698,25.791,27.312
10.52,17.06,-7.4627,-16.801,-2.7001,3.8899,5.9305,4.5441,-17.991,14.613,28.338,25.757
13.571,20.715,-7.1384,-20.362,-2.0052,5.6174,4.3885,7.4248,-16.16,16.533,31.116,24.275
16.568,24.512,-6.7823,-23.852,-1.354,7.6995,2.6478,10.578,-14.267,18.49,34.182,22.784
19.493,28.314,-6.3894,-27.175,-0.71694,10.113,0.6814,13.972,-12.332,20.553,37.597,21.231
22.353,32.016,-5.9614,-30.271,-0.034442,12.765,-1.4911,17.596,-10.354,22.824,41.406,19.605
25.162,35.574,-5.4986,-33.135,0.7589,15.531,-3.8015,21.474,-8.32,25.424,45.636,17.947
27.934,39.01,-4.9925,-35.814,1.7099,18.315,-6.1573,25.661,-6.2006,28.484,50.268,16.336
30.69,42.404,-4.4242,-38.407,2.8354,21.088,-8.4812,30.228,-3.9611,32.121,55.246,14.86
33.471,45.879,-3.773,-41.045,4.1261,23.877,-10.735,35.207,-1.5662,36.413,60.481,13.594
36.326,49.579,-3.0311,-43.88,5.5581,26.718,-12.927,40.569,1.0199,41.362,65.854,12.587
39.296,53.652,-2.2135,-47.063,7.1005,29.63,-15.104,46.231,3.831,46.863,71.254,11.861
42.4,58.227,-1.3559,-50.727,8.7158,32.611,-17.333,52.085,6.9065,52.721,76.596,11.415
45.658,63.387,-0.50094,-54.967,10.362,35.664,-19.696,58.043,10.294,58.713,81.839,11.235
49.101,69.137,0.31762,-59.83,12.006,38.804,-22.278,64.059,14.046,64.67,86.979,11.293
52.79,75.367,1.0853,-65.283,13.632,42.041,-25.17,70.126,18.219,70.523,92.039,11.557
56.798,81.853,1.8109,-71.193,15.244,45.363,-28.433,76.255,22.868,76.282,97.057,12
61.183,88.307,2.5261,-77.316,16.849,48.736,-32.061,82.442,28.049,81.992,102.07,12.612
65.95,94.481,3.2836,-83.354,18.439,52.124,-35.963,88.634,33.805,87.695,107.11,13.411
71.018,100.24,4.147,-89.049,19.993,55.522,-40.016,94.724,40.152,93.422,112.21,14.438
76.224,105.6,5.1699,-94.269,21.501,58.951,-44.114,100.58,47.044,99.194,117.38,15.758
81.379,110.68,6.3716,-99.027,22.979,62.446,-48.203,106.1,54.369,105.02,122.64,17.438
86.332,115.65,7.726,-103.44,24.471,66.037,-52.256,111.22,61.953,110.89,127.96,19.526
91.003,120.71,9.1722,-107.67,26.012,69.726,-56.265,115.96,69.599,116.77,133.25,22.022
95.379,125.96,10.647,-111.86,27.61,73.482,-60.23,120.34,77.132,122.56,138.41,24.866
99.485,131.42,12.112,-116.1,29.228,77.249,-64.155,124.42,84.416,128.18,143.31,27.952
103.35,137.05,13.564,-120.42,30.806,80.98,-68.038,128.17,91.36,133.54,147.85,31.167
106.99,142.77,15.015,-124.85,32.284,84.673,-71.867,131.57,97.902,138.6,152.02,34.422
110.43,148.56,16.47,-129.4,33.628,88.366,-75.629,134.55,104,143.35,155.81,37.668
113.69,154.39,17.915,-134.08,34.838,92.082,-79.32,137.06,109.64,147.83,159.26,40.907
116.85,160.17,19.328,-138.85,35.938,95.779,-82.949,139.09,114.81,152.08,162.42,44.166
119.94,165.7,20.684,-143.57,36.956,99.339,-86.524,140.66,119.52,156.11,165.31,47.477
122.98,170.81,21.973,-148.06,37.907,102.64,-90.034,141.82,123.78,159.93,167.93,50.851
125.98,175.4,23.195,-152.19,38.799,105.64,-93.439,142.6,127.59,163.51,170.26,54.264
128.88,179.5,24.357,-155.89,39.636,108.35,-96.672,143.01,130.94,166.78,172.26,57.665
131.65,183.15,25.455,-159.17,40.423,110.8,-99.669,143.05,133.84,169.67,173.94,60.983
134.23,186.4,26.484,-162.06,41.161,113.03,-102.39,142.7,136.27,172.16,175.29,64.147
136.58,189.27,27.436,-164.56,41.846,115.05,-104.83,141.94,138.25,174.22,176.36,67.097
138.65,191.78,28.309,-166.68,42.467,116.88,-107.01,140.8,139.81,175.88,177.2,69.772
140.41,193.92,29.1,-168.44,43.019,118.5,-108.96,139.28,140.95,177.16,177.83,72.103
141.86,195.67,29.801,-169.83,43.499,119.91,-110.7,137.43,141.72,178.11,178.29,74.006
142.99,197.05,30.397,-170.89,43.907,121.09,-112.24,135.29,142.13,178.77,178.55,75.397
143.82,198.06,30.872,-171.66,44.239,122.01,-113.59,132.88,142.22,179.15,178.6,76.219
144.36,198.72,31.209,-172.16,44.487,122.68,-114.74,130.24,142.01,179.26,178.4,76.464
144.65,199.09,31.398,-172.43,44.641,123.09,-115.66,127.39,141.56,179.1,177.92,76.173
144.68,199.18,31.435,-172.5,44.702,123.27,-116.34,124.37,140.89,178.63,177.15,75.411
144.49,199.04,31.329,-172.39,44.678,123.25,-116.73,121.21,140.08,177.84,176.11,74.254
144.06,198.66,31.098,-172.07,44.585,123.02,-116.83,117.95,139.13,176.73,174.82,72.756
143.35,198.01,30.767,-171.51,44.437,122.6,-116.6,114.62,138.07,175.3,173.27,70.932
142.3,197.01,30.356,-170.62,44.236,121.93,-116.02,111.23,136.86,173.56,171.45,68.737
140.85,195.59,29.874,-169.34,43.967,120.97,-115.02,107.79,135.43,171.51,169.32,66.082
138.93,193.69,29.321,-167.61,43.606,119.68,-113.51,104.28,133.73,169.14,166.8,62.871
136.55,191.27,28.695,-165.39,43.116,118.06,-111.39,100.67,131.68,166.43,163.85,59.057
133.76,188.34,28.003,-162.68,42.459,116.15,-108.58,96.972,129.26,163.39,160.46,54.676
130.63,184.87,27.259,-159.45,41.6,113.99,-105.06,93.227,126.44,160.03,156.63,49.848
127.22,180.77,26.476,-155.62,40.508,111.54,-100.87,89.512,123.21,156.38,152.4,44.743
123.59,175.88,25.653,-151.13,39.168,108.71,-96.077,85.917,119.59,152.5,147.79,39.531
119.75,170.04,24.782,-145.93,37.577,105.32,-90.705,82.507,115.6,148.45,142.83,34.339
115.69,163.16,23.854,-140.08,35.742,101.19,-84.776,79.29,111.26,144.24,137.51,29.218
111.32,155.41,22.869,-133.75,33.661,96.341,-78.323,76.206,106.59,139.82,131.83,24.164
106.56,147.18,21.839,-127.16,31.323,91.031,-71.431,73.152,101.61,135.13,125.81,19.166
101.39,138.89,20.777,-120.5,28.708,85.627,-64.211,70.022,96.316,130.09,119.45,14.23
95.823,130.82,19.689,-113.85,25.822,80.386,-56.745,66.74,90.7,124.65,112.77,9.4009
89.983,123.06,18.556,-107.24,22.725,75.399,-49.049,63.29,84.738,118.77,105.75,4.7427
83.961,115.56,17.344,-100.62,19.522,70.641,-41.108,59.705,78.401,112.42,98.308,0.3325
77.785,108.19,16.022,-93.917,16.322,66.041,-32.981,56.043,71.676,105.6,90.368,-3.7596
71.433,100.81,14.577,-87.017,13.203,61.536,-24.9,52.351,64.587,98.334,81.875,-7.4905
64.889,93.254,13.037,-79.857,10.225,57.088,-17.246,48.644,57.223,90.658,72.879,-10.871
58.173,85.414,11.458,-72.458,7.4435,52.679,-10.349,44.894,49.746,82.609,63.559,-13.97
51.339,77.285,9.9044,-64.973,4.9079,48.29,-4.3179,41.053,42.367,74.211,54.172,-16.897
44.444,69.048,8.4265,-57.648,2.6407,43.896,0.92615,37.079,35.294,65.493,44.966,-19.778
37.538,61.02,7.0487,-50.69,0.63754,39.483,5.4724,32.952,28.672,56.532,36.134,-22.735
30.669,53.482,5.776,-44.137,-1.1238,35.052,9.3159,28.683,22.552,47.504,27.818,-25.885
23.898,46.509,4.6039,-37.859,-2.6729,30.606,12.421,24.306,16.918,38.679,20.13,-29.353
17.293,39.956,3.5213,-31.655,-4.0397,26.131,14.821,19.871,11.717,30.346,13.168,-33.279
10.913,33.553,2.5096,-25.34,-5.2507,21.615,16.624,15.436,6.889,22.709,7.008,-37.805
4.8241,27.033,1.5454,-18.79,-6.3302,17.11,17.961,11.063,2.3828,15.843,1.689,-43
-0.83862,20.291,0.60938,-12.011,-7.3028,12.782,18.949,6.81,-1.8435,9.7172,-2.7974,-48.788
-5.8292,13.533,-0.3089,-5.2775,-8.1935,8.8768,19.682,2.7282,-5.8236,4.2581,-6.5128,-54.924
-9.9131,7.212,-1.2122,0.86119,-9.0208,5.5668,20.224,-1.1454,-9.5852,-0.60186,-9.5619,-61.082
-13.052,1.7245,-2.1026,5.9186,-9.7895,2.8533,20.621,-4.7861,-13.152,-4.9148,-12.071,-66.979
-15.405,-2.8118,-2.9876,9.7907,-10.488,0.60886,20.901,-8.1804,-16.544,-8.7232,-14.161,-72.439
-17.192,-6.5208,-3.8784,12.693,-11.097,-1.3245,21.081,-11.326,-19.781,-12.065,-15.935,-77.387
-18.593,-9.6014,-4.7752,14.916,-11.605,-3.0661,21.174,-14.235,-22.875,-14.973,-17.463,-81.8
-19.732,-12.209,-5.6509,16.686,-12.013,-4.6694,21.19,-16.928,-25.838,-17.476,-18.791,-85.665
-20.686,-14.424,-6.4496,18.134,-12.345,-6.129,21.14,-19.433,-28.668,-19.6,-19.943,-88.953
-21.497,-16.279,-7.1042,19.328,-12.631,-7.4112,21.04,-21.768,-31.352,-21.377,-20.931,-91.624
-22.187,-17.79,-7.5629,20.299,-12.901,-8.4868,20.909,-23.937,-33.856,-22.847,-21.767,-93.635
-22.764,-18.975,-7.8107,21.063,-13.166,-9.3476,20.765,-25.929,-36.133,-24.06,-22.464,-94.955
-23.229,-19.86,-7.8762,21.638,-13.426,-10.005,20.629,-27.719,-38.14,-25.066,-23.05,-95.576
-23.589,-20.483,-7.8214,22.049,-13.672,-10.483,20.512,-29.291,-39.847,-25.908,-23.562,-95.533
-23.86,-20.891,-7.7196,22.326,-13.899,-10.807,20.42,-30.642,-41.259,-26.615,-24.056,-94.898
-24.061,-21.137,-7.6289,22.505,-14.103,-11.002,20.353,-31.786,-42.409,-27.2,-24.596,-93.799
-24.214,-21.264,-7.5707,22.617,-14.282,-11.086,20.306,-32.752,-43.35,-27.666,-25.251,-92.352
-24.327,-21.302,-7.5252,22.68,-14.431,-11.071,20.276,-33.57,-44.138,-28.014,-26.085,-90.669
-24.4,-21.267,-7.4437,22.7,-14.548,-10.964,20.263,-34.265,-44.809,-28.25,-27.141,-88.839
-24.424,-21.159,-7.2686,22.671,-14.633,-10.767,20.267,-34.855,-45.369,-28.387,-28.43,-86.908
-24.389,-20.971,-6.9511,22.583,-14.692,-10.481,20.289,-35.344,-45.794,-28.442,-29.924,-84.884
-24.292,-20.69,-6.465,22.426,-14.738,-10.104,20.33,-35.735,-46.05,-28.427,-31.558,-82.732
-24.138,-20.318,-5.8193,22.203,-14.778,-9.6482,20.386,-36.028,-46.111,-28.347,-33.256,-80.394
-23.936,-19.866,-5.0637,21.923,-14.815,-9.14,20.452,-36.23,-45.977,-28.197,-34.945,-77.812
-23.698,-19.36,-4.2817,21.601,-14.842,-8.6164,20.519,-36.351,-45.673,-27.967,-36.573,-74.947
-23.431,-18.821,-3.5657,21.25,-14.847,-8.1102,20.578,-36.404,-45.241,-27.647,-38.111,-71.804
-23.139,-18.269,-2.986,20.877,-14.817,-7.6403,20.619,-36.407,-44.711,-27.235,-39.551,-68.421
-22.831,-17.71,-2.569,20.487,-14.749,-7.207,20.634,-36.375,-44.088,-26.747,-40.898,-64.866
-22.516,-17.149,-2.2956,20.089,-14.649,-6.7985,20.615,-36.32,-43.331,-26.213,-42.157,-61.22
-22.212,-16.593,-2.1166,19.697,-14.531,-6.4011,20.561,-36.25,-42.368,-25.664,-43.324,-57.58
-21.93,-16.059,-1.9771,19.329,-14.406,-6.0088,20.469,-36.166,-41.111,-25.124,-44.383,-54.06
-21.676,-15.563,-1.8348,19,-14.28,-5.6247,20.343,-36.066,-39.497,-24.594,-45.307,-50.777
-21.447,-15.116,-1.6676,18.715,-14.156,-5.2564,20.185,-35.951,-37.507,-24.06,-46.067,-47.819
-21.233,-14.717,-1.4729,18.463,-14.033,-4.9121,20.004,-35.821,-35.168,-23.492,-46.633,-45.213
-21.015,-14.352,-1.2643,18.222,-13.909,-4.5984,19.806,-35.672,-32.531,-22.865,-46.988,-42.924
-20.778,-14.001,-1.0641,17.964,-13.778,-4.3173,19.598,-35.501,-29.65,-22.164,-47.131,-40.888
-20.506,-13.643,-0.89381,17.67,-13.636,-4.067,19.382,-35.304,-26.569,-21.393,-47.088,-39.033
-20.2,-13.27,-0.76779,17.335,-13.48,-3.8481,19.156,-35.083,-23.325,-20.574,-46.9,-37.317
-19.879,-12.898,-0.68987,16.982,-13.316,-3.6656,18.919,-34.837,-19.958,-19.73,-46.615,-35.72
-19.578,-12.562,-0.65225,16.654,-13.156,-3.5296,18.672,-34.562,-16.508,-18.882,-46.272,-34.236
-19.334,-12.305,-0.63766,16.403,-13.015,-3.4475,18.421,-34.249,-13.024,-18.041,-45.897,-32.871
-19.171,-12.155,-0.62752,16.259,-12.898,-3.4155,18.171,-33.891,-9.5492,-17.214,-45.501,-31.646
-19.08,-12.109,-0.61109,16.217,-12.797,-3.4192,17.926,-33.482,-6.1263,-16.408,-45.083,-30.577
-19.028,-12.134,-0.58848,16.236,-12.696,-3.439,17.686,-33.024,-2.7871,-15.634,-44.635,-29.673
-18.973,-12.182,-0.56686,16.259,-12.583,-3.4578,17.449,-32.523,0.44809,-14.901,-44.139,-28.92
-18.886,-12.206,-0.55488,16.238,-12.459,-3.464,17.209,-31.987,3.5687,-14.213,-43.573,-28.291
-18.769,-12.178,-0.55878,16.152,-12.346,-3.4558,16.965,-31.42,6.5662,-13.57,-42.917,-27.754
-18.652,-12.094,-0.58179,16.015,-12.273,-3.4375,16.712,-30.826,9.4245,-12.97,-42.17,-27.279
-18.574,-11.972,-0.62619,15.865,-12.262,-3.4183,16.447,-30.206,12.114,-12.411,-41.348,-26.846
-18.564,-11.848,-0.69309,15.742,-12.309,-3.4103,16.17,-29.557,14.59,-11.897,-40.493,-26.441
-18.623,-11.753,-0.77452,15.674,-12.39,-3.4219,15.879,-28.876,16.797,-11.438,-39.655,-26.055
-18.727,-11.704,-0.84244,15.663,-12.474,-3.4489,15.578,-28.164,18.671,-11.051,-38.891,-25.686
-18.841,-11.694,-0.84831,15.688,-12.544,-3.4729,15.268,-27.429,20.144,-10.755,-38.244,-25.34
-18.935,-11.704,-0.74066,15.722,-12.597,-3.4691,14.948,-26.689,21.163,-10.566,-37.74,-25.023
-18.991,-11.714,-0.48974,15.745,-12.636,-3.4212,14.611,-25.971,21.71,-10.494,-37.385,-24.746
-19.002,-11.716,-0.10135,15.748,-12.67,-3.3312,14.246,-25.299,21.81,-10.538,-37.167,-24.514
-18.968,-11.708,0.38564,15.724,-12.702,-3.2172,13.835,-24.689,21.525,-10.684,-37.056,-24.326
-18.889,-11.686,0.91174,15.667,-12.731,-3.101,13.361,-24.144,20.929,-10.911,-37.013,-24.171
-18.762,-11.631,1.4112,15.565,-12.751,-2.9951,12.81,-23.647,20.087,-11.195,-36.994,-24.024
-18.585,-11.516,1.8244,15.407,-12.751,-2.8991,12.174,-23.178,19.042,-11.52,-36.964,-23.849
-18.365,-11.316,2.1088,15.188,-12.72,-2.8032,11.45,-22.716,17.813,-11.876,-36.897,-23.609
-18.12,-11.029,2.2486,14.919,-12.652,-2.6964,10.642,-22.258,16.406,-12.258,-36.785,-23.277
-17.881,-10.675,2.2611,14.628,-12.548,-2.5709,9.7621,-21.813,14.829,-12.663,-36.633,-22.847
-17.684,-10.298,2.1942,14.357,-12.417,-2.4253,8.8357,-21.407,13.098,-13.08,-36.452,-22.337
-17.555,-9.9545,2.1089,14.149,-12.274,-2.2686,7.8948,-21.068,11.239,-13.496,-36.257,-21.777
-17.501,-9.7065,2.0513,14.042,-12.13,-2.1254,6.9698,-20.819,9.2843,-13.898,-36.066,-21.21
-17.507,-9.6071,2.0289,14.051,-11.979,-2.0363,6.0814,-20.671,7.2642,-14.286,-35.897,-20.681
-17.538,-9.6892,2.0091,14.169,-11.806,-2.0465,5.2381,-20.617,5.2059,-14.661,-35.764,-20.222
-17.558,-9.9545,1.9416,14.371,-11.584,-2.1871,4.4409,-20.629,3.1339,-15.025,-35.665,-19.844
-17.543,-10.373,1.7937,14.626,-11.294,-2.4611,3.6889,-20.666,1.0714,-15.369,-35.58,-19.528
-17.491,-10.892,1.5659,14.906,-10.931,-2.8449,2.985,-20.687,-0.95953,-15.677,-35.47,-19.235
-17.418,-11.456,1.2761,15.192,-10.512,-3.3039,2.336,-20.665,-2.9415,-15.933,-35.285,-18.916
-17.351,-12.022,0.92895,15.474,-10.07,-3.8072,1.7491,-20.596,-4.866,-16.129,-34.979,-18.537
-17.316,-12.568,0.50234,15.747,-9.6422,-4.3372,1.2255,-20.497,-6.7358,-16.273,-34.526,-18.085
-17.329,-13.088,-0.040481,16.013,-9.2579,-4.8891,0.75627,-20.399,-8.5627,-16.39,-33.933,-17.581
-17.391,-13.595,-0.72871,16.276,-8.9275,-5.4662,0.3234,-20.335,-10.361,-16.512,-33.238,-17.064
-17.493,-14.108,-1.5685,16.541,-8.6458,-6.0742,-0.092516,-20.331,-12.139,-16.662,-32.496,-16.578
-17.624,-14.647,-2.5399,16.817,-8.3994,-6.7166,-0.50244,-20.396,-13.888,-16.849,-31.762,-16.148
-17.767,-15.227,-3.6014,17.111,-8.1706,-7.3913,-0.90136,-20.52,-15.582,-17.058,-31.072,-15.779
-17.896,-15.839,-4.6937,17.415,-7.9401,-8.0845,-1.267,-20.677,-17.179,-17.265,-30.429,-15.45
-17.98,-16.452,-5.7409,17.704,-7.6894,-8.7655,-1.5669,-20.831,-18.632,-17.443,-29.81,-15.123
-17.98,-17.01,-6.658,17.934,-7.4031,-9.3891,-1.7717,-20.946,-19.902,-17.572,-29.178,-14.759
-17.862,-17.456,-7.3658,18.065,-7.0719,-9.9075,-1.8677,-21,-20.971,-17.645,-28.495,-14.321
-17.603,-17.748,-7.8117,18.065,-6.6935,-10.287,-1.8632,-20.981,-21.849,-17.664,-27.739,-13.782
-17.199,-17.876,-7.9893,17.924,-6.2717,-10.517,-1.7842,-20.885,-22.572,-17.634,-26.899,-13.129
-16.668,-17.854,-7.9464,17.656,-5.8132,-10.615,-1.6632,-20.717,-23.19,-17.556,-25.974,-12.357
-16.042,-17.715,-7.7734,17.292,-5.3223,-10.614,-1.5258,-20.481,-23.753,-17.421,-24.961,-11.47
-15.35,-17.491,-7.5714,16.864,-4.7976,-10.546,-1.3787,-20.183,-24.297,-17.209,-23.851,-10.471
-14.597,-17.195,-7.4161,16.38,-4.2327,-10.43,-1.2005,-19.823,-24.833,-16.897,-22.622,-9.3607
-13.755,-16.805,-7.3353,15.816,-3.6216,-10.256,-0.93781,-19.391,-25.347,-16.46,-21.237,-8.1273
-12.762,-16.269,-7.3071,15.112,-2.9744,-9.993,-0.51002,-18.859,-25.795,-15.881,-19.648,-6.7435
-11.555,-15.516,-7.2782,14.186,-2.3155,-9.6022,0.17092,-18.186,-26.108,-15.142,-17.806,-5.1673
-10.083,-14.482,-7.1928,12.964,-1.6783,-9.0547,1.1689,-17.318,-26.205,-14.226,-15.667,-3.3456
-8.3239,-13.114,-7.0182,11.383,-1.0901,-8.3417,2.4898,-16.199,-26.007,-13.109,-13.205,-1.2193
-6.2896,-11.381,-6.7489,9.4077,-0.55961,-7.4718,4.066,-14.779,-25.461,-11.766,-10.415,1.2613
-4.0353,-9.2866,-6.3965,7.0498,-0.074253,-6.4644,5.7797,-13.026,-24.558,-10.185,-7.3156,4.1043
-1.6482,-6.8873,-5.9749,4.3951,0.39063,-5.3477,7.5219,-10.941,-23.339,-8.3775,-3.9443,7.2409
0.76159,-4.3122,-5.4888,1.5953,0.86133,-4.1605,9.2381,-8.5654,-21.884,-6.3916,-0.34525,10.521
3.0974,-1.7268,-4.9226,-1.1781,1.3575,-2.9493,10.915,-5.9801,-20.289,-4.3026,3.4431,13.762
5.3115,0.7461,-4.2408,-3.815,1.8856,-1.7504,12.539,-3.2973,-18.64,-2.194,7.4049,16.82
7.4184,3.0946,-3.4034,-6.3187,2.4349,-0.56546,14.081,-0.63936,-16.993,-0.13271,11.548,19.627
9.4778,5.4227,-2.3889,-8.7946,2.9799,0.64881,15.503,1.8895,-15.373,1.8458,15.898,22.184
11.564,7.9011,-1.2095,-11.385,3.4924,1.9666,16.763,4.225,-13.776,3.7387,20.475,24.536
13.729,10.669,0.081805,-14.184,3.9567,3.4629,17.823,6.3426,-12.184,5.5641,25.298,26.743
15.986,13.776,1.3974,-17.184,4.3803,5.1836,18.655,8.2394,-10.574,7.3427,30.358,28.858
18.301,17.155,2.6345,-20.272,4.7913,7.1199,19.234,9.911,-8.9555,9.0793,35.614,30.914
20.609,20.631,3.6995,-23.294,5.2248,9.186,19.548,11.342,-7.3587,10.752,40.976,32.914
22.829,23.964,4.53,-26.102,5.7035,11.218,19.587,12.523,-5.8333,12.315,46.328,34.838
24.88,26.937,5.1155,-28.596,6.2244,13.024,19.353,13.437,-4.4327,13.71,51.56,36.644
26.7,29.422,5.5023,-30.736,6.7637,14.474,18.848,14.073,-3.2019,14.879,56.588,38.289
28.274,31.399,5.7673,-32.54,7.3011,15.541,18.074,14.421,-2.1795,15.787,61.357,39.733
29.641,32.925,5.9674,-34.067,7.8533,16.285,17.025,14.454,-1.3648,16.435,65.843,40.952
30.879,34.084,6.1101,-35.385,8.4802,16.782,15.701,14.126,-0.75444,16.862,70.031,41.931
32.047,34.94,6.156,-36.526,9.2739,17.059,14.122,13.383,-0.34406,17.126,73.904,42.664
33.155,35.522,6.0436,-37.471,10.332,17.076,12.342,12.184,-0.13349,17.282,77.455,43.164
34.205,35.857,5.7182,-38.186,11.727,16.782,10.431,10.569,-0.12216,17.389,80.692,43.476
35.248,35.993,5.1517,-38.684,13.472,16.17,8.4249,8.6234,-0.29759,17.49,83.649,43.69
36.383,36.013,4.3473,-39.059,15.5,15.299,6.2976,6.4825,-0.62834,17.614,86.38,43.926
37.679,36.012,3.3336,-39.423,17.666,14.273,3.9902,4.2908,-1.0679,17.763,88.936,44.294
39.127,36.055,2.1523,-39.857,19.816,13.2,1.4783,2.173,-1.5763,17.92,91.356,44.858
40.655,36.153,0.8485,-40.379,21.854,12.16,-1.1675,0.2193,-2.1109,18.054,93.648,45.613
42.173,36.26,-0.5407,-40.961,23.769,11.187,-3.7798,-1.5121,-2.6408,18.146,95.795,46.496
43.594,36.293,-1.9937,-41.552,25.597,10.266,-6.1571,-2.9877,-3.1495,18.192,97.759,47.401
44.845,36.138,-3.5014,-42.102,27.382,9.3317,-8.1494,-4.1972,-3.6372,18.193,99.489,48.202
45.92,35.671,-5.0385,-42.578,29.148,8.287,-9.7037,-5.1692,-4.123,18.146,100.91,48.773
47.004,34.753,-6.5249,-42.967,30.918,7.0589,-10.862,-5.9494,-4.6506,18.029,101.96,49.014
48.538,33.259,-7.8372,-43.244,32.746,5.6487,-11.719,-6.6046,-5.2615,17.805,102.54,48.883
50.945,31.096,-8.8847,-43.32,34.715,4.1376,-12.384,-7.2094,-5.9935,17.432,102.62,48.414
53.992,28.251,-9.6574,-43.011,36.712,2.6375,-12.942,-7.8411,-6.8728,16.88,102.17,47.702
56.503,24.833,-10.192,-42.056,38.156,1.2314,-13.446,-8.5474,-7.9108,16.133,101.18,46.86
56.997,21.086,-10.508,-40.183,38.261,-0.046974,-13.919,-9.35,-9.1066,15.197,99.622,45.979
54.605,17.307,-10.579,-37.205,36.627,-1.1892,-14.357,-10.249,-10.444,14.088,97.448,45.095
49.358,13.689,-10.354,-33.096,33.351,-2.2028,-14.741,-11.233,-11.927,12.817,94.615,44.188
41.962,10.239,-9.8043,-28.016,28.812,-3.1138,-15.05,-12.296,-13.559,11.383,91.106,43.196
33.456,6.8245,-8.9702,-22.267,23.492,-3.9691,-15.279,-13.442,-15.346,9.7713,86.954,42.038
24.782,3.2938,-7.9582,-16.188,17.878,-4.8233,-15.442,-14.673,-17.296,7.9692,82.231,40.639
16.498,-0.42252,-6.9168,-10.03,12.445,-5.7256,-15.575,-16.005,-19.406,5.9677,77.025,38.95
8.8311,-4.2678,-5.9933,-3.9427,7.6166,-6.6996,-15.716,-17.427,-21.653,3.7953,71.424,36.979
1.8816,-8.0623,-5.2952,1.9305,3.6621,-7.7369,-15.891,-18.899,-23.992,1.5211,65.521,34.788
-4.2687,-11.557,-4.8686,7.3436,0.61666,-8.8005,-16.097,-20.365,-26.364,-0.75661,59.419,32.486
-9.5374,-14.532,-4.6944,11.943,-1.6879,-9.8374,-16.301,-21.763,-28.698,-2.9372,53.231,30.194
-13.799,-16.881,-4.7023,15.435,-3.5139,-10.792,-16.453,-23.052,-30.952,-4.9445,47.061,28.009
-16.925,-18.638,-4.7996,17.812,-5.0903,-11.623,-16.503,-24.216,-33.107,-6.7403,40.995,25.978
-19.004,-19.921,-4.9049,19.346,-6.5114,-12.307,-16.434,-25.268,-35.169,-8.3209,35.112,24.091
-20.352,-20.861,-4.9705,20.361,-7.7482,-12.847,-16.27,-26.237,-37.157,-9.6992,29.504,22.299
-21.269,-21.565,-4.986,21.083,-8.7507,-13.26,-16.066,-27.146,-39.087,-10.897,24.299,20.543
-21.91,-22.096,-4.963,21.62,-9.5022,-13.569,-15.874,-28.007,-40.957,-11.931,19.643,18.782
-22.338,-22.481,-4.9138,22.006,-10.014,-13.792,-15.719,-28.81,-42.731,-12.804,15.652,17.011
-22.578,-22.723,-4.8324,22.248,-10.318,-13.928,-15.587,-29.517,-44.344,-13.507,12.371,15.268
-22.659,-22.808,-4.6896,22.345,-10.472,-13.956,-15.415,-30.069,-45.709,-14.017,9.7799,13.626
-22.628,-22.724,-4.4393,22.308,-10.564,-13.843,-15.1,-30.383,-46.734,-14.31,7.8171,12.174
-22.556,-22.473,-4.0308,22.167,-10.7,-13.555,-14.492,-30.363,-47.348,-14.366,6.3979,10.986
-22.535,-22.08,-3.4221,21.977,-10.992,-13.079,-13.396,-29.905,-47.517,-14.182,5.417,10.094
-22.669,-21.593,-2.5868,21.809,-11.517,-12.428,-11.547,-28.894,-47.251,-13.78,4.7466,9.4643
-23.029,-21.081,-1.5151,21.744,-12.269,-11.635,-8.6718,-27.19,-46.582,-13.198,4.2456,8.9932
-23.607,-20.624,-0.23788,21.841,-13.131,-10.752,-5.0979,-24.602,-45.528,-12.471,3.7909,8.5325
-24.298,-20.288,1.1389,22.111,-13.896,-9.8374,-3.4283,-20.865,-44.03,-11.582,3.3243,7.9457
-24.948,-20.101,2.5396,22.494,-14.36,-8.9571,-6.849,-15.93,-41.913,-10.406,2.898,7.1725
-25.453,-20.017,4.0577,22.885,-14.487,-8.1588,-10.535,-12.791,-38.859,-8.6207,2.7116,6.273
-25.838,-19.91,5.8802,23.164,-14.562,-7.4167,-11.378,-21.598,-34.453,-5.5689,3.1502,5.4439
-26.182,-19.56,8.1972,23.203,-15.088,-6.5738,-10.416,-24.88,-28.595,-0.24192,4.869,5.0387
-26.418,-18.616,11.178,22.807,-16.274,-5.2942,-6.8596,-19.816,-28.068,1.7109,8.9879,5.6599
-26.286,-16.379,15.095,21.58,-18.07,-2.8598,0.97897,-9.9058,-43.367,-3.774,17.165,8.3937
-26.34,-11.747,20.257,19.326,-20.582,2.2041,15.047,6.443,-40.633,-1.4435,22.162,14.52
-36.801,-21.188,26.789,29.783,-23.742,2.4421,36.873,30.794,-34.763,0.37424,13.627,11.643
-53.623,-26.087,34.015,39.857,-27.005,5.6095,66.665,65.032,-25.723,2.353,10.95,3.9797
-66.815,-32.057,39.037,49.245,-29.562,6.7204,101.53,108.41,-10.999,6.5488,7.7673,0.43817
-75.609,-38.973,40.185,56.861,-30.511,6.1311,136.42,161.08,13.892,16.303,5.7437,-3.5985
-76.483,-43.817,36.387,59.42,-29.588,3.42,169.19,229.7,53.442,36.469,8.7084,-6.4579
-66.68,-42.023,28.842,53.192,-28.033,-0.43043,200.55,322.25,111.39,73.881,22.243,-5.2998
-44.832,-27.62,21.482,34.43,-26.286,0.241,233.5,444.16,196.47,138.15,51.543,3.1247
-11.58,7.301,20.658,-0.36592,-17.425,13.913,273.01,601.87,321.43,239.4,104.82,24.59
32.125,71.366,37.489,-54.419,-5.4899,50.981,323.03,797.8,490.99,375.22,198.3,70.574
85.441,171.08,84.347,-130.13,-0.25159,123.29,383.07,1026.3,700.63,548.46,329.67,153.57
147.71,305.73,154.92,-227.27,-1.727,226.57,446.45,1273.2,945.98,756.2,482.86,259.87
217.9,464.78,241.15,-341.12,-7.6875,349.38,500.8,1514.7,1217.5,984.91,656.1,380.21
293.02,630.06,328.04,-461.61,-13.096,475.98,530.52,1718.1,1490.3,1209.1,832.3,507.82
366.57,775.73,396.77,-572.84,-11.635,584.05,521.31,1843.5,1710.7,1392.8,985.66,625.48
428.47,873.6,430.34,-655.27,0.41135,650.88,465.37,1849.4,1821.9,1495.9,1086.7,712.76
467.02,900.67,418.47,-690.71,22.226,659.68,363.76,1703.5,1787.5,1484.6,1110,751.41
472.38,847.19,361.48,-668.5,49.71,605.49,226.08,1394.1,1590.8,1343.3,1042.7,731.31
440.43,721.44,271.24,-590.07,78.266,498.18,68.401,938.99,1245.7,1083.5,890.61,654.7
374.75,548.06,167.95,-469.34,97.695,360.1,-90.332,387.27,798.33,742.66,677.91,535.97
285.25,360,73.535,-328.12,100.76,218.79,-232.3,-189.64,315.63,373.92,439.7,396.91
184.82,187.82,4.708,-188.99,85.476,98.073,-344.14,-715.23,-132.95,30.775,211.07,259.62
85.859,51.526,-31.098,-69.013,54.318,11.59,-419.13,-1127.2,-493.31,-246.9,17.86,140.4
-1.7103,-42.676,-36.931,23.125,13.87,-38.651,-458.22,-1391.9,-737.6,-439.94,-127.67,47.191
-70.738,-92.953,-23.279,84.365,-27.006,-56.444,-469.13,-1509.7,-865.76,-549.39,-225.61,-19.456
-117.11,-111.57,-3.6143,117.38,-59.534,-57.747,-463.74,-1508.5,-898.77,-590.36,-282.97,-63.293
-139.9,-112.95,10.763,128.36,-77.225,-53.641,-454.31,-1430,-867.78,-583.71,-308.58,-89.316
-140.15,-105.69,13.52,122.95,-77.732,-50.424,-449.67,-1315.8,-803.67,-549.61,-311.54,-102.19
-122.05,-95.809,3.3113,107.56,-63.437,-50.685,-452.78,-1196.7,-730.18,-504.19,-300.8,-106.33
-93.376,-87.079,-16.361,88.814,-40.152,-53.865,-460.74,-1089.1,-661.49,-458.09,-283.83,-105.79
-62.382,-81.364,-39.451,71.638,-14.137,-58.218,-467.28,-996.88,-602.9,-416.63,-265.62,-103.3
-35.277,-76.698,-61.769,57.793,9.6102,-63.192,-466.37,-916.07,-552.64,-380.86,-248.45,-99.951
-17.773,-57.454,-76.547,40.79,25.327,-64.513,-454.78,-839.17,-504.38,-348.92,-231.95,-77.23
-13.814,-54.577,-82.983,35.551,30.487,-65.843,-431.3,-761.07,-453.36,-316.4,-209.73,-52.551
-11.215,-54.885,-81.744,35.517,31.655,-63.831,-395.57,-680.59,-401.44,-282.11,-184.32,-50.372
-11.683,-52.535,-74.758,34.646,28.722,-59.321,-349.33,-596.68,-349.32,-247.72,-166.35,-50.423
-15.509,-48.02,-64.521,32.174,21.165,-53.428,-296.64,-512.43,-297.16,-213.54,-151.27,-48.642
-19.867,-42.615,-53.056,28.954,10.519,-46.993,-242.08,-431.79,-249.42,-180.36,-136.86,-45.155
-21.548,-37.53,-41.609,26.308,1.5608,-40.631,-189.73,-357.76,-204.17,-149.72,-123.12,-40.718
-21.587,-33.418,-31.149,24.579,-1.9419,-34.808,-142.88,-292.61,-161.96,-123,-110.85,-36.067
-21.437,-30.317,-23.13,23.492,-3.173,-29.83,-103.6,-237.18,-125.76,-101.31,-100.81,-31.758
-21.448,-27.981,-18.162,22.802,-4.6358,-25.753,-72.755,-192.12,-95.675,-84.987,-93.191,-28.075
-21.641,-26.142,-14.889,22.357,-6.401,-22.387,-50.126,-157.93,-70.871,-73.367,-87.439,-25.054
-21.958,-24.603,-12.224,22.052,-8.2096,-19.457,-34.233,-133.2,-50.509,-65.321,-82.729,-22.603
-22.31,-23.25,-9.9284,21.809,-9.9628,-16.825,-22.999,-115.37,-34.21,-59.69,-78.346,-20.593
-22.63,-22.032,-8.106,21.581,-11.533,-14.56,-14.614,-102.03,-22.236,-55.459,-73.928,-18.91
-22.893,-20.941,-6.7345,21.349,-12.801,-12.744,-7.9956,-91.445,-14.982,-51.572,-69.525,-17.475
-23.098,-19.988,-5.5712,21.117,-13.754,-11.348,-3.0517,-82.578,-10.17,-46.377,-65.433,-16.245
-23.256,-19.189,-4.6063,20.906,-14.448,-10.286,-1.5264,-74.784,-4.7564,-40.308,-61.924,-15.209
-23.38,-18.548,-3.8548,20.731,-14.942,-9.4762,0.25043,-66.645,0.83345,-36.029,-59.121,-14.38
-23.473,-18.045,-3.2769,20.595,-15.287,-8.85,4.1848,-57.588,5.7875,-33.456,-57.005,-13.777
-23.532,-17.643,-2.8146,20.484,-15.528,-8.3487,7.8066,-51.049,9.9052,-31.796,-55.47,-13.407
-23.549,-17.291,-2.4049,20.373,-15.701,-7.9207,10.349,-47.06,13.214,-30.625,-54.366,-13.249
-23.518,-16.947,-1.9946,20.239,-15.832,-7.5262,11.996,-44.394,15.776,-29.724,-53.529,-13.252
-23.439,-16.587,-1.5542,20.07,-15.943,-7.1431,13.095,-42.424,17.634,-28.955,-52.813,-13.351
-23.32,-16.206,-1.0831,19.867,-16.043,-6.7666,13.881,-40.856,18.81,-28.224,-52.115,-13.479
-23.176,-15.813,-0.6035,19.639,-16.136,-6.4015,14.485,-39.537,19.32,-27.48,-51.39,-13.584
-23.021,-15.419,-0.14834,19.399,-16.224,-6.0548,14.964,-38.39,19.203,-26.704,-50.65,-13.632
-22.866,-15.029,0.24926,19.154,-16.299,-5.7299,15.336,-37.376,18.524,-25.908,-49.932,-13.614
-22.712,-14.643,0.56213,18.909,-16.352,-5.4263,15.606,-36.476,17.382,-25.115,-49.281,-13.532
-22.551,-14.257,0.77253,18.661,-16.369,-5.1427,15.776,-35.675,15.893,-24.345,-48.72,-13.397
-22.374,-13.872,0.87445,18.409,-16.337,-4.8788,15.862,-34.952,14.18,-23.608,-48.25,-13.219
-22.173,-13.494,0.87344,18.155,-16.254,-4.6379,15.888,-34.284,12.353,-22.904,-47.855,-13.006
-21.946,-13.139,0.78324,17.9,-16.124,-4.4274,15.88,-33.649,10.49,-22.232,-47.509,-12.761
-21.694,-12.819,0.62139,17.648,-15.957,-4.255,15.858,-33.034,8.64,-21.592,-47.187,-12.485
-21.418,-12.537,0.40685,17.393,-15.765,-4.1224,15.837,-32.433,6.8313,-20.987,-46.864,-12.174
-21.114,-12.272,0.1593,17.12,-15.556,-4.0172,15.827,-31.835,5.083,-20.417,-46.516,-11.823
-20.776,-11.984,-0.10174,16.802,-15.34,-3.9151,15.83,-31.227,3.4121,-19.875,-46.128,-11.42
-20.396,-11.633,-0.36001,16.419,-15.12,-3.7891,15.847,-30.599,1.8351,-19.349,-45.701,-10.954
-19.981,-11.198,-0.60793,15.969,-14.895,-3.6258,15.874,-29.939,0.36051,-18.826,-45.25,-10.414
-19.55,-10.705,-0.8502,15.48,-14.663,-3.4361,15.91,-29.238,-0.99114,-18.291,-44.802,-9.7937
-19.136,-10.215,-1.1009,15.005,-14.423,-3.2531,15.954,-28.49,-2.2052,-17.73,-44.371,-9.0934
-18.766,-9.8041,-1.3717,14.602,-14.171,-3.1152,16.009,-27.688,-3.2671,-17.131,-43.956,-8.327
-18.451,-9.5209,-1.6596,14.303,-13.909,-3.0451,16.075,-26.83,-4.1633,-16.489,-43.547,-7.5255
-18.184,-9.3677,-1.942,14.102,-13.643,-3.0362,16.148,-25.918,-4.8812,-15.809,-43.129,-6.7335
-17.943,-9.2979,-2.1831,13.963,-13.386,-3.0567,16.218,-24.965,-5.4087,-15.103,-42.683,-6.0018
-17.704,-9.2375,-2.3509,13.831,-13.15,-3.0653,16.276,-23.984,-5.7353,-14.382,-42.2,-5.3725
-17.445,-9.1122,-2.4353,13.652,-12.944,-3.0296,16.314,-22.987,-5.858,-13.654,-41.666,-4.8659
-17.14,-8.8673,-2.4591,13.378,-12.768,-2.9393,16.331,-21.98,-5.7975,-12.916,-41.078,-4.4792
-16.764,-8.4785,-2.4742,12.978,-12.606,-2.806,16.323,-20.964,-5.5924,-12.162,-40.43,-4.1938
-16.296,-7.955,-2.5442,12.439,-12.434,-2.6577,16.284,-19.935,-5.3045,-11.383,-39.73,-3.9861
-15.721,-7.3378,-2.7223,11.775,-12.219,-2.5296,16.205,-18.888,-5.0067,-10.575,-38.998,-3.8417
-15.04,-6.6921,-3.0305,11.025,-11.937,-2.4534,16.073,-17.823,-4.761,-9.7441,-38.259,-3.7631
-14.272,-6.0877,-3.4473,10.243,-11.575,-2.4441,15.876,-16.739,-4.605,-8.8955,-37.534,-3.7676
-13.452,-5.5692,-3.9117,9.4856,-11.139,-2.4877,15.612,-15.632,-4.529,-8.0254,-36.82,-3.8757
-12.612,-5.1349,-4.344,8.7795,-10.646,-2.5421,15.289,-14.492,-4.4894,-7.1173,-36.107,-4.0999
-11.765,-4.7399,-4.6768,8.1126,-10.121,-2.5565,14.922,-13.297,-4.4275,-6.1461,-35.376,-4.4407
-10.899,-4.3231,-4.8816,7.4381,-9.5866,-2.498,14.524,-12.037,-4.2904,-5.0956,-34.612,-4.8913
-9.9771,-3.8319,-4.9814,6.6917,-9.0529,-2.3628,14.103,-10.705,-4.0459,-3.9619,-33.814,-5.4417
-8.949,-3.2253,-5.0399,5.8079,-8.5196,-2.1677,13.65,-9.2978,-3.6868,-2.7542,-32.991,-6.0766
-7.7629,-2.4568,-5.1326,4.7228,-7.9771,-1.9282,13.143,-7.8152,-3.2205,-1.4875,-32.151,-6.7707
-6.3669,-1.457,-5.3187,3.3688,-7.4112,-1.6407,12.554,-6.2517,-2.6791,-0.17304,-31.29,-7.4875
-4.7087,-0.13942,-5.6196,1.6738,-6.8078,-1.2787,11.856,-4.5942,-2.088,1.1874,-30.403,-8.1845
-2.7431,1.5743,-6.0111,-0.42467,-6.1576,-0.80105,11.027,-2.8204,-1.4628,2.6019,-29.474,-8.821
-0.44823,3.7229,-6.4255,-2.9526,-5.4594,-0.16531,10.061,-0.90243,-0.8028,4.088,-28.492,-9.3637
2.1571,6.2845,-6.7706,-5.8751,-4.7193,0.6585,8.9625,1.186,-0.091108,5.6736,-27.447,-9.7903
5.0137,9.1743,-6.9615,-9.0985,-3.9424,1.6785,7.7427,3.4699,0.69988,7.3922,-26.338,-10.086
8.0503,12.275,-6.9489,-12.499,-3.1212,2.8807,6.4107,5.9621,1.6016,9.2822,-25.17,-10.244
11.21,15.48,-6.729,-15.962,-2.2328,4.2399,4.9627,8.6748,2.644,11.383,-23.947,-10.265
14.456,18.728,-6.3352,-19.399,-1.2474,5.74,3.3815,11.629,3.8589,13.733,-22.674,-10.157
17.744,22.002,-5.8248,-22.749,-0.14559,7.3915,1.6437,14.864,5.264,16.363,-21.356,-9.9236
21.019,25.323,-5.2667,-25.966,1.0677,9.2377,-0.26698,18.434,6.8693,19.3,-19.998,-9.5657
24.218,28.723,-4.7266,-29.034,2.3634,11.339,-2.3463,22.406,8.6784,22.557,-18.595,-9.0713
27.308,32.222,-4.2523,-31.976,3.7044,13.734,-4.5603,26.841,10.692,26.141,-17.131,-8.416
30.297,35.818,-3.861,-34.847,5.0647,16.407,-6.853,31.766,12.913,30.057,-15.588,-7.5674
33.227,39.512,-3.5379,-37.722,6.4388,19.284,-9.1684,37.155,15.347,34.312,-13.95,-6.4953
36.151,43.34,-3.2448,-40.685,7.8384,22.279,-11.472,42.914,18.01,38.929,-12.202,-5.1801
39.128,47.392,-2.9333,-43.843,9.2835,25.338,-13.764,48.91,20.932,43.941,-10.331,-3.6151
42.216,51.82,-2.5591,-47.337,10.799,28.45,-16.079,55.01,24.163,49.359,-8.3221,-1.8058
45.481,56.781,-2.0897,-51.344,12.405,31.625,-18.488,61.116,27.763,55.126,-6.1568,0.23122
49.004,62.357,-1.51,-56.019,14.119,34.864,-21.102,67.166,31.791,61.107,-3.8165,2.4673
52.881,68.458,-0.82462,-61.399,15.947,38.14,-24.069,73.132,36.289,67.147,-1.2842,4.8667
57.197,74.841,-0.049613,-67.333,17.882,41.403,-27.551,79.011,41.27,73.148,1.4523,7.3994
61.984,81.218,0.79738,-73.523,19.891,44.61,-31.635,84.814,46.713,79.09,4.4013,10.057
67.173,87.381,1.7041,-79.648,21.917,47.749,-36.227,90.554,52.568,85,7.5708,12.857
72.587,93.235,2.6661,-85.477,23.89,50.84,-41.049,96.223,58.758,90.919,10.976,15.828
77.99,98.779,3.6862,-90.903,25.756,53.924,-45.8,101.78,65.184,96.871,14.64,18.989
83.174,104.06,4.773,-95.919,27.486,57.049,-50.339,107.17,71.726,102.84,18.595,22.326
88.009,109.12,5.9349,-100.56,29.08,60.249,-54.697,112.3,78.245,108.76,22.862,25.79
92.435,114,7.1675,-104.86,30.549,63.523,-58.99,117.1,84.603,114.54,27.442,29.307
96.437,118.7,8.4346,-108.84,31.908,66.83,-63.34,121.49,90.691,120.07,32.309,32.802
100.03,123.25,9.665,-112.54,33.17,70.097,-67.811,125.45,96.455,125.31,37.426,36.224
103.29,127.71,10.782,-116.08,34.349,73.261,-72.378,128.94,101.91,130.3,42.766,39.572
106.3,132.19,11.752,-119.59,35.457,76.311,-76.933,131.98,107.1,135.11,48.314,42.9
109.19,136.85,12.607,-123.24,36.506,79.321,-81.341,134.62,112.11,139.82,54.058,46.31
112.08,141.83,13.423,-127.19,37.502,82.418,-85.504,136.9,116.97,144.5,59.951,49.91
115.02,147.17,14.273,-131.5,38.445,85.696,-89.395,138.86,121.69,149.2,65.896,53.776
118.03,152.75,15.178,-136.08,39.341,89.127,-93.03,140.53,126.22,153.92,71.753,57.907
121.1,158.27,16.097,-140.71,40.202,92.539,-96.441,141.91,130.51,158.58,77.368,62.212
124.15,163.4,16.96,-145.14,41.044,95.711,-99.648,142.98,134.48,163.08,82.615,66.531
127.09,167.94,17.715,-149.16,41.872,98.499,-102.64,143.7,138.07,167.28,87.415,70.708
129.82,171.85,18.363,-152.7,42.681,100.89,-105.37,144.04,141.27,171.08,91.749,74.631
132.31,175.23,18.947,-155.76,43.448,102.96,-107.8,144.02,144.1,174.47,95.638,78.255
134.52,178.2,19.532,-158.43,44.143,104.82,-109.88,143.63,146.61,177.45,99.129,81.576
136.44,180.87,20.172,-160.75,44.738,106.56,-111.63,142.91,148.84,180.08,102.27,84.605
138.08,183.3,20.901,-162.78,45.215,108.22,-113.07,141.87,150.8,182.42,105.09,87.35
139.45,185.5,21.726,-164.54,45.568,109.82,-114.27,140.55,152.5,184.46,107.61,89.81
140.57,187.48,22.626,-166.05,45.8,111.35,-115.29,138.97,153.91,186.16,109.79,91.986
141.46,189.22,23.557,-167.32,45.922,112.76,-116.18,137.14,154.99,187.5,111.62,93.887
142.12,190.69,24.46,-168.33,45.948,114.02,-116.96,135.08,155.71,188.41,113.07,95.529
142.55,191.86,25.272,-169.08,45.892,115.07,-117.61,132.79,156.02,188.89,114.1,96.934
142.73,192.72,25.954,-169.55,45.762,115.89,-118.08,130.25,155.88,188.95,114.73,98.113
142.64,193.23,26.509,-169.72,45.561,116.47,-118.36,127.46,155.27,188.6,114.96,99.043
142.22,193.36,26.966,-169.53,45.278,116.8,-118.41,124.42,154.19,187.88,114.78,99.66
141.44,193.04,27.358,-168.95,44.905,116.87,-118.25,121.17,152.68,186.82,114.2,99.858
140.28,192.18,27.678,-167.92,44.444,116.63,-117.91,117.72,150.8,185.42,113.2,99.526
138.74,190.71,27.876,-166.42,43.91,116,-117.37,114.12,148.64,183.72,111.75,98.59
136.82,188.61,27.877,-164.4,43.329,114.92,-116.61,110.41,146.26,181.72,109.86,97.044
134.55,185.86,27.621,-161.86,42.722,113.39,-115.49,106.61,143.69,179.42,107.51,94.948
131.93,182.45,27.086,-158.74,42.09,111.4,-113.84,102.75,140.93,176.78,104.72,92.378
128.98,178.31,26.288,-154.96,41.422,108.93,-111.51,98.86,137.94,173.76,101.47,89.391
125.72,173.35,25.258,-150.49,40.698,105.93,-108.41,94.97,134.65,170.32,97.736,85.999
122.18,167.53,24.031,-145.33,39.897,102.35,-104.61,91.116,131.02,166.44,93.494,82.176
118.4,160.9,22.638,-139.65,38.995,98.21,-100.17,87.314,126.97,162.15,88.707,77.876
114.39,153.67,21.117,-133.69,37.959,93.614,-95.18,83.557,122.49,157.5,83.361,73.059
110.11,146.1,19.512,-127.64,36.737,88.704,-89.669,79.802,117.55,152.58,77.476,67.728
105.53,138.39,17.862,-121.6,35.261,83.621,-83.658,75.988,112.14,147.43,71.116,61.948
100.63,130.69,16.186,-115.54,33.472,78.472,-77.188,72.047,106.25,142.07,64.395,55.84
95.436,123.01,14.484,-109.39,31.334,73.317,-70.324,67.931,99.865,136.43,57.454,49.54
90,115.36,12.747,-103.1,28.848,68.192,-63.131,63.629,92.998,130.47,50.438,43.167
84.363,107.67,10.983,-96.584,26.045,63.125,-55.631,59.189,85.682,124.21,43.475,36.824
78.499,99.873,9.2395,-89.775,22.974,58.153,-47.791,54.705,78.007,117.64,36.653,30.603
72.321,91.846,7.5882,-82.597,19.701,53.301,-39.589,50.275,70.113,110.77,30.032,24.58
65.741,83.491,6.0856,-75.034,16.317,48.562,-31.167,45.957,62.166,103.58,23.644,18.818
58.742,74.85,4.7354,-67.206,12.952,43.901,-22.932,41.736,54.32,96.039,17.512,13.388
51.426,66.192,3.4961,-59.373,9.7407,39.286,-15.39,37.541,46.681,88.113,11.66,8.3767
43.973,57.858,2.3179,-51.785,6.7911,34.688,-8.8418,33.277,39.306,79.807,6.1217,3.8492
36.565,50.027,1.1718,-44.524,4.1586,30.078,-3.2776,28.883,32.219,71.15,0.94079,-0.17752
29.327,42.66,0.056238,-37.527,1.8497,25.439,1.4827,24.356,25.439,62.19,-3.8415,-3.7306
22.31,35.595,-1.011,-30.68,-0.16267,20.786,5.5649,19.758,18.993,53.007,-8.1987,-6.856
15.5,28.639,-2.0063,-23.868,-1.922,16.183,8.9762,15.189,12.913,43.759,-12.124,-9.5957
8.8695,21.642,-2.9126,-16.994,-3.4731,11.75,11.709,10.755,7.2274,34.751,-15.628,-11.982
2.5181,14.619,-3.7275,-10.067,-4.8514,7.6538,13.819,6.5414,1.9455,26.392,-18.732,-14.045
-3.2263,7.8398,-4.4668,-3.3473,-6.0785,4.0526,15.416,2.6007,-2.9448,19.004,-21.463,-15.821
-7.9882,1.7113,-5.1591,2.6835,-7.1642,1.0184,16.616,-1.0498,-7.4768,12.65,-23.849,-17.349
-11.651,-3.464,-5.8328,7.6216,-8.1142,-1.4821,17.518,-4.4172,-11.699,7.1962,-25.921,-18.669
-14.381,-7.6148,-6.4996,11.386,-8.9398,-3.5347,18.198,-7.5227,-15.665,2.4745,-27.708,-19.814
-16.438,-10.851,-7.141,14.165,-9.6642,-5.2229,18.706,-10.395,-19.425,-1.629,-29.242,-20.812
-18.048,-13.355,-7.7067,16.228,-10.323,-6.6054,19.077,-13.068,-23.021,-5.1825,-30.561,-21.69
-19.37,-15.304,-8.129,17.806,-10.956,-7.7177,19.33,-15.578,-26.489,-8.2469,-31.706,-22.487
-20.499,-16.832,-8.3492,19.051,-11.591,-8.5841,19.479,-17.959,-29.853,-10.89,-32.72,-23.244
-21.478,-18.029,-8.347,20.049,-12.233,-9.2295,19.531,-20.232,-33.13,-13.182,-33.632,-23.996
-22.323,-18.957,-8.152,20.848,-12.863,-9.6876,19.498,-22.406,-36.319,-15.179,-34.45,-24.756
-23.044,-19.67,-7.8313,21.486,-13.457,-10.001,19.39,-24.475,-39.396,-16.924,-35.167,-25.509
-23.657,-20.229,-7.4585,22.006,-14,-10.218,19.223,-26.424,-42.319,-18.441,-35.761,-26.221
-24.195,-20.696,-7.0792,22.454,-14.498,-10.383,19.014,-28.239,-45.035,-19.74,-36.209,-26.849
-24.692,-21.121,-6.6922,22.87,-14.975,-10.517,18.778,-29.911,-47.493,-20.829,-36.493,-27.359
-25.177,-21.523,-6.2566,23.275,-15.462,-10.614,18.529,-31.437,-49.654,-21.717,-36.607,-27.728
-25.664,-21.897,-5.7215,23.674,-15.979,-10.652,18.281,-32.827,-51.494,-22.419,-36.555,-27.958
-26.145,-22.222,-5.0595,24.053,-16.528,-10.611,18.043,-34.089,-53.006,-22.958,-36.342,-28.069
-26.595,-22.478,-4.285,24.39,-17.085,-10.485,17.824,-35.238,-54.206,-23.361,-35.98,-28.096
-26.992,-22.655,-3.4532,24.667,-17.614,-10.292,17.63,-36.285,-55.128,-23.656,-35.489,-28.082
-27.319,-22.756,-2.643,24.874,-18.081,-10.063,17.461,-37.241,-55.827,-23.872,-34.898,-28.064
-27.569,-22.798,-1.9332,25.015,-18.461,-9.8386,17.315,-38.116,-56.358,-24.038,-34.247,-28.058
-27.747,-22.802,-1.3775,25.102,-18.751,-9.6535,17.193,-38.915,-56.758,-24.176,-33.573,-28.059
-27.862,-22.784,-0.98651,25.148,-18.959,-9.5189,17.098,-39.639,-57.021,-24.297,-32.9,-28.035
-27.922,-22.735,-0.72567,25.154,-19.104,-9.4156,17.036,-40.278,-57.106,-24.394,-32.224,-27.936
-27.925,-22.624,-0.53161,25.111,-19.2,-9.3002,17.017,-40.819,-56.949,-24.448,-31.519,-27.71
-27.866,-22.413,-0.34078,24.997,-19.252,-9.1245,17.047,-41.249,-56.497,-24.431,-30.744,-27.324
-27.734,-22.079,-0.1173,24.797,-19.251,-8.8584,17.123,-41.561,-55.732,-24.322,-29.862,-26.774
-27.52,-21.627,0.13329,24.506,-19.18,-8.5041,17.234,-41.756,-54.675,-24.113,-28.847,-26.083
-27.226,-21.094,0.37308,24.139,-19.025,-8.0942,17.365,-41.836,-53.372,-23.807,-27.696,-25.288
-26.864,-20.539,0.56074,23.728,-18.787,-7.6758,17.503,-41.809,-51.883,-23.412,-26.421,-24.424
-26.457,-20.008,0.6831,23.31,-18.486,-7.2863,17.633,-41.682,-50.262,-22.936,-25.05,-23.517
-26.027,-19.515,0.77021,22.903,-18.155,-6.9344,17.748,-41.464,-48.554,-22.385,-23.618,-22.58
-25.584,-19.03,0.88523,22.5,-17.832,-6.591,17.842,-41.166,-46.793,-21.768,-22.16,-21.618
-25.127,-18.492,1.0939,22.068,-17.542,-6.205,17.912,-40.799,-45.003,-21.099,-20.709,-20.629
-24.652,-17.838,1.4298,21.572,-17.294,-5.734,17.956,-40.376,-43.207,-20.398,-19.294,-19.616
-24.153,-17.045,1.8743,20.992,-17.083,-5.1691,17.974,-39.911,-41.43,-19.686,-17.942,-18.597
-23.64,-16.145,2.3613,20.338,-16.888,-4.5451,17.961,-39.418,-39.699,-18.989,-16.678,-17.599
-23.128,-15.218,2.8044,19.656,-16.69,-3.9288,17.912,-38.904,-38.042,-18.324,-15.518,-16.659
-22.639,-14.365,3.1349,19.011,-16.478,-3.3917,17.826,-38.372,-36.475,-17.704,-14.467,-15.809
-22.201,-13.665,3.3321,18.465,-16.255,-2.9786,17.699,-37.815,-34.994,-17.131,-13.507,-15.061
-21.843,-13.151,3.4314,18.053,-16.037,-2.6893,17.537,-37.224,-33.58,-16.596,-12.605,-14.407
-21.581,-12.799,3.5035,17.774,-15.849,-2.4837,17.346,-36.585,-32.205,-16.078,-11.708,-13.821
-21.407,-12.548,3.6146,17.593,-15.705,-2.3072,17.139,-35.89,-30.842,-15.546,-10.761,-13.273
-21.292,-12.334,3.7882,17.459,-15.603,-2.1233,16.926,-35.132,-29.476,-14.974,-9.7249,-12.746
-21.19,-12.122,3.9873,17.331,-15.518,-1.9345,16.717,-34.318,-28.115,-14.35,-8.5924,-12.242
-21.066,-11.922,4.1266,17.19,-15.416,-1.7829,16.51,-33.462,-26.784,-13.69,-7.3964,-11.788
-20.901,-11.778,4.1103,17.049,-15.267,-1.7287,16.293,-32.589,-25.516,-13.036,-6.201,-11.424
-20.702,-11.742,3.8792,16.934,-15.056,-1.8182,16.047,-31.726,-24.338,-12.436,-5.0789,-11.188
-20.492,-11.841,3.4427,16.87,-14.788,-2.057,15.757,-30.894,-23.264,-11.928,-4.0862,-11.096
-20.289,-12.055,2.8739,16.86,-14.478,-2.4026,15.419,-30.109,-22.289,-11.526,-3.2447,-11.144
-20.096,-12.321,2.2734,16.877,-14.145,-2.7826,15.042,-29.372,-21.404,-11.218,-2.5404,-11.312
-19.903,-12.567,1.7226,16.88,-13.801,-3.1277,14.645,-28.682,-20.598,-10.98,-1.9334,-11.575
-19.69,-12.748,1.2509,16.842,-13.446,-3.4031,14.25,-28.032,-19.868,-10.784,-1.3725,-11.906
-19.449,-12.868,0.82997,16.759,-13.076,-3.621,13.877,-27.412,-19.209,-10.6,-0.80673,-12.284
-19.188,-12.967,0.39478,16.656,-12.68,-3.8276,13.537,-26.809,-18.611,-10.4,-0.19477,-12.685
-18.923,-13.093,-0.11702,16.564,-12.257,-4.0729,13.23,-26.211,-18.063,-10.161,0.48685,-13.084
-18.681,-13.272,-0.72931,16.508,-11.812,-4.3803,12.945,-25.608,-17.552,-9.8661,1.2394,-13.451
-18.485,-13.499,-1.4145,16.498,-11.371,-4.7356,12.66,-25.004,-17.074,-9.5161,2.0445,-13.761
-18.351,-13.746,-2.1073,16.532,-10.966,-5.0987,12.355,-24.413,-16.636,-9.1275,2.8762,-13.991
-18.282,-13.978,-2.7316,16.594,-10.627,-5.4249,12.014,-23.856,-16.251,-8.7268,3.7162,-14.134
-18.259,-14.161,-3.2263,16.664,-10.361,-5.6826,11.637,-23.356,-15.924,-8.3405,4.5631,-14.192
-18.248,-14.28,-3.563,16.714,-10.152,-5.8617,11.23,-22.922,-15.654,-7.9893,5.4277,-14.176
-18.209,-14.333,-3.7513,16.723,-9.9634,-5.9746,10.8,-22.556,-15.43,-7.6899,6.3207,-14.104
-18.117,-14.342,-3.8294,16.682,-9.7638,-6.052,10.345,-22.25,-15.245,-7.4588,7.2406,-13.992
-17.975,-14.348,-3.8448,16.612,-9.5407,-6.1337,9.8515,-21.998,-15.097,-7.3131,8.1692,-13.851
-17.819,-14.398,-3.8345,16.549,-9.3086,-6.2531,9.2934,-21.793,-14.995,-7.2664,9.0757,-13.691
-17.695,-14.513,-3.8158,16.528,-9.1021,-6.4208,8.6479,-21.632,-14.954,-7.3224,9.9271,-13.517
-17.632,-14.676,-3.7892,16.559,-8.9579,-6.6171,7.9088,-21.506,-14.986,-7.4708,10.701,-13.332
-17.627,-14.832,-3.7487,16.613,-8.8958,-6.7991,7.0962,-21.402,-15.09,-7.691,11.391,-13.133
-17.642,-14.911,-3.6932,16.639,-8.9074,-6.9217,6.2528,-21.308,-15.259,-7.9608,12.01,-12.912
-17.63,-14.867,-3.634,16.592,-8.9613,-6.9616,5.4266,-21.221,-15.474,-8.2669,12.581,-12.657
-17.559,-14.703,-3.5955,16.458,-9.0158,-6.9308,4.648,-21.146,-15.714,-8.61,13.128,-12.364
-17.425,-14.47,-3.605,16.261,-9.0323,-6.8712,3.9152,-21.1,-15.963,-9.002,13.664,-12.037
-17.24,-14.24,-3.6777,16.046,-8.9832,-6.8326,3.1972,-21.1,-16.213,-9.4603,14.187,-11.695
-17.019,-14.075,-3.8032,15.854,-8.853,-6.8481,2.4508,-21.158,-16.468,-10,14.674,-11.367
-16.767,-14,-3.9452,15.703,-8.6368,-6.9194,1.6435,-21.28,-16.742,-10.627,15.097,-11.085
-16.476,-14,-4.0558,15.585,-8.336,-7.0205,0.77269,-21.458,-17.047,-11.332,15.444,-10.874
-16.13,-14.032,-4.0965,15.468,-7.953,-7.1154,-0.12326,-21.671,-17.382,-12.087,15.727,-10.738
-15.705,-14.045,-4.0589,15.318,-7.4863,-7.1786,-0.96738,-21.877,-17.724,-12.847,15.993,-10.655
-15.18,-14.003,-3.9765,15.103,-6.9295,-7.2057,-1.6598,-22.025,-18.033,-13.557,16.303,-10.582
-14.536,-13.888,-3.9184,14.801,-6.2765,-7.2118,-2.1036,-22.058,-18.256,-14.165,16.71,-10.459
-13.765,-13.694,-3.9652,14.398,-5.5328,-7.218,-2.2271,-21.929,-18.34,-14.628,17.243,-10.232
-12.867,-13.411,-4.1774,13.881,-4.726,-7.2348,-1.993,-21.604,-18.245,-14.913,17.907,-9.8636
-11.843,-13.018,-4.5725,13.229,-3.9064,-7.25,-1.3907,-21.063,-17.941,-14.996,18.696,-9.3352
-10.687,-12.466,-5.1151,12.403,-3.1295,-7.2242,-0.4242,-20.296,-17.401,-14.851,19.613,-8.6486
-9.3728,-11.681,-5.7252,11.337,-2.4332,-7.0975,0.88948,-19.291,-16.599,-14.445,20.679,-7.8141
-7.8568,-10.571,-6.2982,9.9493,-1.8264,-6.8012,2.5063,-18.037,-15.513,-13.746,21.935,-6.8395
-6.0956,-9.0396,-6.7262,8.1545,-1.2953,-6.2745,4.3396,-16.517,-14.131,-12.73,23.419,-5.7223
-4.0787,-7.0251,-6.9175,5.9054,-0.81967,-5.4773,6.2741,-14.718,-12.458,-11.398,25.146,-4.4506
-1.8523,-4.5374,-6.8126,3.2307,-0.38178,-4.3997,8.2153,-12.638,-10.53,-9.7845,27.085,-3.0115
0.49525,-1.6872,-6.3936,0.26509,0.026114,-3.0685,10.126,-10.289,-8.4061,-7.9645,29.161,-1.3948
2.8592,1.3373,-5.6737,-2.7942,0.41755,-1.5439,12.009,-7.7082,-6.1588,-6.0346,31.272,0.392
5.1762,4.3558,-4.6772,-5.7782,0.81174,0.10114,13.866,-4.9501,-3.8599,-4.0895,33.318,2.3339
7.4536,7.2893,-3.4314,-8.6286,1.2287,1.8157,15.674,-2.0868,-1.5627,-2.1933,35.235,4.4172
9.76,10.194,-1.9786,-11.411,1.6842,3.5933,17.382,0.80457,0.70309,-0.36241,37.01,6.6306
12.177,13.19,-0.39472,-14.247,2.1935,5.4579,18.924,3.654,2.9252,1.4284,38.683,8.9512
14.766,16.373,1.2047,-17.237,2.7852,7.4189,20.225,6.4058,5.0964,3.2215,40.319,11.351
17.53,19.749,2.6758,-20.399,3.5092,9.4352,21.227,9.0156,7.2039,5.0471,41.977,13.79
20.405,23.229,3.887,-23.652,4.4198,11.424,21.892,11.44,9.2261,6.9006,43.674,16.216
23.275,26.667,4.7658,-26.853,5.531,13.312,22.212,13.626,11.132,8.734,45.367,18.569
26.006,29.93,5.316,-29.856,6.78,15.067,22.202,15.514,12.886,10.461,46.96,20.786
28.497,32.913,5.5896,-32.556,8.0492,16.696,21.882,17.039,14.448,11.977,48.32,22.806
30.705,35.556,5.6495,-34.909,9.2376,18.205,21.265,18.145,15.78,13.189,49.307,24.583
32.66,37.833,5.5407,-36.929,10.324,19.571,20.344,18.781,16.85,14.04,49.793,26.096
34.439,39.746,5.2734,-38.657,11.371,20.731,19.098,18.911,17.639,14.522,49.687,27.341
36.128,41.317,4.8338,-40.147,12.489,21.612,17.508,18.509,18.125,14.669,48.945,28.317
37.775,42.58,4.2174,-41.443,13.776,22.161,15.574,17.567,18.293,14.523,47.584,29.017
39.372,43.566,3.4504,-42.572,15.283,22.355,13.331,16.118,18.146,14.121,45.691,29.423
40.887,44.302,2.5846,-43.546,17.016,22.198,10.848,14.218,17.716,13.488,43.405,29.529
42.316,44.804,1.6799,-44.371,18.945,21.713,8.2008,11.961,17.075,12.662,40.898,29.355
43.705,45.091,0.79392,-45.065,21.009,20.937,5.4517,9.4635,16.319,11.709,38.338,28.952
45.116,45.201,-0.026068,-45.661,23.117,19.925,2.6459,6.8527,15.534,10.718,35.866,28.386
46.589,45.188,-0.75498,-46.196,25.162,18.757,-0.15761,4.2475,14.799,9.7753,33.568,27.725
48.102,45.101,-1.4104,-46.688,27.063,17.517,-2.8702,1.7521,14.14,8.9433,31.473,27.018
49.563,44.949,-2.0617,-47.123,28.806,16.272,-5.3789,-0.55895,13.553,8.2433,29.558,26.278
50.822,44.682,-2.8239,-47.462,30.423,15.04,-7.5694,-2.6142,13.016,7.656,27.76,25.493
51.774,44.213,-3.8111,-47.69,31.949,13.787,-9.3667,-4.3795,12.505,7.1305,26.002,24.639
52.542,43.444,-5.0666,-47.852,33.403,12.467,-10.752,-5.8524,12.001,6.5916,24.209,23.676
53.617,42.286,-6.5366,-48.015,34.794,11.052,-11.758,-7.0646,11.487,5.969,22.321,22.552
55.502,40.656,-8.1213,-48.142,36.164,9.5419,-12.453,-8.0805,10.927,5.1941,20.301,21.206
57.944,38.481,-9.7194,-48.005,37.57,7.9319,-12.912,-8.9853,10.284,4.2203,18.134,19.569
59.83,35.699,-11.223,-47.243,38.909,6.2186,-13.204,-9.8643,9.5239,3.0379,15.826,17.59
59.981,32.289,-12.5,-45.502,39.74,4.4123,-13.377,-10.777,8.6241,1.6785,13.404,15.266
57.771,28.295,-13.401,-42.571,39.44,2.5569,-13.451,-11.74,7.5867,0.20478,10.924,12.665
53.186,23.821,-13.807,-38.448,37.597,0.72354,-13.426,-12.739,6.4358,-1.312,8.4658,9.922
46.666,19.004,-13.667,-33.316,34.203,-1.0158,-13.297,-13.726,5.2013,-2.8176,6.1124,7.2037
38.891,13.979,-13.027,-27.456,29.589,-2.6247,-13.062,-14.663,3.919,-4.2953,3.9284,4.6576
30.559,8.8731,-12.02,-21.154,24.239,-4.1052,-12.739,-15.527,2.6121,-5.7563,1.937,2.3745
22.218,3.8093,-10.831,-14.656,18.64,-5.4828,-12.366,-16.337,1.2862,-7.2292,0.10537,0.37494
14.227,-1.0688,-9.67,-8.1637,13.251,-6.783,-11.987,-17.119,-0.068601,-8.743,-1.6365,-1.3825
6.8303,-5.5911,-8.7334,-1.874,8.4904,-8.0159,-11.652,-17.91,-1.4697,-10.313,-3.3756,-2.9772
0.19302,-9.5894,-8.1542,3.9862,4.6335,-9.1718,-11.396,-18.733,-2.9292,-11.936,-5.1808,-4.4924
-5.611,-12.941,-7.9376,9.1461,1.7013,-10.225,-11.223,-19.591,-4.4339,-13.59,-7.0898,-5.9834
-10.585,-15.595,-7.9596,13.333,-0.55002,-11.139,-11.112,-20.462,-5.9657,-15.233,-9.0992,-7.4607
-14.663,-17.566,-8.0523,16.383,-2.4848,-11.879,-11.021,-21.314,-7.4821,-16.816,-11.177,-8.8941
-17.652,-18.93,-8.1016,18.362,-4.3427,-12.423,-10.902,-22.107,-8.9388,-18.292,-13.28,-10.231
-19.547,-19.807,-8.0605,19.536,-6.0696,-12.77,-10.727,-22.833,-10.302,-19.626,-15.37,-11.419
-20.646,-20.334,-7.908,20.207,-7.4767,-12.949,-10.498,-23.486,-11.552,-20.794,-17.419,-12.42
-21.264,-20.635,-7.6249,20.59,-8.4896,-13.001,-10.235,-24.065,-12.679,-21.777,-19.405,-13.223
-21.586,-20.8,-7.1928,20.801,-9.1558,-12.963,-9.9628,-24.561,-13.666,-22.569,-21.309,-13.835
-21.71,-20.872,-6.5989,20.899,-9.5637,-12.851,-9.6865,-24.951,-14.48,-23.164,-23.108,-14.276
-21.701,-20.858,-5.8425,20.908,-9.8075,-12.653,-9.3681,-25.192,-15.079,-23.562,-24.782,-14.569
-21.617,-20.736,-4.9447,20.842,-9.9795,-12.342,-8.9129,-25.223,-15.421,-23.764,-26.318,-14.729
-21.526,-20.489,-3.9606,20.721,-10.173,-11.895,-8.1634,-24.968,-15.47,-23.784,-27.724,-14.776
-21.511,-20.125,-2.9722,20.584,-10.476,-11.315,-6.9,-24.331,-15.212,-23.642,-29.029,-14.736
-21.658,-19.685,-2.0504,20.493,-10.95,-10.63,-4.8746,-23.192,-14.648,-23.369,-30.289,-14.659
-22.02,-19.236,-1.2122,20.509,-11.593,-9.8873,-1.9875,-21.39,-13.777,-22.991,-31.57,-14.602
-22.571,-18.851,-0.41699,20.674,-12.315,-9.1404,1.1146,-18.681,-12.566,-22.503,-32.924,-14.623
-23.211,-18.594,0.3671,20.985,-12.965,-8.4461,2.0447,-14.691,-10.904,-21.847,-34.359,-14.757
-23.811,-18.5,1.1094,21.397,-13.404,-7.8665,-2.6715,-9.1602,-8.5605,-20.876,-35.812,-15.004
-24.297,-18.553,1.8394,21.834,-13.655,-7.4458,-8.1922,-4.9387,-5.1261,-19.302,-37.109,-15.311
-24.695,-18.662,2.7366,22.207,-13.962,-7.1552,-9.3789,-15.753,0.053904,-16.588,-37.927,-15.561
-25.072,-18.649,3.9673,22.405,-14.574,-6.8447,-8.417,-21.121,7.3434,-11.927,-37.772,-15.553
-25.375,-18.207,5.689,22.245,-15.52,-6.2306,-4.6438,-15.433,5.5018,-10.641,-35.987,-14.976
-25.359,-16.739,8.2852,21.356,-16.784,-4.8127,3.6601,-4.9025,-1.403,-13.208,-31.759,-13.321
-25.138,-13.075,12.338,19.311,-18.449,-1.5073,18.27,11.7,3.9458,-11.508,-26.09,-9.4866
-32.452,-20.193,20.123,27.509,-20.462,-1.9764,40.677,35.693,11.987,-9.9293,-36.658,-5.9073
-51.178,-26.606,27.276,38.725,-22.493,-0.3774,71.259,68.691,23.101,-7.5154,-42.945,-12.594
-65.123,-33.479,32.416,48.692,-24.022,-0.18882,106.59,110.16,38.896,-2.076,-48.429,-17.638
-74.953,-41.061,34.139,56.955,-24.48,-1.3076,140.7,161.58,63.478,9.7039,-50.882,-22.45
-76.913,-46.341,30.903,60.063,-23.784,-4.1721,171.9,230.43,103.47,32.565,-47.256,-24.792
-67.961,-44.867,23.763,54.463,-22.676,-7.8233,202.12,324.29,162.84,73.236,-33.28,-21.541
-46.828,-30.67,16.645,36.589,-21.589,-6.4771,234.51,446.79,251.41,139.73,-2.6013,-9.4714
-14.05,4.3481,15.069,2.619,-14.366,9.43,273.69,604.95,386.05,240.08,52.681,16.403
29.712,68.882,28.357,-51.221,-3.8355,49.352,323.58,801.42,560.53,376.37,140.01,64.082
83.592,168.84,73.949,-127.3,0.10037,121.18,383.69,1030.6,776.54,550.59,263.68,141.32
146.68,303.72,146.65,-225.11,-2.2495,224.04,447.17,1278,1029.8,758.9,418.95,245.94
217.85,463.38,233.75,-339.67,-8.4229,347.25,501.55,1519.2,1302.6,987.67,594.9,368.1
293.96,629.34,322,-460.68,-13.026,474.4,531.31,1721.3,1563.7,1211.5,773.81,497.92
368.18,775.53,392.27,-572.2,-9.848,582.94,522.16,1844.7,1769.8,1394.5,929.41,617.74
430.16,873.55,427.07,-654.85,4.102,649.92,466.22,1848.6,1872.1,1496.4,1031.8,706.89
468.21,900.36,415.88,-690.5,26.972,658.39,364.54,1700.8,1829.9,1483.4,1055.1,746.93
472.7,846.24,359.01,-668.28,54.963,603.46,226.79,1389.6,1624.4,1340.4,986.73,727.58
439.57,719.63,268.49,-589.41,82.506,495.29,69.054,933.18,1270.1,1079,832.6,650.92
372.46,545.38,164.77,-467.76,99.481,356.56,-89.805,380.96,814.21,736.83,617.28,531.43
281.57,356.62,70.162,-325.37,100.28,215.03,-232.04,-195.55,324.96,367.4,376.39,391.2
180.04,183.97,1.6809,-185.18,83.202,94.574,-344.31,-720,-127.72,24.2,145.77,252.7
80.42,47.402,-33.293,-64.634,50.889,8.5399,-419.83,-1130.4,-489.97,-252.92,-47.992,132.56
-7.2157,-46.833,-38.034,27.383,10.001,-40.634,-459.33,-1393.6,-734.77,-444.95,-191.82,38.968
-75.212,-94.564,-23.346,86.941,-30.541,-56.648,-470.37,-1510,-862.99,-553.21,-285.11,-27.395
-119.48,-111.09,-3.0333,117.68,-62.03,-57.109,-464.86,-1507.6,-896.21,-593,-335.67,-70.269
-139.85,-111.1,11.857,126.62,-78.323,-52.45,-455.27,-1428.3,-865.64,-585.43,-354.73,-94.941
-138.27,-103.15,15.361,119.83,-77.661,-48.788,-450.5,-1313.6,-802.02,-550.77,-352.96,-106.42
-119.12,-93.275,6.228,103.85,-62.93,-48.628,-453.55,-1194.3,-729,-505.06,-339.11,-109.26
-89.854,-84.973,-12.656,85.35,-39.858,-51.777,-461.51,-1086.9,-660.8,-458.75,-319.96,-107.78
-58.668,-79.678,-35.663,68.962,-14.188,-56.527,-468.01,-995.1,-602.85,-417.09,-299.78,-105.01
-31.863,-72.849,-57.798,55.38,9.5075,-60.843,-466.55,-914.4,-553.85,-381.12,-280.56,-101.69
-16.784,-53.179,-73.24,38.137,26.203,-61.239,-453.28,-836.67,-508.3,-348.99,-263.51,-81.215
-13.836,-53.046,-82.792,35.297,33.577,-64.483,-427.55,-757.34,-461.22,-316.59,-247.61,-62.847
-11.545,-53.367,-85.586,35.476,35.493,-64.634,-389.84,-675.61,-412.22,-283.3,-230.98,-61.104
-12.85,-50.564,-81.71,34.219,32.492,-62.016,-342.23,-591.22,-362.33,-249.56,-216.6,-60.012
-17.163,-46.064,-73.623,31.591,25.447,-57.843,-288.81,-506.79,-312.58,-215.24,-203.11,-57.141
-21.097,-41.583,-63.226,28.876,15.35,-53.036,-234.18,-425.77,-266.52,-181.49,-189.87,-52.969
-22.349,-38.01,-52.045,26.95,5.5457,-47.926,-182.29,-351.47,-223.58,-150.1,-176.44,-48.194
-22.419,-35.379,-41.236,25.74,0.94356,-42.614,-136.27,-286.34,-185.42,-122.55,-162.58,-43.413
-22.385,-33.391,-31.949,24.977,-0.65261,-37.387,-98.077,-231.25,-153.91,-100.23,-148.47,-39.004
-22.483,-31.733,-25.531,24.485,-2.3869,-32.655,-68.59,-187.18,-128.85,-83.586,-134.71,-35.104
-22.741,-30.179,-21.388,24.154,-4.5327,-28.607,-47.438,-154.28,-109.74,-71.891,-122.1,-31.686
-23.118,-28.618,-17.982,23.913,-6.7742,-25.099,-32.612,-130.53,-95.922,-63.907,-111.42,-28.685
-23.54,-27.057,-14.716,23.712,-8.9857,-21.875,-21.95,-113.26,-86.845,-58.351,-103.23,-26.058
-23.939,-25.582,-11.667,23.519,-11.047,-18.891,-13.892,-100.16,-82.801,-54.077,-97.537,-23.784
-24.266,-24.283,-9.1055,23.321,-12.775,-16.355,-7.4878,-89.612,-82.018,-49.679,-93.511,-21.843
-24.493,-23.211,-7.1554,23.117,-14.058,-14.414,-3.2061,-80.7,-77.547,-42.917,-90.084,-20.2
-24.613,-22.367,-5.8096,22.915,-14.901,-13.02,-2.7943,-72.74,-69.012,-35.939,-86.737,-18.818
-24.634,-21.718,-5.003,22.719,-15.382,-12.047,-0.51674,-64.075,-60.829,-31.563,-83.504,-17.659
-24.578,-21.218,-4.6171,22.531,-15.596,-11.376,3.3253,-55.294,-54.595,-28.848,-80.56,-16.682
-24.462,-20.819,-4.5262,22.345,-15.632,-10.914,6.8701,-49.355,-50.06,-26.969,-77.991,-15.836
-24.301,-20.481,-4.6236,22.154,-15.559,-10.59,9.5319,-45.517,-46.693,-25.569,-75.767,-15.062
-24.098,-20.177,-4.8362,21.951,-15.421,-10.362,11.412,-42.719,-44.065,-24.462,-73.805,-14.308
-23.856,-19.892,-5.1288,21.73,-15.237,-10.208,12.784,-40.467,-41.88,-23.529,-72.016,-13.54
-23.579,-19.624,-5.4917,21.491,-15.011,-10.117,13.844,-38.535,-39.95,-22.69,-70.339,-12.748
-23.283,-19.382,-5.9201,21.247,-14.749,-10.088,14.7,-36.82,-38.175,-21.893,-68.737,-11.946
-22.992,-19.182,-6.395,21.019,-14.461,-10.116,15.402,-35.279,-36.513,-21.111,-67.193,-11.151
-22.732,-19.04,-6.882,20.83,-14.163,-10.192,15.978,-33.9,-34.964,-20.337,-65.7,-10.384
-22.524,-18.96,-7.3407,20.693,-13.875,-10.302,16.438,-32.684,-33.548,-19.577,-64.253,-9.661
-22.367,-18.927,-7.7339,20.604,-13.616,-10.421,16.79,-31.629,-32.282,-18.846,-62.839,-8.9965
-22.248,-18.913,-8.0279,20.542,-13.402,-10.515,17.042,-30.722,-31.161,-18.159,-61.438,-8.4024
-22.144,-18.88,-8.1985,20.477,-13.244,-10.559,17.203,-29.93,-30.157,-17.527,-60.028,-7.8815
-22.036,-18.802,-8.2403,20.386,-13.146,-10.538,17.283,-29.213,-29.229,-16.952,-58.598,-7.4292
-21.916,-18.668,-8.1725,20.258,-13.1,-10.459,17.29,-28.538,-28.339,-16.432,-57.153,-7.0398
-21.789,-18.482,-8.0318,20.095,-13.099,-10.34,17.23,-27.886,-27.464,-15.957,-55.711,-6.7138
-21.666,-18.259,-7.8598,19.912,-13.136,-10.2,17.108,-27.256,-26.605,-15.521,-54.298,-6.4598
-21.559,-18.015,-7.6924,19.727,-13.205,-10.054,16.93,-26.666,-25.786,-15.122,-52.938,-6.2915
-21.474,-17.768,-7.5517,19.555,-13.291,-9.9115,16.702,-26.134,-25.04,-14.755,-51.637,-6.2214
-21.398,-17.529,-7.4466,19.4,-13.373,-9.7737,16.433,-25.671,-24.387,-14.414,-50.385,-6.2561
-21.305,-17.297,-7.3747,19.25,-13.423,-9.6366,16.135,-25.273,-23.831,-14.09,-49.164,-6.3907
-21.159,-17.055,-7.3213,19.075,-13.419,-9.4874,15.823,-24.917,-23.357,-13.77,-47.952,-6.609
-20.925,-16.769,-7.259,18.84,-13.352,-9.3061,15.517,-24.569,-22.93,-13.433,-46.726,-6.8782
-20.583,-16.406,-7.1575,18.514,-13.224,-9.0733,15.239,-24.186,-22.515,-13.062,-45.459,-7.1484
-20.128,-15.942,-6.9991,18.081,-13.049,-8.7812,15.009,-23.735,-22.072,-12.634,-44.127,-7.3594
-19.572,-15.373,-6.7931,17.541,-12.843,-8.4386,14.839,-23.199,-21.575,-12.134,-42.7,-7.454
-18.941,-14.717,-6.5778,16.915,-12.616,-8.0676,14.731,-22.572,-21.011,-11.551,-41.166,-7.3874
-18.266,-14.004,-6.4079,16.233,-12.371,-7.6937,14.672,-21.864,-20.385,-10.891,-39.527,-7.1395
-17.577,-13.27,-6.3324,15.528,-12.098,-7.3376,14.646,-21.091,-19.712,-10.173,-37.803,-6.7171
-16.891,-12.542,-6.3721,14.822,-11.783,-7.0051,14.635,-20.273,-19.006,-9.4222,-36.025,-6.1479
-16.203,-11.822,-6.5093,14.118,-11.414,-6.6826,14.625,-19.42,-18.273,-8.6643,-34.222,-5.4678
-15.489,-11.077,-6.6911,13.39,-10.99,-6.3409,14.609,-18.534,-17.512,-7.9099,-32.417,-4.7088
-14.702,-10.248,-6.8486,12.588,-10.521,-5.9454,14.585,-17.598,-16.716,-7.1549,-30.623,-3.8919
-13.795,-9.2764,-6.921,11.657,-10.024,-5.4713,14.551,-16.598,-15.883,-6.3852,-28.844,-3.0223
-12.732,-8.1236,-6.8785,10.552,-9.5182,-4.9153,14.503,-15.509,-15.015,-5.5823,-27.077,-2.0872
-11.496,-6.7844,-6.7308,9.2483,-9.0147,-4.2957,14.433,-14.31,-14.116,-4.7299,-25.313,-1.0586
-10.094,-5.2814,-6.5191,7.7483,-8.5164,-3.642,14.327,-12.984,-13.196,-3.8132,-23.539,0.096304
-8.5559,-3.6521,-6.2946,6.0715,-8.0247,-2.9818,14.165,-11.531,-12.258,-2.8219,-21.738,1.3993
-6.9268,-1.9321,-6.0956,4.2481,-7.5441,-2.3281,13.922,-9.9603,-11.299,-1.7476,-19.894,2.8468
-5.257,-0.141,-5.9344,2.3092,-7.0819,-1.6744,13.572,-8.2866,-10.313,-0.58053,-17.984,4.4041
-3.5815,1.723,-5.7963,0.27838,-6.6417,-0.99691,13.093,-6.5244,-9.2891,0.69198,-15.986,6.0128
-1.9049,3.6766,-5.6492,-1.8329,-6.2157,-0.26808,12.472,-4.6796,-8.2173,2.0869,-13.876,7.6008
-0.20084,5.7342,-5.4588,-4.0225,-5.7862,0.53282,11.707,-2.742,-7.0899,3.6191,-11.64,9.0994
1.5743,7.8951,-5.2046,-6.2896,-5.3347,1.4117,10.802,-0.69883,-5.9042,5.295,-9.2818,10.449
3.4609,10.139,-4.8874,-8.626,-4.8495,2.3608,9.7657,1.4655,-4.6601,7.1083,-6.8262,11.606
5.4795,12.43,-4.5297,-11.014,-4.3261,3.3631,8.5965,3.7636,-3.3659,9.0435,-4.3126,12.548
7.6272,14.73,-4.1706,-13.428,-3.7599,4.3951,7.28,6.2014,-2.0286,11.083,-1.7853,13.287
9.8918,17.005,-3.8572,-15.851,-3.1339,5.4258,5.79,8.7816,-0.64647,13.216,0.73202,13.867
12.274,19.239,-3.6346,-18.28,-2.409,6.4177,4.0993,11.509,0.79596,15.449,3.2486,14.361
14.8,21.44,-3.532,-20.736,-1.5255,7.3366,2.1941,14.397,2.3253,17.807,5.8081,14.849
17.507,23.647,-3.5535,-23.256,-0.41925,8.1721,0.085619,17.477,3.9714,20.333,8.477,15.392
20.399,25.914,-3.6771,-25.859,0.94815,8.9596,-2.185,20.798,5.7601,23.084,11.328,16.018
23.42,28.283,-3.866,-28.518,2.5593,9.7793,-4.5539,24.427,7.7101,26.137,14.425,16.729
26.468,30.76,-4.0858,-31.159,4.3289,10.728,-6.9531,28.426,9.8365,29.589,17.812,17.515
29.442,33.33,-4.3183,-33.704,6.1337,11.895,-9.3306,32.84,12.158,33.546,21.514,18.377
32.294,36.002,-4.5588,-36.131,7.8662,13.365,-11.664,37.678,14.7,38.101,25.535,19.341
35.045,38.842,-4.8018,-38.502,9.4763,15.246,-13.96,42.911,17.501,43.277,29.861,20.464
37.771,41.981,-5.0316,-40.972,10.981,17.643,-16.253,48.487,20.61,48.991,34.473,21.824
40.578,45.583,-5.2217,-43.754,12.448,20.561,-18.596,54.336,24.088,55.049,39.348,23.506
43.584,49.802,-5.3384,-47.087,13.961,23.833,-21.061,60.384,28.006,61.229,44.454,25.58
46.897,54.698,-5.3417,-51.15,15.598,27.218,-23.737,66.549,32.447,67.368,49.737,28.091
50.616,60.19,-5.1758,-55.985,17.394,30.572,-26.721,72.761,37.495,73.409,55.122,31.045
54.81,66.1,-4.7542,-61.467,19.326,33.898,-30.09,78.969,43.223,79.376,60.519,34.409
59.511,72.259,-3.9733,-67.38,21.315,37.271,-33.87,85.14,49.668,85.322,65.844,38.128
64.685,78.56,-2.7662,-73.507,23.259,40.772,-38.017,91.249,56.8,91.295,71.041,42.141
70.212,84.932,-1.1466,-79.667,25.077,44.445,-42.424,97.257,64.499,97.328,76.088,46.403
75.892,91.298,0.79204,-85.705,26.74,48.285,-46.948,103.11,72.558,103.43,80.995,50.886
81.49,97.568,2.905,-91.501,28.274,52.249,-51.466,108.75,80.725,109.58,85.789,55.575
86.81,103.67,5.0324,-96.983,29.724,56.277,-55.926,114.13,88.775,115.76,90.494,60.434
91.73,109.58,7.0344,-102.13,31.118,60.315,-60.347,119.22,96.548,121.9,95.113,65.382
96.21,115.33,8.8187,-106.98,32.446,64.328,-64.772,124,103.96,127.95,99.628,70.303
100.27,120.98,10.359,-111.58,33.671,68.304,-69.219,128.46,110.98,133.84,104,75.08
103.94,126.58,11.692,-116,34.761,72.248,-73.665,132.57,117.6,139.54,108.2,79.634
107.31,132.23,12.89,-120.31,35.718,76.186,-78.059,136.29,123.84,145.01,112.19,83.935
110.44,138,14.024,-124.66,36.577,80.159,-82.345,139.56,129.71,150.26,115.94,87.978
113.46,143.94,15.132,-129.14,37.396,84.19,-86.485,142.35,135.25,155.26,119.45,91.77
116.46,149.93,16.193,-133.8,38.225,88.19,-90.461,144.65,140.48,160.03,122.72,95.313
119.5,155.71,17.132,-138.52,39.095,91.907,-94.269,146.47,145.41,164.53,125.81,98.6
122.58,160.92,17.876,-143.07,40.014,95.056,-97.903,147.83,150.02,168.74,128.73,101.62
125.62,165.35,18.403,-147.2,40.969,97.511,-101.35,148.76,154.28,172.62,131.51,104.34
128.52,169,18.755,-150.79,41.925,99.352,-104.57,149.27,158.14,176.15,134.15,106.78
131.19,172.03,19.007,-153.85,42.845,100.78,-107.54,149.38,161.57,179.31,136.66,108.93
133.58,174.64,19.227,-156.47,43.694,102.02,-110.23,149.13,164.53,182.08,139,110.82
135.69,177.03,19.441,-158.77,44.454,103.23,-112.65,148.53,167.02,184.47,141.15,112.49
137.52,179.26,19.627,-160.82,45.126,104.49,-114.79,147.59,169.03,186.45,143.08,113.97
139.08,181.35,19.738,-162.62,45.72,105.76,-116.68,146.32,170.56,188.02,144.74,115.31
140.38,183.22,19.741,-164.15,46.252,106.96,-118.32,144.7,171.62,189.17,146.12,116.52
141.41,184.75,19.638,-165.36,46.723,107.98,-119.7,142.71,172.25,189.93,147.18,117.59
142.15,185.88,19.46,-166.22,47.122,108.74,-120.85,140.34,172.46,190.32,147.93,118.47
142.58,186.54,19.252,-166.72,47.425,109.2,-121.75,137.62,172.32,190.37,148.35,119.08
142.7,186.73,19.054,-166.85,47.61,109.33,-122.42,134.58,171.88,190.1,148.45,119.35
142.51,186.48,18.884,-166.63,47.667,109.16,-122.86,131.31,171.17,189.56,148.24,119.25
142.03,185.78,18.72,-166.06,47.607,108.67,-123.08,127.9,170.26,188.77,147.7,118.84
141.3,184.64,18.514,-165.14,47.46,107.83,-123.04,124.45,169.18,187.74,146.86,118.17
140.36,183.01,18.209,-163.88,47.262,106.58,-122.73,121.02,167.93,186.49,145.73,117.35
139.22,180.86,17.767,-162.27,47.039,104.84,-122.11,117.66,166.51,184.97,144.32,116.4
137.86,178.1,17.193,-160.26,46.784,102.57,-121.15,114.36,164.88,183.14,142.62,115.34
136.21,174.66,16.531,-157.78,46.463,99.777,-119.81,111.1,162.99,180.94,140.64,114.11
134.18,170.52,15.841,-154.73,46.033,96.587,-118.04,107.81,160.79,178.32,138.36,112.64
131.73,165.69,15.162,-151.05,45.47,93.191,-115.77,104.43,158.25,175.24,135.77,110.86
128.85,160.29,14.495,-146.74,44.782,89.754,-112.96,100.94,155.38,171.69,132.86,108.72
125.61,154.47,13.795,-141.9,44.004,86.332,-109.61,97.328,152.16,167.7,129.63,106.18
122.1,148.36,13.002,-136.7,43.178,82.886,-105.76,93.63,148.63,163.28,126.05,103.28
118.4,142.13,12.061,-131.38,42.332,79.364,-101.45,89.892,144.78,158.49,122.15,100.01
114.53,135.92,10.962,-126.12,41.456,75.75,-96.652,86.164,140.62,153.42,117.93,96.426
110.46,129.82,9.7446,-120.99,40.499,72.067,-91.328,82.481,136.19,148.14,113.4,92.531
106.1,123.81,8.4894,-115.91,39.369,68.337,-85.413,78.862,131.47,142.7,108.56,88.332
101.38,117.77,7.2814,-110.69,37.953,64.561,-78.905,75.295,126.47,137.1,103.39,83.814
96.258,111.5,6.177,-105.17,36.137,60.718,-71.896,71.751,121.14,131.28,97.846,78.943
90.755,104.82,5.1903,-99.189,33.828,56.772,-64.524,68.187,115.43,125.21,91.879,73.694
84.915,97.598,4.3019,-92.69,30.99,52.69,-56.891,64.555,109.28,118.83,85.48,68.069
78.787,89.82,3.48,-85.691,27.669,48.463,-49.017,60.803,102.63,112.13,78.682,62.113
72.369,81.592,2.6973,-78.291,23.999,44.116,-40.892,56.865,95.421,105.08,71.553,55.905
65.604,73.135,1.9412,-70.639,20.16,39.695,-32.621,52.672,87.622,97.678,64.195,49.538
58.408,64.713,1.2147,-62.879,16.324,35.248,-24.53,48.169,79.248,89.923,56.729,43.11
50.748,56.55,0.52951,-55.11,12.617,30.809,-17.059,43.343,70.406,81.813,49.288,36.707
42.716,48.746,-0.10503,-47.377,9.1082,26.39,-10.505,38.227,61.313,73.345,41.995,30.41
34.544,41.254,-0.69334,-39.69,5.8236,21.989,-4.8638,32.905,52.27,64.536,34.937,24.283
26.505,33.909,-1.2584,-32.055,2.7857,17.607,0.028389,27.489,43.586,55.469,28.164,18.39
18.779,26.525,-1.8345,-24.485,0.045088,13.284,4.2843,22.098,35.489,46.363,21.7,12.817
11.428,19.021,-2.4505,-17.003,-2.341,9.1131,7.9065,16.836,28.096,37.57,15.562,7.6617
4.4746,11.523,-3.1129,-9.6554,-4.3539,5.229,10.873,11.777,21.44,29.46,9.7824,3.0044
-1.9832,4.3459,-3.8033,-2.5726,-6.0239,1.7535,13.209,6.9699,15.53,22.245,4.4021,-1.1262
-7.7128,-2.1454,-4.4884,3.9739,-7.4058,-1.2586,14.989,2.4369,10.379,15.915,-0.54056,-4.7496
-12.428,-7.6897,-5.14,9.6086,-8.5566,-3.8313,16.313,-1.8142,6.0012,10.33,-5.0247,-7.9151
-16.01,-12.207,-5.7524,14.056,-9.5281,-6.0393,17.28,-5.7849,2.3842,5.3425,-9.0532,-10.685
-18.6,-15.773,-6.3476,17.321,-10.366,-7.9702,17.975,-9.4786,-0.51884,0.86676,-12.648,-13.118
-20.471,-18.548,-6.9662,19.64,-11.106,-9.6966,18.468,-12.894,-2.7778,-3.1313,-15.841,-15.264
-21.87,-20.703,-7.6491,21.303,-11.767,-11.26,18.806,-16.025,-4.4671,-6.6651,-18.663,-17.15
-22.967,-22.392,-8.4214,22.542,-12.356,-12.671,19.019,-18.871,-5.6562,-9.7502,-21.145,-18.794
-23.863,-23.742,-9.2798,23.514,-12.866,-13.925,19.128,-21.443,-6.4109,-12.415,-23.323,-20.213
-24.616,-24.856,-10.183,24.315,-13.295,-15.013,19.145,-23.771,-6.8035,-14.705,-25.237,-21.43
-25.256,-25.802,-11.045,24.994,-13.655,-15.928,19.083,-25.89,-6.8978,-16.672,-26.932,-22.47
-25.795,-26.612,-11.749,25.571,-13.967,-16.66,18.957,-27.826,-6.7488,-18.365,-28.438,-23.35
-26.241,-27.289,-12.171,26.046,-14.26,-17.191,18.788,-29.589,-6.395,-19.821,-29.774,-24.076
-26.598,-27.822,-12.214,26.415,-14.562,-17.504,18.602,-31.177,-5.8581,-21.064,-30.935,-24.641
-26.877,-28.207,-11.832,26.676,-14.887,-17.599,18.421,-32.589,-5.1487,-22.107,-31.91,-25.042
-27.086,-28.451,-11.061,26.837,-15.237,-17.5,18.263,-33.826,-4.2773,-22.963,-32.684,-25.273
-27.239,-28.566,-10.014,26.912,-15.607,-17.248,18.133,-34.903,-3.2675,-23.647,-33.25,-25.335
-27.345,-28.563,-8.8448,26.918,-15.987,-16.891,18.027,-35.841,-2.1656,-24.181,-33.618,-25.234
-27.416,-28.438,-7.7008,26.868,-16.366,-16.455,17.937,-36.663,-1.0457,-24.595,-33.814,-24.976
-27.461,-28.178,-6.6806,26.771,-16.734,-15.944,17.856,-37.392,-0.0064335,-24.917,-33.872,-24.574
-27.488,-27.768,-5.8174,26.633,-17.082,-15.351,17.781,-38.042,0.83749,-25.168,-33.834,-24.045
-27.499,-27.212,-5.0824,26.454,-17.397,-14.665,17.717,-38.619,1.3693,-25.357,-33.737,-23.414
-27.49,-26.534,-4.4084,26.236,-17.671,-13.89,17.669,-39.122,1.4953,-25.485,-33.612,-22.704
-27.451,-25.771,-3.7277,25.978,-17.896,-13.047,17.643,-39.546,1.1591,-25.545,-33.48,-21.942
-27.372,-24.96,-3.0007,25.68,-18.069,-12.168,17.641,-39.891,0.3617,-25.534,-33.351,-21.155
-27.245,-24.134,-2.2205,25.344,-18.194,-11.283,17.659,-40.165,-0.84312,-25.457,-33.232,-20.362
-27.068,-23.319,-1.3992,24.979,-18.278,-10.422,17.68,-40.382,-2.3696,-25.325,-33.125,-19.583
-26.849,-22.528,-0.54987,24.594,-18.33,-9.6021,17.684,-40.554,-4.1255,-25.155,-33.034,-18.827
-26.602,-21.763,0.32524,24.199,-18.365,-8.8267,17.649,-40.683,-6.0297,-24.961,-32.961,-18.098
-26.344,-21.018,1.2352,23.803,-18.398,-8.0853,17.563,-40.764,-8.018,-24.75,-32.906,-17.396
-26.097,-20.282,2.1934,23.409,-18.445,-7.3611,17.424,-40.779,-10.043,-24.519,-32.863,-16.715
-25.876,-19.549,3.2066,23.021,-18.512,-6.638,17.241,-40.717,-12.07,-24.261,-32.823,-16.052
-25.687,-18.816,4.2677,22.641,-18.592,-5.9075,17.028,-40.579,-14.08,-23.962,-32.779,-15.406
-25.523,-18.084,5.3568,22.27,-18.672,-5.1683,16.804,-40.379,-16.062,-23.617,-32.724,-14.787
-25.368,-17.351,6.4488,21.901,-18.738,-4.4226,16.581,-40.143,-18.017,-23.223,-32.652,-14.204
-25.208,-16.612,7.5208,21.528,-18.778,-3.6728,16.363,-39.896,-19.948,-22.789,-32.554,-13.668
-25.034,-15.863,8.5549,21.145,-18.797,-2.9241,16.141,-39.651,-21.859,-22.328,-32.419,-13.185
-24.849,-15.117,9.5366,20.76,-18.807,-2.1904,15.903,-39.403,-23.745,-21.863,-32.237,-12.755
-24.666,-14.401,10.455,20.388,-18.823,-1.4962,15.636,-39.135,-25.59,-21.411,-32.001,-12.374
-24.493,-13.744,11.301,20.047,-18.851,-0.86942,15.337,-38.823,-27.367,-20.979,-31.714,-12.034
-24.33,-13.157,12.07,19.737,-18.889,-0.32449,15.011,-38.438,-29.036,-20.561,-31.379,-11.72
-24.161,-12.621,12.754,19.44,-18.921,0.15039,14.677,-37.954,-30.552,-20.14,-30.998,-11.411
-23.961,-12.1,13.342,19.123,-18.929,0.5807,14.354,-37.356,-31.872,-19.696,-30.567,-11.082
-23.711,-11.56,13.82,18.762,-18.893,0.98642,14.057,-36.648,-32.967,-19.215,-30.077,-10.712
-23.407,-11.005,14.172,18.357,-18.805,1.3649,13.792,-35.849,-33.826,-18.697,-29.52,-10.291
-23.063,-10.466,14.386,17.935,-18.661,1.6921,13.552,-34.995,-34.46,-18.155,-28.899,-9.8266
-22.699,-9.9822,14.458,17.529,-18.467,1.9412,13.322,-34.117,-34.891,-17.604,-28.224,-9.3339
-22.33,-9.5739,14.398,17.157,-18.231,2.1021,13.094,-33.238,-35.146,-17.055,-27.508,-8.8266
-21.955,-9.2295,14.222,16.812,-17.957,2.1861,12.864,-32.362,-35.245,-16.51,-26.765,-8.3129
-21.564,-8.922,13.942,16.473,-17.647,2.2132,12.637,-31.485,-35.205,-15.969,-26.008,-7.7969
-21.149,-8.6278,13.567,16.122,-17.304,2.202,12.421,-30.598,-35.039,-15.431,-25.252,-7.2831
-20.711,-8.3337,13.106,15.756,-16.932,2.168,12.213,-29.702,-34.772,-14.908,-24.525,-6.7793
-20.268,-8.0376,12.582,15.389,-16.541,2.1256,12,-28.801,-34.437,-14.425,-23.859,-6.3001
-19.849,-7.751,12.022,15.047,-16.15,2.0833,11.762,-27.912,-34.08,-14.012,-23.294,-5.8661
-19.489,-7.5014,11.451,14.764,-15.78,2.0356,11.476,-27.048,-33.742,-13.695,-22.856,-5.4993
-19.213,-7.3271,10.88,14.567,-15.446,1.9596,11.134,-26.222,-33.455,-13.483,-22.553,-5.2156
-19.023,-7.2633,10.301,14.464,-15.15,1.8241,10.743,-25.44,-33.229,-13.362,-22.373,-5.0186
-18.898,-7.3287,9.6997,14.443,-14.883,1.6041,10.322,-24.708,-33.058,-13.299,-22.284,-4.9009
-18.802,-7.5195,9.0631,14.48,-14.625,1.293,9.8934,-24.031,-32.923,-13.253,-22.256,-4.8521
-18.705,-7.8146,8.3884,14.555,-14.359,0.90379,9.4732,-23.42,-32.805,-13.196,-22.264,-4.8678
-18.59,-8.1871,7.6881,14.655,-14.074,0.46189,9.0628,-22.888,-32.687,-13.121,-22.3,-4.9523
-18.455,-8.6142,6.9869,14.776,-13.767,-0.0053223,8.6489,-22.449,-32.567,-13.054,-22.377,-5.1143
-18.313,-9.0824,6.3136,14.919,-13.447,-0.48062,8.2091,-22.115,-32.45,-13.035,-22.519,-5.3589
-18.18,-9.5862,5.6832,15.081,-13.129,-0.96269,7.7216,-21.891,-32.344,-13.105,-22.751,-5.6793
-18.074,-10.119,5.0848,15.261,-12.827,-1.4589,7.1768,-21.772,-32.25,-13.285,-23.09,-6.0526
-18.007,-10.662,4.4862,15.448,-12.551,-1.9717,6.5809,-21.74,-32.159,-13.566,-23.532,-6.4442
-17.985,-11.192,3.8512,15.631,-12.302,-2.4934,5.9496,-21.772,-32.057,-13.919,-24.055,-6.8206
-18.006,-11.691,3.1522,15.806,-12.069,-3.0156,5.2955,-21.849,-31.939,-14.312,-24.626,-7.1664
-18.065,-12.169,2.3731,15.984,-11.839,-3.5396,4.6198,-21.965,-31.814,-14.724,-25.215,-7.4928
-18.151,-12.649,1.5144,16.178,-11.596,-4.0745,3.9153,-22.123,-31.704,-15.145,-25.802,-7.8311
-18.241,-13.146,0.60391,16.39,-11.328,-4.6233,3.1793,-22.331,-31.632,-15.572,-26.377,-8.2111
-18.302,-13.643,-0.29867,16.601,-11.035,-5.1683,2.4276,-22.58,-31.606,-15.994,-26.927,-8.6396
-18.294,-14.094,-1.1141,16.765,-10.718,-5.6725,1.7003,-22.846,-31.609,-16.386,-27.426,-9.09
-18.181,-14.438,-1.7679,16.835,-10.383,-6.0933,1.0542,-23.091,-31.596,-16.71,-27.839,-9.5081
-17.937,-14.627,-2.215,16.77,-10.036,-6.3988,0.54549,-23.272,-31.51,-16.926,-28.124,-9.8292
-17.55,-14.634,-2.4526,16.545,-9.6759,-6.5764,0.21409,-23.356,-31.296,-17.005,-28.242,-9.9964
-17.014,-14.454,-2.519,16.152,-9.2983,-6.6326,0.074847,-23.322,-30.92,-16.937,-28.171,-9.9734
-16.33,-14.099,-2.4787,15.597,-8.8972,-6.5857,0.12164,-23.161,-30.375,-16.729,-27.907,-9.7508
-15.512,-13.584,-2.398,14.895,-8.4705,-6.4522,0.34205,-22.868,-29.673,-16.4,-27.461,-9.3436
-14.581,-12.914,-2.3177,14.058,-8.0293,-6.2312,0.73677,-22.436,-28.832,-15.965,-26.845,-8.7811
-13.556,-12.062,-2.2354,13.08,-7.5999,-5.8956,1.332,-21.844,-27.856,-15.418,-26.06,-8.0896
-12.445,-10.965,-2.1054,11.921,-7.2146,-5.3928,2.1732,-21.056,-26.734,-14.735,-25.092,-7.2768
-11.217,-9.5178,-1.8564,10.497,-6.8958,-4.6565,3.2981,-20.033,-25.441,-13.873,-23.916,-6.3255
-9.8044,-7.596,-1.42,8.6967,-6.6434,-3.6186,4.7003,-18.738,-23.954,-12.789,-22.509,-5.2007
-8.1235,-5.0802,-0.75631,6.4036,-6.4342,-2.2162,6.3093,-17.148,-22.264,-11.455,-20.865,-3.8656
-6.1056,-1.9065,0.13363,3.5531,-6.2315,-0.39961,8.0117,-15.262,-20.395,-9.8692,-18.998,-2.3008
-3.7333,1.8726,1.2165,0.18585,-5.9975,1.8415,9.71,-13.101,-18.392,-8.0616,-16.942,-0.51852
-1.0546,6.057,2.4496,-3.5313,-5.7014,4.4376,11.37,-10.7,-16.32,-6.0821,-14.741,1.436
1.8295,10.356,3.8021,-7.3603,-5.3255,7.2331,13.01,-8.1005,-14.236,-3.9846,-12.437,3.4978
4.8003,14.518,5.2578,-11.1,-4.8686,10.054,14.658,-5.3469,-12.173,-1.81,-10.054,5.6049
7.7638,18.43,6.8065,-14.665,-4.3418,12.799,16.309,-2.4833,-10.139,0.42079,-7.5957,7.7189
10.689,22.129,8.433,-18.095,-3.7705,15.471,17.925,0.44088,-8.1223,2.7009,-5.0413,9.8376
13.6,25.731,10.101,-21.478,-3.1672,18.131,19.445,3.3655,-6.1056,5.0235,-2.3589,11.973
16.558,29.33,11.737,-24.869,-2.5159,20.836,20.798,6.2176,-4.0834,7.3684,0.4818,14.131
19.604,32.928,13.228,-28.232,-1.7663,23.571,21.918,8.9175,-2.0748,9.6928,3.4917,16.292
22.707,36.421,14.448,-31.443,-0.8535,26.233,22.758,11.388,-0.12565,11.929,6.6457,18.409
25.749,39.653,15.29,-34.357,0.26182,28.665,23.293,13.559,1.6975,13.99,9.8752,20.405
28.586,42.479,15.713,-36.884,1.5574,30.724,23.523,15.371,3.3217,15.781,13.08,22.208
31.104,44.812,15.747,-38.99,2.9493,32.342,23.454,16.776,4.684,17.228,16.147,23.754
33.258,46.639,15.469,-40.7,4.3386,33.527,23.098,17.738,5.7437,18.295,18.98,25
35.1,48.021,14.966,-42.084,5.6769,34.333,22.455,18.238,6.4874,19.004,21.521,25.922
36.757,49.062,14.286,-43.248,7.0003,34.808,21.516,18.264,6.9262,19.417,23.759,26.512
38.375,49.861,13.422,-44.294,8.4165,34.946,20.265,17.815,7.0898,19.613,25.724,26.777
40.036,50.454,12.331,-45.281,10.063,34.674,18.702,16.898,7.0197,19.656,27.481,26.731
41.715,50.803,10.976,-46.194,12.054,33.907,16.859,15.536,6.7632,19.59,29.113,26.398
43.32,50.828,9.3687,-46.966,14.431,32.598,14.8,13.783,6.3682,19.432,30.712,25.814
44.802,50.478,7.5923,-47.524,17.11,30.761,12.588,11.71,5.8766,19.194,32.344,25.026
46.206,49.778,5.7537,-47.848,19.878,28.471,10.25,9.3981,5.318,18.879,34.05,24.098
47.629,48.819,3.9045,-47.986,22.495,25.849,7.7764,6.9374,4.7082,18.499,35.84,23.105
49.119,47.721,1.9927,-48.026,24.835,23.055,5.149,4.4058,4.0525,18.059,37.695,22.109
50.651,46.59,-0.10927,-48.049,26.928,20.256,2.3943,1.8849,3.3525,17.566,39.574,21.151
52.145,45.48,-2.5288,-48.088,28.893,17.572,-0.38042,-0.53782,2.6107,17.026,41.413,20.232
53.477,44.373,-5.3175,-48.127,30.853,15.044,-3.0087,-2.7763,1.8305,16.443,43.149,19.306
54.533,43.188,-8.3902,-48.136,32.869,12.636,-5.3274,-4.7612,1.0128,15.813,44.711,18.302
55.325,41.802,-11.515,-48.1,34.933,10.276,-7.2373,-6.4585,0.15204,15.115,46.033,17.139
56.14,40.085,-14.397,-48.013,37.008,7.9228,-8.7255,-7.8905,-0.76292,14.333,47.066,15.753
57.42,37.935,-16.829,-47.844,39.071,5.6086,-9.8453,-9.1053,-1.7445,13.445,47.792,14.116
59.248,35.294,-18.729,-47.505,41.077,3.4396,-10.674,-10.188,-2.8001,12.442,48.226,12.249
61.027,32.154,-20.062,-46.848,42.802,1.5285,-11.287,-11.223,-3.9273,11.328,48.398,10.213
61.828,28.576,-20.783,-45.663,43.762,-0.079542,-11.738,-12.265,-5.1111,10.119,48.348,8.0962
60.861,24.69,-20.864,-43.723,43.431,-1.4149,-12.057,-13.323,-6.3182,8.8366,48.105,6.0012
57.747,20.652,-20.335,-40.846,41.552,-2.5449,-12.252,-14.374,-7.5181,7.499,47.683,4.0157
52.623,16.584,-19.273,-36.981,38.266,-3.5378,-12.33,-15.381,-8.6867,6.1113,47.067,2.1917
46.036,12.551,-17.786,-32.224,33.974,-4.4474,-12.306,-16.326,-9.8148,4.6643,46.233,0.53534
38.67,8.5759,-16.01,-26.791,29.101,-5.3091,-12.208,-17.217,-10.908,3.147,45.142,-0.98606
31.049,4.6734,-14.169,-20.941,23.972,-6.1439,-12.069,-18.091,-11.98,1.5517,43.772,-2.4258
23.462,0.86519,-12.574,-14.902,18.895,-6.9653,-11.926,-18.982,-13.045,-0.11623,42.122,-3.8386
16.092,-2.8166,-11.482,-8.8499,14.247,-7.7846,-11.8,-19.903,-14.088,-1.834,40.224,-5.2664
9.131,-6.3083,-10.957,-2.9359,10.361,-8.6086,-11.698,-20.848,-15.078,-3.5621,38.133,-6.73
2.7461,-9.5075,-10.87,2.6479,7.3222,-9.433,-11.606,-21.792,-15.973,-5.2556,35.91,-8.2235
-2.9945,-12.288,-11.02,7.6112,4.9166,-10.236,-11.498,-22.692,-16.728,-6.8654,33.621,-9.715
-8.0204,-14.546,-11.242,11.61,2.8016,-10.978,-11.337,-23.515,-17.307,-8.3517,31.326,-11.155
-12.05,-16.25,-11.43,14.453,0.76214,-11.615,-11.102,-24.245,-17.693,-9.6886,29.079,-12.493
-14.824,-17.457,-11.506,16.266,-1.1527,-12.112,-10.801,-24.89,-17.887,-10.863,26.921,-13.689
-16.522,-18.276,-11.396,17.365,-2.7755,-12.452,-10.471,-25.47,-17.907,-11.871,24.888,-14.72
-17.546,-18.816,-11.037,18.041,-4.0327,-12.637,-10.165,-26.004,-17.776,-12.705,23.024,-15.587
-18.186,-19.163,-10.416,18.468,-4.9578,-12.687,-9.9269,-26.484,-17.494,-13.36,21.376,-16.296
-18.587,-19.37,-9.5856,18.736,-5.6212,-12.627,-9.7668,-26.897,-17.039,-13.827,19.99,-16.859
-18.826,-19.466,-8.6461,18.894,-6.0967,-12.481,-9.6434,-27.202,-16.353,-14.091,18.9,-17.284
-18.964,-19.467,-7.7056,18.973,-6.4592,-12.265,-9.447,-27.331,-15.352,-14.14,18.115,-17.576
-19.075,-19.379,-6.8489,19.006,-6.7964,-11.98,-8.9979,-27.196,-13.932,-13.966,17.612,-17.744
-19.259,-19.219,-6.1198,19.041,-7.2177,-11.621,-8.057,-26.687,-12.005,-13.578,17.333,-17.807
-19.629,-19.017,-5.5109,19.143,-7.8352,-11.182,-6.3456,-25.673,-9.5006,-13.008,17.195,-17.795
-20.262,-18.821,-4.9638,19.374,-8.7076,-10.669,-3.674,-23.988,-6.375,-12.297,17.107,-17.749
-21.131,-18.682,-4.3953,19.768,-9.772,-10.105,-0.48125,-21.401,-2.5753,-11.475,17.003,-17.709
-22.094,-18.645,-3.7457,20.303,-10.83,-9.5334,1.0593,-17.587,2.0336,-10.521,16.872,-17.703
-22.96,-18.725,-3.0312,20.906,-11.643,-9.0141,-2.5773,-12.36,7.7878,-9.2978,16.792,-17.732
-23.615,-18.892,-2.305,21.478,-12.139,-8.5989,-8.1089,-8.4915,15.366,-7.4762,16.97,-17.759
-24.108,-19.053,-1.507,21.92,-12.548,-8.2839,-9.6933,-18,25.377,-4.407,17.795,-17.693
-24.541,-19.039,-0.48857,22.122,-13.192,-7.9538,-9.0887,-22.941,33.52,0.95943,19.959,-17.366
-24.83,-18.541,0.9243,21.896,-14.127,-7.3402,-6.0878,-17.811,28.895,5.0538,24.677,-16.506
-24.723,-16.931,3.1173,20.851,-15.315,-5.932,0.92318,-7.8493,36.676,-1.3284,33.538,-14.661
-25.349,-13.242,6.7506,19.001,-16.965,-2.815,13.926,8.2603,49.535,1.976,37.712,-10.842
-38.076,-21.782,15.033,29.723,-19.179,-4.3512,34.668,31.893,61.975,4.6684,25.145,-5.8314
-54.26,-27.497,23.863,39.811,-21.575,-2.652,63.732,64.94,74.344,7.0958,22.984,-12.574
-67.023,-34.099,30.456,49.427,-23.488,-1.9777,98.535,107.15,88.661,10.961,20.285,-17.24
-75.243,-41.362,33.524,57.256,-24.147,-2.4925,133.76,159.06,110.3,19.321,18.035,-21.689
-75.647,-46.391,30.722,59.907,-23.234,-5.0924,166.99,227.69,148.65,37.178,19.432,-23.89
-65.542,-44.814,23.128,53.718,-21.606,-8.7826,198.89,320.71,213.18,71.861,29.762,-20.925
-43.529,-30.58,15.545,35.185,-20.166,-7.307,232.05,442.14,316.9,133.91,54.826,-9.587
-10.508,4.4055,13.537,0.96061,-14.048,8.8862,271.44,599.02,454.73,235.7,104.84,14.856
32.699,68.779,24.704,-52.409,-2.82,49.086,321.32,794.4,624.17,371.85,199.35,60.263
85.606,168.34,65.51,-127.48,2.2111,120.91,381.31,1022.6,836.68,544.32,332.17,135.95
147.62,302.49,140.52,-223.99,0.6377,223.71,444.79,1269.5,1087.5,751.75,484.71,241.07
217.61,461.36,227.56,-337.42,-5.1301,346.89,499.56,1511.6,1359.4,980.53,657.79,363.08
292.61,626.86,316.3,-457.95,-10.619,474.06,530.08,1716.2,1621.6,1205.2,835,492.97
366.23,773.31,387.53,-569.91,-9.6936,582.78,521.91,1843.3,1831.1,1390,990.92,613.55
428.47,872.52,423.56,-653.84,1.7176,650.18,466.84,1851.3,1939.8,1494.9,1095.9,704.27
467.55,901.33,413.54,-691.36,22.527,659.38,365.78,1707.7,1906.1,1485.7,1123.8,746.56
473.58,849.66,357.4,-671.35,49.506,605.37,228.33,1400.3,1709.8,1346.8,1060.9,729.71
442.41,725.38,266.88,-594.72,78.923,498.01,70.504,946.7,1362.6,1089,912.49,655.22
377.54,552.85,162.43,-475.01,99.251,359.75,-88.799,395.62,909.77,749.31,702.07,537.05
288.77,364.94,66.646,-333.97,104.03,218.31,-231.74,-181.7,418.7,380.81,464.48,397.03
188.87,192.31,-3.0757,-194.26,90.395,97.604,-344.82,-708.65,-40.134,37.011,234.92,257.79
90.117,55.134,-39.172,-73.16,60.04,11.164,-421.07,-1122.5,-411.64,-241.9,39.7,136.47
2.325,-40.405,-44.957,20.374,19.624,-38.994,-461.09,-1389.4,-667.71,-436.35,-108.14,41.702
-67.527,-91.456,-30.878,82.959,-21.768,-57.614,-472.45,-1509.1,-808.85,-547.14,-207.77,-25.667
-115.24,-110.48,-10.297,116.86,-55.397,-59.614,-467.11,-1509.5,-855.9,-589.28,-265.74,-69.371
-139.7,-112.16,5.4464,128.49,-74.799,-55.252,-457.53,-1432.3,-837.47,-583.43,-291.15,-94.643
-141.61,-105.06,9.6368,123.57,-77.405,-51.524,-452.69,-1318.7,-782.61,-549.65,-293.52,-106.44
-124.62,-95.305,0.75645,108.42,-65.204,-51.546,-455.61,-1199.5,-716.21,-504.27,-282.03,-109.46
-96.113,-86.828,-18.584,89.682,-43.438,-55.212,-463.46,-1091.3,-653.61,-458.13,-264.36,-108.12
-64.686,-81.362,-42.827,72.416,-17.959,-60.815,-469.94,-998.37,-600.45,-416.59,-245.38,-105.4
-36.929,-77.332,-67.773,58.578,6.5794,-67.606,-468.71,-917.02,-556.56,-380.79,-226.77,-102.19
-17.956,-59.349,-85.98,41.478,25.883,-73.038,-456.12,-839.91,-518.4,-348.81,-203.76,-83.144
-12.824,-56.509,-94.826,35.826,36.383,-75.904,-431.31,-761.5,-477.72,-315.51,-166.15,-64.776
-10.147,-57.049,-96.183,35.812,39.132,-74.696,-394.34,-680.55,-428.62,-278.98,-140.86,-62.903
-10.5,-54.782,-90.589,34.991,36.029,-70.525,-347.13,-596.3,-384.55,-242.91,-125.98,-61.579
-14.253,-50.326,-80.178,32.58,29.316,-64.413,-293.78,-511.96,-341.91,-208.26,-112.71,-58.55
-18.969,-45.063,-67.647,29.424,20.574,-57.244,-238.96,-431.29,-301.39,-175.03,-100.38,-54.304
-21.064,-40.161,-54.573,26.799,11.097,-49.727,-186.73,-357.17,-264.74,-144.33,-89.829,-49.47
-21.212,-36.149,-42.503,25.046,5.3465,-42.444,-140.24,-291.81,-232.88,-117.74,-81.438,-44.562
-21.101,-32.999,-33.342,23.915,3.0201,-35.964,-101.44,-236.18,-206.51,-96.595,-74.585,-39.943
-21.187,-30.456,-27.503,23.185,0.45956,-30.695,-71.259,-191.1,-185.46,-81.093,-68.364,-35.805
-21.525,-28.273,-23.561,22.724,-2.2879,-26.614,-49.42,-157.04,-169.4,-70.325,-62.414,-32.211
-22.065,-26.298,-20.31,22.433,-4.806,-23.277,-34.051,-132.47,-157.97,-62.961,-56.849,-29.162
-22.698,-24.496,-17.169,22.243,-7.1721,-20.116,-23.025,-114.79,-150.69,-57.734,-51.881,-26.633
-23.325,-22.909,-14.014,22.103,-9.461,-16.95,-14.7,-101.57,-146.53,-53.578,-47.65,-24.584
-23.883,-21.594,-11.204,21.992,-11.52,-14.218,-8.1029,-91.088,-143.81,-49.108,-44.202,-22.961
-24.342,-20.581,-9.115,21.909,-13.165,-12.222,-3.49,-82.329,-140.77,-42.521,-41.506,-21.717
-24.696,-19.873,-7.3956,21.859,-14.373,-10.874,-2.8407,-74.654,-136.54,-36.124,-39.477,-20.812
-24.954,-19.444,-6.0588,21.851,-15.213,-10.011,-0.78576,-66.718,-131.16,-32.154,-37.986,-20.209
-25.133,-19.252,-5.1419,21.889,-15.766,-9.51,3.1183,-58.081,-125,-29.788,-36.874,-19.859
-25.256,-19.236,-4.5664,21.966,-16.104,-9.278,6.5655,-51.653,-118.34,-28.284,-35.969,-19.698
-25.341,-19.33,-4.2728,22.069,-16.286,-9.235,9.076,-47.527,-111.4,-27.294,-35.117,-19.647
-25.401,-19.472,-4.2385,22.178,-16.354,-9.3175,10.759,-44.622,-104.26,-26.625,-34.205,-19.628
-25.434,-19.615,-4.4668,22.272,-16.33,-9.4862,11.907,-42.346,-96.978,-26.148,-33.175,-19.585
-25.432,-19.739,-4.9746,22.333,-16.216,-9.7271,12.741,-40.419,-89.615,-25.771,-32.019,-19.489
-25.382,-19.844,-5.7763,22.352,-16.01,-10.04,13.391,-38.714,-82.293,-25.436,-30.768,-19.344
-25.279,-19.941,-6.8622,22.328,-15.713,-10.423,13.916,-37.175,-75.175,-25.117,-29.465,-19.173
-25.122,-20.04,-8.1738,22.266,-15.34,-10.859,14.338,-35.786,-68.428,-24.816,-28.159,-19.002
-24.92,-20.138,-9.5936,22.171,-14.917,-11.312,14.663,-34.544,-62.173,-24.547,-26.894,-18.845
-24.687,-20.221,-10.96,22.049,-14.478,-11.729,14.896,-33.444,-56.472,-24.326,-25.706,-18.7
-24.434,-20.266,-12.106,21.9,-14.057,-12.058,15.046,-32.471,-51.331,-24.161,-24.63,-18.55
-24.173,-20.253,-12.899,21.726,-13.682,-12.257,15.125,-31.604,-46.716,-24.048,-23.698,-18.371
-23.914,-20.172,-13.273,21.529,-13.368,-12.314,15.148,-30.816,-42.574,-23.976,-22.929,-18.143
-23.661,-20.029,-13.248,21.314,-13.113,-12.245,15.13,-30.08,-38.843,-23.927,-22.32,-17.861
-23.416,-19.837,-12.926,21.085,-12.903,-12.089,15.093,-29.377,-35.472,-23.875,-21.835,-17.532
-23.173,-19.61,-12.452,20.846,-12.716,-11.887,15.06,-28.693,-32.423,-23.793,-21.417,-17.171
-22.925,-19.353,-11.963,20.593,-12.533,-11.665,15.048,-28.017,-29.678,-23.659,-21.003,-16.796
-22.666,-19.056,-11.54,20.321,-12.352,-11.423,15.063,-27.345,-27.227,-23.464,-20.552,-16.426
-22.393,-18.7,-11.212,20.02,-12.184,-11.141,15.098,-26.679,-25.059,-23.209,-20.062,-16.068
-22.099,-18.266,-10.967,19.679,-12.041,-10.799,15.14,-26.018,-23.15,-22.903,-19.579,-15.722
-21.774,-17.742,-10.772,19.284,-11.921,-10.389,15.181,-25.356,-21.453,-22.551,-19.176,-15.378
-21.402,-17.129,-10.598,18.824,-11.809,-9.9269,15.219,-24.686,-19.917,-22.157,-18.927,-15.021
-20.966,-16.439,-10.444,18.293,-11.678,-9.4459,15.255,-24.004,-18.498,-21.719,-18.879,-14.634
-20.465,-15.702,-10.336,17.703,-11.509,-8.9828,15.287,-23.309,-17.171,-21.243,-19.043,-14.215
-19.911,-14.962,-10.302,17.081,-11.294,-8.5697,15.31,-22.609,-15.929,-20.735,-19.396,-13.779
-19.334,-14.265,-10.355,16.47,-11.033,-8.2281,15.313,-21.915,-14.778,-20.211,-19.896,-13.359
-18.765,-13.654,-10.49,15.909,-10.73,-7.9651,15.282,-21.242,-13.727,-19.679,-20.491,-12.992
-18.222,-13.149,-10.684,15.42,-10.384,-7.7698,15.207,-20.595,-12.773,-19.146,-21.129,-12.71
-17.701,-12.737,-10.911,14.995,-9.9913,-7.6188,15.081,-19.977,-11.9,-18.609,-21.762,-12.527
-17.179,-12.377,-11.139,14.6,-9.5487,-7.4832,14.904,-19.376,-11.082,-18.061,-22.341,-12.436
-16.622,-12.016,-11.343,14.186,-9.0639,-7.3359,14.68,-18.773,-10.294,-17.493,-22.812,-12.406
-16.003,-11.603,-11.51,13.707,-8.5524,-7.163,14.415,-18.134,-9.5196,-16.89,-23.116,-12.391
-15.312,-11.108,-11.645,13.131,-8.0359,-6.9655,14.113,-17.424,-8.7517,-16.23,-23.193,-12.344
-14.558,-10.522,-11.775,12.447,-7.5355,-6.7547,13.77,-16.622,-7.9968,-15.489,-22.994,-12.232
-13.758,-9.848,-11.938,11.657,-7.0627,-6.5415,13.371,-15.724,-7.2666,-14.651,-22.495,-12.046
-12.918,-9.0887,-12.173,10.766,-6.6108,-6.329,12.89,-14.749,-6.5629,-13.71,-21.706,-11.804
-12.02,-8.244,-12.493,9.771,-6.1567,-6.1104,12.301,-13.726,-5.8597,-12.675,-20.658,-11.538
-11.032,-7.309,-12.873,8.6653,-5.6747,-5.8718,11.584,-12.683,-5.0923,-11.557,-19.394,-11.284
-9.9309,-6.279,-13.255,7.4473,-5.1543,-5.596,10.727,-11.631,-4.1609,-10.369,-17.946,-11.061
-8.7217,-5.1511,-13.561,6.1263,-4.6096,-5.2656,9.7289,-10.559,-2.9509,-9.116,-16.331,-10.876
-7.4309,-3.9174,-13.713,4.7109,-4.0746,-4.8632,8.5893,-9.4418,-1.3595,-7.8064,-14.542,-10.716
-6.0789,-2.5471,-13.648,3.1819,-3.5877,-4.3675,7.3091,-8.2381,0.68611,-6.4467,-12.566,-10.563
-4.6488,-0.96775,-13.334,1.4703,-3.1763,-3.7488,5.8871,-6.9016,3.2299,-5.0443,-10.399,-10.396
-3.0737,0.94215,-12.788,-0.54407,-2.8451,-2.9646,4.3251,-5.389,6.3037,-3.6042,-8.0544,-10.198
-1.2569,3.3385,-12.075,-3.0006,-2.5774,-1.9549,2.6328,-3.6675,9.9436,-2.1253,-5.5632,-9.9572
0.8818,6.3649,-11.288,-5.9961,-2.347,-0.63834,0.82872,-1.7206,14.193,-0.60143,-2.9696,-9.6632
3.3611,10.075,-10.509,-9.5147,-2.1316,1.0818,-1.067,0.44932,19.089,0.97609,-0.31784,-9.306
6.1226,14.36,-9.7756,-13.4,-1.9188,3.285,-3.0415,2.8243,24.641,2.6162,2.3486,-8.8781
9.0598,18.973,-9.0586,-17.414,-1.7017,5.9765,-5.0906,5.3834,30.823,4.3314,4.9908,-8.3744
12.072,23.641,-8.279,-21.351,-1.4723,9.0636,-7.2111,8.1201,37.591,6.143,7.569,-7.7875
15.103,28.198,-7.342,-25.099,-1.2181,12.412,-9.393,11.055,44.916,8.0841,10.042,-7.1015
18.143,32.618,-6.1815,-28.642,-0.91666,15.927,-11.621,14.234,52.798,10.194,12.366,-6.2884
21.211,36.972,-4.7833,-32.014,-0.54054,19.576,-13.889,17.713,61.248,12.51,14.492,-5.3118
24.323,41.383,-3.1827,-35.286,-0.061698,23.353,-16.211,21.541,70.228,15.068,16.371,-4.1315
27.492,45.999,-1.4428,-38.567,0.53834,27.236,-18.631,25.741,79.608,17.913,17.962,-2.7036
30.716,50.988,0.3695,-42.007,1.259,31.188,-21.219,30.313,89.173,21.118,19.234,-0.97943
33.983,56.511,2.2005,-45.789,2.0793,35.177,-24.06,35.227,98.671,24.774,20.172,1.087
37.273,62.657,4.017,-50.096,2.9682,39.19,-27.248,40.422,107.88,28.972,20.779,3.5203
40.584,69.369,5.7978,-55.042,3.9028,43.23,-30.861,45.81,116.6,33.739,21.079,6.3023
43.949,76.44,7.5243,-60.619,4.8828,47.299,-34.921,51.304,124.73,39,21.124,9.3669
47.447,83.63,9.1901,-66.696,5.9322,51.399,-39.353,56.853,132.19,44.596,20.993,12.624
51.198,90.753,10.817,-73.092,7.0855,55.543,-43.986,62.446,139.06,50.358,20.782,15.994
55.333,97.676,12.447,-79.611,8.3696,59.742,-48.627,68.096,145.45,56.171,20.595,19.437
59.954,104.28,14.111,-86.032,9.7878,63.974,-53.166,73.798,151.56,61.994,20.539,22.95
65.065,110.46,15.804,-92.112,11.316,68.187,-57.607,79.502,157.55,67.841,20.72,26.56
70.525,116.2,17.493,-97.655,12.918,72.329,-62.019,85.124,163.65,73.752,21.238,30.313
76.079,121.62,19.134,-102.59,14.567,76.387,-66.466,90.572,170.22,79.766,22.18,34.262
81.477,126.91,20.683,-107.02,16.272,80.373,-70.966,95.787,177.9,85.9,23.611,38.454
86.575,132.27,22.102,-111.15,18.067,84.279,-75.478,100.76,187.36,92.144,25.567,42.911
91.338,137.84,23.359,-115.21,19.98,88.08,-79.93,105.51,198.78,98.455,28.052,47.613
95.792,143.71,24.438,-119.44,21.994,91.759,-84.241,110.05,211.94,104.76,31.038,52.49
99.986,149.83,25.353,-123.98,24.033,95.323,-88.355,114.39,226.57,110.96,34.473,57.442
103.96,156.07,26.158,-128.88,25.99,98.767,-92.246,118.48,242.47,116.95,38.297,62.352
107.72,162.19,26.927,-134.02,27.779,102.05,-95.918,122.23,259.28,122.65,42.453,67.107
111.26,167.88,27.718,-139.14,29.38,105.09,-99.385,125.58,276.31,128,46.893,71.607
114.54,172.93,28.541,-143.99,30.828,107.83,-102.66,128.47,292.76,132.99,51.571,75.779
117.55,177.25,29.376,-148.38,32.189,110.26,-105.75,130.88,307.88,137.63,56.434,79.594
120.32,180.89,30.185,-152.24,33.53,112.44,-108.64,132.81,321.19,141.94,61.42,83.068
122.94,183.95,30.931,-155.59,34.882,114.39,-111.32,134.27,332.53,145.96,66.459,86.255
125.48,186.59,31.568,-158.5,36.226,116.16,-113.79,135.26,341.97,149.74,71.476,89.234
128.01,188.92,32.064,-161.05,37.496,117.79,-116.03,135.81,349.67,153.31,76.396,92.083
130.51,191.05,32.446,-163.31,38.619,119.31,-118.05,135.92,355.78,156.67,81.136,94.861
132.89,193.01,32.812,-165.32,39.553,120.76,-119.85,135.6,360.32,159.8,85.609,97.586
135.03,194.81,33.282,-167.08,40.278,122.16,-121.46,134.84,363.3,162.63,89.732,100.23
136.81,196.41,33.941,-168.56,40.795,123.48,-122.87,133.68,364.93,165.11,93.434,102.74
138.19,197.77,34.803,-169.77,41.125,124.71,-124.11,132.15,365.65,167.19,96.66,105.03
139.16,198.88,35.817,-170.69,41.307,125.79,-125.2,130.3,365.73,168.86,99.367,107.03
139.74,199.72,36.875,-171.34,41.382,126.67,-126.15,128.15,365.2,170.09,101.53,108.7
139.98,200.3,37.833,-171.72,41.38,127.35,-126.97,125.75,363.97,170.91,103.13,110.01
139.92,200.65,38.557,-171.88,41.316,127.81,-127.68,123.11,362.01,171.28,104.2,111.01
139.62,200.78,38.999,-171.84,41.19,128.09,-128.25,120.25,359.37,171.22,104.78,111.75
139.11,200.71,39.227,-171.63,40.989,128.21,-128.66,117.21,356.09,170.72,104.94,112.3
138.38,200.44,39.371,-171.26,40.684,128.2,-128.89,114.02,352.2,169.77,104.75,112.71
137.4,199.95,39.539,-170.7,40.24,128.04,-128.86,110.68,347.69,168.41,104.25,112.99
136.14,199.22,39.743,-169.93,39.64,127.71,-128.53,107.22,342.52,166.65,103.46,113.09
134.58,198.18,39.874,-168.89,38.922,127.12,-127.81,103.64,336.6,164.57,102.36,112.94
132.77,196.74,39.753,-167.48,38.178,126.16,-126.66,99.947,329.81,162.2,100.93,112.45
130.71,194.81,39.248,-165.6,37.509,124.71,-125.03,96.166,322.05,159.58,99.133,111.54
128.43,192.28,38.339,-163.14,36.965,122.74,-122.92,92.339,313.23,156.75,96.942,110.16
125.91,189.09,37.091,-160.01,36.513,120.27,-120.3,88.535,303.32,153.7,94.32,108.31
123.12,185.19,35.605,-156.14,36.061,117.39,-117.21,84.825,292.33,150.42,91.227,106.04
120.04,180.52,33.97,-151.5,35.509,114.17,-113.66,81.26,280.28,146.91,87.627,103.4
116.67,175.05,32.239,-146.14,34.785,110.62,-109.67,77.858,267.25,143.15,83.5,100.45
113.04,168.74,30.428,-140.2,33.846,106.69,-105.2,74.6,253.36,139.13,78.858,97.231
109.18,161.61,28.522,-133.96,32.675,102.32,-100.23,71.427,238.81,134.82,73.752,93.752
105.09,153.82,26.495,-127.7,31.282,97.48,-94.686,68.25,223.96,130.19,68.265,89.977
100.69,145.63,24.345,-121.59,29.694,92.215,-88.546,64.969,209.36,125.18,62.497,85.844
95.9,137.33,22.12,-115.59,27.91,86.643,-81.817,61.5,195.68,119.76,56.558,81.287
90.702,129.15,19.893,-109.53,25.88,80.939,-74.57,57.803,183.47,113.91,50.556,76.265
85.139,121.13,17.725,-103.27,23.537,75.279,-66.914,53.899,172.86,107.63,44.58,70.789
79.254,113.23,15.645,-96.698,20.856,69.789,-58.938,49.844,163.57,100.96,38.68,64.934
73.033,105.33,13.665,-89.747,17.888,64.526,-50.677,45.697,155.11,93.925,32.867,58.819
66.414,97.292,11.8,-82.376,14.749,59.487,-42.173,41.49,147.05,86.534,27.128,52.583
59.359,88.986,10.065,-74.589,11.577,54.624,-33.574,37.227,139.11,78.796,21.455,46.366
51.934,80.313,8.4571,-66.489,8.495,49.847,-25.197,32.898,131.14,70.718,15.864,40.301
44.31,71.342,6.9578,-58.318,5.5879,45.059,-17.478,28.506,123.02,62.324,10.401,34.493
36.679,62.388,5.551,-50.377,2.9158,40.219,-10.767,24.074,114.69,53.712,5.1192,28.989
29.15,53.871,4.2365,-42.845,0.51645,35.354,-5.1168,19.648,106.12,45.096,0.058266,23.773
21.761,46.006,3.0294,-35.672,-1.5967,30.511,-0.34577,15.286,97.223,36.805,-4.7673,18.808
14.546,38.692,1.9451,-28.679,-3.4339,25.718,3.7236,11.047,87.965,29.163,-9.3654,14.083
7.6073,31.668,0.97999,-21.717,-5.0221,21.007,7.158,6.9703,78.367,22.334,-13.755,9.6328
1.1337,24.712,0.10086,-14.75,-6.396,16.436,9.961,3.0802,68.598,16.273,-17.958,5.5156
-4.6193,17.744,-0.74725,-7.8808,-7.5903,12.098,12.145,-0.61853,58.977,10.827,-21.995,1.793
-9.4235,10.868,-1.6196,-1.3503,-8.6336,8.1018,13.764,-4.1309,49.878,5.8531,-25.885,-1.493
-13.188,4.364,-2.5515,4.4913,-9.5459,4.5447,14.919,-7.4605,41.587,1.2821,-29.643,-4.3244
-15.994,-1.4041,-3.5519,9.3051,-10.339,1.4869,15.721,-10.601,34.236,-2.8997,-33.272,-6.7056
-18.039,-6.1578,-4.6034,12.948,-11.022,-1.0676,16.269,-13.539,27.819,-6.6847,-36.769,-8.6631
-19.549,-9.8353,-5.6613,15.547,-11.61,-3.1593,16.633,-16.258,22.238,-10.07,-40.126,-10.248
-20.71,-12.577,-6.6544,17.385,-12.126,-4.8442,16.855,-18.759,17.356,-13.067,-43.343,-11.535
-21.655,-14.607,-7.4945,18.737,-12.598,-6.1749,16.961,-21.058,13.033,-15.7,-46.422,-12.605
-22.466,-16.132,-8.0943,19.792,-13.053,-7.194,16.967,-23.186,9.1433,-18.005,-49.366,-13.534
-23.185,-17.298,-8.389,20.659,-13.51,-7.938,16.889,-25.176,5.5957,-20.015,-52.166,-14.375
-23.833,-18.199,-8.3536,21.388,-13.978,-8.4422,16.744,-27.057,2.3317,-21.768,-54.807,-15.156
-24.413,-18.89,-8.0102,22.001,-14.457,-8.7418,16.554,-28.841,-0.67908,-23.293,-57.271,-15.885
-24.923,-19.399,-7.4185,22.5,-14.942,-8.8678,16.339,-30.533,-3.4514,-24.618,-59.547,-16.559
-25.364,-19.737,-6.6532,22.884,-15.432,-8.8439,16.119,-32.128,-5.9959,-25.762,-61.635,-17.173
-25.738,-19.913,-5.779,23.153,-15.931,-8.6876,15.908,-33.616,-8.3253,-26.74,-63.538,-17.723
-26.053,-19.94,-4.8379,23.317,-16.444,-8.4149,15.714,-34.986,-10.454,-27.559,-65.25,-18.209
-26.315,-19.843,-3.8545,23.395,-16.968,-8.0488,15.539,-36.226,-12.392,-28.224,-66.753,-18.631
-26.532,-19.667,-2.8516,23.415,-17.49,-7.6262,15.387,-37.325,-14.141,-28.738,-68.018,-18.986
-26.706,-19.465,-1.8656,23.406,-17.985,-7.1959,15.261,-38.274,-15.695,-29.102,-69.023,-19.275
-26.838,-19.284,-0.94733,23.388,-18.417,-6.8041,15.165,-39.068,-17.046,-29.32,-69.764,-19.496
-26.924,-19.15,-0.14555,23.37,-18.753,-6.4754,15.104,-39.707,-18.19,-29.398,-70.262,-19.655
-26.956,-19.057,0.51445,23.346,-18.969,-6.205,15.081,-40.2,-19.139,-29.345,-70.561,-19.758
-26.933,-18.977,1.0301,23.299,-19.056,-5.9709,15.098,-40.562,-19.919,-29.172,-70.717,-19.819
-26.856,-18.877,1.3985,23.215,-19.018,-5.755,15.153,-40.82,-20.565,-28.899,-70.788,-19.853
-26.732,-18.737,1.6005,23.088,-18.875,-5.5587,15.242,-40.999,-21.112,-28.549,-70.829,-19.871
-26.573,-18.56,1.6116,22.926,-18.648,-5.3973,15.36,-41.118,-21.575,-28.142,-70.873,-19.877
-26.388,-18.365,1.419,22.744,-18.363,-5.2894,15.501,-41.18,-21.945,-27.69,-70.926,-19.859
-26.187,-18.177,1.0329,22.56,-18.042,-5.2505,15.66,-41.172,-22.189,-27.196,-70.976,-19.784
-25.978,-18.014,0.49472,22.386,-17.707,-5.2805,15.827,-41.075,-22.269,-26.661,-71.008,-19.614
-25.766,-17.877,-0.11738,22.22,-17.377,-5.3572,15.994,-40.87,-22.157,-26.082,-71.017,-19.309
-25.552,-17.749,-0.70011,22.049,-17.067,-5.4392,16.146,-40.551,-21.849,-25.462,-71.01,-18.855
-25.333,-17.603,-1.1507,21.852,-16.787,-5.4784,16.273,-40.123,-21.365,-24.802,-70.994,-18.256
-25.102,-17.416,-1.3961,21.615,-16.539,-5.4396,16.368,-39.6,-20.737,-24.101,-70.971,-17.541
-24.85,-17.181,-1.4129,21.333,-16.322,-5.3148,16.428,-38.997,-19.999,-23.355,-70.938,-16.745
-24.574,-16.91,-1.2309,21.019,-16.131,-5.1245,16.457,-38.326,-19.182,-22.564,-70.907,-15.9
-24.276,-16.622,-0.91827,20.691,-15.958,-4.9059,16.457,-37.593,-18.309,-21.734,-70.907,-15.026
-23.963,-16.338,-0.55786,20.37,-15.796,-4.6941,16.428,-36.803,-17.405,-20.879,-70.995,-14.132
-23.644,-16.063,-0.22319,20.063,-15.64,-4.5063,16.369,-35.961,-16.501,-20.023,-71.24,-13.222
-23.327,-15.78,0.039415,19.771,-15.489,-4.3341,16.277,-35.077,-15.632,-19.197,-71.706,-12.296
-23.021,-15.46,0.21892,19.48,-15.342,-4.1468,16.153,-34.162,-14.833,-18.428,-72.424,-11.362
-22.73,-15.065,0.33673,19.174,-15.203,-3.9066,16.001,-33.231,-14.127,-17.738,-73.389,-10.435
-22.448,-14.574,0.43256,18.837,-15.069,-3.5868,15.829,-32.297,-13.518,-17.132,-74.557,-9.5381
-22.161,-13.983,0.54157,18.459,-14.926,-3.1873,15.649,-31.366,-12.987,-16.592,-75.867,-8.6967
-21.844,-13.317,0.67429,18.037,-14.759,-2.7377,15.474,-30.441,-12.498,-16.086,-77.255,-7.9363
-21.486,-12.622,0.8144,17.585,-14.555,-2.2889,15.313,-29.515,-12.011,-15.572,-78.682,-7.2798
-21.097,-11.963,0.93712,17.133,-14.315,-1.8973,15.164,-28.584,-11.504,-15.017,-80.14,-6.745
-20.708,-11.404,1.034,16.725,-14.059,-1.604,15.016,-27.651,-10.982,-14.413,-81.641,-6.341
-20.357,-10.981,1.1234,16.392,-13.811,-1.4176,14.851,-26.722,-10.478,-13.774,-83.187,-6.064
-20.065,-10.691,1.2372,16.142,-13.593,-1.3149,14.654,-25.813,-10.036,-13.136,-84.739,-5.8986
-19.836,-10.497,1.3943,15.961,-13.413,-1.2622,14.418,-24.934,-9.6957,-12.541,-86.216,-5.822
-19.664,-10.368,1.5822,15.833,-13.263,-1.2397,14.148,-24.095,-9.4783,-12.024,-87.498,-5.8107
-19.546,-10.295,1.7603,15.757,-13.131,-1.2508,13.853,-23.3,-9.3813,-11.604,-88.465,-5.8476
-19.487,-10.297,1.8774,15.75,-13.008,-1.3144,13.543,-22.555,-9.3842,-11.281,-89.024,-5.9288
-19.495,-10.399,1.8932,15.83,-12.891,-1.4486,13.227,-21.868,-9.4581,-11.038,-89.112,-6.0655
-19.572,-10.612,1.7924,16.004,-12.785,-1.6578,12.906,-21.252,-9.5776,-10.848,-88.695,-6.279
-19.71,-10.927,1.586,16.259,-12.7,-1.9328,12.576,-20.72,-9.7292,-10.685,-87.753,-6.5879
-19.887,-11.321,1.299,16.565,-12.639,-2.2598,12.227,-20.277,-9.9138,-10.534,-86.277,-6.9939
-20.074,-11.772,0.9535,16.889,-12.593,-2.6318,11.853,-19.916,-10.139,-10.393,-84.27,-7.4715
-20.238,-12.265,0.55817,17.2,-12.537,-3.0518,11.45,-19.616,-10.409,-10.268,-81.75,-7.9695
-20.351,-12.792,0.10783,17.48,-12.437,-3.5293,11.026,-19.35,-10.713,-10.167,-78.753,-8.4224
-20.393,-13.345,-0.4069,17.716,-12.266,-4.0701,10.595,-19.088,-11.03,-10.094,-75.329,-8.7679
-20.357,-13.912,-0.98728,17.904,-12.007,-4.6676,10.173,-18.812,-11.333,-10.046,-71.54,-8.9629
-20.247,-14.473,-1.62,18.045,-11.663,-5.3007,9.7679,-18.516,-11.605,-10.022,-67.466,-8.9951
-20.088,-15.011,-2.2808,18.152,-11.259,-5.9407,9.3691,-18.212,-11.846,-10.026,-63.209,-8.887
-19.913,-15.516,-2.9441,18.241,-10.838,-6.5589,8.9485,-17.932,-12.073,-10.075,-58.875,-8.6897
-19.757,-15.976,-3.5925,18.328,-10.442,-7.1311,8.4676,-17.712,-12.309,-10.189,-54.555,-8.464
-19.632,-16.375,-4.2187,18.407,-10.095,-7.6364,7.8944,-17.585,-12.568,-10.378,-50.291,-8.2547
-19.518,-16.684,-4.8214,18.455,-9.7935,-8.057,7.2185,-17.56,-12.842,-10.633,-46.085,-8.0728
-19.367,-16.87,-5.3986,18.428,-9.5061,-8.3796,6.4585,-17.622,-13.101,-10.93,-41.923,-7.8953
-19.119,-16.905,-5.9424,18.285,-9.1916,-8.5974,5.6568,-17.73,-13.303,-11.23,-37.805,-7.6836
-18.715,-16.769,-6.4353,17.987,-8.8123,-8.7085,4.8644,-17.84,-13.41,-11.497,-33.752,-7.4039
-18.111,-16.455,-6.8486,17.508,-8.3448,-8.711,4.1237,-17.91,-13.399,-11.7,-29.8,-7.0382
-17.279,-15.96,-7.1458,16.832,-7.7823,-8.6021,3.4603,-17.911,-13.27,-11.819,-25.993,-6.586
-16.209,-15.293,-7.2932,15.957,-7.1322,-8.3812,2.8854,-17.829,-13.042,-11.849,-22.372,-6.062
-14.916,-14.479,-7.2756,14.899,-6.4073,-8.0573,2.4069,-17.666,-12.745,-11.801,-18.966,-5.4923
-13.435,-13.556,-7.1058,13.698,-5.618,-7.6512,2.0412,-17.426,-12.402,-11.69,-15.778,-4.9067
-11.806,-12.555,-6.8215,12.394,-4.7719,-7.1876,1.8232,-17.113,-12.016,-11.529,-12.775,-4.3266
-10.061,-11.479,-6.4695,11.001,-3.8831,-6.6779,1.8096,-16.721,-11.564,-11.311,-9.8913,-3.752
-8.2096,-10.276,-6.0911,9.4826,-2.9875,-6.1076,2.0706,-16.227,-11.001,-11.007,-7.0406,-3.1597
-6.2642,-8.85,-5.7124,7.7621,-2.1516,-5.4367,2.6667,-15.595,-10.278,-10.568,-4.1308,-2.5159
-4.2662,-7.0896,-5.3426,5.7664,-1.4619,-4.6116,3.6142,-14.78,-9.3648,-9.946,-1.0867,-1.795
-2.2985,-4.9056,-4.9729,3.4708,-0.99398,-3.579,4.8591,-13.744,-8.2596,-9.1067,2.1338,-0.99007
-0.45982,-2.2658,-4.5789,0.92232,-0.77683,-2.2953,6.29,-12.46,-6.9915,-8.0452,5.5373,-0.1078
1.1879,0.78275,-4.1276,-1.7794,-0.77644,-0.7313,7.7982,-10.922,-5.602,-6.7804,9.1115,0.84595
2.6658,4.1287,-3.5875,-4.5435,-0.91011,1.1218,9.3368,-9.1355,-4.1242,-5.3399,12.852,1.8789
4.0908,7.653,-2.9222,-7.3503,-1.0813,3.2472,10.92,-7.1172,-2.5689,-3.7429,16.775,3.0151
5.6426,11.288,-2.0613,-10.263,-1.2125,5.6121,12.576,-4.8885,-0.92689,-1.9951,20.915,4.2872
7.4918,15.024,-0.89524,-13.371,-1.2646,8.188,14.303,-2.4855,0.81497,-0.097309,25.291,5.7218
9.7163,18.856,0.67301,-16.702,-1.2403,10.958,16.067,0.02929,2.6532,1.9383,29.886,7.3253
12.263,22.733,2.6737,-20.163,-1.1719,13.899,17.802,2.5623,4.5561,4.0765,34.633,9.0737
14.96,26.548,5.0546,-23.575,-1.102,16.954,19.419,5.0008,6.4689,6.2628,39.434,10.917
17.61,30.173,7.682,-26.744,-1.0561,20.023,20.822,7.2375,8.3324,8.4373,44.192,12.794
20.081,33.505,10.342,-29.541,-1.0155,22.982,21.931,9.192,10.103,10.548,48.832,14.658
22.33,36.495,12.776,-31.941,-0.91518,25.716,22.702,10.82,11.76,12.552,53.33,16.487
24.373,39.146,14.755,-34,-0.66824,28.152,23.129,12.11,13.302,14.409,57.667,18.282
26.264,41.503,16.157,-35.809,-0.20867,30.273,23.226,13.07,14.726,16.068,61.819,20.049
28.057,43.623,16.989,-37.464,0.47957,32.106,23.015,13.714,16.017,17.473,65.731,21.789
29.79,45.552,17.362,-39.026,1.3703,33.709,22.508,14.05,17.141,18.569,69.314,23.484
31.483,47.301,17.428,-40.517,2.4305,35.127,21.707,14.068,18.052,19.326,72.465,25.101
33.153,48.854,17.289,-41.921,3.6573,36.344,20.604,13.745,18.707,19.752,75.081,26.597
34.823,50.168,16.93,-43.213,5.0981,37.24,19.196,13.043,19.086,19.898,77.113,27.933
36.539,51.205,16.245,-44.375,6.8453,37.626,17.507,11.939,19.204,19.827,78.57,29.091
38.369,51.941,15.131,-45.419,9.0004,37.373,15.597,10.436,19.111,19.604,79.516,30.069
40.388,52.382,13.581,-46.386,11.609,36.477,13.542,8.5851,18.876,19.271,80.053,30.885
42.647,52.548,11.684,-47.33,14.586,35.024,11.4,6.4667,18.564,18.857,80.291,31.563
45.131,52.468,9.5901,-48.278,17.708,33.124,9.1894,4.1763,18.209,18.361,80.279,32.127
47.748,52.145,7.4376,-49.188,20.72,30.868,6.8998,1.8051,17.808,17.762,80.026,32.589
50.323,51.56,5.2454,-49.949,23.49,28.329,4.5313,-0.55567,17.337,17.027,79.51,32.946
52.61,50.688,2.8594,-50.429,26.034,25.57,2.1344,-2.8248,16.785,16.135,78.706,33.181
54.34,49.517,0.055812,-50.562,28.432,22.649,-0.17323,-4.919,16.172,15.091,77.615,33.268
55.368,48.052,-3.2412,-50.424,30.757,19.622,-2.2306,-6.7631,15.549,13.92,76.262,33.178
55.914,46.294,-6.8351,-50.207,33.075,16.545,-3.8917,-8.3123,14.968,12.648,74.669,32.872
56.734,44.22,-10.321,-50.081,35.481,13.469,-5.0829,-9.5721,14.455,11.299,72.827,32.301
58.684,41.779,-13.356,-50.02,38.082,10.457,-5.8246,-10.602,13.99,9.8663,70.684,31.411
61.513,38.89,-15.841,-49.761,40.827,7.5801,-6.202,-11.51,13.516,8.3251,68.152,30.161
63.715,35.48,-17.785,-48.91,43.241,4.9109,-6.3344,-12.389,12.965,6.6537,65.181,28.542
63.886,31.518,-19.155,-47.099,44.557,2.5009,-6.3428,-13.314,12.294,4.8528,61.777,26.596
61.505,27.049,-19.868,-44.1,44.201,0.37143,-6.3172,-14.303,11.499,2.9563,58.034,24.403
56.731,22.201,-19.849,-39.889,41.992,-1.4854,-6.2938,-15.33,10.618,1.0239,54.108,22.066
50.085,17.157,-19.103,-34.635,38.079,-3.0993,-6.2552,-16.343,9.71,-0.88716,50.174,19.689
42.247,12.081,-17.735,-28.632,32.846,-4.5134,-6.1555,-17.297,8.8246,-2.7375,46.374,17.343
33.881,7.0935,-15.915,-22.208,26.815,-5.7775,-5.9654,-18.178,7.9809,-4.5238,42.75,15.047
25.494,2.2536,-13.882,-15.626,20.552,-6.9436,-5.6958,-19.005,7.1631,-6.2715,39.262,12.762
17.405,-2.3982,-11.959,-9.0618,14.629,-8.0596,-5.3872,-19.811,6.335,-8.0138,35.824,10.416
9.8302,-6.7792,-10.5,-2.6342,9.5645,-9.1606,-5.0907,-20.632,5.4636,-9.7674,32.34,7.9499
2.9371,-10.738,-9.7175,3.4996,5.6657,-10.26,-4.8417,-21.484,4.5452,-11.521,28.736,5.3612
-3.1999,-14.118,-9.5673,9.0476,2.89,-11.348,-4.6444,-22.352,3.6108,-13.228,25.014,2.7282
-8.6168,-16.838,-9.7981,13.602,0.87798,-12.394,-4.4746,-23.196,2.7184,-14.827,21.212,0.19019
-13.227,-18.94,-10.128,16.904,-0.85472,-13.37,-4.2991,-23.978,1.9297,-16.268,17.402,-2.1046
-16.683,-20.555,-10.405,19.089,-2.6124,-14.258,-4.1007,-24.667,1.2867,-17.527,13.66,-4.0496
-18.917,-21.825,-10.634,20.527,-4.3028,-15.053,-3.8933,-25.257,0.80138,-18.607,10.058,-5.6014
-20.306,-22.858,-10.837,21.531,-5.6824,-15.757,-3.7149,-25.766,0.46606,-19.523,6.6555,-6.7716
-21.21,-23.715,-10.969,22.275,-6.6736,-16.366,-3.6104,-26.222,0.27837,-20.288,3.5122,-7.6065
-21.819,-24.426,-10.955,22.833,-7.3313,-16.876,-3.6075,-26.637,0.26699,-20.91,0.68834,-8.1664
-22.223,-24.999,-10.754,23.238,-7.7436,-17.274,-3.6944,-26.997,0.50417,-21.383,-1.7596,-8.5087
-22.475,-25.428,-10.389,23.505,-7.9993,-17.546,-3.8073,-27.253,1.1068,-21.695,-3.7921,-8.6767
-22.614,-25.705,-9.9248,23.646,-8.1814,-17.677,-3.8149,-27.341,2.2123,-21.837,-5.4023,-8.6989
-22.686,-25.829,-9.4462,23.686,-8.3719,-17.661,-3.5211,-27.169,3.9467,-21.819,-6.6282,-8.6003
-22.755,-25.814,-9.0217,23.662,-8.6571,-17.496,-2.6853,-26.632,6.4009,-21.668,-7.5561,-8.4203
-22.904,-25.688,-8.6775,23.627,-9.1188,-17.189,-1.0808,-25.61,9.6432,-21.429,-8.3095,-8.2224
-23.211,-25.492,-8.3857,23.642,-9.7976,-16.75,1.3265,-23.947,13.771,-21.134,-9.0176,-8.0873
-23.697,-25.272,-8.0793,23.752,-10.646,-16.201,3.9333,-21.406,18.992,-20.785,-9.7714,-8.0872
-24.297,-25.076,-7.6811,23.965,-11.52,-15.578,4.835,-17.63,25.718,-20.308,-10.581,-8.2565
-24.885,-24.934,-7.134,24.245,-12.248,-14.938,0.65602,-12.429,34.603,-19.528,-11.346,-8.5725
-25.36,-24.839,-6.3759,24.519,-12.774,-14.329,-6.114,-9.2831,46.173,-18.118,-11.841,-8.9509
-25.707,-24.721,-5.2971,24.7,-13.242,-13.748,-8.1418,-20.395,59.015,-15.483,-11.688,-9.2431
-25.952,-24.414,-3.8166,24.676,-13.859,-13.087,-7.6434,-23.193,64.834,-10.772,-10.284,-9.2221
-26.005,-23.621,-1.8528,24.263,-14.641,-12.098,-4.6299,-17.513,63.223,-10.748,-6.6431,-8.5233
-25.603,-21.799,0.89125,23.085,-15.539,-10.368,2.6169,-7.0089,73.581,-12.787,0.61612,-6.4433
-25.343,-18.189,4.9653,20.897,-16.664,-7.5023,16.06,9.8595,84.562,-11.624,2.9804,-1.3979
-37.421,-24.727,13.334,30.408,-18.087,-8.9112,37.32,34.539,94.012,-10.556,-4.6958,0.42951
-54.758,-29.756,22.943,40.401,-19.577,-6.664,66.881,68.657,103.39,-8.5347,-7.5049,-5.912
-67.585,-35.948,30.337,49.809,-20.674,-5.5199,102.02,111.52,115.95,-3.2549,-10.024,-10.73
-75.59,-42.775,33.742,57.282,-20.873,-5.4348,137.48,164.18,138.75,8.891,-10.078,-15.92
-75.441,-47.404,30.392,59.591,-20.015,-7.5958,170.69,233.92,184.73,32.751,-3.77,-19.108
-64.287,-45.411,22.453,53.12,-18.581,-11.101,202.09,327.69,268.4,74.612,14.197,-16.554
-41.098,-30.647,14.974,33.943,-16.781,-9.4458,235.12,450.8,384.92,142.12,48.41,-4.7145
-6.6912,5.1576,13.127,-2.1554,-10.118,6.8942,275.13,610.84,522.23,244.42,105.95,21.29
38.132,70.578,24.085,-58.722,-0.62633,47.084,325.5,809.41,697.97,383.94,199.79,70.594
92.764,171.59,65.444,-137.65,2.8211,118.64,385.53,1039.6,916.94,562.41,329.77,152.65
156.77,307.81,139.81,-238.18,-0.051561,221.47,448.49,1285.8,1171.6,773.78,483.86,261.49
228.93,468.69,225.77,-354.74,-6.2245,344.71,501.89,1523.7,1443,1002.5,657.06,386.33
305.43,634.77,312.89,-475.89,-9.5578,471.28,529.42,1720.6,1698.9,1223.9,831.18,517.14
378.49,779.13,382.07,-584.51,-4.1155,578.14,516.5,1836.3,1895.3,1402.5,979.4,635.32
436.96,873.13,415.64,-660.73,11.942,642.16,456.1,1829.8,1983.4,1497.7,1071.9,719.77
468.99,894.19,402.96,-687.19,35.53,646.79,350.45,1670,1923.2,1476.2,1084,752.45
465.89,833.71,344.49,-655,63,587.86,210.53,1348,1699.4,1324.1,1004.9,724.36
425.32,701.48,252.74,-567.71,87.854,476.35,53.433,885.19,1331.3,1055.1,842.97,639.45
352.36,523.48,148.75,-440.83,100.96,335.62,-101.63,333.01,870.52,708.89,624.44,513.84
257.86,333.37,55.332,-296.83,98.427,193.86,-237.32,-236.58,386.62,339.55,384.88,370.37
155.06,161.76,-10.338,-157.99,78.812,75.047,-341.23,-748.61,-52.063,0.061974,158.7,231.32
56.44,27.869,-40.954,-40.712,44.49,-8.6393,-408.08,-1143.8,-395.64,-271.26,-29.359,112.61
-28.022,-60.797,-41.303,46.607,2.5641,-49.835,-440.43,-1392.3,-621.71,-457.16,-167.77,21.744
-91.137,-102.96,-22.212,101.12,-37.299,-58.915,-447.44,-1497.2,-734.91,-560.15,-257.01,-41.141
-129.89,-116.7,0.72517,127.59,-66.726,-56.397,-441.48,-1488,-759.01,-596.07,-305.17,-80.479
-144.73,-114.83,15.061,132.64,-80.894,-51.097,-434.19,-1407.3,-725.43,-586.23,-322.91,-102.21
-138.48,-105.23,17.444,122.69,-79.028,-47.381,-433.1,-1295.5,-663.16,-550.85,-320.62,-111.4
-116.25,-94.308,8.5436,104.22,-64.013,-46.702,-439.83,-1181.2,-593.92,-505.29,-307.01,-112.33
-85.518,-85.576,-9.4695,83.704,-41.068,-49.515,-450.46,-1078.6,-530.2,-459.13,-288.18,-109.13
-54.179,-79.925,-32.732,66.079,-15.51,-54.761,-458.29,-989.91,-476.06,-417.07,-267.89,-105.14
-28.646,-68.561,-54.346,52.192,8.0345,-55.171,-458.06,-910.15,-429.88,-380.3,-248.58,-100.75
-13.947,-54.849,-68.494,40.129,25.221,-53.714,-447.2,-831.71,-386.49,-347.08,-230.7,-78.099
-8.3125,-55.472,-77.812,38.286,34.227,-55.509,-424.1,-750.33,-338.29,-313.71,-207.83,-66.916
-6.6328,-54.388,-81.343,37.838,36.833,-54.951,-388.57,-667.51,-291.01,-280.43,-185.3,-65.432
-8.6075,-50.387,-78.713,35.978,34.323,-52.302,-343.12,-583.76,-247.72,-247.21,-168.03,-63.316
-13.464,-44.937,-72.377,32.607,28.116,-48.547,-291.88,-500.41,-205.16,-213.27,-152.42,-59.737
-19.247,-39.743,-63.347,29.032,18.055,-44.547,-238.66,-420.44,-165.78,-180.29,-137.16,-55.194
-21.555,-35.71,-52.765,26.549,6.3122,-40.567,-186.97,-347.3,-132.24,-150.07,-122.48,-50.226
-21.66,-32.841,-42.074,25.048,0.26848,-36.581,-140.36,-283.52,-105.17,-123.77,-109.18,-45.294
-21.527,-30.79,-32.328,24.126,-1.4913,-32.643,-101.43,-229.88,-84.345,-102.26,-98.019,-40.734
-21.606,-29.231,-24.956,23.561,-2.9353,-28.931,-71.103,-186.81,-68.99,-85.85,-89.276,-36.724
-21.92,-27.93,-20.279,23.23,-4.8378,-25.586,-49.151,-154.33,-58.114,-74.049,-82.582,-33.314
-22.392,-26.746,-17.001,23.049,-6.8445,-22.597,-33.985,-130.78,-51.222,-65.827,-77.007,-30.485
-22.918,-25.619,-14.225,22.955,-8.7731,-19.882,-23.381,-113.68,-47.221,-60.031,-71.575,-28.179
-23.414,-24.556,-11.754,22.903,-10.559,-17.438,-15.506,-100.77,-42.683,-55.632,-65.938,-26.323
-23.832,-23.587,-9.6467,22.857,-12.108,-15.344,-9.2297,-90.459,-36.065,-51.604,-60.437,-24.842
-24.15,-22.732,-7.8261,22.796,-13.342,-13.644,-4.8459,-81.812,-29.299,-46.452,-55.548,-23.672
-24.368,-21.997,-6.2292,22.711,-14.263,-12.307,-4.5795,-74.231,-23.577,-40.359,-51.489,-22.765
-24.495,-21.373,-4.9492,22.602,-14.922,-11.28,-3.6927,-66.414,-19.01,-35.647,-48.252,-22.08
-24.544,-20.844,-4.0112,22.471,-15.375,-10.514,-0.83595,-57.801,-15.421,-32.537,-45.712,-21.571
-24.525,-20.39,-3.4057,22.319,-15.663,-9.9695,2.3364,-51.261,-12.601,-30.367,-43.717,-21.186
-24.455,-19.985,-3.1117,22.147,-15.822,-9.5959,5.2064,-47.064,-10.363,-28.726,-42.119,-20.868
-24.349,-19.608,-3.0814,21.953,-15.881,-9.3378,7.3693,-44.165,-8.5676,-27.415,-40.791,-20.571
-24.223,-19.242,-3.2366,21.741,-15.874,-9.1372,8.9095,-41.975,-7.1235,-26.333,-39.641,-20.267
-24.093,-18.872,-3.4828,21.516,-15.835,-8.941,10.025,-40.221,-5.9849,-25.424,-38.608,-19.946
-23.966,-18.49,-3.7278,21.282,-15.793,-8.7073,10.866,-38.766,-5.1353,-24.656,-37.658,-19.607
-23.843,-18.082,-3.8979,21.04,-15.768,-8.41,11.526,-37.529,-4.5677,-23.996,-36.763,-19.252
-23.715,-17.642,-3.9459,20.785,-15.762,-8.0395,12.06,-36.455,-4.2704,-23.407,-35.896,-18.877
-23.57,-17.166,-3.8501,20.51,-15.769,-7.6031,12.492,-35.5,-4.2241,-22.853,-35.036,-18.47
-23.399,-16.664,-3.6088,20.214,-15.783,-7.1224,12.834,-34.625,-4.4089,-22.307,-34.164,-18.017
-23.196,-16.152,-3.2328,19.897,-15.799,-6.6276,13.091,-33.804,-4.8144,-21.765,-33.28,-17.507
-22.964,-15.648,-2.7403,19.566,-15.819,-6.1456,13.261,-33.019,-5.4398,-21.241,-32.399,-16.942
-22.714,-15.159,-2.1511,19.228,-15.853,-5.688,13.352,-32.263,-6.288,-20.758,-31.55,-16.335
-22.462,-14.678,-1.4854,18.886,-15.912,-5.2448,13.373,-31.538,-7.3549,-20.332,-30.768,-15.713
-22.222,-14.182,-0.76798,18.538,-16.002,-4.7914,13.344,-30.848,-8.622,-19.964,-30.08,-15.111
-22.004,-13.649,-0.038273,18.183,-16.12,-4.308,13.288,-30.196,-10.056,-19.637,-29.501,-14.564
-21.81,-13.078,0.64507,17.825,-16.249,-3.799,13.227,-29.586,-11.616,-19.325,-29.029,-14.103
-21.637,-12.495,1.2105,17.48,-16.356,-3.2991,13.175,-29.017,-13.264,-19.004,-28.647,-13.746
-21.479,-11.948,1.5907,17.17,-16.411,-2.8615,13.136,-28.481,-14.972,-18.656,-28.332,-13.494
-21.33,-11.492,1.7428,16.914,-16.394,-2.5371,13.109,-27.96,-16.719,-18.273,-28.054,-13.326
-21.187,-11.166,1.6632,16.722,-16.303,-2.3542,13.096,-27.433,-18.489,-17.848,-27.788,-13.206
-21.041,-10.973,1.3895,16.586,-16.152,-2.3096,13.097,-26.875,-20.271,-17.38,-27.511,-13.101
-20.885,-10.883,0.98847,16.481,-15.963,-2.3707,13.115,-26.27,-22.056,-16.867,-27.21,-12.986
-20.706,-10.843,0.5336,16.372,-15.757,-2.4887,13.153,-25.612,-23.83,-16.307,-26.874,-12.857
-20.492,-10.796,0.079557,16.224,-15.549,-2.6181,13.21,-24.908,-25.575,-15.697,-26.492,-12.722
-20.235,-10.706,-0.35308,16.016,-15.339,-2.7319,13.278,-24.176,-27.269,-15.032,-26.054,-12.599
-19.928,-10.564,-0.77446,15.743,-15.117,-2.8261,13.338,-23.441,-28.891,-14.315,-25.558,-12.506
-19.561,-10.375,-1.2078,15.411,-14.862,-2.9114,13.364,-22.729,-30.434,-13.562,-25.008,-12.463
-19.121,-10.148,-1.6709,15.022,-14.549,-2.9988,13.326,-22.058,-31.899,-12.797,-24.422,-12.481
-18.587,-9.882,-2.1644,14.572,-14.162,-3.0891,13.203,-21.432,-33.291,-12.04,-23.813,-12.56
-17.942,-9.5613,-2.6674,14.051,-13.7,-3.1678,12.982,-20.836,-34.61,-11.295,-23.199,-12.685
-17.182,-9.1606,-3.1386,13.447,-13.183,-3.206,12.665,-20.236,-35.838,-10.545,-22.59,-12.824
-16.33,-8.6522,-3.5256,12.758,-12.65,-3.1659,12.265,-19.595,-36.95,-9.7567,-21.994,-12.944
-15.428,-8.0116,-3.7849,11.992,-12.149,-3.0123,11.803,-18.873,-37.912,-8.8924,-21.407,-13.014
-14.525,-7.2239,-3.9034,11.158,-11.712,-2.7265,11.299,-18.041,-38.692,-7.9228,-20.819,-13.014
-13.648,-6.2881,-3.909,10.258,-11.343,-2.3152,10.762,-17.081,-39.274,-6.837,-20.217,-12.936
-12.787,-5.2175,-3.8613,9.2827,-11.009,-1.8082,10.185,-15.989,-39.653,-5.6459,-19.587,-12.788
-11.899,-4.03,-3.8257,8.206,-10.664,-1.2463,9.5449,-14.768,-39.847,-4.3761,-18.924,-12.586
-10.92,-2.7295,-3.8422,6.987,-10.273,-0.65915,8.8174,-13.427,-39.882,-3.0598,-18.226,-12.348
-9.7868,-1.2845,-3.9077,5.5674,-9.8238,-0.045715,7.9861,-11.964,-39.786,-1.7212,-17.493,-12.082
-8.4392,0.38029,-3.9753,3.871,-9.3315,0.63479,7.0504,-10.369,-39.578,-0.36564,-16.726,-11.782
-6.8271,2.3694,-3.9728,1.8128,-8.8243,1.4559,6.022,-8.6194,-39.262,1.0247,-15.923,-11.433
-4.9198,4.7766,-3.8307,-0.67362,-8.3311,2.5023,4.9134,-6.6836,-38.826,2.4889,-15.079,-11.019
-2.7137,7.634,-3.5113,-3.5992,-7.8668,3.8426,3.7302,-4.5289,-38.244,4.0783,-14.182,-10.526
-0.23321,10.881,-3.0244,-6.8955,-7.4234,5.5023,2.4691,-2.1233,-37.483,5.8456,-13.207,-9.9403
2.4788,14.376,-2.4211,-10.424,-6.9705,7.4516,1.1237,0.56073,-36.512,7.8349,-12.128,-9.248
5.367,17.947,-1.7706,-14.017,-6.4681,9.6106,-0.30951,3.5412,-35.308,10.077,-10.925,-8.4361
8.3634,21.447,-1.1329,-17.521,-5.8832,11.873,-1.8251,6.8187,-33.859,12.587,-9.5902,-7.4994
11.391,24.785,-0.54264,-20.836,-5.2007,14.14,-3.4197,10.371,-32.171,15.37,-8.1332,-6.4469
14.383,27.927,-0.0057671,-23.92,-4.422,16.352,-5.0914,14.156,-30.271,18.418,-6.5744,-5.3046
17.303,30.898,0.49311,-26.787,-3.5541,18.499,-6.842,18.125,-28.194,21.719,-4.9384,-4.1097
20.153,33.759,0.97736,-29.488,-2.5971,20.619,-8.6815,22.238,-25.978,25.268,-3.2446,-2.9012
22.965,36.596,1.4629,-32.085,-1.5388,22.772,-10.616,26.487,-23.654,29.076,-1.4961,-1.7082
25.791,39.485,1.9463,-34.634,-0.35939,25.001,-12.653,30.897,-21.242,33.192,0.32539,-0.53918
28.677,42.486,2.4005,-37.184,0.95673,27.312,-14.806,35.523,-18.749,37.689,2.2572,0.6231
31.652,45.642,2.7818,-39.784,2.4106,29.669,-17.105,40.417,-16.175,42.632,4.3462,1.8194
34.708,48.997,3.0487,-42.49,3.985,32.015,-19.61,45.606,-13.516,48.017,6.6364,3.1058
37.817,52.619,3.1842,-45.38,5.6515,34.317,-22.411,51.066,-10.774,53.741,9.16,4.5405
40.952,56.597,3.2073,-48.557,7.3846,36.583,-25.621,56.731,-7.9511,59.636,11.934,6.1681
44.124,61.015,3.1685,-52.145,9.1756,38.86,-29.328,62.512,-5.0482,65.57,14.964,8.0083
47.398,65.916,3.1334,-56.266,11.035,41.206,-33.518,68.343,-2.0591,71.505,18.267,10.056
50.886,71.259,3.1615,-60.995,12.983,43.644,-38.02,74.193,1.0309,77.475,21.877,12.285
54.729,76.896,3.2932,-66.298,15.026,46.151,-42.585,80.049,4.2436,83.532,25.858,14.659
59.05,82.604,3.547,-71.994,17.147,48.667,-47.026,85.876,7.6029,89.689,30.275,17.133
63.897,88.167,3.9259,-77.795,19.305,51.148,-51.294,91.603,11.132,95.905,35.17,19.671
69.191,93.45,4.4232,-83.424,21.452,53.595,-55.451,97.134,14.85,102.09,40.522,22.248
74.717,98.429,5.0251,-88.712,23.543,56.052,-59.611,102.38,18.773,108.15,46.242,24.853
80.196,103.17,5.7129,-93.63,25.548,58.586,-63.895,107.28,22.905,113.99,52.177,27.487
85.4,107.8,6.4678,-98.244,27.461,61.256,-68.382,111.83,27.236,119.56,58.153,30.16
90.226,112.44,7.2755,-102.66,29.29,64.099,-73.063,116.05,31.744,124.87,64.027,32.897
94.683,117.16,8.1261,-106.95,31.048,67.111,-77.819,119.97,36.417,129.95,69.73,35.738
98.821,121.97,9.0134,-111.16,32.735,70.247,-82.473,123.64,41.256,134.86,75.264,38.733
102.68,126.83,9.9357,-115.28,34.329,73.436,-86.863,127.06,46.277,139.68,80.674,41.92
106.27,131.69,10.895,-119.3,35.801,76.611,-90.906,130.2,51.492,144.44,86,45.321
109.61,136.52,11.893,-123.24,37.133,79.746,-94.594,132.98,56.865,149.17,91.241,48.927
112.7,141.36,12.916,-127.14,38.323,82.855,-97.975,135.35,62.3,153.84,96.357,52.689
115.6,146.22,13.944,-131.03,39.384,85.962,-101.12,137.28,67.632,158.39,101.29,56.517
118.36,151.07,14.947,-134.95,40.336,89.049,-104.07,138.74,72.672,162.69,105.97,60.3
121.04,155.83,15.892,-138.86,41.197,92.05,-106.84,139.74,77.261,166.68,110.4,63.938
123.67,160.39,16.749,-142.73,41.98,94.876,-109.44,140.28,81.312,170.3,114.56,67.381
126.22,164.68,17.498,-146.45,42.692,97.459,-111.83,140.38,84.81,173.53,118.49,70.617
128.67,168.62,18.137,-149.95,43.331,99.774,-114.03,140.02,87.777,176.39,122.18,73.642
130.92,172.19,18.688,-153.12,43.887,101.84,-116.07,139.22,90.226,178.86,125.64,76.43
132.93,175.35,19.194,-155.9,44.351,103.68,-118,137.95,92.141,180.92,128.82,78.927
134.62,178.08,19.698,-158.24,44.712,105.32,-119.82,136.21,93.485,182.53,131.67,81.075
135.95,180.35,20.225,-160.13,44.968,106.75,-121.55,134.03,94.218,183.67,134.14,82.831
136.92,182.15,20.777,-161.57,45.123,107.98,-123.15,131.42,94.33,184.34,136.22,84.175
137.52,183.48,21.331,-162.6,45.183,108.97,-124.58,128.43,93.841,184.56,137.91,85.115
137.76,184.38,21.843,-163.23,45.164,109.74,-125.81,125.13,92.811,184.41,139.28,85.682
137.67,184.86,22.264,-163.49,45.085,110.26,-126.79,121.58,91.316,183.96,140.42,85.921
137.3,184.94,22.553,-163.4,44.963,110.53,-127.5,117.88,89.427,183.29,141.4,85.869
136.68,184.66,22.705,-162.98,44.798,110.58,-127.95,114.08,87.179,182.46,142.28,85.531
135.84,184.02,22.753,-162.2,44.575,110.42,-128.17,110.22,84.566,181.46,143.05,84.876
134.74,182.97,22.755,-161.03,44.268,110.06,-128.16,106.31,81.548,180.27,143.65,83.836
133.34,181.43,22.749,-159.39,43.857,109.46,-127.97,102.29,78.067,178.84,143.99,82.317
131.61,179.24,22.728,-157.19,43.334,108.51,-127.59,98.087,74.077,177.08,143.96,80.213
129.52,176.25,22.633,-154.34,42.708,107.06,-127,93.614,69.564,174.95,143.48,77.429
127.11,172.34,22.387,-150.85,42.003,104.96,-126.18,88.824,64.58,172.42,142.53,73.92
124.42,167.5,21.919,-146.76,41.247,102.11,-125.03,83.74,59.257,169.49,141.14,69.727
121.52,161.89,21.196,-142.21,40.461,98.57,-123.46,78.473,53.791,166.19,139.36,64.982
118.45,155.74,20.23,-137.36,39.648,94.516,-121.36,73.21,48.38,162.6,137.28,59.875
115.21,149.33,19.072,-132.36,38.782,90.203,-118.64,68.15,43.164,158.77,134.92,54.596
111.77,142.91,17.798,-127.3,37.815,85.865,-115.18,63.451,38.202,154.78,132.3,49.299
108.05,136.6,16.472,-122.22,36.683,81.638,-110.98,59.185,33.485,150.66,129.41,44.099
103.93,130.39,15.132,-117.09,35.32,77.54,-106.07,55.335,28.978,146.42,126.24,39.072
99.31,124.18,13.776,-111.78,33.672,73.507,-100.57,51.801,24.636,141.99,122.78,34.241
94.142,117.83,12.379,-106.17,31.702,69.451,-94.604,48.459,20.407,137.28,119.05,29.572
88.493,111.2,10.907,-100.14,29.402,65.295,-88.233,45.197,16.229,132.15,115.06,24.997
82.529,104.17,9.35,-93.636,26.798,61.003,-81.524,41.903,12.036,126.49,110.8,20.45
76.427,96.692,7.7528,-86.694,23.952,56.582,-74.557,38.506,7.7645,120.25,106.25,15.906
70.262,88.783,6.2216,-79.429,20.925,52.091,-67.41,34.979,3.3601,113.46,101.35,11.405
63.981,80.562,4.8849,-71.999,17.755,47.62,-60.116,31.329,-1.2159,106.19,96.026,7.0487
57.465,72.268,3.829,-64.576,14.455,43.265,-52.616,27.584,-5.9885,98.482,90.219,2.9805
50.608,64.209,3.0665,-57.319,11.062,39.081,-44.774,23.785,-10.972,90.387,83.883,-0.66606
43.393,56.655,2.5487,-50.327,7.6695,35.069,-36.504,19.971,-16.172,81.932,77.035,-3.8148
35.895,49.706,2.1949,-43.571,4.4069,31.171,-28.027,16.177,-21.593,73.151,69.779,-6.4693
28.259,43.235,1.9198,-36.897,1.3905,27.31,-20.023,12.426,-27.237,64.104,62.297,-8.6989
20.666,36.971,1.6588,-30.123,-1.3155,23.433,-13.3,8.7367,-33.106,54.901,54.805,-10.606
13.311,30.643,1.3894,-23.18,-3.7052,19.548,-8.1664,5.1169,-39.208,45.719,47.491,-12.294
6.3659,24.123,1.1333,-16.149,-5.8176,15.734,-4.2474,1.5708,-45.553,36.79,40.48,-13.853
-0.062616,17.472,0.93812,-9.1935,-7.7142,12.116,-0.90648,-1.9035,-52.154,28.336,33.838,-15.355
-5.9207,10.895,0.84716,-2.5053,-9.4564,8.8103,2.2158,-5.3108,-59.024,20.498,27.597,-16.854
-11.118,4.6502,0.87419,3.6909,-11.086,5.8801,5.058,-8.652,-66.164,13.347,21.784,-18.382
-15.487,-1.0304,0.99156,9.1246,-12.617,3.3229,7.4403,-11.917,-73.548,6.9258,16.418,-19.947
-18.907,-5.976,1.1346,13.563,-14.036,1.0935,9.313,-15.084,-81.11,1.2611,11.512,-21.53
-21.451,-10.1,1.2198,16.946,-15.316,-0.86623,10.747,-18.117,-88.734,-3.6384,7.067,-23.095
-23.328,-13.418,1.169,19.421,-16.431,-2.6088,11.846,-20.979,-96.254,-7.7927,3.0671,-24.601
-24.752,-16.039,0.93007,21.236,-17.363,-4.1748,12.699,-23.639,-103.46,-11.254,-0.51066,-26.018
-25.87,-18.122,0.48714,22.618,-18.099,-5.5939,13.37,-26.08,-110.14,-14.099,-3.6919,-27.331
-26.766,-19.819,-0.13878,23.715,-18.633,-6.8866,13.901,-28.297,-116.12,-16.418,-6.4979,-28.534
-27.48,-21.242,-0.89615,24.61,-18.969,-8.0657,14.324,-30.296,-121.29,-18.297,-8.9423,-29.618
-28.027,-22.456,-1.7182,25.339,-19.122,-9.1376,14.663,-32.087,-125.67,-19.817,-11.032,-30.568
-28.422,-23.493,-2.5441,25.923,-19.123,-10.102,14.935,-33.688,-129.31,-21.049,-12.772,-31.367
-28.682,-24.362,-3.3363,26.376,-19.015,-10.953,15.15,-35.119,-132.3,-22.054,-14.174,-32.009
-28.831,-25.064,-4.0833,26.716,-18.841,-11.68,15.311,-36.401,-134.75,-22.878,-15.261,-32.499
-28.891,-25.613,-4.7816,26.961,-18.641,-12.272,15.417,-37.555,-136.76,-23.551,-16.065,-32.847
-28.88,-26.025,-5.4133,27.129,-18.439,-12.728,15.468,-38.591,-138.41,-24.085,-16.622,-33.059
-28.809,-26.319,-5.9601,27.231,-18.24,-13.055,15.47,-39.517,-139.78,-24.484,-16.978,-33.124
-28.686,-26.496,-6.4339,27.264,-18.033,-13.274,15.431,-40.335,-140.93,-24.754,-17.181,-33.006
-28.518,-26.545,-6.862,27.221,-17.808,-13.4,15.367,-41.048,-141.9,-24.909,-17.274,-32.661
-28.318,-26.455,-7.2435,27.094,-17.567,-13.44,15.297,-41.658,-142.71,-24.965,-17.283,-32.05
-28.101,-26.23,-7.5295,26.888,-17.328,-13.384,15.245,-42.166,-143.37,-24.943,-17.215,-31.169
-27.881,-25.892,-7.638,26.62,-17.126,-13.214,15.225,-42.576,-143.87,-24.858,-17.055,-30.062
-27.67,-25.468,-7.4898,26.315,-16.992,-12.915,15.242,-42.896,-144.18,-24.722,-16.788,-28.811
-27.475,-24.987,-7.0444,25.993,-16.947,-12.486,15.29,-43.131,-144.27,-24.548,-16.399,-27.509
-27.295,-24.469,-6.3225,25.668,-16.99,-11.946,15.356,-43.289,-144.05,-24.345,-15.884,-26.227
-27.129,-23.933,-5.4068,25.348,-17.1,-11.333,15.429,-43.367,-143.44,-24.115,-15.257,-25.001
-26.967,-23.388,-4.4221,25.033,-17.242,-10.693,15.505,-43.36,-142.34,-23.86,-14.546,-23.829
-26.801,-22.843,-3.4979,24.721,-17.374,-10.074,15.58,-43.261,-140.65,-23.575,-13.792,-22.689
-26.626,-22.3,-2.7286,24.41,-17.464,-9.5013,15.651,-43.07,-138.3,-23.254,-13.044,-21.56
-26.442,-21.759,-2.1477,24.101,-17.499,-8.979,15.71,-42.79,-135.27,-22.898,-12.345,-20.432
-26.256,-21.218,-1.7229,23.795,-17.489,-8.4882,15.743,-42.434,-131.55,-22.511,-11.725,-19.321
-26.074,-20.674,-1.376,23.493,-17.456,-8.0029,15.743,-42.01,-127.15,-22.091,-11.189,-18.253
-25.9,-20.132,-1.0227,23.195,-17.425,-7.5085,15.709,-41.519,-122.08,-21.631,-10.713,-17.255
-25.732,-19.608,-0.61369,22.902,-17.406,-7.0137,15.652,-40.954,-116.31,-21.112,-10.251,-16.343
-25.573,-19.124,-0.15087,22.621,-17.397,-6.5482,15.585,-40.307,-109.84,-20.522,-9.7501,-15.519
-25.421,-18.704,0.32084,22.361,-17.388,-6.1486,15.513,-39.577,-102.69,-19.857,-9.1788,-14.778
-25.272,-18.357,0.73653,22.126,-17.36,-5.8428,15.43,-38.771,-94.916,-19.135,-8.5316,-14.111
-25.12,-18.075,1.0441,21.91,-17.301,-5.6386,15.316,-37.903,-86.619,-18.385,-7.8281,-13.506
-24.961,-17.839,1.2281,21.704,-17.205,-5.5205,15.149,-36.988,-77.926,-17.643,-7.1014,-12.952
-24.789,-17.624,1.3063,21.496,-17.076,-5.4581,14.909,-36.039,-69.002,-16.935,-6.386,-12.438
-24.603,-17.413,1.3069,21.278,-16.922,-5.4216,14.584,-35.067,-60.04,-16.277,-5.7103,-11.96
-24.4,-17.197,1.2504,21.047,-16.745,-5.3942,14.177,-34.083,-51.244,-15.674,-5.0906,-11.521
-24.175,-16.985,1.1439,20.803,-16.541,-5.3761,13.71,-33.093,-42.791,-15.121,-4.5281,-11.122
-23.926,-16.797,0.98585,20.558,-16.301,-5.3808,13.22,-32.104,-34.794,-14.607,-4.0118,-10.766
-23.657,-16.659,0.77272,20.33,-16.02,-5.4264,12.752,-31.122,-27.297,-14.119,-3.5293,-10.454
-23.379,-16.596,0.50332,20.141,-15.696,-5.5265,12.345,-30.157,-20.298,-13.641,-3.0774,-10.187
-23.104,-16.618,0.17777,20.004,-15.327,-5.6841,12.02,-29.222,-13.765,-13.162,-2.6666,-9.9699
-22.83,-16.711,-0.20603,19.913,-14.912,-5.8922,11.776,-28.332,-7.6578,-12.674,-2.3157,-9.8101
-22.545,-16.842,-0.65478,19.844,-14.444,-6.1381,11.589,-27.491,-1.9299,-12.174,-2.0417,-9.7094
-22.226,-16.971,-1.1792,19.76,-13.915,-6.409,11.434,-26.691,3.4679,-11.664,-1.8486,-9.6608
-21.846,-17.059,-1.7907,19.626,-13.321,-6.6957,11.298,-25.911,8.5853,-11.14,-1.7238,-9.6437
-21.387,-17.081,-2.4965,19.417,-12.662,-6.9926,11.189,-25.122,13.47,-10.598,-1.6451,-9.6285
-20.832,-17.022,-3.2942,19.116,-11.943,-7.2962,11.131,-24.305,18.166,-10.035,-1.5971,-9.5876
-20.172,-16.88,-4.169,18.716,-11.168,-7.5997,11.147,-23.454,22.716,-9.4591,-1.5831,-9.5067
-19.385,-16.649,-5.0953,18.206,-10.334,-7.8888,11.25,-22.569,27.162,-8.8855,-1.6217,-9.3864
-18.434,-16.314,-6.0394,17.564,-9.4168,-8.1423,11.443,-21.648,31.546,-8.3252,-1.7299,-9.2326
-17.258,-15.85,-6.9604,16.752,-8.3837,-8.3329,11.715,-20.675,35.897,-7.7741,-1.9041,-9.045
-15.793,-15.221,-7.8063,15.723,-7.2145,-8.4286,12.061,-19.619,40.204,-7.2089,-2.1101,-8.8089
-13.991,-14.38,-8.5138,14.427,-5.9269,-8.393,12.485,-18.44,44.384,-6.5926,-2.2878,-8.4944
-11.85,-13.272,-9.0173,12.82,-4.5892,-8.1895,12.999,-17.099,48.265,-5.8853,-2.365,-8.0613
-9.4326,-11.845,-9.2697,10.876,-3.3051,-7.7873,13.612,-15.563,51.62,-5.0574,-2.2781,-7.4645
-6.8587,-10.052,-9.2644,8.6013,-2.1759,-7.166,14.32,-13.811,54.233,-4.0999,-1.9913,-6.6639
-4.2684,-7.8692,-9.0418,6.0367,-1.2638,-6.3151,15.098,-11.842,55.964,-3.0297,-1.5099,-5.6363
-1.781,-5.3012,-8.667,3.2562,-0.58259,-5.2281,15.915,-9.6723,56.777,-1.8875,-0.88251,-4.3903
0.529,-2.3849,-8.1898,0.3479,-0.11084,-3.8955,16.748,-7.3457,56.714,-0.72446,-0.18666,-2.9737
2.6433,0.82778,-7.6175,-2.6173,0.18994,-2.3012,17.582,-4.9208,55.873,0.41646,0.49996,-1.461
4.6078,4.2951,-6.9111,-5.6176,0.36663,-0.42443,18.417,-2.4611,54.382,1.5179,1.1326,0.078188
6.53,8.0034,-6.0026,-8.6932,0.46878,1.7542,19.249,-0.023927,52.382,2.5915,1.7221,1.6134
8.5577,11.96,-4.8228,-11.927,0.54083,4.2442,20.071,2.3416,50.015,3.6688,2.3353,3.1657
10.833,16.159,-3.3331,-15.395,0.61646,7.0335,20.863,4.5898,47.411,4.7857,3.0728,4.7913
13.434,20.535,-1.5522,-19.093,0.71976,10.072,21.586,6.6727,44.669,5.9693,4.0311,6.547
16.315,24.942,0.43698,-22.894,0.87028,13.254,22.192,8.5394,41.848,7.2268,5.2634,8.4559
19.305,29.166,2.5034,-26.563,1.0843,16.425,22.634,10.139,38.964,8.538,6.7537,10.486
22.162,32.991,4.4915,-29.863,1.3672,19.396,22.877,11.421,36.001,9.8533,8.4119,12.546
24.666,36.249,6.247,-32.635,1.7022,21.997,22.905,12.34,32.933,11.099,10.096,14.513
26.682,38.841,7.6429,-34.83,2.0571,24.107,22.71,12.853,29.746,12.196,11.653,16.257
28.196,40.748,8.597,-36.489,2.4196,25.667,22.294,12.928,26.458,13.086,12.972,17.691
29.305,42.028,9.0801,-37.732,2.8367,26.68,21.67,12.55,23.114,13.757,14.019,18.784
30.172,42.809,9.1196,-38.726,3.4233,27.193,20.867,11.73,19.79,14.248,14.841,19.574
30.946,43.219,8.8006,-39.599,4.3386,27.261,19.932,10.512,16.575,14.629,15.534,20.132
31.704,43.321,8.2564,-40.36,5.7468,26.877,18.921,8.9696,13.555,14.969,16.192,20.528
32.496,43.113,7.625,-40.915,7.7603,25.969,17.884,7.1868,10.801,15.304,16.873,20.807
33.436,42.592,6.931,-41.188,10.359,24.498,16.843,5.2342,8.3573,15.635,17.577,20.98
34.675,41.787,5.9347,-41.222,13.327,22.513,15.771,3.1538,6.248,15.917,18.262,21.05
36.253,40.741,4.2282,-41.139,16.316,20.111,14.592,0.96437,4.4926,16.084,18.865,21.025
38.051,39.497,1.5666,-41.05,19.069,17.396,13.196,-1.3192,3.1177,16.071,19.336,20.924
39.906,38.091,-2.03,-40.999,21.579,14.473,11.457,-3.6667,2.1586,15.847,19.656,20.769
41.704,36.558,-6.3811,-40.993,24.024,11.448,9.2956,-6.0241,1.6477,15.426,19.834,20.575
43.387,34.926,-11.228,-41.035,26.594,8.4342,6.7581,-8.3166,1.6017,14.846,19.887,20.342
44.915,33.212,-16.259,-41.132,29.358,5.5521,4.0776,-10.461,2.0144,14.139,19.81,20.054
46.28,31.406,-21.111,-41.28,32.228,2.9151,1.5888,-12.386,2.8573,13.309,19.562,19.679
47.552,29.432,-25.411,-41.43,35.046,0.61417,-0.45243,-14.05,4.0798,12.33,19.073,19.181
48.998,27.165,-28.916,-41.484,37.726,-1.2956,-1.9822,-15.456,5.6017,11.159,18.28,18.522
51.017,24.47,-31.579,-41.296,40.323,-2.8082,-3.1059,-16.652,7.306,9.7537,17.152,17.681
53.766,21.282,-33.31,-40.69,42.871,-3.9784,-3.9963,-17.711,9.0459,8.0989,15.712,16.675
56.72,17.671,-33.943,-39.495,44.995,-4.908,-4.8,-18.711,10.675,6.2186,14.025,15.551
58.638,13.88,-33.491,-37.603,45.874,-5.7015,-5.5973,-19.702,12.088,4.1758,12.168,14.359
58.173,10.237,-32.135,-34.989,44.846,-6.4249,-6.4029,-20.705,13.244,2.0487,10.201,13.15
54.626,7.0156,-30.003,-31.668,41.835,-7.0957,-7.1842,-21.72,14.148,-0.10481,8.1389,11.945
48.236,4.3124,-27.164,-27.627,37.257,-7.7014,-7.8906,-22.747,14.826,-2.2718,5.9552,10.726
40.031,1.9997,-23.844,-22.862,31.713,-8.2368,-8.4818,-23.797,15.293,-4.4818,3.5757,9.4348
31.283,-0.21016,-20.499,-17.505,25.74,-8.7277,-8.9405,-24.892,15.55,-6.7756,0.92513,7.9944
22.811,-2.6158,-17.571,-11.812,19.812,-9.2358,-9.2635,-26.046,15.586,-9.1636,-2.0241,6.3394
14.851,-5.3739,-15.338,-5.9994,14.411,-9.8365,-9.4451,-27.246,15.391,-11.599,-5.2196,4.4586
7.4539,-8.4299,-13.963,-0.21709,9.9384,-10.584,-9.4733,-28.447,14.968,-13.985,-8.5371,2.4158
0.71668,-11.547,-13.475,5.3205,6.5439,-11.48,-9.3417,-29.581,14.304,-16.208,-11.835,0.33143
-5.2391,-14.406,-13.714,10.232,4.1049,-12.466,-9.0618,-30.583,13.366,-18.184,-14.99,-1.6638
-10.218,-16.74,-14.366,14.065,2.3397,-13.441,-8.6558,-31.414,12.098,-19.876,-17.942,-3.4742
-13.875,-18.447,-15.105,16.611,0.95683,-14.309,-8.1301,-32.075,10.438,-21.298,-20.707,-5.0592
-16.09,-19.601,-15.721,18.084,-0.22778,-15.013,-7.4874,-32.596,8.35,-22.488,-23.341,-6.4268
-17.297,-20.371,-16.166,18.916,-1.2731,-15.547,-6.8006,-33.022,5.8495,-23.485,-25.934,-7.6126
-18.056,-20.932,-16.474,19.472,-2.1807,-15.943,-6.2126,-33.396,3.0123,-24.314,-28.56,-8.6567
-18.671,-21.403,-16.628,19.943,-2.9383,-16.236,-5.8466,-33.737,-0.027304,-24.975,-31.273,-9.5937
-19.212,-21.827,-16.533,20.379,-3.5241,-16.441,-5.7398,-34.039,-3.1159,-25.459,-34.073,-10.438
-19.648,-22.178,-16.117,20.745,-3.928,-16.546,-5.8506,-34.272,-6.1106,-25.75,-36.939,-11.189
-19.937,-22.395,-15.395,20.983,-4.1749,-16.519,-6.0837,-34.389,-8.9022,-25.839,-39.842,-11.84
-20.075,-22.42,-14.448,21.063,-4.3291,-16.329,-6.3007,-34.333,-11.426,-25.727,-42.763,-12.373
-20.11,-22.239,-13.387,20.998,-4.4866,-15.966,-6.3171,-34.034,-13.659,-25.428,-45.702,-12.772
-20.131,-21.888,-12.329,20.848,-4.7607,-15.452,-5.9032,-33.404,-15.615,-24.973,-48.684,-13.03
-20.249,-21.44,-11.369,20.696,-5.2559,-14.837,-4.7856,-32.329,-17.322,-24.402,-51.753,-13.157
-20.565,-20.988,-10.531,20.633,-6.03,-14.181,-2.7154,-30.659,-18.796,-23.755,-54.977,-13.185
-21.121,-20.62,-9.7777,20.731,-7.0579,-13.531,0.14403,-28.184,-20.011,-23.035,-58.399,-13.158
-21.876,-20.402,-9.0469,21.016,-8.2227,-12.928,2.119,-24.628,-20.871,-22.194,-62.009,-13.125
-22.712,-20.363,-8.2715,21.456,-9.3618,-12.401,-0.8486,-19.796,-21.188,-21.105,-65.699,-13.122
-23.494,-20.478,-7.3901,21.964,-10.36,-11.966,-7.3252,-15.406,-20.656,-19.52,-69.204,-13.146
-24.141,-20.65,-6.3572,22.423,-11.223,-11.595,-9.4748,-21.11,-18.843,-16.976,-72.066,-13.133
-24.626,-20.706,-5.1549,22.696,-12.037,-11.183,-9.2305,-26.377,-15.218,-12.662,-73.625,-12.927
-24.874,-20.35,-3.7097,22.596,-12.834,-10.516,-6.6951,-22.381,-10.693,-8.746,-73.105,-12.229
-24.658,-19.055,-1.7487,21.769,-13.588,-9.2287,-0.50546,-13.691,-23.373,-12.764,-69.727,-10.451
-23.91,-15.823,1.2909,19.684,-14.374,-6.7227,11.131,0.78933,-27.889,-10.682,-65.457,-6.2364
-28.911,-20.961,9.2105,25.768,-15.328,-7.8002,30.087,22.076,-25.902,-8.7864,-91.399,-1.8919
-49.246,-27.896,18.622,37.929,-16.495,-6.1279,57.434,51.859,-20.929,-6.6372,-104.41,-9.4791
-62.754,-34.76,23.998,47.917,-17.778,-6.0122,91.55,91.288,-11.029,-2.4015,-111.76,-14.309
-71.942,-42.325,23.104,56.502,-18.895,-8.2519,127.15,139.02,7.4175,7.193,-115.21,-19.042
-74.013,-47.975,21.324,60.14,-19.46,-12.999,161.06,201.46,39.775,26.589,-111.54,-21.616
-66.977,-47.713,17.67,55.188,-19.137,-17.13,193.78,288.28,90.653,59.907,-98.106,-18.972
-48.963,-35.832,12.582,38.513,-18.243,-14.598,227.09,403.48,166.82,113.07,-71.204,-7.7703
-18.709,-5.2224,9.875,7.2086,-17.231,0.5747,265.34,552.11,279.83,200.78,-22.603,15.206
23.337,51.948,16.725,-42.199,-15.542,37.371,313.7,737.56,436.36,327.26,57.052,56.723
75.269,143.77,51.707,-112.85,-11.416,105.77,373.28,954.61,635.67,492.29,171.97,129.74
135.54,273.61,132.87,-205.76,-6.3077,209.9,437.72,1190.1,874.08,695.68,320.12,234.72
203.17,434.38,231.8,-317.43,-11.21,341.12,493.85,1420.6,1135.8,927.1,493.95,358.62
275.91,611.02,341.63,-438.64,-23.538,485.4,526.45,1613.9,1393.9,1165.2,677.66,495.71
348.34,779.39,442.02,-554.12,-34.288,620.34,522.98,1734.8,1613.8,1377.5,847.39,629.26
410.98,910,511.11,-644.74,-38.7,720.36,475.64,1750,1750.9,1524.3,974.13,737.73
452.07,974.55,531.43,-691.91,-35.046,762.62,382.63,1629,1759.6,1565.8,1029.2,799.77
461.71,954.52,495.22,-683,-17.309,733.99,250.13,1354.5,1609.3,1475.1,992.67,800.37
435.63,848.53,407.84,-616.07,9.7987,636.57,91.829,934.13,1297.5,1249.6,861.59,736.31
376.52,674.85,287.31,-501.58,38.45,488.66,-74.231,405.45,856.45,915.98,653.59,618.15
292.71,466.47,159.34,-359.76,60.877,319.65,-229.76,-168.94,347.13,524.45,402.51,467.35
195.64,260.64,49.246,-214.35,68.668,160.66,-359.58,-714.99,-156.87,134.27,148.03,309.56
97.099,87.467,-25.694,-85.368,57.689,35.26,-454.19,-1165.5,-589.29,-202.92,-75.623,166.99
7.223,-37.681,-60.254,15.443,30.283,-45.799,-511.34,-1476.6,-906.89,-454.82,-247.47,53.157
-66.078,-108.26,-61.207,84.112,-6.1846,-80.364,-535.87,-1636.7,-1096.5,-612.13,-361.85,-28.048
-117.12,-136.19,-41.639,123.04,-42.415,-88.313,-537.32,-1664.4,-1171.7,-684.68,-425.33,-79.698
-143.19,-138.52,-16.59,138.28,-70.241,-80.887,-526.97,-1597.9,-1162.2,-693.38,-450.36,-108.43
-145.23,-127.35,2.2134,135.56,-83.777,-67.798,-515.07,-1480.2,-1102.1,-661.75,-449.84,-121.59
-128.53,-111.26,8.2103,120.28,-80.601,-57.338,-507.93,-1346.3,-1020.2,-610.1,-434.77,-124.76
-100.86,-96.502,-0.11196,98.768,-62.71,-52.968,-506.34,-1217.8,-935.93,-552.89,-413.33,-121.67
-70.027,-86.633,-18.97,77.923,-35.955,-55.848,-506.59,-1102.9,-858.93,-498.51,-391.09,-115.71
-42.31,-81.833,-43.84,62.186,-8.2088,-65.224,-503.03,-1000.8,-791.43,-450.14,-370.84,-109.76
-21.709,-77.638,-70.545,51.231,15.285,-76.744,-491.31,-907.28,-731.72,-407.36,-352.58,-102.64
-10.519,-73.906,-90.802,45.343,31.967,-84.326,-470.65,-817.23,-675.32,-367.49,-334.29,-88.997
-5.7692,-73.644,-103.16,43.817,41.093,-86.964,-439.25,-727.7,-620.64,-327.41,-314.92,-81.97
-5.3705,-71.439,-108.6,42.556,43.081,-86.304,-397.7,-647.86,-563.06,-291.01,-297.51,-77.488
-7.8507,-66.765,-107,40.174,39.791,-83.225,-348.17,-570.11,-498.38,-260.39,-278.73,-72.669
-13.076,-60.342,-98.837,36.142,33.594,-78.367,-293.72,-487.96,-433.62,-231.81,-255.26,-67.002
-19.298,-53.737,-86.185,31.776,25.853,-72.081,-238.3,-407.12,-380.2,-199.15,-231.25,-60.571
-21.439,-48.353,-71.706,28.84,18.436,-64.755,-185.8,-332.65,-328.8,-165.44,-212.71,-53.638
-21.416,-44.486,-57.882,27.151,15.389,-56.869,-139.5,-267.64,-274.51,-135.03,-198.41,-46.587
-21.238,-41.654,-46.012,26.118,12.824,-48.983,-101.45,-213.89,-224.05,-109.84,-185.37,-39.875
-21.272,-39.243,-36.895,25.429,8.589,-41.722,-72.031,-172.47,-176.17,-90.573,-172.34,-33.893
-21.522,-36.792,-30.551,24.92,4.3536,-35.615,-50.201,-142.36,-134.15,-76.77,-159.31,-28.848
-21.909,-34.076,-26.272,24.484,0.88109,-30.802,-34.434,-120.65,-101.55,-67.27,-146.72,-24.751
-22.334,-31.144,-23.155,24.049,-1.89,-26.97,-23.137,-104.35,-78.653,-60.749,-135.13,-21.489
-22.72,-28.25,-20.212,23.583,-4.2774,-23.574,-14.761,-91.337,-63.532,-56.023,-125.16,-18.903
-23.033,-25.67,-16.978,23.091,-6.4739,-20.123,-8.2243,-80.441,-54.02,-52.012,-117.43,-16.844
-23.268,-23.542,-13.807,22.601,-8.4111,-16.758,-3.5819,-71.144,-50.063,-46.942,-112.08,-15.199
-23.44,-21.869,-11.477,22.148,-9.9434,-14.058,-2.6382,-62.649,-50.764,-39.852,-108.52,-13.887
-23.565,-20.583,-10.206,21.754,-11.062,-12.141,-0.94979,-52.582,-46.741,-34.121,-105.97,-12.854
-23.656,-19.604,-9.2664,21.423,-11.856,-10.786,3.1178,-43.703,-40.105,-30.628,-103.98,-12.063
-23.712,-18.851,-8.451,21.144,-12.414,-9.7885,7.0119,-38.159,-34.744,-28.389,-102.33,-11.491
-23.728,-18.258,-7.7722,20.9,-12.801,-9.0166,9.9498,-34.46,-30.845,-26.824,-100.91,-11.117
-23.703,-17.774,-7.2002,20.675,-13.06,-8.395,12.005,-31.734,-27.965,-25.654,-99.637,-10.917
-23.64,-17.361,-6.7072,20.462,-13.222,-7.8825,13.478,-29.589,-25.737,-24.715,-98.444,-10.855
-23.547,-16.994,-6.2888,20.256,-13.311,-7.4567,14.586,-27.811,-23.919,-23.91,-97.308,-10.881
-23.438,-16.652,-5.9572,20.055,-13.353,-7.1013,15.446,-26.273,-22.371,-23.183,-96.209,-10.939
-23.326,-16.315,-5.7256,19.861,-13.371,-6.7988,16.112,-24.894,-21.015,-22.509,-95.131,-10.977
-23.224,-15.97,-5.5945,19.672,-13.387,-6.5282,16.61,-23.628,-19.805,-21.878,-94.067,-10.956
-23.135,-15.606,-5.5455,19.485,-13.412,-6.2682,16.948,-22.451,-18.705,-21.286,-93.016,-10.856
-23.057,-15.217,-5.5436,19.295,-13.45,-6.0021,17.135,-21.346,-17.682,-20.724,-91.975,-10.684
-22.981,-14.807,-5.5466,19.098,-13.496,-5.7192,17.187,-20.304,-16.702,-20.178,-90.941,-10.471
-22.898,-14.379,-5.5129,18.89,-13.545,-5.414,17.135,-19.315,-15.736,-19.634,-89.918,-10.261
-22.805,-13.943,-5.4073,18.675,-13.596,-5.085,17.024,-18.371,-14.77,-19.091,-88.895,-10.093
-22.708,-13.508,-5.2032,18.461,-13.657,-4.7347,16.909,-17.462,-13.797,-18.558,-87.854,-9.9941
-22.616,-13.083,-4.8878,18.255,-13.736,-4.3679,16.831,-16.574,-12.816,-18.058,-86.766,-9.9671
-22.529,-12.663,-4.4678,18.057,-13.842,-3.9878,16.802,-15.691,-11.825,-17.609,-85.588,-9.9933
-22.436,-12.227,-3.9718,17.848,-13.966,-3.5929,16.808,-14.792,-10.816,-17.214,-84.261,-10.04
-22.312,-11.745,-3.4471,17.601,-14.09,-3.18,16.826,-13.854,-9.7845,-16.858,-82.731,-10.071
-22.132,-11.196,-2.9515,17.293,-14.184,-2.7527,16.842,-12.861,-8.7421,-16.514,-80.964,-10.058
-21.878,-10.578,-2.5385,16.913,-14.218,-2.3264,16.856,-11.804,-7.723,-16.153,-78.959,-9.9855
-21.543,-9.9101,-2.2441,16.465,-14.171,-1.9257,16.871,-10.689,-6.779,-15.752,-76.743,-9.8571
-21.136,-9.2344,-2.0775,15.972,-14.036,-1.5758,16.886,-9.5268,-5.9598,-15.297,-74.354,-9.689
-20.675,-8.5961,-2.0237,15.464,-13.819,-1.292,16.908,-8.3311,-5.2883,-14.777,-71.818,-9.5027
-20.188,-8.0307,-2.0564,14.973,-13.533,-1.0748,16.944,-7.1075,-4.7462,-14.182,-69.145,-9.3176
-19.704,-7.5538,-2.153,14.521,-13.198,-0.91259,16.996,-5.8509,-4.2782,-13.507,-66.336,-9.1488
-19.247,-7.1567,-2.3081,14.121,-12.834,-0.79064,17.05,-4.5467,-3.8139,-12.752,-63.404,-9.0072
-18.825,-6.809,-2.5372,13.758,-12.455,-0.69852,17.071,-3.1744,-3.2943,-11.919,-60.387,-8.8977
-18.424,-6.4652,-2.8669,13.397,-12.066,-0.63111,17.021,-1.71,-2.6901,-11.02,-57.34,-8.8134
-18.018,-6.0767,-3.314,12.993,-11.666,-0.58304,16.87,-0.13059,-2.0053,-10.062,-54.316,-8.7336
-17.586,-5.6051,-3.8675,12.51,-11.257,-0.54242,16.61,1.5805,-1.2679,-9.0508,-51.352,-8.6324
-17.138,-5.0354,-4.4841,11.95,-10.862,-0.48958,16.245,3.4283,-0.51596,-7.9883,-48.469,-8.4925
-16.72,-4.3832,-5.0943,11.358,-10.52,-0.40094,15.792,5.4064,0.21307,-6.8776,-45.677,-8.3177
-16.395,-3.6858,-5.6143,10.806,-10.274,-0.25322,15.274,7.5023,0.88741,-5.7288,-42.985,-8.1338
-16.196,-2.9728,-5.9633,10.34,-10.144,-0.023638,14.716,9.7036,1.4801,-4.5596,-40.402,-7.9777
-16.094,-2.2347,-6.0815,9.9435,-10.115,0.3118,14.141,12,1.9672,-3.3901,-37.931,-7.8825
-16.001,-1.4188,-5.9427,9.5323,-10.141,0.77555,13.56,14.38,2.3277,-2.2352,-35.566,-7.8637
-15.816,-0.46174,-5.5572,9.0021,-10.173,1.3782,12.961,16.833,2.5462,-1.1005,-33.296,-7.9132
-15.461,0.66978,-4.9659,8.275,-10.174,2.108,12.309,19.353,2.6193,0.019637,-31.108,-8.0028
-14.9,1.9649,-4.2309,7.3202,-10.122,2.9324,11.573,21.966,2.5644,1.1448,-28.982,-8.092
-14.132,3.389,-3.4221,6.1453,-10.011,3.8146,10.758,24.738,2.4234,2.3101,-26.888,-8.1355
-13.173,4.9181,-2.6051,4.7738,-9.8495,4.7363,9.9089,27.783,2.2574,3.5625,-24.784,-8.0886
-12.046,6.5646,-1.8348,3.2217,-9.6481,5.7108,9.0961,31.233,2.1321,4.9517,-22.627,-7.9101
-10.754,8.3841,-1.1555,1.4758,-9.4098,6.7805,8.3804,35.211,2.1006,6.5216,-20.373,-7.5646
-9.2686,10.459,-0.60138,-0.51227,-9.1189,8.0012,7.7808,39.78,2.1908,8.3054,-17.986,-7.027
-7.5283,12.863,-0.1957,-2.8125,-8.7418,9.4205,7.2587,44.92,2.4031,10.327,-15.438,-6.2869
-5.4598,15.629,0.051452,-5.4886,-8.239,11.061,6.7262,50.519,2.7195,12.609,-12.699,-5.3536
-3.0044,18.729,0.14584,-8.5691,-7.5804,12.918,6.0709,56.406,3.1197,15.175,-9.7305,-4.2519
-0.14154,22.087,0.11151,-12.026,-6.7583,14.968,5.185,62.419,3.5965,18.058,-6.4759,-3.0097
3.0962,25.605,-0.0069547,-15.764,-5.7925,17.185,3.9888,68.449,4.1626,21.294,-2.8578,-1.6397
6.6238,29.199,-0.14484,-19.634,-4.7267,19.56,2.4493,74.47,4.8504,24.92,1.2103,-0.12773
10.329,32.84,-0.22434,-23.484,-3.6148,22.104,0.59616,80.524,5.7077,28.974,5.8024,1.5698
14.113,36.57,-0.1691,-27.221,-2.5014,24.838,-1.4812,86.682,6.7903,33.502,10.952,3.5199
17.925,40.493,0.079426,-30.844,-1.4069,27.771,-3.6687,92.986,8.1522,38.553,16.624,5.8016
21.759,44.745,0.55245,-34.431,-0.32692,30.889,-5.8822,99.405,9.8348,44.141,22.692,8.4841
25.615,49.452,1.2562,-38.088,0.75699,34.164,-8.1003,105.85,11.861,50.19,28.949,11.596
29.464,54.683,2.1853,-41.913,1.8651,37.566,-10.363,112.21,14.236,56.519,35.146,15.1
33.244,60.411,3.3417,-45.996,3.0148,41.067,-12.749,118.44,16.95,62.915,41.054,18.902
36.908,66.537,4.7421,-50.433,4.2194,44.654,-15.344,124.54,19.987,69.241,46.529,22.885
40.47,72.95,6.4073,-55.342,5.4859,48.338,-18.232,130.6,23.318,75.472,51.543,26.958
44.025,79.558,8.341,-60.814,6.817,52.148,-21.484,136.71,26.912,81.653,56.174,31.076
47.727,86.279,10.509,-66.84,8.2159,56.119,-25.129,142.99,30.74,87.844,60.562,35.227
51.746,93.006,12.824,-73.255,9.6873,60.257,-29.094,149.59,34.778,94.082,64.847,39.41
56.213,99.616,15.149,-79.787,11.232,64.529,-33.207,156.71,39.014,100.36,69.117,43.619
61.158,106,17.324,-86.158,12.844,68.85,-37.302,164.52,43.435,106.61,73.39,47.832
66.482,112.06,19.218,-92.165,14.511,73.102,-41.32,173.04,48.009,112.75,77.624,52.02
71.981,117.77,20.765,-97.702,16.216,77.176,-45.295,182.06,52.674,118.71,81.751,56.156
77.421,123.11,21.981,-102.73,17.935,81.037,-49.28,191.18,57.343,124.45,85.711,60.233
82.605,128.13,22.938,-107.26,19.645,84.734,-53.273,200.03,61.918,130,89.467,64.264
87.419,132.92,23.735,-111.31,21.323,88.347,-57.213,208.45,66.317,135.41,93.003,68.271
91.813,137.57,24.45,-114.93,22.961,91.894,-61.026,216.42,70.481,140.73,96.316,72.253
95.78,142.14,25.112,-118.19,24.561,95.288,-64.686,223.96,74.365,146.01,99.417,76.169
99.328,146.63,25.702,-121.17,26.126,98.373,-68.223,231.05,77.915,151.23,102.33,79.937
102.48,151,26.172,-123.98,27.658,101.02,-71.686,237.58,81.048,156.39,105.11,83.464
105.29,155.2,26.48,-126.78,29.152,103.17,-75.13,243.36,83.663,161.43,107.83,86.676
107.83,159.2,26.619,-129.71,30.601,104.89,-78.602,248.22,85.665,166.26,110.6,89.546
110.21,162.97,26.615,-132.86,31.995,106.27,-82.12,252.08,87.016,170.81,113.54,92.091
112.5,166.5,26.525,-136.24,33.32,107.43,-85.65,254.97,87.767,175.03,116.78,94.363
114.73,169.75,26.41,-139.72,34.558,108.47,-89.089,256.92,88.051,178.92,120.43,96.427
116.85,172.69,26.322,-143.08,35.688,109.48,-92.299,258.01,88.048,182.49,124.5,98.336
118.76,175.27,26.293,-146.1,36.694,110.45,-95.157,258.27,87.925,185.78,128.92,100.12
120.37,177.43,26.34,-148.63,37.57,111.37,-97.614,257.71,87.801,188.78,133.53,101.77
121.6,179.17,26.47,-150.59,38.324,112.21,-99.707,256.4,87.714,191.45,138.08,103.28
122.46,180.49,26.693,-152.01,38.971,112.95,-101.54,254.4,87.622,193.74,142.35,104.63
122.98,181.48,27.02,-152.97,39.519,113.59,-103.23,251.85,87.425,195.58,146.15,105.8
123.25,182.22,27.452,-153.58,39.953,114.14,-104.87,248.85,86.993,196.94,149.37,106.78
123.34,182.8,27.986,-153.95,40.226,114.64,-106.47,245.49,86.213,197.82,151.96,107.58
123.29,183.26,28.605,-154.16,40.278,115.1,-108,241.8,85.01,198.21,153.88,108.23
123.1,183.61,29.282,-154.21,40.069,115.5,-109.35,237.76,83.372,198.1,155.14,108.74
122.78,183.82,29.977,-154.08,39.604,115.83,-110.38,233.36,81.345,197.49,155.72,109.16
122.29,183.81,30.642,-153.69,38.933,116.05,-110.98,228.53,79.028,196.37,155.63,109.46
121.64,183.5,31.246,-152.99,38.13,116.13,-111.12,223.28,76.563,194.76,154.89,109.62
120.77,182.82,31.777,-151.89,37.256,116.07,-110.8,217.64,74.128,192.67,153.54,109.59
119.68,181.66,32.234,-150.32,36.349,115.87,-110.06,211.67,71.936,190.15,151.65,109.3
118.32,179.91,32.603,-148.24,35.424,115.48,-108.87,205.47,70.201,187.27,149.29,108.69
116.69,177.45,32.845,-145.61,34.496,114.82,-107.12,199.12,69.089,184.12,146.53,107.7
114.81,174.19,32.9,-142.44,33.579,113.75,-104.71,192.67,68.68,180.75,143.43,106.31
112.72,170.09,32.697,-138.77,32.668,112.15,-101.53,186.19,68.912,177.18,140.02,104.47
110.46,165.14,32.177,-134.69,31.722,109.91,-97.614,179.76,69.578,173.38,136.29,102.17
108.03,159.41,31.303,-130.41,30.678,107,-93.106,173.5,70.372,169.27,132.23,99.393
105.36,153.1,30.084,-126.13,29.499,103.42,-88.159,167.51,70.988,164.77,127.85,96.144
102.25,146.53,28.571,-121.96,28.2,99.227,-82.859,161.84,71.209,159.84,123.15,92.409
98.467,139.97,26.838,-117.78,26.816,94.562,-77.21,156.5,70.94,154.52,118.18,88.173
93.865,133.49,24.96,-113.32,25.355,89.615,-71.159,151.41,70.193,148.91,112.97,83.421
88.555,127.01,22.992,-108.33,23.782,84.537,-64.649,146.49,69.036,143.1,107.55,78.159
82.889,120.33,20.969,-102.68,22.045,79.401,-57.661,141.62,67.535,137.11,101.89,72.416
77.166,113.33,18.907,-96.43,20.102,74.212,-50.273,136.69,65.725,130.91,95.946,66.257
71.461,105.9,16.796,-89.663,17.954,68.951,-42.672,131.59,63.603,124.47,89.694,59.768
65.68,97.984,14.619,-82.479,15.643,63.597,-35.073,126.24,61.147,117.77,83.122,53.043
59.69,89.575,12.388,-74.976,13.23,58.155,-27.608,120.54,58.348,110.76,76.261,46.179
53.379,80.771,10.187,-67.287,10.783,52.668,-20.341,114.43,55.222,103.42,69.198,39.296
46.704,71.789,8.1391,-59.58,8.3775,47.197,-13.387,107.88,51.808,95.714,62.074,32.532
39.705,62.934,6.3019,-52.006,6.1058,41.79,-6.9489,100.89,48.137,87.644,55.041,26.005
32.503,54.481,4.6089,-44.646,4.0591,36.474,-1.1764,93.433,44.187,79.225,48.214,19.784
25.268,46.544,2.9228,-37.486,2.2886,31.263,3.9314,85.514,39.862,70.51,41.626,13.916
18.187,39.031,1.1321,-30.44,0.78672,26.152,8.3694,77.082,35.024,61.577,35.236,8.4689
11.432,31.707,-0.80301,-23.407,-0.49293,21.11,12.021,68.101,29.567,52.512,28.964,3.5303
5.1396,24.328,-2.8637,-16.339,-1.6068,16.113,14.823,58.623,23.484,43.395,22.753,-0.82749
-0.6051,16.787,-4.9965,-9.2839,-2.6065,11.214,16.884,48.858,16.894,34.326,16.605,-4.5801
-5.7331,9.2487,-7.1207,-2.4341,-3.533,6.581,18.386,39.149,9.9874,25.476,10.599,-7.7642
-10.134,2.1375,-9.1332,3.8628,-4.4072,2.4403,19.486,29.852,2.9429,17.091,4.8647,-10.46
-13.676,-4.0641,-10.923,9.181,-5.2237,-1.0493,20.286,21.201,-4.1231,9.4224,-0.46949,-12.761
-16.338,-9.075,-12.389,13.257,-5.9611,-3.8695,20.856,13.28,-11.168,2.6217,-5.3125,-14.747
-18.273,-12.91,-13.463,16.167,-6.6065,-6.1125,21.239,6.0782,-18.213,-3.2861,-9.6299,-16.479
-19.709,-15.783,-14.126,18.217,-7.1719,-7.9095,21.471,-0.44922,-25.326,-8.3652,-13.439,-18.009
-20.844,-17.96,-14.427,19.724,-7.6924,-9.3806,21.572,-6.3481,-32.604,-12.716,-16.79,-19.385
-21.812,-19.667,-14.479,20.912,-8.206,-10.615,21.56,-11.659,-40.15,-16.438,-19.751,-20.645
-22.683,-21.059,-14.416,21.909,-8.7332,-11.674,21.447,-16.423,-48.048,-19.609,-22.387,-21.821
-23.481,-22.231,-14.343,22.774,-9.27,-12.592,21.242,-20.684,-56.337,-22.286,-24.754,-22.933
-24.199,-23.235,-14.318,23.527,-9.7958,-13.391,20.95,-24.488,-64.989,-24.509,-26.894,-23.99
-24.823,-24.094,-14.352,24.171,-10.287,-14.073,20.571,-27.876,-73.887,-26.314,-28.833,-24.993
-25.342,-24.817,-14.414,24.705,-10.73,-14.63,20.106,-30.878,-82.816,-27.744,-30.583,-25.94
-25.756,-25.4,-14.44,25.13,-11.127,-15.046,19.564,-33.518,-91.498,-28.849,-32.143,-26.822
-26.076,-25.844,-14.358,25.452,-11.495,-15.31,18.961,-35.815,-99.658,-29.679,-33.501,-27.625
-26.32,-26.156,-14.134,25.684,-11.851,-15.427,18.326,-37.793,-107.1,-30.282,-34.631,-28.333
-26.502,-26.355,-13.793,25.844,-12.198,-15.414,17.693,-39.483,-113.77,-30.695,-35.495,-28.932
-26.629,-26.459,-13.402,25.943,-12.523,-15.304,17.093,-40.927,-119.68,-30.95,-36.047,-29.4
-26.7,-26.474,-13.026,25.988,-12.803,-15.121,16.546,-42.168,-124.9,-31.077,-36.251,-29.714
-26.712,-26.386,-12.693,25.974,-13.023,-14.877,16.054,-43.242,-129.52,-31.101,-36.092,-29.853
-26.67,-26.171,-12.374,25.891,-13.189,-14.562,15.607,-44.175,-133.55,-31.045,-35.598,-29.808
-26.591,-25.81,-12,25.733,-13.324,-14.156,15.2,-44.979,-137.01,-30.925,-34.839,-29.595
-26.498,-25.32,-11.488,25.51,-13.465,-13.642,14.839,-45.654,-139.92,-30.754,-33.912,-29.25
-26.42,-24.745,-10.768,25.25,-13.652,-13.019,14.543,-46.196,-142.3,-30.536,-32.918,-28.819
-26.375,-24.132,-9.8061,24.983,-13.912,-12.302,14.337,-46.6,-144.21,-30.272,-31.935,-28.343
-26.365,-23.509,-8.6191,24.726,-14.248,-11.513,14.244,-46.861,-145.7,-29.957,-31.007,-27.846
-26.372,-22.876,-7.2703,24.47,-14.635,-10.677,14.271,-46.977,-146.82,-29.58,-30.146,-27.332
-26.37,-22.221,-5.8546,24.197,-15.033,-9.8216,14.41,-46.947,-147.62,-29.137,-29.345,-26.783
-26.336,-21.539,-4.4736,23.89,-15.401,-8.9817,14.637,-46.768,-148.12,-28.631,-28.591,-26.171
-26.26,-20.842,-3.209,23.552,-15.713,-8.1912,14.921,-46.444,-148.36,-28.076,-27.872,-25.468
-26.146,-20.158,-2.1046,23.198,-15.963,-7.4745,15.239,-45.985,-148.38,-27.503,-27.178,-24.664
-26.008,-19.512,-1.1604,22.853,-16.159,-6.836,15.573,-45.41,-148.21,-26.939,-26.494,-23.773
-25.859,-18.914,-0.34405,22.532,-16.312,-6.2581,15.913,-44.745,-147.9,-26.404,-25.796,-22.823
-25.703,-18.352,0.38391,22.231,-16.424,-5.7114,16.247,-44.012,-147.47,-25.897,-25.063,-21.848
-25.529,-17.797,1.0456,21.929,-16.485,-5.1722,16.559,-43.229,-146.91,-25.397,-24.281,-20.875
-25.316,-17.225,1.6342,21.603,-16.474,-4.6357,16.83,-42.401,-146.22,-24.875,-23.449,-19.916
-25.049,-16.622,2.1168,21.232,-16.378,-4.1158,17.045,-41.529,-145.36,-24.299,-22.586,-18.968
-24.721,-15.992,2.4536,20.813,-16.191,-3.6345,17.188,-40.61,-144.32,-23.655,-21.721,-18.015
-24.343,-15.352,2.6235,20.359,-15.928,-3.2111,17.248,-39.647,-143.08,-22.94,-20.891,-17.042
-23.942,-14.736,2.6389,19.899,-15.617,-2.8579,17.222,-38.64,-141.64,-22.166,-20.13,-16.042
-23.55,-14.181,2.5405,19.469,-15.29,-2.5818,17.111,-37.596,-139.97,-21.348,-19.457,-15.027
-23.188,-13.721,2.381,19.095,-14.97,-2.3853,16.927,-36.52,-138.08,-20.499,-18.88,-14.02
-22.857,-13.365,2.208,18.782,-14.662,-2.2626,16.691,-35.416,-135.91,-19.622,-18.387,-13.057
-22.536,-13.092,2.0537,18.511,-14.354,-2.1959,16.426,-34.288,-133.39,-18.716,-17.957,-12.172
-22.194,-12.859,1.9323,18.244,-14.025,-2.159,16.151,-33.142,-130.42,-17.773,-17.567,-11.387
-21.802,-12.621,1.8429,17.946,-13.654,-2.1277,15.877,-31.981,-126.88,-16.795,-17.203,-10.703
-21.332,-12.338,1.7711,17.585,-13.226,-2.0884,15.599,-30.814,-122.66,-15.792,-16.86,-10.102
-20.76,-11.978,1.6896,17.129,-12.735,-2.0371,15.305,-29.645,-117.68,-14.788,-16.532,-9.5406
-20.054,-11.5,1.5666,16.536,-12.184,-1.9661,14.989,-28.473,-111.98,-13.806,-16.201,-8.9676
-19.179,-10.836,1.3812,15.748,-11.588,-1.8474,14.667,-27.289,-105.65,-12.854,-15.84,-8.3299
-18.108,-9.8916,1.1367,14.699,-10.976,-1.6244,14.378,-26.072,-98.835,-11.919,-15.412,-7.5865
-16.846,-8.5602,0.86454,13.339,-10.391,-1.2192,14.187,-24.795,-91.658,-10.972,-14.888,-6.7178
-15.444,-6.7699,0.61719,11.66,-9.877,-0.55079,14.155,-23.428,-84.173,-9.9776,-14.256,-5.7301
-13.994,-4.5273,0.45374,9.7206,-9.4618,0.43876,14.32,-21.941,-76.418,-8.9054,-13.514,-4.655
-12.588,-1.9377,0.42154,7.6291,-9.1364,1.7557,14.671,-20.317,-68.475,-7.7382,-12.67,-3.5426
-11.267,0.83274,0.55423,5.4896,-8.8599,3.3404,15.157,-18.548,-60.482,-6.4706,-11.73,-2.4505
-9.9924,3.639,0.89329,3.3439,-8.5821,5.0948,15.718,-16.642,-52.59,-5.1057,-10.7,-1.4283
-8.6653,6.4291,1.4974,1.1478,-8.2681,6.9448,16.33,-14.609,-44.916,-3.6471,-9.5834,-0.49824
-7.1519,9.2631,2.417,-1.2122,-7.9077,8.8907,17.018,-12.459,-37.534,-2.094,-8.3815,0.35996
-5.3197,12.275,3.6681,-3.8763,-7.5085,11.006,17.847,-10.202,-30.495,-0.44593,-7.0976,1.2115
-3.0759,15.6,5.2312,-6.9498,-7.0868,13.391,18.867,-7.8597,-23.843,1.2842,-5.7405,2.1538
-0.41066,19.299,7.0564,-10.442,-6.6652,16.105,20.081,-5.4747,-17.613,3.0609,-4.3273,3.294
2.5766,23.307,9.0621,-14.24,-6.2725,19.118,21.431,-3.1196,-11.818,4.8316,-2.8815,4.724
5.6967,27.441,11.132,-18.139,-5.9375,22.289,22.815,-0.88858,-6.4445,6.5423,-1.4274,6.4922
8.7447,31.476,13.114,-21.922,-5.674,25.413,24.112,1.1189,-1.4631,8.1529,0.015903,8.5736
11.588,35.24,14.852,-25.444,-5.4651,28.323,25.215,2.8179,3.1569,9.6424,1.4356,10.854
14.204,38.667,16.247,-28.647,-5.2611,30.973,26.049,4.1545,7.4383,11.004,2.8224,13.155
16.64,41.759,17.306,-31.529,-5.0005,33.423,26.569,5.1098,11.395,12.236,4.1646,15.29
18.935,44.535,18.131,-34.089,-4.6389,35.756,26.742,5.6904,15.031,13.326,5.4422,17.128
21.063,46.976,18.825,-36.299,-4.1678,37.978,26.533,5.9121,18.343,14.248,6.6262,18.623
22.947,49.018,19.427,-38.124,-3.6081,39.969,25.892,5.7873,21.317,14.961,7.6861,19.801
24.528,50.582,19.907,-39.551,-2.9814,41.521,24.738,5.3274,23.933,15.43,8.6027,20.733
25.841,51.628,20.186,-40.615,-2.2753,42.461,22.972,4.5528,26.183,15.649,9.3791,21.51
27.013,52.199,20.177,-41.405,-1.4302,42.734,20.556,3.5006,28.085,15.649,10.041,22.237
28.216,52.411,19.806,-42.034,-0.35685,42.41,17.627,2.2198,29.679,15.491,10.624,23.015
29.574,52.398,19.032,-42.602,1.0268,41.623,14.49,0.75834,31.011,15.237,11.163,23.913
31.12,52.26,17.856,-43.166,2.7613,40.5,11.462,-0.84916,32.116,14.93,11.671,24.944
32.787,52.043,16.345,-43.73,4.8211,39.126,8.7028,-2.5874,32.994,14.58,12.142,26.049
34.455,51.738,14.613,-44.259,7.1062,37.533,6.1676,-4.4546,33.615,14.166,12.542,27.113
35.994,51.289,12.763,-44.695,9.4577,35.732,3.6863,-6.4454,33.926,13.643,12.826,27.997
37.299,50.62,10.813,-44.978,11.7,33.739,1.1038,-8.528,33.891,12.98,12.96,28.585
38.312,49.659,8.6988,-45.058,13.685,31.587,-1.5859,-10.628,33.526,12.18,12.951,28.817
39.027,48.375,6.3509,-44.915,15.329,29.305,-4.1932,-12.638,32.9,11.298,12.855,28.693
39.501,46.782,3.797,-44.559,16.615,26.899,-6.4269,-14.443,32.111,10.418,12.751,28.249
39.885,44.913,1.2222,-44.024,17.597,24.35,-8.0759,-15.966,31.23,9.6093,12.691,27.525
40.436,42.786,-1.1269,-43.339,18.427,21.647,-9.1178,-17.19,30.274,8.8886,12.663,26.545
41.431,40.384,-3.0911,-42.489,19.352,18.81,-9.6817,-18.165,29.203,8.2015,12.582,25.315
42.81,37.654,-4.5801,-41.363,20.484,15.903,-9.9456,-18.991,27.942,7.4402,12.332,23.832
43.695,34.512,-5.5532,-39.712,21.383,13.01,-10.062,-19.782,26.427,6.4868,11.811,22.102
42.738,30.877,-6.0342,-37.208,21.281,10.222,-10.134,-20.628,24.635,5.2646,10.979,20.15
39.296,26.725,-6.0673,-33.622,19.858,7.6436,-10.214,-21.565,22.599,3.7703,9.8684,18.016
33.756,22.159,-5.6943,-28.991,17.328,5.3749,-10.323,-22.586,20.396,2.0706,8.5544,15.744
26.914,17.399,-4.9733,-23.582,14.089,3.462,-10.474,-23.66,18.113,0.26437,7.1155,13.36
19.533,12.662,-4.0013,-17.721,10.516,1.8594,-10.696,-24.762,15.814,-1.5696,5.5997,10.868
12.195,8.0492,-2.9338,-11.687,6.8949,0.45066,-11.047,-25.895,13.523,-3.4097,4.0132,8.2487
5.2703,3.5771,-1.9829,-5.7089,3.4514,-0.89757,-11.583,-27.078,11.232,-5.289,2.3348,5.4957
-1.0363,-0.73189,-1.3686,0.010509,0.38649,-2.2859,-12.326,-28.325,8.9159,-7.2605,0.54372,2.6497
-6.5887,-4.7982,-1.237,5.2622,-2.1603,-3.7584,-13.236,-29.623,6.5609,-9.3528,-1.351,-0.18364
-11.263,-8.508,-1.6019,9.8378,-4.1788,-5.3027,-14.218,-30.925,4.1799,-11.541,-3.298,-2.8539
-14.985,-11.766,-2.3531,13.584,-5.7887,-6.8668,-15.148,-32.163,1.8156,-13.746,-5.2114,-5.2233
-17.791,-14.534,-3.319,16.467,-7.1406,-8.3826,-15.911,-33.271,-0.47137,-15.864,-6.9978,-7.2069
-19.814,-16.823,-4.3419,18.576,-8.2975,-9.7873,-16.44,-34.207,-2.6239,-17.803,-8.588,-8.793
-21.221,-18.666,-5.3115,20.061,-9.2237,-11.041,-16.75,-34.969,-4.6096,-19.506,-9.9606,-10.026
-22.156,-20.095,-6.1537,21.073,-9.8739,-12.124,-16.928,-35.589,-6.4319,-20.953,-11.144,-10.979
-22.735,-21.153,-6.8056,21.747,-10.248,-13.016,-17.092,-36.118,-8.1208,-22.145,-12.186,-11.723
-23.049,-21.901,-7.2015,22.184,-10.388,-13.703,-17.334,-36.598,-9.706,-23.091,-13.127,-12.302
-23.173,-22.413,-7.2812,22.454,-10.363,-14.183,-17.68,-37.042,-11.187,-23.802,-13.967,-12.729
-23.168,-22.751,-7.0379,22.598,-10.263,-14.483,-18.078,-37.426,-12.531,-24.291,-14.659,-12.991
-23.097,-22.946,-6.5629,22.644,-10.187,-14.643,-18.428,-37.697,-13.67,-24.573,-15.138,-13.069
-23.021,-22.999,-6.0262,22.613,-10.209,-14.69,-18.603,-37.782,-14.541,-24.662,-15.371,-12.962
-22.991,-22.913,-5.5895,22.536,-10.358,-14.632,-18.473,-37.596,-15.113,-24.574,-15.374,-12.707
-23.05,-22.718,-5.3267,22.456,-10.615,-14.478,-17.908,-37.045,-15.4,-24.336,-15.231,-12.389
-23.222,-22.489,-5.2065,22.429,-10.944,-14.256,-16.783,-36.02,-15.45,-23.991,-15.058,-12.129
-23.517,-22.329,-5.1269,22.517,-11.317,-14.02,-14.937,-34.393,-15.304,-23.587,-14.977,-12.046
-23.917,-22.332,-4.9739,22.756,-11.728,-13.836,-12.077,-31.965,-14.948,-23.136,-15.051,-12.217
-24.373,-22.531,-4.6742,23.129,-12.185,-13.743,-9.0265,-28.438,-14.258,-22.567,-15.241,-12.639
-24.834,-22.884,-4.2046,23.575,-12.695,-13.734,-9.957,-23.637,-12.925,-21.676,-15.373,-13.24
-25.262,-23.285,-3.5608,24.009,-13.256,-13.751,-12.869,-21.144,-10.42,-20.064,-15.123,-13.894
-25.645,-23.568,-2.7075,24.331,-13.857,-13.686,-13.941,-29.259,-5.9831,-16.976,-13.975,-14.405
-25.94,-23.481,-1.5386,24.402,-14.497,-13.358,-13.456,-28.189,0.58697,-11.886,-11.125,-14.469
-26.011,-22.597,0.22072,23.956,-15.218,-12.435,-9.3053,-21.651,-7.741,-14.648,-5.2751,-13.627
-25.638,-20.26,3.8708,22.54,-16.107,-10.857,1.2748,-9.6435,-12.528,-13.607,1.6944,-11.016
-24.972,-24.217,11.62,23.979,-17.24,-13.193,19.4,8.9015,-9.9198,-12.929,-6.7684,-6.329
-30.208,-30.545,15.524,36.15,-18.732,-12.688,44.977,34.165,-4.8408,-12.311,-10.312,-11.8
-49.832,-37.551,15.091,45.709,-23.122,-14.639,77.504,65.474,4.536,-9.8911,-13.79,-18.082
-61.986,-45.306,11.893,54.803,-30.527,-21.036,114.84,100.98,21.118,-2.259,-14.726,-24.634
-69.015,-51.523,8.0789,60.304,-31.185,-28.407,152.7,148.79,48.67,15.115,-8.9653,-28.863
-68.701,-52.689,4.8857,58.552,-29.465,-31.017,187.69,226.62,92.162,46.986,6.7979,-27.505
-57.193,-42.195,4.8574,46.164,-25.986,-24.847,223.84,343.9,162.32,100.51,34.352,-17.446
-33.225,-11.646,12.962,19.878,-22.59,-2.916,267.33,490.67,274.55,187.3,82.216,5.9055
-1.3655,46.78,40.243,-24.43,-23.031,41.872,321.11,669.46,435.84,313.28,164.45,50.318
37.719,139.06,100.62,-90.565,-31.809,116.45,384.41,873.64,638.27,477.76,288.12,123.95
84.332,268.44,188.2,-179.62,-51.656,224.43,450.61,1084.6,877.84,680.61,439.78,227.35
137.72,431.49,301.64,-288.6,-81.372,362.69,505.72,1275.1,1138.1,912.1,617.3,351.99
195.57,615.36,430.76,-409.29,-116.28,519.39,532.39,1412.4,1392.7,1151.5,809.21,491.55
253.08,796.97,557.07,-527.6,-150.08,673.81,514.9,1462.7,1608,1367,992.44,631.12
303.05,946.18,657.38,-624.87,-174.85,799.43,443.99,1396.3,1741,1518.9,1136.7,749.88
336.83,1032.1,709.22,-681.74,-183.4,869.69,320.03,1193.8,1747,1567.6,1210.5,825.48
346.73,1031.5,697.29,-683.59,-172.31,865.21,153.3,853.69,1595.9,1484.9,1190,840.01
328.81,937.55,619.02,-626.11,-142.97,780.74,-38.412,398.95,1285.1,1265.9,1068.5,786.32
284.68,764.29,487.26,-517.89,-100.74,629,-233.93,-122.53,846.44,934.85,860.54,671.69
220.84,544.02,328.01,-378.23,-53.68,438.78,-412.87,-646.69,340.76,541,599.23,516.37
146.25,317.25,173.05,-230.96,-15.712,246.36,-558.77,-1108.9,-158.76,144.19,326.1,347.07
69.842,119.89,49.516,-97.382,4.8167,83.755,-661.25,-1460.3,-586.49,-202.13,79.012,188.73
-1.0921,-26.289,-28.46,8.654,10.059,-30.405,-717.39,-1677.4,-900.05,-463.6,-116.84,58.424
-59.261,-114.67,-61.982,81.532,-0.078507,-93.358,-732.38,-1764.2,-1086.5,-629.28,-251.96,-36.725
-99.988,-153.67,-63.535,123.01,-19.1,-115.68,-717.88,-1745.6,-1159.4,-708.03,-330,-97.884
-122.88,-159.74,-49.254,139.38,-37.34,-112.85,-688.03,-1657,-1148.5,-720.44,-362.65,-130.99
-127.63,-148.02,-32.975,137.12,-47.457,-99.523,-655.52,-1533.1,-1086.8,-690.27,-365.25,-143.65
-114.4,-129.58,-24.301,122.29,-46.242,-86.794,-628.69,-1399.6,-1000.8,-638.27,-351.41,-143.51
-89.804,-111.48,-26.69,101.17,-31.779,-79.228,-609.88,-1270.8,-909.88,-579.33,-329.04,-136.82
-62.311,-97.342,-37.744,80.139,-9.374,-77.039,-596.06,-1151.1,-824.48,-522.09,-303.27,-127.65
-37.807,-88.477,-53.071,63.669,1.5049,-78.865,-581.32,-1039.2,-747.19,-470.13,-278.34,-118.41
-21.574,-84.466,-71.09,52.465,11.595,-83.871,-559.32,-931.79,-675.56,-423.63,-256.05,-110.62
-14.633,-81.442,-86.952,46.657,20.634,-87.653,-527.5,-828.04,-607.39,-379.79,-233.83,-101.09
-10.303,-80.264,-93.57,44.965,25.893,-88.029,-484.88,-730.08,-544.99,-335.81,-210.11,-93.108
-9.3538,-77.7,-92.752,43.651,28.072,-85.597,-430.91,-636.26,-484.81,-296.98,-191.14,-89.166
-11.909,-73.396,-86.103,41.564,26.347,-80.598,-369.35,-548.52,-427.23,-261.99,-174.21,-84.741
-17.008,-67.708,-75.077,38.227,20.817,-74.048,-305.5,-465.11,-381.55,-229.73,-157.05,-79.084
-21.5,-61.504,-62.7,34.228,14.195,-67.024,-244.08,-385.72,-336.87,-197.48,-139.17,-72.555
-23.079,-55.859,-50.726,31.143,9.8781,-60.339,-188.79,-313.14,-289.29,-163.44,-121.43,-65.531
-23.324,-51.362,-40.316,29.359,8.1386,-54.517,-142.41,-249.61,-244.48,-131.7,-105.22,-58.372
-23.386,-47.922,-32.844,28.387,6.1957,-49.8,-106.29,-198.27,-204.44,-105.62,-91.681,-51.497
-23.536,-45.102,-28.19,27.835,3.4532,-46.206,-78.715,-160.13,-171.92,-86.301,-81.172,-45.262
-23.794,-42.48,-25.101,27.486,0.65623,-43.526,-56.679,-132.57,-147.88,-73.065,-72.993,-39.814
-24.116,-39.831,-22.569,27.214,-1.7914,-41.318,-39.338,-112.17,-131.19,-64.33,-65.727,-35.14
-24.449,-37.181,-20.03,26.952,-3.9188,-38.968,-26.331,-96.235,-120.22,-58.365,-58.624,-31.187
-24.757,-34.74,-17.323,26.677,-5.8502,-35.884,-16.627,-83.104,-113.77,-53.71,-52.117,-27.907
-25.027,-32.723,-15.085,26.402,-7.5885,-32.082,-9.2234,-72.02,-110.72,-48.73,-46.765,-25.243
-25.248,-31.204,-13.569,26.148,-9.0413,-28.37,-4.0135,-62.609,-107.72,-41.735,-42.669,-23.118
-25.397,-30.121,-12.049,25.92,-10.148,-25.413,-3.1183,-53.051,-102.1,-35.342,-39.657,-21.44
-25.444,-29.34,-10.592,25.7,-10.916,-23.243,-1.4602,-42.818,-94.67,-31.248,-37.489,-20.12
-25.358,-28.699,-9.3555,25.448,-11.386,-21.607,3.0639,-35.408,-87.064,-28.563,-35.928,-19.073
-25.122,-28.042,-8.3252,25.124,-11.606,-20.265,7.2645,-30.279,-80.177,-26.581,-34.762,-18.217
-24.741,-27.258,-7.4472,24.697,-11.635,-19.063,10.342,-26.369,-74.227,-24.968,-33.818,-17.477
-24.253,-26.314,-6.6826,24.167,-11.541,-17.929,12.451,-23.162,-69.148,-23.573,-32.975,-16.792
-23.723,-25.271,-6.0205,23.568,-11.401,-16.864,13.91,-20.4,-64.821,-22.347,-32.163,-16.118
-23.227,-24.233,-5.4759,22.963,-11.279,-15.902,14.96,-17.955,-61.13,-21.289,-31.356,-15.438
-22.817,-23.296,-5.0799,22.409,-11.206,-15.081,15.734,-15.775,-57.953,-20.412,-30.549,-14.756
-22.506,-22.506,-4.8623,21.937,-11.162,-14.415,16.302,-13.847,-55.159,-19.716,-29.743,-14.093
-22.256,-21.856,-4.836,21.535,-11.09,-13.894,16.706,-12.17,-52.621,-19.178,-28.937,-13.478
-22.013,-21.315,-4.9822,21.176,-10.943,-13.49,16.98,-10.734,-50.217,-18.761,-28.131,-12.943
-21.742,-20.849,-5.2452,20.834,-10.713,-13.167,17.156,-9.5122,-47.847,-18.42,-27.327,-12.511
-21.439,-20.432,-5.539,20.499,-10.438,-12.89,17.263,-8.4588,-45.428,-18.105,-26.53,-12.19
-21.131,-20.05,-5.7684,20.176,-10.179,-12.63,17.33,-7.5183,-42.913,-17.773,-25.743,-11.968
-20.851,-19.696,-5.856,19.878,-9.9935,-12.367,17.38,-6.6402,-40.288,-17.397,-24.971,-11.823
-20.631,-19.369,-5.7648,19.617,-9.9162,-12.096,17.429,-5.7918,-37.584,-16.967,-24.217,-11.728
-20.482,-19.072,-5.5097,19.4,-9.9435,-11.822,17.476,-4.9597,-34.86,-16.493,-23.481,-11.658
-20.395,-18.8,-5.1477,19.224,-10.041,-11.552,17.508,-4.1426,-32.19,-15.997,-22.758,-11.598
-20.346,-18.548,-4.7541,19.078,-10.159,-11.293,17.507,-3.3404,-29.643,-15.495,-22.031,-11.538
-20.313,-18.314,-4.3931,18.953,-10.252,-11.05,17.461,-2.5468,-27.271,-15.003,-21.278,-11.478
-20.284,-18.112,-4.1013,18.856,-10.296,-10.828,17.369,-1.7505,-25.103,-14.526,-20.48,-11.426
-20.264,-17.971,-3.8835,18.809,-10.296,-10.639,17.239,-0.94083,-23.135,-14.068,-19.624,-11.397
-20.272,-17.924,-3.7216,18.839,-10.28,-10.5,17.082,-0.11111,-21.337,-13.626,-18.706,-11.411
-20.321,-17.987,-3.5898,18.954,-10.283,-10.422,16.919,0.74522,-19.657,-13.193,-17.728,-11.485
-20.406,-18.144,-3.4712,19.135,-10.317,-10.409,16.776,1.6404,-18.038,-12.75,-16.693,-11.621
-20.5,-18.356,-3.3735,19.339,-10.364,-10.456,16.681,2.5942,-16.438,-12.271,-15.61,-11.8
-20.563,-18.576,-3.3385,19.52,-10.382,-10.561,16.649,3.6342,-14.851,-11.731,-14.505,-11.994
-20.563,-18.772,-3.4368,19.644,-10.331,-10.726,16.673,4.7946,-13.309,-11.114,-13.43,-12.167
-20.486,-18.931,-3.7417,19.696,-10.179,-10.96,16.727,6.1143,-11.871,-10.419,-12.455,-12.295
-20.34,-19.065,-4.294,19.689,-9.9219,-11.27,16.785,7.6305,-10.59,-9.6634,-11.649,-12.365
-20.149,-19.198,-5.0812,19.648,-9.5771,-11.649,16.841,9.3677,-9.4982,-8.8728,-11.063,-12.38
-19.941,-19.348,-6.0401,19.604,-9.1794,-12.077,16.899,11.33,-8.5842,-8.0756,-10.709,-12.357
-19.734,-19.514,-7.0755,19.571,-8.7643,-12.518,16.965,13.499,-7.8045,-7.2928,-10.561,-12.325
-19.523,-19.677,-8.0809,19.54,-8.353,-12.927,17.034,15.847,-7.0959,-6.5318,-10.559,-12.311
-19.276,-19.795,-8.9571,19.477,-7.9457,-13.254,17.098,18.351,-6.3883,-5.7821,-10.627,-12.334
-18.948,-19.819,-9.6245,19.334,-7.5269,-13.455,17.152,21.012,-5.6108,-5.0144,-10.679,-12.392
-18.494,-19.705,-10.034,19.066,-7.075,-13.506,17.193,23.861,-4.6959,-4.1868,-10.633,-12.462
-17.881,-19.434,-10.182,18.648,-6.574,-13.409,17.219,26.948,-3.5859,-3.2562,-10.427,-12.51
-17.103,-19.014,-10.112,18.077,-6.0217,-13.191,17.218,30.33,-2.2417,-2.1897,-10.028,-12.502
-16.177,-18.47,-9.907,17.371,-5.4317,-12.894,17.171,34.048,-0.64825,-0.97173,-9.4321,-12.418
-15.141,-17.826,-9.6503,16.56,-4.8285,-12.548,17.064,38.114,1.1856,0.39526,-8.6643,-12.252
-14.033,-17.09,-9.3924,15.666,-4.2418,-12.157,16.888,42.509,3.2334,1.8941,-7.7641,-12.011
-12.884,-16.245,-9.1372,14.691,-3.7022,-11.694,16.643,47.199,5.4605,3.4987,-6.7771,-11.709
-11.711,-15.259,-8.8551,13.622,-3.2379,-11.123,16.336,52.153,7.8368,5.1815,-5.7473,-11.361
-10.524,-14.105,-8.5086,12.438,-2.8671,-10.417,15.974,57.35,10.347,6.9207,-4.7141,-10.985
-9.3156,-12.774,-8.0764,11.125,-2.5867,-9.5844,15.564,62.76,12.997,8.7073,-3.7099,-10.6
-8.0598,-11.275,-7.565,9.6749,-2.3664,-8.6571,15.107,68.331,15.816,10.55,-2.7559,-10.223
-6.706,-9.6307,-7.0033,8.0825,-2.154,-7.6827,14.594,73.993,18.856,12.481,-1.8549,-9.866
-5.1776,-7.8575,-6.4266,6.3258,-1.8882,-6.7038,14.01,79.685,22.199,14.554,-0.98486,-9.5282
-3.376,-5.9471,-5.8611,4.3484,-1.5133,-5.7435,13.338,85.375,25.95,16.844,-0.098654,-9.1881
-1.1987,-3.8498,-5.3149,2.0577,-0.99049,-4.7948,12.572,91.07,30.23,19.43,0.86586,-8.8094
1.4243,-1.4761,-4.7775,-0.65052,-0.30526,-3.8194,11.723,96.799,35.17,22.387,1.9718,-8.3524
4.4852,1.2773,-4.228,-3.8408,0.52745,-2.756,10.821,102.59,40.891,25.779,3.2714,-7.7847
7.8662,4.4764,-3.648,-7.4755,1.4606,-1.5382,9.9027,108.48,47.478,29.668,4.7981,-7.0862
11.355,8.0892,-3.035,-11.383,2.4224,-0.11653,8.9996,114.44,54.936,34.126,6.562,-6.2477
14.718,11.96,-2.4076,-15.301,3.3401,1.522,8.1197,120.46,63.134,39.216,8.5458,-5.2661
17.795,15.864,-1.8016,-18.991,4.1746,3.3482,7.2401,126.54,71.806,44.924,10.71,-4.1394
20.551,19.609,-1.2558,-22.324,4.9449,5.3058,6.306,132.73,80.636,51.099,13.008,-2.8605
23.071,23.123,-0.79793,-25.314,5.7289,7.3431,5.2386,139.14,89.388,57.479,15.406,-1.4145
25.511,26.451,-0.43427,-28.067,6.6404,9.4387,3.951,145.93,97.988,63.817,17.898,0.22259
28.024,29.703,-0.14736,-30.721,7.7947,11.604,2.3726,153.26,106.49,69.993,20.51,2.0826
30.714,32.982,0.097231,-33.386,9.2759,13.862,0.48203,161.3,115.01,76.023,23.289,4.2054
33.626,36.34,0.33713,-36.125,11.113,16.226,-1.6644,170.14,123.62,81.994,26.297,6.6379
36.763,39.79,0.59856,-38.979,13.256,18.684,-3.9357,179.77,132.36,88.007,29.595,9.4241
40.101,43.329,0.88676,-42.002,15.568,21.203,-6.178,189.97,141.28,94.123,33.229,12.582
43.601,46.968,1.1825,-45.269,17.874,23.729,-8.2843,200.36,150.61,100.34,37.211,16.077
47.229,50.732,1.4472,-48.852,20.065,26.203,-10.227,210.55,160.8,106.59,41.511,19.823
50.969,54.644,1.6395,-52.773,22.148,28.58,-12.042,220.3,172.26,112.75,46.072,23.721
54.828,58.73,1.7327,-57.001,24.198,30.855,-13.8,229.51,185.18,118.68,50.825,27.704
58.825,63.022,1.7267,-61.498,26.269,33.063,-15.573,238.13,199.54,124.28,55.701,31.757
62.99,67.572,1.6529,-66.245,28.345,35.269,-17.42,246.14,215.36,129.49,60.631,35.904
67.344,72.422,1.573,-71.225,30.339,37.537,-19.388,253.52,232.51,134.34,65.54,40.174
71.845,77.548,1.5661,-76.361,32.149,39.905,-21.508,260.24,250.63,138.91,70.351,44.58
76.365,82.807,1.705,-81.479,33.704,42.354,-23.808,266.25,269.11,143.28,74.988,49.107
80.734,87.976,2.0337,-86.37,34.991,44.82,-26.307,271.52,287.17,147.55,79.391,53.712
84.842,92.85,2.5569,-90.904,36.054,47.224,-29.012,276.03,304.04,151.74,83.515,58.325
88.691,97.339,3.2436,-95.066,36.971,49.514,-31.911,279.77,319.06,155.81,87.333,62.86
92.347,101.45,4.0405,-98.909,37.817,51.668,-34.973,282.75,331.79,159.66,90.836,67.236
95.844,105.2,4.8874,-102.47,38.64,53.681,-38.144,284.99,342.19,163.19,94.026,71.391
99.123,108.61,5.7319,-105.7,39.443,55.554,-41.338,286.52,350.62,166.32,96.908,75.285
102.04,111.64,6.538,-108.52,40.197,57.292,-44.435,287.33,357.89,169.05,99.49,78.88
104.46,114.23,7.2863,-110.84,40.86,58.899,-47.303,287.4,365.06,171.4,101.77,82.131
106.33,116.38,7.9694,-112.64,41.391,60.373,-49.838,286.73,372.92,173.42,103.75,84.993
107.66,118.08,8.5885,-113.96,41.763,61.7,-52.007,285.34,381.59,175.11,105.42,87.435
108.51,119.37,9.1521,-114.87,41.964,62.863,-53.858,283.3,390.66,176.45,106.77,89.452
108.96,120.32,9.67,-115.44,42.013,63.854,-55.508,280.7,399.66,177.43,107.77,91.067
109.1,120.98,10.145,-115.74,41.959,64.678,-57.088,277.62,408.29,178.02,108.44,92.328
109.04,121.44,10.573,-115.86,41.872,65.359,-58.7,274.11,416.33,178.23,108.79,93.303
108.89,121.76,10.947,-115.87,41.807,65.92,-60.382,270.2,423.64,178.08,108.83,94.054
108.7,121.98,11.261,-115.82,41.779,66.373,-62.099,265.89,430.01,177.58,108.6,94.622
108.45,122.1,11.517,-115.71,41.751,66.695,-63.758,261.18,435.21,176.72,108.08,95.002
108.1,122.07,11.726,-115.5,41.656,66.836,-65.227,256.03,439.07,175.49,107.28,95.152
107.54,121.78,11.909,-115.09,41.435,66.731,-66.376,250.45,441.51,173.87,106.16,95.005
106.69,121.14,12.087,-114.4,41.052,66.325,-67.102,244.44,442.54,171.82,104.7,94.496
105.45,120.06,12.285,-113.32,40.483,65.602,-67.359,238.03,442.28,169.32,102.88,93.588
103.71,118.51,12.543,-111.78,39.702,64.599,-67.154,231.27,441,166.4,100.71,92.29
101.43,116.52,12.897,-109.75,38.679,63.415,-66.535,224.2,439,163.11,98.198,90.662
98.592,114.17,13.361,-107.26,37.395,62.179,-65.542,216.85,436.58,159.53,95.385,88.807
95.279,111.56,13.904,-104.35,35.844,60.999,-64.172,209.21,433.95,155.75,92.311,86.838
91.599,108.75,14.451,-101.05,34.04,59.91,-62.354,201.25,431.16,151.85,88.991,84.829
87.639,105.68,14.905,-97.332,31.997,58.852,-59.993,193,428.14,147.86,85.394,82.772
83.433,102.19,15.203,-93.11,29.723,57.712,-57.028,184.58,424.69,143.78,81.445,80.561
78.983,98.116,15.345,-88.314,27.213,56.372,-53.471,176.19,420.54,139.54,77.054,78.022
74.318,93.338,15.397,-82.979,24.453,54.758,-49.4,168.09,415.38,135.06,72.16,74.976
69.507,87.907,15.446,-77.29,21.44,52.857,-44.929,160.43,408.93,130.22,66.758,71.302
64.622,82.04,15.559,-71.532,18.199,50.714,-40.186,153.24,401.07,124.93,60.915,66.978
59.691,76.022,15.753,-65.969,14.823,48.403,-35.281,146.44,391.96,119.1,54.754,62.105
54.678,70.091,15.999,-60.758,11.461,45.987,-30.294,139.87,382.07,112.71,48.43,56.887
49.505,64.392,16.239,-55.936,8.2742,43.483,-25.279,133.37,371.99,105.76,42.09,51.571
44.094,59.008,16.41,-51.448,5.3689,40.875,-20.313,126.75,362.1,98.308,35.848,46.366
38.386,53.971,16.475,-47.159,2.768,38.137,-15.535,119.84,352.36,90.398,29.778,41.387
32.365,49.24,16.435,-42.862,0.43391,35.272,-11.109,112.5,342.38,82.094,23.927,36.643
26.059,44.684,16.32,-38.318,-1.6908,32.318,-7.1478,104.67,331.65,73.472,18.332,32.073
19.548,40.132,16.161,-33.318,-3.6526,29.339,-3.6434,96.399,319.87,64.66,13.032,27.601
12.967,35.453,15.982,-27.783,-5.4684,26.401,-0.48399,87.778,306.96,55.84,8.0663,23.169
6.5285,30.614,15.794,-21.814,-7.1196,23.551,2.4383,78.942,293.08,47.209,3.4606,18.768
0.54223,25.652,15.579,-15.653,-8.5724,20.794,5.1421,69.983,278.44,38.917,-0.78097,14.431
-4.6798,20.601,15.283,-9.5796,-9.8102,18.079,7.5738,60.944,263.23,31.054,-4.6751,10.213
-8.9807,15.457,14.836,-3.8225,-10.848,15.317,9.6759,51.836,247.57,23.679,-8.2518,6.1708
-12.406,10.229,14.188,1.4482,-11.721,12.447,11.43,42.715,231.53,16.841,-11.544,2.352
-15.112,5.0272,13.327,6.0898,-12.47,9.4899,12.862,33.735,215.26,10.586,-14.579,-1.1914
-17.265,0.08246,12.277,9.9933,-13.124,6.5618,14.024,25.148,199.25,4.9434,-17.372,-4.4033
-19.004,-4.3506,11.089,13.137,-13.693,3.8169,14.971,17.205,184.51,-0.069155,-19.928,-7.2433
-20.43,-8.1235,9.8142,15.603,-14.176,1.3657,15.751,10.061,171.96,-4.4392,-22.248,-9.7085
-21.61,-11.233,8.4984,17.531,-14.563,-0.76056,16.4,3.7489,161.66,-8.1723,-24.325,-11.833
-22.58,-13.768,7.1756,19.052,-14.847,-2.5896,16.942,-1.7865,152.88,-11.304,-26.153,-13.666
-23.371,-15.841,5.8708,20.267,-15.035,-4.1731,17.392,-6.6373,144.94,-13.891,-27.723,-15.253
-24.011,-17.552,4.6019,21.251,-15.141,-5.564,17.761,-10.9,137.47,-16.004,-29.031,-16.63
-24.532,-18.979,3.3816,22.059,-15.188,-6.8067,18.054,-14.655,130.32,-17.708,-30.075,-17.821
-24.964,-20.184,2.2214,22.736,-15.195,-7.933,18.272,-17.967,123.45,-19.071,-30.868,-18.844
-25.33,-21.218,1.1361,23.319,-15.178,-8.9605,18.412,-20.881,116.83,-20.16,-31.434,-19.711
-25.644,-22.117,0.14693,23.83,-15.144,-9.8939,18.476,-23.436,110.39,-21.041,-31.808,-20.434
-25.907,-22.901,-0.72277,24.278,-15.094,-10.727,18.468,-25.671,104.08,-21.773,-32.028,-21.019
-26.116,-23.575,-1.4556,24.659,-15.027,-11.447,18.404,-27.626,97.81,-22.398,-32.134,-21.466
-26.268,-24.132,-2.0492,24.964,-14.94,-12.047,18.302,-29.344,91.507,-22.951,-32.159,-21.772
-26.37,-24.576,-2.5196,25.197,-14.836,-12.529,18.178,-30.874,85.095,-23.456,-32.133,-21.936
-26.435,-24.926,-2.8956,25.371,-14.721,-12.913,18.044,-32.268,78.508,-23.937,-32.08,-21.963
-26.479,-25.21,-3.2074,25.508,-14.607,-13.227,17.9,-33.569,71.728,-24.412,-32.017,-21.871
-26.513,-25.45,-3.4748,25.622,-14.505,-13.492,17.744,-34.805,64.832,-24.888,-31.951,-21.68
-26.538,-25.646,-3.7016,25.711,-14.422,-13.711,17.572,-35.978,57.998,-25.357,-31.871,-21.404
-26.542,-25.775,-3.8771,25.763,-14.362,-13.872,17.387,-37.07,51.469,-25.795,-31.754,-21.038
-26.515,-25.808,-3.9847,25.757,-14.324,-13.953,17.201,-38.047,45.466,-26.177,-31.571,-20.568
-26.449,-25.724,-4.0122,25.682,-14.304,-13.937,17.033,-38.87,40.119,-26.483,-31.3,-19.975
-26.343,-25.52,-3.9575,25.536,-14.298,-13.821,16.902,-39.507,35.442,-26.706,-30.935,-19.25
-26.207,-25.218,-3.8265,25.33,-14.301,-13.619,16.825,-39.942,31.367,-26.856,-30.488,-18.403
-26.062,-24.861,-3.6269,25.092,-14.315,-13.357,16.805,-40.184,27.782,-26.955,-29.986,-17.463
-25.933,-24.502,-3.3619,24.86,-14.347,-13.063,16.831,-40.267,24.564,-27.03,-29.465,-16.474
-25.84,-24.181,-3.0269,24.661,-14.406,-12.755,16.877,-40.244,21.603,-27.102,-28.955,-15.486
-25.788,-23.907,-2.611,24.504,-14.495,-12.433,16.912,-40.174,18.812,-27.181,-28.476,-14.54
-25.764,-23.652,-2.1013,24.373,-14.614,-12.079,16.905,-40.106,16.129,-27.26,-28.031,-13.669
-25.743,-23.372,-1.4913,24.236,-14.753,-11.669,16.834,-40.064,13.524,-27.322,-27.614,-12.894
-25.701,-23.026,-0.79093,24.066,-14.902,-11.19,16.691,-40.042,10.995,-27.344,-27.211,-12.226
-25.623,-22.598,-0.032119,23.847,-15.046,-10.649,16.482,-40.01,8.5583,-27.302,-26.805,-11.672
-25.504,-22.098,0.73415,23.581,-15.169,-10.079,16.227,-39.928,6.2349,-27.177,-26.378,-11.225
-25.347,-21.563,1.4477,23.286,-15.26,-9.5268,15.952,-39.761,4.0378,-26.961,-25.916,-10.871
-25.161,-21.039,2.0545,22.984,-15.305,-9.0397,15.683,-39.496,1.9655,-26.659,-25.411,-10.592
-24.952,-20.563,2.5213,22.693,-15.296,-8.6481,15.436,-39.136,0.0033201,-26.285,-24.865,-10.371
-24.726,-20.154,2.8444,22.425,-15.224,-8.3563,15.214,-38.7,-1.8726,-25.861,-24.29,-10.197
-24.489,-19.816,3.046,22.182,-15.088,-8.1452,15.003,-38.213,-3.6913,-25.412,-23.703,-10.065
-24.245,-19.54,3.1606,21.964,-14.892,-7.9847,14.791,-37.7,-5.4822,-24.962,-23.118,-9.9759
-24.002,-19.314,3.2137,21.768,-14.646,-7.8496,14.573,-37.176,-7.2684,-24.531,-22.537,-9.9402
-23.762,-19.123,3.2033,21.591,-14.363,-7.7309,14.358,-36.646,-9.0577,-24.124,-21.944,-9.9698
-23.517,-18.953,3.0971,21.422,-14.046,-7.6372,14.164,-36.104,-10.836,-23.734,-21.304,-10.07
-23.25,-18.787,2.852,21.242,-13.691,-7.5851,14.016,-35.534,-12.567,-23.335,-20.571,-10.227
-22.934,-18.605,2.444,21.026,-13.284,-7.5833,13.932,-34.916,-14.201,-22.89,-19.703,-10.406
-22.541,-18.376,1.8876,20.747,-12.819,-7.6199,13.926,-34.236,-15.686,-22.361,-18.671,-10.555
-22.049,-18.058,1.2412,20.372,-12.3,-7.6562,14.002,-33.478,-16.981,-21.716,-17.465,-10.62
-21.44,-17.594,0.59907,19.862,-11.751,-7.6296,14.16,-32.626,-18.058,-20.935,-16.095,-10.55
-20.703,-16.912,0.073264,19.17,-11.211,-7.4648,14.402,-31.656,-18.902,-20.009,-14.575,-10.306
-19.833,-15.946,-0.23283,18.252,-10.724,-7.0891,14.737,-30.541,-19.501,-18.94,-12.929,-9.8587
-18.839,-14.64,-0.24827,17.079,-10.326,-6.446,15.173,-29.256,-19.852,-17.73,-11.177,-9.1939
-17.745,-12.959,0.054487,15.641,-10.034,-5.4984,15.714,-27.789,-19.961,-16.382,-9.3424,-8.309
-16.589,-10.897,0.66546,13.956,-9.8439,-4.2267,16.356,-26.147,-19.841,-14.891,-7.4479,-7.212
-15.412,-8.4841,1.559,12.062,-9.7324,-2.6245,17.085,-24.352,-19.516,-13.249,-5.521,-5.9149
-14.24,-5.7747,2.725,10.004,-9.6705,-0.69564,17.892,-22.431,-19.013,-11.442,-3.5913,-4.4275
-13.071,-2.8152,4.1863,7.8063,-9.637,1.5578,18.774,-20.398,-18.357,-9.4537,-1.6871,-2.7514
-11.869,0.39991,5.9857,5.4502,-9.6267,4.1536,19.739,-18.254,-17.57,-7.2757,0.17059,-0.8751
-10.574,3.9401,8.1525,2.8639,-9.6476,7.1307,20.803,-15.977,-16.664,-4.9097,1.9738,1.2263
-9.1042,7.9012,10.674,-0.055892,-9.707,10.516,21.982,-13.545,-15.65,-2.3731,3.7296,3.5834
-7.3739,12.331,13.474,-3.4005,-9.7993,14.266,23.279,-10.951,-14.544,0.29509,5.4533,6.2141
-5.3047,17.161,16.406,-7.1964,-9.8993,18.232,24.66,-8.2357,-13.378,3.0287,7.1544,9.0956
-2.8478,22.19,19.266,-11.366,-9.9662,22.196,26.046,-5.4981,-12.205,5.7336,8.8219,12.144
-0.0046315,27.147,21.835,-15.73,-9.9528,25.949,27.321,-2.8881,-11.095,8.2984,10.418,15.217
3.1594,31.788,23.944,-20.05,-9.8153,29.368,28.373,-0.56541,-10.122,10.616,11.882,18.149
6.5203,35.958,25.532,-24.103,-9.5201,32.424,29.133,1.3533,-9.3485,12.607,13.149,20.795
9.9183,39.607,26.65,-27.73,-9.0483,35.152,29.581,2.8227,-8.82,14.23,14.159,23.067
13.192,42.746,27.422,-30.867,-8.3984,37.6,29.71,3.8542,-8.5615,15.479,14.874,24.938
16.216,45.415,27.969,-33.522,-7.5848,39.802,29.487,4.478,-8.5802,16.374,15.279,26.43
18.922,47.647,28.35,-35.745,-6.6322,41.735,28.846,4.7132,-8.8708,16.945,15.377,27.593
21.306,49.457,28.528,-37.599,-5.5641,43.301,27.717,4.5621,-9.4219,17.219,15.19,28.469
23.422,50.847,28.402,-39.139,-4.3882,44.347,26.059,4.0242,-10.218,17.225,14.758,29.078
25.353,51.824,27.862,-40.414,-3.0852,44.75,23.89,3.1157,-11.239,16.997,14.145,29.416
27.194,52.408,26.845,-41.467,-1.6091,44.482,21.305,1.8825,-12.451,16.576,13.431,29.471
29.025,52.641,25.347,-42.335,0.099391,43.605,18.473,0.39664,-13.805,16.014,12.707,29.242
30.893,52.583,23.421,-43.056,2.0938,42.225,15.596,-1.2647,-15.246,15.36,12.057,28.739
32.805,52.299,21.155,-43.663,4.4007,40.454,12.838,-3.0426,-16.721,14.661,11.538,27.988
34.733,51.84,18.656,-44.176,7.0014,38.389,10.27,-4.907,-18.194,13.952,11.17,27.018
36.628,51.23,16.031,-44.606,9.812,36.106,7.8556,-6.8482,-19.654,13.255,10.935,25.865
38.433,50.462,13.369,-44.948,12.677,33.658,5.4838,-8.8524,-21.105,12.584,10.792,24.56
40.08,49.501,10.681,-45.187,15.415,31.073,3.0522,-10.873,-22.552,11.948,10.693,23.137
41.496,48.313,7.8843,-45.298,17.897,28.364,0.55102,-12.822,-23.985,11.354,10.601,21.629
42.618,46.871,4.8916,-45.252,20.096,25.533,-1.8924,-14.587,-25.381,10.808,10.483,20.069
43.459,45.162,1.7975,-45.038,22.065,22.583,-4.0615,-16.073,-26.724,10.302,10.291,18.481
44.21,43.173,-1.0949,-44.675,23.904,19.521,-5.7741,-17.242,-28.03,9.8007,9.9491,16.865
45.281,40.881,-3.5438,-44.207,25.742,16.393,-6.9766,-18.121,-29.353,9.2436,9.3645,15.19
47.081,38.246,-5.5167,-43.636,27.669,13.289,-7.7416,-18.797,-30.778,8.562,8.4601,13.405
49.42,35.22,-7.0511,-42.83,29.512,10.335,-8.2084,-19.378,-32.393,7.7034,7.2152,11.467
51.195,31.771,-8.1583,-41.489,30.714,7.6487,-8.5244,-19.967,-34.265,6.6432,5.6803,9.3747
51.072,27.915,-8.8206,-39.255,30.718,5.311,-8.8045,-20.631,-36.432,5.3827,3.9569,7.1773
48.434,23.74,-9.0134,-35.914,29.339,3.3399,-9.1092,-21.392,-38.912,3.9417,2.1565,4.9517
43.476,19.374,-8.7455,-31.503,26.72,1.6892,-9.4408,-22.238,-41.714,2.3493,0.36312,2.7729
36.809,14.932,-8.0969,-26.243,23.171,0.2692,-9.7587,-23.135,-44.845,0.63144,-1.39,0.69363
29.17,10.492,-7.2244,-20.43,19.069,-1.0221,-10.008,-24.05,-48.317,-1.2033,-3.1246,-1.2583
21.242,6.1167,-6.3306,-14.36,14.782,-2.2735,-10.148,-24.961,-52.133,-3.1692,-4.9023,-3.0707
13.546,1.8713,-5.6152,-8.302,10.632,-3.5444,-10.164,-25.865,-56.287,-5.2912,-6.7955,-4.7528
6.4187,-2.1707,-5.2279,-2.49,6.8988,-4.8628,-10.063,-26.767,-60.752,-7.58,-8.8526,-6.3239
0.062805,-5.9379,-5.235,2.874,3.8022,-6.2252,-9.8596,-27.668,-65.471,-10.007,-11.074,-7.8054
-5.4022,-9.3702,-5.6016,7.6234,1.4255,-7.6022,-9.5622,-28.564,-70.366,-12.492,-13.41,-9.212
-9.921,-12.42,-6.2064,11.631,-0.33058,-8.9482,-9.1734,-29.44,-75.341,-14.92,-15.777,-10.548
-13.486,-15.043,-6.9037,14.811,-1.6982,-10.215,-8.701,-30.282,-80.3,-17.169,-18.092,-11.817
-16.127,-17.198,-7.6072,17.149,-2.8906,-11.365,-8.1748,-31.082,-85.173,-19.156,-20.301,-13.014
-17.94,-18.871,-8.3061,18.737,-3.9623,-12.374,-7.6534,-31.845,-89.915,-20.845,-22.378,-14.133
-19.111,-20.094,-9.0034,19.759,-4.8415,-13.229,-7.2119,-32.578,-94.486,-22.244,-24.326,-15.171
-19.835,-20.953,-9.663,20.409,-5.4607,-13.928,-6.9112,-33.278,-98.794,-23.377,-26.142,-16.115
-20.251,-21.556,-10.214,20.829,-5.8159,-14.482,-6.7649,-33.918,-102.65,-24.265,-27.79,-16.951
-20.456,-21.994,-10.59,21.101,-5.9607,-14.908,-6.7227,-34.45,-105.75,-24.913,-29.2,-17.661
-20.529,-22.314,-10.746,21.272,-5.9874,-15.212,-6.6732,-34.797,-107.78,-25.316,-30.291,-18.226
-20.56,-22.533,-10.665,21.38,-6.0048,-15.389,-6.4518,-34.867,-108.47,-25.466,-31.023,-18.632
-20.635,-22.664,-10.347,21.47,-6.1109,-15.429,-5.8406,-34.552,-107.67,-25.368,-31.407,-18.889
-20.831,-22.741,-9.8243,21.592,-6.3697,-15.34,-4.5717,-33.727,-105.38,-25.047,-31.515,-19.035
-21.185,-22.816,-9.1712,21.791,-6.7958,-15.162,-2.4043,-32.244,-101.72,-24.543,-31.471,-19.133
-21.682,-22.941,-8.4911,22.087,-7.3573,-14.955,0.48955,-29.917,-96.895,-23.88,-31.392,-19.257
-22.259,-23.148,-7.8851,22.468,-7.9883,-14.781,2.4235,-26.491,-91.078,-23.032,-31.336,-19.457
-22.835,-23.432,-7.4204,22.894,-8.6199,-14.679,-0.89752,-21.819,-84.419,-21.874,-31.25,-19.738
-23.343,-23.752,-7.1096,23.306,-9.204,-14.653,-7.5518,-18.438,-77.134,-20.119,-30.954,-20.044
-23.741,-24.009,-6.894,23.632,-9.7162,-14.651,-9.43,-26.215,-69.888,-17.192,-30.101,-20.231
-23.977,-24.025,-6.6313,23.762,-10.159,-14.532,-9.0861,-27.771,-66.937,-12.274,-28.17,-20.064
-23.935,-23.489,-6.0868,23.492,-10.579,-14.03,-5.4292,-22.696,-78.859,-11.729,-24.383,-19.211
-23.399,-21.853,-4.9507,22.436,-11.095,-12.735,4.097,-12.789,-74.027,-13.598,-17.692,-17.188
-22.191,-19.409,-2.9798,20.537,-11.89,-12.968,21.213,3.5324,-62.886,-12.196,-15.847,-12.965
-22.678,-27.666,1.57,30.42,-13.072,-15.053,46.326,27.114,-49.345,-10.858,-24.072,-12.211
-41.154,-32.771,4.2713,40.465,-14.499,-16.225,78.016,58.126,-32.738,-8.6072,-27.52,-18.047
-57.785,-39.324,3.315,49.882,-16.341,-20.838,112.78,96.457,-11.235,-3.2198,-29.936,-23.436
-65.956,-46.415,-0.67604,57.575,-19.917,-29.262,147.14,144.84,19.492,8.8711,-28.363,-27.941
-68.066,-51.473,-4.4994,60.073,-19.056,-34.091,180.96,213.66,65.462,32.423,-18.72,-29.204
-60.735,-49.184,-6.5271,53.744,-15.904,-32.496,217.06,318.03,131.8,72.633,2.0905,-24.572
-41.885,-31.475,-3.2018,35.508,-11.127,-19.981,258.7,451.22,225.03,136.4,37.171,-11.082
-12.971,8.7272,12.661,2.2169,-7.2473,9.9816,311.38,614.43,356.73,236.1,94.974,15.98
22.67,79.144,49.713,-50.198,-8.5924,65.094,377.02,808.95,531.41,373.52,187.22,64.383
64.504,185.59,115.97,-124.88,-19.718,151.27,449.92,1023.2,747.66,549.34,318.81,143.51
113.13,328.64,211.17,-221.78,-45.226,269.86,518.34,1236.7,997.75,759.53,478.21,250.65
168.07,501.2,330.15,-336.04,-81.866,415.04,569.73,1421.9,1262.3,991.12,659.5,378.86
226.64,687.32,458.87,-457.36,-117.99,572.04,589.05,1547.7,1510.2,1221.2,847.14,520.23
283.83,861.76,576.62,-570.06,-148.06,718,562.34,1582.4,1701.4,1416.8,1017.1,657.89
331.57,993.6,660.23,-655.02,-165.76,825.8,483.26,1498.3,1792.4,1539.1,1140,770.13
360.12,1053.3,689.84,-693.9,-166.07,870.53,354.25,1277.5,1745.5,1551,1187.1,834.97
361.49,1022,654.93,-675.02,-147.86,837.36,185.71,919.48,1540.7,1429.8,1139.3,836.46
332.93,899.51,558.98,-598.63,-113.79,727.99,-6.0816,448.21,1187.5,1178.4,995.44,770.54
278.2,707.07,420.37,-478.04,-69.789,562.21,-201.74,-87.803,727.7,828.94,775.17,647.56
205.73,481.51,267.65,-335.27,-29.186,372.66,-381.82,-624.06,226.79,434.45,513.79,489.56
125.43,263.09,130.5,-193.48,-3.4147,194.3,-529.8,-1095.2,-243.67,53.4,251.51,323.12
46.495,83.076,30.127,-70.54,7.8656,53.423,-634.77,-1450.7,-625.26,-266.48,22.04,171.32
-23.618,-43.848,-26.361,24.138,1.9749,-38.682,-693.43,-1666.1,-885.69,-498.27,-154.36,48.566
-76.258,-110.42,-45.572,86.232,-15.323,-83.475,-710.36,-1746.1,-1021.8,-637.28,-271.8,-40.222
-109.33,-134.37,-42.55,119.18,-33.554,-95.62,-697.66,-1717.7,-1054.1,-695.68,-335.75,-96.933
-123.59,-134.77,-33.523,129.76,-43.77,-90.222,-671.58,-1619.2,-1015.3,-694.7,-358.99,-127.06
-118.06,-123.92,-30.09,123.87,-41.007,-79.157,-645.89,-1487.4,-938.87,-657.71,-356.39,-138.22
-96.815,-110.09,-36.426,107.72,-22.709,-71.109,-627.2,-1348.7,-849.58,-604.46,-339.28,-138.39
-69.868,-97.025,-49.137,88.171,-1.875,-68.073,-614.51,-1216.8,-762.48,-547.83,-315.72,-132.69
-44.105,-87.368,-64.304,70.54,4.562,-68.839,-601.87,-1095.7,-683.76,-494.21,-291.56,-124.04
-23.755,-82.322,-78.926,56.771,9.1378,-73.272,-581.28,-982.61,-612.95,-445.38,-269.15,-115.31
-20.618,-75.713,-88.409,41.944,12.515,-79.383,-544.36,-871.45,-546.9,-399.67,-247.63,-107.76
-19.697,-70.823,-90.672,38.374,13.913,-78.613,-494.07,-764.22,-481.9,-354.03,-224.01,-96.676
-18.045,-69.663,-85.88,38.084,14.484,-75.753,-436.81,-667.53,-422.05,-309,-199.99,-87.902
-18.579,-66.118,-75.952,36.377,14.358,-71.039,-373.65,-575.16,-363.64,-268.78,-180.7,-82.883
-20.34,-60.43,-63.411,33.193,12.658,-65.205,-308.05,-485.74,-309.15,-232.89,-162.8,-77.867
-21.157,-53.887,-51.852,29.931,10.809,-59.111,-244.91,-402.33,-256.12,-198.33,-144.57,-71.898
-21.096,-47.893,-42.21,27.708,10.304,-53.241,-188.36,-328.11,-204.15,-162.95,-126.19,-65.072
-20.924,-43.117,-34.844,26.393,9.5691,-47.814,-141,-262.99,-156.24,-129.91,-109.01,-57.735
-20.901,-39.449,-29.848,25.602,7.5294,-42.943,-103.84,-208.86,-117.15,-103.36,-94.436,-50.367
-21.04,-36.525,-26.349,25.093,4.9248,-38.634,-76.166,-168.27,-88.658,-84.201,-83.322,-43.583
-21.301,-34.054,-23.306,24.73,2.3138,-34.753,-55.235,-139.08,-68.721,-71.288,-75.304,-37.901
-21.621,-31.895,-20.195,24.436,-0.21396,-31.103,-38.666,-117.73,-54.978,-62.931,-68.596,-33.477
-21.942,-30.013,-17.068,24.171,-2.5991,-27.608,-26.084,-101.32,-46.27,-57.396,-61.923,-30.153
-22.236,-28.42,-14.393,23.924,-4.6791,-24.433,-16.808,-87.968,-43.099,-53.144,-55.747,-27.679
-22.492,-27.121,-12.318,23.696,-6.3541,-21.816,-9.7373,-76.744,-40.575,-48.115,-50.718,-25.837
-22.706,-26.099,-10.682,23.496,-7.641,-19.83,-5.5223,-67.18,-33.822,-40.756,-46.898,-24.464
-22.869,-25.313,-9.4517,23.327,-8.6,-18.379,-6.9565,-57.318,-26.474,-35.255,-44.07,-23.444
-22.98,-24.713,-8.5929,23.186,-9.2924,-17.317,-5.7499,-46.905,-20.07,-32.247,-41.987,-22.686
-23.039,-24.249,-8.0142,23.065,-9.7763,-16.516,-3.1455,-40.026,-14.549,-30.434,-40.441,-22.119
-23.058,-23.878,-7.6102,22.954,-10.108,-15.886,-0.25722,-35.574,-9.6499,-29.215,-39.267,-21.694
-23.048,-23.567,-7.2936,22.847,-10.341,-15.367,2.4809,-32.341,-5.1508,-28.336,-38.335,-21.371
-23.026,-23.299,-7.0146,22.745,-10.517,-14.932,4.7226,-29.82,-0.89597,-27.664,-37.544,-21.124
-23.003,-23.066,-6.7595,22.651,-10.666,-14.574,6.4849,-27.744,3.2017,-27.108,-36.816,-20.935
-22.988,-22.868,-6.5406,22.571,-10.805,-14.29,7.8868,-25.953,7.1782,-26.603,-36.104,-20.788
-22.986,-22.7,-6.3799,22.508,-10.934,-14.082,9.0281,-24.346,11.041,-26.105,-35.388,-20.667
-22.993,-22.555,-6.2929,22.452,-11.042,-13.937,9.9737,-22.872,14.783,-25.598,-34.669,-20.562
-23.002,-22.422,-6.2801,22.396,-11.115,-13.839,10.761,-21.513,18.394,-25.088,-33.963,-20.472
-23.006,-22.298,-6.3211,22.332,-11.143,-13.767,11.413,-20.268,21.861,-24.595,-33.292,-20.402
-22.998,-22.19,-6.3804,22.264,-11.125,-13.709,11.946,-19.142,25.173,-24.138,-32.672,-20.362
-22.973,-22.11,-6.4169,22.198,-11.073,-13.665,12.378,-18.121,28.33,-23.723,-32.114,-20.356
-22.927,-22.066,-6.3959,22.141,-11,-13.635,12.731,-17.177,31.354,-23.348,-31.618,-20.383
-22.856,-22.049,-6.2957,22.091,-10.916,-13.617,13.025,-16.266,34.288,-22.999,-31.172,-20.427
-22.76,-22.039,-6.1129,22.039,-10.833,-13.6,13.283,-15.341,37.175,-22.657,-30.754,-20.462
-22.643,-22.015,-5.8697,21.974,-10.766,-13.574,13.527,-14.367,40.022,-22.305,-30.337,-20.46
-22.519,-21.96,-5.6199,21.892,-10.732,-13.534,13.771,-13.327,42.741,-21.934,-29.899,-20.394
-22.404,-21.873,-5.4361,21.796,-10.741,-13.483,14.017,-12.225,45.108,-21.548,-29.425,-20.246
-22.318,-21.765,-5.3866,21.7,-10.788,-13.433,14.256,-11.08,46.788,-21.162,-28.922,-20.012
-22.268,-21.659,-5.5079,21.62,-10.846,-13.397,14.472,-9.923,47.458,-20.795,-28.408,-19.703
-22.252,-21.573,-5.7863,21.569,-10.889,-13.382,14.655,-8.7759,46.958,-20.458,-27.909,-19.342
-22.259,-21.52,-6.1615,21.555,-10.902,-13.386,14.804,-7.6444,45.371,-20.147,-27.446,-18.954
-22.277,-21.496,-6.5442,21.57,-10.893,-13.396,14.927,-6.5086,42.98,-19.838,-27.02,-18.56
-22.292,-21.486,-6.8396,21.598,-10.881,-13.387,15.04,-5.3264,40.15,-19.499,-26.617,-18.17
-22.289,-21.462,-6.9697,21.614,-10.883,-13.335,15.158,-4.0452,37.207,-19.093,-26.203,-17.777
-22.254,-21.397,-6.8919,21.593,-10.907,-13.223,15.296,-2.6172,34.361,-18.594,-25.741,-17.366
-22.176,-21.273,-6.6119,21.52,-10.949,-13.049,15.456,-1.0139,31.696,-17.998,-25.209,-16.914
-22.053,-21.086,-6.1857,21.39,-11.001,-12.826,15.626,0.76551,29.201,-17.327,-24.602,-16.404
-21.89,-20.843,-5.7045,21.207,-11.056,-12.581,15.779,2.6937,26.813,-16.623,-23.936,-15.829
-21.698,-20.559,-5.2643,20.985,-11.11,-12.336,15.884,4.7225,24.462,-15.933,-23.235,-15.192
-21.488,-20.243,-4.9347,20.733,-11.157,-12.101,15.919,6.7991,22.098,-15.291,-22.514,-14.51
-21.264,-19.9,-4.7362,20.459,-11.185,-11.87,15.871,8.886,19.706,-14.71,-21.772,-13.809
-21.02,-19.531,-4.6379,20.163,-11.184,-11.625,15.747,10.979,17.302,-14.178,-20.99,-13.118
-20.744,-19.135,-4.5746,19.844,-11.144,-11.347,15.568,13.116,14.923,-13.667,-20.14,-12.467
-20.42,-18.711,-4.481,19.498,-11.063,-11.022,15.367,15.365,12.62,-13.138,-19.19,-11.883
-20.031,-18.256,-4.3197,19.117,-10.934,-10.65,15.179,17.807,10.45,-12.555,-18.117,-11.378
-19.56,-17.766,-4.0906,18.688,-10.75,-10.244,15.028,20.516,8.4676,-11.883,-16.915,-10.949
-18.989,-17.235,-3.8241,18.195,-10.493,-9.8275,14.912,23.543,6.7199,-11.098,-15.592,-10.574
-18.294,-16.654,-3.5698,17.616,-10.147,-9.4218,14.808,26.901,5.244,-10.186,-14.165,-10.226
-17.455,-16.014,-3.3813,16.93,-9.6977,-9.0448,14.681,30.569,4.0629,-9.1375,-12.651,-9.8809
-16.456,-15.313,-3.3032,16.121,-9.1348,-8.7066,14.503,34.495,3.1858,-7.9543,-11.059,-9.5197
-15.298,-14.56,-3.3628,15.191,-8.4536,-8.4109,14.258,38.633,2.6124,-6.6406,-9.3898,-9.1357
-13.997,-13.778,-3.5646,14.164,-7.6523,-8.1566,13.944,42.968,2.3381,-5.1996,-7.6334,-8.7328
-12.578,-12.997,-3.8906,13.078,-6.7305,-7.9386,13.571,47.54,2.3562,-3.6289,-5.7813,-8.3259
-11.056,-12.233,-4.3045,11.962,-5.6893,-7.7463,13.159,52.42,2.6565,-1.9189,-3.834,-7.9374
-9.4118,-11.472,-4.7621,10.805,-4.5307,-7.5622,12.733,57.671,3.2243,-0.052957,-1.8051,-7.5863
-7.5748,-10.661,-5.2231,9.5429,-3.2576,-7.3628,12.312,63.309,4.0439,1.9903,0.2855,-7.2758
-5.4426,-9.7288,-5.6636,8.0642,-1.8767,-7.1269,11.896,69.292,5.1076,4.2323,2.4237,-6.9853
-2.9315,-8.6044,-6.0831,6.2549,-0.40209,-6.8435,11.454,75.521,6.4216,6.6863,4.6079,-6.6749
-0.038687,-7.2394,-6.4996,4.0451,1.1393,-6.5139,10.928,81.873,8.0058,9.3502,6.8463,-6.2962
3.1304,-5.6131,-6.9355,1.4455,2.7075,-6.1455,10.255,88.238,9.8878,12.204,9.1489,-5.8046
6.4008,-3.7368,-7.4019,-1.4506,4.2589,-5.7429,9.3864,94.561,12.096,15.22,11.524,-5.1643
9.6084,-1.646,-7.8879,-4.5093,5.7615,-5.3004,8.2964,100.84,14.659,18.38,13.981,-4.349
12.664,0.62126,-8.355,-7.6205,7.206,-4.7992,6.9942,107.1,17.606,21.7,16.538,-3.3399
15.565,3.0498,-8.7428,-10.74,8.6092,-4.2104,5.524,113.32,20.976,25.249,19.221,-2.1235
18.37,5.6525,-8.9849,-13.88,10.01,-3.504,3.9512,119.49,24.816,29.148,22.054,-0.69047
21.153,8.4496,-9.0318,-17.07,11.457,-2.6613,2.3319,125.55,29.17,33.538,25.046,0.96405
23.957,11.442,-8.8683,-20.308,13,-1.6828,0.68323,131.53,34.065,38.506,28.188,2.8421
26.783,14.594,-8.5178,-23.541,14.669,-0.5892,-1.0238,137.53,39.486,44.004,31.458,4.9484
29.595,17.845,-8.0353,-26.68,16.465,0.58602,-2.8388,143.77,45.376,49.828,34.829,7.2963
32.355,21.129,-7.4939,-29.646,18.354,1.8117,-4.7879,150.52,51.646,55.719,38.282,9.9064
35.05,24.403,-6.971,-32.403,20.275,3.0756,-6.8422,158.01,58.19,61.493,41.811,12.793
37.709,27.658,-6.5347,-34.981,22.161,4.3949,-8.9232,166.4,64.894,67.105,45.428,15.945
40.394,30.914,-6.2318,-37.464,23.967,5.816,-10.942,175.68,71.635,72.603,49.154,19.309
43.18,34.194,-6.0791,-39.953,25.68,7.4021,-12.841,185.62,78.276,78.071,53.014,22.804
46.141,37.513,-6.0629,-42.547,27.311,9.2096,-14.608,195.83,84.688,83.571,57.032,26.352
49.327,40.868,-6.1514,-45.321,28.878,11.26,-16.276,205.85,90.766,89.118,61.215,29.898
52.749,44.24,-6.3116,-48.326,30.39,13.512,-17.898,215.33,96.431,94.662,65.548,33.42
56.368,47.608,-6.5178,-51.579,31.852,15.873,-19.536,224.04,101.64,100.12,69.981,36.919
60.112,50.962,-6.7423,-55.07,33.258,18.242,-21.249,231.92,106.36,105.41,74.438,40.413
63.918,54.323,-6.943,-58.781,34.608,20.567,-23.087,239.02,110.59,110.5,78.84,43.928
67.771,57.751,-7.0627,-62.711,35.902,22.86,-25.094,245.46,114.36,115.41,83.128,47.488
71.694,61.341,-7.0425,-66.88,37.136,25.159,-27.304,251.34,117.66,120.14,87.263,51.094
75.719,65.186,-6.8405,-71.301,38.299,27.492,-29.724,256.68,120.51,124.67,91.224,54.703
79.85,69.334,-6.4446,-75.939,39.373,29.856,-32.323,261.44,122.91,128.93,94.99,58.231
84.034,73.761,-5.8718,-80.695,40.331,32.225,-35.045,265.49,124.83,132.85,98.537,61.575
88.143,78.376,-5.1551,-85.419,41.152,34.569,-37.845,268.69,126.27,136.34,101.84,64.649
92.003,83.062,-4.3297,-89.949,41.821,36.877,-40.702,270.96,127.21,139.36,104.9,67.394
95.444,87.708,-3.4258,-94.14,42.339,39.153,-43.614,272.25,127.66,141.89,107.71,69.789
98.357,92.211,-2.4705,-97.888,42.715,41.418,-46.568,272.58,127.62,143.96,110.31,71.834
100.73,96.468,-1.4917,-101.13,42.969,43.686,-49.519,272,127.15,145.61,112.71,73.54
102.61,100.38,-0.51867,-103.87,43.122,45.952,-52.386,270.58,126.28,146.89,114.95,74.927
104.09,103.86,0.42232,-106.13,43.196,48.185,-55.072,268.43,125.09,147.89,117.03,76.025
105.24,106.87,1.314,-107.98,43.207,50.332,-57.504,265.66,123.65,148.66,118.94,76.874
106.11,109.4,2.1505,-109.47,43.163,52.333,-59.645,262.43,122.01,149.28,120.66,77.523
106.73,111.46,2.9341,-110.64,43.075,54.134,-61.49,258.84,120.25,149.79,122.15,78.031
107.12,113.08,3.6673,-111.51,42.956,55.693,-63.061,255.01,118.4,150.21,123.38,78.449
107.31,114.29,4.3477,-112.12,42.82,56.985,-64.397,250.96,116.45,150.51,124.3,78.81
107.31,115.13,4.9702,-112.48,42.673,58.006,-65.549,246.69,114.38,150.62,124.88,79.109
107.13,115.63,5.5361,-112.61,42.507,58.767,-66.562,242.15,112.11,150.49,125.1,79.312
106.77,115.83,6.057,-112.5,42.297,59.289,-67.448,237.27,109.58,150.06,124.99,79.368
106.21,115.74,6.551,-112.16,42.01,59.592,-68.173,232.02,106.72,149.33,124.56,79.228
105.45,115.38,7.0344,-111.59,41.62,59.694,-68.647,226.41,103.53,148.3,123.86,78.86
104.5,114.77,7.5191,-110.81,41.108,59.62,-68.753,220.49,100.01,147.05,122.93,78.251
103.33,113.94,8.014,-109.84,40.462,59.403,-68.373,214.34,96.193,145.62,121.78,77.415
101.91,112.91,8.526,-108.66,39.668,59.077,-67.415,208,92.122,144.06,120.4,76.388
100.18,111.65,9.0528,-107.23,38.709,58.656,-65.787,201.51,87.844,142.4,118.77,75.217
98.023,110.09,9.5731,-105.43,37.57,58.123,-63.374,194.9,83.382,140.63,116.88,73.945
95.351,108.07,10.047,-103.1,36.241,57.421,-60.081,188.24,78.749,138.74,114.68,72.586
92.089,105.39,10.435,-100.03,34.723,56.463,-55.946,181.64,73.956,136.67,112.15,71.099
88.227,101.81,10.715,-96.072,33.012,55.161,-51.159,175.22,69.004,134.35,109.24,69.395
83.85,97.193,10.898,-91.198,31.09,53.457,-45.926,169.13,63.898,131.66,105.91,67.348
79.122,91.596,11.015,-85.566,28.922,51.368,-40.367,163.4,58.646,128.47,102.14,64.838
74.26,85.324,11.098,-79.5,26.471,48.985,-34.552,158.02,53.276,124.68,97.9,61.802
69.458,78.832,11.159,-73.393,23.728,46.436,-28.586,152.88,47.83,120.25,93.215,58.259
64.797,72.53,11.18,-67.584,20.741,43.809,-22.629,147.85,42.36,115.24,88.126,54.307
60.188,66.654,11.125,-62.259,17.616,41.129,-16.832,142.82,36.906,109.74,82.693,50.088
55.429,61.245,10.955,-57.411,14.485,38.365,-11.288,137.67,31.495,103.87,76.976,45.736
50.312,56.219,10.643,-52.878,11.47,35.476,-6.0487,132.29,26.144,97.642,71.021,41.356
44.717,51.417,10.185,-48.415,8.6432,32.43,-1.1808,126.58,20.858,91.055,64.864,37.012
38.625,46.654,9.6028,-43.765,6.0299,29.221,3.2413,120.44,15.626,84.047,58.543,32.72
32.106,41.75,8.9384,-38.712,3.6201,25.858,7.157,113.8,10.422,76.551,52.114,28.452
25.306,36.556,8.2398,-33.147,1.3932,22.365,10.517,106.64,5.2077,68.544,45.661,24.158
18.422,30.983,7.5455,-27.092,-0.66753,18.781,13.281,98.998,-0.048635,60.132,39.288,19.791
11.661,25.017,6.8706,-20.676,-2.568,15.16,15.438,90.921,-5.3686,51.605,33.111,15.344
5.1894,18.719,6.206,-14.062,-4.3046,11.572,17.039,82.451,-10.762,43.356,27.235,10.873
-0.85766,12.238,5.533,-7.4168,-5.8729,8.1041,18.19,73.581,-16.229,35.703,21.734,6.5005
-6.3127,5.8296,4.8428,-0.96209,-7.277,4.8591,19.002,64.291,-21.773,28.769,16.646,2.3867
-10.958,-0.14589,4.1495,4.9458,-8.5337,1.9427,19.565,54.62,-27.386,22.508,11.975,-1.3213
-14.652,-5.3269,3.4818,9.901,-9.6667,-0.57355,19.934,44.748,-33.053,16.809,7.7066,-4.5324
-17.445,-9.5121,2.8635,13.701,-10.698,-2.6802,20.143,35.011,-38.754,11.565,3.8136,-7.2286
-19.531,-12.74,2.3026,16.462,-11.639,-4.4247,20.22,25.781,-44.457,6.7182,0.26148,-9.451
-21.124,-15.217,1.7971,18.468,-12.494,-5.8808,20.195,17.322,-50.117,2.2592,-2.9914,-11.272
-22.391,-17.179,1.3475,19.995,-13.258,-7.1194,20.099,9.7346,-55.684,-1.7903,-5.9906,-12.771
-23.439,-18.81,0.9639,21.229,-13.927,-8.1901,19.968,3.0045,-61.097,-5.4098,-8.7806,-14.018
-24.327,-20.208,0.66431,22.266,-14.504,-9.1165,19.832,-2.9303,-66.287,-8.601,-11.396,-15.068
-25.081,-21.409,0.46582,23.143,-14.994,-9.9026,19.714,-8.1406,-71.184,-11.388,-13.858,-15.953
-25.712,-22.416,0.36998,23.868,-15.409,-10.548,19.627,-12.692,-75.729,-13.804,-16.168,-16.689
-26.228,-23.232,0.35158,24.45,-15.758,-11.06,19.57,-16.644,-79.886,-15.886,-18.312,-17.275
-26.64,-23.878,0.36215,24.905,-16.046,-11.461,19.536,-20.053,-83.645,-17.669,-20.273,-17.707
-26.961,-24.389,0.34644,25.259,-16.275,-11.782,19.522,-22.977,-87.01,-19.189,-22.034,-17.981
-27.205,-24.796,0.26143,25.537,-16.447,-12.047,19.53,-25.482,-89.99,-20.485,-23.596,-18.106
-27.386,-25.112,0.09138,25.753,-16.564,-12.27,19.567,-27.632,-92.593,-21.592,-24.969,-18.103
-27.513,-25.334,-0.14393,25.911,-16.636,-12.447,19.636,-29.492,-94.827,-22.535,-26.176,-18.007
-27.596,-25.453,-0.39027,26.01,-16.675,-12.566,19.736,-31.115,-96.697,-23.327,-27.237,-17.853
-27.644,-25.466,-0.57207,26.047,-16.7,-12.608,19.858,-32.546,-98.191,-23.97,-28.164,-17.67
-27.662,-25.386,-0.61685,26.027,-16.724,-12.56,19.991,-33.815,-99.287,-24.463,-28.961,-17.479
-27.652,-25.234,-0.48271,25.957,-16.754,-12.42,20.119,-34.939,-99.959,-24.809,-29.626,-17.291
-27.612,-25.035,-0.17528,25.848,-16.784,-12.201,20.229,-35.926,-100.2,-25.021,-30.163,-17.108
-27.537,-24.814,0.25571,25.711,-16.803,-11.933,20.303,-36.771,-100.03,-25.12,-30.58,-16.927
-27.427,-24.593,0.73908,25.558,-16.796,-11.65,20.327,-37.471,-99.501,-25.138,-30.898,-16.745
-27.286,-24.387,1.2112,25.4,-16.758,-11.385,20.288,-38.023,-98.689,-25.108,-31.141,-16.568
-27.125,-24.197,1.633,25.244,-16.695,-11.15,20.18,-38.432,-97.675,-25.06,-31.333,-16.413
-26.952,-24.006,1.9881,25.09,-16.617,-10.939,20.002,-38.707,-96.533,-25.013,-31.487,-16.299
-26.769,-23.779,2.2683,24.926,-16.528,-10.728,19.758,-38.862,-95.302,-24.973,-31.602,-16.24
-26.57,-23.484,2.4639,24.734,-16.42,-10.496,19.463,-38.915,-93.995,-24.931,-31.674,-16.241
-26.342,-23.115,2.5631,24.5,-16.272,-10.241,19.131,-38.888,-92.606,-24.87,-31.697,-16.294
-26.079,-22.698,2.5571,24.225,-16.068,-9.9837,18.777,-38.805,-91.128,-24.772,-31.68,-16.387
-25.782,-22.276,2.4454,23.924,-15.804,-9.7533,18.409,-38.693,-89.558,-24.629,-31.643,-16.508
-25.456,-21.882,2.2381,23.612,-15.486,-9.5676,18.03,-38.563,-87.888,-24.439,-31.608,-16.649
-25.106,-21.523,1.9557,23.295,-15.132,-9.4245,17.638,-38.412,-86.1,-24.211,-31.588,-16.802
-24.736,-21.186,1.6264,22.97,-14.762,-9.3076,17.234,-38.215,-84.164,-23.956,-31.579,-16.957
-24.357,-20.858,1.2833,22.639,-14.401,-9.1971,16.826,-37.941,-82.045,-23.682,-31.566,-17.102
-23.988,-20.529,0.95996,22.31,-14.074,-9.0782,16.425,-37.557,-79.721,-23.392,-31.53,-17.221
-23.654,-20.204,0.6866,21.999,-13.802,-8.9433,16.044,-37.046,-77.202,-23.082,-31.455,-17.3
-23.377,-19.891,0.4843,21.726,-13.596,-8.7912,15.695,-36.406,-74.532,-22.743,-31.332,-17.325
-23.166,-19.599,0.36084,21.499,-13.448,-8.6251,15.389,-35.656,-71.778,-22.373,-31.156,-17.288
-23.005,-19.331,0.31082,21.313,-13.336,-8.4508,15.128,-34.823,-69.015,-21.974,-30.925,-17.182
-22.864,-19.082,0.3222,21.147,-13.226,-8.2739,14.906,-33.939,-66.299,-21.549,-30.634,-17.003
-22.705,-18.841,0.38574,20.973,-13.091,-8.0958,14.714,-33.032,-63.662,-21.105,-30.273,-16.747
-22.494,-18.587,0.50102,20.764,-12.918,-7.9104,14.54,-32.117,-61.109,-20.639,-29.827,-16.412
-22.204,-18.295,0.67484,20.495,-12.7,-7.7045,14.383,-31.195,-58.618,-20.145,-29.279,-15.998
-21.815,-17.935,0.91053,20.145,-12.435,-7.4649,14.255,-30.253,-56.156,-19.609,-28.614,-15.507
-21.303,-17.479,1.1917,19.688,-12.117,-7.1856,14.178,-29.264,-53.682,-19.012,-27.821,-14.938
-20.643,-16.898,1.4742,19.095,-11.733,-6.869,14.175,-28.195,-51.161,-18.329,-26.9,-14.29
-19.808,-16.166,1.6979,18.336,-11.273,-6.5187,14.266,-27.018,-48.576,-17.535,-25.854,-13.554
-18.776,-15.248,1.8151,17.378,-10.734,-6.1275,14.458,-25.709,-45.919,-16.614,-24.698,-12.726
-17.541,-14.104,1.8124,16.19,-10.123,-5.6713,14.746,-24.256,-43.188,-15.564,-23.448,-11.805
-16.118,-12.69,1.717,14.754,-9.4652,-5.11,15.117,-22.653,-40.379,-14.395,-22.126,-10.802
-14.549,-10.963,1.5905,13.068,-8.7919,-4.3952,15.55,-20.907,-37.487,-13.126,-20.76,-9.734
-12.891,-8.898,1.5148,11.149,-8.139,-3.4784,16.034,-19.035,-34.507,-11.781,-19.38,-8.6196
-11.203,-6.4961,1.5741,9.0319,-7.5386,-2.3178,16.566,-17.061,-31.44,-10.378,-18.022,-7.477
-9.5254,-3.7938,1.8388,6.755,-7.0106,-0.88414,17.161,-15.011,-28.3,-8.9344,-16.723,-6.321
-7.8617,-0.84638,2.3567,4.342,-6.5541,0.83531,17.843,-12.898,-25.101,-7.4583,-15.513,-5.161
-6.1638,2.3033,3.1535,1.7792,-6.1478,2.8374,18.634,-10.711,-21.858,-5.9489,-14.403,-3.9951
-4.3376,5.6494,4.234,-0.99024,-5.7579,5.1081,19.541,-8.4124,-18.574,-4.394,-13.375,-2.8045
-2.2707,9.2167,5.5832,-4.0435,-5.3512,7.627,20.557,-5.9529,-15.248,-2.7738,-12.383,-1.5545
0.12779,13.029,7.1709,-7.4365,-4.9079,10.368,21.655,-3.304,-11.878,-1.0693,-11.375,-0.20206
2.8891,17.073,8.955,-11.162,-4.428,13.295,22.79,-0.48582,-8.4773,0.728,-10.302,1.2932
5.9592,21.269,10.873,-15.126,-3.9282,16.349,23.906,2.4163,-5.0732,2.6081,-9.138,2.9554
9.2025,25.477,12.823,-19.154,-3.4331,19.436,24.933,5.2567,-1.7099,4.5385,-7.8825,4.7761
12.442,29.525,14.67,-23.038,-2.9587,22.437,25.798,7.8607,1.5602,6.4649,-6.5597,6.7007
15.519,33.262,16.271,-26.593,-2.4922,25.243,26.438,10.077,4.6838,8.3174,-5.21,8.6305
18.339,36.589,17.53,-29.709,-1.987,27.783,26.816,11.824,7.6123,10.023,-3.8834,10.448
20.87,39.458,18.417,-32.35,-1.3809,30.028,26.922,13.099,10.306,11.518,-2.6354,12.059
23.121,41.858,18.96,-34.543,-0.62611,31.964,26.758,13.937,12.736,12.761,-1.5212,13.419
25.112,43.796,19.202,-36.34,0.29241,33.565,26.313,14.37,14.885,13.732,-0.58733,14.546
26.863,45.291,19.177,-37.799,1.3519,34.79,25.566,14.398,16.743,14.429,0.13973,15.498
28.393,46.377,18.897,-38.979,2.5014,35.594,24.495,14.004,18.302,14.859,0.65954,16.354
29.74,47.108,18.362,-39.943,3.6865,35.957,23.096,13.185,19.558,15.039,0.99672,17.187
30.975,47.553,17.57,-40.752,4.8865,35.893,21.389,11.972,20.512,14.995,1.1944,18.043
32.19,47.78,16.516,-41.454,6.1433,35.44,19.405,10.431,21.18,14.764,1.3062,18.932
33.467,47.839,15.193,-42.071,7.5553,34.64,17.183,8.6399,21.6,14.392,1.3905,19.829
34.838,47.762,13.6,-42.61,9.2359,33.528,14.758,6.6684,21.823,13.935,1.5043,20.688
36.283,47.569,11.765,-43.072,11.254,32.143,12.172,4.5618,21.903,13.445,1.6946,21.474
37.759,47.269,9.7636,-43.461,13.581,30.533,9.4658,2.3341,21.876,12.956,1.9854,22.173
39.214,46.867,7.7079,-43.779,16.067,28.761,6.6825,-0.018417,21.749,12.467,2.3642,22.791
40.59,46.366,5.6978,-44.024,18.496,26.895,3.8698,-2.4866,21.496,11.948,2.781,23.345
41.822,45.765,3.7831,-44.191,20.693,24.997,1.0837,-5.0153,21.083,11.35,3.1601,23.857
42.85,45.061,1.9751,-44.274,22.594,23.103,-1.602,-7.4934,20.497,10.627,3.4208,24.339
43.638,44.238,0.2922,-44.259,24.233,21.227,-4.0883,-9.782,19.761,9.7567,3.4935,24.79
44.236,43.26,-1.2211,-44.142,25.689,19.367,-6.2654,-11.767,18.928,8.7379,3.3266,25.177
44.853,42.078,-2.5275,-43.944,27.047,17.514,-8.0494,-13.402,18.049,7.5792,2.8848,25.439
45.9,40.629,-3.6258,-43.718,28.367,15.653,-9.4128,-14.725,17.156,6.2847,2.1472,25.49
47.786,38.846,-4.5291,-43.502,29.611,13.762,-10.39,-15.831,16.247,4.8509,1.1118,25.242
50.359,36.651,-5.2296,-43.206,30.532,11.841,-11.064,-16.842,15.299,3.2749,-0.19425,24.627
52.461,33.972,-5.6864,-42.513,30.688,9.9433,-11.536,-17.861,14.285,1.5667,-1.7123,23.624
52.496,30.782,-5.8395,-40.934,29.698,8.1589,-11.896,-18.95,13.182,-0.24555,-3.3638,22.264
49.65,27.157,-5.6461,-38.07,27.422,6.5628,-12.205,-20.129,11.975,-2.1242,-5.0741,20.616
44.163,23.238,-5.1196,-33.865,23.956,5.1622,-12.486,-21.388,10.659,-4.0399,-6.7941,18.757
36.781,19.149,-4.3464,-28.57,19.604,3.8929,-12.741,-22.712,9.2274,-5.9863,-8.5095,16.741
28.364,14.925,-3.4688,-22.55,14.833,2.6546,-12.977,-24.09,7.6765,-7.9814,-10.237,14.59
19.727,10.548,-2.6425,-16.161,10.118,1.3606,-13.213,-25.519,6.0016,-10.057,-12.009,12.308
11.48,6.0214,-1.991,-9.6919,5.7853,-0.028794,-13.479,-26.989,4.2038,-12.243,-13.857,9.9082
3.9486,1.4174,-1.5783,-3.3646,2.0254,-1.4969,-13.797,-28.485,2.297,-14.55,-15.797,7.4164
-2.7302,-3.1093,-1.4041,2.6199,-1.0656,-2.9906,-14.164,-29.983,0.31301,-16.954,-17.82,4.8745
-8.4881,-7.3613,-1.4199,8.0344,-3.5151,-4.4487,-14.545,-31.45,-1.6971,-19.396,-19.891,2.3351
-13.277,-11.157,-1.5552,12.638,-5.4874,-5.8216,-14.89,-32.854,-3.6667,-21.782,-21.959,-0.14391
-17.074,-14.375,-1.7464,16.261,-7.189,-7.0779,-15.159,-34.167,-5.524,-24.015,-23.965,-2.5024
-19.904,-16.966,-1.954,18.889,-8.7181,-8.1965,-15.349,-35.374,-7.2075,-26.009,-25.849,-4.6878
-21.88,-18.938,-2.1634,20.671,-10.027,-9.1606,-15.497,-36.471,-8.6793,-27.711,-27.569,-6.6525
-23.202,-20.356,-2.3725,21.836,-11.049,-9.9547,-15.662,-37.462,-9.9268,-29.101,-29.095,-8.3628
-24.068,-21.323,-2.5745,22.591,-11.789,-10.569,-15.888,-38.349,-10.95,-30.184,-30.404,-9.7981
-24.62,-21.958,-2.746,23.078,-12.293,-11.009,-16.185,-39.118,-11.744,-30.981,-31.471,-10.951
-24.946,-22.358,-2.8497,23.375,-12.621,-11.29,-16.514,-39.738,-12.29,-31.513,-32.275,-11.828
-25.103,-22.579,-2.8465,23.526,-12.83,-11.434,-16.802,-40.166,-12.562,-31.802,-32.791,-12.443
-25.141,-22.643,-2.7044,23.557,-12.973,-11.452,-16.953,-40.353,-12.544,-31.857,-33.007,-12.815
-25.112,-22.571,-2.4028,23.496,-13.098,-11.355,-16.862,-40.245,-12.233,-31.691,-32.933,-12.972
-25.079,-22.405,-1.9366,23.391,-13.256,-11.158,-16.414,-39.782,-11.655,-31.325,-32.625,-12.952
-25.11,-22.211,-1.3167,23.306,-13.493,-10.886,-15.472,-38.884,-10.845,-30.796,-32.166,-12.815
-25.266,-22.062,-0.56936,23.313,-13.843,-10.572,-13.829,-37.436,-9.819,-30.151,-31.648,-12.633
-25.569,-22.011,0.26564,23.456,-14.303,-10.249,-11.166,-35.261,-8.551,-29.415,-31.131,-12.476
-25.981,-22.083,1.1341,23.734,-14.819,-9.9566,-7.8178,-32.098,-6.9411,-28.561,-30.622,-12.39
-26.41,-22.267,1.9629,24.099,-15.307,-9.7326,-7.235,-27.685,-4.7942,-27.477,-30.036,-12.381
-26.772,-22.525,2.665,24.479,-15.7,-9.6044,-10.95,-23.078,-1.767,-25.928,-29.195,-12.415
-27.043,-22.788,3.1773,24.804,-16.007,-9.5683,-12.863,-26.541,2.718,-23.494,-27.816,-12.396
-27.247,-22.935,3.5337,25.002,-16.284,-9.5606,-12.936,-30.185,9.575,-19.434,-25.473,-12.157
-27.348,-22.756,3.9421,24.955,-16.543,-9.4186,-10.629,-26.27,16.787,-14.16,-21.499,-11.418
-27.171,-21.858,4.8492,24.407,-16.792,-8.8133,-3.7936,-17.743,7.5765,-16.049,-14.876,-9.6479
-26.574,-19.544,7.0396,22.92,-17.136,-7.1674,9.6775,-3.3683,11.78,-14.63,-8.987,-5.6376
-27.506,-21.192,14.863,24.379,-17.711,-8.5317,30.877,17.747,19.243,-13.883,-18.507,0.00080411
-42.628,-29.19,20.286,36.452,-18.586,-7.4305,59.629,47.279,27.796,-13.161,-21.704,-7.5432
-57.491,-35.733,22.786,45.831,-19.733,-7.7558,93.492,87.275,38.987,-10.41,-24.526,-12.022
-67.892,-43.244,22.023,54.767,-21.156,-10.766,128.04,135.82,55.974,-2.3817,-24.491,-16.798
-73.283,-49.11,20.644,60.248,-23.087,-17.002,160.92,197.58,83.883,15.212,-17.508,-19.965
-70.414,-49.568,17.909,58.673,-24.234,-21.427,192.97,283.75,129.02,47.295,0.4044,-18.248
-56.808,-39.188,14.261,46.585,-21.775,-17.936,227.21,399.19,200.51,100.32,31.399,-8.5267
-30.501,-10.627,12.881,20.567,-17.469,-2.3961,267.68,546.53,314.49,185.01,81.696,11.837
7.8599,43.638,21.13,-23.42,-14.954,33.51,318.34,729.47,471.99,307.64,163.46,50.243
54.248,130.44,57.526,-88.943,-15.41,97.335,381.1,943.68,667.61,467.95,283.66,119.59
106.95,253.65,135.47,-177.13,-20.736,193.8,452.23,1176.4,903.78,666.08,432.47,221.48
166.19,409.54,232.82,-285.24,-32.738,319.63,519.23,1405.2,1168,892.74,606.79,342.37
230.81,584.76,345.13,-405.28,-47.942,463.3,563.99,1599.5,1435,1128.3,795.05,477.85
296.52,756.11,453.9,-523.44,-60.453,604.13,571.37,1723.6,1667.3,1341.8,974.51,613.43
355.19,894.09,537.35,-621.29,-68.584,716.17,532.24,1742,1819.8,1493.9,1115.5,728.45
396.13,969.66,575.93,-679.48,-71.718,774.48,443.95,1623.9,1848,1545.1,1187.4,801
409.42,962.56,558.23,-683.11,-64.191,762.67,311.88,1352.4,1719.9,1467.6,1167.7,814.04
389.6,868.76,485.47,-627.39,-43.76,679.28,148.69,935.26,1430.5,1257.1,1051.1,761.43
337.92,703.85,372.58,-520.66,-18.144,539.88,-28.284,409.64,1008.9,937.76,852.67,651.03
261.7,499.34,244.32,-382.26,2.7006,372.84,-200.21,-162.62,513.75,557.32,605.15,502.86
171.76,292.46,127.28,-236.02,14.813,210.14,-349.81,-708.23,17.512,173.6,348.46,342.57
79.68,114.66,41.18,-102.99,15.017,77.404,-464.07,-1160.1,-412.98,-161.76,118.12,193.64
-4.4217,-16.372,-6.6957,3.1879,-0.14837,-12.848,-536.71,-1473.8,-732.71,-415.29,-63.043,71.827
-71.73,-92.569,-21.467,76.244,-24.55,-57.584,-569.93,-1636.2,-925.9,-575.98,-187.47,-16.581
-116.87,-121.97,-16.584,117.19,-46.496,-67.88,-573.69,-1665.1,-1003.9,-652.16,-260.33,-73.215
-138.17,-127.14,-7.0732,133.3,-54.471,-64.996,-562.18,-1598.5,-995.65,-663.81,-293.71,-104.27
-136.31,-120.62,-4.1035,131.21,-42.57,-60.976,-548.46,-1479.8,-935.73,-634.33,-300.21,-117.36
-117.49,-109.34,-12.214,117.07,-25.067,-58.865,-540.06,-1344.6,-854.09,-584.43,-289.46,-119.64
-89.536,-97.825,-29.764,97.185,-13.584,-58.578,-537.47,-1215,-770.9,-528.99,-269.27,-116.11
-59.6,-88.532,-50.812,77.226,-2.7305,-61.051,-536.07,-1099.8,-695.76,-476.37,-245.8,-109.86
-33.507,-82.521,-68.863,60.92,10.099,-65.082,-528.68,-997.94,-630.16,-429.39,-222.79,-103.62
-17.813,-70.832,-72.411,45.057,19.368,-68.579,-508.12,-904.5,-571.08,-387.07,-200.39,-95.9
-14.441,-59.752,-77.209,37.355,23.647,-66.011,-473.98,-812.26,-515.62,-348.1,-168.01,-66.702
-11.771,-59.275,-75.237,37.06,25.413,-61.958,-427.51,-712.05,-462.63,-309.91,-133.98,-59.67
-12.23,-56.155,-66.6,35.926,23.624,-55.787,-369.61,-623.42,-411.07,-272.25,-113.35,-57.316
-15.921,-50.562,-55.374,33.103,17.27,-48.809,-306.14,-542.27,-363.21,-239.07,-95.413,-53.27
-19.902,-44.21,-44.041,29.536,8.8056,-42.084,-243.81,-460.29,-314.57,-206.37,-78.701,-47.908
-21.369,-38.574,-33.437,26.711,2.6638,-36.18,-187.39,-380.86,-266.37,-172.52,-64.368,-42.14
-21.396,-34.212,-24.448,24.95,0.49652,-31.313,-139.94,-308.48,-222.34,-140.49,-53.252,-36.824
-21.253,-30.977,-18.399,23.886,-0.62938,-27.455,-102.75,-245.58,-184.16,-113.26,-44.794,-32.454
-21.268,-28.548,-14.888,23.232,-2.2934,-24.346,-74.744,-195.29,-154.03,-92.312,-37.598,-29.087
-21.475,-26.688,-12.333,22.837,-4.1768,-21.638,-53.626,-158.62,-131.7,-77.472,-31.027,-26.543
-21.832,-25.274,-10.198,22.623,-5.9781,-19.176,-37.688,-132.94,-116.01,-67.532,-25.17,-24.615
-22.267,-24.244,-8.5983,22.547,-7.6339,-17.128,-25.812,-114.75,-105.71,-60.943,-20.088,-23.147
-22.727,-23.555,-7.5739,22.58,-9.0759,-15.659,-16.871,-101.23,-100.31,-56.268,-15.751,-22.039
-23.175,-23.155,-6.8076,22.697,-10.237,-14.722,-9.8645,-90.524,-99.154,-52.21,-12.112,-21.228
-23.592,-22.979,-6.2246,22.87,-11.124,-14.168,-5.3917,-81.597,-96.184,-46.992,-9.1324,-20.669
-23.961,-22.953,-5.8235,23.065,-11.787,-13.861,-6.7909,-73.642,-88.482,-41.059,-6.7743,-20.329
-24.268,-23.009,-5.5505,23.252,-12.282,-13.697,-5.4999,-64.812,-79.663,-37.042,-4.994,-20.176
-24.5,-23.088,-5.3522,23.403,-12.648,-13.607,-2.5165,-56.199,-72.329,-34.686,-3.7338,-20.166
-24.651,-23.146,-5.1948,23.5,-12.909,-13.545,0.66794,-50.648,-66.851,-33.172,-2.9216,-20.246
-24.716,-23.161,-5.0622,23.533,-13.08,-13.489,3.4833,-47.131,-62.779,-32.081,-2.4692,-20.356
-24.698,-23.126,-4.9485,23.501,-13.168,-13.431,5.6872,-44.582,-59.599,-31.206,-2.2834,-20.447
-24.599,-23.044,-4.8505,23.411,-13.18,-13.372,7.4005,-42.519,-56.925,-30.431,-2.2746,-20.479
-24.436,-22.934,-4.7616,23.28,-13.124,-13.315,8.7885,-40.717,-54.512,-29.687,-2.366,-20.436
-24.233,-22.82,-4.6731,23.137,-13.017,-13.264,9.9599,-39.078,-52.235,-28.948,-2.502,-20.325
-24.027,-22.725,-4.5789,23.012,-12.881,-13.217,10.965,-37.571,-50.046,-28.222,-2.6532,-20.167
-23.851,-22.658,-4.4825,22.923,-12.738,-13.166,11.822,-36.201,-47.947,-27.531,-2.8159,-19.988
-23.715,-22.606,-4.3984,22.865,-12.602,-13.097,12.537,-34.976,-45.961,-26.895,-3.0047,-19.8
-23.607,-22.54,-4.3534,22.815,-12.474,-12.998,13.118,-33.897,-44.102,-26.323,-3.2401,-19.603
-23.503,-22.431,-4.3787,22.745,-12.352,-12.867,13.58,-32.944,-42.363,-25.809,-3.5401,-19.378
-23.384,-22.268,-4.4979,22.641,-12.233,-12.713,13.947,-32.08,-40.715,-25.341,-3.9151,-19.105
-23.245,-22.053,-4.7154,22.503,-12.119,-12.554,14.245,-31.257,-39.119,-24.903,-4.3688,-18.767
-23.096,-21.801,-5.0092,22.342,-12.016,-12.407,14.501,-30.43,-37.53,-24.478,-4.9004,-18.362
-22.949,-21.536,-5.3334,22.173,-11.929,-12.284,14.731,-29.572,-35.915,-24.056,-5.5052,-17.901
-22.816,-21.279,-5.6257,22.008,-11.861,-12.185,14.942,-28.681,-34.261,-23.631,-6.1788,-17.411
-22.701,-21.049,-5.8211,21.854,-11.811,-12.109,15.132,-27.781,-32.568,-23.208,-6.9151,-16.923
-22.601,-20.859,-5.8676,21.716,-11.774,-12.045,15.29,-26.911,-30.854,-22.796,-7.7089,-16.47
-22.508,-20.713,-5.7384,21.592,-11.738,-11.981,15.399,-26.107,-29.145,-22.404,-8.5537,-16.072
-22.413,-20.609,-5.4379,21.483,-11.696,-11.905,15.443,-25.39,-27.458,-22.041,-9.4432,-15.737
-22.311,-20.537,-5.0017,21.39,-11.639,-11.813,15.413,-24.756,-25.807,-21.711,-10.368,-15.463
-22.203,-20.49,-4.494,21.31,-11.563,-11.708,15.31,-24.171,-24.194,-21.407,-11.307,-15.237
-22.089,-20.452,-4.0005,21.236,-11.473,-11.602,15.152,-23.585,-22.613,-21.114,-12.232,-15.044
-21.972,-20.411,-3.6145,21.156,-11.378,-11.507,14.966,-22.943,-21.061,-20.812,-13.114,-14.87
-21.859,-20.356,-3.4141,21.067,-11.294,-11.436,14.784,-22.209,-19.548,-20.486,-13.932,-14.703
-21.749,-20.282,-3.4417,20.967,-11.228,-11.393,14.629,-21.371,-18.092,-20.126,-14.675,-14.542
-21.64,-20.18,-3.6907,20.855,-11.172,-11.376,14.514,-20.441,-16.719,-19.73,-15.34,-14.385
-21.518,-20.045,-4.1105,20.725,-11.107,-11.37,14.432,-19.441,-15.447,-19.301,-15.924,-14.23
-21.371,-19.869,-4.623,20.569,-11.012,-11.357,14.361,-18.402,-14.281,-18.842,-16.422,-14.078
-21.187,-19.662,-5.1422,20.385,-10.879,-11.322,14.272,-17.351,-13.212,-18.363,-16.839,-13.935
-20.969,-19.439,-5.5892,20.181,-10.712,-11.253,14.145,-16.307,-12.221,-17.876,-17.183,-13.816
-20.723,-19.22,-5.9018,19.972,-10.524,-11.145,13.978,-15.276,-11.286,-17.393,-17.476,-13.739
-20.459,-19.019,-6.0449,19.768,-10.325,-11.003,13.78,-14.244,-10.387,-16.919,-17.735,-13.722
-20.173,-18.836,-6.0184,19.569,-10.112,-10.839,13.573,-13.181,-9.5141,-16.45,-17.966,-13.772
-19.851,-18.661,-5.8563,19.359,-9.8713,-10.669,13.377,-12.049,-8.6583,-15.97,-18.157,-13.873
-19.461,-18.464,-5.6141,19.108,-9.5839,-10.5,13.209,-10.805,-7.8088,-15.458,-18.283,-13.992
-18.963,-18.204,-5.353,18.776,-9.2335,-10.326,13.071,-9.4089,-6.9492,-14.888,-18.32,-14.088
-18.324,-17.835,-5.1251,18.324,-8.8175,-10.127,12.945,-7.8248,-6.0558,-14.237,-18.25,-14.121
-17.525,-17.322,-4.9653,17.726,-8.3503,-9.8756,12.797,-6.0236,-5.101,-13.49,-18.07,-14.069
-16.569,-16.652,-4.8882,16.974,-7.8561,-9.553,12.591,-3.9831,-4.0565,-12.632,-17.776,-13.929
-15.472,-15.833,-4.8907,16.074,-7.3511,-9.1553,12.303,-1.6852,-2.8961,-11.647,-17.36,-13.711
-14.249,-14.888,-4.9581,15.039,-6.8291,-8.6964,11.924,0.88795,-1.5965,-10.514,-16.804,-13.435
-12.893,-13.847,-5.0731,13.88,-6.2622,-8.2014,11.46,3.7578,-0.13979,-9.2111,-16.085,-13.119
-11.382,-12.734,-5.2185,12.598,-5.6161,-7.6952,10.929,6.9494,1.4858,-7.7177,-15.187,-12.769
-9.6869,-11.556,-5.3744,11.184,-4.8678,-7.1905,10.346,10.487,3.286,-6.0194,-14.103,-12.382
-7.7848,-10.297,-5.5127,9.6117,-4.018,-6.6806,9.7169,14.383,5.2626,-4.1071,-12.842,-11.94
-5.6631,-8.9106,-5.5988,7.8371,-3.0892,-6.1411,9.0314,18.639,7.4165,-1.9776,-11.421,-11.414
-3.3125,-7.3269,-5.6029,5.7996,-2.1139,-5.5384,8.2585,23.237,9.7503,0.36637,-9.8656,-10.766
-0.7168,-5.4612,-5.5144,3.4252,-1.1163,-4.8405,7.3522,28.155,12.272,2.913,-8.2041,-9.9626
2.143,-3.234,-5.3482,0.64664,-0.10058,-4.0263,6.2582,33.364,14.994,5.6388,-6.4656,-8.9795
5.2655,-0.59663,-5.1367,-2.5631,0.94848,-3.0887,4.9226,38.83,17.932,8.5064,-4.6737,-7.8148
8.6087,2.4474,-4.9143,-6.16,2.0557,-2.0312,3.2988,44.512,21.094,11.466,-2.8405,-6.4915
12.094,5.8445,-4.6993,-10.034,3.2419,-0.85715,1.361,50.371,24.489,14.464,-0.96263,-5.0496
15.634,9.526,-4.4822,-14.053,4.512,0.44856,-0.87485,56.384,28.131,17.46,0.97847,-3.5292
19.159,13.449,-4.2261,-18.112,5.8515,1.936,-3.336,62.538,32.06,20.452,3.0112,-1.9515
22.624,17.601,-3.8802,-22.135,7.2336,3.692,-5.9103,68.815,36.344,23.487,5.1646,-0.31152
26,21.962,-3.4035,-26.052,8.6338,5.8196,-8.4958,75.166,41.064,26.66,7.461,1.4176
29.27,26.464,-2.7857,-29.79,10.044,8.3929,-11.046,81.508,46.279,30.106,9.9142,3.2723
32.433,30.995,-2.0578,-33.306,11.483,11.396,-13.578,87.743,51.982,33.96,12.527,5.2857
35.526,35.439,-1.2853,-36.627,13.001,14.678,-16.154,93.787,58.082,38.304,15.29,7.475
38.61,39.712,-0.54996,-39.841,14.661,17.986,-18.864,99.594,64.407,43.114,18.175,9.8337
41.749,43.759,0.076736,-43.05,16.507,21.072,-21.812,105.15,70.759,48.254,21.135,12.329
44.995,47.551,0.55754,-46.314,18.523,23.8,-25.088,110.47,76.968,53.55,24.122,14.91
48.376,51.098,0.90314,-49.655,20.625,26.178,-28.732,115.52,82.922,58.869,27.104,17.526
51.911,54.469,1.1657,-53.084,22.697,28.309,-32.677,120.29,88.573,64.155,30.078,20.137
55.608,57.791,1.406,-56.646,24.658,30.326,-36.767,124.74,93.906,69.395,33.07,22.724
59.482,61.233,1.6505,-60.43,26.499,32.334,-40.845,128.86,98.92,74.586,36.124,25.284
63.566,64.972,1.8686,-64.561,28.266,34.376,-44.829,132.64,103.61,79.717,39.274,27.833
67.904,69.149,1.9905,-69.137,30.019,36.427,-48.722,136.12,107.95,84.763,42.528,30.394
72.511,73.799,1.9455,-74.159,31.79,38.427,-52.558,139.34,111.93,89.696,45.87,33.003
77.318,78.806,1.6937,-79.461,33.562,40.322,-56.349,142.33,115.52,94.499,49.259,35.701
82.148,83.917,1.2404,-84.751,35.275,42.087,-60.069,145.1,118.74,99.178,52.646,38.532
86.77,88.86,0.64282,-89.738,36.862,43.729,-63.672,147.66,121.61,103.77,55.989,41.534
90.997,93.453,0.0083201,-94.243,38.276,45.288,-67.104,149.99,124.18,108.3,59.258,44.725
94.743,97.621,-0.52901,-98.21,39.503,46.818,-70.323,152.1,126.5,112.78,62.438,48.093
98.006,101.34,-0.84868,-101.65,40.555,48.355,-73.311,153.92,128.57,117.17,65.524,51.586
100.82,104.58,-0.88236,-104.57,41.453,49.885,-76.104,155.43,130.36,121.34,68.509,55.132
103.21,107.33,-0.63348,-106.98,42.227,51.351,-78.781,156.55,131.78,125.15,71.377,58.657
105.22,109.57,-0.17045,-108.92,42.904,52.682,-81.426,157.24,132.79,128.47,74.099,62.11
106.88,111.37,0.40311,-110.45,43.506,53.839,-84.086,157.45,133.35,131.25,76.633,65.462
108.25,112.82,0.98522,-111.66,44.044,54.836,-86.732,157.21,133.45,133.53,78.937,68.708
109.39,114.07,1.5042,-112.66,44.515,55.745,-89.262,156.58,133.13,135.36,80.988,71.854
110.37,115.27,1.9365,-113.56,44.904,56.674,-91.539,155.62,132.43,136.84,82.779,74.906
111.21,116.53,2.3147,-114.42,45.19,57.722,-93.462,154.39,131.41,138,84.321,77.852
111.95,117.89,2.7154,-115.31,45.353,58.95,-95.009,152.93,130.12,138.88,85.626,80.661
112.61,119.31,3.2199,-116.2,45.389,60.347,-96.237,151.23,128.62,139.52,86.702,83.287
113.18,120.71,3.872,-117.04,45.314,61.833,-97.239,149.27,126.93,139.92,87.548,85.677
113.64,121.96,4.6551,-117.78,45.165,63.27,-98.097,147.02,125.1,140.13,88.16,87.788
113.97,122.97,5.4948,-118.35,44.982,64.515,-98.838,144.51,123.16,140.14,88.533,89.587
114.11,123.66,6.2873,-118.71,44.792,65.462,-99.414,141.75,121.14,139.98,88.656,91.056
114.02,124,6.9461,-118.83,44.6,66.063,-99.719,138.82,119.07,139.66,88.515,92.19
113.69,123.98,7.4411,-118.69,44.385,66.324,-99.635,135.75,116.97,139.18,88.08,92.99
113.08,123.63,7.8083,-118.28,44.11,66.292,-99.074,132.61,114.8,138.54,87.316,93.464
112.18,123,8.1285,-117.61,43.73,66.039,-97.994,129.42,112.55,137.74,86.179,93.616
110.99,122.13,8.4867,-116.68,43.205,65.637,-96.373,126.22,110.15,136.78,84.636,93.443
109.5,121.06,8.9299,-115.51,42.517,65.13,-94.19,122.99,107.55,135.63,82.661,92.939
107.75,119.78,9.4431,-114.1,41.668,64.515,-91.422,119.73,104.7,134.28,80.238,92.087
105.7,118.23,9.9544,-112.4,40.678,63.739,-88.085,116.4,101.53,132.7,77.347,90.85
103.29,116.29,10.368,-110.3,39.564,62.714,-84.265,112.94,98.009,130.85,73.96,89.162
100.43,113.78,10.604,-107.65,38.32,61.338,-80.078,109.28,94.078,128.66,70.043,86.936
96.989,110.49,10.63,-104.29,36.918,59.539,-75.591,105.36,89.712,126.02,65.591,84.091
92.939,106.27,10.464,-100.09,35.317,57.303,-70.783,101.17,84.929,122.84,60.655,80.59
88.328,101.06,10.16,-95.064,33.476,54.691,-65.575,96.743,79.81,119.05,55.353,76.46
83.29,95.002,9.7804,-89.321,31.365,51.819,-59.867,92.157,74.475,114.65,49.837,71.788
77.983,88.35,9.3668,-83.059,28.963,48.797,-53.578,87.48,69.036,109.72,44.253,66.697
72.532,81.42,8.9293,-76.516,26.252,45.686,-46.726,82.741,63.552,104.36,38.697,61.328
66.997,74.475,8.4485,-69.94,23.232,42.49,-39.496,77.92,58.023,98.645,33.211,55.842
61.355,67.684,7.8966,-63.532,19.945,39.18,-32.207,72.955,52.417,92.584,27.799,50.405
55.503,61.132,7.2601,-57.378,16.502,35.725,-25.159,67.781,46.72,86.133,22.449,45.141
49.315,54.831,6.5545,-51.416,13.051,32.118,-18.517,62.351,40.967,79.226,17.166,40.093
42.724,48.739,5.8219,-45.489,9.7224,28.381,-12.332,56.664,35.244,71.814,11.975,35.226
35.777,42.776,5.117,-39.443,6.5929,24.558,-6.6235,50.765,29.65,63.915,6.9293,30.464
28.617,36.846,4.4898,-33.199,3.6947,20.716,-1.4166,44.733,24.258,55.681,2.0892,25.742
21.423,30.859,3.9771,-26.748,1.0352,16.943,3.2719,38.659,19.102,47.432,-2.4887,21.051
14.348,24.748,3.6008,-20.121,-1.3903,13.338,7.4253,32.621,14.177,39.572,-6.7716,16.454
7.5167,18.52,3.3715,-13.393,-3.5934,9.9975,10.997,26.675,9.4634,32.398,-10.76,12.077
1.0697,12.298,3.2941,-6.7238,-5.5943,7.0067,13.939,20.856,4.9333,25.986,-14.484,8.0703
-4.7842,6.3477,3.3727,-0.40612,-7.4197,4.4315,16.266,15.199,0.55867,20.237,-17.994,4.5425
-9.7992,1.0068,3.6113,5.1704,-9.0946,2.3083,18.071,9.7579,-3.6853,15.003,-21.336,1.5273
-13.814,-3.4471,4.0101,9.682,-10.633,0.63447,19.468,4.6083,-7.816,10.167,-24.546,-1.0117
-16.86,-6.926,4.5607,13.054,-12.037,-0.63353,20.552,-0.17306,-11.841,5.673,-27.636,-3.1479
-19.126,-9.5393,5.2438,15.473,-13.304,-1.5665,21.384,-4.5363,-15.757,1.5156,-30.606,-4.9621
-20.839,-11.494,6.0314,17.221,-14.433,-2.243,22.008,-8.475,-19.559,-2.2836,-33.447,-6.5265
-22.182,-12.992,6.8914,18.54,-15.438,-2.7364,22.462,-12.023,-23.237,-5.7057,-36.153,-7.8992
-23.276,-14.188,7.7941,19.59,-16.339,-3.108,22.778,-15.236,-26.781,-8.7487,-38.722,-9.1225
-24.198,-15.183,8.7136,20.465,-17.16,-3.4048,22.983,-18.171,-30.171,-11.424,-41.155,-10.223
-24.995,-16.038,9.6244,21.218,-17.918,-3.6581,23.099,-20.865,-33.382,-13.746,-43.45,-11.212
-25.691,-16.789,10.491,21.874,-18.62,-3.8883,23.137,-23.33,-36.379,-15.726,-45.599,-12.095
-26.299,-17.455,11.261,22.449,-19.255,-4.1115,23.108,-25.569,-39.135,-17.382,-47.582,-12.873
-26.821,-18.051,11.866,22.948,-19.805,-4.344,23.018,-27.58,-41.632,-18.742,-49.369,-13.555
-27.259,-18.589,12.239,23.377,-20.25,-4.6022,22.879,-29.37,-43.868,-19.853,-50.921,-14.155
-27.614,-19.083,12.344,23.742,-20.578,-4.8966,22.704,-30.953,-45.852,-20.766,-52.198,-14.69
-27.892,-19.541,12.194,24.05,-20.792,-5.2295,22.507,-32.349,-47.6,-21.523,-53.163,-15.172
-28.102,-19.97,11.84,24.31,-20.903,-5.5954,22.302,-33.577,-49.126,-22.147,-53.785,-15.608
-28.256,-20.369,11.344,24.529,-20.925,-5.9853,22.102,-34.656,-50.444,-22.64,-54.044,-15.995
-28.36,-20.734,10.749,24.711,-20.868,-6.3889,21.914,-35.599,-51.561,-22.996,-53.937,-16.332
-28.415,-21.057,10.072,24.852,-20.734,-6.7956,21.739,-36.419,-52.486,-23.211,-53.475,-16.619
-28.415,-21.333,9.3078,24.949,-20.524,-7.1959,21.571,-37.123,-53.228,-23.295,-52.684,-16.857
-28.351,-21.559,8.4476,24.995,-20.238,-7.5815,21.399,-37.713,-53.786,-23.27,-51.591,-17.041
-28.218,-21.734,7.495,24.989,-19.886,-7.943,21.215,-38.187,-54.147,-23.167,-50.223,-17.16
-28.018,-21.859,6.4821,24.933,-19.485,-8.2674,21.013,-38.539,-54.286,-23.011,-48.599,-17.197
-27.764,-21.935,5.4723,24.832,-19.063,-8.5383,20.794,-38.757,-54.172,-22.817,-46.742,-17.134
-27.479,-21.963,4.545,24.698,-18.652,-8.7414,20.564,-38.833,-53.786,-22.584,-44.682,-16.964
-27.185,-21.944,3.7693,24.541,-18.278,-8.8697,20.332,-38.766,-53.135,-22.304,-42.47,-16.694
-26.901,-21.882,3.1833,24.369,-17.958,-8.9256,20.11,-38.57,-52.258,-21.975,-40.168,-16.35
-26.635,-21.773,2.7843,24.184,-17.69,-8.9181,19.908,-38.268,-51.213,-21.606,-37.838,-15.963
-26.381,-21.614,2.5327,23.979,-17.456,-8.8601,19.728,-37.889,-50.07,-21.221,-35.531,-15.566
-26.121,-21.401,2.3657,23.743,-17.224,-8.7669,19.569,-37.457,-48.898,-20.853,-33.274,-15.175
-25.839,-21.14,2.2187,23.469,-16.967,-8.6553,19.419,-36.988,-47.762,-20.531,-31.081,-14.793
-25.528,-20.842,2.0469,23.161,-16.671,-8.5398,19.269,-36.491,-46.707,-20.278,-28.953,-14.408
-25.188,-20.525,1.8402,22.829,-16.344,-8.4268,19.113,-35.965,-45.758,-20.096,-26.893,-13.998
-24.836,-20.201,1.622,22.488,-16.008,-8.3127,18.948,-35.405,-44.915,-19.971,-24.907,-13.545
-24.491,-19.878,1.4318,22.154,-15.693,-8.1873,18.776,-34.809,-44.158,-19.88,-23.007,-13.04
-24.176,-19.559,1.3005,21.841,-15.427,-8.0436,18.598,-34.178,-43.451,-19.794,-21.205,-12.502
-23.904,-19.247,1.2325,21.559,-15.22,-7.8821,18.416,-33.519,-42.74,-19.695,-19.512,-11.971
-23.683,-18.947,1.2054,21.314,-15.064,-7.7103,18.234,-32.843,-41.952,-19.576,-17.93,-11.498
-23.505,-18.661,1.1836,21.103,-14.936,-7.5372,18.055,-32.166,-40.998,-19.445,-16.454,-11.125
-23.351,-18.389,1.1366,20.915,-14.805,-7.3706,17.881,-31.498,-39.793,-19.315,-15.073,-10.874
-23.198,-18.136,1.0495,20.739,-14.645,-7.2179,17.706,-30.848,-38.275,-19.197,-13.779,-10.735
-23.026,-17.903,0.92728,20.565,-14.446,-7.0855,17.522,-30.219,-36.426,-19.098,-12.568,-10.682
-22.825,-17.694,0.79452,20.386,-14.218,-6.9776,17.316,-29.611,-34.273,-19.016,-11.443,-10.69
-22.597,-17.51,0.68777,20.206,-13.985,-6.8938,17.081,-29.022,-31.874,-18.944,-10.413,-10.744
-22.356,-17.353,0.63973,20.035,-13.767,-6.8319,16.808,-28.455,-29.292,-18.879,-9.4863,-10.849
-22.12,-17.229,0.66102,19.886,-13.58,-6.7918,16.497,-27.919,-26.586,-18.817,-8.6675,-11.019
-21.9,-17.141,0.72867,19.764,-13.416,-6.7777,16.145,-27.428,-23.799,-18.758,-7.9466,-11.263
-21.691,-17.083,0.78868,19.665,-13.246,-6.7962,15.76,-26.997,-20.958,-18.698,-7.298,-11.579
-21.471,-17.042,0.77251,19.568,-13.032,-6.8535,15.351,-26.633,-18.078,-18.627,-6.6855,-11.944
-21.215,-17.001,0.61903,19.451,-12.738,-6.9524,14.937,-26.336,-15.168,-18.532,-6.0711,-12.326
-20.904,-16.947,0.29302,19.297,-12.353,-7.0903,14.532,-26.092,-12.228,-18.393,-5.4223,-12.692
-20.533,-16.861,-0.20399,19.092,-11.893,-7.2537,14.153,-25.87,-9.2561,-18.187,-4.713,-13.019
-20.102,-16.715,-0.83139,18.82,-11.399,-7.4135,13.814,-25.621,-6.2478,-17.888,-3.9222,-13.29
-19.602,-16.459,-1.5152,18.448,-10.914,-7.5224,13.541,-25.288,-3.2045,-17.469,-3.032,-13.491
-19.012,-16.02,-2.1606,17.928,-10.476,-7.518,13.367,-24.808,-0.13944,-16.905,-2.0282,-13.606
-18.297,-15.308,-2.6698,17.189,-10.105,-7.3286,13.333,-24.128,2.9192,-16.176,-0.90228,-13.615
-17.417,-14.219,-2.9606,16.155,-9.8029,-6.8806,13.47,-23.214,5.9303,-15.278,0.34588,-13.491
-16.346,-12.647,-2.9847,14.748,-9.5598,-6.1034,13.78,-22.055,8.842,-14.228,1.7058,-13.209
-15.077,-10.51,-2.7358,12.922,-9.359,-4.9339,14.235,-20.665,11.589,-13.06,3.1539,-12.748
-13.638,-7.7992,-2.231,10.69,-9.1854,-3.3277,14.787,-19.078,14.091,-11.821,4.6549,-12.102
-12.082,-4.6185,-1.4563,8.1545,-9.0303,-1.2905,15.396,-17.342,16.253,-10.554,6.1677,-11.281
-10.473,-1.1755,-0.32381,5.4712,-8.8921,1.0968,16.061,-15.504,17.995,-9.2858,7.658,-10.314
-8.8516,2.321,1.2791,2.7746,-8.7743,3.7116,16.827,-13.596,19.286,-8.0153,9.112,-9.2299
-7.2052,5.7717,3.3927,0.1013,-8.6799,6.4597,17.753,-11.622,20.178,-6.7151,10.546,-8.0477
-5.4594,9.2231,5.9528,-2.6302,-8.6008,9.3135,18.866,-9.5639,20.795,-5.3356,12.01,-6.7581
-3.486,12.824,8.8035,-5.5844,-8.51,12.301,20.14,-7.4001,21.288,-3.8168,13.57,-5.319
-1.1329,16.737,11.703,-8.9387,-8.3642,15.463,21.505,-5.1288,21.787,-2.1059,15.293,-3.6592
1.726,21.039,14.376,-12.791,-8.1156,18.795,22.857,-2.7869,22.366,-0.17777,17.224,-1.6959
5.126,25.648,16.604,-17.077,-7.724,22.208,24.087,-0.45129,23.038,1.9488,19.367,0.63575
8.96,30.337,18.266,-21.556,-7.1647,25.533,25.099,1.7763,23.77,4.2059,21.685,3.347
12.988,34.835,19.337,-25.905,-6.4303,28.595,25.828,3.7912,24.501,6.4851,24.107,6.3682
16.929,38.947,19.892,-29.859,-5.5296,31.309,26.246,5.5048,25.152,8.6554,26.536,9.5442
20.568,42.591,20.071,-33.29,-4.4792,33.703,26.352,6.8495,25.636,10.585,28.851,12.661
23.811,45.746,20.005,-36.181,-3.2875,35.844,26.157,7.7749,25.867,12.163,30.926,15.496
26.668,48.365,19.746,-38.567,-1.9399,37.725,25.668,8.2401,25.78,13.33,32.648,17.876
29.213,50.374,19.256,-40.507,-0.39548,39.192,24.878,8.2136,25.355,14.097,33.953,19.708
31.544,51.741,18.46,-42.082,1.3984,39.995,23.765,7.6813,24.623,14.534,34.845,20.997
33.742,52.539,17.321,-43.388,3.4812,39.965,22.307,6.6602,23.653,14.739,35.39,21.82
35.852,52.911,15.876,-44.496,5.8542,39.181,20.515,5.2044,22.528,14.8,35.679,22.3
37.882,52.993,14.216,-45.429,8.4678,37.869,18.451,3.3965,21.32,14.773,35.792,22.556
39.832,52.861,12.394,-46.192,11.233,36.212,16.201,1.3297,20.084,14.677,35.777,22.68
41.705,52.545,10.409,-46.797,14.055,34.287,13.816,-0.91138,18.846,14.502,35.637,22.719
43.497,52.05,8.2702,-47.27,16.869,32.12,11.289,-3.263,17.608,14.219,35.342,22.667
45.194,51.367,6.0091,-47.633,19.645,29.727,8.5762,-5.6828,16.35,13.796,34.836,22.479
46.786,50.478,3.6175,-47.907,22.357,27.128,5.6633,-8.1388,15.039,13.215,34.061,22.084
48.27,49.352,0.97403,-48.126,24.973,24.352,2.6318,-10.592,13.651,12.478,32.97,21.415
49.643,47.952,-2.154,-48.319,27.455,21.431,-0.32833,-12.983,12.179,11.602,31.55,20.432
50.889,46.217,-5.897,-48.457,29.778,18.4,-2.9806,-15.231,10.641,10.603,29.819,19.128
51.981,44.084,-10.058,-48.417,31.925,15.289,-5.1451,-17.254,9.0709,9.4978,27.819,17.524
52.928,41.5,-14.258,-48.046,33.892,12.109,-6.7738,-18.993,7.5007,8.2928,25.6,15.663
53.821,38.408,-18.128,-47.241,35.702,8.858,-7.9475,-20.444,5.9419,6.9811,23.199,13.595
54.79,34.723,-21.339,-45.946,37.409,5.5669,-8.8047,-21.659,4.3825,5.54,20.641,11.379
55.782,30.337,-23.735,-44.086,39.032,2.364,-9.4697,-22.728,2.8009,3.9473,17.944,9.0824
56.355,25.233,-25.41,-41.524,40.412,-0.54911,-10.023,-23.735,1.189,2.2086,15.142,6.7845
55.784,19.628,-26.548,-38.114,41.158,-3.0309,-10.49,-24.732,-0.4335,0.37359,12.299,4.5768
53.448,13.991,-27.252,-33.819,40.883,-5.0718,-10.846,-25.724,-2.0257,-1.4788,9.4966,2.5307
49.181,8.8056,-27.476,-28.779,39.453,-6.7251,-11.037,-26.694,-3.5503,-3.2788,6.8083,0.6877
43.306,4.2971,-27.085,-23.25,36.974,-8.0493,-11.022,-27.625,-4.9979,-5.0018,4.2725,-0.94816
36.393,0.38611,-25.986,-17.476,33.631,-9.1115,-10.813,-28.521,-6.396,-6.675,1.8832,-2.4072
28.992,-3.1526,-24.252,-11.627,29.604,-10.008,-10.472,-29.401,-7.7953,-8.351,-0.39488,-3.7388
21.493,-6.5048,-22.173,-5.8171,25.12,-10.848,-10.096,-30.283,-9.2446,-10.069,-2.5924,-4.9929
14.151,-9.7212,-20.165,-0.17765,20.499,-11.728,-9.7792,-31.167,-10.765,-11.828,-4.7248,-6.1872
7.1739,-12.726,-18.629,5.0815,16.115,-12.703,-9.5795,-32.029,-12.338,-13.584,-6.7758,-7.3068
0.76363,-15.404,-17.842,9.6866,12.285,-13.775,-9.5045,-32.833,-13.914,-15.269,-8.7036,-8.3145
-4.8758,-17.684,-17.881,13.42,9.1664,-14.899,-9.5101,-33.545,-15.431,-16.818,-10.457,-9.1724
-9.55,-19.566,-18.581,16.24,6.7219,-16.006,-9.5193,-34.148,-16.843,-18.181,-11.992,-9.8605
-13.139,-21.096,-19.586,18.279,4.7637,-17.024,-9.4697,-34.653,-18.141,-19.337,-13.297,-10.386
-15.7,-22.334,-20.507,19.74,3.0691,-17.905,-9.3613,-35.096,-19.358,-20.291,-14.386,-10.784
-17.471,-23.339,-21.109,20.807,1.5215,-18.639,-9.2608,-35.527,-20.547,-21.058,-15.304,-11.101
-18.728,-24.158,-21.409,21.613,0.1366,-19.249,-9.2576,-35.985,-21.757,-21.668,-16.108,-11.379
-19.657,-24.829,-21.569,22.238,-1.0291,-19.766,-9.4197,-36.479,-23,-22.149,-16.837,-11.633
-20.345,-25.374,-21.684,22.719,-1.9344,-20.214,-9.7626,-36.973,-24.228,-22.524,-17.508,-11.849
-20.822,-25.804,-21.74,23.066,-2.5718,-20.595,-10.243,-37.411,-25.357,-22.804,-18.115,-11.994
-21.113,-26.114,-21.685,23.284,-2.9814,-20.891,-10.761,-37.721,-26.288,-22.981,-18.624,-12.035
-21.273,-26.297,-21.464,23.389,-3.2514,-21.058,-11.181,-37.825,-26.948,-23.036,-19,-11.964
-21.38,-26.356,-21.023,23.425,-3.5045,-21.051,-11.333,-37.636,-27.309,-22.944,-19.227,-11.806
-21.541,-26.323,-20.313,23.457,-3.8754,-20.844,-11.012,-37.061,-27.36,-22.687,-19.326,-11.613
-21.854,-26.258,-19.29,23.553,-4.4783,-20.456,-9.9633,-35.991,-27.113,-22.275,-19.352,-11.457
-22.372,-26.224,-17.947,23.766,-5.3634,-19.946,-7.9144,-34.287,-26.556,-21.726,-19.379,-11.413
-23.066,-26.264,-16.358,24.101,-6.4781,-19.381,-4.8197,-31.739,-25.63,-21.044,-19.472,-11.532
-23.826,-26.38,-14.695,24.518,-7.675,-18.819,-2.3387,-28.082,-24.199,-20.179,-19.65,-11.826
-24.522,-26.548,-13.153,24.955,-8.7866,-18.309,-5.2359,-23.363,-22.026,-18.982,-19.858,-12.254
-25.083,-26.717,-11.843,25.343,-9.7275,-17.87,-10.071,-21.694,-18.754,-17.135,-19.929,-12.742
-25.53,-26.802,-10.749,25.62,-10.538,-17.473,-11.623,-29.004,-13.919,-14.026,-19.562,-13.173
-25.882,-26.649,-9.7535,25.7,-11.3,-16.992,-11.379,-28.242,-7.7286,-9.0326,-18.266,-13.357
-26.015,-25.981,-8.6464,25.4,-12.021,-16.178,-8.2787,-22.654,-11.935,-10.502,-15.252,-12.982
-25.698,-24.295,-7.1348,24.355,-12.704,-14.65,-0.396,-12.329,-19.888,-12.077,-9.2908,-11.486
-25.909,-21.503,-5.0384,22.956,-13.451,-13.025,14.013,4.6535,-15.587,-10.925,-3.8564,-7.5794
-38.182,-28.316,-2.0322,32.784,-14.372,-15.314,36.001,30.003,-8.0088,-9.7065,-13.049,-6.3674
-54.731,-33.198,5.2483,42.041,-15.461,-13.928,65.75,65.522,3.2808,-7.5567,-16.729,-12.634
-66.727,-39.356,11.823,51.253,-16.538,-13.542,100.91,110.89,20.171,-2.2727,-20.06,-18.251
-74.195,-45.774,14.151,58.479,-17.247,-14.485,136.31,165.76,46.364,9.7644,-20.656,-23.531
-73.981,-49.838,10.805,60.527,-17.269,-17.319,169.41,237.78,87.089,33.494,-14.81,-26.152
-63.873,-47.228,3.6566,53.732,-16.641,-20.078,201.04,335.66,147.34,75.159,2.3682,-22.572
-41.903,-31.749,-1.147,34.333,-15.551,-15.893,234.46,464.06,236.57,142.54,35.365,-8.8296
-7.7554,4.7149,2.5277,-1.3736,-13.847,4.6284,274.49,626.58,368.53,243.58,90.31,19.493
37.421,70.657,23.609,-56.789,-10.866,49.749,324.88,823.84,542.76,381.28,179.3,69.732
92.172,171.54,72.744,-134.19,-6.4399,125.11,385.23,1049.7,757.96,558.34,307.9,149.12
155.62,306.75,150.8,-233.25,-5.6053,230.42,448.57,1288.1,1007.4,769.62,462.86,254.76
226.46,467,245.65,-348.95,-9.9289,356.92,502.35,1513.1,1272.4,999.88,636.85,378.73
300.99,633.62,343.46,-470.24,-14.866,487.58,531.38,1690.3,1523.4,1223.2,812.19,510.18
371.67,780.25,424.47,-580.16,-20.44,599.51,521.9,1780.8,1719.7,1403.8,962.08,630.64
427.69,878.11,469.7,-658.69,-21.864,669.25,465.89,1747.4,1813.4,1501.4,1056.9,718.76
457.72,904.04,466.52,-688.14,-8.8282,679.57,363.97,1563.7,1762.5,1482.3,1071.8,755.86
453.53,848.52,413.23,-659.15,12.818,625.25,225.57,1224.8,1547.1,1331.9,995.41,732.02
412.83,720.24,320.78,-574.65,36.625,515.87,66.683,754.32,1182.1,1063,835.03,650.07
340.34,544.25,210.19,-449.7,57.175,373.84,-93.796,204.54,716.05,714.75,615.86,525.34
246.58,353.92,105.75,-306.62,64.541,227.47,-238.11,-354.41,218.65,341.71,373.56,380.67
144.62,180.13,26.863,-167.72,54.025,101.71,-352.8,-851.06,-238.77,-2.4366,143.41,238.95
46.727,42.963,-17.681,-49.424,27.212,11.032,-430.82,-1230,-601.23,-278.33,-48.637,116.89
-37.176,-50.881,-30.613,39.872,-9.3791,-41.841,-472.38,-1464.1,-840.92,-467.75,-190.18,22.535
-99.555,-101.36,-23.331,97.633,-45.616,-61.131,-484.61,-1558.1,-959.24,-572.63,-281.49,-43.721
-136.19,-121.32,-9.5997,127.29,-72.167,-63.949,-479.54,-1541.4,-980.39,-608.8,-330.88,-86.044
-147.02,-122.95,-0.65076,134.6,-83.071,-60.585,-469.93,-1454.8,-938.32,-597.84,-348.96,-109.78
-136.54,-114.6,-1.5545,125.75,-76.802,-57.033,-464.85,-1336.1,-864.38,-560.36,-345.82,-119.62
-111.79,-102.48,-11.535,107.21,-55.935,-56.497,-467.22,-1212,-781.72,-512.35,-330.21,-120.36
-80.429,-91.126,-28.835,86.105,-27.45,-59.159,-474.2,-1097,-704.13,-464.13,-308.86,-116.74
-49.906,-83.483,-50.722,68.283,-0.69957,-63.644,-479.64,-996.52,-637.14,-420.75,-286.05,-112.23
-25.855,-79.594,-70.767,55.519,19.543,-69.819,-476.91,-909.84,-580.84,-383.09,-264.41,-108.11
-12.593,-71.644,-86.198,45.69,31.719,-75.701,-461.75,-831.18,-532.14,-349.17,-244.91,-99.624
-7.7175,-69.429,-93.015,42.562,36.863,-76.98,-433.36,-752.28,-485.56,-316.21,-223.76,-88.102
-6.9979,-68.614,-91.864,41.711,36.489,-75.382,-392.79,-669.63,-440.33,-282.8,-203.73,-82.448
-9.8331,-65.546,-84.837,40.106,31.379,-71.884,-342.95,-585.36,-395.18,-250.47,-187.13,-78.206
-15.508,-60.368,-74.438,36.846,23.048,-67.009,-288.13,-501.12,-349.87,-217.95,-171.28,-73.335
-21.286,-54.072,-62.888,32.562,12.635,-61.282,-232.88,-420.08,-302.43,-184.27,-155.05,-67.542
-22.989,-48.071,-51.299,29.369,5.4888,-55.203,-180.99,-345.39,-258.33,-152.06,-138.5,-61.069
-22.975,-43.328,-40.976,27.632,3.7578,-49.214,-135.28,-279.72,-218.8,-123.77,-122.49,-54.365
-22.883,-39.928,-33.54,26.704,2.7324,-43.679,-97.628,-224.59,-186.28,-101.04,-108.16,-47.968
-22.972,-37.483,-28.931,26.19,0.80888,-38.843,-68.775,-181.22,-161.31,-84.247,-96.472,-42.321
-23.239,-35.568,-25.805,25.903,-1.3538,-34.754,-47.724,-149.38,-142.95,-72.557,-87.713,-37.591
-23.61,-33.877,-23.148,25.737,-3.4595,-31.257,-32.585,-126.61,-130.04,-64.618,-81.249,-33.71
-23.998,-32.25,-20.463,25.62,-5.4924,-28.096,-21.638,-109.92,-121.48,-59.104,-75.77,-30.518
-24.34,-30.656,-17.778,25.496,-7.3481,-25.116,-13.466,-97.021,-116.69,-54.922,-70.337,-27.868
-24.603,-29.151,-15.701,25.331,-8.8831,-22.399,-7.0996,-86.491,-115.16,-50.931,-64.99,-25.66
-24.777,-27.81,-14.31,25.115,-10.06,-20.135,-2.8262,-77.594,-113.18,-45.529,-60.221,-23.839
-24.866,-26.68,-13.036,24.863,-10.926,-18.389,-2.0511,-69.654,-108.07,-39.71,-56.343,-22.376
-24.884,-25.772,-11.82,24.601,-11.549,-17.087,0.26037,-60.7,-101.15,-35.857,-53.38,-21.256
-24.853,-25.064,-10.786,24.357,-11.991,-16.118,4.0363,-51.932,-94.291,-33.644,-51.198,-20.457
-24.794,-24.525,-9.9635,24.146,-12.306,-15.388,7.363,-46.351,-88.367,-32.31,-49.608,-19.939
-24.729,-24.113,-9.3273,23.976,-12.537,-14.825,9.7251,-42.883,-83.444,-31.45,-48.42,-19.644
-24.667,-23.787,-8.842,23.842,-12.716,-14.374,11.253,-40.469,-79.295,-30.846,-47.461,-19.498
-24.612,-23.51,-8.4822,23.733,-12.861,-13.999,12.243,-38.627,-75.66,-30.373,-46.598,-19.425
-24.561,-23.259,-8.2322,23.637,-12.978,-13.681,12.913,-37.112,-72.344,-29.953,-45.743,-19.362
-24.513,-23.026,-8.0839,23.546,-13.068,-13.416,13.393,-35.791,-69.231,-29.545,-44.863,-19.268
-24.468,-22.812,-8.0294,23.458,-13.133,-13.207,13.752,-34.595,-66.261,-29.133,-43.961,-19.133
-24.431,-22.626,-8.0562,23.372,-13.176,-13.056,14.028,-33.499,-63.42,-28.719,-43.065,-18.965
-24.407,-22.476,-8.1435,23.296,-13.202,-12.962,14.238,-32.496,-60.715,-28.318,-42.207,-18.784
-24.395,-22.368,-8.2664,23.235,-13.216,-12.919,14.389,-31.588,-58.17,-27.945,-41.411,-18.61
-24.391,-22.303,-8.398,23.189,-13.224,-12.917,14.488,-30.775,-55.807,-27.615,-40.691,-18.457
-24.387,-22.271,-8.5124,23.153,-13.227,-12.944,14.545,-30.054,-53.639,-27.324,-40.048,-18.325
-24.369,-22.252,-8.5866,23.113,-13.223,-12.983,14.573,-29.411,-51.657,-27.055,-39.471,-18.199
-24.32,-22.218,-8.6025,23.05,-13.207,-13.014,14.588,-28.826,-49.831,-26.781,-38.936,-18.056
-24.227,-22.141,-8.5508,22.947,-13.175,-13.015,14.608,-28.27,-48.123,-26.475,-38.419,-17.871
-24.084,-22.003,-8.4363,22.794,-13.127,-12.972,14.646,-27.718,-46.494,-26.121,-37.9,-17.632
-23.895,-21.803,-8.2805,22.595,-13.067,-12.878,14.703,-27.145,-44.927,-25.719,-37.375,-17.339
-23.674,-21.553,-8.1151,22.362,-13,-12.739,14.77,-26.534,-43.423,-25.282,-36.854,-17.006
-23.437,-21.271,-7.9704,22.111,-12.924,-12.561,14.834,-25.871,-42.003,-24.832,-36.358,-16.651
-23.192,-20.971,-7.8638,21.854,-12.836,-12.352,14.883,-25.158,-40.702,-24.389,-35.906,-16.291
-22.939,-20.659,-7.7947,21.595,-12.726,-12.112,14.907,-24.398,-39.552,-23.97,-35.512,-15.934
-22.67,-20.327,-7.7457,21.327,-12.587,-11.838,14.903,-23.606,-38.578,-23.582,-35.177,-15.577
-22.372,-19.952,-7.6867,21.034,-12.419,-11.522,14.873,-22.797,-37.783,-23.224,-34.888,-15.206
-22.03,-19.503,-7.5816,20.692,-12.229,-11.149,14.82,-21.989,-37.138,-22.889,-34.625,-14.807
-21.632,-18.949,-7.3981,20.275,-12.03,-10.704,14.746,-21.196,-36.595,-22.567,-34.366,-14.371
-21.174,-18.271,-7.1248,19.764,-11.835,-10.185,14.653,-20.423,-36.1,-22.245,-34.092,-13.901
-20.663,-17.476,-6.7773,19.161,-11.656,-9.6015,14.538,-19.665,-35.606,-21.912,-33.793,-13.414
-20.117,-16.592,-6.391,18.483,-11.495,-8.9807,14.396,-18.905,-35.088,-21.56,-33.468,-12.936
-19.557,-15.664,-6.0038,17.761,-11.352,-8.3541,14.219,-18.115,-34.532,-21.179,-33.121,-12.495
-19,-14.735,-5.6395,17.028,-11.217,-7.7477,14.001,-17.268,-33.933,-20.76,-32.759,-12.107
-18.452,-13.83,-5.2969,16.305,-11.081,-7.1726,13.744,-16.343,-33.281,-20.291,-32.382,-11.773
-17.906,-12.957,-4.954,15.601,-10.933,-6.6235,13.452,-15.322,-32.557,-19.756,-31.984,-11.478
-17.353,-12.107,-4.5824,14.914,-10.769,-6.0866,13.135,-14.193,-31.739,-19.144,-31.549,-11.194
-16.787,-11.278,-4.1657,14.248,-10.588,-5.5517,12.801,-12.95,-30.809,-18.452,-31.064,-10.902
-16.211,-10.482,-3.7129,13.609,-10.393,-5.0246,12.452,-11.594,-29.77,-17.688,-30.521,-10.599
-15.635,-9.7446,-3.2593,13.009,-10.185,-4.5262,12.075,-10.137,-28.642,-16.873,-29.926,-10.31
-15.063,-9.0788,-2.8551,12.446,-9.9631,-4.0809,11.647,-8.5925,-27.458,-16.026,-29.293,-10.07
-14.479,-8.4683,-2.5518,11.893,-9.7189,-3.7038,11.139,-6.9717,-26.251,-15.159,-28.63,-9.9063
-13.844,-7.8644,-2.3897,11.297,-9.4394,-3.3949,10.524,-5.2765,-25.038,-14.263,-27.929,-9.8198
-13.105,-7.2008,-2.3883,10.588,-9.1082,-3.1394,9.7847,-3.496,-23.819,-13.314,-27.168,-9.7858
-12.203,-6.4128,-2.5408,9.7,-8.7098,-2.9124,8.9181,-1.6124,-22.576,-12.279,-26.319,-9.7615
-11.09,-5.4512,-2.8153,8.5814,-8.2341,-2.6839,7.9335,0.3934,-21.286,-11.131,-25.358,-9.6992
-9.7293,-4.2897,-3.1631,7.2029,-7.6754,-2.4258,6.8532,2.538,-19.92,-9.8459,-24.273,-9.558
-8.1058,-2.9308,-3.5332,5.5632,-7.0333,-2.1201,5.7103,4.8399,-18.453,-8.4039,-23.066,-9.3114
-6.2224,-1.4094,-3.8863,3.6893,-6.3084,-1.7661,4.5437,7.3257,-16.862,-6.7855,-21.743,-8.9533
-4.0974,0.21696,-4.1995,1.6272,-5.4983,-1.3781,3.3841,10.032,-15.142,-4.9729,-20.314,-8.4969
-1.7508,1.9014,-4.4618,-0.58478,-4.5967,-0.97179,2.2383,12.999,-13.301,-2.9565,-18.782,-7.9654
0.81094,3.6477,-4.6663,-2.9454,-3.5936,-0.54473,1.0799,16.262,-11.364,-0.74166,-17.145,-7.3759
3.5952,5.526,-4.8086,-5.4978,-2.4814,-0.067307,-0.14465,19.836,-9.3643,1.6496,-15.392,-6.7243
6.6013,7.6453,-4.8895,-8.2998,-1.2629,0.50971,-1.497,23.714,-7.3321,4.1827,-13.512,-5.9809
9.7949,10.099,-4.9193,-11.375,0.045727,1.2378,-3.0248,27.868,-5.2816,6.818,-11.499,-5.0978
13.106,12.918,-4.9192,-14.684,1.4227,2.1541,-4.7434,32.261,-3.2011,9.5194,-9.3483,-4.0242
16.454,16.05,-4.9155,-18.126,2.8584,3.2702,-6.6274,36.848,-1.0454,12.262,-7.0598,-2.7212
19.77,19.386,-4.9301,-21.584,4.3631,4.5725,-8.6193,41.587,1.2667,15.04,-4.6307,-1.1707
23.017,22.811,-4.9691,-24.965,5.958,6.0365,-10.654,46.441,3.8506,17.874,-2.0478,0.62685
26.194,26.257,-5.017,-28.226,7.6571,7.6565,-12.693,51.385,6.8499,20.817,0.71963,2.666
29.326,29.722,-5.0403,-31.373,9.456,9.4697,-14.741,56.416,10.432,23.956,3.7201,4.9505
32.451,33.246,-5.0006,-34.439,11.333,11.551,-16.853,61.541,14.787,27.398,7.0077,7.4948
35.595,36.87,-4.8699,-37.471,13.259,13.974,-19.12,66.762,20.127,31.246,10.619,10.31
38.77,40.626,-4.6391,-40.528,15.2,16.754,-21.663,72.054,26.656,35.557,14.548,13.383
41.981,44.556,-4.3158,-43.706,17.132,19.825,-24.618,77.369,34.489,40.289,18.739,16.664
45.247,48.724,-3.9155,-47.129,19.034,23.054,-28.105,82.648,43.528,45.3,23.102,20.08
48.615,53.205,-3.4508,-50.927,20.897,26.312,-32.16,87.841,53.421,50.401,27.538,23.552
52.158,58.06,-2.9239,-55.201,22.716,29.529,-36.67,92.906,63.67,55.445,31.976,27.013
55.969,63.311,-2.3226,-59.999,24.481,32.7,-41.404,97.791,73.811,60.365,36.382,30.416
60.136,68.933,-1.6214,-65.291,26.175,35.86,-46.148,102.42,83.54,65.144,40.761,33.725
64.706,74.854,-0.78632,-70.965,27.768,39.06,-50.815,106.71,92.731,69.789,45.136,36.913
69.629,80.957,0.21263,-76.827,29.228,42.335,-55.437,110.58,101.38,74.298,49.523,39.961
74.735,87.083,1.3846,-82.645,30.537,45.693,-60.096,113.96,109.56,78.678,53.923,42.865
79.777,93.043,2.7059,-88.198,31.693,49.095,-64.848,116.86,117.33,82.948,58.314,45.642
84.53,98.658,4.119,-93.324,32.723,52.463,-69.676,119.29,124.75,87.146,62.671,48.339
88.868,103.8,5.5454,-97.944,33.667,55.703,-74.491,121.28,131.85,91.317,66.972,51.028
92.76,108.4,6.9068,-102.04,34.564,58.732,-79.159,122.86,138.59,95.497,71.199,53.788
96.225,112.45,8.1474,-105.64,35.435,61.5,-83.565,124.05,144.89,99.688,75.337,56.679
99.295,116,9.2441,-108.77,36.269,63.987,-87.656,124.84,150.58,103.85,79.353,59.713
102,119.08,10.203,-111.47,37.043,66.197,-91.442,125.21,155.47,107.88,83.201,62.835
104.35,121.74,11.046,-113.78,37.734,68.147,-94.97,125.11,159.37,111.65,86.816,65.93
106.35,124.04,11.793,-115.73,38.327,69.854,-98.292,124.52,162.2,115.04,90.136,68.858
108.04,126.05,12.446,-117.38,38.819,71.333,-101.44,123.41,163.99,117.95,93.115,71.499
109.44,127.82,12.992,-118.79,39.214,72.597,-104.4,121.78,164.88,120.34,95.742,73.785
110.62,129.39,13.418,-120.04,39.528,73.655,-107.14,119.63,165.04,122.25,98.045,75.715
111.63,130.79,13.725,-121.16,39.784,74.521,-109.59,117.02,164.63,123.78,100.09,77.348
112.51,132.03,13.938,-122.18,40.01,75.216,-111.73,114.02,163.76,125.02,101.97,78.782
113.29,133.13,14.107,-123.11,40.223,75.786,-113.54,110.72,162.55,126.08,103.76,80.126
113.98,134.11,14.291,-123.93,40.43,76.291,-115.03,107.22,161.05,127,105.53,81.469
114.55,135.01,14.535,-124.65,40.622,76.792,-116.25,103.58,159.32,127.8,107.32,82.864
115,135.81,14.858,-125.22,40.783,77.318,-117.23,99.86,157.38,128.46,109.1,84.32
115.29,136.48,15.242,-125.6,40.896,77.855,-118,96.073,155.26,128.94,110.83,85.805
115.4,136.94,15.656,-125.76,40.953,78.353,-118.58,92.216,152.97,129.24,112.43,87.266
115.32,137.13,16.076,-125.69,40.948,78.745,-118.95,88.282,150.51,129.35,113.82,88.646
115.07,137.01,16.501,-125.4,40.873,78.983,-119.07,84.268,147.87,129.25,114.94,89.881
114.64,136.63,16.951,-124.92,40.705,79.049,-118.92,80.185,145.04,128.96,115.74,90.907
114.06,136.02,17.447,-124.31,40.416,78.95,-118.44,76.061,142.02,128.48,116.21,91.652
113.32,135.25,17.997,-123.6,39.978,78.704,-117.62,71.935,138.84,127.81,116.34,92.047
112.43,134.36,18.582,-122.81,39.375,78.331,-116.4,67.869,135.54,126.95,116.14,92.04
111.38,133.38,19.163,-121.96,38.606,77.854,-114.76,63.944,132.17,125.92,115.61,91.608
110.11,132.32,19.689,-121,37.673,77.286,-112.64,60.252,128.8,124.7,114.76,90.762
108.56,131.11,20.109,-119.87,36.573,76.611,-110.01,56.885,125.42,123.29,113.61,89.537
106.62,129.64,20.387,-118.43,35.292,75.785,-106.83,53.907,122.02,121.66,112.14,87.97
104.21,127.79,20.509,-116.57,33.803,74.748,-103.09,51.343,118.52,119.75,110.37,86.085
101.26,125.46,20.488,-114.15,32.072,73.454,-98.787,49.174,114.84,117.46,108.31,83.872
97.721,122.59,20.361,-111.11,30.062,71.885,-93.931,47.336,110.9,114.68,105.96,81.29
93.575,119.17,20.178,-107.42,27.737,70.062,-88.527,45.727,106.63,111.29,103.34,78.269
88.856,115.22,19.983,-103.06,25.064,68.027,-82.594,44.221,101.96,107.22,100.43,74.739
83.641,110.76,19.803,-98.075,22.04,65.837,-76.18,42.679,96.863,102.48,97.196,70.661
78.052,105.8,19.641,-92.481,18.722,63.534,-69.375,40.981,91.306,97.128,93.581,66.048
72.225,100.28,19.491,-86.324,15.241,61.132,-62.279,39.042,85.285,91.271,89.519,60.965
66.254,94.126,19.345,-79.696,11.742,58.613,-54.957,36.835,78.817,84.989,84.962,55.518
60.133,87.323,19.201,-72.787,8.3374,55.935,-47.427,34.392,71.949,78.326,79.904,49.843
53.778,80.012,19.068,-65.857,5.0979,53.066,-39.703,31.78,64.782,71.31,74.41,44.101
47.103,72.543,18.967,-59.132,2.0737,50.014,-31.89,29.074,57.479,64.007,68.617,38.452
40.088,65.329,18.936,-52.695,-0.70805,46.84,-24.241,26.323,50.247,56.567,62.718,33
32.802,58.632,19.006,-46.487,-3.2528,43.637,-17.097,23.539,43.272,49.209,56.909,27.764
25.366,52.516,19.199,-40.378,-5.5936,40.484,-10.722,20.694,36.671,42.152,51.339,22.706
17.934,46.895,19.513,-34.237,-7.7713,37.426,-5.1699,17.742,30.466,35.54,46.083,17.798
10.667,41.61,19.924,-27.963,-9.8144,34.472,-0.3305,14.643,24.611,29.42,41.151,13.051
3.7444,36.472,20.391,-21.503,-11.728,31.611,3.9176,11.383,19.038,23.773,36.514,8.5342
-2.6338,31.314,20.86,-14.889,-13.491,28.824,7.5969,7.9836,13.692,18.55,32.137,4.349
-8.2402,26.042,21.28,-8.2819,-15.069,26.103,10.663,4.4985,8.5555,13.703,28.002,0.59854
-12.858,20.691,21.617,-2.0183,-16.428,23.465,13.104,1.0062,3.6423,9.2083,24.118,-2.6433
-16.39,15.443,21.857,3.4555,-17.556,20.949,14.988,-2.4068,-1.0155,5.0672,20.51,-5.3506
-18.94,10.553,22.012,7.8141,-18.467,18.599,16.43,-5.6611,-5.3883,1.301,17.203,-7.5472
-20.747,6.2246,22.111,11.041,-19.2,16.445,17.544,-8.6985,-9.4625,-2.0656,14.211,-9.2949
-22.063,2.5237,22.182,13.369,-19.804,14.485,18.419,-11.488,-13.243,-5.0241,11.529,-10.674
-23.079,-0.59941,22.242,15.087,-20.319,12.693,19.115,-14.023,-16.747,-7.5895,9.1396,-11.762
-23.911,-3.2361,22.286,16.42,-20.773,11.04,19.674,-16.313,-19.99,-9.7955,7.0209,-12.625
-24.618,-5.4599,22.292,17.5,-21.174,9.5094,20.124,-18.369,-22.973,-11.682,5.1545,-13.303
-25.214,-7.3101,22.234,18.384,-21.514,8.1116,20.484,-20.201,-25.676,-13.288,3.5268,-13.823
-25.699,-8.8069,22.096,19.092,-21.778,6.8746,20.768,-21.82,-28.062,-14.643,2.1265,-14.2
-26.068,-9.9727,21.872,19.632,-21.952,5.8235,20.986,-23.239,-30.089,-15.772,0.93973,-14.447
-26.329,-10.846,21.567,20.016,-22.038,4.9598,21.141,-24.473,-31.723,-16.696,-0.051022,-14.574
-26.494,-11.483,21.192,20.267,-22.055,4.2569,21.235,-25.54,-32.954,-17.437,-0.86753,-14.585
-26.583,-11.95,20.762,20.42,-22.033,3.6708,21.27,-26.459,-33.798,-18.013,-1.5357,-14.487
-26.615,-12.314,20.297,20.512,-22,3.1564,21.25,-27.244,-34.284,-18.446,-2.084,-14.285
-26.611,-12.631,19.811,20.579,-21.969,2.6781,21.18,-27.908,-34.448,-18.754,-2.5395,-13.988
-26.582,-12.939,19.303,20.645,-21.937,2.2114,21.07,-28.464,-34.317,-18.952,-2.9225,-13.613
-26.534,-13.261,18.745,20.722,-21.882,1.739,20.928,-28.92,-33.919,-19.053,-3.2451,-13.183
-26.461,-13.607,18.089,20.808,-21.769,1.2479,20.759,-29.289,-33.281,-19.07,-3.5132,-12.727
-26.353,-13.972,17.289,20.895,-21.565,0.73136,20.571,-29.585,-32.44,-19.015,-3.7303,-12.281
-26.202,-14.347,16.318,20.971,-21.251,0.19165,20.366,-29.825,-31.441,-18.9,-3.9031,-11.874
-26.01,-14.714,15.187,21.026,-20.834,-0.36097,20.149,-30.024,-30.33,-18.735,-4.0446,-11.528
-25.79,-15.059,13.939,21.063,-20.346,-0.91444,19.925,-30.194,-29.145,-18.527,-4.175,-11.25
-25.56,-15.377,12.631,21.086,-19.833,-1.4603,19.702,-30.338,-27.913,-18.279,-4.3181,-11.033
-25.336,-15.669,11.315,21.105,-19.333,-1.9947,19.486,-30.454,-26.646,-17.991,-4.4932,-10.856
-25.124,-15.938,10.022,21.121,-18.865,-2.5166,19.283,-30.53,-25.344,-17.66,-4.7092,-10.691
-24.922,-16.184,8.7597,21.129,-18.427,-3.0261,19.097,-30.552,-24.007,-17.288,-4.9628,-10.511
-24.725,-16.413,7.5234,21.123,-18.005,-3.5253,18.928,-30.511,-22.645,-16.883,-5.2421,-10.301
-24.536,-16.636,6.305,21.105,-17.587,-4.0202,18.776,-30.403,-21.287,-16.461,-5.5317,-10.064
-24.361,-16.877,5.1081,21.091,-17.173,-4.5189,18.637,-30.237,-19.978,-16.043,-5.8163,-9.8184
-24.206,-17.153,3.9548,21.098,-16.764,-5.0254,18.511,-30.026,-18.779,-15.644,-6.0831,-9.5905
-24.07,-17.462,2.8822,21.134,-16.367,-5.5331,18.398,-29.782,-17.747,-15.275,-6.3254,-9.4008
-23.938,-17.784,1.9279,21.185,-15.983,-6.0243,18.297,-29.516,-16.921,-14.937,-6.5446,-9.2556
-23.79,-18.081,1.1123,21.226,-15.61,-6.4784,18.208,-29.227,-16.305,-14.631,-6.7496,-9.1462
-23.611,-18.325,0.42924,21.234,-15.244,-6.8815,18.128,-28.91,-15.854,-14.354,-6.9524,-9.0546
-23.398,-18.506,-0.15184,21.202,-14.882,-7.2328,18.051,-28.554,-15.477,-14.105,-7.1634,-8.9605
-23.161,-18.635,-0.67687,21.136,-14.525,-7.5442,17.971,-28.148,-15.035,-13.881,-7.388,-8.8484
-22.916,-18.733,-1.1933,21.055,-14.172,-7.8341,17.88,-27.686,-14.366,-13.679,-7.6254,-8.7119
-22.679,-18.826,-1.7364,20.976,-13.817,-8.1185,17.775,-27.17,-13.315,-13.495,-7.8715,-8.5558
-22.451,-18.924,-2.3209,20.908,-13.449,-8.4043,17.653,-26.608,-11.771,-13.329,-8.1235,-8.3939
-22.22,-19.026,-2.9414,20.843,-13.049,-8.6888,17.514,-26.017,-9.6863,-13.181,-8.3855,-8.245
-21.966,-19.119,-3.5806,20.769,-12.601,-8.9634,17.359,-25.42,-7.0715,-13.059,-8.6696,-8.1281
-21.673,-19.19,-4.2188,20.67,-12.096,-9.2206,17.184,-24.847,-3.9645,-12.974,-8.9927,-8.0593
-21.339,-19.235,-4.8396,20.542,-11.539,-9.4575,16.98,-24.324,-0.40416,-12.94,-9.3694,-8.0508
-20.98,-19.258,-5.4314,20.392,-10.956,-9.6759,16.738,-23.873,3.5781,-12.966,-9.8045,-8.1079
-20.625,-19.266,-5.9864,20.235,-10.388,-9.8799,16.45,-23.497,7.9518,-13.053,-10.287,-8.2265
-20.311,-19.271,-6.502,20.089,-9.8812,-10.074,16.113,-23.18,12.681,-13.191,-10.793,-8.3922
-20.067,-19.285,-6.9842,19.973,-9.4706,-10.266,15.735,-22.899,17.721,-13.363,-11.293,-8.587
-19.914,-19.322,-7.4486,19.902,-9.166,-10.461,15.327,-22.633,23.01,-13.552,-11.774,-8.7994
-19.853,-19.398,-7.9154,19.886,-8.9467,-10.669,14.9,-22.377,28.466,-13.75,-12.247,-9.031
-19.868,-19.521,-8.3974,19.926,-8.7701,-10.893,14.463,-22.142,33.993,-13.96,-12.751,-9.2946
-19.929,-19.695,-8.8884,20.012,-8.5916,-11.132,14.015,-21.95,39.501,-14.194,-13.332,-9.6066
-20.008,-19.918,-9.3603,20.135,-8.3846,-11.382,13.552,-21.824,44.93,-14.467,-14.03,-9.9799
-20.089,-20.183,-9.7697,20.283,-8.1512,-11.634,13.068,-21.778,50.261,-14.791,-14.862,-10.419
-20.17,-20.478,-10.072,20.449,-7.9165,-11.879,12.557,-21.819,55.509,-15.175,-15.818,-10.921
-20.256,-20.789,-10.237,20.626,-7.7138,-12.114,12.015,-21.945,60.697,-15.619,-16.87,-11.474
-20.349,-21.102,-10.273,20.808,-7.5648,-12.346,11.444,-22.142,65.798,-16.115,-17.98,-12.059
-20.444,-21.403,-10.238,20.986,-7.467,-12.589,10.849,-22.392,70.653,-16.648,-19.115,-12.657
-20.529,-21.689,-10.238,21.153,-7.3926,-12.863,10.241,-22.673,74.94,-17.2,-20.246,-13.25
-20.589,-21.961,-10.392,21.307,-7.2958,-13.185,9.6292,-22.966,78.273,-17.75,-21.358,-13.825
-20.605,-22.224,-10.793,21.441,-7.125,-13.564,9.0145,-23.258,80.385,-18.279,-22.441,-14.371
-20.552,-22.478,-11.475,21.548,-6.8334,-13.997,8.3931,-23.541,81.24,-18.767,-23.485,-14.883
-20.402,-22.714,-12.401,21.613,-6.3891,-14.466,7.7593,-23.809,80.991,-19.196,-24.478,-15.355
-20.134,-22.916,-13.478,21.623,-5.7822,-14.94,7.1148,-24.053,79.879,-19.555,-25.407,-15.785
-19.743,-23.065,-14.584,21.569,-5.0288,-15.382,6.4772,-24.257,78.143,-19.84,-26.264,-16.165
-19.244,-23.148,-15.598,21.453,-4.1691,-15.759,5.8871,-24.398,75.973,-20.046,-27.051,-16.485
-18.656,-23.154,-16.431,21.276,-3.2558,-16.046,5.4066,-24.448,73.497,-20.17,-27.776,-16.733
-17.991,-23.068,-17.053,21.032,-2.3359,-16.226,5.1093,-24.38,70.787,-20.201,-28.448,-16.893
-17.237,-22.871,-17.484,20.7,-1.4402,-16.29,5.0632,-24.167,67.891,-20.125,-29.065,-16.951
-16.366,-22.532,-17.78,20.248,-0.58779,-16.229,5.3114,-23.789,64.847,-19.92,-29.611,-16.892
-15.347,-22.015,-18.002,19.635,0.19995,-16.029,5.8574,-23.231,61.694,-19.57,-30.047,-16.701
-14.175,-21.275,-18.189,18.825,0.89068,-15.667,6.6607,-22.481,58.47,-19.069,-30.33,-16.366
-12.874,-20.275,-18.324,17.798,1.4457,-15.116,7.6504,-21.539,55.215,-18.416,-30.416,-15.876
-11.505,-19,-18.318,16.558,1.8338,-14.35,8.7538,-20.403,51.97,-17.617,-30.278,-15.228
-10.133,-17.458,-18.048,15.138,2.0441,-13.357,9.9242,-19.068,48.788,-16.676,-29.908,-14.422
-8.7955,-15.678,-17.394,13.575,2.0917,-12.142,11.151,-17.518,45.726,-15.589,-29.32,-13.462
-7.4767,-13.684,-16.276,11.888,2.0149,-10.727,12.451,-15.729,42.825,-14.349,-28.545,-12.353
-6.0981,-11.481,-14.689,10.046,1.8678,-9.1365,13.852,-13.684,40.099,-12.957,-27.624,-11.103
-4.531,-9.0289,-12.705,7.9645,1.7092,-7.3847,15.375,-11.385,37.522,-11.422,-26.594,-9.7109
-2.6211,-6.2576,-10.456,5.5146,1.5928,-5.4744,17.015,-8.8718,35.045,-9.7648,-25.481,-8.1564
-0.2285,-3.0808,-8.1018,2.5652,1.5623,-3.4005,18.729,-6.229,32.609,-8.0161,-24.289,-6.4009
2.7129,0.5612,-5.8,-0.95985,1.6519,-1.1617,20.428,-3.583,30.162,-6.2167,-23.017,-4.3958
6.1324,4.6512,-3.6806,-5.0116,1.8906,1.2242,21.998,-1.0811,27.674,-4.4156,-21.665,-2.1067
9.8096,9.0576,-1.8319,-9.3866,2.3087,3.7068,23.317,1.1467,25.145,-2.6633,-20.243,0.45856
13.454,13.552,-0.30328,-13.786,2.9336,6.2023,24.296,3.0246,22.605,-1.0026,-18.773,3.2299
16.831,17.886,0.8847,-17.936,3.7654,8.609,24.899,4.5415,20.097,0.5371,-17.282,6.0797
19.831,21.864,1.733,-21.675,4.7629,10.83,25.128,5.7238,17.657,1.9364,-15.794,8.8484
22.464,25.376,2.2602,-24.964,5.8754,12.784,24.995,6.5931,15.296,3.1757,-14.34,11.379
24.805,28.386,2.4925,-27.84,7.0904,14.412,24.497,7.1371,13.001,4.2295,-12.954,13.548
26.957,30.896,2.4507,-30.368,8.4479,15.67,23.619,7.3127,10.743,5.0714,-11.673,15.289
29.014,32.921,2.1473,-32.602,10.012,16.529,22.344,7.0769,8.496,5.6849,-10.529,16.601
31.031,34.467,1.5935,-34.563,11.831,16.959,20.674,6.4243,6.2455,6.0726,-9.5414,17.545
33.019,35.542,0.80573,-36.251,13.903,16.928,18.655,5.4018,3.9916,6.256,-8.7065,18.215
34.962,36.172,-0.19889,-37.657,16.184,16.423,16.372,4.0905,1.7367,6.264,-8.0052,18.708
36.852,36.422,-1.4115,-38.805,18.602,15.49,13.934,2.5661,-0.52821,6.1181,-7.4114,19.092
38.698,36.387,-2.8339,-39.749,21.086,14.225,11.425,0.86603,-2.8299,5.8227,-6.9025,19.391
40.516,36.157,-4.478,-40.546,23.578,12.741,8.8829,-1.0145,-5.2043,5.3703,-6.4647,19.581
42.308,35.776,-6.3713,-41.231,26.038,11.113,6.2947,-3.0956,-7.6784,4.7572,-6.0885,19.614
44.066,35.241,-8.5565,-41.814,28.435,9.3844,3.6219,-5.3731,-10.251,3.9971,-5.7621,19.433
45.76,34.511,-11.059,-42.284,30.738,7.5763,0.84907,-7.7895,-12.883,3.1239,-5.457,18.994
47.321,33.538,-13.821,-42.621,32.907,5.7236,-1.9644,-10.234,-15.507,2.1826,-5.1577,18.276
48.649,32.294,-16.652,-42.806,34.888,3.8903,-4.6615,-12.567,-18.038,1.217,-4.8561,17.288
49.653,30.769,-19.299,-42.826,36.638,2.1583,-7.0306,-14.661,-20.407,0.25815,-4.5562,16.054
50.357,28.958,-21.594,-42.683,38.143,0.60173,-8.9034,-16.434,-22.58,-0.68592,-4.277,14.623
51.005,26.853,-23.526,-42.38,39.437,-0.73545,-10.23,-17.87,-24.575,-1.6377,-4.0554,13.051
52.035,24.437,-25.168,-41.898,40.612,-1.8504,-11.082,-19.021,-26.459,-2.6481,-3.9611,11.392
53.764,21.7,-26.529,-41.171,41.764,-2.7803,-11.599,-19.991,-28.322,-3.7779,-4.0573,9.6863
55.899,18.659,-27.501,-40.066,42.836,-3.5882,-11.943,-20.898,-30.25,-5.06,-4.3932,7.955
57.355,15.389,-27.943,-38.385,43.419,-4.3358,-12.246,-21.836,-32.294,-6.4913,-4.9668,6.2225
56.818,12.031,-27.757,-35.911,42.925,-5.0573,-12.583,-22.852,-34.46,-8.0279,-5.7467,4.5281
53.622,8.7524,-26.881,-32.492,41.008,-5.7496,-12.957,-23.936,-36.716,-9.6128,-6.6687,2.9209
48.02,5.6681,-25.279,-28.14,37.694,-6.3854,-13.322,-25.062,-39.013,-11.206,-7.6598,1.4342
40.796,2.7811,-22.996,-23.036,33.227,-6.9399,-13.619,-26.201,-41.307,-12.796,-8.6761,0.066022
32.785,-0.0042021,-20.222,-17.445,27.923,-7.415,-13.82,-27.333,-43.569,-14.393,-9.6875,-1.215
24.608,-2.7763,-17.281,-11.641,22.161,-7.8389,-13.933,-28.448,-45.773,-15.996,-10.692,-2.4466
16.653,-5.5581,-14.565,-5.8563,16.402,-8.2536,-14.004,-29.532,-47.912,-17.596,-11.706,-3.6422
9.1618,-8.2859,-12.426,-0.29066,11.138,-8.6909,-14.088,-30.571,-49.979,-19.169,-12.747,-4.7866
2.3155,-10.831,-11.041,4.8442,6.7449,-9.1551,-14.223,-31.53,-51.97,-20.692,-13.826,-5.8463
-3.7413,-13.042,-10.338,9.2898,3.346,-9.6173,-14.42,-32.382,-53.874,-22.139,-14.938,-6.7886
-8.89,-14.824,-10.066,12.816,0.77981,-10.03,-14.655,-33.11,-55.681,-23.488,-16.068,-7.5932
-12.996,-16.162,-9.9211,15.342,-1.2931,-10.344,-14.883,-33.713,-57.386,-24.72,-17.208,-8.2555
-15.958,-17.116,-9.6581,17.007,-3.1874,-10.522,-15.067,-34.209,-58.989,-25.819,-18.339,-8.7912
-17.899,-17.777,-9.1606,18.077,-4.9937,-10.552,-15.194,-34.624,-60.5,-26.78,-19.448,-9.2282
-19.143,-18.229,-8.4171,18.794,-6.5895,-10.441,-15.284,-34.984,-61.907,-27.598,-20.521,-9.5934
-19.982,-18.521,-7.4392,19.299,-7.8781,-10.204,-15.368,-35.3,-63.167,-28.272,-21.532,-9.8975
-20.575,-18.673,-6.2431,19.646,-8.8861,-9.8592,-15.468,-35.559,-64.199,-28.802,-22.436,-10.125
-20.99,-18.679,-4.8881,19.848,-9.6866,-9.4223,-15.575,-35.72,-64.881,-29.185,-23.163,-10.238
-21.265,-18.534,-3.4829,19.912,-10.344,-8.9135,-15.651,-35.735,-65.086,-29.411,-23.653,-10.189
-21.437,-18.239,-2.1412,19.855,-10.906,-8.351,-15.626,-35.535,-64.708,-29.468,-23.867,-9.9456
-21.559,-17.813,-0.92925,19.716,-11.415,-7.7444,-15.403,-35.057,-63.714,-29.346,-23.823,-9.5047
-21.706,-17.304,0.15852,19.56,-11.922,-7.0966,-14.847,-34.235,-62.159,-29.058,-23.576,-8.9104
-21.964,-16.792,1.1988,19.475,-12.486,-6.4159,-13.769,-33.008,-60.155,-28.645,-23.23,-8.2553
-22.407,-16.38,2.3149,19.556,-13.152,-5.7276,-11.894,-31.28,-57.82,-28.169,-22.907,-7.6632
-23.045,-16.16,3.619,19.859,-13.912,-5.0712,-8.9442,-28.897,-55.206,-27.673,-22.693,-7.2501
-23.803,-16.175,5.1563,20.371,-14.697,-4.4896,-5.4854,-25.612,-52.265,-27.141,-22.634,-7.0808
-24.549,-16.403,6.8768,21.011,-15.406,-4.0219,-4.7733,-21.136,-48.83,-26.489,-22.686,-7.1435
-25.186,-16.778,8.6649,21.668,-15.99,-3.6962,-8.8467,-16.201,-44.593,-25.51,-22.707,-7.3517
-25.723,-17.201,10.379,22.245,-16.526,-3.5081,-11.577,-18.88,-39.158,-23.829,-22.432,-7.5577
-26.234,-17.545,11.895,22.653,-17.195,-3.3878,-11.905,-26.8,-32.503,-20.764,-21.452,-7.5464
-26.677,-17.59,13.26,22.761,-18.078,-3.1591,-10.214,-23.868,-30.796,-15.752,-19.139,-6.9774
-26.814,-16.88,14.865,22.292,-19.14,-2.4292,-4.9219,-16.001,-45.803,-16.727,-14.502,-5.2105
-26.672,-14.452,17.389,20.83,-20.496,-0.14417,6.0759,-2.5927,-42.422,-16.145,-6.7865,-0.86554
-31.667,-15.589,21.979,24.162,-22.229,3.1256,24.393,17.612,-36.088,-16.232,-11.455,4.722
-48.875,-25.764,26.088,36.483,-24.074,4.6334,50.528,46.276,-27.525,-16.278,-16.416,-3.6517
-62.385,-31.945,28.531,46.073,-25.524,6.4715,83.412,84.882,-14.389,-14.207,-19.705,-7.638
-72.417,-38.59,29.4,55.034,-25.989,6.4542,119.32,131.53,7.9421,-7.023,-22.002,-11.674
-75.957,-43.551,27.863,60.32,-25.098,4.1468,154.4,191.45,45.491,9.0603,-20.338,-14.505
-70.608,-43.879,23.857,58.44,-23.278,-0.97862,187.66,275.64,101.94,39.024,-10.473,-13.748
-54.134,-34.999,19.065,45.757,-21.321,-3.5078,220.64,387.81,182.74,90.351,12.388,-5.8646
-25.524,-9.604,15.848,18.298,-18.558,4.3764,257.33,527.28,298.3,171.69,53.197,13.406
14.62,41.056,20.224,-27.706,-9.791,31.08,302.48,700.71,457.64,291.03,121.16,50.349
64.967,123.91,47.659,-94.629,-1.5775,86.097,358.6,908.14,659.73,445.73,229.11,116.14
124.33,241.88,112.02,-183.15,-0.14647,174.25,421.45,1140.2,900.36,637.6,371.84,212.47
191.57,389.64,192.4,-290.86,-4.5964,287.23,480.26,1376.8,1166.2,857.49,537.23,327.97
264.45,553.28,282.59,-410.15,-11.583,413.5,521.46,1588.9,1433.7,1085,715.11,457.48
337.9,710.22,365.39,-527.21,-14.363,533.24,530.34,1740.4,1667.2,1288.4,882.66,586.28
403.15,832.74,421.82,-623.45,-7.3062,623.11,495.94,1792.1,1820.5,1428.6,1010.8,694.28
448.92,894.48,436.66,-679.5,10.22,662.2,414.99,1708.4,1847,1467.3,1070.9,760.8
464.71,878.31,403.5,-680.8,33.904,638.59,293.26,1468.5,1715,1379.7,1043.2,770.42
444.58,783.28,327.87,-623.14,61.358,554.39,144.36,1077.2,1422.9,1164.8,925.15,718.56
389.46,626.8,226.56,-515.26,86.173,426.57,-13.531,570.78,1004.7,849.75,733.61,614.18
306.99,439.63,122.69,-376.61,96.926,281.91,-161.9,11.334,522.85,483.43,500.44,477.23
209.03,255.38,37.937,-231.16,89.56,147.95,-285.68,-527.28,49.403,121.69,262.22,331.73
108.37,100.19,-14.466,-99.851,64.599,44.323,-375.65,-977.93,-353.09,-188.04,50.351,198.26
15.995,-14.125,-32.537,4.3697,27.159,-24.201,-429.58,-1296.1,-645.21,-416.98,-115.27,89.489
-59.66,-80.658,-25.526,76.261,-14.405,-49.961,-452.09,-1468.3,-815.34,-557.07,-227.86,9.6434
-112.7,-107.86,-7.036,116.98,-51.042,-54.032,-453.14,-1510.6,-877.29,-617.75,-292.44,-43.407
-140.55,-113.72,10.789,132.86,-75.029,-51.59,-444.93,-1459.8,-862.19,-621.03,-321.28,-74.764
-144.19,-108.06,19.879,130.33,-81.733,-48.185,-438.01,-1357.9,-803.81,-590.85,-326.56,-89.46
-128.21,-97.938,16.118,115.71,-71.38,-46.348,-438.17,-1239.3,-727.45,-544.4,-316.78,-91.195
-99.942,-88.31,2.0033,95.502,-49.209,-46.402,-445.51,-1125.1,-649.62,-493.05,-298.97,-84.673
-67.858,-81.59,-18.259,75.71,-22.592,-48.462,-454.98,-1023.5,-580.37,-443.67,-279.27,-75.997
-39.215,-77.305,-35.981,60.036,2.4309,-52.374,-457.72,-933.64,-524.95,-399.69,-260.79,-67.916
-18.76,-54.566,-46.613,45.052,21.097,-41.027,-446.18,-851.32,-481.99,-362.12,-243,-27.557
-11.169,-49.182,-54.414,37.157,29.311,-41.1,-420.32,-772.04,-436.65,-329.04,-221.66,-18.624
-8.4304,-50.187,-54.459,36.958,31.228,-41.238,-382.86,-690.63,-376.78,-297.76,-196.87,-19.154
-9.2243,-48.267,-50.606,36.343,29.536,-39.212,-336.02,-605.13,-319.87,-266.32,-178.3,-18.75
-13.466,-43.85,-45.647,33.913,22.681,-36.089,-283.57,-520.73,-268.33,-235.28,-162.36,-17.041
-19.52,-38.757,-38.403,30.348,11.031,-32.864,-230.07,-440.27,-221.09,-202.68,-146.8,-14.592
-22.757,-34.527,-30.185,27.474,-0.32599,-29.967,-179.29,-365.59,-176.05,-170.01,-131.5,-12.007
-23.003,-31.608,-23.044,25.791,-4.3879,-27.446,-134.05,-299.12,-136.21,-140.32,-117.27,-9.5883
-22.741,-29.747,-17.41,24.862,-5.0439,-25.258,-96.42,-242.51,-103.86,-115.39,-105.19,-7.4276
-22.656,-28.581,-13.811,24.379,-5.5771,-23.361,-67.288,-196.4,-78.632,-95.904,-95.996,-5.5375
-22.813,-27.819,-12.097,24.174,-6.5494,-21.691,-46.423,-161.12,-59.401,-81.597,-89.469,-3.8983
-23.135,-27.237,-11.043,24.127,-7.7425,-20.156,-32.127,-135.52,-45.036,-71.525,-84.548,-2.4655
-23.5,-26.666,-10.17,24.138,-9.0108,-18.68,-22.04,-117.11,-34.879,-64.495,-80.12,-1.184
-23.813,-26.026,-9.3237,24.136,-10.194,-17.276,-14.43,-103.41,-28.497,-59.419,-75.699,-0.01679
-24.033,-25.335,-8.3272,24.081,-11.156,-16.031,-8.3079,-92.599,-23.722,-55.434,-71.381,1.0229
-24.163,-24.672,-7.3177,23.977,-11.879,-15.014,-4.3823,-83.585,-18.101,-51.692,-67.454,1.856
-24.235,-24.108,-6.4224,23.851,-12.417,-14.233,-4.5037,-75.795,-12.147,-47.229,-64.116,2.351
-24.291,-23.671,-5.6403,23.738,-12.839,-13.653,-2.4848,-68.282,-6.8218,-42.265,-61.42,2.3675
-24.359,-23.345,-4.9644,23.652,-13.197,-13.225,1.2287,-59.551,-2.4014,-38.165,-59.308,1.8176
-24.443,-23.085,-4.3974,23.583,-13.52,-12.89,4.6303,-52.136,1.1434,-35.283,-57.655,0.7155
-24.531,-22.836,-3.9318,23.508,-13.816,-12.592,7.3461,-47.529,3.9343,-33.267,-56.297,-0.8111
-24.6,-22.555,-3.5389,23.402,-14.086,-12.283,9.3083,-44.616,6.1156,-31.793,-55.056,-2.5614
-24.633,-22.222,-3.1701,23.252,-14.337,-11.936,10.71,-42.601,7.8259,-30.662,-53.78,-4.3343
-24.622,-21.832,-2.7687,23.051,-14.58,-11.538,11.753,-41.101,9.1798,-29.751,-52.373,-5.9921
-24.566,-21.394,-2.286,22.806,-14.827,-11.087,12.568,-39.922,10.255,-28.988,-50.82,-7.4821
-24.48,-20.922,-1.6916,22.53,-15.084,-10.587,13.218,-38.962,11.091,-28.337,-49.172,-8.8206
-24.382,-20.434,-0.97675,22.245,-15.351,-10.045,13.73,-38.172,11.696,-27.778,-47.51,-10.06
-24.295,-19.954,-0.15378,21.978,-15.627,-9.4743,14.114,-37.527,12.066,-27.297,-45.905,-11.259
-24.234,-19.502,0.74546,21.75,-15.899,-8.8953,14.378,-37.008,12.2,-26.872,-44.387,-12.46
-24.195,-19.085,1.6754,21.565,-16.147,-8.3269,14.539,-36.587,12.12,-26.476,-42.949,-13.683
-24.155,-18.686,2.5864,21.402,-16.347,-7.7787,14.616,-36.229,11.869,-26.074,-41.553,-14.922
-24.078,-18.268,3.437,21.218,-16.477,-7.246,14.636,-35.889,11.502,-25.636,-40.161,-16.154
-23.932,-17.789,4.2022,20.97,-16.533,-6.7159,14.627,-35.531,11.071,-25.143,-38.748,-17.344
-23.703,-17.228,4.8758,20.634,-16.524,-6.1786,14.608,-35.133,10.607,-24.592,-37.31,-18.457
-23.394,-16.591,5.462,20.211,-16.468,-5.6391,14.59,-34.688,10.124,-23.993,-35.858,-19.465
-23.021,-15.915,5.9614,19.727,-16.382,-5.1207,14.566,-34.195,9.6159,-23.357,-34.408,-20.362
-22.602,-15.252,6.3576,19.219,-16.266,-4.6612,14.526,-33.655,9.0637,-22.699,-32.97,-21.164
-22.155,-14.659,6.6155,18.725,-16.106,-4.3001,14.456,-33.072,8.4496,-22.029,-31.554,-21.901
-21.69,-14.177,6.6948,18.275,-15.88,-4.0624,14.355,-32.443,7.7586,-21.346,-30.167,-22.602
-21.216,-13.82,6.5727,17.883,-15.57,-3.9477,14.23,-31.76,6.9831,-20.632,-28.816,-23.283
-20.742,-13.573,6.2571,17.551,-15.174,-3.9333,14.102,-31.01,6.1223,-19.851,-27.508,-23.94
-20.283,-13.406,5.7815,17.273,-14.712,-3.9854,13.992,-30.177,5.1802,-18.96,-26.251,-24.55
-19.867,-13.286,5.1895,17.041,-14.226,-4.0729,13.918,-29.248,4.1636,-17.921,-25.04,-25.091
-19.519,-13.196,4.5226,16.855,-13.766,-4.1776,13.884,-28.22,3.0775,-16.719,-23.86,-25.547
-19.255,-13.138,3.8102,16.717,-13.366,-4.2995,13.881,-27.103,1.9315,-15.353,-22.678,-25.915
-19.069,-13.124,3.0639,16.627,-13.029,-4.4539,13.891,-25.91,0.74543,-13.834,-21.454,-26.211
-18.928,-13.167,2.2811,16.575,-12.728,-4.6629,13.904,-24.65,-0.45037,-12.178,-20.143,-26.453
-18.787,-13.268,1.4658,16.54,-12.427,-4.9398,13.919,-23.325,-1.6216,-10.407,-18.713,-26.656
-18.602,-13.407,0.64861,16.491,-12.102,-5.2742,13.943,-21.928,-2.7396,-8.5467,-17.143,-26.823
-18.34,-13.547,-0.11199,16.396,-11.745,-5.629,13.984,-20.457,-3.7866,-6.6215,-15.431,-26.949
-17.984,-13.646,-0.74967,16.234,-11.362,-5.9559,14.041,-18.917,-4.7668,-4.6554,-13.6,-27.029
-17.536,-13.684,-1.2189,16.002,-10.967,-6.2194,14.107,-17.318,-5.7014,-2.6698,-11.682,-27.066
-17.015,-13.668,-1.518,15.72,-10.572,-6.415,14.16,-15.686,-6.6224,-0.68044,-9.7184,-27.07
-16.452,-13.623,-1.6933,15.421,-10.18,-6.5664,14.18,-14.039,-7.5603,1.3058,-7.7371,-27.059
-15.865,-13.571,-1.8235,15.121,-9.7828,-6.7074,14.148,-12.384,-8.5337,3.2955,-5.7482,-27.047
-15.242,-13.507,-1.9936,14.804,-9.357,-6.8587,14.052,-10.713,-9.5445,5.3125,-3.7387,-27.041
-14.533,-13.392,-2.2687,14.42,-8.8716,-7.0159,13.888,-9.0048,-10.573,7.38,-1.6798,-27.039
-13.673,-13.171,-2.6788,13.903,-8.3008,-7.1517,13.649,-7.2306,-11.585,9.5182,0.45425,-27.033
-12.615,-12.794,-3.2106,13.204,-7.6369,-7.2292,13.324,-5.3593,-12.549,11.727,2.6795,-27.011
-11.354,-12.243,-3.8139,12.307,-6.8946,-7.2194,12.893,-3.3615,-13.439,13.974,4.9882,-26.961
-9.931,-11.538,-4.4203,11.245,-6.1038,-7.1141,12.329,-1.2144,-14.237,16.206,7.35,-26.87
-8.4212,-10.73,-4.9655,10.088,-5.295,-6.9271,11.602,1.0954,-14.931,18.366,9.7269,-26.733
-6.8928,-9.8804,-5.4069,8.9126,-4.4853,-6.6855,10.697,3.5787,-15.516,20.43,12.097,-26.548
-5.3752,-9.0302,-5.7274,7.763,-3.6729,-6.4157,9.6229,6.2378,-15.99,22.426,14.453,-26.312
-3.8386,-8.1837,-5.9299,6.6265,-2.839,-6.1326,8.4154,9.0794,-16.353,24.44,16.806,-26.017
-2.195,-7.301,-6.0291,5.4288,-1.9548,-5.8345,7.1226,12.119,-16.614,26.586,19.17,-25.647
-0.31611,-6.311,-6.0489,4.0486,-0.98848,-5.5078,5.7801,15.379,-16.796,28.988,21.564,-25.19
1.9299,-5.126,-6.0205,2.3475,0.091038,-5.1329,4.3913,18.878,-16.923,31.74,24.002,-24.641
4.6304,-3.6628,-5.9767,0.20403,1.3086,-4.6937,2.9295,22.63,-17.02,34.896,26.508,-23.999
7.7716,-1.8678,-5.9443,-2.4423,2.675,-4.1871,1.3575,26.637,-17.099,38.46,29.094,-23.257
11.208,0.26228,-5.9382,-5.5486,4.1774,-3.6242,-0.34877,30.897,-17.157,42.4,31.773,-22.404
14.703,2.6808,-5.9609,-8.9625,5.7725,-3.0215,-2.1851,35.399,-17.178,46.664,34.56,-21.427
18.041,5.3203,-6.0038,-12.48,7.3906,-2.3837,-4.118,40.121,-17.14,51.198,37.48,-20.323
21.119,8.1336,-6.0522,-15.94,8.9655,-1.6923,-6.0975,45.028,-17.031,55.946,40.571,-19.098
23.962,11.11,-6.095,-19.275,10.477,-0.90991,-8.0776,50.07,-16.855,60.839,43.879,-17.77
26.664,14.253,-6.1307,-22.488,11.963,0.0031745,-10.035,55.193,-16.64,65.801,47.439,-16.356
29.319,17.549,-6.1659,-25.593,13.496,1.0749,-11.978,60.346,-16.428,70.751,51.257,-14.868
31.973,20.959,-6.2059,-28.582,15.125,2.3204,-13.942,65.502,-16.262,75.626,55.305,-13.3
34.628,24.43,-6.2418,-31.427,16.855,3.7535,-15.994,70.653,-16.168,80.396,59.529,-11.622
37.279,27.926,-6.2508,-34.125,18.646,5.3999,-18.223,75.81,-16.152,85.076,63.868,-9.7793
39.94,31.429,-6.2029,-36.717,20.448,7.2942,-20.751,80.983,-16.196,89.723,68.278,-7.695
42.657,34.931,-6.0725,-39.287,22.229,9.4544,-23.706,86.17,-16.271,94.411,72.737,-5.2814
45.498,38.426,-5.8488,-41.938,23.98,11.849,-27.174,91.334,-16.355,99.191,77.235,-2.4612
48.557,41.918,-5.5387,-44.78,25.712,14.395,-31.129,96.403,-16.435,104.05,81.75,0.80172
51.958,45.443,-5.164,-47.933,27.442,16.997,-35.425,101.27,-16.518,108.91,86.232,4.4696
55.859,49.073,-4.7537,-51.537,29.175,19.597,-39.872,105.83,-16.623,113.62,90.614,8.411
60.399,52.912,-4.3359,-55.745,30.9,22.178,-44.335,109.99,-16.773,118.04,94.835,12.426
65.597,57.061,-3.9348,-60.646,32.587,24.742,-48.758,113.7,-16.98,122.08,98.857,16.319
71.223,61.563,-3.5735,-66.145,34.194,27.275,-53.134,116.93,-17.237,125.72,102.67,19.972
76.834,66.361,-3.2765,-71.922,35.68,29.739,-57.475,119.71,-17.51,129.02,106.3,23.374
81.998,71.302,-3.0673,-77.559,37.025,32.089,-61.797,122.06,-17.744,132.03,109.76,26.59
86.509,76.21,-2.962,-82.767,38.239,34.294,-66.11,124,-17.869,134.77,113.06,29.715
90.41,80.977,-2.9658,-87.472,39.364,36.354,-70.414,125.54,-17.816,137.25,116.23,32.827
93.864,85.566,-3.0726,-91.746,40.456,38.285,-74.696,126.67,-17.529,139.45,119.27,35.97
97.032,89.97,-3.2642,-95.686,41.553,40.105,-78.927,127.35,-16.969,141.36,122.17,39.143
100,94.166,-3.5073,-99.34,42.659,41.828,-83.065,127.57,-16.124,142.97,124.94,42.315
102.77,98.099,-3.7537,-102.69,43.735,43.469,-87.061,127.28,-14.993,144.33,127.57,45.436
105.29,101.7,-3.9488,-105.66,44.723,45.045,-90.862,126.47,-13.589,145.49,130.07,48.458
107.49,104.89,-4.0463,-108.19,45.571,46.57,-94.414,125.14,-11.927,146.51,132.46,51.342
109.37,107.64,-4.02,-110.29,46.256,48.043,-97.666,123.32,-10.023,147.45,134.75,54.071
110.94,109.95,-3.8649,-111.98,46.78,49.442,-100.57,121.07,-7.8993,148.32,136.92,56.654
112.27,111.88,-3.589,-113.36,47.161,50.743,-103.12,118.47,-5.5839,149.1,138.98,59.117
113.4,113.49,-3.2028,-114.5,47.412,51.941,-105.29,115.6,-3.1084,149.78,140.92,61.49
114.35,114.89,-2.7115,-115.47,47.545,53.069,-107.14,112.52,-0.50671,150.32,142.72,63.798
115.15,116.15,-2.1127,-116.31,47.567,54.187,-108.69,109.27,2.188,150.73,144.38,66.052
115.8,117.32,-1.398,-117.05,47.493,55.347,-110.02,105.86,4.944,150.99,145.89,68.251
116.3,118.41,-0.56134,-117.69,47.337,56.562,-111.15,102.29,7.7308,151.11,147.23,70.375
116.61,119.41,0.39085,-118.21,47.115,57.798,-112.12,98.557,10.519,151.09,148.42,72.396
116.74,120.26,1.4353,-118.6,46.839,58.998,-112.93,94.662,13.282,150.91,149.45,74.28
116.68,120.95,2.5349,-118.84,46.522,60.112,-113.56,90.648,15.998,150.59,150.36,75.998
116.45,121.48,3.6455,-118.94,46.176,61.113,-114,86.581,18.65,150.1,151.15,77.53
116.1,121.88,4.7231,-118.93,45.809,61.996,-114.22,82.54,21.224,149.47,151.85,78.859
115.66,122.16,5.7291,-118.84,45.425,62.763,-114.19,78.609,23.7,148.74,152.47,79.972
115.16,122.35,6.6331,-118.71,45.031,63.408,-113.87,74.867,26.051,147.92,152.98,80.86
114.63,122.45,7.415,-118.52,44.63,63.912,-113.18,71.391,28.227,147.05,153.34,81.523
114.07,122.43,8.067,-118.29,44.225,64.25,-112.04,68.248,30.167,146.11,153.51,81.968
113.43,122.25,8.5926,-117.95,43.811,64.39,-110.35,65.483,31.81,145.02,153.41,82.194
112.63,121.82,9.0023,-117.44,43.365,64.289,-108.06,63.109,33.11,143.71,152.96,82.18
111.52,121.01,9.3073,-116.63,42.85,63.885,-105.15,61.093,34.047,142.07,152.1,81.875
109.92,119.65,9.5132,-115.32,42.22,63.105,-101.65,59.366,34.622,140.01,150.79,81.2
107.62,117.53,9.6185,-113.29,41.43,61.876,-97.574,57.831,34.849,137.46,149.01,80.059
104.49,114.48,9.6208,-110.38,40.444,60.167,-92.955,56.386,34.752,134.37,146.76,78.364
100.5,110.46,9.5296,-106.54,39.226,58.031,-87.79,54.928,34.358,130.74,144.07,76.056
95.814,105.57,9.3766,-101.88,37.725,55.595,-82.089,53.368,33.688,126.58,140.96,73.118
90.646,100.04,9.215,-96.619,35.858,53.011,-75.89,51.635,32.757,121.92,137.46,69.577
85.199,94.09,9.1081,-90.943,33.522,50.387,-69.267,49.685,31.576,116.81,133.58,65.487
79.556,87.865,9.1098,-84.962,30.628,47.765,-62.302,47.509,30.154,111.26,129.31,60.923
73.677,81.446,9.2467,-78.714,27.142,45.125,-55.043,45.132,28.51,105.27,124.65,55.98
67.447,74.88,9.5093,-72.229,23.123,42.41,-47.487,42.608,26.674,98.819,119.62,50.79
60.748,68.238,9.861,-65.569,18.727,39.561,-39.621,39.998,24.684,91.904,114.24,45.502
53.518,61.636,10.262,-58.831,14.193,36.541,-31.553,37.344,22.575,84.548,108.55,40.241
45.81,55.203,10.693,-52.089,9.782,33.362,-23.607,34.646,20.378,76.801,102.59,35.066
37.806,49.016,11.158,-45.373,5.7065,30.073,-16.22,31.867,18.119,68.726,96.381,29.971
29.765,43.074,11.68,-38.681,2.0803,26.738,-9.6727,28.944,15.816,60.407,89.974,24.929
21.94,37.299,12.275,-32.007,-1.0898,23.423,-3.9592,25.824,13.482,51.955,83.42,19.931
14.496,31.556,12.945,-25.328,-3.8695,20.182,1.0633,22.477,11.126,43.543,76.775,15.01
7.4752,25.686,13.661,-18.572,-6.3453,17.065,5.4645,18.913,8.7536,35.445,70.088,10.245
0.84544,19.612,14.374,-11.687,-8.5779,14.12,9.2137,15.178,6.3753,27.998,63.401,5.7621
-5.3168,13.48,15.024,-4.8253,-10.581,11.407,12.285,11.342,4.0054,21.435,56.766,1.7004
-10.645,7.6774,15.564,1.5192,-12.336,8.9906,14.718,7.4915,1.6656,15.751,50.254,-1.8307
-14.746,2.619,15.964,6.7664,-13.825,6.914,16.604,3.7079,-0.61607,10.769,43.961,-4.7932
-17.633,-1.4959,16.225,10.698,-15.052,5.1808,18.049,0.061936,-2.8068,6.3058,37.984,-7.2227
-19.626,-4.7192,16.375,13.504,-16.044,3.7574,19.155,-3.3931,-4.871,2.2589,32.411,-9.1968
-21.036,-7.2262,16.459,15.499,-16.836,2.5909,20.01,-6.6202,-6.7744,-1.41,27.306,-10.8
-22.07,-9.1954,16.52,16.942,-17.47,1.6257,20.678,-9.5969,-8.4876,-4.7117,22.716,-12.101
-22.85,-10.758,16.586,18.002,-17.983,0.8145,21.203,-12.314,-9.9904,-7.6499,18.664,-13.15
-23.451,-11.997,16.665,18.785,-18.405,0.12436,21.614,-14.773,-11.274,-10.226,15.156,-13.973
-23.918,-12.965,16.744,19.361,-18.751,-0.46216,21.928,-16.983,-12.34,-12.441,12.176,-14.589
-24.276,-13.703,16.793,19.779,-19.023,-0.95137,22.162,-18.957,-13.196,-14.301,9.6929,-15.005
-24.537,-14.246,16.784,20.075,-19.215,-1.3453,22.328,-20.711,-13.856,-15.825,7.6565,-15.23
-24.71,-14.63,16.71,20.275,-19.32,-1.6462,22.438,-22.262,-14.335,-17.048,6.0023,-15.28
-24.807,-14.88,16.588,20.396,-19.345,-1.8562,22.501,-23.63,-14.651,-18.018,4.6534,-15.178
-24.846,-15.015,16.456,20.455,-19.307,-1.9746,22.523,-24.841,-14.823,-18.781,3.528,-14.959
-24.851,-15.048,16.369,20.467,-19.237,-1.9988,22.512,-25.923,-14.866,-19.382,2.5461,-14.666
-24.844,-14.997,16.373,20.449,-19.167,-1.9308,22.473,-26.904,-14.793,-19.858,1.6345,-14.34
-24.841,-14.884,16.494,20.415,-19.119,-1.7829,22.411,-27.815,-14.609,-20.24,0.73228,-14.022
-24.847,-14.733,16.721,20.374,-19.1,-1.5777,22.329,-28.68,-14.318,-20.549,-0.19996,-13.736
-24.85,-14.561,17.008,20.324,-19.101,-1.3431,22.225,-29.509,-13.913,-20.793,-1.1712,-13.493
-24.835,-14.378,17.292,20.256,-19.104,-1.1074,22.096,-30.299,-13.386,-20.968,-2.1571,-13.292
-24.79,-14.196,17.508,20.168,-19.095,-0.89868,21.943,-31.029,-12.727,-21.061,-3.1079,-13.117
-24.714,-14.036,17.618,20.066,-19.071,-0.74429,21.766,-31.668,-11.933,-21.058,-3.9643,-12.948
-24.624,-13.928,17.617,19.974,-19.044,-0.66525,21.571,-32.189,-11.016,-20.946,-4.6766,-12.762
-24.545,-13.898,17.54,19.92,-19.031,-0.66674,21.37,-32.572,-10.002,-20.723,-5.221,-12.542
-24.503,-13.956,17.429,19.924,-19.046,-0.73366,21.172,-32.821,-8.9282,-20.394,-5.6076,-12.284
-24.507,-14.089,17.316,19.989,-19.089,-0.83821,20.988,-32.959,-7.8386,-19.975,-5.8768,-12.003
-24.547,-14.27,17.196,20.095,-19.137,-0.95629,20.827,-33.016,-6.7697,-19.49,-6.0837,-11.726
-24.598,-14.468,17.032,20.215,-19.157,-1.0808,20.691,-33.024,-5.7415,-18.966,-6.2781,-11.489
-24.631,-14.661,16.769,20.32,-19.116,-1.2217,20.581,-33.002,-4.7537,-18.435,-6.4918,-11.325
-24.623,-14.836,16.367,20.389,-18.993,-1.3947,20.494,-32.953,-3.7896,-17.924,-6.7358,-11.254
-24.565,-14.985,15.819,20.416,-18.793,-1.6082,20.426,-32.869,-2.8254,-17.454,-7.0056,-11.275
-24.458,-15.098,15.154,20.399,-18.539,-1.8554,20.375,-32.737,-1.8407,-17.037,-7.2871,-11.365
-24.312,-15.166,14.427,20.342,-18.261,-2.1155,20.339,-32.54,-0.82433,-16.67,-7.5616,-11.484
-24.135,-15.181,13.698,20.25,-17.984,-2.3617,20.314,-32.263,0.2224,-16.342,-7.8097,-11.589
-23.936,-15.149,13.009,20.126,-17.718,-2.5735,20.295,-31.896,1.286,-16.037,-8.0159,-11.643
-23.717,-15.085,12.367,19.976,-17.455,-2.7467,20.276,-31.436,2.343,-15.741,-8.1717,-11.628
-23.476,-15.021,11.742,19.815,-17.178,-2.896,20.249,-30.888,3.3656,-15.444,-8.2768,-11.544
-23.21,-14.994,11.083,19.659,-16.864,-3.0475,20.205,-30.268,4.3301,-15.139,-8.3385,-11.407
-22.917,-15.026,10.349,19.524,-16.498,-3.2223,20.137,-29.594,5.2242,-14.825,-8.3704,-11.236
-22.6,-15.116,9.5421,19.415,-16.079,-3.424,20.042,-28.883,6.048,-14.505,-8.3936,-11.049
-22.271,-15.241,8.7172,19.331,-15.622,-3.6376,19.916,-28.151,6.8089,-14.188,-8.4357,-10.853
-21.945,-15.364,7.9435,19.257,-15.157,-3.841,19.761,-27.411,7.5146,-13.889,-8.5284,-10.648
-21.636,-15.449,7.2581,19.176,-14.713,-4.0156,19.577,-26.673,8.169,-13.625,-8.6992,-10.43
-21.348,-15.465,6.6486,19.069,-14.312,-4.1527,19.37,-25.943,8.7735,-13.409,-8.9648,-10.196
-21.081,-15.398,6.0733,18.922,-13.959,-4.2544,19.146,-25.225,9.328,-13.254,-9.3303,-9.9483
-20.838,-15.259,5.4872,18.738,-13.649,-4.3335,18.911,-24.52,9.8301,-13.171,-9.7974,-9.6965
-20.634,-15.085,4.8617,18.541,-13.374,-4.41,18.667,-23.836,10.27,-13.18,-10.374,-9.4623
-20.49,-14.928,4.1971,18.372,-13.132,-4.5045,18.412,-23.193,10.626,-13.305,-11.078,-9.2772
-20.428,-14.841,3.5286,18.274,-12.928,-4.6295,18.138,-22.62,10.867,-13.562,-11.927,-9.1742
-20.459,-14.858,2.9166,18.277,-12.773,-4.7852,17.837,-22.142,10.964,-13.951,-12.93,-9.1745
-20.576,-14.994,2.4248,18.388,-12.675,-4.9632,17.505,-21.777,10.902,-14.443,-14.075,-9.2761
-20.755,-15.234,2.0949,18.585,-12.632,-5.1529,17.144,-21.522,10.692,-14.988,-15.334,-9.4543
-20.963,-15.551,1.9343,18.831,-12.637,-5.346,16.763,-21.358,10.372,-15.522,-16.668,-9.6726
-21.169,-15.904,1.9189,19.083,-12.673,-5.5377,16.374,-21.253,9.9912,-15.993,-18.044,-9.8977
-21.351,-16.259,2.0061,19.313,-12.728,-5.728,15.986,-21.18,9.5988,-16.368,-19.441,-10.11
-21.505,-16.594,2.1447,19.51,-12.796,-5.9227,15.605,-21.125,9.226,-16.642,-20.854,-10.306
-21.639,-16.9,2.2795,19.68,-12.877,-6.1312,15.226,-21.089,8.8812,-16.842,-22.289,-10.494
-21.768,-17.179,2.3561,19.84,-12.969,-6.3614,14.835,-21.086,8.5527,-17.007,-23.748,-10.69
-21.901,-17.441,2.3277,20.004,-13.063,-6.6165,14.416,-21.132,8.2166,-17.184,-25.224,-10.907
-22.039,-17.698,2.1646,20.183,-13.136,-6.8957,13.952,-21.239,7.8473,-17.408,-26.69,-11.154
-22.171,-17.965,1.8614,20.377,-13.16,-7.1984,13.433,-21.41,7.4263,-17.69,-28.103,-11.432
-22.281,-18.257,1.4357,20.582,-13.112,-7.5251,12.858,-21.634,6.9478,-18.015,-29.409,-11.733
-22.358,-18.581,0.91668,20.787,-12.983,-7.8772,12.239,-21.893,6.4161,-18.35,-30.561,-12.046
-22.4,-18.934,0.33184,20.985,-12.785,-8.2551,11.592,-22.171,5.8397,-18.659,-31.535,-12.364
-22.412,-19.307,-0.30316,21.17,-12.538,-8.658,10.935,-22.457,5.2259,-18.917,-32.335,-12.681
-22.398,-19.681,-0.98268,21.336,-12.262,-9.081,10.283,-22.748,4.581,-19.11,-32.987,-12.992
-22.351,-20.03,-1.7002,21.471,-11.96,-9.5137,9.6479,-23.042,3.914,-19.24,-33.517,-13.284
-22.256,-20.33,-2.4422,21.562,-11.629,-9.9427,9.0317,-23.335,3.2396,-19.31,-33.937,-13.533
-22.104,-20.567,-3.1925,21.601,-11.264,-10.356,8.4296,-23.615,2.5762,-19.325,-34.246,-13.713
-21.902,-20.738,-3.9359,21.586,-10.871,-10.744,7.8282,-23.871,1.9387,-19.29,-34.434,-13.799
-21.67,-20.851,-4.6549,21.526,-10.472,-11.097,7.2096,-24.095,1.333,-19.215,-34.503,-13.781
-21.438,-20.914,-5.3229,21.434,-10.095,-11.401,6.5579,-24.286,0.75429,-19.118,-34.47,-13.667
-21.225,-20.931,-5.9051,21.321,-9.7613,-11.635,5.8673,-24.446,0.191,-19.024,-34.36,-13.48
-21.035,-20.906,-6.3644,21.194,-9.4767,-11.782,5.1488,-24.577,-0.37008,-18.958,-34.2,-13.249
-20.852,-20.837,-6.6734,21.056,-9.2302,-11.833,4.4288,-24.68,-0.94019,-18.937,-34.007,-13.006
-20.656,-20.727,-6.825,20.905,-9.0009,-11.796,3.7387,-24.755,-1.5255,-18.965,-33.786,-12.772
-20.423,-20.581,-6.8376,20.736,-8.764,-11.694,3.0997,-24.8,-2.125,-19.032,-33.538,-12.56
-20.14,-20.404,-6.7499,20.542,-8.496,-11.556,2.5129,-24.814,-2.7305,-19.119,-33.258,-12.371
-19.792,-20.198,-6.6088,20.311,-8.1814,-11.407,1.9641,-24.791,-3.3295,-19.203,-32.944,-12.199
-19.369,-19.95,-6.4575,20.026,-7.8177,-11.256,1.4404,-24.719,-3.9085,-19.259,-32.597,-12.031
-18.863,-19.64,-6.328,19.668,-7.4153,-11.093,0.9474,-24.582,-4.4554,-19.269,-32.221,-11.854
-18.264,-19.242,-6.2388,19.218,-6.9884,-10.897,0.51704,-24.358,-4.9599,-19.215,-31.825,-11.655
-17.561,-18.736,-6.2002,18.66,-6.5384,-10.646,0.20243,-24.029,-5.4134,-19.088,-31.42,-11.424
-16.728,-18.118,-6.2224,17.984,-6.0381,-10.336,0.061701,-23.577,-5.8066,-18.885,-31.015,-11.152
-15.725,-17.4,-6.3201,17.181,-5.4294,-9.9808,0.13819,-22.994,-6.13,-18.611,-30.602,-10.831
-14.497,-16.605,-6.5072,16.248,-4.6413,-9.6081,0.44746,-22.283,-6.3769,-18.269,-30.164,-10.461
-12.993,-15.761,-6.7834,15.184,-3.6208,-9.2436,0.978,-21.449,-6.5475,-17.862,-29.672,-10.051
-11.192,-14.888,-7.1232,13.996,-2.3629,-8.8995,1.704,-20.501,-6.651,-17.387,-29.102,-9.619
-9.1232,-13.992,-7.4775,12.695,-0.92392,-8.5685,2.6029,-19.435,-6.7009,-16.831,-28.432,-9.1832
-6.8579,-13.054,-7.7919,11.284,0.59492,-8.2274,3.6657,-18.228,-6.7055,-16.173,-27.647,-8.7501
-4.4737,-12.034,-8.033,9.747,2.0961,-7.8474,4.8911,-16.838,-6.6618,-15.384,-26.733,-8.3047
-2.0111,-10.885,-8.2093,8.0374,3.5313,-7.4094,6.2645,-15.211,-6.5599,-14.436,-25.678,-7.8142
0.54376,-9.5692,-8.3722,6.1171,4.9263,-6.9144,7.7424,-13.309,-6.3985,-13.316,-24.49,-7.2408
3.2178,-8.094,-8.5929,3.9784,6.3608,-6.3909,9.2583,-11.139,-6.1991,-12.039,-23.195,-6.5572
6.0352,-6.5097,-8.9301,1.6488,7.9303,-5.8827,10.741,-8.7759,-6.0098,-10.65,-21.844,-5.7604
9.0125,-4.8784,-9.4021,-0.84054,9.7115,-5.4286,12.118,-6.3655,-5.8947,-9.2225,-20.49,-4.8725
12.158,-3.2291,-9.98,-3.4923,11.735,-5.0415,13.315,-4.1025,-5.9147,-7.8334,-19.169,-3.9322
15.446,-1.5445,-10.599,-6.3336,13.971,-4.7044,14.249,-2.1763,-6.112,-6.5498,-17.892,-2.9786
18.811,0.23863,-11.182,-9.3952,16.323,-4.3782,14.849,-0.7102,-6.5037,-5.4126,-16.636,-2.0362
22.141,2.1727,-11.663,-12.642,18.659,-4.0299,15.067,0.27357,-7.0849,-4.434,-15.377,-1.1094
25.311,4.2534,-12.017,-15.947,20.868,-3.6522,14.884,0.83918,-7.8369,-3.6027,-14.104,-0.17779
28.224,6.4024,-12.281,-19.129,22.913,-3.2696,14.296,1.0888,-8.7332,-2.8934,-12.829,0.7948
30.834,8.4867,-12.553,-22.023,24.837,-2.9293,13.301,1.1122,-9.7452,-2.2774,-11.576,1.8497
33.143,10.363,-12.959,-24.534,26.719,-2.6821,11.895,0.95802,-10.845,-1.7345,-10.387,3.0203
35.187,11.927,-13.603,-26.649,28.604,-2.5617,10.087,0.63403,-12.005,-1.2584,-9.2866,4.3167
37.019,13.146,-14.529,-28.419,30.471,-2.569,7.9077,0.12576,-13.204,-0.8536,-8.2851,5.7161
38.694,14.075,-15.694,-29.932,32.239,-2.6691,5.418,-0.58112,-14.425,-0.52591,-7.3785,7.1664
40.243,14.835,-16.985,-31.284,33.813,-2.8036,2.7101,-1.4866,-15.65,-0.26598,-6.5313,8.6076
41.666,15.575,-18.251,-32.551,35.139,-2.9149,-0.11058,-2.5729,-16.861,-0.059142,-5.7055,9.998
42.951,16.416,-19.372,-33.775,36.226,-2.9714,-2.9391,-3.8028,-18.04,0.11768,-4.8584,11.328
44.137,17.407,-20.296,-34.967,37.142,-2.9794,-5.6938,-5.1474,-19.187,0.28763,-3.9736,12.609
45.339,18.527,-21.027,-36.118,37.978,-2.9747,-8.3258,-6.5865,-20.313,0.46543,-3.0454,13.859
46.692,19.716,-21.6,-37.207,38.816,-2.9987,-10.809,-8.1038,-21.452,0.65412,-2.095,15.083
48.268,20.903,-22.059,-38.229,39.698,-3.0744,-13.109,-9.6714,-22.646,0.83869,-1.1581,16.275
50.042,22.044,-22.448,-39.183,40.62,-3.1899,-15.157,-11.237,-23.93,1.0184,-0.27051,17.416
51.897,23.104,-22.811,-40.071,41.547,-3.3096,-16.857,-12.727,-25.315,1.1872,0.54096,18.48
53.628,24.032,-23.194,-40.87,42.421,-3.3946,-18.133,-14.068,-26.795,1.344,1.2565,19.419
54.978,24.752,-23.639,-41.536,43.175,-3.421,-18.96,-15.183,-28.35,1.49,1.8549,20.17
55.767,25.183,-24.164,-42.048,43.754,-3.3864,-19.372,-16.034,-29.972,1.6211,2.3068,20.663
56.115,25.236,-24.744,-42.445,44.143,-3.3162,-19.441,-16.617,-31.651,1.7218,2.5651,20.845
56.633,24.825,-25.337,-42.825,44.388,-3.255,-19.25,-16.971,-33.387,1.7651,2.5973,20.701
58.109,23.876,-25.885,-43.247,44.596,-3.2542,-18.886,-17.167,-35.17,1.719,2.3903,20.253
60.543,22.347,-26.288,-43.603,44.873,-3.3551,-18.425,-17.292,-36.979,1.5453,1.9573,19.554
62.746,20.275,-26.402,-43.569,45.151,-3.5738,-17.921,-17.427,-38.763,1.2226,1.3339,18.658
63.225,17.792,-26.094,-42.689,45.037,-3.8983,-17.397,-17.63,-40.448,0.73782,0.57848,17.61
61.138,15.088,-25.28,-40.574,43.986,-4.2994,-16.852,-17.929,-41.953,0.085395,-0.26731,16.43
56.468,12.313,-23.949,-37.093,41.65,-4.7483,-16.273,-18.326,-43.217,-0.73207,-1.1774,15.129
49.751,9.5138,-22.175,-32.397,38.013,-5.2332,-15.651,-18.819,-44.227,-1.7046,-2.1482,13.708
41.795,6.6353,-20.118,-26.817,33.307,-5.7663,-14.989,-19.395,-45.019,-2.8258,-3.2146,12.164
33.379,3.5792,-18.005,-20.739,27.894,-6.376,-14.306,-20.043,-45.655,-4.0794,-4.4118,10.489
25.024,0.28317,-16.086,-14.485,22.221,-7.088,-13.627,-20.759,-46.184,-5.4439,-5.7717,8.6794
17.001,-3.2246,-14.558,-8.2576,16.786,-7.9043,-12.967,-21.522,-46.616,-6.8864,-7.2853,6.7536
9.4986,-6.8051,-13.516,-2.1862,12.049,-8.7934,-12.325,-22.297,-46.924,-8.3573,-8.9196,4.7637
2.698,-10.229,-12.92,3.5644,8.2808,-9.6967,-11.675,-23.037,-47.033,-9.7914,-10.605,2.7958
-3.2854,-13.237,-12.631,8.7125,5.4585,-10.545,-10.98,-23.689,-46.844,-11.109,-12.251,0.95002
-8.4197,-15.632,-12.472,12.874,3.2975,-11.274,-10.205,-24.208,-46.265,-12.255,-13.779,-0.68439
-12.559,-17.349,-12.304,15.772,1.4185,-11.842,-9.3415,-24.575,-45.238,-13.183,-15.133,-2.0448
-15.42,-18.464,-12.058,17.502,-0.40433,-12.226,-8.4202,-24.791,-43.752,-13.878,-16.292,-3.098
-17.097,-19.129,-11.715,18.446,-2.1114,-12.432,-7.5206,-24.895,-41.843,-14.352,-17.259,-3.8361
-18.048,-19.498,-11.259,18.97,-3.5489,-12.48,-6.7405,-24.923,-39.561,-14.626,-18.045,-4.2698
-18.632,-19.682,-10.678,19.277,-4.6722,-12.401,-6.1477,-24.897,-36.976,-14.724,-18.659,-4.422
-19.02,-19.738,-9.9648,19.456,-5.5257,-12.216,-5.7275,-24.803,-34.156,-14.653,-19.103,-4.3241
-19.296,-19.686,-9.1279,19.541,-6.1878,-11.932,-5.3466,-24.583,-31.162,-14.411,-19.379,-4.0153
-19.524,-19.523,-8.1777,19.552,-6.7559,-11.537,-4.7483,-24.127,-28.046,-13.983,-19.498,-3.5484
-19.776,-19.247,-7.1236,19.521,-7.336,-11.013,-3.5948,-23.283,-24.847,-13.371,-19.495,-2.9963
-20.125,-18.882,-5.9755,19.499,-8.0192,-10.356,-1.5887,-21.849,-21.583,-12.592,-19.426,-2.4541
-20.621,-18.486,-4.7423,19.548,-8.85,-9.5934,1.16,-19.56,-18.219,-11.67,-19.359,-2.0261
-21.264,-18.139,-3.4326,19.723,-9.8024,-8.7871,3.1905,-16.051,-14.634,-10.591,-19.346,-1.7983
-21.996,-17.918,-2.0659,20.038,-10.788,-8.0193,0.62549,-10.991,-10.585,-9.2579,-19.385,-1.8034
-22.719,-17.855,-0.68363,20.452,-11.709,-7.3689,-6.3428,-5.9028,-5.6646,-7.4118,-19.386,-1.993
-23.354,-17.901,0.67831,20.877,-12.541,-6.8683,-9.0478,-11.978,0.74814,-4.527,-19.132,-2.2197
-23.86,-17.911,2.039,21.185,-13.349,-6.4515,-9.0941,-21.617,9.0449,0.31365,-18.236,-2.2234
-24.183,-17.625,3.516,21.203,-14.181,-5.9177,-6.8803,-17.945,11.79,6.8141,-16.057,-1.5923
-24.154,-16.589,5.4249,20.635,-15.014,-4.8859,-0.99296,-9.0973,4.3939,0.60799,-11.54,0.37951
-23.498,-13.817,8.3625,18.883,-15.864,-2.5179,10.431,5.0382,11.894,3.4806,-3.5904,5.0225
-23.477,-10.217,14.111,17.111,-16.808,1.149,29.28,25.251,22.214,7.6828,-6.9045,12.477
-40.001,-22.657,22.74,32.48,-17.841,2.7405,56.66,53.092,34.158,11.112,-12.225,4.0692
-56.99,-27.13,27.347,41.813,-18.807,6.3392,90.895,90.019,48.903,14.43,-15.432,0.5808
-68.278,-32.703,29.703,50.882,-19.416,7.2089,126.23,135.88,69.389,19.898,-17.935,-2.512
-74.103,-38.144,28.955,57.254,-19.358,5.1151,158.92,198.01,101.03,31.486,-16.808,-5.5059
-71.823,-40.588,25.156,57.467,-18.571,0.41699,189.39,283.94,149.98,55.274,-7.6545,-6.7828
-58.709,-35.454,20.394,47.78,-17.205,-2.6142,220.06,394.18,223.22,100.92,14.429,-2.8497
-33.011,-15.336,16.923,23.83,-15.212,3.4643,255.68,530.93,336.54,184.77,53.542,10.994
5.0369,29.325,19.766,-18.984,-10.941,27.745,300.89,703.24,489.59,308.18,117.83,41.817
54.145,107.08,42.937,-83.725,-3.5208,80.139,356.79,911.82,681.94,465.41,222.1,103.03
112.9,222.14,108,-171.13,-0.84771,167.37,418.62,1145.8,916.14,659.79,362.51,201.08
180.03,368.52,187.89,-278.43,-4.7828,279.67,477.71,1385,1182.7,881.77,526.34,317.16
253.26,532.31,277.88,-397.98,-11.766,405.8,520.97,1600.4,1458.3,1112.2,704.47,446.43
327.79,692.26,361.3,-516.51,-14.929,526.69,533.04,1755.9,1703,1321.9,874.97,575.49
394.94,820.84,419.07,-615.72,-8.8516,619.1,502.16,1812,1866.7,1472.6,1009.4,684.14
443.3,890.76,436.04,-675.98,8.0511,661.7,424.39,1732.6,1903.7,1524.4,1078.4,751.67
462.19,883.32,405.62,-682.08,31.244,641.83,304.98,1496.3,1785.2,1449.4,1060.9,762.68
445.39,795.93,332.75,-628.99,57.885,560.82,157.22,1107.4,1510.1,1243.7,951.72,712.53
393.24,644.58,233.47,-524.62,82.256,435,-0.67945,601.23,1110.8,932.9,765.95,609.68
312.7,459.19,130.4,-387.79,93.091,290.88,-149.89,39.872,646.6,565.16,534.59,473.29
215.21,273.56,45.257,-242.08,86.024,156.22,-274.98,-502.56,186.99,197.06,294.82,327
113.55,114.74,-8.4137,-108.61,61.758,51.088,-366.61,-958.4,-206.93,-122.55,79.227,191.75
19.358,-4.2776,-28.568,-1.2553,24.937,-18.601,-422.53,-1282.7,-496.41,-363.33,-91.351,81.019
-58.084,-76.232,-23.817,73.523,-16.373,-49.485,-447.11,-1461.9,-670.02,-516.44,-209.65,-0.43826
-112.17,-106.31,-7.0989,115.8,-52.854,-56.376,-449.85,-1511.7,-740.12,-590.61,-279.86,-54.884
-140.71,-113.8,10.329,132.62,-76.648,-54.27,-442.72,-1467,-733.6,-604.76,-312.69,-88.022
-145.09,-109.25,20.156,130.89,-83.497,-49.748,-436.25,-1368.3,-681.34,-580.59,-319.57,-105.55
-130.07,-99.781,17.907,117.09,-73.793,-46.782,-436.39,-1250.3,-609.91,-537.32,-309.91,-111.87
-102.94,-90.398,4.7631,97.663,-52.184,-46.486,-443.57,-1135.4,-537.42,-488.82,-291.59,-110.75
-71.809,-83.74,-15.347,78.298,-25.64,-49.502,-453.7,-1032.9,-473.15,-442.82,-270.86,-106.19
-43.551,-79.795,-37.131,62.557,-0.50111,-56.366,-459.56,-942.7,-419.69,-401.5,-251.43,-101.37
-22.635,-63.438,-53.602,48.272,18.496,-54,-454.05,-860.42,-375.22,-363.98,-233.56,-89.654
-13.486,-55.095,-64.624,39.468,28.236,-53.978,-434.91,-782.52,-329.74,-330.39,-211.82,-57.15
-9.4419,-55.868,-68.039,38.666,32.084,-54.671,-402.88,-702.72,-272.13,-296.73,-183.2,-52.57
-8.8526,-54.037,-65.989,37.857,31.787,-52.108,-359.88,-618.73,-225.77,-261.45,-162.04,-51.886
-11.859,-49.651,-61.125,35.597,26.472,-47.653,-309.58,-535.01,-181.59,-226.87,-144.51,-49.135
-17.534,-44.264,-53.103,32.215,16.342,-42.575,-256.14,-454.7,-139.33,-192.95,-127.79,-44.73
-22.099,-39.286,-42.615,29.067,3.7405,-37.559,-203.39,-379.67,-102.27,-160.73,-111.9,-39.681
-23.344,-35.373,-31.549,26.983,-3.3218,-32.871,-154.84,-312.25,-71.728,-131.83,-97.7,-34.891
-23.457,-32.503,-21.641,25.756,-5.3769,-28.683,-113.26,-254.05,-47.082,-107.82,-86.021,-30.872
-23.542,-30.394,-14.418,25.053,-6.4354,-25.13,-80.052,-205.7,-27.55,-89.464,-76.947,-27.702
-23.791,-28.768,-10.313,24.675,-7.8524,-22.194,-55.328,-168.03,-12.745,-76.317,-69.608,-25.23
-24.186,-27.429,-7.7331,24.498,-9.5468,-19.701,-37.792,-140.47,-2.8687,-67.237,-62.914,-23.275
-24.655,-26.277,-5.6211,24.433,-11.287,-17.478,-25.293,-120.7,2.0031,-60.958,-56.48,-21.7
-25.127,-25.29,-3.6889,24.418,-12.909,-15.51,-15.983,-106.12,4.8425,-56.36,-50.588,-20.424
-25.554,-24.482,-1.9334,24.421,-14.276,-13.888,-8.8181,-94.745,8.41,-52.418,-45.539,-19.394
-25.912,-23.859,-0.47755,24.428,-15.319,-12.651,-3.3683,-85.357,12.197,-47.576,-41.381,-18.577
-26.19,-23.407,0.65029,24.432,-16.055,-11.755,-0.59818,-77.288,15.546,-41.435,-38.006,-17.941
-26.385,-23.096,1.4846,24.428,-16.537,-11.143,0.94755,-69.688,18.228,-36.681,-35.272,-17.463
-26.496,-22.887,2.0312,24.409,-16.816,-10.762,5.3831,-60.846,20.13,-33.816,-33.06,-17.125
-26.519,-22.742,2.2904,24.364,-16.931,-10.558,9.9567,-52.8,21.176,-32.036,-31.273,-16.908
-26.453,-22.622,2.2969,24.282,-16.916,-10.475,12.99,-47.592,21.39,-30.84,-29.826,-16.788
-26.301,-22.495,2.1282,24.152,-16.796,-10.454,14.813,-44.154,20.898,-29.98,-28.643,-16.736
-26.07,-22.336,1.8849,23.967,-16.603,-10.44,15.959,-41.62,19.884,-29.316,-27.649,-16.72
-25.781,-22.132,1.6609,23.734,-16.367,-10.394,16.737,-39.589,18.531,-28.764,-26.779,-16.712
-25.461,-21.892,1.5177,23.471,-16.119,-10.295,17.305,-37.863,16.987,-28.274,-25.984,-16.689
-25.141,-21.628,1.4724,23.203,-15.886,-10.145,17.737,-36.335,15.357,-27.824,-25.233,-16.635
-24.841,-21.359,1.5041,22.947,-15.676,-9.9583,18.065,-34.95,13.707,-27.407,-24.512,-16.54
-24.567,-21.09,1.5717,22.709,-15.484,-9.7567,18.3,-33.689,12.08,-27.019,-23.822,-16.4
-24.304,-20.819,1.6348,22.479,-15.298,-9.5563,18.442,-32.548,10.515,-26.657,-23.168,-16.212
-24.039,-20.53,1.6693,22.239,-15.109,-9.3614,18.495,-31.521,9.0438,-26.308,-22.547,-15.979
-23.761,-20.201,1.6799,21.97,-14.922,-9.1601,18.469,-30.596,7.6977,-25.954,-21.952,-15.701
-23.473,-19.809,1.7018,21.662,-14.758,-8.9283,18.38,-29.755,6.5023,-25.58,-21.375,-15.378
-23.188,-19.345,1.7885,21.316,-14.644,-8.6426,18.247,-28.98,5.466,-25.173,-20.817,-15.013
-22.927,-18.823,1.9859,20.952,-14.598,-8.2976,18.084,-28.259,4.5755,-24.739,-20.296,-14.615
-22.708,-18.291,2.3053,20.601,-14.621,-7.916,17.9,-27.586,3.7893,-24.293,-19.837,-14.199
-22.539,-17.811,2.7122,20.3,-14.693,-7.545,17.694,-26.96,3.0769,-23.854,-19.469,-13.786
-22.415,-17.443,3.1389,20.076,-14.778,-7.2355,17.46,-26.386,2.4054,-23.439,-19.214,-13.398
-22.315,-17.213,3.5127,19.93,-14.842,-7.0179,17.195,-25.862,1.7581,-23.054,-19.079,-13.052
-22.207,-17.102,3.7842,19.837,-14.852,-6.8898,16.899,-25.38,1.1371,-22.691,-19.049,-12.761
-22.057,-17.061,3.9406,19.757,-14.79,-6.8255,16.581,-24.928,0.558,-22.33,-19.087,-12.531
-21.839,-17.039,3.9995,19.656,-14.649,-6.795,16.26,-24.479,0.040055,-21.948,-19.146,-12.357
-21.545,-16.997,3.9858,19.515,-14.435,-6.7784,15.957,-24.007,-0.4058,-21.528,-19.177,-12.227
-21.19,-16.922,3.9066,19.332,-14.172,-6.7715,15.686,-23.493,-0.78447,-21.067,-19.154,-12.125
-20.812,-16.82,3.7429,19.126,-13.89,-6.7844,15.45,-22.931,-1.1151,-20.578,-19.075,-12.036
-20.456,-16.711,3.4591,18.921,-13.614,-6.8345,15.24,-22.329,-1.4286,-20.084,-18.963,-11.954
-20.15,-16.613,3.0202,18.733,-13.348,-6.9377,15.042,-21.698,-1.7368,-19.598,-18.845,-11.87
-19.89,-16.533,2.4072,18.563,-13.069,-7.0999,14.841,-21.049,-2.031,-19.123,-18.737,-11.773
-19.643,-16.469,1.6329,18.397,-12.741,-7.3121,14.634,-20.382,-2.2827,-18.65,-18.646,-11.658
-19.376,-16.416,0.75396,18.224,-12.346,-7.5521,14.419,-19.695,-2.4547,-18.167,-18.557,-11.529
-19.078,-16.372,-0.13333,18.046,-11.894,-7.7909,14.202,-18.977,-2.5237,-17.661,-18.451,-11.402
-18.769,-16.344,-0.92047,17.882,-11.421,-8.0021,13.984,-18.217,-2.4702,-17.126,-18.31,-11.301
-18.478,-16.339,-1.5245,17.748,-10.971,-8.171,13.761,-17.394,-2.288,-16.552,-18.114,-11.242
-18.223,-16.359,-1.9126,17.649,-10.571,-8.2983,13.525,-16.479,-1.98,-15.929,-17.847,-11.221
-17.984,-16.388,-2.1034,17.561,-10.219,-8.3942,13.269,-15.438,-1.5528,-15.236,-17.489,-11.213
-17.707,-16.391,-2.1494,17.433,-9.8812,-8.4665,12.988,-14.239,-1.0149,-14.449,-17.028,-11.177
-17.311,-16.314,-2.1157,17.199,-9.515,-8.5103,12.679,-12.862,-0.36901,-13.556,-16.459,-11.069
-16.721,-16.096,-2.063,16.795,-9.086,-8.5062,12.337,-11.301,0.36007,-12.553,-15.79,-10.856
-15.891,-15.692,-2.0363,16.179,-8.5862,-8.4284,11.95,-9.5678,1.1536,-11.457,-15.04,-10.52
-14.822,-15.087,-2.0583,15.348,-8.0355,-8.2589,11.503,-7.6837,1.9944,-10.292,-14.227,-10.062
-13.565,-14.307,-2.1276,14.337,-7.4684,-7.9972,10.973,-5.672,2.8726,-9.0809,-13.366,-9.4954
-12.202,-13.404,-2.2212,13.214,-6.918,-7.6598,10.345,-3.5415,3.7894,-7.8345,-12.458,-8.8365
-10.812,-12.438,-2.3055,12.044,-6.3998,-7.2681,9.606,-1.2923,4.7555,-6.5455,-11.499,-8.1004
-9.4305,-11.441,-2.3498,10.861,-5.9075,-6.8352,8.7558,1.09,5.7889,-5.1891,-10.48,-7.3004
-8.0174,-10.396,-2.3356,9.6344,-5.4133,-6.3569,7.8033,3.6292,6.9127,-3.7278,-9.387,-6.4421
-6.4664,-9.2308,-2.2585,8.2695,-4.8737,-5.8126,6.7641,6.3525,8.152,-2.128,-8.2018,-5.5155
-4.6357,-7.8375,-2.124,6.6286,-4.2425,-5.1756,5.6481,9.2819,9.5352,-0.37133,-6.9009,-4.4889
-2.3998,-6.1074,-1.942,4.5774,-3.4856,-4.4244,4.4464,12.424,11.072,1.5345,-5.4691,-3.3202
0.29798,-3.9674,-1.7238,2.035,-2.5931,-3.5521,3.1274,15.762,12.761,3.5561,-3.9101,-1.9702
3.4189,-1.4061,-1.4801,-0.99009,-1.5771,-2.5685,1.6472,19.262,14.594,5.6515,-2.2446,-0.41812
6.8449,1.5192,-1.2217,-4.3971,-0.45634,-1.498,-0.027955,22.893,16.567,7.7953,-0.50977,1.3319
10.433,4.6987,-0.95967,-8.0355,0.76612,-0.37585,-1.8999,26.637,18.683,9.9933,1.2573,3.2523
14.074,8.0101,-0.70696,-11.768,2.1149,0.75967,-3.931,30.507,20.961,12.28,3.0313,5.3002
17.713,11.361,-0.47799,-15.51,3.6364,1.8792,-6.0564,34.532,23.429,14.7,4.803,7.4266
21.333,14.708,-0.28461,-19.223,5.3773,2.9733,-8.21,38.738,26.118,17.297,6.5764,9.5894
24.919,18.048,-0.13419,-22.879,7.3604,4.0543,-10.349,43.128,29.059,20.104,8.3624,11.766
28.435,21.38,-0.034823,-26.417,9.5669,5.1457,-12.463,47.676,32.276,23.146,10.175,13.965
31.835,24.675,-0.0071223,-29.749,11.932,6.2648,-14.571,52.343,35.778,26.442,12.031,16.222
35.094,27.881,-0.089859,-32.799,14.359,7.4118,-16.713,57.091,39.567,30.008,13.954,18.586
38.232,30.946,-0.33332,-35.557,16.756,8.571,-18.944,61.896,43.643,33.872,15.97,21.089
41.305,33.835,-0.77947,-38.078,19.074,9.72,-21.338,66.736,48.007,38.074,18.101,23.728
44.379,36.537,-1.4418,-40.456,21.322,10.836,-23.996,71.58,52.653,42.655,20.357,26.455
47.518,39.066,-2.2951,-42.782,23.546,11.906,-27.038,76.388,57.564,47.627,22.731,29.197
50.793,41.464,-3.2786,-45.136,25.788,12.939,-30.565,81.106,62.699,52.94,25.213,31.882
54.292,43.801,-4.3097,-47.597,28.06,13.974,-34.589,85.678,68,58.483,27.791,34.47
58.123,46.149,-5.3025,-50.258,30.336,15.055,-38.987,90.054,73.387,64.12,30.465,36.97
62.39,48.57,-6.1849,-53.234,32.562,16.207,-43.541,94.197,78.767,69.737,33.236,39.443
67.137,51.115,-6.9048,-56.648,34.675,17.43,-48.055,98.095,84.048,75.279,36.098,41.976
72.269,53.826,-7.4303,-60.592,36.623,18.725,-52.432,101.75,89.145,80.738,39.043,44.656
77.534,56.748,-7.7517,-65.059,38.38,20.11,-56.661,105.2,93.994,86.134,42.063,47.542
82.62,59.929,-7.8877,-69.915,39.944,21.62,-60.77,108.44,98.549,91.482,45.161,50.649
87.295,63.394,-7.8868,-74.931,41.333,23.265,-64.79,111.49,102.77,96.778,48.357,53.947
91.468,67.123,-7.8117,-79.874,42.57,25.01,-68.745,114.29,106.64,101.98,51.668,57.36
95.152,71.054,-7.7137,-84.589,43.678,26.788,-72.65,116.78,110.1,106.99,55.102,60.798
98.405,75.118,-7.6132,-89.007,44.673,28.556,-76.511,118.85,113.15,111.73,58.647,64.186
101.29,79.282,-7.4986,-93.116,45.566,30.312,-80.32,120.41,115.79,116.11,62.277,67.484
103.85,83.533,-7.3396,-96.901,46.361,32.089,-84.058,121.4,118.04,120.06,65.957,70.685
106.12,87.827,-7.1068,-100.32,47.062,33.922,-87.702,121.81,119.95,123.58,69.641,73.79
108.11,92.043,-6.7885,-103.31,47.67,35.812,-91.229,121.68,121.57,126.72,73.271,76.78
109.85,96.001,-6.3993,-105.85,48.193,37.717,-94.613,121.03,122.92,129.51,76.781,79.618
111.4,99.552,-5.9763,-107.97,48.644,39.572,-97.816,119.92,123.98,131.97,80.106,82.269
112.81,102.66,-5.5642,-109.78,49.042,41.329,-100.79,118.35,124.72,134.12,83.204,84.717
114.15,105.38,-5.1957,-111.38,49.404,42.982,-103.48,116.34,125.09,135.94,86.058,86.979
115.46,107.84,-4.8797,-112.84,49.737,44.571,-105.84,113.91,125.09,137.42,88.684,89.095
116.75,110.1,-4.6022,-114.22,50.041,46.144,-107.85,111.07,124.7,138.54,91.111,91.108
118.02,112.2,-4.3365,-115.51,50.312,47.727,-109.53,107.85,123.96,139.32,93.371,93.045
119.21,114.1,-4.0542,-116.68,50.539,49.302,-110.92,104.31,122.92,139.79,95.483,94.903
120.25,115.76,-3.7333,-117.69,50.709,50.814,-112.07,100.51,121.62,139.98,97.452,96.637
121.07,117.11,-3.364,-118.51,50.815,52.191,-113.02,96.477,120.1,139.98,99.271,98.178
121.62,118.14,-2.9524,-119.1,50.851,53.36,-113.8,92.246,118.4,139.84,100.93,99.447
121.89,118.82,-2.5199,-119.46,50.821,54.266,-114.43,87.826,116.52,139.6,102.39,100.38
121.88,119.18,-2.0962,-119.58,50.731,54.884,-114.88,83.227,114.46,139.31,103.65,100.94
121.64,119.25,-1.7095,-119.51,50.588,55.218,-115.15,78.481,112.24,138.95,104.66,101.14
121.21,119.1,-1.3787,-119.28,50.397,55.303,-115.2,73.66,109.88,138.52,105.4,101
120.62,118.75,-1.1102,-118.92,50.161,55.175,-115.01,68.883,107.4,138.02,105.85,100.56
119.88,118.23,-0.9004,-118.44,49.876,54.858,-114.5,64.284,104.82,137.42,105.99,99.858
118.98,117.47,-0.74226,-117.82,49.537,54.34,-113.59,59.97,102.11,136.69,105.82,98.898
117.86,116.38,-0.63237,-116.98,49.135,53.578,-112.18,55.983,99.186,135.8,105.33,97.646
116.47,114.8,-0.57527,-115.81,48.663,52.519,-110.14,52.309,95.978,134.71,104.5,96.053
114.76,112.61,-0.58134,-114.2,48.117,51.13,-107.36,48.914,92.411,133.4,103.35,94.07
112.7,109.73,-0.65917,-112.05,47.496,49.419,-103.83,45.784,88.444,131.87,101.87,91.667
110.25,106.12,-0.80706,-109.32,46.796,47.42,-99.593,42.938,84.078,130.09,100.11,88.837
107.39,101.79,-1.0091,-105.99,46.006,45.187,-94.759,40.407,79.346,128.05,98.06,85.579
104.13,96.779,-1.2384,-102.05,45.107,42.776,-89.4,38.213,74.302,125.69,95.711,81.894
100.42,91.196,-1.4646,-97.534,44.07,40.233,-83.547,36.352,69.006,122.91,93.001,77.785
96.268,85.19,-1.6619,-92.448,42.862,37.585,-77.206,34.786,63.502,119.59,89.841,73.27
91.671,78.93,-1.8113,-86.84,41.437,34.844,-70.4,33.452,57.829,115.63,86.147,68.4
86.647,72.6,-1.8995,-80.793,39.738,32.015,-63.18,32.266,52.022,110.95,81.875,63.258
81.23,66.393,-1.9163,-74.467,37.694,29.107,-55.611,31.136,46.135,105.62,77.037,57.943
75.471,60.465,-1.8524,-68.084,35.229,26.135,-47.748,29.971,40.243,99.739,71.706,52.555
69.421,54.87,-1.7016,-61.838,32.289,23.113,-39.639,28.706,34.431,93.429,66.004,47.182
63.104,49.55,-1.463,-55.812,28.878,20.057,-31.371,27.31,28.774,86.771,60.073,41.894
56.521,44.369,-1.1438,-49.964,25.082,16.988,-23.162,25.783,23.3,79.795,54.055,36.739
49.682,39.169,-0.7558,-44.183,21.045,13.952,-15.363,24.129,17.993,72.503,48.065,31.733
42.633,33.8,-0.31056,-38.341,16.919,11.035,-8.2722,22.334,12.801,64.904,42.177,26.874
35.451,28.169,0.18381,-32.317,12.842,8.3437,-1.9579,20.366,7.6601,57.085,36.431,22.16
28.213,22.295,0.71911,-26.022,8.933,5.962,3.6558,18.187,2.5077,49.248,30.838,17.617
20.976,16.331,1.2804,-19.445,5.2937,3.9083,8.5742,15.78,-2.7084,41.675,25.408,13.303
13.813,10.518,1.8416,-12.705,2,2.1397,12.705,13.151,-8.0276,34.618,20.158,9.2874
6.8635,5.0906,2.3684,-6.0752,-0.91731,0.5852,16.023,10.336,-13.474,28.19,15.121,5.6162
0.35993,0.2092,2.8299,0.083149,-3.4719,-0.81855,18.632,7.3841,-19.054,22.367,10.339,2.3036
-5.4223,-4.0487,3.214,5.4608,-5.702,-2.1077,20.687,4.3533,-24.761,17.061,5.8554,-0.65958
-10.268,-7.6706,3.5347,9.8999,-7.6474,-3.2897,22.316,1.3041,-30.579,12.192,1.7061,-3.2897
-14.111,-10.689,3.8255,13.405,-9.338,-4.3565,23.611,-1.7048,-36.485,7.7247,-2.0819,-5.6016
-17.041,-13.165,4.121,16.089,-10.797,-5.3002,24.631,-4.6213,-42.456,3.668,-5.4904,-7.6096
-19.235,-15.172,4.4386,18.111,-12.048,-6.1233,25.422,-7.4042,-48.472,0.053167,-8.5125,-9.3323
-20.885,-16.79,4.7708,19.633,-13.118,-6.8397,26.019,-10.028,-54.516,-3.0931,-11.157,-10.796
-22.146,-18.096,5.0914,20.794,-14.033,-7.4698,26.451,-12.481,-60.577,-5.7699,-13.452,-12.034
-23.132,-19.164,5.3715,21.704,-14.812,-8.0334,26.74,-14.765,-66.652,-8.0108,-15.437,-13.082
-23.918,-20.057,5.5971,22.443,-15.471,-8.5421,26.904,-16.886,-72.744,-9.875,-17.159,-13.976
-24.562,-20.818,5.7786,23.065,-16.028,-8.995,26.959,-18.852,-78.844,-11.433,-18.658,-14.748
-25.108,-21.472,5.9474,23.601,-16.506,-9.3814,26.919,-20.671,-84.912,-12.749,-19.965,-15.42
-25.589,-22.032,6.1431,24.07,-16.928,-9.6878,26.805,-22.346,-90.854,-13.876,-21.094,-16.013
-26.021,-22.502,6.3946,24.479,-17.308,-9.9066,26.634,-23.879,-96.537,-14.845,-22.055,-16.541
-26.407,-22.885,6.7056,24.827,-17.643,-10.041,26.427,-25.265,-101.81,-15.671,-22.848,-17.018
-26.731,-23.18,7.0498,25.104,-17.917,-10.104,26.198,-26.494,-106.53,-16.355,-23.475,-17.449
-26.976,-23.385,7.3812,25.301,-18.115,-10.116,25.963,-27.556,-110.62,-16.891,-23.941,-17.827
-27.13,-23.501,7.6545,25.41,-18.23,-10.098,25.732,-28.444,-114.05,-17.276,-24.254,-18.137
-27.19,-23.532,7.8464,25.434,-18.273,-10.063,25.514,-29.16,-116.86,-17.513,-24.431,-18.354
-27.166,-23.487,7.9687,25.385,-18.264,-10.015,25.316,-29.724,-119.15,-17.617,-24.494,-18.456
-27.079,-23.372,8.0663,25.28,-18.23,-9.9422,25.138,-30.16,-121.04,-17.611,-24.473,-18.434
-26.953,-23.195,8.1979,25.132,-18.198,-9.8263,24.98,-30.501,-122.68,-17.529,-24.402,-18.298
-26.809,-22.957,8.4093,24.953,-18.183,-9.649,24.837,-30.777,-124.19,-17.408,-24.313,-18.08
-26.661,-22.662,8.7146,24.744,-18.181,-9.3998,24.703,-31.013,-125.65,-17.286,-24.233,-17.819
-26.504,-22.307,9.0971,24.5,-18.172,-9.0774,24.572,-31.22,-127.11,-17.188,-24.18,-17.554
-26.324,-21.886,9.5293,24.21,-18.128,-8.6839,24.438,-31.401,-128.57,-17.13,-24.156,-17.305
-26.109,-21.384,9.9973,23.867,-18.035,-8.2181,24.294,-31.544,-129.98,-17.109,-24.155,-17.072
-25.855,-20.788,10.514,23.465,-17.902,-7.6714,24.136,-31.636,-131.32,-17.11,-24.158,-16.835
-25.571,-20.092,11.111,23.014,-17.76,-7.0298,23.956,-31.658,-132.52,-17.11,-24.141,-16.57
-25.276,-19.299,11.82,22.526,-17.651,-6.2808,23.753,-31.598,-133.5,-17.083,-24.076,-16.252
-24.982,-18.423,12.657,22.014,-17.603,-5.4233,23.523,-31.442,-134.17,-17.006,-23.939,-15.873
-24.69,-17.482,13.622,21.483,-17.62,-4.4755,23.271,-31.184,-134.41,-16.862,-23.714,-15.435
-24.383,-16.494,14.691,20.923,-17.682,-3.4762,23.004,-30.824,-134.14,-16.644,-23.4,-14.956
-24.04,-15.482,15.809,20.324,-17.757,-2.4773,22.731,-30.371,-133.3,-16.361,-23.008,-14.464
-23.646,-14.469,16.899,19.681,-17.816,-1.5297,22.458,-29.844,-131.87,-16.031,-22.559,-13.99
-23.203,-13.486,17.901,19.012,-17.841,-0.67035,22.189,-29.269,-129.89,-15.679,-22.073,-13.556
-22.725,-12.568,18.778,18.352,-17.829,0.081215,21.921,-28.67,-127.44,-15.325,-21.57,-13.174
-22.245,-11.75,19.509,17.748,-17.779,0.71741,21.65,-28.072,-124.6,-14.982,-21.063,-12.844
-21.795,-11.063,20.07,17.242,-17.686,1.2357,21.367,-27.491,-121.43,-14.654,-20.562,-12.559
-21.402,-10.52,20.429,16.852,-17.538,1.6353,21.064,-26.928,-117.92,-14.339,-20.074,-12.316
-21.071,-10.119,20.558,16.573,-17.323,1.9171,20.737,-26.377,-114.03,-14.03,-19.608,-12.116
-20.792,-9.8379,20.436,16.381,-17.037,2.084,20.382,-25.825,-109.7,-13.722,-19.169,-11.963
-20.55,-9.649,20.059,16.248,-16.686,2.1399,19.998,-25.257,-104.9,-13.414,-18.767,-11.858
-20.336,-9.5362,19.443,16.155,-16.291,2.0861,19.58,-24.662,-99.668,-13.112,-18.407,-11.799
-20.153,-9.5056,18.618,16.105,-15.873,1.9188,19.125,-24.033,-94.091,-12.824,-18.09,-11.773
-20.01,-9.5815,17.623,16.109,-15.449,1.6289,18.635,-23.37,-88.315,-12.558,-17.811,-11.763
-19.909,-9.7935,16.495,16.181,-15.031,1.2039,18.117,-22.678,-82.495,-12.315,-17.551,-11.755
-19.841,-10.16,15.263,16.318,-14.62,0.63449,17.592,-21.966,-76.775,-12.092,-17.291,-11.74
-19.782,-10.677,13.937,16.505,-14.211,-0.075869,17.084,-21.251,-71.276,-11.88,-17.015,-11.722
-19.701,-11.315,12.519,16.714,-13.785,-0.90099,16.619,-20.554,-66.104,-11.669,-16.724,-11.718
-19.564,-12.023,11.009,16.911,-13.32,-1.7931,16.219,-19.897,-61.346,-11.454,-16.43,-11.748
-19.35,-12.746,9.4354,17.072,-12.796,-2.6983,15.895,-19.303,-57.084,-11.236,-16.163,-11.833
-19.056,-13.44,7.8656,17.185,-12.206,-3.5744,15.65,-18.794,-53.38,-11.027,-15.957,-11.979
-18.701,-14.082,6.3827,17.257,-11.561,-4.3977,15.476,-18.389,-50.263,-10.842,-15.846,-12.176
-18.325,-14.657,5.0334,17.301,-10.895,-5.1588,15.362,-18.096,-47.713,-10.699,-15.845,-12.395
-17.976,-15.163,3.807,17.336,-10.25,-5.855,15.298,-17.915,-45.661,-10.608,-15.952,-12.595
-17.693,-15.597,2.6604,17.378,-9.664,-6.485,15.271,-17.836,-43.998,-10.573,-16.144,-12.741
-17.493,-15.959,1.5515,17.432,-9.1486,-7.049,15.267,-17.848,-42.601,-10.591,-16.387,-12.808
-17.36,-16.255,0.45605,17.494,-8.6854,-7.5496,15.266,-17.943,-41.357,-10.657,-16.647,-12.796
-17.258,-16.493,-0.62967,17.553,-8.2371,-7.994,15.246,-18.116,-40.185,-10.768,-16.896,-12.725
-17.156,-16.693,-1.6883,17.603,-7.7723,-8.3932,15.181,-18.361,-39.04,-10.926,-17.112,-12.627
-17.047,-16.877,-2.6829,17.647,-7.2852,-8.759,15.048,-18.666,-37.91,-11.13,-17.281,-12.533
-16.947,-17.065,-3.5623,17.698,-6.7999,-9.099,14.829,-19.014,-36.801,-11.38,-17.393,-12.459
-16.885,-17.266,-4.2704,17.768,-6.3605,-9.4112,14.514,-19.382,-35.719,-11.665,-17.441,-12.408
-16.879,-17.466,-4.7601,17.857,-6.0117,-9.6823,14.093,-19.75,-34.661,-11.965,-17.422,-12.364
-16.923,-17.635,-5.0092,17.945,-5.7815,-9.8913,13.562,-20.101,-33.612,-12.26,-17.337,-12.306
-16.994,-17.736,-5.035,18.004,-5.6737,-10.019,12.914,-20.436,-32.558,-12.535,-17.193,-12.215
-17.07,-17.75,-4.8941,18.016,-5.6741,-10.057,12.137,-20.77,-31.497,-12.794,-17.011,-12.089
-17.148,-17.687,-4.6658,17.985,-5.7633,-10.018,11.218,-21.132,-30.448,-13.062,-16.823,-11.944
-17.249,-17.583,-4.4223,17.942,-5.9271,-9.9258,10.15,-21.552,-29.445,-13.377,-16.665,-11.808
-17.407,-17.49,-4.2037,17.93,-6.1612,-9.8111,8.9402,-22.05,-28.524,-13.776,-16.568,-11.718
-17.647,-17.447,-4.006,17.987,-6.4676,-9.6939,7.6239,-22.626,-27.711,-14.281,-16.545,-11.698
-17.971,-17.47,-3.7892,18.124,-6.8484,-9.5757,6.2568,-23.256,-27.009,-14.88,-16.587,-11.755
-18.356,-17.541,-3.4994,18.324,-7.2976,-9.4423,4.9024,-23.899,-26.394,-15.533,-16.659,-11.872
-18.764,-17.627,-3.0983,18.551,-7.7959,-9.2762,3.6112,-24.502,-25.818,-16.18,-16.708,-12.025
-19.156,-17.695,-2.5839,18.766,-8.3113,-9.0709,2.4095,-25.021,-25.223,-16.763,-16.689,-12.187
-19.498,-17.729,-1.9961,18.943,-8.8038,-8.8387,1.3017,-25.427,-24.563,-17.237,-16.576,-12.348
-19.77,-17.73,-1.4069,19.067,-9.2335,-8.6083,0.28342,-25.716,-23.813,-17.583,-16.369,-12.51
-19.96,-17.713,-0.89712,19.136,-9.5677,-8.4141,-0.64369,-25.897,-22.975,-17.805,-16.089,-12.683
-20.058,-17.69,-0.53054,19.151,-9.7845,-8.2818,-1.4633,-25.988,-22.072,-17.923,-15.765,-12.877
-20.055,-17.665,-0.33674,19.113,-9.8701,-8.2192,-2.1425,-26.007,-21.129,-17.96,-15.42,-13.09
-19.934,-17.63,-0.3111,19.013,-9.8112,-8.2168,-2.6392,-25.963,-20.163,-17.934,-15.067,-13.314
-19.665,-17.567,-0.42796,18.839,-9.5831,-8.2557,-2.9181,-25.856,-19.177,-17.857,-14.711,-13.537
-19.208,-17.459,-0.65759,18.572,-9.143,-8.3186,-2.966,-25.679,-18.162,-17.731,-14.351,-13.744
-18.511,-17.291,-0.97812,18.188,-8.4344,-8.3958,-2.7977,-25.418,-17.106,-17.553,-13.978,-13.917
-17.524,-17.057,-1.3805,17.67,-7.4079,-8.4856,-2.4453,-25.057,-15.995,-17.316,-13.582,-14.038
-16.226,-16.757,-1.8732,17.011,-6.0564,-8.5899,-1.936,-24.58,-14.818,-17.013,-13.151,-14.082
-14.641,-16.393,-2.4897,16.218,-4.4485,-8.7066,-1.2718,-23.967,-13.558,-16.639,-12.671,-14.03
-12.848,-15.958,-3.2769,15.305,-2.7302,-8.823,-0.42242,-23.194,-12.194,-16.183,-12.124,-13.862
-10.957,-15.435,-4.2524,14.285,-1.0695,-8.9131,0.65852,-22.227,-10.697,-15.627,-11.486,-13.563
-9.0618,-14.793,-5.372,13.161,0.4236,-8.9433,1.9989,-21.024,-9.0404,-14.941,-10.728,-13.128
-7.1909,-14.005,-6.5576,11.921,1.7413,-8.884,3.5721,-19.541,-7.2043,-14.089,-9.8195,-12.559
-5.2986,-13.041,-7.7403,10.534,2.9647,-8.7169,5.2859,-17.747,-5.1855,-13.041,-8.7398,-11.861
-3.268,-11.887,-8.8605,8.9492,4.2162,-8.4409,7.015,-15.64,-3.0024,-11.787,-7.4835,-11.055
-0.93618,-10.535,-9.8519,7.0946,5.6112,-8.0654,8.6529,-13.265,-0.6959,-10.35,-6.0646,-10.157
1.8619,-8.974,-10.64,4.8765,7.2328,-7.6024,10.135,-10.727,1.6733,-8.7828,-4.5122,-9.1755
5.2197,-7.1845,-11.151,2.2006,9.1336,-7.0593,11.418,-8.1923,4.03,-7.1648,-2.8621,-8.0979
9.1023,-5.1494,-11.329,-0.97466,11.333,-6.44,12.45,-5.8558,6.2921,-5.5873,-1.1509,-6.8943
13.297,-2.8609,-11.151,-4.5976,13.773,-5.7478,13.167,-3.8979,8.3813,-4.1393,0.5844,-5.5366
17.471,-0.35619,-10.654,-8.4777,16.285,-4.9981,13.509,-2.4249,10.234,-2.893,2.3139,-4.0053
21.315,2.2591,-9.9493,-12.326,18.668,-4.2268,13.431,-1.4409,11.814,-1.8896,3.9968,-2.3163
24.647,4.8231,-9.2139,-15.869,20.822,-3.4891,12.905,-0.86805,13.11,-1.1321,5.5945,-0.53384
27.436,7.1729,-8.6547,-18.952,22.766,-2.8447,11.914,-0.59927,14.141,-0.58882,7.0799,1.2379
29.766,9.2125,-8.4481,-21.567,24.557,-2.3321,10.46,-0.54649,14.942,-0.20579,8.4485,2.8871
31.777,10.95,-8.6806,-23.811,26.218,-1.9503,8.5833,-0.66348,15.564,0.075752,9.7094,4.3366
33.594,12.482,-9.3163,-25.814,27.725,-1.6596,6.371,-0.94267,16.065,0.30414,10.899,5.5675
35.272,13.936,-10.216,-27.676,29.042,-1.4056,3.9495,-1.3993,16.486,0.51095,12.054,6.6094
36.797,15.417,-11.213,-29.442,30.151,-1.1497,1.4449,-2.0568,16.854,0.72002,13.21,7.5095
38.161,16.97,-12.206,-31.117,31.084,-0.88673,-1.0574,-2.9379,17.176,0.93926,14.371,8.3044
39.436,18.589,-13.177,-32.701,31.927,-0.6455,-3.5308,-4.0602,17.437,1.1643,15.513,9.0126
40.762,20.229,-14.14,-34.205,32.798,-0.47459,-5.9853,-5.4223,17.608,1.3733,16.586,9.6404
42.267,21.82,-15.088,-35.638,33.796,-0.41979,-8.4379,-7.0176,17.658,1.5257,17.538,10.19
43.987,23.277,-16.004,-36.99,34.959,-0.50337,-10.885,-8.8212,17.557,1.5705,18.317,10.66
45.882,24.512,-16.89,-38.237,36.256,-0.71747,-13.281,-10.783,17.303,1.4617,18.878,11.032
47.865,25.469,-17.767,-39.354,37.614,-1.0234,-15.525,-12.825,16.928,1.167,19.181,11.282
49.799,26.12,-18.631,-40.318,38.938,-1.3655,-17.487,-14.847,16.48,0.70435,19.201,11.378
51.486,26.465,-19.437,-41.104,40.13,-1.6859,-19.064,-16.747,16.015,0.11287,18.921,11.279
52.722,26.508,-20.133,-41.708,41.103,-1.9421,-20.241,-18.449,15.586,-0.55473,18.337,10.939
53.454,26.249,-20.723,-42.163,41.822,-2.1183,-21.062,-19.893,15.229,-1.2505,17.464,10.312
53.983,25.665,-21.257,-42.51,42.329,-2.2327,-21.59,-21.069,14.956,-1.9437,16.337,9.3854
54.931,24.728,-21.814,-42.76,42.769,-2.3251,-21.892,-22,14.75,-2.6235,14.999,8.1729
56.776,23.435,-22.457,-42.861,43.359,-2.4408,-22.037,-22.737,14.586,-3.2928,13.517,6.7381
59.241,21.823,-23.144,-42.699,44.22,-2.613,-22.087,-23.343,14.439,-3.9676,11.95,5.1852
61.183,19.968,-23.696,-42.089,45.065,-2.8512,-22.075,-23.877,14.29,-4.6586,10.343,3.6332
61.191,17.96,-23.866,-40.768,45.169,-3.1392,-22.009,-24.394,14.127,-5.387,8.7024,2.1792
58.417,15.856,-23.431,-38.445,43.836,-3.446,-21.893,-24.935,13.928,-6.1902,7.0125,0.86868
52.949,13.646,-22.249,-34.934,40.756,-3.7421,-21.744,-25.534,13.651,-7.1139,5.2225,-0.31264
45.571,11.262,-20.298,-30.315,36,-4.0135,-21.582,-26.211,13.247,-8.1955,3.2832,-1.4243
37.252,8.612,-17.707,-24.91,29.917,-4.2654,-21.422,-26.971,12.671,-9.4518,1.1593,-2.5414
28.733,5.6423,-14.761,-19.088,23.078,-4.5143,-21.26,-27.79,11.904,-10.856,-1.1325,-3.7219
20.432,2.3857,-11.836,-13.1,16.21,-4.7747,-21.068,-28.618,10.966,-12.345,-3.5329,-4.9811
12.582,-1.0087,-9.2664,-7.0867,10.035,-5.0471,-20.809,-29.399,9.9179,-13.831,-5.9404,-6.2842
5.3456,-4.2829,-7.2266,-1.2006,5.0356,-5.3131,-20.439,-30.067,8.8448,-15.221,-8.2526,-7.558
-1.1716,-7.1461,-5.6973,4.2551,1.2929,-5.5409,-19.926,-30.565,7.8389,-16.439,-10.378,-8.718
-6.9152,-9.4002,-4.5236,8.8095,-1.4572,-5.6962,-19.264,-30.865,6.963,-17.433,-12.25,-9.6971
-11.74,-11.023,-3.5096,12.096,-3.6323,-5.7561,-18.476,-30.97,6.2396,-18.177,-13.842,-10.464
-15.338,-12.139,-2.5086,14.188,-5.6127,-5.7198,-17.618,-30.917,5.6663,-18.689,-15.154,-11.022
-17.656,-12.927,-1.4722,15.496,-7.5404,-5.6126,-16.756,-30.763,5.2208,-18.999,-16.207,-11.399
-19.099,-13.535,-0.43356,16.401,-9.2451,-5.475,-15.952,-30.556,4.8787,-19.146,-17.03,-11.63
-20.067,-14.04,0.54767,17.096,-10.543,-5.3411,-15.25,-30.338,4.63,-19.157,-17.646,-11.746
-20.742,-14.449,1.4215,17.633,-11.433,-5.2183,-14.646,-30.097,4.4853,-19.047,-18.071,-11.77
-21.186,-14.725,2.1681,18.001,-12.009,-5.0843,-14.058,-29.771,4.4788,-18.812,-18.318,-11.722
-21.45,-14.822,2.8174,18.194,-12.386,-4.8989,-13.318,-29.25,4.645,-18.447,-18.414,-11.622
-21.61,-14.723,3.4496,18.241,-12.689,-4.6215,-12.182,-28.389,5.0143,-17.951,-18.41,-11.499
-21.78,-14.457,4.176,18.215,-13.039,-4.2247,-10.353,-27.014,5.6122,-17.347,-18.383,-11.398
-22.074,-14.1,5.1023,18.224,-13.516,-3.7023,-7.5504,-24.909,6.477,-16.659,-18.412,-11.364
-22.553,-13.762,6.2531,18.368,-14.112,-3.0793,-4.214,-21.787,7.6958,-15.881,-18.538,-11.437
-23.181,-13.559,7.4835,18.697,-14.726,-2.4241,-3.4897,-17.329,9.4598,-14.928,-18.729,-11.63
-23.846,-13.559,8.5852,19.174,-15.23,-1.8438,-8.0442,-12.108,12.152,-13.581,-18.86,-11.917
-24.435,-13.726,9.5805,19.686,-15.579,-1.4249,-11.168,-13.578,16.533,-11.402,-18.692,-12.225
-24.9,-13.888,10.702,20.081,-15.911,-1.1209,-11.716,-23.844,24.038,-7.5917,-17.851,-12.43
-25.215,-13.74,12.122,20.172,-16.435,-0.66513,-10.298,-22.075,34.38,-1.8356,-15.753,-12.323
-25.263,-12.747,14.068,19.672,-17.213,0.49497,-5.4237,-14.821,29.931,-6.6748,-11.439,-11.549
-24.79,-9.6862,17.001,17.978,-18.258,3.6572,4.8688,-2.6915,33.074,-6.4053,-3.7103,-9.3977
-24.207,-3.1719,21.202,14.83,-19.638,11.198,22.188,15.657,41.284,-4.6941,-4.6841,-4.2547
-35.107,-16.491,27.178,29.564,-21.274,15.698,47.304,41.535,49.413,-2.6877,-10.625,-5.65
-53.812,-20.191,32.42,39.463,-22.909,19.809,79.594,76.601,58.764,0.79126,-14.005,-10.681
-66.398,-25.522,35.281,48.701,-24.191,20.494,115.38,120.79,71.911,7.5702,-16.956,-15.436
-74.3,-31.582,34.716,55.65,-24.654,18.364,150.21,177.37,94.067,21.088,-16.598,-19.862
-74.358,-35.014,31.303,56.841,-24.055,15.75,182.64,257.94,132.68,46.671,-8.4559,-21.674
-63.9,-30.861,26.234,48.584,-22.825,14.602,214.33,368.62,197.34,92.127,12.706,-16.881
-41.072,-13.689,21.795,27.138,-21.356,16.769,249.88,506.15,306.51,170.53,51.09,-1.2811
-5.8788,24.334,24.102,-11.44,-18.748,28.803,294.63,677.28,463.22,289.99,113.66,29.788
40.555,93.113,48.35,-70.762,-11.388,66.623,350.64,882.89,654.16,444.14,213.99,85.389
96.892,201.98,110.59,-153.13,-5.94,155.62,413.29,1113.5,884.14,635.09,351.44,173.88
162.25,346.36,192.55,-257.2,-10.046,270.5,473.59,1350.3,1142.8,854.92,514.21,287.43
234.82,511.87,289.15,-375.94,-21.65,402.13,518.3,1565,1408,1086.6,692.89,416.85
310.16,678.4,382.82,-496.63,-31.603,532.53,532.02,1721.8,1647,1301.6,865.59,549.29
380.07,818.32,453.09,-601.16,-33.246,637.58,502.78,1781.5,1816.7,1461.4,1003.8,664.8
433.51,903.34,482.34,-669.58,-22.636,694.52,426.4,1709.3,1869.7,1525.7,1078.4,742.1
459.48,912.17,461.1,-685.7,-0.31465,688.14,307.97,1484.1,1770,1465.4,1067.8,764.2
450.5,838.49,391.84,-642.78,26.459,616.46,160.72,1108.3,1508.7,1273.5,965.69,724.13
405.22,694.89,289.39,-546.71,52.248,493.11,2.7925,613.92,1110.6,971.18,785.28,628.2
329.21,509.61,177.03,-414.71,70.271,343.94,-146.96,58.996,630.89,603.54,556.17,494.41
233.28,317.19,78.887,-269.84,72.422,198.49,-273.03,-484.29,140.37,227.01,315.12,346.48
130.49,147.51,12.028,-133.88,56.286,80.369,-365.84,-947.47,-294.28,-106.83,95.025,206.5
33.203,17.728,-18.18,-21.894,25.014,-0.47956,-422.75,-1282.6,-627.16,-363.53,-82.795,89.543
-48.553,-66.299,-17.894,59.191,-13.781,-42.094,-447.94,-1472.3,-840.96,-530.65,-210.53,1.9373
-107.53,-104.82,-0.60228,108.19,-50.688,-53.286,-451.06,-1529.8,-943.87,-615.03,-290.94,-57.443
-140.45,-117.27,18.694,130.78,-77.29,-54.429,-444.24,-1489.7,-959.55,-635.3,-332.35,-93.939
-148.28,-114.98,28.852,133.34,-87.979,-51.361,-438.02,-1393.4,-917.21,-613.62,-344.61,-113.52
-135.85,-105.32,26.311,121.87,-81.325,-48.179,-438.36,-1276.5,-845.3,-569.78,-337.61,-121.07
-110.06,-94.554,12.559,102.75,-60.562,-47.877,-445.73,-1161.9,-766.3,-518.29,-320.11,-120.65
-78.565,-85.941,-8.9009,82.447,-33.07,-51.218,-456.21,-1059.3,-692.93,-467.94,-298.54,-115.96
-48.702,-80.484,-33.155,65.572,-6.4509,-56.919,-463.28,-969.26,-628.91,-422.69,-277.04,-110.37
-25.708,-70.952,-55.911,52.601,15.172,-60.557,-460.54,-888.92,-573.04,-382.82,-257.44,-105.41
-12.624,-57.879,-72.096,42.415,29.872,-61.176,-445.64,-816.33,-522.3,-347.39,-238.61,-93.974
-7.0384,-58.386,-80.945,40.523,37.128,-64.379,-418.74,-743.59,-473.49,-315.28,-216.7,-85.919
-6.0088,-57.368,-82.678,39.675,37.988,-63.945,-380.3,-664.99,-428.7,-283.4,-197.93,-81.875
-8.1324,-53.519,-78.518,37.624,34.447,-60.784,-332.64,-581.6,-385.38,-253.16,-182.22,-77.974
-13.098,-48.262,-70.442,34.165,28.103,-56.162,-279.84,-497.24,-340.03,-221.52,-166.97,-73.329
-19.719,-43.113,-59.871,30.443,18.533,-50.795,-226.16,-416.27,-294.75,-187.85,-151.4,-67.935
-22.639,-38.916,-47.983,27.81,6.7816,-44.978,-175.45,-342.28,-253.81,-155.64,-135.74,-62.018
-23.006,-35.771,-36.253,26.269,0.28999,-39.06,-130.78,-277.91,-218.7,-127.29,-120.86,-55.878
-23.053,-33.427,-26.336,25.401,-1.7738,-33.592,-93.978,-224.2,-191.12,-104.18,-107.77,-49.84
-23.251,-31.572,-19.747,24.933,-3.5997,-29.016,-65.65,-181.72,-170.51,-86.745,-97.157,-44.185
-23.617,-29.956,-15.693,24.695,-5.7216,-25.36,-45.252,-150.26,-155.62,-74.373,-89.035,-39.096
-24.085,-28.435,-12.534,24.563,-7.8399,-22.306,-30.952,-127.72,-145.13,-65.874,-82.735,-34.656
-24.565,-26.98,-9.7237,24.455,-9.8677,-19.521,-20.658,-111.27,-138.06,-59.981,-77.266,-30.882
-24.989,-25.639,-7.3175,24.327,-11.723,-16.972,-12.904,-98.59,-134.1,-55.587,-71.873,-27.745
-25.323,-24.471,-5.5025,24.165,-13.251,-14.874,-6.8076,-88.212,-132.09,-51.605,-66.452,-25.178
-25.557,-23.507,-4.2802,23.979,-14.371,-13.338,-2.8699,-79.343,-128.16,-46.391,-61.383,-23.095
-25.694,-22.743,-3.4864,23.779,-15.119,-12.297,-2.2199,-71.447,-120.83,-40.233,-57.036,-21.413
-25.748,-22.15,-3.0378,23.577,-15.579,-11.618,0.58469,-63.105,-111.34,-35.744,-53.529,-20.058
-25.733,-21.683,-2.8489,23.375,-15.835,-11.172,5.4236,-54.104,-101.13,-32.969,-50.787,-18.967
-25.671,-21.288,-2.7976,23.173,-15.966,-10.84,9.5744,-47.549,-91.104,-31.146,-48.656,-18.089
-25.578,-20.916,-2.7482,22.964,-16.034,-10.521,12.424,-43.309,-81.563,-29.854,-46.974,-17.384
-25.464,-20.53,-2.5904,22.742,-16.079,-10.15,14.293,-40.328,-72.411,-28.892,-45.596,-16.825
-25.329,-20.114,-2.2696,22.503,-16.121,-9.702,15.556,-38.072,-63.481,-28.146,-44.401,-16.392
-25.172,-19.676,-1.7945,22.248,-16.158,-9.1941,16.443,-36.271,-54.706,-27.537,-43.297,-16.067
-24.991,-19.24,-1.22,21.989,-16.182,-8.6714,17.084,-34.768,-46.16,-27.003,-42.213,-15.83
-24.79,-18.838,-0.61802,21.739,-16.186,-8.1869,17.558,-33.462,-38.02,-26.491,-41.098,-15.658
-24.578,-18.488,-0.051224,21.507,-16.171,-7.7785,17.91,-32.287,-30.495,-25.962,-39.928,-15.521
-24.364,-18.19,0.44431,21.297,-16.143,-7.4543,18.17,-31.201,-23.731,-25.396,-38.708,-15.397
-24.162,-17.925,0.86287,21.106,-16.115,-7.1934,18.357,-30.187,-17.769,-24.799,-37.475,-15.279
-23.985,-17.671,1.2164,20.932,-16.1,-6.9621,18.481,-29.24,-12.555,-24.199,-36.276,-15.173
-23.842,-17.419,1.5117,20.774,-16.104,-6.7373,18.553,-28.367,-7.9981,-23.631,-35.144,-15.098
-23.732,-17.172,1.7329,20.632,-16.116,-6.5231,18.587,-27.571,-4.038,-23.119,-34.083,-15.07
-23.646,-16.951,1.8403,20.507,-16.118,-6.3499,18.598,-26.849,-0.66637,-22.669,-33.062,-15.101
-23.571,-16.782,1.7829,20.404,-16.088,-6.2596,18.602,-26.194,2.0976,-22.27,-32.033,-15.191
-23.498,-16.692,1.5197,20.33,-16.008,-6.2875,18.608,-25.595,4.2401,-21.903,-30.942,-15.333
-23.425,-16.693,1.0427,20.288,-15.875,-6.4474,18.619,-25.04,5.7766,-21.553,-29.755,-15.515
-23.347,-16.776,0.38861,20.274,-15.693,-6.7225,18.624,-24.522,6.7649,-21.214,-28.462,-15.721
-23.253,-16.907,-0.36876,20.27,-15.473,-7.0702,18.613,-24.029,7.3021,-20.88,-27.076,-15.934
-23.121,-17.038,-1.1406,20.245,-15.22,-7.4346,18.574,-23.537,7.4991,-20.547,-25.617,-16.128
-22.926,-17.121,-1.8484,20.165,-14.938,-7.7644,18.508,-23.011,7.4624,-20.2,-24.105,-16.275
-22.655,-17.125,-2.4369,20.01,-14.628,-8.024,18.421,-22.407,7.2711,-19.823,-22.55,-16.343
-22.311,-17.044,-2.8759,19.78,-14.299,-8.1972,18.326,-21.688,6.9676,-19.399,-20.955,-16.304
-21.923,-16.893,-3.1574,19.497,-13.967,-8.2856,18.23,-20.833,6.5705,-18.921,-19.33,-16.149
-21.534,-16.703,-3.2971,19.199,-13.653,-8.3043,18.133,-19.846,6.0784,-18.398,-17.69,-15.887
-21.186,-16.509,-3.3354,18.924,-13.367,-8.2772,18.022,-18.765,5.4791,-17.857,-16.067,-15.555
-20.9,-16.336,-3.3287,18.694,-13.104,-8.2281,17.877,-17.643,4.7579,-17.333,-14.499,-15.205
-20.664,-16.189,-3.333,18.51,-12.846,-8.1711,17.678,-16.535,3.9062,-16.861,-13.022,-14.884
-20.437,-16.04,-3.3832,18.338,-12.569,-8.104,17.411,-15.476,2.9341,-16.454,-11.649,-14.619
-20.159,-15.841,-3.4854,18.124,-12.255,-8.009,17.076,-14.475,1.8605,-16.101,-10.369,-14.405
-19.766,-15.534,-3.6205,17.802,-11.897,-7.8626,16.685,-13.501,0.72002,-15.769,-9.1471,-14.212
-19.214,-15.075,-3.7589,17.324,-11.495,-7.6483,16.251,-12.503,-0.45463,-15.418,-7.9482,-14.001
-18.487,-14.45,-3.8769,16.67,-11.058,-7.3673,15.783,-11.418,-1.6461,-15.015,-6.7535,-13.738
-17.61,-13.688,-3.9682,15.862,-10.608,-7.0413,15.278,-10.201,-2.8584,-14.542,-5.5693,-13.411
-16.636,-12.844,-4.0479,14.958,-10.162,-6.7045,14.723,-8.8293,-4.1112,-13.998,-4.4171,-13.024
-15.631,-11.987,-4.1445,14.029,-9.7271,-6.3904,14.102,-7.3019,-5.4261,-13.383,-3.3104,-12.592
-14.635,-11.169,-4.285,13.13,-9.2849,-6.1175,13.406,-5.6404,-6.8135,-12.695,-2.2434,-12.126
-13.647,-10.403,-4.4808,12.274,-8.8034,-5.8799,12.638,-3.8715,-8.2687,-11.917,-1.1843,-11.632
-12.622,-9.6592,-4.718,11.427,-8.2534,-5.6496,11.804,-2.0171,-9.7776,-11.035,-0.091615,-11.107
-11.508,-8.8791,-4.9593,10.532,-7.6294,-5.3871,10.907,-0.089645,-11.326,-10.043,1.0718,-10.547
-10.276,-8.0059,-5.1545,9.5342,-6.9591,-5.0591,9.939,1.9092,-12.901,-8.9456,2.3202,-9.951
-8.9317,-7.0014,-5.2591,8.3996,-6.2928,-4.6486,8.8696,3.9893,-14.497,-7.76,3.6462,-9.3211
-7.4929,-5.8473,-5.254,7.1098,-5.6748,-4.1587,7.6593,6.1735,-16.1,-6.496,5.0275,-8.6522
-5.9585,-4.5341,-5.1562,5.6443,-5.1139,-3.6083,6.2797,8.498,-17.679,-5.1438,6.4519,-7.9263
-4.2831,-3.0457,-5.0119,3.9639,-4.5737,-3.0215,4.7345,11.01,-19.182,-3.6682,7.9349,-7.1108
-2.376,-1.3468,-4.875,2.0023,-3.9893,-2.413,3.0645,13.76,-20.546,-2.0146,9.526,-6.1637
-0.12647,0.62088,-4.7817,-0.32513,-3.2965,-1.7759,1.3298,16.797,-21.718,-0.12394,11.3,-5.0441
2.5491,2.9228,-4.7373,-3.0886,-2.4553,-1.0815,-0.41939,20.152,-22.667,2.0482,13.333,-3.7244
5.6453,5.5886,-4.7168,-6.2873,-1.4625,-0.29444,-2.1647,23.833,-23.398,4.5128,15.681,-2.2014
9.0205,8.5612,-4.6789,-9.7977,-0.35653,0.60564,-3.9234,27.818,-23.951,7.2388,18.356,-0.50004
12.417,11.684,-4.5838,-13.382,0.78923,1.6099,-5.732,32.071,-24.386,10.164,21.324,1.3376
15.569,14.762,-4.4096,-16.781,1.8902,2.6881,-7.6171,36.559,-24.764,13.227,24.526,3.2754
18.337,17.665,-4.1606,-19.843,2.8905,3.8153,-9.5724,41.282,-25.115,16.405,27.9,5.3056
20.76,20.399,-3.8651,-22.583,3.7951,5.0039,-11.56,46.273,-25.429,19.741,31.401,7.4591
23.021,23.105,-3.5647,-25.149,4.6724,6.321,-13.54,51.574,-25.646,23.344,35.002,9.7939
25.338,25.973,-3.2977,-27.721,5.6264,7.8775,-15.495,57.208,-25.678,27.353,38.685,12.368
27.871,29.141,-3.0846,-30.42,6.7554,9.7873,-17.459,63.138,-25.428,31.874,42.423,15.206
30.67,32.628,-2.9205,-33.274,8.1198,12.105,-19.513,69.265,-24.824,36.902,46.168,18.277
33.694,36.345,-2.7765,-36.249,9.7297,14.771,-21.783,75.456,-23.83,42.284,49.863,21.501
36.858,40.174,-2.6119,-39.318,11.552,17.619,-24.42,81.589,-22.454,47.785,53.467,24.779
40.098,44.039,-2.3917,-42.499,13.529,20.463,-27.567,87.594,-20.735,53.223,56.98,28.04
43.41,47.94,-2.0982,-45.87,15.591,23.196,-31.278,93.454,-18.722,58.557,60.456,31.276
46.868,51.952,-1.7291,-49.558,17.679,25.826,-35.451,99.17,-16.455,63.863,63.984,34.543
50.605,56.225,-1.2912,-53.723,19.756,28.435,-39.834,104.73,-13.963,69.259,67.646,37.938
54.773,60.945,-0.79792,-58.514,21.812,31.122,-44.165,110.08,-11.263,74.819,71.469,41.56
59.475,66.255,-0.2713,-63.976,23.853,33.955,-48.314,115.16,-8.361,80.529,75.402,45.468
64.689,72.139,0.25807,-69.958,25.875,36.944,-52.302,119.9,-5.2598,86.291,79.322,49.645
70.218,78.371,0.75535,-76.124,27.854,40.04,-56.244,124.28,-1.9548,91.96,83.079,54.006
75.744,84.607,1.1907,-82.108,29.75,43.156,-60.261,128.31,1.5648,97.402,86.543,58.424
80.974,90.562,1.5525,-87.672,31.524,46.204,-64.431,132.02,5.3132,102.55,89.638,62.777
85.765,96.109,1.8589,-92.758,33.156,49.133,-68.756,135.4,9.3009,107.39,92.351,66.99
90.148,101.25,2.1562,-97.426,34.658,51.937,-73.156,138.46,13.529,111.99,94.717,71.025
94.24,106.05,2.5029,-101.77,36.063,54.64,-77.499,141.14,17.987,116.36,96.789,74.877
98.137,110.51,2.9485,-105.81,37.404,57.266,-81.671,143.36,22.666,120.48,98.624,78.529
101.84,114.58,3.5171,-109.52,38.687,59.808,-85.619,145.03,27.564,124.28,100.27,81.94
105.26,118.18,4.1999,-112.78,39.894,62.216,-89.353,146.11,32.696,127.66,101.76,85.051
108.29,121.29,4.9624,-115.56,40.984,64.435,-92.902,146.58,38.073,130.56,103.11,87.82
110.84,123.99,5.761,-117.89,41.917,66.446,-96.284,146.47,43.677,133,104.35,90.241
112.95,126.4,6.5528,-119.9,42.672,68.274,-99.481,145.86,49.434,135.05,105.48,92.353
114.67,128.67,7.2977,-121.71,43.249,69.962,-102.45,144.83,55.223,136.8,106.47,94.225
116.11,130.85,7.969,-123.41,43.667,71.539,-105.15,143.44,60.92,138.34,107.29,95.934
117.32,132.96,8.577,-125.03,43.949,72.997,-107.54,141.74,66.44,139.71,107.9,97.536
118.35,134.92,9.1743,-126.54,44.118,74.294,-109.65,139.73,71.724,140.95,108.22,99.043
119.22,136.63,9.8184,-127.9,44.195,75.378,-111.5,137.4,76.713,142.04,108.22,100.41
119.94,138,10.524,-129.04,44.201,76.206,-113.17,134.72,81.319,142.92,107.86,101.57
120.47,138.96,11.254,-129.88,44.158,76.769,-114.69,131.66,85.436,143.55,107.13,102.44
120.81,139.47,11.948,-130.38,44.088,77.082,-116.1,128.22,88.967,143.88,106.1,102.97
120.94,139.53,12.551,-130.5,44.007,77.175,-117.4,124.43,91.856,143.88,104.8,103.17
120.82,139.17,13.039,-130.25,43.913,77.084,-118.55,120.33,94.1,143.6,103.3,103.1
120.45,138.5,13.409,-129.66,43.795,76.861,-119.5,115.99,95.755,143.09,101.65,102.85
119.83,137.63,13.671,-128.83,43.632,76.565,-120.19,111.5,96.921,142.43,99.874,102.52
118.99,136.68,13.827,-127.84,43.41,76.243,-120.56,106.94,97.721,141.69,97.979,102.17
117.96,135.7,13.874,-126.79,43.122,75.906,-120.59,102.42,98.273,140.9,95.965,101.86
116.8,134.7,13.828,-125.71,42.764,75.529,-120.24,98.021,98.66,140.09,93.816,101.59
115.52,133.63,13.722,-124.59,42.329,75.054,-119.5,93.798,98.914,139.22,91.491,101.3
114.12,132.39,13.589,-123.38,41.799,74.414,-118.29,89.77,99.005,138.26,88.927,100.93
112.57,130.86,13.439,-121.99,41.158,73.535,-116.57,85.92,98.849,137.16,86.047,100.41
110.8,128.94,13.277,-120.3,40.39,72.357,-114.28,82.212,98.326,135.84,82.779,99.675
108.74,126.56,13.107,-118.26,39.481,70.879,-111.38,78.604,97.305,134.25,79.078,98.699
106.32,123.81,12.931,-115.84,38.408,69.177,-107.92,75.066,95.675,132.33,74.937,97.487
103.51,120.79,12.749,-113.09,37.144,67.372,-103.95,71.59,93.363,130,70.397,96.058
100.29,117.63,12.562,-110.07,35.672,65.561,-99.512,68.186,90.344,127.19,65.531,94.442
96.685,114.35,12.37,-106.77,33.984,63.76,-94.613,64.876,86.632,123.82,60.427,92.656
92.664,110.82,12.16,-103.08,32.081,61.909,-89.199,61.684,82.3,119.86,55.166,90.702
88.18,106.78,11.917,-98.787,29.949,59.903,-83.209,58.629,77.448,115.28,49.812,88.56
83.202,101.91,11.644,-93.674,27.561,57.63,-76.614,55.709,72.211,110.09,44.406,86.196
77.801,96.009,11.36,-87.662,24.89,55.001,-69.458,52.888,66.737,104.31,38.964,83.564
72.16,89.156,11.076,-80.96,21.94,51.99,-61.848,50.094,61.16,97.985,33.495,80.617
66.471,81.744,10.778,-74.001,18.77,48.672,-53.906,47.233,55.571,91.178,28.003,77.316
60.81,74.262,10.426,-67.201,15.498,45.181,-45.74,44.205,50.013,83.958,22.508,73.639
55.103,67.034,9.9713,-60.779,12.276,41.6,-37.481,40.928,44.493,76.389,17.045,69.586
49.204,60.168,9.3756,-54.727,9.2456,37.927,-29.346,37.348,38.997,68.535,11.659,65.181
42.991,53.642,8.6271,-48.89,6.4784,34.12,-21.647,33.444,33.509,60.466,6.3928,60.481
36.415,47.352,7.7415,-43.045,3.9727,30.145,-14.681,29.24,28.03,52.276,1.2848,55.578
29.513,41.136,6.7533,-36.981,1.6852,26.003,-8.5841,24.803,22.576,44.086,-3.6333,50.604
22.399,34.819,5.6996,-30.57,-0.42843,21.743,-3.2915,20.228,17.176,36.026,-8.3315,45.7
15.257,28.309,4.613,-23.822,-2.3935,17.484,1.3454,15.618,11.866,28.232,-12.782,40.976
8.3079,21.65,3.5225,-16.88,-4.2109,13.381,5.4058,11.053,6.6795,20.839,-16.967,36.481
1.7845,15.001,2.4533,-9.9643,-5.8589,9.5613,8.8764,6.589,1.6396,13.971,-20.878,32.206
-4.0718,8.5544,1.422,-3.3294,-7.3076,6.0835,11.733,2.2602,-3.2467,7.7064,-24.528,28.119
-9.0358,2.4957,0.44116,2.7559,-8.5461,2.9489,14.001,-1.9121,-7.9836,2.0694,-27.947,24.189
-12.995,-2.997,-0.46806,8.0329,-9.5988,0.14944,15.752,-5.9092,-12.572,-2.9498,-31.176,20.42
-16.017,-7.7465,-1.2667,12.316,-10.517,-2.2982,17.079,-9.7117,-16.973,-7.3785,-34.261,16.859
-18.292,-11.611,-1.9047,15.559,-11.354,-4.3583,18.076,-13.301,-21.085,-11.255,-37.234,13.592
-20.015,-14.549,-2.3426,17.877,-12.144,-6.0097,18.823,-16.661,-24.741,-14.626,-40.108,10.72
-21.333,-16.646,-2.5711,19.476,-12.891,-7.2663,19.382,-19.779,-27.73,-17.53,-42.875,8.3259
-22.338,-18.069,-2.6135,20.566,-13.577,-8.1695,19.8,-22.644,-29.873,-19.997,-45.505,6.4494
-23.101,-19.001,-2.5108,21.308,-14.188,-8.771,20.111,-25.251,-31.1,-22.048,-47.957,5.0691
-23.687,-19.597,-2.3006,21.819,-14.719,-9.1265,20.336,-27.603,-31.461,-23.708,-50.198,4.1107
-24.162,-19.987,-2.0037,22.191,-15.186,-9.2955,20.491,-29.712,-31.081,-25.015,-52.204,3.4702
-24.587,-20.279,-1.6241,22.503,-15.612,-9.3389,20.59,-31.596,-30.069,-26.016,-53.959,3.0465
-24.994,-20.549,-1.1589,22.803,-16.017,-9.3106,20.645,-33.27,-28.477,-26.762,-55.443,2.7736
-25.38,-20.824,-0.61172,23.104,-16.403,-9.2452,20.673,-34.744,-26.304,-27.29,-56.618,2.6375
-25.719,-21.089,0.0017571,23.382,-16.762,-9.1542,20.691,-36.017,-23.531,-27.623,-57.431,2.6679
-25.984,-21.301,0.65719,23.605,-17.078,-9.0313,20.717,-37.095,-20.167,-27.773,-57.834,2.9104
-26.163,-21.417,1.3264,23.747,-17.342,-8.8675,20.762,-37.987,-16.27,-27.753,-57.82,3.3949
-26.265,-21.421,1.9744,23.803,-17.554,-8.6658,20.827,-38.718,-11.956,-27.588,-57.441,4.1168
-26.316,-21.333,2.5531,23.793,-17.724,-8.4497,20.904,-39.318,-7.3842,-27.319,-56.802,5.0338
-26.348,-21.206,3.0054,23.752,-17.858,-8.2594,20.983,-39.818,-2.7251,-26.991,-56.025,6.073
-26.385,-21.1,3.2811,23.72,-17.957,-8.1358,21.051,-40.237,1.8676,-26.638,-55.218,7.1454
-26.436,-21.06,3.3584,23.725,-18.01,-8.1011,21.1,-40.58,6.2819,-26.276,-54.442,8.1645
-26.493,-21.091,3.2599,23.765,-18.009,-8.1453,21.124,-40.834,10.455,-25.896,-53.704,9.0612
-26.539,-21.161,3.049,23.817,-17.95,-8.2298,21.122,-40.981,14.371,-25.466,-52.97,9.7898
-26.552,-21.223,2.8062,23.849,-17.842,-8.3048,21.089,-41.004,18.05,-24.947,-52.182,10.327
-26.52,-21.234,2.5995,23.831,-17.702,-8.3295,21.022,-40.899,21.533,-24.31,-51.278,10.671
-26.439,-21.17,2.4677,23.753,-17.549,-8.2845,20.917,-40.677,24.827,-23.553,-50.215,10.842
-26.316,-21.028,2.4217,23.622,-17.401,-8.1726,20.768,-40.361,27.851,-22.709,-48.991,10.878
-26.165,-20.82,2.4573,23.454,-17.274,-8.009,20.573,-39.983,30.412,-21.831,-47.64,10.829
-26.001,-20.563,2.5675,23.27,-17.177,-7.8084,20.331,-39.563,32.269,-20.976,-46.222,10.743
-25.827,-20.264,2.7475,23.072,-17.104,-7.5741,20.046,-39.107,33.273,-20.186,-44.793,10.657
-25.633,-19.907,2.9967,22.848,-17.042,-7.2948,19.726,-38.603,33.452,-19.475,-43.394,10.596
-25.403,-19.466,3.3237,22.569,-16.973,-6.9491,19.383,-38.033,32.967,-18.837,-42.049,10.561
-25.13,-18.913,3.7521,22.21,-16.893,-6.5148,19.026,-37.389,32.013,-18.256,-40.777,10.534
-24.819,-18.246,4.3183,21.767,-16.807,-5.9794,18.657,-36.68,30.732,-17.72,-39.599,10.469
-24.486,-17.489,5.0549,21.264,-16.735,-5.3461,18.272,-35.933,29.19,-17.222,-38.536,10.31
-24.146,-16.676,5.9673,20.73,-16.688,-4.6337,17.864,-35.178,27.408,-16.759,-37.597,10.014
-23.811,-15.84,7.018,20.19,-16.67,-3.8718,17.435,-34.433,25.402,-16.329,-36.765,9.5748
-23.483,-15.002,8.1316,19.657,-16.668,-3.0956,16.995,-33.69,23.208,-15.922,-36.001,9.0272
-23.159,-14.181,9.2135,19.135,-16.664,-2.3423,16.564,-32.924,20.885,-15.52,-35.252,8.4361
-22.833,-13.392,10.173,18.624,-16.635,-1.6485,16.165,-32.103,18.501,-15.099,-34.47,7.8695
-22.497,-12.655,10.939,18.13,-16.562,-1.0482,15.819,-31.201,16.111,-14.641,-33.624,7.3725
-22.151,-11.992,11.472,17.662,-16.433,-0.56953,15.537,-30.217,13.745,-14.14,-32.702,6.9529
-21.804,-11.434,11.769,17.245,-16.249,-0.22884,15.317,-29.172,11.399,-13.61,-31.715,6.5856
-21.475,-11.009,11.849,16.907,-16.02,-0.027519,15.146,-28.106,9.0502,-13.08,-30.686,6.2301
-21.19,-10.742,11.742,16.679,-15.759,0.045932,15.007,-27.059,6.6612,-12.585,-29.648,5.8515
-20.963,-10.635,11.473,16.569,-15.479,0.0078225,14.882,-26.061,4.1972,-12.158,-28.635,5.4323
-20.792,-10.673,11.055,16.562,-15.185,-0.13088,14.76,-25.119,1.632,-11.819,-27.675,4.9717
-20.659,-10.829,10.489,16.62,-14.873,-0.36937,14.637,-24.227,-1.0459,-11.571,-26.786,4.4774
-20.535,-11.072,9.7681,16.7,-14.539,-0.71175,14.516,-23.368,-3.8324,-11.401,-25.97,3.9598
-20.401,-11.378,8.8899,16.769,-14.18,-1.1566,14.401,-22.526,-6.7123,-11.289,-25.213,3.4304
-20.251,-11.723,7.8658,16.816,-13.801,-1.6904,14.294,-21.697,-9.6679,-11.215,-24.494,2.9012
-20.097,-12.09,6.7318,16.846,-13.417,-2.2886,14.19,-20.887,-12.687,-11.17,-23.787,2.3818
-19.95,-12.467,5.5415,16.871,-13.043,-2.9201,14.08,-20.111,-15.761,-11.148,-23.076,1.8772
-19.817,-12.845,4.3535,16.903,-12.685,-3.5522,13.954,-19.385,-18.884,-11.153,-22.355,1.3849
-19.688,-13.218,3.2241,16.943,-12.334,-4.1563,13.805,-18.716,-22.038,-11.185,-21.633,0.89467
-19.546,-13.584,2.202,16.987,-11.976,-4.713,13.628,-18.108,-25.199,-11.246,-20.935,0.38759
-19.38,-13.946,1.3202,17.035,-11.598,-5.2144,13.423,-17.564,-28.342,-11.338,-20.295,-0.16335
-19.189,-14.314,0.59018,17.095,-11.191,-5.6635,13.183,-17.093,-31.451,-11.459,-19.745,-0.78928
-18.988,-14.696,0.0041716,17.177,-10.757,-6.0679,12.893,-16.716,-34.522,-11.607,-19.304,-1.5173
-18.797,-15.088,-0.4581,17.285,-10.303,-6.4343,12.533,-16.455,-37.571,-11.778,-18.968,-2.3586
-18.634,-15.474,-0.82698,17.414,-9.851,-6.7658,12.083,-16.324,-40.621,-11.965,-18.706,-3.2981
-18.508,-15.83,-1.1445,17.548,-9.4269,-7.0645,11.527,-16.324,-43.699,-12.163,-18.469,-4.2943
-18.42,-16.132,-1.4628,17.671,-9.0566,-7.3361,10.868,-16.435,-46.831,-12.366,-18.204,-5.2929
-18.364,-16.372,-1.8357,17.772,-8.752,-7.5913,10.119,-16.629,-50.039,-12.568,-17.875,-6.2463
-18.332,-16.554,-2.3046,17.852,-8.5043,-7.843,9.3152,-16.875,-53.338,-12.764,-17.469,-7.1284
-18.311,-16.693,-2.8832,17.914,-8.2859,-8.1018,8.5026,-17.15,-56.726,-12.949,-16.996,-7.9401
-18.282,-16.808,-3.5507,17.961,-8.0625,-8.3729,7.7332,-17.439,-60.168,-13.116,-16.479,-8.7057
-18.227,-16.92,-4.2574,17.996,-7.8067,-8.6567,7.0482,-17.746,-63.575,-13.264,-15.944,-9.4622
-18.134,-17.052,-4.9414,18.024,-7.5055,-8.9517,6.4649,-18.082,-66.79,-13.405,-15.407,-10.245
-18.003,-17.22,-5.5438,18.055,-7.1627,-9.2538,5.9721,-18.458,-69.589,-13.557,-14.876,-11.073
-17.847,-17.428,-6.0177,18.094,-6.796,-9.5546,5.5381,-18.882,-71.702,-13.747,-14.353,-11.941
-17.682,-17.659,-6.3345,18.142,-6.4319,-9.8393,5.1238,-19.347,-72.871,-13.995,-13.842,-12.823
-17.514,-17.876,-6.4915,18.182,-6.0969,-10.087,4.6994,-19.83,-72.93,-14.303,-13.344,-13.681
-17.329,-18.032,-6.5202,18.186,-5.8036,-10.278,4.2547,-20.299,-71.87,-14.654,-12.857,-14.482
-17.094,-18.088,-6.4874,18.119,-5.5418,-10.398,3.8034,-20.714,-69.841,-15.021,-12.375,-15.206
-16.769,-18.021,-6.4791,17.954,-5.2779,-10.447,3.3766,-21.039,-67.073,-15.374,-11.887,-15.851
-16.314,-17.832,-6.5674,17.678,-4.9664,-10.436,3.0125,-21.244,-63.77,-15.69,-11.385,-16.43
-15.696,-17.527,-6.7769,17.282,-4.5652,-10.375,2.747,-21.305,-60.042,-15.953,-10.857,-16.962
-14.885,-17.107,-7.0718,16.755,-4.0477,-10.256,2.6128,-21.201,-55.908,-16.142,-10.287,-17.46
-13.846,-16.555,-7.3716,16.07,-3.4057,-10.057,2.6426,-20.9,-51.338,-16.234,-9.6494,-17.925
-12.54,-15.832,-7.5862,15.181,-2.6439,-9.7455,2.8735,-20.365,-46.293,-16.196,-8.9145,-18.34
-10.925,-14.903,-7.6499,14.035,-1.7739,-9.3015,3.3407,-19.559,-40.754,-15.992,-8.0597,-18.682
-8.9893,-13.748,-7.5423,12.595,-0.81529,-8.7298,4.0611,-18.451,-34.754,-15.599,-7.0733,-18.932
-6.7802,-12.384,-7.2896,10.865,0.19733,-8.0599,5.0144,-17.029,-28.389,-15.012,-5.9529,-19.082
-4.415,-10.858,-6.9533,8.9067,1.2171,-7.3348,6.1382,-15.306,-21.822,-14.251,-4.6997,-19.148
-2.0357,-9.2422,-6.6105,6.8268,2.2086,-6.5988,7.3431,-13.323,-15.254,-13.355,-3.3162,-19.154
0.27355,-7.6101,-6.333,4.7287,3.1807,-5.8887,8.5412,-11.153,-8.8887,-12.371,-1.8063,-19.133
2.5448,-6.0071,-6.1682,2.6528,4.2011,-5.23,9.6641,-8.8998,-2.8948,-11.341,-0.17698,-19.107
4.9148,-4.4332,-6.1277,0.54915,5.3755,-4.6344,10.66,-6.682,2.6079,-10.289,1.5588,-19.084
7.5513,-2.8414,-6.1869,-1.7003,6.8056,-4.0973,11.478,-4.6189,7.5505,-9.2168,3.3809,-19.06
10.566,-1.1527,-6.2986,-4.2251,8.5508,-3.5987,12.058,-2.8052,11.904,-8.1077,5.2601,-19.025
13.931,0.72598,-6.4134,-7.1168,10.602,-3.1097,12.341,-1.2935,15.665,-6.9367,7.1586,-18.976
17.491,2.8537,-6.5013,-10.363,12.861,-2.612,12.282,-0.091319,18.839,-5.6873,9.0321,-18.922
21.035,5.2323,-6.5708,-13.841,15.163,-2.1076,11.87,0.8242,21.425,-4.3679,10.834,-18.885
24.366,7.7876,-6.678,-17.34,17.358,-1.619,11.121,1.4816,23.406,-3.0191,12.521,-18.894
27.344,10.379,-6.9089,-20.629,19.391,-1.1772,10.07,1.8953,24.759,-1.7077,14.063,-18.971
29.909,12.837,-7.3335,-23.529,21.298,-0.80274,8.7589,2.0627,25.481,-0.50691,15.455,-19.125
32.087,15.043,-7.975,-25.992,23.154,-0.49701,7.2319,1.975,25.603,0.52467,16.72,-19.349
33.983,16.974,-8.8019,-28.087,24.999,-0.23616,5.5313,1.6276,25.174,1.3567,17.914,-19.626
35.74,18.69,-9.7344,-29.936,26.822,0.015522,3.6941,1.0201,24.247,1.9866,19.093,-19.938
37.456,20.293,-10.662,-31.651,28.556,0.29248,1.7464,0.14651,22.867,2.4289,20.295,-20.276
39.111,21.866,-11.47,-33.275,30.094,0.61596,-0.29867,-1.0114,21.076,2.704,21.517,-20.653
40.615,23.446,-12.06,-34.788,31.347,0.98712,-2.4366,-2.4741,18.931,2.834,22.713,-21.095
41.957,25.026,-12.369,-36.167,32.32,1.3881,-4.6593,-4.2376,16.51,2.8477,23.813,-21.636
43.263,26.588,-12.383,-37.427,33.119,1.7897,-6.9375,-6.2467,13.912,2.7872,24.753,-22.297
44.682,28.106,-12.143,-38.613,33.874,2.1609,-9.2036,-8.3915,11.247,2.7089,25.5,-23.071
46.255,29.548,-11.744,-39.764,34.67,2.4791,-11.346,-10.531,8.6199,2.6714,26.063,-23.923
47.9,30.874,-11.311,-40.877,35.545,2.738,-13.225,-12.528,6.1142,2.7269,26.484,-24.8
49.462,32.038,-10.976,-41.903,36.493,2.9495,-14.721,-14.276,3.7853,2.9008,26.815,-25.649
50.767,32.997,-10.844,-42.777,37.445,3.1349,-15.768,-15.702,1.6573,3.1942,27.11,-26.441
51.743,33.701,-10.967,-43.47,38.294,3.3059,-16.377,-16.782,-0.27835,3.5834,27.404,-27.177
52.603,34.078,-11.308,-44.043,38.961,3.4429,-16.612,-17.536,-2.0622,4.0171,27.697,-27.903
53.937,34.01,-11.769,-44.627,39.468,3.4842,-16.554,-18.023,-3.7603,4.4193,27.947,-28.695
56.244,33.349,-12.271,-45.294,39.96,3.3516,-16.287,-18.336,-5.4487,4.6992,28.079,-29.646
59.1,31.933,-12.779,-45.851,40.59,2.985,-15.883,-18.576,-7.1909,4.7973,28.017,-30.851
61.14,29.659,-13.249,-45.763,41.238,2.3716,-15.406,-18.832,-9.0189,4.686,27.714,-32.397
61.042,26.576,-13.585,-44.392,41.346,1.5465,-14.915,-19.167,-10.926,4.3775,27.177,-34.377
58.24,22.902,-13.651,-41.425,40.242,0.57388,-14.457,-19.596,-12.877,3.9085,26.459,-36.898
52.873,18.898,-13.329,-36.989,37.567,-0.47258,-14.055,-20.115,-14.822,3.3178,25.634,-40.071
45.511,14.769,-12.583,-31.47,33.39,-1.5396,-13.713,-20.714,-16.724,2.6287,24.751,-43.967
36.983,10.635,-11.508,-25.316,28.106,-2.5985,-13.422,-21.381,-18.564,1.8421,23.825,-48.565
28.162,6.5451,-10.309,-18.923,22.245,-3.6389,-13.168,-22.101,-20.344,0.9421,22.831,-53.748
19.671,2.526,-9.2148,-12.559,16.351,-4.6533,-12.938,-22.853,-22.072,-0.092351,21.743,-59.353
11.796,-1.3573,-8.3757,-6.3613,10.967,-5.6227,-12.712,-23.605,-23.752,-1.2621,20.558,-65.213
4.6663,-4.9663,-7.8176,-0.45605,6.5349,-6.514,-12.469,-24.316,-25.383,-2.5451,19.32,-71.17
-1.5955,-8.1204,-7.4534,4.9151,3.2098,-7.2905,-12.183,-24.952,-26.967,-3.8998,18.105,-77.056
-6.8734,-10.69,-7.1376,9.3823,0.80855,-7.9244,-11.826,-25.494,-28.501,-5.2756,16.991,-82.693
-11.059,-12.665,-6.7391,12.654,-1.0446,-8.4032,-11.375,-25.944,-30,-6.6241,16.031,-87.908
-14.05,-14.141,-6.1939,14.792,-2.6839,-8.7281,-10.816,-26.317,-31.483,-7.9123,15.242,-92.581
-15.971,-15.245,-5.4996,16.161,-4.1989,-8.9129,-10.155,-26.631,-32.971,-9.1141,14.611,-96.669
-17.224,-16.092,-4.6865,17.123,-5.4903,-8.9869,-9.42,-26.915,-34.475,-10.212,14.101,-100.21
-18.143,-16.76,-3.8229,17.874,-6.512,-8.9965,-8.6508,-27.176,-35.984,-11.187,13.675,-103.29
-18.865,-17.298,-3.0254,18.482,-7.2922,-8.995,-7.8791,-27.404,-37.446,-12.007,13.326,-106.01
-19.416,-17.718,-2.4261,18.953,-7.8524,-9.0249,-7.1021,-27.561,-38.776,-12.628,13.088,-108.53
-19.786,-18.009,-2.1198,19.274,-8.1977,-9.1005,-6.259,-27.587,-39.851,-13.001,13.023,-111.01
-19.988,-18.16,-2.1278,19.438,-8.3469,-9.2086,-5.215,-27.402,-40.569,-13.098,13.197,-113.62
-20.072,-18.195,-2.3902,19.478,-8.3617,-9.3284,-3.7671,-26.905,-40.876,-12.91,13.639,-116.49
-20.138,-18.189,-2.7885,19.479,-8.3575,-9.4556,-1.697,-25.968,-40.778,-12.457,14.321,-119.72
-20.321,-18.253,-3.1863,19.563,-8.4808,-9.6066,1.016,-24.437,-40.33,-11.778,15.155,-123.45
-20.739,-18.489,-3.4757,19.839,-8.8481,-9.8027,3.7373,-22.094,-39.583,-10.913,16.022,-127.73
-21.419,-18.946,-3.6043,20.351,-9.474,-10.056,4.5998,-18.624,-38.522,-9.8566,16.826,-132.6
-22.265,-19.6,-3.5794,21.047,-10.25,-10.366,0.24819,-13.705,-37.009,-8.5019,17.561,-137.92
-23.111,-20.359,-3.4509,21.805,-11.009,-10.713,-6.5202,-8.4232,-34.75,-6.5539,18.375,-143.41
-23.816,-21.078,-3.264,22.477,-11.634,-11.044,-8.0509,-12.856,-31.287,-3.3955,19.632,-148.84
-24.31,-21.563,-2.9925,22.92,-12.112,-11.245,-7.0143,-22.815,-26.157,2.0208,22.03,-154.23
-24.538,-21.532,-2.4785,22.965,-12.515,-11.091,-3.3965,-19.457,-21.371,7.5352,26.792,-159.56
-24.361,-20.508,-1.4114,22.325,-12.951,-10.184,4.2287,-10.864,-36.197,0.57155,35.495,-164.46
-23.55,-17.73,0.38034,20.509,-13.572,-8.3935,17.518,2.9136,-38.117,4.1893,40.142,-169.5
-22.806,-22.633,4.446,22.769,-14.514,-11.449,38.361,22.369,-34.096,7.3669,26.304,-182.6
-35.067,-29.362,9.5031,36.306,-15.792,-10.03,67.847,48.309,-27.241,10.082,23.957,-199.9
-54.376,-36.005,13.971,45.804,-17.316,-9.7751,103.2,82.296,-15.798,13.704,21.085,-214.2
-65.546,-43.347,16.62,54.699,-19.469,-11.9,138.2,125.74,3.3237,21.125,18.784,-225.89
-71.655,-48.762,17.296,59.856,-23.123,-16.316,170.33,184.84,34.475,37.298,20.705,-232.64
-69.367,-48.356,16.191,57.671,-24.683,-18.743,201.05,274.48,82.936,67.44,31.088,-232.78
-56.152,-36.509,15.229,44.569,-21.422,-14.243,233.5,393.04,158.28,118.45,52.497,-222.85
-30.138,-6.4422,19.66,16.699,-16.865,3.2744,272.63,536.24,272.42,210.36,95.987,-197.85
7.3844,49.6,39.072,-30.07,-14.851,42.744,322.5,712.3,431.55,339.57,186.07,-153.8
51.933,139.65,89.379,-98.63,-17.701,111.9,382.64,915.67,633.59,504.8,317.85,-86.738
102.91,267.17,166.37,-189.65,-27.958,213.62,445.99,1131.6,872.75,708.07,468.72,5.2764
161.03,426.46,265,-299.96,-45.714,342.67,499.78,1336.9,1132.9,938.53,643.79,119.87
224.69,602.65,374.96,-420.85,-65.813,485.74,529.02,1501.7,1388.2,1174.6,829.89,248.32
289.42,771.57,477.57,-537.63,-81.869,621.27,520.96,1593.5,1604.3,1384,1003.6,374.99
347.18,903.55,551.51,-631.49,-90.689,723.68,468.71,1580.2,1737.3,1527.2,1135.2,478.88
387.48,970.14,578.4,-683.5,-89.247,769.62,372.18,1437.1,1743.3,1565.3,1194.8,537.89
400.74,952.55,548.49,-680.12,-72.169,745.09,238.26,1153.5,1592.2,1471.7,1161.3,535.17
381.62,849.06,464.81,-618.28,-43.395,650.85,80.636,741.61,1281.4,1244.3,1031,465.4
331.08,677.48,343.78,-507.53,-11.076,504,-83.161,238.92,842.45,910.09,821.32,337.82
256.02,470.49,210.88,-367.38,16.175,333.71,-235.74,-295.92,335.86,518.98,565.9,173.87
167.16,265.1,92.586,-221.2,30.284,172.03,-362.95,-795.92,-165.18,129.81,304.67,0.28216
76.175,91.432,7.922,-89.588,27.274,43.659,-455.77,-1202.2,-594.5,-206.13,72.422,-159.06
-6.7723,-34.591,-35.921,14.19,9.0958,-40.318,-511.72,-1478.1,-909.13,-456.79,-108.79,-288.78
-73.483,-107.71,-45.784,84.707,-17.41,-78.219,-535.27,-1616.3,-1096.6,-613.06,-231.71,-383.42
-119.02,-138.35,-34.375,124.02,-43.94,-87.08,-536.26,-1635.5,-1171.2,-684.85,-301.4,-445.28
-141.46,-141.98,-15.717,138.48,-62.706,-80.294,-526.37,-1570.4,-1162.5,-693.05,-330.67,-480.74
-140.97,-130.76,-1.1397,134.72,-66.554,-68.001,-515.39,-1459.1,-1103.7,-661.23,-333.77,-497.18
-123.09,-114.21,3.2618,119,-57.265,-58.532,-508.92,-1333.1,-1023.4,-609.77,-320.61,-501.47
-95.763,-99.206,-3.3925,97.809,-44.48,-55.628,-507.54,-1211,-941.17,-553.12,-298.57,-499.7
-66.468,-89.061,-18.426,77.616,-26.419,-58.693,-507.39,-1099.5,-867.39,-499.37,-274.16,-496.94
-40.974,-83.982,-39.252,62.418,-3.6541,-66.295,-502.24,-998.45,-804.72,-451.15,-251.62,-496.79
-22.969,-80.226,-60.948,52.011,14.617,-75.396,-486.57,-904.66,-750.43,-407.94,-230.75,-500.99
-13.927,-76.28,-76.404,46.695,25.519,-78.667,-460.05,-813.72,-697.34,-367.37,-205.29,-508.15
-9.349,-75.204,-84.423,44.966,31.392,-78.568,-423.75,-725.5,-646.09,-326.97,-175.78,-507.39
-8.5345,-72.109,-84.97,43.427,32.929,-75.885,-378.3,-647.49,-597.78,-289.68,-153.41,-504.2
-10.863,-66.581,-78.846,40.937,29.345,-70.708,-325.89,-567.99,-546.22,-257,-133.44,-502.52
-16.294,-59.339,-68.471,37.006,21.318,-63.715,-270.15,-484.54,-491.54,-226.25,-113.93,-501.3
-21.758,-51.79,-56.404,32.471,10.447,-55.831,-215.43,-403.35,-443.05,-192.69,-95.428,-500.05
-23.325,-45.223,-44.229,28.993,2.1403,-47.82,-165.56,-328.95,-404.93,-158.71,-78.998,-498.7
-23.083,-40.015,-32.819,26.742,-1.1288,-40.218,-122.94,-264.21,-368.62,-128.05,-65.51,-497.36
-22.66,-35.865,-23.337,25.217,-2.4176,-33.506,-88.534,-210.99,-331.85,-103.13,-55.031,-496.25
-22.435,-32.356,-16.703,24.111,-3.8974,-28.024,-62.188,-170.38,-300.92,-84.702,-46.634,-495.58
-22.454,-29.224,-12.371,23.286,-5.7318,-23.717,-42.82,-141.1,-277.29,-71.991,-39.329,-495.49
-22.675,-26.399,-9.1255,22.671,-7.6538,-20.121,-28.806,-120.12,-260.49,-63.551,-32.807,-496.05
-23.021,-23.935,-6.3173,22.216,-9.5712,-16.676,-18.541,-104.51,-249.54,-57.846,-27.085,-497.26
-23.411,-21.898,-3.841,21.88,-11.394,-13.331,-10.82,-92.188,-242.75,-53.521,-22.134,-499.11
-23.777,-20.284,-1.597,21.621,-12.977,-10.572,-4.8886,-81.953,-238.16,-48.898,-17.894,-501.61
-24.078,-19.028,0.67154,21.405,-14.244,-8.5707,-1.4275,-73.208,-234.55,-41.81,-14.318,-504.77
-24.302,-18.047,2.6285,21.207,-15.218,-7.1475,-0.42665,-64.988,-231.28,-35.393,-11.381,-508.57
-24.456,-17.277,4.1854,21.014,-15.961,-6.1292,3.5575,-55.366,-227.38,-31.713,-9.0577,-512.92
-24.554,-16.687,5.3847,20.831,-16.526,-5.4189,8.6829,-47.272,-221.83,-29.58,-7.3147,-517.76
-24.615,-16.269,6.2363,20.675,-16.96,-4.9629,12.478,-42.172,-214.84,-28.244,-6.117,-523.12
-24.67,-16.023,6.7609,20.573,-17.298,-4.7212,14.934,-38.726,-207.9,-27.384,-5.4288,-529.11
-24.747,-15.947,7.0095,20.554,-17.563,-4.6532,16.603,-36.153,-201.79,-26.832,-5.213,-535.78
-24.869,-16.024,7.0482,20.633,-17.763,-4.7128,17.831,-34.108,-196.05,-26.476,-5.4274,-543.08
-25.03,-16.211,6.9379,20.793,-17.891,-4.85,18.786,-32.415,-189.57,-26.233,-6.0224,-550.86
-25.198,-16.447,6.7218,20.989,-17.934,-5.0185,19.549,-30.975,-181.27,-26.043,-6.9359,-558.9
-25.329,-16.676,6.4266,21.168,-17.887,-5.1838,20.151,-29.733,-170.42,-25.866,-8.0957,-567.03
-25.391,-16.858,6.0706,21.291,-17.763,-5.3278,20.604,-28.655,-156.79,-25.679,-9.423,-575.07
-25.376,-16.977,5.6731,21.34,-17.587,-5.4471,20.909,-27.72,-140.6,-25.468,-10.84,-582.9
-25.289,-17.035,5.255,21.318,-17.386,-5.5476,21.067,-26.898,-122.6,-25.219,-12.277,-590.45
-25.141,-17.038,4.8369,21.234,-17.18,-5.6364,21.088,-26.148,-104.2,-24.92,-13.686,-597.83
-24.944,-16.99,4.4391,21.096,-16.977,-5.7149,20.995,-25.425,-87.047,-24.558,-15.043,-605.24
-24.705,-16.888,4.0844,20.909,-16.78,-5.7739,20.82,-24.69,-72.291,-24.124,-16.351,-612.86
-24.433,-16.721,3.7958,20.669,-16.586,-5.7956,20.6,-23.914,-60.202,-23.618,-17.628,-620.75
-24.136,-16.486,3.5825,20.378,-16.393,-5.764,20.373,-23.083,-50.451,-23.041,-18.898,-628.79
-23.82,-16.199,3.4242,20.048,-16.185,-5.6792,20.163,-22.19,-42.404,-22.398,-20.18,-636.82
-23.491,-15.9,3.2693,19.709,-15.94,-5.5662,19.981,-21.235,-35.356,-21.694,-21.487,-644.71
-23.152,-15.645,3.0516,19.401,-15.63,-5.4695,19.819,-20.229,-28.877,-20.936,-22.817,-652.37
-22.805,-15.485,2.7199,19.155,-15.233,-5.4349,19.67,-19.182,-23.059,-20.136,-24.154,-659.73
-22.453,-15.444,2.2584,18.984,-14.749,-5.4909,19.535,-18.099,-18.213,-19.307,-25.472,-666.7
-22.097,-15.514,1.6868,18.881,-14.189,-5.6405,19.425,-16.978,-14.53,-18.46,-26.734,-673.18
-21.73,-15.657,1.0385,18.818,-13.576,-5.8653,19.357,-15.803,-12.019,-17.602,-27.9,-679.14
-21.343,-15.816,0.3341,18.757,-12.935,-6.136,19.346,-14.548,-10.539,-16.731,-28.933,-684.65
-20.924,-15.933,-0.43349,18.659,-12.286,-6.4251,19.393,-13.187,-9.8597,-15.838,-29.813,-689.94
-20.468,-15.968,-1.2923,18.492,-11.647,-6.7163,19.488,-11.706,-9.7204,-14.913,-30.551,-695.22
-19.983,-15.914,-2.2626,18.249,-11.031,-7.0077,19.606,-10.113,-9.8877,-13.957,-31.19,-700.66
-19.487,-15.794,-3.3335,17.946,-10.445,-7.3046,19.716,-8.438,-10.183,-12.987,-31.808,-706.31
-19.004,-15.646,-4.4643,17.619,-9.8913,-7.6094,19.787,-6.726,-10.486,-12.037,-32.498,-712.14
-18.55,-15.502,-5.5958,17.301,-9.3682,-7.9129,19.795,-5.0212,-10.731,-11.153,-33.341,-718.12
-18.136,-15.382,-6.6562,17.016,-8.8761,-8.1945,19.731,-3.3539,-10.896,-10.383,-34.394,-724.25
-17.76,-15.287,-7.5651,16.772,-8.4204,-8.426,19.595,-1.7319,-10.985,-9.7588,-35.675,-730.57
-17.405,-15.199,-8.2432,16.557,-8.0096,-8.578,19.396,-0.13891,-11.018,-9.2915,-37.173,-737.09
-17.038,-15.087,-8.6303,16.339,-7.6462,-8.6265,19.147,1.4626,-11.017,-8.9584,-38.845,-743.76
-16.609,-14.909,-8.7026,16.073,-7.3183,-8.5601,18.864,3.1236,-10.988,-8.7096,-40.628,-750.5
-16.063,-14.63,-8.4865,15.711,-7.0002,-8.3848,18.556,4.8975,-10.92,-8.4809,-42.439,-757.24
-15.363,-14.23,-8.0592,15.22,-6.6633,-8.1244,18.229,6.8265,-10.786,-8.2087,-44.189,-764.06
-14.505,-13.716,-7.5338,14.593,-6.2913,-7.8133,17.877,8.9342,-10.54,-7.8396,-45.797,-771.05
-13.531,-13.111,-7.0319,13.853,-5.89,-7.484,17.49,11.225,-10.124,-7.3336,-47.203,-778.26
-12.517,-12.447,-6.6528,13.047,-5.4819,-7.1561,17.056,13.693,-9.4679,-6.6641,-48.38,-785.68
-11.535,-11.745,-6.4524,12.215,-5.0858,-6.832,16.568,16.331,-8.4942,-5.8146,-49.332,-793.22
-10.611,-11.011,-6.435,11.378,-4.6992,-6.5017,16.024,19.146,-7.133,-4.7718,-50.077,-800.7
-9.7062,-10.228,-6.5605,10.518,-4.2973,-6.1513,15.425,22.168,-5.3342,-3.5176,-50.63,-807.84
-8.7349,-9.3629,-6.7663,9.5839,-3.8481,-5.7683,14.774,25.449,-3.08,-2.0245,-50.981,-814.28
-7.5967,-8.3702,-6.9905,8.5048,-3.3319,-5.3426,14.078,29.051,-0.3908,-0.2616,-51.098,-819.76
-6.2131,-7.2023,-7.1845,7.2068,-2.7527,-4.8657,13.339,33.023,2.6813,1.7928,-50.939,-824.26
-4.5507,-5.8157,-7.3125,5.6293,-2.1365,-4.3292,12.554,37.386,6.071,4.1415,-50.457,-828.03
-2.6228,-4.1771,-7.3533,3.7366,-1.5135,-3.7257,11.713,42.133,9.7263,6.7733,-49.615,-831.56
-0.46219,-2.2725,-7.307,1.5226,-0.8908,-3.0506,10.799,47.246,13.635,9.6798,-48.373,-835.6
1.9137,-0.11716,-7.1974,-0.99293,-0.23668,-2.307,9.7965,52.716,17.844,12.873,-46.694,-840.97
4.5163,2.252,-7.0561,-3.7776,0.50752,-1.506,8.7003,58.541,22.463,16.392,-44.542,-847.99
7.3643,4.8063,-6.8968,-6.8016,1.3966,-0.65371,7.5085,64.715,27.648,20.285,-41.894,-856.77
10.446,7.5554,-6.7021,-10.042,2.4532,0.26898,6.2159,71.21,33.575,24.59,-38.753,-866.63
13.697,10.546,-6.4333,-13.47,3.657,1.3162,4.806,77.967,40.377,29.3,-35.147,-875.11
17.019,13.831,-6.0546,-17.037,4.9557,2.566,3.2499,84.884,48.082,34.355,-31.128,-878.66
20.307,17.423,-5.5572,-20.659,6.292,4.0967,1.5143,91.819,56.544,39.655,-26.756,-873.69
23.484,21.272,-4.9708,-24.228,7.6287,5.9659,-0.42305,98.616,65.457,45.099,-22.091,-857.58
26.514,25.285,-4.3529,-27.651,8.9526,8.2015,-2.5583,105.15,74.451,50.603,-17.178,-829.62
29.408,29.368,-3.764,-30.891,10.261,10.803,-4.856,111.37,83.225,56.114,-12.051,-791.47
32.219,33.469,-3.2413,-33.989,11.552,13.745,-7.258,117.31,91.625,61.602,-6.727,-746.78
35.011,37.597,-2.7832,-37.041,12.822,16.972,-9.7066,123.07,99.633,67.062,-1.1991,-699.9
37.837,41.822,-2.348,-40.163,14.075,20.396,-12.176,128.73,107.31,72.514,4.5578,-654.46
40.728,46.26,-1.8653,-43.479,15.322,23.915,-14.694,134.39,114.77,77.99,10.575,-612.42
43.7,51.053,-1.2538,-47.108,16.572,27.46,-17.355,140.07,122.11,83.512,16.872,-574.03
46.779,56.303,-0.44033,-51.164,17.823,31.013,-20.293,145.79,129.44,89.076,23.444,-538.39
50.009,62.013,0.62476,-55.722,19.062,34.585,-23.641,151.58,136.87,94.647,30.265,-504.4
53.46,68.052,1.952,-60.78,20.297,38.16,-27.455,157.52,144.47,100.17,37.307,-471.36
57.221,74.202,3.5009,-66.229,21.565,41.676,-31.651,163.68,152.35,105.6,44.537,-439.3
61.369,80.249,5.1872,-71.89,22.912,45.057,-36.042,170.1,160.88,110.9,51.905,-408.84
65.924,86.072,6.9142,-77.573,24.341,48.269,-40.434,176.76,170.85,116.02,59.315,-380.85
70.805,91.648,8.6043,-83.12,25.795,51.34,-44.723,183.52,182.36,120.93,66.612,-356
75.811,96.992,10.201,-88.409,27.18,54.334,-48.897,190.2,194.36,125.59,73.591,-334.43
80.676,102.09,11.654,-93.344,28.424,57.29,-52.991,196.56,206.88,129.99,80.05,-315.64
85.174,106.85,12.917,-97.854,29.517,60.184,-57.045,202.42,221.14,134.12,85.842,-298.63
89.197,111.17,13.957,-101.89,30.503,62.925,-61.088,207.55,238.34,137.97,90.907,-282.18
92.741,114.95,14.755,-105.41,31.451,65.401,-65.126,211.78,259.07,141.56,95.263,-265.26
95.842,118.12,15.31,-108.4,32.412,67.528,-69.137,214.95,283.01,144.88,98.984,-247.32
98.534,120.72,15.641,-110.87,33.395,69.281,-73.079,217.02,308.97,147.97,102.17,-228.47
100.85,122.83,15.79,-112.87,34.374,70.694,-76.912,218.03,335.2,150.81,104.95,-209.29
102.84,124.57,15.808,-114.49,35.304,71.835,-80.611,218.1,359.86,153.44,107.41,-190.91
104.58,126.07,15.74,-115.85,36.162,72.772,-84.156,217.39,381.34,155.86,109.65,-174.79
106.12,127.38,15.616,-117.01,36.95,73.549,-87.511,216.06,398.64,158.08,111.68,-161.05
107.5,128.53,15.461,-118.03,37.688,74.182,-90.619,214.27,411.66,160.08,113.47,-148.42
108.73,129.49,15.301,-118.9,38.386,74.668,-93.405,212.11,421.26,161.83,114.99,-135.96
109.78,130.2,15.166,-119.59,39.027,75.01,-95.807,209.65,428.76,163.29,116.16,-123.46
110.59,130.65,15.078,-120.07,39.579,75.216,-97.797,206.9,434.83,164.44,116.98,-110.89
111.15,130.85,15.045,-120.36,40.01,75.302,-99.388,203.81,439.05,165.26,117.46,-98.448
111.45,130.83,15.052,-120.46,40.308,75.282,-100.64,200.31,440.87,165.72,117.64,-86.762
111.53,130.64,15.079,-120.43,40.478,75.165,-101.62,196.32,440.61,165.82,117.56,-75.891
111.4,130.32,15.107,-120.26,40.534,74.956,-102.4,191.81,439.18,165.53,117.24,-65.404
111.09,129.86,15.126,-119.97,40.479,74.652,-102.99,186.85,437.31,164.84,116.7,-54.913
110.59,129.24,15.143,-119.52,40.304,74.249,-103.35,181.63,435.3,163.77,115.94,-44.262
109.87,128.45,15.177,-118.93,39.992,73.749,-103.38,176.39,433.15,162.37,114.93,-33.848
108.93,127.51,15.24,-118.17,39.535,73.165,-102.99,171.36,430.77,160.71,113.7,-24.485
107.77,126.43,15.33,-117.28,38.945,72.521,-102.13,166.7,428.02,158.87,112.25,-16.621
106.42,125.28,15.413,-116.28,38.255,71.835,-100.84,162.44,424.77,156.94,110.6,-10.038
104.91,124.06,15.441,-115.19,37.501,71.112,-99.152,158.54,420.89,154.95,108.74,-4.2472
103.27,122.78,15.364,-114.01,36.707,70.332,-97.1,154.93,416.24,152.92,106.63,1.1554
101.47,121.38,15.16,-112.67,35.868,69.452,-94.648,151.53,410.72,150.81,104.2,6.3582
99.41,119.75,14.842,-111.07,34.954,68.41,-91.721,148.26,404.23,148.55,101.37,11.337
96.918,117.71,14.442,-109.02,33.911,67.123,-88.24,145.06,396.77,146.06,98.039,15.934
93.811,115.06,13.996,-106.3,32.679,65.499,-84.168,141.87,388.47,143.21,94.123,19.981
89.953,111.57,13.523,-102.69,31.207,63.456,-79.526,138.62,379.57,139.89,89.572,23.386
85.343,107.02,13.021,-97.981,29.459,60.953,-74.367,135.28,370.37,135.99,84.382,26.16
80.214,101.29,12.474,-92.189,27.43,58.025,-68.738,131.79,361.08,131.43,78.602,28.388
74.986,94.545,11.86,-85.611,25.149,54.783,-62.677,128.08,351.63,126.11,72.327,30.169
70.003,87.194,11.146,-78.789,22.675,51.358,-56.243,124.07,341.62,120.05,65.673,31.581
65.274,79.746,10.305,-72.198,20.083,47.837,-49.544,119.69,330.53,113.31,58.744,32.653
60.533,72.553,9.3215,-66.01,17.445,44.244,-42.711,114.84,317.96,106.06,51.608,33.376
55.478,65.721,8.2035,-60.124,14.814,40.561,-35.869,109.51,303.89,98.439,44.306,33.723
49.918,59.192,6.989,-54.334,12.213,36.769,-29.127,103.7,288.57,90.542,36.88,33.673
43.79,52.846,5.7346,-48.448,9.6542,32.862,-22.599,97.454,272.35,82.403,29.407,33.238
37.135,46.562,4.4922,-42.333,7.161,28.85,-16.409,90.819,255.5,74.025,22.011,32.476
30.079,40.229,3.2876,-35.925,4.7861,24.749,-10.676,83.819,238.19,65.421,14.853,31.483
22.82,33.747,2.1165,-29.235,2.5915,20.567,-5.4911,76.452,220.55,56.659,8.1016,30.385
15.596,27.036,0.96251,-22.334,0.61292,16.315,-0.89096,68.722,202.85,47.876,1.8916,29.31
8.6472,20.064,-0.18053,-15.331,-1.1571,12.027,3.1544,60.667,185.55,39.256,-3.7066,28.372
2.1686,12.895,-1.3005,-8.3621,-2.7555,7.8006,6.7034,52.378,169.28,30.972,-8.687,27.648
-3.7092,5.7522,-2.3773,-1.5948,-4.2196,3.7971,9.7627,43.985,154.59,23.153,-13.09,27.177
-8.8836,-0.99318,-3.3996,4.726,-5.5651,0.19603,12.284,35.64,141.69,15.895,-16.984,26.962
-13.233,-6.9337,-4.3729,10.255,-6.7824,-2.8951,14.26,27.496,130.33,9.2722,-20.452,26.975
-16.662,-11.813,-5.3158,14.671,-7.8481,-5.4901,15.772,19.684,120.01,3.3333,-23.583,27.173
-19.21,-15.629,-6.2485,17.914,-8.7416,-7.6864,16.935,12.312,110.22,-1.8982,-26.454,27.519
-21.05,-18.569,-7.1836,20.203,-9.4552,-9.596,17.847,5.4583,100.48,-6.4288,-29.125,27.996
-22.385,-20.869,-8.1243,21.843,-9.9959,-11.304,18.573,-0.82353,90.377,-10.293,-31.624,28.604
-23.378,-22.717,-9.0666,23.072,-10.387,-12.864,19.153,-6.4992,79.656,-13.556,-33.96,29.344
-24.143,-24.238,-10.001,24.039,-10.665,-14.297,19.614,-11.555,68.538,-16.298,-36.13,30.202
-24.755,-25.506,-10.908,24.825,-10.877,-15.599,19.968,-16.008,57.727,-18.606,-38.136,31.144
-25.265,-26.567,-11.76,25.474,-11.069,-16.749,20.22,-19.903,47.97,-20.566,-39.998,32.13
-25.704,-27.45,-12.533,26.011,-11.271,-17.721,20.365,-23.312,39.605,-22.261,-41.751,33.124
-26.088,-28.181,-13.216,26.45,-11.494,-18.5,20.389,-26.313,32.537,-23.769,-43.434,34.105
-26.415,-28.782,-13.805,26.798,-11.724,-19.086,20.281,-28.975,26.478,-25.146,-45.072,35.067
-26.678,-29.272,-14.28,27.063,-11.939,-19.494,20.04,-31.347,21.142,-26.423,-46.657,36.02
-26.866,-29.662,-14.594,27.251,-12.119,-19.739,19.674,-33.453,16.325,-27.599,-48.149,36.977
-26.977,-29.955,-14.679,27.369,-12.267,-19.831,19.209,-35.301,11.907,-28.653,-49.484,37.946
-27.024,-30.143,-14.466,27.426,-12.4,-19.775,18.682,-36.894,7.8222,-29.55,-50.598,38.921
-27.023,-30.21,-13.91,27.43,-12.547,-19.564,18.137,-38.237,4.0361,-30.265,-51.443,39.888
-26.992,-30.134,-13.011,27.385,-12.724,-19.196,17.612,-39.347,0.52494,-30.785,-52.007,40.832
-26.946,-29.904,-11.833,27.288,-12.937,-18.689,17.129,-40.251,-2.7322,-31.124,-52.31,41.762
-26.895,-29.532,-10.494,27.141,-13.18,-18.085,16.697,-40.976,-5.7539,-31.312,-52.401,42.705
-26.85,-29.053,-9.1485,26.955,-13.443,-17.44,16.31,-41.553,-8.5546,-31.392,-52.332,43.696
-26.815,-28.509,-7.9549,26.747,-13.71,-16.802,15.962,-42.001,-11.143,-31.405,-52.147,44.763
-26.79,-27.936,-7.0261,26.532,-13.969,-16.199,15.655,-42.33,-13.523,-31.383,-51.868,45.915
-26.771,-27.356,-6.3964,26.32,-14.205,-15.634,15.404,-42.539,-15.689,-31.332,-51.49,47.151
-26.747,-26.777,-6.0191,26.108,-14.414,-15.098,15.227,-42.617,-17.625,-31.238,-50.992,48.456
-26.706,-26.2,-5.7988,25.887,-14.595,-14.577,15.14,-42.553,-19.293,-31.078,-50.356,49.808
-26.639,-25.62,-5.6377,25.645,-14.754,-14.059,15.142,-42.339,-20.642,-30.835,-49.576,51.173
-26.538,-25.032,-5.4616,25.372,-14.895,-13.531,15.219,-41.977,-21.614,-30.503,-48.664,52.511
-26.401,-24.432,-5.2173,25.064,-15.021,-12.985,15.345,-41.477,-22.166,-30.09,-47.647,53.79
-26.237,-23.824,-4.8633,24.725,-15.138,-12.412,15.497,-40.849,-22.287,-29.604,-46.545,54.993
-26.062,-23.221,-4.3681,24.372,-15.257,-11.815,15.656,-40.107,-22.002,-29.049,-45.371,56.117
-25.896,-22.635,-3.7142,24.021,-15.389,-11.195,15.812,-39.26,-21.369,-28.42,-44.126,57.173
-25.749,-22.07,-2.8998,23.686,-15.539,-10.556,15.957,-38.316,-20.467,-27.705,-42.819,58.18
-25.62,-21.513,-1.9371,23.364,-15.705,-9.8894,16.084,-37.289,-19.381,-26.903,-41.473,59.154
-25.497,-20.937,-0.84514,23.042,-15.879,-9.18,16.18,-36.197,-18.197,-26.03,-40.125,60.095
-25.369,-20.313,0.35439,22.705,-16.054,-8.4084,16.237,-35.072,-16.987,-25.129,-38.82,60.968
-25.224,-19.616,1.6368,22.336,-16.23,-7.562,16.248,-33.949,-15.803,-24.251,-37.601,61.706
-25.057,-18.839,2.9683,21.928,-16.406,-6.6463,16.214,-32.862,-14.671,-23.438,-36.493,62.224
-24.867,-17.996,4.2996,21.483,-16.576,-5.6909,16.144,-31.832,-13.593,-22.71,-35.509,62.443
-24.649,-17.12,5.5654,21.011,-16.728,-4.7471,16.048,-30.865,-12.554,-22.061,-34.638,62.321
-24.403,-16.255,6.6958,20.528,-16.843,-3.8743,15.935,-29.949,-11.534,-21.463,-33.844,61.872
-24.131,-15.449,7.6381,20.053,-16.904,-3.1219,15.81,-29.058,-10.514,-20.876,-33.07,61.172
-23.838,-14.736,8.372,19.607,-16.904,-2.512,15.677,-28.164,-9.4837,-20.255,-32.242,60.352
-23.536,-14.133,8.9074,19.208,-16.842,-2.0341,15.537,-27.244,-8.4428,-19.555,-31.296,59.56
-23.232,-13.637,9.2633,18.861,-16.72,-1.6591,15.39,-26.295,-7.4016,-18.751,-30.198,58.913
-22.923,-13.231,9.4436,18.561,-16.535,-1.3639,15.234,-25.331,-6.378,-17.849,-28.962,58.46
-22.602,-12.904,9.4321,18.294,-16.28,-1.1492,15.064,-24.384,-5.3947,-16.892,-27.645,58.168
-22.268,-12.659,9.2104,18.054,-15.953,-1.0363,14.869,-23.488,-4.4754,-15.944,-26.327,57.935
-21.937,-12.507,8.7813,17.849,-15.57,-1.0487,14.64,-22.679,-3.6423,-15.074,-25.089,57.626
-21.639,-12.457,8.1757,17.7,-15.165,-1.1938,14.366,-21.981,-2.9133,-14.331,-23.982,57.115
-21.406,-12.505,7.4434,17.624,-14.776,-1.4542,14.046,-21.405,-2.2995,-13.733,-23.028,56.32
-21.25,-12.622,6.6391,17.618,-14.431,-1.792,13.678,-20.949,-1.8033,-13.265,-22.216,55.229
-21.152,-12.765,5.8137,17.654,-14.132,-2.1606,13.266,-20.6,-1.4203,-12.89,-21.517,53.894
-21.075,-12.895,5.0091,17.693,-13.863,-2.5188,12.807,-20.347,-1.1443,-12.568,-20.894,52.411
-20.983,-12.994,4.2564,17.702,-13.605,-2.8441,12.291,-20.188,-0.97299,-12.268,-20.314,50.879
-20.853,-13.074,3.572,17.671,-13.339,-3.1374,11.702,-20.129,-0.91215,-11.977,-19.744,49.367
-20.674,-13.161,2.9579,17.608,-13.052,-3.4175,11.022,-20.183,-0.97521,-11.706,-19.162,47.888
-20.439,-13.275,2.4097,17.524,-12.732,-3.7043,10.238,-20.357,-1.1766,-11.477,-18.542,46.409
-20.144,-13.412,1.9316,17.419,-12.375,-4.0004,9.3441,-20.644,-1.5204,-11.316,-17.866,44.875
-19.784,-13.535,1.5424,17.279,-11.993,-4.282,8.35,-21.019,-1.9894,-11.234,-17.107,43.238
-19.362,-13.581,1.2612,17.076,-11.61,-4.5064,7.2985,-21.439,-2.5394,-11.217,-16.242,41.484
-18.875,-13.48,1.0883,16.771,-11.257,-4.6265,6.283,-21.845,-3.0994,-11.222,-15.241,39.636
-18.312,-13.158,1.0006,16.318,-10.949,-4.602,5.4432,-22.168,-3.5809,-11.184,-14.079,37.746
-17.644,-12.553,0.95979,15.667,-10.671,-4.4054,4.9273,-22.34,-3.8958,-11.031,-12.729,35.873
-16.838,-11.616,0.93087,14.77,-10.393,-4.0216,4.8347,-22.307,-3.9795,-10.702,-11.169,34.067
-15.874,-10.328,0.90008,13.603,-10.085,-3.4465,5.1756,-22.037,-3.8111,-10.168,-9.3765,32.365
-14.763,-8.7128,0.88555,12.181,-9.737,-2.6865,5.8693,-21.528,-3.4184,-9.434,-7.3307,30.793
-13.54,-6.8427,0.93696,10.558,-9.3579,-1.7627,6.7838,-20.799,-2.8645,-8.5423,-5.0187,29.375
-12.24,-4.8308,1.1214,8.8132,-8.9582,-0.71742,7.8067,-19.879,-2.2225,-7.5509,-2.4388,28.128
-10.876,-2.7974,1.4929,7.0209,-8.5357,0.38717,8.907,-18.792,-1.5481,-6.5096,0.39876,27.049
-9.4247,-0.82374,2.0584,5.2187,-8.0713,1.4883,10.133,-17.553,-0.86225,-5.4427,3.4772,26.124
-7.8274,1.0918,2.7733,3.3799,-7.5395,2.5568,11.544,-16.172,-0.15113,-4.3481,6.7842,25.331
-6.0112,3.0471,3.5763,1.4077,-6.9267,3.6215,13.151,-14.672,0.61711,-3.2108,10.322,24.671
-3.9086,5.2105,4.4231,-0.84284,-6.2444,4.767,14.907,-13.098,1.47,-2.0201,14.104,24.168
-1.4707,7.7699,5.2865,-3.525,-5.5249,6.1082,16.718,-11.527,2.4178,-0.77596,18.145,23.856
1.329,10.878,6.1406,-6.7492,-4.8005,7.7644,18.453,-10.043,3.4537,0.51903,22.437,23.758
4.4754,14.59,6.9529,-10.519,-4.0861,9.825,19.97,-8.7147,4.5589,1.868,26.935,23.859
7.868,18.781,7.6876,-14.668,-3.3832,12.288,21.156,-7.5752,5.7034,3.275,31.54,24.106
11.295,23.128,8.3208,-18.863,-2.6991,14.998,21.942,-6.6271,6.8393,4.7238,36.108,24.408
14.488,27.224,8.8543,-22.733,-2.0553,17.679,22.298,-5.8668,7.8982,6.1552,40.454,24.649
17.25,30.757,9.3155,-26.03,-1.4677,20.074,22.222,-5.3052,8.8002,7.4669,44.388,24.702
19.537,33.586,9.7299,-28.697,-0.91247,22.042,21.724,-4.9737,9.4703,8.5468,47.749,24.455
21.46,35.719,10.073,-30.825,-0.30772,23.537,20.821,-4.9193,9.8518,9.3211,50.435,23.838
23.212,37.253,10.254,-32.574,0.47201,24.545,19.524,-5.1946,9.9091,9.7803,52.427,22.841
24.968,38.334,10.166,-34.094,1.5641,25.077,17.849,-5.8416,9.629,9.9665,53.779,21.5
26.822,39.096,9.7783,-35.467,3.0909,25.174,15.869,-6.8695,9.0301,9.9474,54.602,19.874
28.785,39.614,9.2186,-36.698,5.1343,24.879,13.727,-8.2383,8.1735,9.8052,55.031,18.019
30.832,39.909,8.7589,-37.761,7.6889,24.203,11.562,-9.8657,7.1537,9.632,55.21,15.978
32.934,39.985,8.5866,-38.648,10.605,23.149,9.419,-11.654,6.0676,9.5131,55.271,13.794
35.054,39.86,8.5653,-39.385,13.618,21.75,7.2213,-13.521,4.9786,9.4966,55.314,11.522
37.131,39.556,8.2479,-40.01,16.469,20.087,4.8381,-15.416,3.9021,9.5756,55.391,9.23
39.094,39.085,7.0527,-40.552,19.048,18.259,2.1913,-17.312,2.813,9.6984,55.495,6.9825
40.868,38.446,4.4577,-41.016,21.397,16.34,-0.64403,-19.174,1.6709,9.8034,55.56,4.8204
42.397,37.615,0.23439,-41.402,23.632,14.358,-3.4151,-20.951,0.44621,9.8537,55.489,2.7507
43.676,36.548,-5.3737,-41.708,25.871,12.293,-5.7974,-22.565,-0.86365,9.8459,55.177,0.74985
44.804,35.174,-11.636,-41.924,28.207,10.097,-7.5629,-23.949,-2.2405,9.7878,54.532,-1.2249
46.012,33.38,-17.575,-41.993,30.711,7.715,-8.6725,-25.072,-3.6695,9.666,53.472,-3.2192
47.551,31.018,-22.471,-41.802,33.421,5.1376,-9.2439,-25.963,-5.1637,9.4253,51.928,-5.2626
49.482,27.95,-26.051,-41.202,36.268,2.4647,-9.458,-26.707,-6.7699,8.9764,49.855,-7.3535
51.573,24.095,-28.238,-40.027,38.959,-0.09189,-9.4922,-27.407,-8.5494,8.232,47.253,-9.4623
53.35,19.531,-28.933,-38.121,40.974,-2.3176,-9.5021,-28.143,-10.551,7.1537,44.211,-11.553
54.101,14.588,-28.212,-35.375,41.732,-4.1278,-9.6121,-28.948,-12.794,5.7763,40.883,-13.606
52.953,9.7745,-26.572,-31.798,40.851,-5.5592,-9.8924,-29.811,-15.282,4.1904,37.459,-15.628
49.296,5.5134,-24.49,-27.531,38.33,-6.6841,-10.342,-30.703,-18.021,2.4923,34.097,-17.644
43.295,1.9495,-22.046,-22.769,34.503,-7.5658,-10.9,-31.612,-21.036,0.72766,30.868,-19.703
35.839,-1.0282,-19.314,-17.686,29.801,-8.2622,-11.488,-32.553,-24.375,-1.1369,27.743,-21.888
27.931,-3.6397,-16.722,-12.428,24.643,-8.8395,-12.053,-33.559,-28.076,-3.1889,24.61,-24.337
20.211,-6.0849,-14.756,-7.1401,19.479,-9.3708,-12.587,-34.657,-32.144,-5.5079,21.345,-27.246
12.932,-8.4685,-13.572,-1.9593,14.768,-9.9174,-13.12,-35.842,-36.527,-8.1074,17.863,-30.848
6.1745,-10.777,-13.023,2.9535,10.818,-10.505,-13.686,-37.07,-41.128,-10.909,14.158,-35.351
0.0064646,-12.907,-12.834,7.3633,7.6751,-11.114,-14.302,-38.269,-45.83,-13.755,10.307,-40.843
-5.4115,-14.726,-12.725,10.98,5.1585,-11.687,-14.949,-39.363,-50.516,-16.447,6.4583,-47.24
-9.7505,-16.154,-12.497,13.616,3.0134,-12.153,-15.574,-40.297,-55.103,-18.809,2.797,-54.294
-12.698,-17.194,-12.078,15.33,1.0952,-12.463,-16.116,-41.052,-59.56,-20.734,-0.49683,-61.652
-14.418,-17.915,-11.498,16.384,-0.54878,-12.608,-16.55,-41.653,-63.919,-22.2,-3.2903,-68.933
-15.427,-18.419,-10.814,17.069,-1.839,-12.625,-16.906,-42.154,-68.258,-23.253,-5.5118,-75.795
-16.12,-18.808,-10.099,17.583,-2.7857,-12.58,-17.246,-42.616,-72.653,-23.975,-7.1402,-81.978
-16.66,-19.154,-9.4429,18.024,-3.4363,-12.54,-17.61,-43.071,-77.105,-24.456,-8.186,-87.317
-17.091,-19.482,-8.9281,18.414,-3.8455,-12.544,-17.985,-43.509,-81.486,-24.769,-8.679,-91.74
-17.431,-19.773,-8.5891,18.747,-4.0932,-12.587,-18.292,-43.872,-85.527,-24.958,-8.6657,-95.284
-17.723,-19.982,-8.3992,19.016,-4.2958,-12.616,-18.388,-44.061,-88.866,-25.021,-8.2168,-98.102
-18.042,-20.073,-8.2798,19.23,-4.5946,-12.571,-18.083,-43.939,-91.164,-24.927,-7.4455,-100.44
-18.483,-20.053,-8.1354,19.43,-5.1143,-12.418,-17.156,-43.355,-92.168,-24.638,-6.5048,-102.61
-19.112,-19.988,-7.9064,19.676,-5.9024,-12.185,-15.29,-42.146,-91.734,-24.134,-5.5722,-104.88
-19.923,-19.977,-7.595,20.028,-6.8917,-11.946,-12.17,-40.133,-89.781,-23.409,-4.7939,-107.46
-20.827,-20.111,-7.2313,20.512,-7.9289,-11.781,-9.4389,-37.077,-86.239,-22.434,-4.2081,-110.41
-21.705,-20.419,-6.8347,21.097,-8.8643,-11.73,-11.082,-32.725,-81.095,-21.089,-3.6813,-113.62
-22.483,-20.835,-6.3793,21.701,-9.6533,-11.762,-13.391,-28.406,-74.628,-19.063,-2.8769,-116.79
-23.161,-21.188,-5.7465,22.207,-10.39,-11.737,-14.009,-32.423,-68.115,-15.675,-1.2477,-119.47
-23.741,-21.169,-4.7078,22.439,-11.232,-11.382,-12.796,-33.016,-68.505,-10.195,2.0782,-120.99
-24.114,-20.256,-2.9795,22.095,-12.305,-10.251,-7.6135,-28.314,-81.945,-12.857,8.6109,-120.32
-24.037,-17.571,-0.90159,20.651,-13.687,-8.0839,4.0713,-18.587,-75.303,-12.432,19.501,-116.97
-23.722,-21.301,3.5608,21.231,-15.396,-10.8,23.546,-2.2211,-65.96,-11.77,15.65,-120.91
-30.707,-28.853,10.06,34.869,-17.429,-9.1642,50.566,20.959,-54.814,-11.1,13.463,-139.68
-50.063,-35.737,16.13,44.365,-21.224,-9.2816,83.92,48.766,-40.211,-8.8664,11.145,-152.86
-62.464,-43.489,20.895,53.53,-31.089,-13.129,121.02,82.341,-18.683,-2.0807,9.1932,-166.03
-69.905,-49.482,23.825,59.344,-36.21,-17.549,158.29,132.39,15.783,13.634,11.058,-176.31
-69.595,-50.168,23.522,58.174,-36.673,-18.631,192.94,206.72,69.693,43.562,19.509,-179.89
-57.794,-40.031,22.788,46.572,-33.641,-13.354,227.72,311.88,149.28,94.906,35.523,-172.81
-33.118,-10.679,27.591,21.22,-28.93,5.9238,269.47,450.25,265.54,178.53,68.875,-149.04
-0.85942,46.247,47.722,-21.814,-26.55,46.819,321.76,623.11,423.09,302.18,140.75,-103.28
38.013,137.13,100.89,-86.219,-32.152,117.47,384.21,824.37,622.97,463.55,272.1,-31.332
83.963,265.57,180.16,-173.39,-49.233,222.17,450.2,1035.1,860.38,663.68,429.89,68.816
136.34,427.45,285.96,-280.71,-76.83,357.03,505.4,1227.8,1120.6,893.78,609.16,195.12
192.92,610.25,409.51,-400.35,-110.14,511.17,532.47,1370.1,1377.6,1133.9,803.25,339.49
249.27,791.51,533.38,-518.79,-142.83,664.74,515.51,1427.7,1595.4,1352.5,989.98,486.67
298.68,941.45,635.49,-617.78,-168.24,791.74,444.95,1370.4,1730.9,1510.2,1139.9,615.13
332.95,1029.1,693.32,-677.83,-179.78,865.1,320.94,1178,1740.4,1567,1221.2,700.66
344.57,1030.7,689.75,-683.72,-172.61,864.07,153.74,847.93,1593.9,1493.3,1208.9,722.57
329.42,939.05,619.45,-630.33,-146.01,782.22,-38.745,401.64,1288.2,1281.8,1093.9,670.91
288.7,767.72,492.88,-525.68,-104.72,632.05,-235.12,-114.3,854.54,954.5,888.9,551.31
228.44,548.86,334.88,-388.73,-57.229,442.55,-414.74,-636.26,353.24,559.58,626.39,384.39
157.33,322.86,177.14,-242.96,-15.468,250.09,-561.06,-1099.1,-142.13,157.47,348.61,199.5
84.227,125.51,47.868,-109.47,10.318,86.707,-663.72,-1452.5,-565.6,-196.52,94.894,25.259
15.802,-21.515,-36.456,-2.1829,18.855,-28.734,-719.9,-1672.3,-875.68,-465.66,-108.05,-118.09
-41.836,-111.06,-74.329,72.657,11.256,-92.987,-734.74,-1761.9,-1060.8,-637.34,-249.68,-221.89
-79.782,-150.59,-76.735,115.2,-6.7359,-116.09,-719.58,-1746.1,-1133.6,-720.08,-333.24,-287.72
-101.07,-157.34,-60.767,132.64,-26.144,-113.71,-688.52,-1660.2,-1122.1,-735.02,-369.94,-323.36
-109.2,-146.38,-42.346,131.81,-39.41,-100.56,-654.89,-1539,-1058.3,-706.39,-373.59,-338.56
-105.05,-129.05,-31.247,118.87,-42.857,-87.412,-627.63,-1408.2,-969.27,-655.08,-358.51,-342.06
-90.443,-112.13,-30.644,100.14,-22.164,-79.303,-609.36,-1282.2,-871.96,-595.99,-335.45,-340.24
-69.405,-98.643,-39.08,81.345,-4.4963,-76.94,-597,-1165.1,-773.97,-537.81,-309.28,-337
-46.52,-89.779,-53.035,66.076,-0.95701,-78.814,-584.09,-1055.1,-677.41,-484.46,-283.04,-334
-29.618,-85.358,-69.05,53.973,1.0905,-83.44,-564.18,-949.16,-582.82,-436.24,-259.36,-331.01
-26.48,-81.37,-83.595,45.42,2.7494,-85.727,-534.66,-845.67,-489.58,-391.02,-237.05,-321.33
-24.478,-79.903,-90.012,43.452,3.1055,-84.969,-494.46,-746.81,-401.63,-347.69,-213.44,-302.59
-22.09,-77.294,-90.439,42.228,2.9033,-81.496,-442.93,-657.78,-322.34,-312.23,-194.07,-295.66
-21.218,-72.76,-83.627,40.265,3.2227,-74.946,-383.25,-575.72,-248.33,-279.3,-176.93,-290.09
-22.152,-66.833,-69.952,37.409,3.4065,-66.692,-321.16,-494.3,-181.54,-248.6,-159.62,-284.12
-23.322,-60.365,-55.245,34.11,2.3889,-58.145,-260.46,-414.16,-127.23,-219.73,-141.44,-277.85
-23.746,-54.159,-42.971,31.19,0.89957,-50.081,-204.13,-340.43,-89.445,-187.38,-123.22,-271.57
-23.663,-48.635,-33.158,29.038,-0.24591,-42.914,-155.41,-275.45,-62.895,-154.81,-106.49,-265.62
-23.489,-43.819,-25.847,27.536,-1.3628,-36.927,-116.68,-220.57,-43.022,-125.8,-92.517,-260.16
-23.403,-39.563,-20.838,26.47,-2.8652,-32.223,-87.45,-177.33,-26.244,-102.19,-81.958,-255.06
-23.437,-35.754,-17.374,25.684,-4.6181,-28.62,-64.256,-145.32,-11.521,-84.656,-74.333,-249.95
-23.561,-32.404,-14.672,25.081,-6.3639,-25.678,-45.42,-121.98,-1.4671,-72.61,-67.955,-244.59
-23.724,-29.602,-12.329,24.597,-7.9885,-22.882,-31.055,-104.36,-0.15015,-64.609,-61.63,-239.24
-23.872,-27.407,-10.317,24.188,-9.4287,-20.065,-20.505,-90.266,-0.88485,-59.114,-55.69,-234.56
-23.962,-25.776,-8.7673,23.824,-10.596,-17.613,-12.639,-78.483,1.5125,-54.91,-50.698,-230.95
-23.975,-24.596,-7.4523,23.491,-11.444,-15.812,-6.7405,-68.497,4.1985,-50.898,-46.753,-228.39
-23.913,-23.737,-6.3455,23.18,-12.004,-14.565,-4.7179,-59.741,6.1115,-46.074,-43.714,-226.67
-23.795,-23.097,-5.5092,22.89,-12.346,-13.696,-5.0465,-50.053,7.0279,-40.928,-41.409,-225.57
-23.642,-22.601,-4.9542,22.622,-12.528,-13.089,-1.644,-40.476,6.9198,-36.68,-39.68,-224.93
-23.477,-22.204,-4.6845,22.381,-12.594,-12.674,2.5697,-33.656,5.8468,-33.518,-38.382,-224.54
-23.324,-21.876,-4.6646,22.175,-12.586,-12.394,6.1898,-28.756,3.94,-31.137,-37.392,-224.22
-23.207,-21.594,-4.8119,22.013,-12.546,-12.193,8.9947,-24.943,1.384,-29.28,-36.619,-223.8
-23.136,-21.338,-5.0162,21.892,-12.511,-12.016,11.06,-21.822,-1.6097,-27.787,-36.017,-223.23
-23.098,-21.091,-5.1734,21.797,-12.496,-11.822,12.589,-19.197,-4.8318,-26.562,-35.58,-222.53
-23.063,-20.838,-5.2134,21.697,-12.491,-11.59,13.747,-16.96,-8.0968,-25.542,-35.33,-221.82
-22.995,-20.573,-5.1091,21.566,-12.477,-11.324,14.634,-15.043,-11.254,-24.683,-35.283,-221.17
-22.881,-20.301,-4.8655,21.393,-12.443,-11.042,15.302,-13.389,-14.19,-23.95,-35.432,-220.66
-22.731,-20.034,-4.5042,21.191,-12.399,-10.767,15.78,-11.94,-16.823,-23.301,-35.726,-220.29
-22.577,-19.793,-4.0598,20.99,-12.372,-10.523,16.089,-10.629,-19.096,-22.692,-36.083,-220.04
-22.456,-19.594,-3.5844,20.823,-12.394,-10.327,16.25,-9.3901,-20.97,-22.077,-36.406,-219.83
-22.392,-19.442,-3.1461,20.71,-12.481,-10.184,16.29,-8.1675,-22.435,-21.423,-36.616,-219.58
-22.387,-19.326,-2.8112,20.647,-12.617,-10.083,16.237,-6.9306,-23.517,-20.732,-36.698,-219.23
-22.416,-19.223,-2.6178,20.612,-12.764,-10.002,16.115,-5.6858,-24.287,-20.042,-36.705,-218.77
-22.442,-19.107,-2.561,20.572,-12.88,-9.911,15.936,-4.4731,-24.852,-19.419,-36.749,-218.24
-22.427,-18.952,-2.5966,20.496,-12.941,-9.7845,15.703,-3.3432,-25.321,-18.927,-36.938,-217.68
-22.346,-18.737,-2.6624,20.36,-12.945,-9.6067,15.415,-2.3246,-25.756,-18.6,-37.324,-217.17
-22.191,-18.454,-2.7017,20.155,-12.905,-9.375,15.089,-1.4009,-26.159,-18.424,-37.885,-216.73
-21.965,-18.1,-2.6766,19.881,-12.839,-9.0961,14.762,-0.5115,-26.471,-18.336,-38.539,-216.36
-21.684,-17.677,-2.5681,19.544,-12.771,-8.7792,14.484,0.42668,-26.608,-18.246,-39.184,-216.04
-21.367,-17.191,-2.3692,19.153,-12.718,-8.4292,14.302,1.5002,-26.491,-18.059,-39.731,-215.72
-21.033,-16.646,-2.0821,18.716,-12.689,-8.0437,14.235,2.7632,-26.083,-17.709,-40.129,-215.37
-20.687,-16.038,-1.7195,18.231,-12.679,-7.6159,14.275,4.2352,-25.397,-17.167,-40.364,-214.95
-20.318,-15.359,-1.3077,17.691,-12.659,-7.1397,14.386,5.9046,-24.486,-16.445,-40.45,-214.47
-19.898,-14.601,-0.87809,17.079,-12.592,-6.6153,14.533,7.7405,-23.429,-15.578,-40.419,-213.94
-19.4,-13.763,-0.45158,16.387,-12.452,-6.0508,14.694,9.7078,-22.313,-14.611,-40.306,-213.38
-18.82,-12.864,-0.025144,15.631,-12.245,-5.4601,14.865,11.779,-21.221,-13.589,-40.145,-212.79
-18.187,-11.942,0.42412,14.85,-12.004,-4.8589,15.06,13.944,-20.218,-12.549,-39.962,-212.15
-17.545,-11.04,0.91694,14.093,-11.774,-4.2622,15.299,16.216,-19.339,-11.511,-39.761,-211.41
-16.925,-10.186,1.4459,13.386,-11.583,-3.6857,15.605,18.634,-18.579,-10.475,-39.53,-210.49
-16.329,-9.3908,1.9637,12.726,-11.421,-3.1481,15.984,21.256,-17.892,-9.4199,-39.24,-209.29
-15.726,-8.6487,2.3922,12.085,-11.245,-2.6737,16.421,24.13,-17.209,-8.3233,-38.865,-207.72
-15.081,-7.9551,2.6507,11.433,-11.007,-2.288,16.883,27.275,-16.462,-7.1679,-38.39,-205.67
-14.37,-7.3092,2.688,10.756,-10.671,-2.0071,17.327,30.661,-15.605,-5.9442,-37.819,-203.1
-13.598,-6.7066,2.502,10.06,-10.234,-1.8268,17.712,34.224,-14.611,-4.6352,-37.163,-200.07
-12.779,-6.1308,2.134,9.3492,-9.7173,-1.7209,18.005,37.893,-13.474,-3.2033,-36.432,-196.74
-11.924,-5.5503,1.6472,8.6162,-9.1574,-1.6515,18.176,41.624,-12.202,-1.5943,-35.631,-193.28
-11.017,-4.9258,1.1047,7.8294,-8.5881,-1.5814,18.202,45.415,-10.822,0.23755,-34.765,-189.77
-10.029,-4.2185,0.55756,6.9459,-8.0324,-1.4826,18.07,49.31,-9.3696,2.3003,-33.838,-186.15
-8.9407,-3.3976,0.042709,5.9342,-7.5074,-1.3363,17.785,53.387,-7.8916,4.5501,-32.856,-182.31
-7.7704,-2.4428,-0.4122,4.7915,-7.0322,-1.1274,17.372,57.726,-6.426,6.9044,-31.818,-178.13
-6.5698,-1.3408,-0.78215,3.5384,-6.626,-0.83759,16.87,62.369,-4.9913,9.2805,-30.726,-173.52
-5.3821,-0.07208,-1.0405,2.1885,-6.2951,-0.43857,16.316,67.341,-3.5697,11.638,-29.583,-168.52
-4.1964,1.3985,-1.1601,0.7167,-6.0204,0.10742,15.745,72.645,-2.1045,14.002,-28.393,-163.26
-2.9373,3.1096,-1.1188,-0.93748,-5.7601,0.83541,15.182,78.256,-0.5106,16.453,-27.161,-157.91
-1.5034,5.0677,-0.90318,-2.8275,-5.4687,1.755,14.646,84.11,1.3047,19.1,-25.889,-152.64
0.17993,7.2218,-0.5081,-4.9545,-5.1139,2.8342,14.149,90.112,3.4204,22.06,-24.57,-147.46
2.1318,9.4794,0.058415,-7.2622,-4.6801,4.0073,13.699,96.158,5.8892,25.449,-23.186,-142.3
4.3187,11.749,0.76259,-9.6681,-4.1583,5.2029,13.289,102.17,8.7362,29.388,-21.696,-136.99
6.6719,13.97,1.5421,-12.097,-3.5405,6.365,12.899,108.12,11.968,33.998,-20.05,-131.49
9.1049,16.113,2.3199,-14.496,-2.8225,7.4595,12.503,114,15.591,39.36,-18.203,-125.89
11.542,18.177,3.0203,-16.838,-2.0071,8.4729,12.075,119.81,19.636,45.455,-16.118,-120.5
13.952,20.193,3.5752,-19.136,-1.0945,9.4155,11.604,125.62,24.179,52.117,-13.775,-115.54
16.368,22.225,3.9244,-21.44,-0.066539,10.317,11.096,131.55,29.353,59.071,-11.165,-111
18.864,24.354,4.0216,-23.815,1.117,11.219,10.566,137.85,35.313,66.059,-8.2749,-106.63
21.498,26.635,3.8451,-26.297,2.4962,12.166,10.021,144.86,42.166,72.95,-5.0869,-102.22
24.275,29.069,3.4072,-28.866,4.0805,13.189,9.4476,152.94,49.866,79.725,-1.5756,-97.624
27.149,31.611,2.7545,-31.449,5.8328,14.313,8.8069,162.21,58.175,86.393,2.2863,-92.814
30.048,34.211,1.9637,-33.968,7.6832,15.561,8.0235,172.49,66.74,92.958,6.519,-87.76
32.92,36.864,1.1325,-36.397,9.5551,16.974,6.9981,183.32,75.25,99.426,11.125,-82.413
35.764,39.641,0.36347,-38.799,11.404,18.621,5.6418,194.26,83.532,105.82,16.078,-76.741
38.633,42.669,-0.25752,-41.324,13.236,20.567,3.9206,205.02,91.546,112.18,21.32,-70.774
41.603,46.074,-0.67496,-44.156,15.106,22.812,1.8782,215.45,99.323,118.54,26.762,-64.6
44.745,49.896,-0.86045,-47.436,17.082,25.267,-0.38775,225.42,106.89,124.9,32.3,-58.328
48.105,54.066,-0.80075,-51.204,19.207,27.808,-2.7893,234.82,114.21,131.22,37.843,-52.075
51.705,58.461,-0.48587,-55.4,21.453,30.363,-5.2983,243.55,121.22,137.49,43.347,-45.953
55.552,63.005,0.10235,-59.925,23.714,32.945,-7.9381,251.59,127.84,143.73,48.849,-40.047
59.63,67.718,0.99268,-64.702,25.838,35.626,-10.73,258.96,134.01,149.94,54.45,-34.395
63.888,72.682,2.2075,-69.678,27.697,38.485,-13.646,265.75,139.74,156.07,60.252,-29.034
68.24,77.95,3.7321,-74.799,29.243,41.557,-16.602,272.03,145.05,161.98,66.275,-24.039
72.61,83.485,5.489,-79.985,30.511,44.812,-19.477,277.87,149.99,167.52,72.404,-19.5
76.97,89.164,7.334,-85.158,31.584,48.16,-22.147,283.28,154.59,172.6,78.413,-15.444
81.338,94.812,9.0858,-90.24,32.556,51.469,-24.521,288.19,158.84,177.18,84.06,-11.793
85.701,100.23,10.586,-95.136,33.488,54.608,-26.6,292.5,162.71,181.26,89.186,-8.4062
89.939,105.24,11.755,-99.702,34.394,57.488,-28.5,296.09,166.08,184.84,93.755,-5.1353
93.84,109.67,12.616,-103.76,35.246,60.076,-30.424,298.89,168.9,187.96,97.826,-1.8585
97.219,113.43,13.266,-107.19,36.006,62.379,-32.595,300.92,171.14,190.66,101.5,1.5118
100.01,116.5,13.819,-109.95,36.653,64.411,-35.179,302.23,172.84,193.01,104.85,5.0214
102.24,118.96,14.342,-112.12,37.2,66.169,-38.193,302.9,174.1,195.06,107.93,8.6595
104,120.88,14.824,-113.77,37.687,67.635,-41.458,302.99,175.04,196.87,110.73,12.354
105.36,122.34,15.199,-115,38.164,68.78,-44.665,302.54,175.76,198.49,113.22,15.996
106.39,123.37,15.392,-115.85,38.662,69.581,-47.539,301.59,176.3,199.9,115.38,19.486
107.13,124,15.373,-116.4,39.179,70.045,-49.961,300.15,176.65,201.09,117.23,22.772
107.65,124.29,15.172,-116.69,39.677,70.214,-51.953,298.26,176.76,202.01,118.84,25.854
107.97,124.33,14.87,-116.8,40.098,70.165,-53.596,295.98,176.59,202.63,120.29,28.763
108.11,124.18,14.575,-116.76,40.387,69.978,-54.961,293.33,176.09,202.94,121.7,31.536
108.07,123.89,14.38,-116.6,40.502,69.717,-56.082,290.33,175.21,202.96,123.12,34.193
107.82,123.49,14.334,-116.31,40.425,69.41,-56.944,286.96,173.96,202.7,124.56,36.723
107.34,122.96,14.425,-115.87,40.165,69.047,-57.493,283.2,172.32,202.18,125.95,39.085
106.63,122.27,14.586,-115.26,39.753,68.599,-57.66,279.07,170.28,201.41,127.15,41.225
105.69,121.42,14.731,-114.46,39.235,68.038,-57.412,274.62,167.84,200.38,128.04,43.104
104.53,120.4,14.794,-113.48,38.645,67.35,-56.774,269.89,165,199.11,128.5,44.726
103.11,119.19,14.754,-112.28,37.984,66.534,-55.813,264.96,161.76,197.6,128.47,46.135
101.34,117.74,14.633,-110.78,37.221,65.597,-54.579,259.86,158.12,195.82,127.93,47.395
99.121,115.97,14.481,-108.89,36.304,64.55,-53.061,254.6,154.1,193.74,126.91,48.548
96.407,113.82,14.351,-106.52,35.193,63.399,-51.176,249.18,149.74,191.33,125.45,49.593
93.236,111.26,14.271,-103.66,33.876,62.146,-48.784,243.6,145.1,188.58,123.65,50.467
89.711,108.29,14.225,-100.34,32.362,60.769,-45.741,237.87,140.24,185.52,121.59,51.063
85.94,104.87,14.151,-96.594,30.679,59.217,-41.955,232,135.18,182.2,119.36,51.262
82.004,100.9,13.961,-92.367,28.872,57.4,-37.434,226.01,129.91,178.65,117.03,50.977
77.955,96.169,13.583,-87.56,26.996,55.212,-32.301,219.86,124.35,174.9,114.64,50.191
73.833,90.518,12.987,-82.127,25.091,52.571,-26.769,213.49,118.37,170.93,112.17,48.954
69.683,83.977,12.194,-76.209,23.154,49.475,-21.083,206.81,111.8,166.71,109.6,47.357
65.548,76.912,11.261,-70.161,21.143,46.024,-15.426,199.73,104.5,162.21,106.88,45.493
61.457,69.871,10.247,-64.398,19.016,42.377,-9.8898,192.23,96.351,157.39,103.92,43.423
57.362,63.261,9.1917,-59.156,16.783,38.645,-4.5507,184.41,87.304,152.25,100.65,41.172
53.122,57.151,8.0966,-54.361,14.513,34.849,0.47528,176.52,77.444,146.81,97.003,38.734
48.548,51.364,6.9367,-49.713,12.308,30.952,5.0634,168.83,67.042,141.07,92.887,36.089
43.489,45.657,5.6776,-44.876,10.246,26.93,9.1524,161.56,56.549,135.09,88.228,33.212
37.89,39.835,4.2894,-39.622,8.3537,22.784,12.75,154.77,46.457,128.88,82.985,30.095
31.786,33.774,2.7603,-33.87,6.6088,18.543,15.877,148.36,37.099,122.48,77.182,26.755
25.265,27.413,1.1122,-27.639,4.964,14.256,18.522,142.17,28.559,115.92,70.936,23.241
18.461,20.755,-0.59098,-21.011,3.379,9.9996,20.652,136.02,20.734,109.19,64.441,19.626
11.566,13.914,-2.2574,-14.127,1.8412,5.8939,22.255,129.79,13.456,102.31,57.935,15.976
4.8838,7.1402,-3.8015,-7.2377,0.3678,2.0809,23.385,123.39,6.5711,95.242,51.64,12.336
-1.2124,0.76955,-5.1703,-0.69807,-1.007,-1.3272,24.141,116.73,-0.044677,87.968,45.717,8.7268
-6.4316,-4.9173,-6.3471,5.139,-2.2518,-4.2903,24.632,109.75,-6.4899,80.473,40.246,5.1679
-10.692,-9.7879,-7.3384,10.065,-3.3512,-6.8332,24.943,102.41,-12.837,72.752,35.223,1.7044
-14.084,-13.835,-8.1568,14.041,-4.3088,-9.0067,25.126,94.675,-19.113,64.802,30.601,-1.5839
-16.759,-17.11,-8.8123,17.133,-5.1426,-10.86,25.206,86.53,-25.26,56.626,26.323,-4.6025
-18.849,-19.696,-9.317,19.457,-5.8798,-12.438,25.194,77.986,-31.11,48.298,22.348,-7.2787
-20.463,-21.706,-9.6941,21.162,-6.5498,-13.782,25.096,69.092,-36.383,40.076,18.661,-9.5861
-21.703,-23.272,-9.9845,22.414,-7.1733,-14.938,24.92,59.978,-40.75,32.45,15.261,-11.544
-22.653,-24.519,-10.252,23.353,-7.7522,-15.949,24.68,50.871,-43.95,25.913,12.145,-13.201
-23.383,-25.541,-10.582,24.079,-8.2665,-16.857,24.389,42.066,-45.912,20.62,9.3026,-14.624
-23.935,-26.396,-11.056,24.648,-8.6877,-17.693,24.057,33.834,-46.786,16.35,6.7126,-15.881
-24.344,-27.115,-11.716,25.091,-8.9994,-18.477,23.69,26.345,-46.837,12.766,4.3554,-17.032
-24.641,-27.714,-12.537,25.429,-9.2117,-19.208,23.289,19.652,-46.294,9.6132,2.228,-18.117
-24.855,-28.205,-13.424,25.681,-9.358,-19.867,22.854,13.736,-45.263,6.7481,0.35181,-19.151
-25.011,-28.592,-14.244,25.861,-9.4788,-20.415,22.386,8.5433,-43.755,4.1116,-1.2358,-20.124
-25.122,-28.874,-14.858,25.975,-9.6029,-20.808,21.895,4.0096,-41.747,1.6887,-2.5015,-21.011
-25.187,-29.045,-15.157,26.022,-9.7405,-21.005,21.397,0.061775,-39.233,-0.5174,-3.4364,-21.792
-25.202,-29.102,-15.066,25.999,-9.8901,-20.989,20.91,-3.377,-36.239,-2.4989,-4.0665,-22.465
-25.166,-29.051,-14.568,25.911,-10.051,-20.764,20.456,-6.3795,-32.826,-4.2483,-4.4482,-23.048
-25.091,-28.902,-13.709,25.767,-10.232,-20.356,20.053,-9.0036,-29.085,-5.7604,-4.6563,-23.567
-24.993,-28.66,-12.606,25.582,-10.445,-19.796,19.707,-11.289,-25.131,-7.0366,-4.7715,-24.037
-24.894,-28.32,-11.407,25.369,-10.702,-19.114,19.412,-13.266,-21.095,-8.0918,-4.8712,-24.462
-24.81,-27.86,-10.238,25.136,-11.007,-18.332,19.156,-14.964,-17.103,-8.9581,-5.021,-24.829
-24.755,-27.269,-9.1587,24.892,-11.357,-17.466,18.924,-16.418,-13.263,-9.6791,-5.2673,-25.123
-24.739,-26.562,-8.1556,24.651,-11.751,-16.534,18.706,-17.67,-9.644,-10.3,-5.6337,-25.335
-24.772,-25.793,-7.1703,24.431,-12.189,-15.563,18.495,-18.762,-6.2869,-10.853,-6.1217,-25.474
-24.859,-25.034,-6.1458,24.252,-12.671,-14.594,18.295,-19.729,-3.2311,-11.354,-6.7148,-25.567
-24.994,-24.344,-5.0617,24.124,-13.187,-13.665,18.119,-20.593,-0.54089,-11.794,-7.3809,-25.646
-25.166,-23.756,-3.9367,24.045,-13.721,-12.809,17.981,-21.363,1.701,-12.153,-8.0753,-25.738
-25.358,-23.275,-2.8119,24.006,-14.254,-12.045,17.889,-22.037,3.4272,-12.403,-8.7468,-25.846
-25.558,-22.892,-1.7356,23.994,-14.771,-11.385,17.837,-22.607,4.6239,-12.528,-9.3473,-25.95
-25.759,-22.589,-0.7494,23.997,-15.264,-10.833,17.808,-23.066,5.353,-12.527,-9.8447,-26.017
-25.956,-22.344,0.12226,24.007,-15.731,-10.38,17.779,-23.41,5.739,-12.412,-10.236,-26.014
-26.142,-22.13,0.87568,24.01,-16.17,-10.009,17.732,-23.639,5.9274,-12.208,-10.554,-25.919
-26.305,-21.92,1.5236,23.994,-16.574,-9.6903,17.657,-23.762,6.0405,-11.938,-10.87,-25.727
-26.437,-21.694,2.0883,23.95,-16.934,-9.3973,17.553,-23.79,6.1521,-11.629,-11.266,-25.458
-26.529,-21.446,2.5962,23.871,-17.238,-9.1074,17.425,-23.745,6.2859,-11.309,-11.815,-25.146
-26.577,-21.178,3.0745,23.76,-17.476,-8.8062,17.278,-23.649,6.4288,-11.004,-12.543,-24.838
-26.578,-20.896,3.545,23.62,-17.643,-8.4864,17.119,-23.527,6.5516,-10.734,-13.421,-24.567
-26.528,-20.602,4.0184,23.451,-17.734,-8.146,16.95,-23.396,6.6317,-10.507,-14.375,-24.354
-26.422,-20.287,4.4916,23.252,-17.752,-7.7862,16.769,-23.272,6.669,-10.315,-15.31,-24.198
-26.257,-19.944,4.9546,23.019,-17.706,-7.4096,16.566,-23.158,6.6867,-10.141,-16.143,-24.084
-26.04,-19.564,5.4033,22.755,-17.613,-7.0184,16.333,-23.056,6.7172,-9.9709,-16.824,-23.991
-25.788,-19.147,5.8476,22.469,-17.498,-6.6149,16.064,-22.957,6.7854,-9.801,-17.341,-23.902
-25.523,-18.701,6.3027,22.173,-17.383,-6.2021,15.762,-22.847,6.8988,-9.6377,-17.712,-23.8
-25.264,-18.236,6.7699,21.879,-17.28,-5.7883,15.438,-22.707,7.051,-9.4891,-17.974,-23.675
-25.014,-17.765,7.22,21.586,-17.18,-5.3904,15.098,-22.516,7.2299,-9.3559,-18.167,-23.518
-24.769,-17.302,7.5978,21.29,-17.06,-5.0328,14.744,-22.261,7.428,-9.2281,-18.327,-23.324
-24.515,-16.862,7.8461,20.98,-16.898,-4.7374,14.372,-21.937,7.6484,-9.0874,-18.485,-23.094
-24.231,-16.442,7.938,20.644,-16.679,-4.5085,13.985,-21.552,7.9056,-8.9118,-18.657,-22.836
-23.896,-16.022,7.8968,20.265,-16.402,-4.3247,13.604,-21.117,8.224,-8.6766,-18.843,-22.555
-23.486,-15.56,7.7858,19.816,-16.079,-4.1474,13.262,-20.64,8.6345,-8.3537,-19.024,-22.252
-22.978,-15.006,7.6733,19.266,-15.726,-3.9372,13.005,-20.112,9.1716,-7.9102,-19.158,-21.917
-22.352,-14.31,7.6001,18.581,-15.359,-3.6617,12.875,-19.506,9.8692,-7.3112,-19.181,-21.531
-21.601,-13.412,7.5821,17.726,-14.994,-3.29,12.907,-18.781,10.754,-6.5269,-19.02,-21.068
-20.735,-12.244,7.6352,16.671,-14.65,-2.7784,13.116,-17.895,11.834,-5.5435,-18.612,-20.51
-19.792,-10.736,7.7897,15.401,-14.342,-2.0611,13.494,-16.82,13.089,-4.3733,-17.924,-19.848
-18.834,-8.8428,8.072,13.939,-14.081,-1.056,14.011,-15.559,14.467,-3.06,-16.982,-19.093
-17.932,-6.5771,8.4681,12.344,-13.867,0.3117,14.633,-14.142,15.892,-1.6726,-15.866,-18.273
-17.137,-4.0121,8.9256,10.694,-13.689,2.0758,15.342,-12.625,17.284,-0.28841,-14.698,-17.422
-16.455,-1.2439,9.4467,9.0476,-13.542,4.2134,16.139,-11.063,18.584,1.0314,-13.595,-16.569
-15.85,1.6606,10.175,7.4049,-13.432,6.6689,17.031,-9.502,19.77,2.262,-12.63,-15.719
-15.259,4.6845,11.331,5.7129,-13.374,9.3868,18.016,-7.9649,20.85,3.419,-11.809,-14.863
-14.61,7.8475,13.064,3.8803,-13.382,12.319,19.075,-6.4621,21.85,4.5427,-11.081,-13.977
-13.826,11.186,15.372,1.7959,-13.454,15.417,20.16,-5.0052,22.782,5.6709,-10.371,-13.039
-12.827,14.737,18.131,-0.65427,-13.576,18.63,21.199,-3.6254,23.627,6.8106,-9.6181,-12.038
-11.539,18.525,21.134,-3.5594,-13.725,21.899,22.106,-2.3833,24.324,7.9236,-8.7957,-10.975
-9.9142,22.516,24.121,-6.9339,-13.88,25.155,22.803,-1.3622,24.791,8.9322,-7.9059,-9.8687
-7.9569,26.592,26.82,-10.668,-14.024,28.301,23.233,-0.64644,24.947,9.7474,-6.9672,-8.7513
-5.7585,30.558,29.007,-14.528,-14.135,31.243,23.37,-0.29596,24.743,10.3,-6.0051,-7.6617
-3.4926,34.205,30.557,-18.224,-14.187,33.935,23.203,-0.33059,24.165,10.56,-5.0545,-6.6439
-1.3642,37.373,31.506,-21.515,-14.149,36.396,22.718,-0.73447,23.225,10.535,-4.168,-5.7462
0.46465,39.967,32.047,-24.269,-13.992,38.659,21.882,-1.4747,21.938,10.25,-3.4166,-5.0207
1.9281,41.956,32.402,-26.465,-13.702,40.692,20.649,-2.5182,20.309,9.7391,-2.8741,-4.515
3.0678,43.37,32.647,-28.157,-13.279,42.34,18.972,-3.8359,18.344,9.039,-2.591,-4.2546
4.0106,44.289,32.695,-29.428,-12.73,43.371,16.837,-5.396,16.052,8.1949,-2.5707,-4.2261
4.9319,44.805,32.401,-30.352,-12.057,43.625,14.294,-7.1543,13.464,7.2643,-2.7595,-4.3744
6.0136,44.987,31.651,-31.006,-11.245,43.137,11.445,-9.0489,10.635,6.314,-3.0546,-4.615
7.4056,44.89,30.416,-31.487,-10.261,42.066,8.4108,-11.006,7.6325,5.4082,-3.3318,-4.8585
9.1909,44.563,28.733,-31.913,-9.0677,40.569,5.2808,-12.952,4.5203,4.5896,-3.4844,-5.0396
11.361,44.051,26.664,-32.377,-7.6261,38.745,2.1069,-14.835,1.337,3.8622,-3.4602,-5.141
13.816,43.377,24.278,-32.904,-5.912,36.652,-1.0709,-16.63,-1.9123,3.1898,-3.2786,-5.1998
16.395,42.549,21.651,-33.46,-3.9288,34.331,-4.1835,-18.334,-5.2464,2.5132,-3.0173,-5.2893
18.927,41.568,18.877,-33.983,-1.7281,31.832,-7.1111,-19.939,-8.6844,1.7819,-2.7728,-5.4821
21.249,40.441,16.056,-34.417,0.56993,29.214,-9.6984,-21.415,-12.219,0.97873,-2.6164,-5.8148
23.215,39.168,13.257,-34.705,2.7796,26.543,-11.804,-22.708,-15.806,0.12768,-2.5701,-6.2757
24.697,37.715,10.487,-34.779,4.6976,23.852,-13.358,-23.761,-19.374,-0.71847,-2.6137,-6.8188
25.607,35.992,7.7157,-34.544,6.1779,21.115,-14.396,-24.54,-22.859,-1.5058,-2.7155,-7.3911
25.921,33.864,4.9545,-33.88,7.1856,18.252,-15.032,-25.059,-26.246,-2.2109,-2.8669,-7.9556
25.685,31.182,2.2876,-32.659,7.8019,15.181,-15.408,-25.386,-29.579,-2.8612,-3.101,-8.5035
24.984,27.842,-0.17558,-30.765,8.1848,11.915,-15.649,-25.623,-32.968,-3.5308,-3.4827,-9.0515
23.906,23.858,-2.3551,-28.141,8.4933,8.6202,-15.849,-25.879,-36.556,-4.3109,-4.078,-9.6277
22.487,19.426,-4.2035,-24.851,8.8048,5.5572,-16.059,-26.234,-40.492,-5.2707,-4.9208,-10.253
20.674,14.897,-5.689,-21.092,9.0742,2.9245,-16.284,-26.72,-44.9,-6.4331,-5.9989,-10.928
18.332,10.608,-6.7924,-17.103,9.1661,0.76131,-16.504,-27.324,-49.854,-7.7814,-7.2682,-11.635
15.318,6.7184,-7.5204,-13.032,8.9312,-1.0196,-16.706,-28.014,-55.356,-9.2868,-8.6816,-12.356
11.596,3.1711,-7.9204,-8.9065,8.2727,-2.5563,-16.894,-28.764,-61.323,-10.934,-10.214,-13.084
7.3076,-0.20416,-8.0866,-4.7007,7.1755,-3.9843,-17.086,-29.57,-67.594,-12.721,-11.864,-13.837
2.7389,-3.5571,-8.1526,-0.42788,5.7077,-5.4086,-17.294,-30.436,-73.967,-14.642,-13.642,-14.635
-1.805,-6.9298,-8.2683,3.8211,4.0058,-6.8878,-17.526,-31.363,-80.252,-16.664,-15.542,-15.483
-6.0788,-10.24,-8.5657,7.883,2.2472,-8.4292,-17.782,-32.328,-86.302,-18.726,-17.529,-16.358
-9.8967,-13.326,-9.1242,11.552,0.60662,-9.9975,-18.061,-33.291,-92.014,-20.75,-19.544,-17.211
-13.111,-16.035,-9.9483,14.641,-0.78897,-11.536,-18.361,-34.207,-97.326,-22.668,-21.515,-17.989
-15.632,-18.291,-10.969,17.057,-1.8887,-12.993,-18.673,-35.05,-102.21,-24.443,-23.382,-18.652
-17.471,-20.118,-12.075,18.841,-2.71,-14.34,-18.996,-35.825,-106.66,-26.064,-25.106,-19.183
-18.75,-21.596,-13.167,20.127,-3.3011,-15.568,-19.336,-36.567,-110.7,-27.531,-26.67,-19.582
-19.64,-22.807,-14.184,21.071,-3.7047,-16.679,-19.693,-37.318,-114.33,-28.829,-28.067,-19.863
-20.276,-23.808,-15.088,21.788,-3.9468,-17.667,-20.048,-38.099,-117.54,-29.926,-29.282,-20.039
-20.731,-24.628,-15.845,22.341,-4.0483,-18.518,-20.352,-38.881,-120.21,-30.781,-30.293,-20.111
-21.04,-25.284,-16.418,22.756,-4.0469,-19.215,-20.528,-39.58,-122.21,-31.375,-31.076,-20.067
-21.235,-25.788,-16.797,23.049,-4.013,-19.747,-20.484,-40.075,-123.37,-31.729,-31.627,-19.892
-21.374,-26.148,-17.009,23.243,-4.0422,-20.105,-20.119,-40.23,-123.56,-31.895,-31.969,-19.586
-21.528,-26.375,-17.101,23.377,-4.2234,-20.286,-19.345,-39.906,-122.75,-31.932,-32.156,-19.171
-21.764,-26.496,-17.113,23.496,-4.6022,-20.304,-18.064,-38.962,-120.97,-31.868,-32.258,-18.682
-22.115,-26.553,-17.053,23.644,-5.164,-20.189,-16.014,-37.235,-118.28,-31.688,-32.336,-18.162
-22.567,-26.584,-16.884,23.841,-5.8494,-19.976,-12.899,-34.518,-114.61,-31.327,-32.399,-17.634
-23.063,-26.601,-16.535,24.076,-6.587,-19.68,-10.3,-30.556,-109.68,-30.656,-32.368,-17.086
-23.534,-26.566,-15.91,24.298,-7.3244,-19.277,-11.687,-25.766,-103.05,-29.438,-32.037,-16.441
-23.924,-26.374,-14.899,24.419,-8.0508,-18.68,-13.833,-27.059,-94.498,-27.208,-31.048,-15.548
-24.178,-25.822,-13.375,24.301,-8.8041,-17.703,-14.482,-31.789,-85.499,-23.025,-28.848,-14.138
-24.189,-24.547,-11.262,23.71,-9.669,-16.038,-13.109,-28.335,-85.935,-18.964,-24.59,-11.702
-23.761,-21.856,-9.3284,22.2,-10.771,-13.45,-6.6827,-19.952,-92.213,-18.674,-17.229,-6.9875
-22.682,-20.396,-7.028,19.954,-12.218,-14.618,7.3265,-5.5802,-83.009,-18.109,-19.164,-1.3628
-22.17,-28.943,-0.5922,32.027,-14.019,-12.215,28.8,14.462,-73.38,-18.15,-25.045,-9.056
-35.177,-34.766,5.0078,41.482,-17.75,-11.317,57.105,39.445,-62.904,-17.256,-28.738,-13.443
-54.371,-42.138,9.9981,50.489,-23.485,-13.737,91.456,68.641,-49.251,-12.61,-31.412,-17.703
-63.621,-48.478,11.648,57.348,-23.62,-16.636,129.19,112.6,-29.431,0.06716,-29.227,-18.697
-66.628,-49.27,11.217,58.698,-21.396,-16.627,165.39,179.47,-0.19745,25.816,-17.236,-12.432
-59.982,-39.077,11.707,50.949,-18.892,-11.3,201.31,275.29,49.286,70.031,5.55,-0.70805
-42.306,-13.723,17.545,31.053,-16.979,3.3177,243.09,405.7,141.92,139.8,42.814,14.213
-15.374,31.616,36.425,-3.9743,-17.224,35.882,295.46,564.03,283.03,243.58,105.31,42.619
19.316,106.91,81.173,-57.875,-24.743,96.387,359.48,749.29,469.3,385.58,207.14,112.3
60.656,220.93,159.14,-133.74,-45.324,192.55,429.24,948.11,694.32,568.25,348.59,229.13
107.54,373.19,268.25,-231.42,-80.059,323.89,491.03,1135.7,944.4,787.02,516.49,355.81
158.65,554.7,403.03,-345.8,-123.69,482.79,527.63,1280.3,1196.8,1025.2,705.36,500.45
211.24,747.32,546.98,-466.51,-170.42,651.53,522.74,1348.7,1420.2,1252.6,896.68,652.52
260.88,923.53,676.59,-577.55,-211.58,804.35,465.88,1312.3,1576.3,1431.9,1063.4,792.98
300.74,1050.9,765.95,-659.46,-237.65,912.06,355.6,1152,1625.2,1525.7,1174.6,898.88
322.83,1100,793.03,-694,-241.24,949.04,199.85,863.55,1534.7,1501.8,1202.5,948.4
321.16,1053.7,746.68,-670.42,-219.38,901.53,14.11,462.9,1292.5,1343.9,1131,927.63
294.38,915.44,631.76,-590.24,-174.94,773.91,-181.99,-12.194,916.03,1061.7,963.74,836.35
246.35,710.18,469.88,-467.74,-116.76,589.67,-368.45,-507.31,452.76,692.76,724.71,689.64
184.64,477.45,293.84,-325.26,-57.239,385.09,-528.03,-963.37,-31.105,293.01,452.6,513.65
117.55,258.36,137.43,-185.7,-12.06,197.62,-648.46,-1330.9,-468.83,-79.85,188.74,337.3
51.799,83.095,24.745,-66.193,12.489,54.36,-724.08,-1580.5,-810.54,-381.78,-34.375,183.91
-8.0966,-38.922,-36.09,25.178,15.632,-34.847,-757.02,-1707.1,-1033,-590.79,-199.38,66.407
-55.041,-89.133,-52.696,82.512,1.0282,-67.648,-756.01,-1726.5,-1139.3,-706.76,-303.95,-12.804
-86.048,-100.32,-42.523,110.48,-20.27,-70.575,-733.45,-1667.4,-1151.2,-745.21,-356.42,-58.896
-101.49,-100.55,-24.872,118.61,-37.166,-64.167,-702.35,-1562.2,-1099.9,-728.97,-370.41,-80.918
-101.68,-97.992,-14.485,112.88,-43.255,-58.735,-672.63,-1437.4,-1016.1,-680.74,-360.59,-88.272
-88.285,-94.542,-17.045,99.069,-37.697,-56.934,-648.67,-1309.6,-921.59,-618.51,-338.95,-87.347
-65.623,-88.347,-32.168,82.802,-18.788,-58.718,-629.4,-1186.6,-829.17,-554.16,-312.95,-81.028
-40.058,-82.266,-53.903,67.867,5.8567,-60.367,-610.25,-1069.1,-744.67,-493.74,-286.25,-72.415
-20.754,-78.327,-70.516,51.253,13.408,-64.857,-585.82,-956.3,-668.97,-439.01,-260.46,-63.898
-18.845,-54.501,-83.029,30.072,18.851,-71.947,-552.55,-851.5,-599.12,-390.93,-236.25,-24.462
-18.622,-51.378,-92.406,29.089,22.264,-73.305,-509.51,-750.82,-534.35,-348.29,-208.94,-18.654
-17.852,-51.626,-92.099,29.307,23.707,-71.173,-457.71,-656.85,-473.72,-308.98,-184.56,-18.809
-17.153,-48.195,-84.842,28.331,24.282,-66.309,-397.07,-566.07,-413.76,-272.48,-164.27,-17.177
-16.885,-43.025,-72.696,26.423,22.825,-59.745,-330.74,-479.19,-357.82,-237.36,-144.34,-13.942
-16.468,-38.104,-59.743,24.436,20.287,-52.609,-265.12,-397.97,-306.33,-203.78,-123.93,-10.014
-15.716,-34.182,-48.008,22.776,19.47,-45.619,-205.55,-324.82,-254.58,-169.13,-104.34,-5.8834
-14.922,-31.143,-37.813,21.456,18.8,-39.131,-155.37,-260.56,-205.16,-135.53,-87.226,-1.6852
-14.327,-28.669,-30.125,20.402,16.27,-33.46,-115.78,-207.36,-160.02,-107.54,-73.512,2.5107
-14.038,-26.517,-25.05,19.549,12.812,-28.79,-86.311,-167.07,-122.96,-86.958,-63.025,6.5832
-14.046,-24.554,-21.307,18.841,9.419,-24.974,-64.224,-137.71,-95.114,-72.996,-54.359,10.39
-14.245,-22.727,-17.985,18.222,6.4467,-21.642,-46.293,-116,-75.036,-63.893,-46.343,13.817
-14.507,-21.022,-14.838,17.639,3.8539,-18.519,-32.238,-99.169,-61.069,-57.779,-39.15,16.791
-14.739,-19.431,-12.042,17.048,1.5791,-15.679,-21.789,-85.409,-52.691,-53.065,-33.108,19.271
-14.89,-17.936,-9.9951,16.419,-0.32983,-13.329,-13.914,-73.836,-49.766,-47.815,-28.142,21.238
-14.94,-16.508,-8.6332,15.737,-1.8458,-11.473,-8.4408,-64.055,-46.328,-39.045,-24.045,22.696
-14.882,-15.114,-7.5352,14.997,-3.0169,-9.971,-10.504,-54.163,-39.248,-31.074,-20.63,23.676
-14.706,-13.723,-6.5681,14.188,-3.9097,-8.6913,-11.617,-43.48,-32.033,-26.408,-17.731,24.236
-14.4,-12.319,-5.6908,13.3,-4.5718,-7.5487,-8.332,-36.09,-26.053,-23.352,-15.188,24.459
-13.953,-10.909,-4.8517,12.331,-5.0285,-6.5027,-5.6145,-31.071,-21.164,-21.021,-12.848,24.444
-13.37,-9.5326,-4.0142,11.304,-5.2933,-5.5477,-3.3047,-27.206,-17.019,-19.047,-10.58,24.287
-12.679,-8.2497,-3.1652,10.266,-5.3823,-4.6973,-1.0801,-23.949,-13.338,-17.234,-8.297,24.06
-11.926,-7.1028,-2.3079,9.2741,-5.3255,-3.9578,1.0388,-21.025,-9.9385,-15.469,-5.9639,23.797
-11.158,-6.0812,-1.4509,8.3538,-5.1684,-3.3089,3.0029,-18.295,-6.7298,-13.699,-3.598,23.498
-10.399,-5.112,-0.60819,7.4812,-4.9599,-2.7046,4.7479,-15.704,-3.6842,-11.914,-1.2525,23.137
-9.6347,-4.0902,0.18762,6.5826,-4.7332,-2.0958,6.2151,-13.248,-0.8056,-10.132,1.004,22.678
-8.8136,-2.9263,0.87968,5.5642,-4.4914,-1.4558,7.3834,-10.936,1.8994,-8.3834,3.1062,22.098
-7.8652,-1.5825,1.3995,4.3528,-4.2086,-0.7905,8.2783,-8.7655,4.4385,-6.6977,5.0071,21.399
-6.7337,-0.081601,1.6901,2.9257,-3.8467,-0.13415,8.9615,-6.7038,6.8383,-5.0974,6.6853,20.624
-5.4078,1.5043,1.7285,1.3217,-3.38,0.4654,9.5111,-4.6895,9.139,-3.5903,8.1477,19.838
-3.9385,3.0816,1.5426,-0.37228,-2.8144,0.9682,10.001,-2.6446,11.386,-2.1647,9.4271,19.12
-2.4278,4.5709,1.209,-2.0545,-2.1928,1.3641,10.482,-0.49766,13.622,-0.78783,10.578,18.534
-0.98824,5.9417,0.83194,-3.6522,-1.5822,1.6836,10.977,1.7964,15.885,0.58797,11.668,18.116
0.30723,7.2258,0.51092,-5.1546,-1.0468,1.9888,11.478,4.2461,18.204,2.0104,12.759,17.873
1.4556,8.5024,0.31179,-6.6155,-0.62387,2.3498,11.955,6.825,20.605,3.509,13.893,17.779
2.5171,9.8654,0.2567,-8.1244,-0.31524,2.8244,12.374,9.484,23.107,5.0855,15.077,17.779
3.5784,11.393,0.33701,-9.7611,-0.097597,3.4563,12.707,12.17,25.727,6.7166,16.277,17.795
4.7073,13.136,0.53564,-11.558,0.057549,4.2876,12.947,14.847,28.485,8.3661,17.43,17.753
5.9232,15.111,0.84045,-13.487,0.16792,5.3662,13.104,17.511,31.395,9.9992,18.461,17.596
7.1958,17.294,1.248,-15.474,0.23376,6.7275,13.203,20.191,34.47,11.592,19.309,17.305
8.4681,19.627,1.7714,-17.441,0.23929,8.3603,13.274,22.933,37.708,13.137,19.945,16.893
9.6878,22.028,2.4554,-19.333,0.16327,10.196,13.333,25.791,41.089,14.64,20.387,16.394
10.83,24.422,3.3739,-21.142,-0.0023392,12.14,13.387,28.809,44.587,16.126,20.694,15.844
11.903,26.759,4.5892,-22.889,-0.23755,14.114,13.433,32.032,48.182,17.625,20.947,15.273
12.938,29.008,6.0949,-24.604,-0.4955,16.061,13.467,35.511,51.879,19.177,21.225,14.692
13.965,31.136,7.7901,-26.295,-0.71924,17.932,13.491,39.312,55.721,20.814,21.587,14.098
17.658,36.367,12.322,-28.595,2.766,23.181,13.019,54.441,70.996,30.975,31.585,22.063
18.79,43.453,18.237,-32.298,0.56071,29.693,12.106,56.731,76.082,35.84,33.408,22.107
20.798,50.86,23.598,-36.501,-0.94776,36.043,10.653,58.538,80.716,40.442,35.066,21.92
23.132,57.177,27.54,-40.343,-1.6211,41.08,9.2026,60.387,84.905,44.429,36.388,21.314
25.254,61.286,29.489,-43.089,-1.427,43.96,8.24,62.835,88.75,47.675,37.34,20.229
26.78,62.699,29.337,-44.344,-0.48208,44.403,8.0612,66.373,92.41,50.278,38.079,18.781
27.558,61.605,27.424,-44.113,0.97421,42.708,8.7424,71.344,96.08,52.482,38.855,17.222
27.676,58.667,24.329,-42.729,2.687,39.528,10.174,77.856,99.927,54.552,39.843,15.79
27.375,54.721,20.643,-40.678,4.4732,35.589,12.117,85.701,104.03,56.681,41.054,14.602
26.925,50.511,16.842,-38.426,6.2352,31.492,14.274,94.339,108.37,58.965,42.406,13.633
