I,II,III,aVR,aVL,aVF,V1,V2,V3,V4,V5,V6
9.0133,-1.1397,-11.34,-2.8394,10.283,-9.428,-0.69336,55.173,49.424,12.03,8.8568,10.496
8.2123,1.4365,-7.957,-4.3295,7.7907,-5.3239,-0.3988,51.336,50.422,13.861,11.499,9.436
8.7571,5.0194,-4.9128,-6.9447,6.2632,-1.1416,3.061,48.471,51.134,15.42,14.09,8.9627
11.347,10.166,-2.3492,-11.256,6.1514,3.1587,11.116,47.268,51.303,16.421,16.488,9.3167
16.07,16.992,-0.23995,-17.303,7.4321,7.6127,23.052,48.101,50.87,16.77,18.524,10.46
22.16,24.772,1.4556,-24.307,9.621,11.972,35.865,50.779,49.913,16.48,19.878,12.02
27.88,31.719,2.689,-30.53,11.823,15.496,45.154,54.428,48.514,15.53,20.036,13.295
30.914,35.394,3.3372,-33.673,12.943,17.097,46.932,57.656,46.694,13.809,18.485,13.431
29.384,33.782,3.2613,-31.879,12.146,15.845,39.627,59.021,44.474,11.26,15.088,11.824
22.928,26.42,2.3636,-24.802,9.3461,11.532,25.135,57.604,41.977,8.1193,10.369,8.5245
13.046,14.83,0.66219,-13.976,5.3279,4.928,8.175,53.432,39.445,5.011,5.4417,4.3616
1.2239,-1.2893,-1.8892,0.19142,1.9237,-1.1724,7.1063,21.405,24.139,4.4808,3.5579,2.7834
0.3268,-2.9912,-2.0251,1.4811,1.684,-2.1004,5.603,20.696,23.368,4.3364,3.2874,2.7127
-0.3151,-4.2962,-2.1734,2.4274,1.547,-2.8078,5.3385,19.922,22.525,4.162,3.0347,2.7034
-0.60663,-5.0061,-2.3103,2.8822,1.5186,-3.204,6.4006,19.056,21.582,3.9624,2.7976,2.7436
-0.56237,-5.0694,-2.4335,2.8373,1.5727,-3.2728,8.4871,18.116,20.54,3.739,2.5568,2.803
-0.2937,-4.5787,-2.5514,2.4162,1.6597,-3.0638,10.984,17.153,19.427,3.492,2.292,2.8467
0.049482,-3.732,-2.6676,1.8122,1.7257,-2.6682,13.226,16.227,18.308,3.2294,2.0037,2.8533
0.34289,-2.7691,-2.7711,1.2108,1.7347,-2.1929,14.742,15.39,17.265,2.9748,1.7231,2.8273
0.51663,-1.8989,-2.8384,0.7394,1.6767,-1.7327,15.285,14.675,16.371,2.7642,1.5042,2.7951
0.5464,-1.2604,-2.8429,0.46578,1.5626,-1.3471,14.731,14.092,15.668,2.6311,1.3997,2.7882
0.43166,-0.93115,-2.7666,0.41903,1.4107,-1.0621,13.117,13.624,15.144,2.5879,1.4336,2.8224
0.17837,-0.94669,-2.6097,0.60592,1.2348,-0.89485,10.786,13.233,14.742,2.6121,1.5838,2.8829
-0.20555,-1.3032,-2.3927,1.0137,1.0394,-0.86508,8.3966,12.869,14.372,2.6488,1.7833,2.9248
-0.70124,-1.9475,-2.1506,1.6014,0.82347,-0.97676,6.7406,12.49,13.946,2.6299,1.9422,2.8904
-1.2648,-2.7647,-1.9191,2.2881,0.58867,-1.198,6.387,12.079,13.411,2.5017,1.9825,2.7378
-1.821,-3.5814,-1.7193,2.9511,0.34522,-1.4608,7.3769,11.651,12.767,2.2479,1.8712,2.4626
-2.2784,-4.2041,-1.5504,3.4533,0.11032,-1.6777,9.2222,11.234,12.061,1.8965,1.6342,2.0985
-2.5662,-4.4864,-1.3933,3.6932,-0.10042,-1.7705,11.141,10.853,11.361,1.5045,1.3415,1.6988
-2.6652,-4.3844,-1.2252,3.6449,-0.28134,-1.6997,12.336,10.517,10.727,1.1324,1.0733,1.3123
-2.6154,-3.97,-1.0338,3.367,-0.43891,-1.4824,12.25,10.211,10.19,0.82157,0.88742,0.97035
-2.5011,-3.4063,-0.82648,2.9839,-0.5871,-1.1907,10.719,9.9125,9.7499,0.5847,0.80394,0.68611
-2.4225,-2.8992,-0.62821,2.6507,-0.73896,-0.92799,8.0128,9.6036,9.3846,0.40897,0.80964,0.46045
-2.4629,-2.6358,-0.47069,2.5065,-0.8997,-0.7921,4.746,9.2791,9.07,0.2678,0.87385,0.28671
-2.6643,-2.727,-0.37685,2.6331,-1.0653,-0.84,1.7207,8.9476,8.7882,0.13371,0.96416,0.15288
-3.017,-3.173,-0.34869,3.0305,-1.2258,-1.0653,-0.30589,8.6254,8.5314,-0.011046,1.055,0.04356
-3.4628,-3.8631,-0.36568,3.6158,-1.3697,-1.3991,-0.86018,8.3297,8.298,-0.16878,1.1293,-0.056169
-3.9095,-4.6094,-0.39584,4.2462,-1.4848,-1.7343,0.096372,8.0729,8.0849,-0.32791,1.178,-0.15646
-4.2523,-5.2013,-0.41311,4.7576,-1.5584,-1.9622,2.1458,7.8568,7.8801,-0.47185,1.1981,-0.26038
-4.4023,-5.4661,-0.40959,5.0119,-1.5784,-2.007,4.5679,7.6713,7.66,-0.58947,1.1924,-0.3641
-4.3128,-5.3195,-0.39531,4.9378,-1.5369,-1.8463,6.6406,7.4977,7.3971,-0.68021,1.1667,-0.45905
-3.9978,-4.7911,-0.38744,4.5532,-1.437,-1.5141,7.924,7.3169,7.0732,-0.75242,1.1273,-0.53629
-3.5326,-4.0131,-0.39724,3.9592,-1.2971,-1.0882,8.3452,7.1171,6.6887,-0.81945,1.0774,-0.59332
-3.0337,-3.1822,-0.42279,3.3095,-1.1506,-0.67141,8.0895,6.8967,6.2609,-0.89684,1.0136,-0.64105
-2.6263,-2.5064,-0.45073,2.7667,-1.0363,-0.36816,7.4403,6.6609,5.8145,-0.99883,0.92572,-0.70598
-2.4091,-2.1491,-0.46434,2.459,-0.98523,-0.25474,6.647,6.4169,5.371,-1.1324,0.80032,-0.8231
-2.4301,-2.1874,-0.45174,2.4496,-1.0103,-0.35528,5.8705,6.1686,4.943,-1.2924,0.62539,-1.0211
-2.6803,-2.5985,-0.40953,2.727,-1.1062,-0.63896,5.2107,5.9143,4.5329,-1.4627,0.39373,-1.3082
-3.1073,-3.2758,-0.34195,3.2195,-1.2573,-1.0335,4.7326,5.6465,4.1356,-1.6236,0.10457,-1.6683
-3.6398,-4.0678,-0.25726,3.826,-1.4473,-1.4461,4.464,5.3551,3.7417,-1.7597,-0.23618,-2.0677
-4.2125,-4.8249,-0.1623,4.4503,-1.6657,-1.7882,4.3968,5.0318,3.3406,-1.8644,-0.61685,-2.4679
-4.7821,-5.4395,-0.057897,5.0266,-1.9103,-1.9991,4.4921,4.6724,2.9207,-1.9418,-1.0226,-2.8384
-5.3336,-5.8655,0.060997,5.528,-2.1859,-2.0601,4.6867,4.2766,2.4675,-2.0072,-1.4406,-3.1653
-5.8753,-6.1174,0.20018,5.9618,-2.4998,-1.9961,4.9049,3.846,1.9622,-2.0849,-1.8655,-3.4539
-6.4227,-6.2494,0.36094,6.3533,-2.8536,-1.8625,5.0736,3.3862,1.3909,-2.1977,-2.298,-3.7187
-6.9751,-6.3254,0.5385,6.7211,-3.2331,-1.7236,5.1294,2.9145,0.7613,-2.3501,-2.7358,-3.9661
-7.4984,-6.3906,0.72353,7.059,-3.6043,-1.6303,5.016,2.4625,0.11483,-2.5185,-3.1607,-4.1813
-7.9297,-6.4618,0.90492,7.3366,-3.9198,-1.6075,4.6899,2.068,-0.48176,-2.6565,-3.5373,-4.3293
-8.2075,-6.5403,1.0725,7.5239,-4.137,-1.6558,4.1488,1.7556,-0.96343,-2.717,-3.8242,-4.3723
-8.3123,-6.6341,1.2186,7.62,-4.2384,-1.7625,3.471,1.5223,-1.2974,-2.6761,-3.993,-4.2914
-8.2826,-6.7624,1.3393,7.6596,-4.2415,-1.9111,2.8276,1.3375,-1.499,-2.5463,-4.0419,-4.0969
-8.1963,-6.9359,1.4346,7.6903,-4.1915,-2.0791,2.443,1.1589,-1.6272,-2.3751,-3.9973,-3.8249
-8.1287,-7.1298,1.508,7.739,-4.1409,-2.2314,2.5094,0.9517,-1.7628,-2.23,-3.9044,-3.5237
-8.1123,-7.2737,1.5633,7.7866,-4.1248,-2.3201,3.0945,0.70257,-1.9806,-2.1749,-3.8096,-3.2346
-8.1173,-7.2687,1.602,7.7676,-4.1438,-2.294,4.0942,0.4246,-2.3216,-2.2434,-3.7421,-2.9781
-8.0652,-7.0272,1.6212,7.599,-4.1633,-2.1167,5.2525,0.15258,-2.7789,-2.423,-3.7055,-2.7513
-7.8722,-6.5156,1.6181,7.2231,-4.1343,-1.7842,6.24,-0.070962,-3.3026,-2.6607,-3.684,-2.5397
-7.4992,-5.7793,1.595,6.6457,-4.0228,-1.335,6.7635,-0.21373,-3.8213,-2.8867,-3.6562,-2.3332
-6.9858,-4.9466,1.5622,5.9532,-3.833,-0.84873,6.6677,-0.26744,-4.2712,-3.0436,-3.6075,-2.1371
-6.4489,-4.2038,1.5355,5.2994,-3.6104,-0.43198,5.9869,-0.25115,-4.6186,-3.105,-3.533,-1.9727
-6.0453,-3.7445,1.5304,4.8611,-3.4252,-0.1891,4.9257,-0.20379,-4.8686,-3.0806,-3.4358,-1.8673
-5.9098,-3.7062,1.5559,4.7763,-3.3426,-0.18674,3.7804,-0.17054,-5.0589,-3.0085,-3.3245,-1.8409
-6.0978,-4.1169,1.6115,5.0895,-3.3945,-0.42518,2.8398,-0.18865,-5.2427,-2.9392,-3.212,-1.8966
-6.5591,-4.8749,1.6895,5.7285,-3.566,-0.83199,2.3021,-0.27787,-5.4698,-2.915,-3.1117,-2.0205
-7.1585,-5.7763,1.7802,6.5247,-3.804,-1.2839,2.2269,-0.43974,-5.7718,-2.956,-3.0336,-2.1892
-7.7306,-6.5846,1.8744,7.2737,-4.0417,-1.6488,2.5283,-0.66579,-6.158,-3.0574,-2.9824,-2.3809
-8.1456,-7.1123,1.9624,7.8081,-4.227,-1.8326,3.0099,-0.94738,-6.6207,-3.199,-2.9595,-2.5837
-8.3513,-7.2785,2.0321,8.0504,-4.3395,-1.81,3.434,-1.2784,-7.1408,-3.3557,-2.9655,-2.7949
-8.3767,-7.1206,2.0687,8.0232,-4.3899,-1.625,3.6039,-1.6497,-7.6915,-3.5045,-2.9976,-3.011
-8.2985,-6.7605,2.0603,7.8184,-4.4047,-1.3642,3.4249,-2.0425,-8.2388,-3.6271,-3.0468,-3.2174
-8.1956,-6.3498,2.0038,7.5481,-4.4078,-1.1241,2.9212,-2.4306,-8.7455,-3.7107,-3.0979,-3.3891
-8.1168,-6.0213,1.9057,7.3048,-4.41,-0.98553,2.2055,-2.7926,-9.1793,-3.75,-3.1362,-3.502
-8.0754,-5.8579,1.7775,7.1439,-4.4084,-0.99267,1.4253,-3.1231,-9.5214,-3.7473,-3.1534,-3.5431
-8.0582,-5.8831,1.6296,7.0807,-4.3905,-1.1433,0.71321,-3.4329,-9.7711,-3.7089,-3.1488,-3.5149
-8.0374,-6.0659,1.4687,7.0962,-4.3404,-1.397,0.16336,-3.7407,-9.9413,-3.6389,-3.1289,-3.433
-7.9865,-6.3411,1.2981,7.1506,-4.247,-1.6954,-0.17196,-4.0653,-10.052,-3.5379,-3.1058,-3.3225
-7.8977,-6.6374,1.1192,7.2068,-4.114,-1.9849,-0.28437,-4.4235,-10.128,-3.4084,-3.0981,-3.2131
-7.7904,-6.9049,0.93181,7.2498,-3.9626,-2.2326,-0.21683,-4.8326,-10.204,-3.262,-3.1276,-3.1321
-7.703,-7.1238,0.73411,7.2891,-3.8238,-2.4312,-0.065873,-5.3137,-10.324,-3.1198,-3.2125,-3.0977
-7.6691,-7.2934,0.52433,7.3424,-3.7228,-2.5894,0.038084,-5.8898,-10.537,-3.0067,-3.3606,-3.1151
-7.6952,-7.4142,0.3025,7.4145,-3.666,-2.7181,-0.025807,-6.5776,-10.883,-2.9431,-3.5669,-3.1789
-7.7572,-7.4807,0.072929,7.4913,-3.6394,-2.8232,-0.32168,-7.3751,-11.381,-2.939,-3.8161,-3.278
-7.8168,-7.4883,-0.15281,7.5504,-3.6202,-2.9041,-0.82913,-8.2542,-12.013,-2.9916,-4.0879,-3.4029
-7.8464,-7.4447,-0.35518,7.579,-3.5916,-2.9559,-1.4474,-9.162,-12.731,-3.0861,-4.3622,-3.5484
-7.8456,-7.3819,-0.51143,7.5907,-3.552,-2.9771,-2.0333,-10.031,-13.464,-3.1995,-4.624,-3.7129
-7.8468,-7.3617,-0.60418,7.6317,-3.5149,-2.9816,-2.4618,-10.798,-14.133,-3.3067,-4.8685,-3.8934
-7.9042,-7.4657,-0.62857,7.7705,-3.5017,-3.006,-2.689,-11.421,-14.679,-3.3881,-5.1028,-4.0822
-8.0698,-7.7628,-0.59313,8.0662,-3.5319,-3.0958,-2.7851,-11.902,-15.076,-3.438,-5.3448,-4.2712
-8.3644,-8.2686,-0.51416,8.5326,-3.6123,-3.2753,-2.9083,-12.297,-15.351,-3.4702,-5.6174,-4.4601
-8.7575,-8.915,-0.40772,9.1146,-3.7324,-3.5224,-3.2225,-12.706,-15.57,-3.517,-5.9397,-4.6615
-9.1631,-9.5477,-0.2835,9.6855,-3.8652,-3.7648,-3.7981,-13.232,-15.818,-3.6176,-6.3169,-4.8928
-9.4555,-9.9568,-0.14312,10.072,-3.9729,-3.8977,-4.5544,-13.932,-16.16,-3.8004,-6.7318,-5.161
-9.5046,-9.9419,0.017335,10.104,-4.0154,-3.8178,-5.2729,-14.783,-16.618,-4.0703,-7.1453,-5.4503
-9.222,-9.3879,0.20239,9.6765,-3.9625,-3.4625,-5.6754,-15.682,-17.168,-4.4061,-7.509,-5.7239
-8.6023,-8.3172,0.413,8.7992,-3.8088,-2.839,-5.5408,-16.488,-17.751,-4.7722,-7.7882,-5.9424
-7.7436,-6.8983,0.64519,7.6089,-3.5856,-2.031,-4.8124,-17.092,-18.314,-5.1355,-7.9798,-6.0881
-6.8312,-5.407,0.89108,6.3451,-3.3577,-1.1778,-3.6408,-17.469,-18.828,-5.4788,-8.113,-6.1785
-6.0782,-4.147,1.1405,5.2773,-3.199,-0.43263,-2.3279,-17.685,-19.299,-5.8011,-8.2295,-6.2591
-5.6411,-3.3529,1.382,4.61,-3.1574,0.084759,-1.1975,-17.848,-19.745,-6.1063,-8.3559,-6.3791
-5.5571,-3.1132,1.6041,4.4099,-3.229,0.3248,-0.4625,-18.045,-20.175,-6.3927,-8.4867,-6.5662
-5.7406,-3.3512,1.7958,4.5937,-3.3629,0.31774,-0.15544,-18.311,-20.574,-6.6512,-8.5895,-6.815
-6.0372,-3.8733,1.9478,4.9816,-3.491,0.15223,-0.1601,-18.631,-20.92,-6.8745,-8.6288,-7.0952
-6.2965,-4.4505,2.0539,5.3792,-3.5612,-0.062917,-0.31381,-18.973,-21.207,-7.0674,-8.5894,-7.3705
-6.4232,-4.8944,2.1104,5.644,-3.5548,-0.23612,-0.50625,-19.32,-21.469,-7.2491,-8.4851,-7.6172
-6.3948,-5.1044,2.1146,5.7179,-3.4838,-0.31813,-0.71468,-19.678,-21.76,-7.4451,-8.351,-7.8326
-6.2541,-5.081,2.0672,5.6272,-3.3804,-0.30785,-0.97819,-20.066,-22.129,-7.6732,-8.2265,-8.036
-6.0845,-4.9065,1.9758,5.4585,-3.2849,-0.24064,-1.3523,-20.496,-22.591,-7.9324,-8.1396,-8.2601
-5.9751,-4.7037,1.8595,5.3192,-3.2344,-0.16814,-1.8711,-20.969,-23.115,-8.1989,-8.095,-8.535
-5.9829,-4.5883,1.7486,5.294,-3.2506,-0.13926,-2.5307,-21.46,-23.638,-8.4289,-8.0666,-8.8647
-6.1101,-4.6274,1.6794,5.4125,-3.331,-0.18535,-3.3014,-21.917,-24.076,-8.5663,-8.0013,-9.2107
-6.3076,-4.8268,1.6858,5.6455,-3.4498,-0.31179,-4.1469,-22.276,-24.351,-8.5579,-7.8382,-9.4959
-6.5037,-5.1464,1.7904,5.9281,-3.5703,-0.49923,-5.0227,-22.487,-24.422,-8.3734,-7.5392,-9.6369
-6.6419,-5.5237,2.0036,6.1922,-3.6665,-0.70783,-5.8666,-22.553,-24.308,-8.0234,-7.1128,-9.5864
-6.7054,-5.8846,2.333,6.3884,-3.7414,-0.87814,-6.6086,-22.545,-24.079,-7.5606,-6.6135,-9.3579
-6.7136,-6.1422,2.798,6.4847,-3.8304,-0.93201,-7.1853,-22.573,-23.833,-7.0602,-6.1157,-9.0175
-6.6934,-6.1835,3.4383,6.4476,-3.9857,-0.76993,-7.5357,-22.731,-23.638,-6.5877,-5.681,-8.647
-6.6472,-5.8628,4.3085,6.2239,-4.2483,-0.26613,-7.5853,-23.039,-23.489,-6.1695,-5.3324,-8.3018
-6.5372,-5.0309,5.4646,5.7445,-4.6246,0.72275,-7.2454,-23.41,-23.295,-5.7776,-5.0456,-7.9853
-6.3003,-3.5855,6.9517,4.9518,-5.0811,2.3478,-6.4612,-23.661,-22.908,-5.3391,-4.7591,-7.6491
-5.8873,-1.4993,8.7867,3.8346,-5.5586,4.7786,-5.3021,-23.581,-22.183,-4.7678,-4.4009,-7.2166
-5.3058,1.1974,10.938,2.4494,-5.9999,8.1833,-4.0055,-23.02,-21.055,-4.0038,-3.9199,-6.6226
-4.6332,4.4642,13.323,0.90547,-6.3731,12.498,-2.8945,-21.96,-19.576,-3.0399,-3.3054,-5.8458
-3.9815,8.2498,15.824,-0.68222,-6.6759,17.079,-2.2079,-20.517,-17.889,-1.9219,-2.5839,-4.9198
-3.4321,12.347,18.3,-2.2347,-6.9182,21.047,-1.9707,-18.879,-16.159,-0.72531,-1.8002,-3.9171
-2.9871,16.319,20.603,-3.7244,-7.1024,24.039,-1.9873,-17.219,-14.513,0.47541,-0.99557,-2.9211
-2.5604,19.865,22.627,-5.1887,-7.2166,26.271,-1.9469,-15.643,-13.001,1.6337,-0.19328,-1.9975
-2.0035,23.119,24.332,-6.7486,-7.2397,28.298,-1.5737,-14.183,-11.611,2.7458,0.60728,-1.1741
-1.1506,26.47,25.736,-8.5962,-7.1497,30.734,-0.73607,-12.837,-10.298,3.85,1.4288,-0.43272
0.12699,30.28,26.893,-10.928,-6.9278,33.935,0.52643,-11.599,-9.0168,5.0077,2.3062,0.2813
1.871,34.722,27.875,-13.852,-6.5639,37.761,2.0359,-10.488,-7.7522,6.2757,3.2725,1.0347
4.0117,39.718,28.746,-17.325,-6.061,41.642,3.5429,-9.5465,-6.5212,7.6792,4.346,1.8788
6.3857,44.923,29.506,-21.153,-5.4379,44.969,4.8126,-8.8233,-5.3624,9.2016,5.5308,2.8355
8.7995,49.798,30.08,-25.061,-4.7267,47.367,5.702,-8.3476,-4.3099,10.798,6.8296,3.9019
11.117,53.784,30.373,-28.793,-3.9644,48.677,6.1879,-8.1057,-3.3664,12.431,8.2635,5.0709
13.336,56.54,30.335,-32.179,-3.1831,48.938,6.3367,-8.035,-2.4904,14.099,9.883,6.3545
15.616,58.087,29.997,-35.174,-2.4008,48.431,6.2327,-8.0399,-1.6072,15.854,11.76,7.7979
18.23,58.76,29.44,-37.863,-1.6159,47.652,5.9038,-8.0279,-0.64164,17.771,13.964,9.4776
21.41,59.053,28.75,-40.39,-0.8044,47.171,5.2765,-7.952,0.44318,19.903,16.521,11.476
25.147,59.489,27.994,-42.854,0.077288,47.416,4.1805,-7.8399,1.6183,22.243,19.381,13.836
29.129,60.538,27.202,-45.311,1.0844,48.437,2.4022,-7.7945,2.7845,24.693,22.409,16.52
32.976,62.544,26.368,-47.871,2.2638,49.874,-0.21875,-7.963,3.7916,27.078,25.409,19.393
36.511,65.63,25.444,-50.694,3.6302,51.298,-3.7018,-8.4941,4.4805,29.193,28.185,22.269
39.788,69.641,24.352,-53.877,5.1652,52.512,-7.9315,-9.5038,4.7362,30.86,30.592,24.986
42.942,74.165,23.022,-57.365,6.8508,53.503,-12.733,-11.055,4.5297,31.99,32.579,27.473
46.08,78.625,21.436,-60.948,8.7012,54.26,-17.903,-13.147,3.9259,32.621,34.18,29.753
49.269,82.455,19.641,-64.375,10.755,54.687,-23.188,-15.701,3.0536,32.897,35.482,31.908
52.536,85.299,17.714,-67.451,13.041,54.63,-28.302,-18.57,2.0543,33.001,36.575,34.021
55.815,87.036,15.732,-70.043,15.537,53.976,-33.036,-21.573,1.0383,33.071,37.51,36.105
58.902,87.706,13.749,-72.035,18.135,52.764,-37.32,-24.55,0.061814,33.16,38.279,38.073
61.501,87.48,11.787,-73.363,20.634,51.163,-41.163,-27.392,-0.87325,33.229,38.82,39.765
63.375,86.626,9.8416,-74.118,22.803,49.316,-44.588,-30.04,-1.806,33.171,39.035,41.025
64.481,85.243,7.9229,-74.562,24.466,47.23,-47.613,-32.46,-2.7969,32.861,38.828,41.774
64.942,82.9,6.0717,-74.742,25.559,44.838,-50.253,-34.636,-3.9086,32.191,38.134,42.056
64.795,79.115,4.3431,-73.891,26.134,42.164,-52.514,-36.568,-5.1954,31.11,36.938,41.984
63.823,74.231,2.7794,-71.268,26.323,39.368,-54.383,-38.298,-6.7004,29.624,35.267,41.622
61.977,69.026,1.399,-67.524,26.257,36.595,-55.816,-39.904,-8.4592,27.776,33.173,40.893
59.504,64.012,0.19567,-63.532,25.976,33.84,-56.747,-41.488,-10.502,25.616,30.706,39.641
56.487,59.216,-0.85391,-59.419,25.429,30.981,-57.109,-43.138,-12.852,23.179,27.892,37.747
52.799,54.277,-1.776,-54.885,24.549,27.834,-56.863,-44.904,-15.522,20.477,24.744,35.169
48.313,48.695,-2.5928,-49.605,23.299,24.202,-56.023,-46.773,-18.496,17.528,21.297,31.927
43.038,42.075,-3.3256,-43.417,21.692,19.985,-54.691,-48.674,-21.713,14.392,17.651,28.125
37.19,34.393,-4.003,-36.45,19.811,15.364,-53.065,-50.5,-25.046,11.196,13.975,23.992
31.166,26.196,-4.663,-29.178,17.796,10.817,-51.427,-52.144,-28.317,8.1068,10.459,19.825
25.406,18.38,-5.3472,-22.261,15.808,6.7949,-50.08,-53.534,-31.35,5.2636,7.2314,15.877
20.233,11.642,-6.088,-16.216,13.96,3.4634,-49.255,-54.651,-34.039,2.7287,4.3252,12.273
15.768,6.2198,-6.8964,-11.219,12.284,0.78576,-49.027,-55.525,-36.384,0.4806,1.6882,9.0228
11.939,2.0438,-7.7567,-7.1663,10.731,-1.3334,-49.267,-56.22,-38.475,-1.5627,-0.7748,6.0624
8.5903,-1.0836,-8.6337,-3.8455,9.2271,-2.9968,-49.69,-56.805,-40.436,-3.5103,-3.1634,3.2953
5.5966,-3.4034,-9.4887,-1.0615,7.7351,-4.318,-49.974,-57.341,-42.371,-5.4651,-5.5553,0.62882
2.9151,-5.1887,-10.293,1.3093,6.2868,-5.4564,-49.909,-57.868,-44.33,-7.4955,-7.9948,-1.9735
0.56501,-6.7131,-11.033,3.3294,4.9498,-6.6441,-49.487,-58.398,-46.299,-9.623,-10.488,-4.4801
-1.4495,-8.1902,-11.707,5.0724,3.7772,-8.1138,-48.862,-58.926,-48.216,-11.828,-12.994,-6.844
-3.1997,-9.7587,-12.315,6.6687,2.7855,-9.9269,-48.243,-59.431,-49.995,-14.062,-15.422,-9.0257
-4.774,-11.452,-12.86,8.2215,1.9674,-11.897,-47.793,-59.887,-51.555,-16.265,-17.652,-10.965
-6.2056,-13.194,-13.341,9.7461,1.3099,-13.744,-47.575,-60.269,-52.845,-18.366,-19.585,-12.601
-7.4816,-14.871,-13.747,11.201,0.79537,-15.286,-47.523,-60.563,-53.851,-20.303,-21.196,-13.938
-8.5901,-16.388,-14.06,12.534,0.39412,-16.475,-47.456,-60.761,-54.603,-22.046,-22.543,-15.063
-9.5441,-17.682,-14.262,13.709,0.061443,-17.343,-47.129,-60.867,-55.157,-23.603,-23.737,-16.109
-10.372,-18.707,-14.335,14.701,-0.25385,-17.953,-46.316,-60.887,-55.586,-25.02,-24.893,-17.186
-11.098,-19.43,-14.273,15.486,-0.59269,-18.373,-44.904,-60.833,-55.958,-26.363,-26.104,-18.348
-11.722,-19.825,-14.08,16.032,-0.96943,-18.657,-42.977,-60.716,-56.332,-27.7,-27.416,-19.581
-12.231,-19.886,-13.769,16.302,-1.3689,-18.832,-40.814,-60.551,-56.746,-29.097,-28.833,-20.828
-12.611,-19.657,-13.355,16.283,-1.7613,-18.898,-38.814,-60.358,-57.218,-30.598,-30.323,-22.021
-12.87,-19.23,-12.857,16.008,-2.1243,-18.843,-37.338,-60.157,-57.751,-32.222,-31.84,-23.122
-13.048,-18.732,-12.288,15.577,-2.4567,-18.673,-36.559,-59.971,-58.328,-33.946,-33.341,-24.136
-13.212,-18.282,-11.662,15.138,-2.7773,-18.426,-36.386,-59.819,-58.92,-35.708,-34.796,-25.098
-13.446,-17.97,-10.996,14.851,-3.1125,-18.16,-36.508,-59.713,-59.491,-37.405,-36.18,-26.048
-13.828,-17.874,-10.318,14.851,-3.484,-17.943,-36.556,-59.66,-60.005,-38.928,-37.472,-27.003
-14.411,-18.079,-9.6651,15.22,-3.9028,-17.839,-36.301,-59.663,-60.442,-40.193,-38.653,-27.959
-15.211,-18.654,-9.0772,15.978,-4.3697,-17.901,-35.78,-59.728,-60.802,-41.185,-39.722,-28.899
-16.207,-19.61,-8.5906,17.072,-4.8741,-18.165,-35.268,-59.862,-61.113,-41.963,-40.696,-29.808
-17.329,-20.858,-8.2308,18.38,-5.3906,-18.633,-35.091,-60.071,-61.418,-42.649,-41.609,-30.678
-18.47,-22.234,-8.009,19.73,-5.8794,-19.265,-35.447,-60.364,-61.766,-43.379,-42.497,-31.5
-19.504,-23.536,-7.9211,20.934,-6.2957,-19.986,-36.324,-60.754,-62.202,-44.258,-43.384,-32.268
-20.315,-24.572,-7.95,21.823,-6.6022,-20.696,-37.552,-61.254,-62.753,-45.306,-44.27,-32.968
-20.829,-25.211,-8.0758,22.289,-6.7777,-21.308,-38.908,-61.871,-63.416,-46.446,-45.128,-33.573
-21.023,-25.416,-8.2928,22.307,-6.8176,-21.777,-40.214,-62.584,-64.158,-47.528,-45.912,-34.06
-20.934,-25.28,-8.629,21.947,-6.7316,-22.124,-41.362,-63.333,-64.91,-48.405,-46.585,-34.429
-20.661,-25.046,-9.1586,21.384,-6.5412,-22.433,-42.253,-64.005,-65.58,-49.024,-47.154,-34.735
-20.359,-25.081,-9.9968,20.865,-6.2792,-22.827,-42.733,-64.437,-66.059,-49.488,-47.695,-35.102
-20.195,-25.799,-11.261,20.656,-5.9854,-23.426,-42.577,-64.414,-66.223,-50.039,-48.344,-35.712
-20.289,-27.556,-12.975,20.973,-5.6965,-24.332,-41.527,-63.679,-65.938,-50.949,-49.228,-36.767
-20.673,-30.454,-14.949,21.936,-5.4364,-25.7,-39.26,-62.083,-65.087,-52.321,-50.375,-38.453
-21.279,-33.953,-16.815,23.534,-5.2117,-27.618,-35.482,-61.397,-63.738,-53.909,-51.646,-40.649
-21.974,-36.809,-18.315,25.512,-5.011,-29.427,-31.139,-70.253,-63.206,-55.036,-52.732,-42.23
-22.606,-38.241,-19.577,27.307,-4.8061,-30.484,-31.945,-78.597,-70.395,-54.53,-53.313,-42.573
-23.026,-38.614,-20.883,28.376,-4.5529,-31.173,-37.153,-82.663,-83.847,-50.179,-53.216,-42.099
-23.113,-38.913,-22.266,28.638,-4.1948,-32.359,-40.47,-84.604,-87.539,-39.27,-51.816,-41.098
-22.755,-40.505,-23.685,28.446,-3.6662,-35.122,-41.294,-82.285,-87.191,-39.289,-48.544,-41.638
-21.819,-45.341,-25.207,28.54,-2.8936,-40.478,-37.726,-71.724,-82.945,-39.164,-53.853,-47.279
-20.328,-56.045,-26.853,31.793,-1.7593,-49.137,-26.512,-45.741,-72.356,-45.383,-65.854,-58.916
-21.926,-72.553,-28.571,49.302,0.10964,-60.477,-5.0018,-0.41865,-52.307,-56.51,-84.734,-76.375
-42.911,-89.914,-30.354,68.986,1.0145,-71.872,26.023,60.509,-19.422,-69.525,-108.54,-97.504
-55.023,-104.79,-32.231,82.393,-3.2153,-80.512,65.196,129.49,28.479,-78.661,-130.18,-117.16
-64.121,-112.7,-34.095,91.202,-6.3542,-83.278,104.59,196.8,88.994,-73.894,-139.33,-128.57
-67.377,-108.96,-35.398,91.307,-9.185,-77.947,134.7,251.54,160.32,-42.345,-124.15,-125.2
-61.494,-92.419,-35.046,80.094,-10.371,-64.745,149.38,284.28,242.45,30.795,-72.479,-100.91
-44.606,-65.347,-32.192,57.563,-8.253,-46.147,146.99,291.22,337.03,167.68,24.721,-50.968
-16.13,-29.837,-27.597,24.594,-1.2139,-24.943,128.77,272.95,448.3,381.48,173.99,26.553
24.464,13.639,-23.657,-18.68,13.037,-2.4903,96.751,232.73,582.15,674.45,380.28,131.55
79.037,65.87,-23.059,-73.062,40.227,21.742,51.693,175.43,743.12,1052.9,643.57,263.86
149.41,128.52,-26.982,-139.82,84.096,49.446,-8.2178,105.76,935.37,1511.8,957,422.39
234.05,203.16,-33.921,-219.85,133.11,82.061,-87.384,25.903,1158,2032.9,1304.8,602.77
331.6,289.78,-42.027,-312.31,186.24,120.23,-190.51,-65.724,1401.3,2582.6,1661.2,795.98
438.63,385.8,-50.62,-413.58,244.02,163.38,-319.91,-174.07,1645.8,3112.5,1992,988.19
548.06,485.26,-59.213,-516.95,302.98,209.34,-471.13,-305.62,1862.4,3564.3,2259,1162
650.08,579.17,-67.102,-613.19,358.19,254.06,-635.7,-466.02,2014.7,3878.7,2426.9,1299
733.65,656.89,-73.775,-691.76,403.97,291.4,-805.47,-658.18,2064.1,4004.6,2469.9,1382.9
788.66,707.65,-79.403,-742.78,435.09,314.89,-970.6,-881.1,1975.1,3908.3,2376.9,1402.9
808.39,724.1,-84.056,-759.73,447.96,320.88,-1120.7,-1129.1,1723.4,3580.6,2154.8,1356.4
791.82,706.09,-86.898,-742.24,441.58,310.27,-1248.7,-1391.7,1303.2,3040.3,1827.5,1250.7
744.55,661.22,-86.501,-696.83,417.93,287.93,-1353,-1653.6,735.08,2333.4,1431.4,1101.9
677.31,601.92,-81.32,-634.81,381.53,260.88,-1435.4,-1896.2,67.939,1529.3,1009.1,930.86
602.72,540.78,-70.95,-568.35,338.47,235.63,-1498.5,-2098.7,-625.09,710.72,601.26,758.09
531.7,486.28,-57.089,-506.83,294.94,215.68,-1541.7,-2241.2,-1259.8,-37.97,241.01,599.59
470.86,440.72,-42.464,-454.62,255.83,200.56,-1560.7,-2309.4,-1759.5,-645.59,-49.023,464.48
421.48,401.16,-30.172,-411,223.79,186.58,-1549.9,-2299.4,-2074.2,-1067.7,-258.53,354.95
380.6,362.1,-23.603,-372.04,199.26,169.03,-1505.9,-2217.5,-2193.2,-1295.4,-389.71,268.14
343.41,318.76,-25.257,-333.41,180.89,145.51,-1430.7,-2079.3,-2144.6,-1355.3,-455.59,198.59
306.09,268.82,-34.852,-291.77,166.19,115.6,-1331.5,-1906.1,-1982.7,-1297.2,-475.6,139.99
267.77,212.6,-48.923,-244.72,152.91,80.49,-1218.5,-1719.3,-1767.4,-1177.1,-469.48,87.074
227.82,153.83,-62.883,-192.9,140.16,44.253,-1100.5,-1534.8,-1546.4,-1040.3,-452.07,37.772
185.28,99.102,-73.966,-141.31,126.26,12.472,-982.02,-1359.3,-1346.3,-913.64,-431.5,-5.964
143.17,54.359,-79.401,-95.907,109.88,-10.351,-863.92,-1192.6,-1172.8,-806.24,-409.92,-40.45
105.39,23.231,-77.468,-60.201,91.87,-22.304,-745.88,-1031.9,-1018.4,-716.32,-383.6,-63.349
74.083,7.4023,-69.335,-35.592,73.933,-24.138,-629.21,-874.22,-875.43,-634.08,-349.09,-74.739
49.753,2.7191,-56.232,-21.481,56.978,-18.831,-517.67,-721.21,-746.36,-547.92,-307.04,-76.229
32.349,4.2836,-38.667,-15.243,41.219,-10.407,-416.41,-579.21,-626.55,-463.92,-259.43,-70.075
21.46,9.5303,-20.302,-14.181,27.345,-1.1666,-330.07,-455.13,-509.5,-384.07,-213.83,-59.03
16.002,17.115,-5.985,-16.429,16.044,7.9827,-260.92,-352.84,-405.34,-311.48,-171.74,-44.086
14.96,25.319,3.6393,-21.433,7.842,9.4943,-207.81,-272.2,-319.13,-248.74,-134.75,-24.585
18.51,22.644,9.228,-26.141,2.9625,4.5332,-167.6,-209.91,-251.54,-198.39,-105.09,-20.399
21.45,9.2888,11.202,-19.569,1.4985,3.5333,-135.88,-161.63,-200.66,-161.51,-83.26,-19.853
15.541,3.9737,10.173,-9.0773,2.8647,2.8238,-109.14,-123.25,-162.76,-135.64,-68.426,-18.559
7.339,1.2637,6.5707,-3.2801,3.807,1.6171,-85.712,-91.587,-133.55,-117.28,-59.093,-16.978
2.1222,-1.2208,0.96539,0.010985,1.9709,-0.11008,-64.794,-64.838,-109.74,-103.73,-53.387,-15.733
-1.1816,-3.737,-1.1786,2.5361,-0.2848,-1.9574,-47.061,-42.58,-89.614,-93.034,-49.528,-14.629
-3.658,-6.1063,-0.44939,4.7305,-2.0658,-3.5365,-33.7,-25.034,-72.427,-83.716,-46.114,-13.415
-5.7018,-8.0914,0.43547,6.6182,-3.5222,-4.6888,-24.964,-11.986,-57.795,-74.894,-42.431,-12.245
-7.4207,-9.5254,1.1784,8.1358,-4.7962,-5.3944,-20.1,-2.5107,-45.541,-67.03,-38.369,-11.327
-8.8537,-10.361,1.7255,9.2549,-5.946,-5.6737,-18.469,3.5932,-36.12,-61.305,-33.511,-10.711
-10.064,-10.679,2.0573,10.026,-7.0155,-5.5884,-20.952,3.8582,-31.649,-57.196,-28.649,-10.345
-11.16,-10.658,2.2362,10.566,-8.0779,-5.2967,-22.007,3.6329,-29.546,-52.268,-24.594,-10.15
-12.262,-10.515,2.3893,11.008,-9.2277,-5.0279,-17.853,5.7197,-24.423,-46.44,-21.526,-10.054
-13.451,-10.415,2.6469,11.452,-10.54,-4.9372,-12.416,8.054,-18.616,-40.678,-19.265,-9.9996
-14.725,-10.43,3.0924,11.937,-12.027,-4.9954,-7.7586,10.248,-13.738,-35.56,-17.535,-9.94
-16.008,-10.559,3.7542,12.459,-13.628,-5.0413,-4.133,12.394,-9.8104,-31.13,-16.074,-9.8342
-17.204,-10.774,4.6217,13.007,-15.229,-4.9452,-1.4825,14.634,-6.4966,-27.181,-14.673,-9.647
-18.267,-11.085,5.6698,13.593,-16.731,-4.7163,0.21516,17.121,-3.5096,-23.542,-13.204,-9.3556
-19.226,-11.529,6.8682,14.253,-18.109,-4.464,1.0182,19.991,-0.69749,-20.19,-11.645,-8.9574
-20.163,-12.116,8.1766,15.009,-19.411,-4.2858,1.0922,23.324,1.9863,-17.219,-10.053,-8.4695
-21.128,-12.784,9.5461,15.826,-20.702,-4.1985,0.72572,27.094,4.5216,-14.726,-8.5165,-7.9151
-22.084,-13.381,10.93,16.59,-21.994,-4.1406,0.28682,31.169,6.865,-12.747,-7.1059,-7.3151
-22.898,-13.7,12.29,17.116,-23.226,-4.0095,0.13713,35.392,8.9891,-11.247,-5.8528,-6.6854
-23.41,-13.549,13.597,17.222,-24.299,-3.7072,0.54364,39.658,10.903,-10.139,-4.7574,-6.0419
-23.518,-12.837,14.83,16.81,-25.131,-3.1783,1.6103,43.919,12.647,-9.3122,-3.7985,-5.4027
-23.225,-11.611,15.967,15.915,-25.698,-2.4321,3.2493,48.166,14.272,-8.6547,-2.9427,-4.7824
-22.637,-10.053,16.996,14.697,-26.035,-1.5399,5.2246,52.316,15.811,-8.07,-2.1533,-4.1851
-21.925,-8.4251,17.905,13.392,-26.209,-0.61463,7.2452,56.256,17.277,-7.4947,-1.4016,-3.6022
-21.267,-6.9992,18.684,12.241,-26.294,0.21824,9.0492,59.899,18.654,-6.9048,-0.67488,-3.0191
-20.794,-5.989,19.324,11.43,-26.338,0.84904,10.445,63.234,19.921,-6.3114,0.020633,-2.4248
-20.556,-5.5067,19.809,11.041,-26.354,1.2058,11.316,66.322,21.065,-5.7451,0.6616,-1.821
-20.519,-5.5489,20.124,11.05,-26.322,1.2689,11.614,69.253,22.085,-5.2381,1.2136,-1.2251
-20.599,-6.0118,20.248,11.347,-26.216,1.0731,11.369,72.094,22.997,-4.8111,1.6414,-0.66764
-20.702,-6.726,20.163,11.785,-26.014,0.69411,10.725,74.853,23.822,-4.4669,1.9225,-0.1823
-20.759,-7.5023,19.859,12.224,-25.72,0.22407,9.9374,77.494,24.589,-4.1902,2.0602,0.20851
-20.734,-8.1804,19.341,12.567,-25.347,-0.25368,9.3245,79.959,25.332,-3.9467,2.0871,0.50621
-20.618,-8.6672,18.639,12.767,-24.912,-0.68594,9.153,82.2,26.092,-3.69,2.0557,0.73839
-20.416,-8.9486,17.8,12.824,-24.42,-1.0566,9.5469,84.192,26.908,-3.3731,2.02,0.95068
-20.138,-9.0728,16.874,12.774,-23.858,-1.3738,10.468,85.943,27.801,-2.9614,2.0229,1.1943
-19.791,-9.1213,15.903,12.675,-23.188,-1.6548,11.768,87.496,28.783,-2.4406,2.0926,1.5147
-19.366,-9.1866,14.905,12.596,-22.353,-1.928,13.255,88.924,29.858,-1.8177,2.2432,1.9406
-18.856,-9.3584,13.88,12.594,-21.311,-2.2357,14.732,90.307,31.019,-1.1171,2.4748,2.4749
-18.273,-9.6971,12.827,12.693,-20.073,-2.6149,16.003,91.705,32.252,-0.37193,2.7695,3.0943
-17.649,-10.193,11.757,12.865,-18.718,-3.069,16.879,93.14,33.543,0.38562,3.0942,3.7569
-16.995,-10.732,10.697,13.016,-17.352,-3.5491,17.201,94.599,34.885,1.1371,3.4131,4.4187
-16.253,-11.097,9.6851,12.985,-16.045,-3.953,16.887,96.053,36.283,1.8889,3.7068,5.0509
-15.29,-11.015,8.754,12.557,-14.804,-4.1486,15.977,97.48,37.758,2.6752,3.9879,5.6547
-13.97,-10.263,7.9272,11.558,-13.583,-4.0191,14.65,98.908,39.347,3.5469,4.3034,6.2643
-12.237,-8.7765,7.2112,9.9442,-12.326,-3.5153,13.191,100.4,41.094,4.5502,4.7218,6.9366
-10.154,-6.6916,6.5947,7.8353,-11.005,-2.6854,11.9,102.03,43.036,5.7054,5.3077,7.73
-7.8914,-4.3119,6.0491,5.4842,-9.6375,-1.6711,10.997,103.86,45.195,6.9979,6.0975,8.6804
-5.6954,-2.0354,5.5363,3.2232,-8.2935,-0.67575,10.57,105.92,47.562,8.3829,7.0872,9.7848
-3.83,-0.26155,5.0214,1.3872,-7.0679,0.086468,10.593,108.21,50.11,9.802,8.2385,10.998
-2.4961,0.71659,4.4871,0.22396,-6.0391,0.45762,10.999,110.7,52.813,11.208,9.499,12.248
-1.7569,0.81421,3.9396,-0.18968,-5.2336,0.39756,11.722,113.41,55.684,12.591,10.832,13.462
-1.5014,0.19868,3.4035,0.0082707,-4.6159,-0.0022451,12.686,116.34,58.792,13.993,12.237,14.602
-1.4716,-0.7572,2.9084,0.49297,-4.105,-0.55757,13.778,119.52,62.244,15.493,13.754,15.69
-1.3473,-1.6015,2.4755,0.85967,-3.6038,-1.059,14.846,122.93,66.125,17.157,15.441,16.794
-0.86369,-1.9615,2.1065,0.77188,-3.0333,-1.3477,15.725,126.54,70.436,19.003,17.337,17.991
0.093793,-1.6653,1.7828,0.078388,-2.3581,-1.3661,16.291,130.27,75.055,20.98,19.44,19.326
1.4624,-0.76811,1.4746,-1.1558,-1.5954,-1.157,16.527,134.06,79.775,23,21.708,20.794
3.0493,0.5124,1.1567,-2.7036,-0.8038,-0.82221,16.565,137.89,84.412,24.988,24.069,22.354
4.6268,1.8965,0.82046,-4.2841,-0.056006,-0.47524,16.642,141.81,88.891,26.915,26.461,23.957
6.0284,3.1363,0.47688,-5.6806,0.59223,-0.20732,17.003,145.9,93.262,28.82,28.848,25.571
7.2019,4.0988,0.15101,-6.8124,1.1229,-0.061581,17.802,150.27,97.658,30.795,31.247,27.192
8.2106,4.8127,-0.12692,-7.7423,1.5594,-0.01692,19.051,155.01,102.22,32.966,33.718,28.841
9.2019,5.453,-0.33059,-8.6447,1.9541,0.00047433,20.619,160.12,107.02,35.454,36.347,30.564
10.356,6.2799,-0.4447,-9.7495,2.3675,0.082651,22.29,165.55,112.07,38.347,39.201,32.403
11.815,7.5569,-0.46912,-11.264,2.8469,0.30642,23.852,171.22,117.28,41.688,42.306,34.383
13.615,9.4594,-0.41777,-13.282,3.4108,0.71444,25.22,177.03,122.54,45.502,45.652,36.493
15.664,11.996,-0.31097,-15.728,4.0394,1.3125,26.51,182.95,127.73,49.791,49.205,38.704
17.786,15.002,-0.16388,-18.396,4.6799,2.0825,28.038,188.99,132.8,54.514,52.905,40.99
19.818,18.246,0.022487,-21.079,5.2679,3.0053,30.212,195.21,137.75,59.571,56.655,43.343
21.669,21.549,0.26181,-23.655,5.7542,4.0775,33.359,201.66,142.64,64.843,60.341,45.769
23.301,24.806,0.57309,-26.062,6.1196,5.3052,37.484,208.36,147.58,70.245,63.885,48.259
24.695,27.917,0.96637,-28.245,6.3687,6.6749,42.102,215.24,152.65,75.756,67.294,50.786
25.838,30.763,1.4315,-30.143,6.5204,8.1277,46.442,222.19,157.88,81.385,70.66,53.32
26.745,33.238,1.9378,-31.731,6.6036,9.5712,49.948,229.04,163.24,87.117,74.134,55.87
27.504,35.34,2.4455,-33.072,6.6568,10.933,52.584,235.72,168.66,92.893,77.884,58.518
28.278,37.219,2.9235,-34.341,6.7238,12.22,54.743,242.26,174.06,98.617,82.033,61.418
29.256,39.136,3.3612,-35.767,6.8435,13.537,56.989,248.77,179.44,104.21,86.612,64.747
30.582,41.318,3.7675,-37.514,7.0401,15.062,59.754,255.4,184.84,109.63,91.555,68.633
32.297,43.798,4.159,-39.589,7.3223,16.975,63.11,262.29,190.34,114.9,96.76,73.108
34.371,46.391,4.5477,-41.856,7.6987,19.35,66.741,269.52,196.02,120.09,102.15,78.135
36.76,48.851,4.9341,-44.157,8.2028,22.012,70.133,277.09,201.95,125.31,107.67,83.632
39.438,51.056,5.3064,-46.422,8.9105,24.534,72.816,284.94,208.14,130.72,113.32,89.44
42.373,53.069,5.6456,-48.707,9.9319,26.541,74.556,292.89,214.55,136.44,119.08,95.345
45.545,55.119,5.9339,-51.186,11.369,27.996,75.414,300.75,221.07,142.55,124.99,101.19
49.007,57.52,6.1623,-54.091,13.253,29.175,75.678,308.39,227.55,149.01,131.09,106.95
52.877,60.565,6.3351,-57.63,15.503,30.449,75.715,315.78,233.86,155.7,137.45,112.75
57.261,64.441,6.4677,-61.913,17.982,32.114,75.832,323.03,239.88,162.45,144.11,118.75
62.201,69.213,6.5769,-66.951,20.581,34.315,76.202,330.17,245.58,169.05,151.01,125.04
67.655,74.827,6.6691,-72.662,23.267,37.042,76.87,337.18,250.98,175.36,158.04,131.6
73.505,81.114,6.7329,-78.877,26.056,40.158,77.773,343.93,256.1,181.32,165.07,138.3
79.559,87.796,6.7432,-85.345,28.965,43.444,78.76,350.25,260.99,187.02,172.01,144.98
85.584,94.545,6.6758,-91.768,31.964,46.666,79.62,356,265.62,192.59,178.86,151.54
91.35,101.07,6.526,-97.863,34.964,49.645,80.159,361.14,269.96,198.18,185.71,157.94
96.675,107.23,6.3162,-103.46,37.854,52.293,80.303,365.67,273.95,203.85,192.7,164.19
101.51,113.03,6.0882,-108.61,40.549,54.609,80.124,369.66,277.58,209.62,199.96,170.37
105.97,118.55,5.8802,-113.6,43.01,56.639,79.776,373.16,280.84,215.43,207.55,176.64
110.35,123.77,5.7049,-118.7,45.254,58.433,79.412,376.2,283.73,221.15,215.36,183.12
114.89,128.52,5.5408,-124,47.343,59.993,79.155,378.8,286.27,226.64,223.13,189.84
119.69,132.66,5.3407,-129.37,49.369,61.282,79.13,380.96,288.47,231.76,230.55,196.68
124.69,136.17,5.0562,-134.56,51.424,62.281,79.441,382.71,290.34,236.46,237.46,203.39
129.74,139.11,4.6631,-139.29,53.57,63.025,80.061,384.08,291.9,240.75,243.84,209.76
134.72,141.56,4.1757,-143.4,55.82,63.582,80.751,385.12,293.18,244.65,249.8,215.72
139.48,143.6,3.6411,-146.83,58.141,64.029,81.128,385.83,294.19,248.11,255.41,221.27
143.9,145.34,3.1176,-149.62,60.487,64.436,80.835,386.25,294.97,251.07,260.72,226.48
147.92,146.84,2.6496,-151.92,62.827,64.841,79.685,386.41,295.54,253.49,265.72,231.41
151.56,148.13,2.251,-153.86,65.165,65.246,77.743,386.32,295.93,255.39,270.36,236.09
154.88,149.21,1.9026,-155.58,67.522,65.633,75.301,386,296.13,256.83,274.53,240.53
157.97,150.09,1.5654,-157.14,69.931,65.999,72.792,385.42,296.15,257.91,278.16,244.69
160.87,150.86,1.2014,-158.59,72.429,66.364,70.697,384.52,295.98,258.72,281.21,248.53
163.62,151.6,0.7911,-159.97,75.035,66.757,69.439,383.21,295.59,259.33,283.68,251.98
166.25,152.45,0.33864,-161.37,77.722,67.22,69.172,381.41,294.92,259.75,285.64,255.04
168.75,153.52,-0.13414,-162.89,80.394,67.813,69.537,379.08,293.91,259.93,287.17,257.7
171.13,154.9,-0.59973,-164.58,82.914,68.589,69.665,376.21,292.53,259.76,288.31,260.01
173.39,156.6,-1.0379,-166.44,85.161,69.551,68.566,372.82,290.75,259.17,289.1,262.03
175.5,158.53,-1.4461,-168.36,87.085,70.616,65.692,368.85,288.6,258.11,289.56,263.79
177.43,160.44,-1.844,-170.17,88.699,71.614,61.194,364.14,286.04,256.57,289.7,265.3
179.06,162.03,-2.267,-171.67,90.039,72.324,55.695,358.49,283,254.53,289.5,266.51
180.27,162.98,-2.7522,-172.66,91.132,72.549,49.961,351.68,279.36,251.89,288.92,267.38
180.96,163.11,-3.3244,-173,91.983,72.184,44.794,343.7,274.94,248.55,287.88,267.83
181.09,162.41,-3.9911,-172.66,92.592,71.248,40.915,334.83,269.62,244.38,286.31,267.82
180.72,161.01,-4.7447,-171.73,92.976,69.877,38.606,325.56,263.36,239.34,284.14,267.31
179.97,159.15,-5.5692,-170.36,93.175,68.263,37.452,316.22,256.27,233.52,281.37,266.22
179,157.09,-6.4443,-168.76,93.232,66.601,36.488,306.8,248.56,227.16,278.05,264.45
177.92,155.05,-7.3478,-167.11,93.177,65.037,34.682,297.06,240.43,220.49,274.26,261.91
176.83,153.24,-8.2581,-165.62,93.009,63.649,31.57,286.65,231.95,213.67,270.05,258.55
175.78,151.81,-9.1618,-164.38,92.699,62.441,27.344,275.3,223.1,206.73,265.43,254.53
174.78,150.78,-10.061,-163.41,92.221,61.341,22.327,262.93,213.81,199.59,260.27,250.12
173.81,149.99,-10.97,-162.56,91.583,60.215,16.785,249.72,204.04,192.11,254.42,245.52
172.82,149.1,-11.897,-161.65,90.831,58.926,11.049,236.11,193.82,184.15,247.72,240.68
171.72,147.77,-12.835,-160.51,90.022,57.43,5.5219,222.56,183.3,175.65,240.11,235.28
170.38,145.85,-13.754,-159.07,89.199,55.816,0.57542,209.29,172.7,166.74,231.7,228.94
168.67,143.49,-14.613,-157.35,88.37,54.216,-3.493,196.18,162.22,157.65,222.73,221.46
166.53,140.87,-15.373,-155.36,87.493,52.69,-6.5356,182.94,151.97,148.65,213.51,213.03
163.87,138.01,-16.008,-152.96,86.473,51.182,-8.684,169.3,141.9,139.9,204.31,204.04
160.57,134.75,-16.512,-149.97,85.179,49.569,-10.376,155.13,131.89,131.41,195.35,194.93
156.47,130.93,-16.904,-146.18,83.494,47.743,-12.218,140.61,121.78,123.11,186.69,185.94
151.58,126.47,-17.216,-141.54,81.378,45.672,-14.662,126.2,111.4,114.86,178.28,177.1
146.08,121.5,-17.483,-136.25,78.917,43.4,-17.72,112.42,100.66,106.47,169.95,168.23
140.31,116.3,-17.737,-130.65,76.3,41.019,-21.045,99.636,89.462,97.757,161.47,159.11
134.56,111.24,-17.999,-125.07,73.722,38.614,-24.289,87.878,77.904,88.552,152.61,149.53
128.97,106.52,-18.277,-119.64,71.272,36.223,-27.26,76.839,66.429,78.916,143.24,139.45
123.5,102.11,-18.556,-114.31,68.901,33.806,-29.838,65.915,55.768,69.369,133.38,129.03
118,97.674,-18.808,-108.92,66.457,31.227,-31.908,54.331,46.464,60.677,123.27,118.69
112.3,92.789,-18.993,-103.37,63.755,28.262,-33.462,41.716,38.59,53.286,113.2,108.96
106.37,87.204,-19.09,-97.647,60.679,24.684,-34.712,29.176,31.911,47.128,103.43,100.22
100.41,81.058,-19.104,-91.799,57.288,20.491,-36.046,18.953,26.135,41.892,94.059,92.434
94.661,74.737,-19.063,-85.922,53.82,16.086,-37.855,11.929,21.05,37.274,84.952,85.188
89.156,68.462,-19.001,-80.1,50.53,12.053,-40.35,7.1885,16.537,33.081,75.865,77.872
83.775,62.179,-18.935,-74.341,47.527,8.7053,-43.461,3.5975,12.53,29.217,66.688,69.957
78.386,55.788,-18.866,-68.576,44.765,5.9963,-46.887,0.4681,8.9739,25.652,57.731,61.223
72.906,49.293,-18.785,-62.742,42.14,3.739,-50.216,-2.5494,5.8012,22.383,49.611,51.947
67.265,42.75,-18.683,-56.798,39.544,1.7792,-53.04,-5.643,2.9345,19.413,42.684,43.012
61.384,36.154,-18.552,-50.681,36.89,0.044171,-55.021,-8.9312,0.29465,16.73,36.761,35.468
55.23,29.417,-18.382,-44.326,34.121,-1.4663,-55.927,-12.487,-2.1885,14.307,31.431,29.562
48.884,22.515,-18.165,-37.743,31.219,-2.7134,-55.674,-16.319,-4.5669,12.116,26.401,24.678
42.521,15.767,-17.91,-31.078,28.212,-3.669,-54.362,-20.331,-6.8697,10.132,21.611,20.165
36.334,9.9327,-17.641,-24.624,25.188,-4.3602,-52.286,-24.34,-9.1051,8.3393,17.182,15.806
30.555,5.6558,-17.398,-18.833,22.291,-4.8781,-49.899,-28.146,-11.268,6.7204,13.281,11.745
25.44,2.8714,-17.217,-14.126,19.665,-5.3545,-47.7,-31.615,-13.349,5.2517,9.9927,8.2029
21.115,1.0604,-17.115,-10.561,17.37,-5.9276,-46.063,-34.7,-15.33,3.9093,7.2808,5.2601
17.502,-0.28164,-17.086,-7.8594,15.373,-6.709,-45.106,-37.399,-17.186,2.6802,5.0307,2.8347
14.424,-1.4741,-17.103,-5.6893,13.6,-7.7542,-44.706,-39.709,-18.872,1.5689,3.1156,0.77905
11.732,-2.6582,-17.125,-3.8288,11.988,-9.0433,-44.59,-41.618,-20.345,0.59187,1.4373,-1.0283
9.3567,-3.8475,-17.11,-2.1828,10.511,-10.482,-44.437,-43.12,-21.581,-0.23791,-0.064738,-2.651
7.2872,-4.9854,-17.026,-0.73893,9.1797,-11.932,-43.993,-44.236,-22.601,-0.9253,-1.4226,-4.1074
5.5436,-6.0001,-16.877,0.48463,8.0192,-13.258,-43.186,-45.016,-23.461,-1.4992,-2.6543,-5.3958
4.1376,-6.8471,-16.7,1.4807,7.058,-14.384,-42.144,-45.528,-24.237,-2.0079,-3.7756,-6.5158
3.046,-7.532,-16.559,2.2758,6.3084,-15.318,-41.082,-45.844,-24.989,-2.5057,-4.8062,-7.4798
2.2054,-8.1091,-16.509,2.931,5.7558,-16.128,-40.174,-46.02,-25.739,-3.0374,-5.7696,-8.3114
1.5257,-8.6584,-16.564,3.5255,5.3569,-16.892,-39.493,-46.083,-26.47,-3.6253,-6.6864,-9.0386
0.91217,-9.2497,-16.688,4.1326,5.0471,-17.64,-39.029,-46.03,-27.129,-4.2655,-7.5632,-9.6836
0.29156,-9.9082,-16.796,4.7927,4.7567,-18.338,-38.717,-45.837,-27.648,-4.9332,-8.3866,-10.253
-0.36312,-10.597,-16.788,5.4934,4.4351,-18.9,-38.466,-45.482,-27.97,-5.5937,-9.1266,-10.734
-1.0229,-11.227,-16.586,6.1684,4.0689,-19.232,-38.181,-44.956,-28.066,-6.2167,-9.7533,-11.099
-1.618,-11.688,-16.167,6.7189,3.6825,-19.27,-37.768,-44.281,-27.951,-6.7911,-10.26,-11.319
-2.0718,-11.887,-15.563,7.0514,3.3193,-19.01,-37.137,-43.502,-27.686,-7.3359,-10.679,-11.393
-2.3352,-11.778,-14.836,7.1126,3.0149,-18.504,-36.223,-42.675,-27.359,-7.8995,-11.079,-11.348
-2.4058,-11.368,-14.048,6.9077,2.7793,-17.836,-34.991,-41.829,-27.058,-8.5465,-11.544,-11.241
-2.3285,-10.717,-13.231,6.4985,2.5925,-17.09,-33.444,-40.948,-26.838,-9.3377,-12.146,-11.129
-2.1831,-9.9191,-12.384,5.9856,2.4116,-16.325,-31.635,-39.977,-26.71,-10.314,-12.923,-11.058
-2.0678,-9.093,-11.479,5.4869,2.1839,-15.561,-29.701,-38.849,-26.656,-11.49,-13.866,-11.049
-2.0822,-8.3595,-10.478,5.1175,1.8597,-14.797,-27.861,-37.524,-26.648,-12.862,-14.924,-11.096
-2.308,-7.8252,-9.3602,4.9688,1.4045,-14.028,-26.34,-36.01,-26.667,-14.41,-16.022,-11.181
-2.7873,-7.5603,-8.1359,5.0895,0.80889,-13.252,-25.266,-34.348,-26.707,-16.112,-17.091,-11.288
-3.5076,-7.5833,-6.8548,5.4732,0.092454,-12.474,-24.576,-32.582,-26.762,-17.946,-18.091,-11.414
-4.409,-7.8614,-5.5898,6.065,-0.70484,-11.711,-24.016,-30.732,-26.816,-19.894,-19.029,-11.567
-5.4151,-8.3322,-4.4053,6.79,-1.5431,-10.992,-23.241,-28.793,-26.85,-21.956,-19.952,-11.762
-6.4706,-8.9341,-3.3318,7.5874,-2.4034,-10.368,-21.983,-26.765,-26.85,-24.157,-20.928,-12.014
-7.5627,-9.622,-2.3627,8.4293,-3.2955,-9.887,-20.199,-24.688,-26.823,-26.543,-22.028,-12.331
-8.709,-10.359,-1.469,9.3107,-4.2456,-9.5639,-18.125,-22.648,-26.791,-29.156,-23.286,-12.716
-9.9226,-11.096,-0.6165,10.219,-5.2739,-9.3632,-16.18,-20.751,-26.776,-31.998,-24.681,-13.154
-11.181,-11.757,0.22338,11.114,-6.3762,-9.203,-14.694,-19.077,-26.783,-35.018,-26.141,-13.619
-12.422,-12.26,1.0688,11.927,-7.5204,-8.9872,-13.702,-17.642,-26.8,-38.115,-27.566,-14.076
-13.566,-12.538,1.9248,12.595,-8.6531,-8.6443,-12.959,-16.396,-26.797,-41.175,-28.875,-14.483
-14.539,-12.579,2.7839,13.081,-9.7139,-8.1524,-12.052,-15.242,-26.746,-44.102,-30.022,-14.804
-15.299,-12.421,3.6318,13.389,-10.651,-7.54,-10.561,-14.066,-26.619,-46.833,-30.99,-15.013
-15.836,-12.143,4.456,13.547,-11.431,-6.8664,-8.247,-12.773,-26.389,-49.33,-31.778,-15.102
-16.165,-11.828,5.2543,13.592,-12.046,-6.1974,-5.2025,-11.322,-26.038,-51.568,-32.395,-15.077
-16.322,-11.528,6.0378,13.547,-12.514,-5.5839,-1.8273,-9.74,-25.562,-53.533,-32.866,-14.966
-16.345,-11.245,6.8305,13.415,-12.876,-5.0448,1.3353,-8.0998,-24.976,-55.224,-33.231,-14.803
-16.26,-10.925,7.6653,13.171,-13.183,-4.5587,3.8039,-6.4899,-24.314,-56.654,-33.543,-14.62
-16.065,-10.475,8.5752,12.766,-13.483,-4.0719,5.3068,-4.9804,-23.618,-57.849,-33.845,-14.437
-15.739,-9.8004,9.5793,12.153,-13.8,-3.5219,5.8481,-3.6122,-22.927,-58.835,-34.152,-14.252
-15.263,-8.8509,10.668,11.32,-14.134,-2.8654,5.6986,-2.4015,-22.281,-59.639,-34.45,-14.051
-14.653,-7.6556,11.795,10.312,-14.461,-2.1003,5.3084,-1.3501,-21.717,-60.288,-34.707,-13.818
-13.974,-6.3299,12.892,9.2361,-14.757,-1.2712,5.1538,-0.45124,-21.266,-60.815,-34.893,-13.547
-13.339,-5.0501,13.893,8.2474,-15.012,-0.45678,5.5681,0.31046,-20.949,-61.258,-34.998,-13.246
-12.884,-4.0054,14.761,7.5032,-15.248,0.25565,6.6246,0.96179,-20.76,-61.651,-35.027,-12.933
-12.712,-3.3433,15.502,7.1177,-15.493,0.79598,8.1111,1.5428,-20.658,-62.002,-34.992,-12.629
-12.852,-3.1318,16.148,7.1275,-15.762,1.1284,9.6174,2.1033,-20.564,-62.292,-34.892,-12.342
-13.244,-3.3484,16.738,7.4842,-16.039,1.2578,10.708,2.6908,-20.388,-62.478,-34.709,-12.068
-13.77,-3.8946,17.298,8.074,-16.289,1.2237,11.093,3.3349,-20.061,-62.512,-34.423,-11.792
-14.293,-4.6265,17.827,8.7516,-16.467,1.0843,10.703,4.0357,-19.557,-62.357,-34.013,-11.492
-14.694,-5.392,18.298,9.3765,-16.532,0.89835,9.6838,4.7655,-18.903,-61.993,-33.472,-11.152
-14.892,-6.0622,18.667,9.8403,-16.454,0.70948,8.3455,5.4814,-18.157,-61.423,-32.809,-10.771
-14.857,-6.5488,18.883,10.078,-16.23,0.54194,7.0928,6.1405,-17.392,-60.676,-32.056,-10.363
-14.597,-6.7988,18.913,10.064,-15.892,0.40934,6.315,6.7127,-16.674,-59.805,-31.263,-9.9513
-14.147,-6.7752,18.753,9.7909,-15.491,0.3322,6.268,7.1874,-16.047,-58.879,-30.491,-9.5614
-13.54,-6.4401,18.439,9.2601,-15.069,0.35044,6.9899,7.5745,-15.525,-57.96,-29.776,-9.2095
-12.79,-5.7609,18.035,8.4746,-14.636,0.51471,8.2943,7.9002,-15.086,-57.071,-29.116,-8.8975
-11.897,-4.7436,17.597,7.4563,-14.162,0.85691,9.8471,8.1928,-14.679,-56.183,-28.46,-8.6129
-10.874,-3.466,17.148,6.2692,-13.596,1.3605,11.29,8.4687,-14.244,-55.227,-27.732,-8.3361
-9.7679,-2.0848,16.671,5.0285,-12.898,1.9513,12.356,8.7245,-13.733,-54.116,-26.862,-8.05
-8.6674,-0.80575,16.133,3.8842,-12.068,2.5149,12.941,8.9406,-13.122,-52.771,-25.809,-7.7458
-7.6734,0.17545,15.514,2.9775,-11.149,2.9353,13.102,9.0985,-12.407,-51.143,-24.564,-7.4189
-6.8557,0.73685,14.826,2.3916,-10.197,3.1348,12.996,9.1997,-11.583,-49.204,-23.124,-7.0598
-6.2269,0.86372,14.11,2.1282,-9.2607,3.0999,12.795,9.274,-10.641,-46.956,-21.492,-6.6521
-5.7541,0.63879,13.408,2.1215,-8.372,2.8815,12.603,9.3674,-9.5739,-44.418,-19.685,-6.1826
-5.3904,0.20648,12.755,2.2722,-7.5561,2.5725,12.436,9.5174,-8.3918,-41.64,-17.764,-5.6569
-5.0962,-0.26746,12.174,2.4756,-6.8391,2.2747,12.233,9.7321,-7.1288,-38.69,-15.828,-5.1017
-4.8374,-0.6349,11.676,2.6356,-6.2391,2.069,11.898,9.9842,-5.8356,-35.648,-13.979,-4.5528
-4.5755,-0.7974,11.26,2.6748,-5.7503,2.0017,11.357,10.222,-4.5631,-32.569,-12.283,-4.0364
-4.2606,-0.70879,10.904,2.5328,-5.3381,2.0872,10.634,10.393,-3.345,-29.485,-10.755,-3.5573
-3.8274,-0.34609,10.572,2.1525,-4.9482,2.3178,9.9116,10.463,-2.1952,-26.423,-9.3748,-3.0994
-3.2046,0.3137,10.22,1.4797,-4.5256,2.6723,9.4834,10.43,-1.1064,-23.425,-8.1052,-2.6399
-2.3463,1.2769,9.8221,0.49182,-4.033,3.1216,9.6119,10.326,-0.06034,-20.556,-6.9083,-2.1599
-1.2624,2.4952,9.3788,-0.76753,-3.4604,3.6309,10.375,10.199,0.96532,-17.88,-5.7508,-1.6491
-0.029049,3.85,8.9132,-2.181,-2.8266,4.159,11.609,10.101,1.9955,-15.424,-4.6057,-1.1035
1.2216,5.171,8.4593,-3.5763,-2.1761,4.6588,12.957,10.07,3.059,-13.167,-3.4519,-0.52502
2.3284,6.274,8.0489,-4.7618,-1.5708,5.0807,13.989,10.126,4.1861,-11.06,-2.2749,0.078287
3.1444,7.0037,7.6995,-5.5739,-1.0746,5.378,14.33,10.263,5.4017,-9.0392,-1.0653,0.69126
3.5854,7.2719,7.41,-5.9233,-0.73036,5.5173,13.757,10.453,6.7173,-7.052,0.17963,1.2953
3.6627,7.0848,7.1609,-5.8239,-0.54055,5.4908,12.285,10.658,8.1261,-5.0635,1.4575,1.8758
3.4867,6.5488,6.92,-5.3927,-0.46104,5.323,10.21,10.844,9.6056,-3.0552,2.7597,2.4279
3.2399,5.8479,6.6542,-4.8197,-0.41094,5.0678,8.065,10.985,11.118,-1.0252,4.0672,2.9592
3.1269,5.1909,6.3393,-4.3226,-0.29737,4.7946,6.4625,11.068,12.613,1.0082,5.3459,3.4828
3.3104,4.759,5.9685,-4.0897,-0.049633,4.5726,5.8886,11.087,14.03,3.0025,6.544,4.006
3.845,4.6564,5.556,-4.2264,0.34907,4.4534,6.5134,11.041,15.305,4.8983,7.6017,4.5219
4.6496,4.8899,5.1322,-4.7137,0.85139,4.4543,8.0981,10.932,16.384,6.6316,8.4684,5.0102
5.5419,5.3738,4.7312,-5.4199,1.3698,4.557,10.077,10.769,17.239,8.1594,9.1211,5.4447
6.3372,5.971,4.3762,-6.1683,1.8228,4.7222,11.781,10.566,17.883,9.4766,9.5731,5.8028
6.9211,6.5406,4.068,-6.8024,2.1687,4.903,12.68,10.343,18.364,10.62,9.8687,6.0725
7.2624,6.9693,3.7849,-7.2222,2.4106,5.0524,12.506,10.123,18.749,11.651,10.066,6.2514
7.39,7.1888,3.4938,-7.3908,2.5823,5.1305,11.257,9.9251,19.098,12.631,10.216,6.3522
7.3651,7.1707,3.1676,-7.3267,2.7299,5.1074,9.146,9.7573,19.454,13.607,10.36,6.4026
7.2531,6.9134,2.7946,-7.0773,2.8926,4.9596,6.5686,9.6155,19.822,14.588,10.52,6.4444
7.0956,6.419,2.3804,-6.6838,3.0882,4.6695,4.0562,9.4838,20.175,15.558,10.704,6.5164
6.8903,5.6822,1.9428,-6.1586,3.305,4.2297,2.155,9.3384,20.461,16.472,10.905,6.6332
6.5875,4.6971,1.5021,-5.4827,3.5024,3.6472,1.2669,9.1556,20.614,17.273,11.099,6.7698
6.1091,3.4761,1.0723,-4.6239,3.625,2.9435,1.5302,8.9193,20.579,17.898,11.248,6.8663
5.3989,2.0751,0.65443,-3.5756,3.6265,2.1541,2.785,8.63,20.339,18.317,11.312,6.8585
4.4678,0.6059,0.23725,-2.3923,3.4984,1.3246,4.6307,8.3082,19.926,18.541,11.272,6.7163
3.4132,-0.78391,-0.19582,-1.1944,3.2771,0.50853,6.5754,7.9894,19.419,18.635,11.148,6.4659
2.3858,-1.9596,-0.65713,-0.12192,3.0311,-0.23533,8.2084,7.7113,18.918,18.698,11,6.1776
1.5338,-2.8295,-1.1504,0.71052,2.8355,-0.85085,9.281,7.4993,18.505,18.823,10.901,5.9318
0.9504,-3.3694,-1.6729,1.2459,2.7456,-1.3095,9.6685,7.3569,18.222,19.064,10.909,5.7853
0.64006,-3.6404,-2.2212,1.5133,2.7777,-1.639,9.3103,7.2669,18.06,19.414,11.037,5.7546
0.51487,-3.7878,-2.7927,1.6292,2.9047,-1.923,8.2221,7.2002,17.963,19.811,11.252,5.8179
0.43192,-3.9912,-3.3836,1.7588,3.0682,-2.2639,6.5728,7.1296,17.859,20.164,11.491,5.9253
0.25187,-4.3914,-3.9819,2.0453,3.2021,-2.7322,4.7297,7.0408,17.688,20.397,11.691,6.0164
-0.099348,-5.0262,-4.5598,2.5473,3.2565,-3.3335,3.1869,6.9335,17.414,20.479,11.81,6.0393
-0.60322,-5.8119,-5.0738,3.2136,3.2149,-4.0002,2.3991,6.8142,17.037,20.431,11.84,5.9668
-1.1562,-6.5767,-5.4733,3.9029,3.096,-4.6136,2.6306,6.6866,16.577,20.309,11.795,5.8047
-1.6142,-7.1298,-5.7203,4.4436,2.9494,-5.046,3.8768,6.5466,16.069,20.173,11.711,5.5903
-1.8543,-7.3362,-5.8086,4.7031,2.8362,-5.2097,5.8559,6.3836,15.543,20.063,11.625,5.3724
-1.8257,-7.1647,-5.7682,4.6374,2.8,-5.0921,8.0842,6.1874,15.016,19.983,11.56,5.1876
-1.5724,-6.7004,-5.6493,4.3085,2.8431,-4.7628,10.024,5.9547,14.495,19.905,11.515,5.0411
-1.2255,-6.1205,-5.4947,3.869,2.9208,-4.3474,11.239,5.6916,13.971,19.786,11.459,4.9074
-0.96309,-5.638,-5.3217,3.5163,2.9557,-3.979,11.49,5.4117,13.435,19.587,11.341,4.7446
-0.94473,-5.4255,-5.1201,3.4204,2.87,-3.7443,10.744,5.1309,12.879,19.287,11.118,4.5167
-1.247,-5.5423,-4.8612,3.6525,2.6175,-3.6475,9.1315,4.8608,12.297,18.89,10.768,4.2076
-1.8309,-5.8996,-4.5145,4.1487,2.2041,-3.6153,6.9013,4.6038,11.681,18.417,10.309,3.8231
-2.5468,-6.292,-4.0661,4.7275,1.6849,-3.5377,4.4045,4.3505,11.021,17.899,9.7801,3.385
-3.1913,-6.4874,-3.5333,5.165,1.1481,-3.3214,2.0651,4.0848,10.308,17.358,9.2255,2.9235
-3.5898,-6.3263,-2.9639,5.2911,0.68267,-2.9282,0.29098,3.7921,9.5344,16.795,8.6804,2.4732
-3.6624,-5.7837,-2.4189,5.0531,0.34833,-2.3878,-0.64723,3.4708,8.7088,16.192,8.1667,2.0696
-3.4399,-4.966,-1.9501,4.5207,0.15989,-1.7825,-0.70988,3.1372,7.8539,15.54,7.6998,1.7435
-3.0391,-4.0678,-1.5816,3.8506,0.090194,-1.2196,-0.095977,2.821,7.0128,14.852,7.2938,1.5129
-2.6218,-3.3154,-1.3053,3.241,0.081974,-0.80294,0.85213,2.5538,6.2366,14.176,6.9591,1.3745
-2.3532,-2.9103,-1.0877,2.8825,0.062359,-0.60685,1.7995,2.3546,5.568,13.564,6.6917,1.3028
-2.3624,-2.9758,-0.8856,2.9087,-0.038593,-0.65393,2.5405,2.2221,5.0281,13.046,6.4758,1.2582
-2.7014,-3.513,-0.66594,3.3511,-0.26232,-0.90461,3.0233,2.1371,4.6149,12.628,6.2912,1.2061
-3.3113,-4.3861,-0.42172,4.1117,-0.59729,-1.269,3.273,2.0752,4.3117,12.297,6.1269,1.1342
-4.0174,-5.3467,-0.17887,4.9726,-0.96674,-1.6333,3.2914,2.0181,4.0958,12.035,5.9865,1.0596
-4.578,-6.1002,0.012425,5.6561,-1.2563,-1.8906,3.037,1.9553,3.9394,11.82,5.8815,1.0193
-4.7849,-6.4025,0.10012,5.9289,-1.3676,-1.9689,2.5016,1.8783,3.8058,11.617,5.8159,1.0495
-4.5618,-6.1485,0.054864,5.6994,-1.2679,-1.8472,1.7915,1.7741,3.6471,11.372,5.7714,1.1638
-4,-5.4081,-0.11618,5.0521,-1.006,-1.5565,1.1267,1.6268,3.4122,11.031,5.707,1.3439
-3.3126,-4.3935,-0.37544,4.2052,-0.68901,-1.17,0.76074,1.427,3.066,10.561,5.5753,1.544
-2.739,-3.3841,-0.67396,3.4202,-0.43174,-0.7886,0.86525,1.183,2.6074,9.9753,5.3455,1.7074
-2.4553,-2.6425,-0.96993,2.9136,-0.31153,-0.52404,1.4467,0.92313,2.0739,9.3333,5.0191,1.786
-2.535,-2.3535,-1.2387,2.809,-0.35016,-0.4746,2.3494,0.68505,1.5303,8.719,4.6288,1.7566
-2.9595,-2.6008,-1.4745,3.1366,-0.52151,-0.69956,3.322,0.49707,1.0435,8.2096,4.2248,1.6284
-3.6497,-3.3789,-1.6873,3.8541,-0.76995,-1.2125,4.077,0.36201,0.6566,7.8467,3.8547,1.4386
-4.497,-4.6133,-1.897,4.8693,-1.0309,-1.9893,4.3186,0.25316,0.37093,7.6193,3.5444,1.238
-5.3913,-6.1753,-2.126,6.0614,-1.2509,-2.9736,3.7934,0.12619,0.14332,7.463,3.2865,1.0705
-6.2424,-7.895,-2.3893,7.3024,-1.4026,-4.0799,2.3973,-0.06473,-0.099327,7.2789,3.0425,0.95515
-6.9951,-9.5821,-2.6844,8.4771,-1.4928,-5.2012,0.28281,-0.35053,-0.43154,6.9694,2.7603,0.8806
-7.6291,-11.046,-2.9905,9.4912,-1.5554,-6.2132,-2.1284,-0.73443,-0.89668,6.4789,2.403,0.81546
-8.1419,-12.113,-3.274,10.269,-1.6319,-6.9834,-4.2725,-1.1842,-1.4841,5.8193,1.9707,0.7289
-8.5257,-12.653,-3.5001,10.75,-1.7462,-7.3988,-5.6569,-1.6342,-2.1285,5.0686,1.506,0.60913
-8.7612,-12.621,-3.6456,10.901,-1.8927,-7.4092,-6.0401,-2.0027,-2.7348,4.3406,1.0754,0.46893
-8.8366,-12.082,-3.7097,10.743,-2.0456,-7.0582,-5.5013,-2.226,-3.2201,3.7417,0.74181,0.33609
-8.7758,-11.213,-3.7159,10.366,-2.1791,-6.4787,-4.4164,-2.2899,-3.552,3.3308,0.53701,0.23664
-8.6443,-10.264,-3.6993,9.9128,-2.2821,-5.8501,-3.3338,-2.2387,-3.7627,3.0997,0.44896,0.182
-8.5201,-9.4695,-3.6861,9.5228,-2.358,-5.3372,-2.7479,-2.1497,-3.9311,2.9783,0.42723,0.16591
-8.4474,-8.9648,-3.6798,9.2716,-2.4109,-5.034,-2.8766,-2.0913,-4.14,2.8666,0.40661,0.17131
-8.4024,-8.7421,-3.6675,9.1349,-2.4317,-4.9388,-3.5881,-2.0884,-4.4315,2.6798,0.33965,0.182
-8.3029,-8.6746,-3.6347,9.0082,-2.3978,-4.9665,-4.4993,-2.1122,-4.7833,2.3873,0.22157,0.19153
-8.059,-8.5929,-3.5744,8.771,-2.2879,-4.9918,-5.1607,-2.0967,-5.117,2.0235,0.092354,0.20416
-7.6342,-8.3723,-3.4848,8.3581,-2.1031,-4.9112,-5.2403,-1.9748,-5.3343,1.6642,0.014493,0.2281
-7.0868,-7.9995,-3.3675,7.8064,-1.8794,-4.6985,-4.6315,-1.7161,-5.3631,1.3842,0.039501,0.26617
-6.5678,-7.5885,-3.2327,7.2587,-1.6848,-4.4189,-3.4481,-1.3453,-5.1905,1.2217,0.18098,0.31007
-6.2681,-7.3308,-3.101,6.9132,-1.5963,-4.1912,-1.9594,-0.9284,-4.8666,1.1646,0.40674,0.34181
-6.3343,-7.4023,-2.9984,6.9351,-1.6678,-4.1286,-0.51302,-0.53703,-4.4794,1.1624,0.65223,0.3413
-6.7967,-7.8718,-2.9459,7.3731,-1.9024,-4.2893,0.56127,-0.21511,-4.1167,1.1539,0.84824,0.29623
-7.5431,-8.6524,-2.9497,8.1226,-2.2465,-4.6502,1.0542,0.039069,-3.8335,1.0938,0.95027,0.21046
-8.355,-9.523,-2.9941,8.9567,-2.6078,-5.1082,0.94368,0.25743,-3.6377,0.96924,0.95634,0.10661
-8.9914,-10.211,-3.0442,9.613,-2.8901,-5.51,0.38478,0.48463,-3.4978,0.79912,0.90409,0.01893
-9.2789,-10.5,-3.0608,9.8931,-3.0295,-5.7093,-0.3829,0.75307,-3.3665,0.62041,0.84863,-0.022882
-9.1791,-10.316,-3.0175,9.7411,-3.0203,-5.6342,-1.1574,1.0643,-3.2091,0.46912,0.83326,-0.011112
-8.8123,-9.7692,-2.9099,9.2751,-2.9232,-5.3256,-1.8349,1.386,-3.0218,0.365,0.86885,0.032893
-8.4185,-9.108,-2.7519,8.7466,-2.8445,-4.9183,-2.3831,1.667,-2.8269,0.3064,0.93201,0.069388
-8.2529,-8.6163,-2.5663,8.4309,-2.8894,-4.5726,-2.7955,1.8631,-2.651,0.27621,0.98162,0.064627
-8.4641,-8.4901,-2.3746,8.5026,-3.1096,-4.4016,-3.075,1.9602,-2.501,0.25488,0.98412,0.014149
-9.0222,-8.7555,-2.1908,8.9553,-3.4751,-4.425,-3.2351,1.9835,-2.3539,0.23319,0.93282,-0.051165
-9.7308,-9.264,-2.0221,9.6055,-3.8831,-4.5646,-3.2966,1.9886,-2.1673,0.21738,0.85035,-0.081155
-10.318,-9.7674,-1.8696,10.178,-4.2038,-4.6884,-3.2812,2.0342,-1.9058,0.22272,0.77388,-0.034671
-10.561,-10.032,-1.7298,10.431,-4.341,-4.6824,-3.2085,2.1515,-1.5683,0.25879,0.73262,0.096369
-10.388,-9.9361,-1.5949,10.262,-4.276,-4.5047,-3.0976,2.3271,-1.1985,0.3169,0.73173,0.2797
-9.8976,-9.5013,-1.4548,9.7373,-4.0731,-4.1902,-2.967,2.5112,-0.87104,0.37004,0.7522,0.45574
-9.2975,-8.8651,-1.3008,9.0421,-3.8477,-3.8165,-2.8331,2.6457,-0.65934,0.38755,0.76515,0.56446
-8.8087,-8.2047,-1.1292,8.3902,-3.7134,-3.4613,-2.7125,2.6916,-0.60149,0.35433,0.74969,0.57225
-8.5715,-7.6608,-0.94387,7.934,-3.7334,-3.1744,-2.6284,2.6448,-0.68267,0.28073,0.70408,0.48685
-8.5973,-7.2927,-0.75554,7.7161,-3.8993,-2.9666,-2.6066,2.5356,-0.84116,0.19619,0.64621,0.34805
-8.7854,-7.0784,-0.57959,7.6785,-4.143,-2.8146,-2.656,2.4143,-0.99428,0.1309,0.60414,0.21066
-8.9886,-6.9517,-0.43212,7.7155,-4.3719,-2.6777,-2.74,2.3304,-1.0712,0.097878,0.60212,0.12102
-9.0903,-6.8549,-0.32474,7.7364,-4.512,-2.5238,-2.7673,2.3123,-1.0371,0.087865,0.64995,0.09754
-9.0586,-6.7744,-0.25973,7.7095,-4.54,-2.352,-2.6159,2.3663,-0.89507,0.078667,0.74005,0.12191
-8.9535,-6.7471,-0.22778,7.6714,-4.4897,-2.197,-2.1815,2.4776,-0.68517,0.049574,0.85063,0.14587
-8.8862,-6.8366,-0.20945,7.6994,-4.4305,-2.1114,-1.4241,2.6209,-0.46022,-0.0091277,0.95313,0.1135
-8.9539,-7.0886,-0.18063,7.8601,-4.4308,-2.1354,-0.38867,2.7709,-0.2642,-0.094388,1.0232,-0.0090365
-9.1816,-7.4865,-0.11993,8.1571,-4.5237,-2.2706,0.80548,2.9103,-0.11808,-0.19459,1.0515,-0.21214
-9.4991,-7.9335,-0.01505,8.5092,-4.6915,-2.472,2,3.0305,-0.019455,-0.29789,1.0506,-0.44464
-9.7695,-8.2807,0.13404,8.7764,-4.8764,-2.6634,3.0399,3.127,0.045047,-0.40186,1.0401,-0.63909
-9.8548,-8.3862,0.31513,8.823,-5.0117,-2.769,3.8077,3.1953,0.084599,-0.51918,1.0355,-0.74516
-9.6848,-8.1756,0.50722,8.5838,-5.0546,-2.7435,4.2381,3.2332,0.09719,-0.67474,1.0365,-0.75289
-9.293,-7.6712,0.68761,8.0972,-5.007,-2.5841,4.315,3.2443,0.074696,-0.89429,1.0259,-0.69505
-8.8035,-6.9797,0.84159,7.4897,-4.9155,-2.3207,4.0619,3.2424,0.015464,-1.1892,0.98026,-0.62964
-8.3766,-6.2456,0.97055,6.9215,-4.8496,-1.9946,3.5374,3.2521,-0.064265,-1.5445,0.88424,-0.61148
-8.1374,-5.5954,1.0932,6.5196,-4.8681,-1.6406,2.8361,3.3033,-0.12802,-1.9157,0.7417,-0.66684
-8.1247,-5.1004,1.2356,6.3337,-4.991,-1.281,2.0881,3.4199,-0.12893,-2.2402,0.57567,-0.78278
-8.2873,-4.7729,1.4146,6.3345,-5.1928,-0.93013,1.4496,3.6082,-0.02882,-2.4604,0.41742,-0.91503
-8.5266,-4.5944,1.6272,6.4513,-5.4209,-0.60668,1.0773,3.8514,0.18168,-2.5498,0.29057,-1.0091
-8.7543,-4.5508,1.8521,6.6199,-5.6249,-0.34365,1.0948,4.1124,0.47273,-2.5283,0.20011,-1.0255
-8.9284,-4.647,2.0595,6.8101,-5.776,-0.18693,1.5665,4.347,0.78249,-2.4556,0.13261,-0.95411
-9.0498,-4.8941,2.2212,7.0206,-5.8681,-0.1769,2.4912,4.5195,1.038,-2.405,0.065607,-0.81971
-9.1357,-5.2798,2.3183,7.2521,-5.909,-0.32453,3.8033,4.6134,1.186,-2.4348,-0.02075,-0.67191
-9.1942,-5.7449,2.3455,7.4825,-5.9102,-0.59789,5.3696,4.6333,1.2084,-2.5635,-0.13651,-0.5654
-9.2122,-6.1836,2.3112,7.6597,-5.8802,-0.92589,6.9852,4.5974,1.1217,-2.7732,-0.28042,-0.53912
-9.159,-6.472,2.234,7.7156,-5.8206,-1.2172,8.3858,4.5264,0.97254,-3.0235,-0.44181,-0.60334
-9.0019,-6.5122,2.1337,7.5938,-5.7279,-1.3885,9.3059,4.4359,0.81558,-3.2695,-0.60411,-0.73906
-8.7293,-6.2711,2.0217,7.2807,-5.5989,-1.3935,9.5775,4.3335,0.69422,-3.4778,-0.75026,-0.90812
-8.3653,-5.799,1.8954,6.8213,-5.4362,-1.2407,9.2086,4.2229,0.6289,-3.6357,-0.86901,-1.0697
-7.9647,-5.2154,1.739,6.3093,-5.2484,-0.99068,8.3759,4.11,0.61673,-3.7528,-0.96108,-1.1942
-7.5876,-4.667,1.5329,5.8509,-5.0434,-0.7335,7.3337,4.0069,0.63996,-3.8526,-1.0342,-1.2727
-7.2736,-4.2781,1.2695,5.5257,-4.8247,-0.55677,6.3072,3.9302,0.67677,-3.9596,-1.098,-1.3166
-7.0311,-4.1143,0.96302,5.3632,-4.5914,-0.51814,5.4258,3.8919,0.70918,-4.0886,-1.1604,-1.3503
-6.8427,-4.1719,0.64902,5.3417,-4.3439,-0.62829,4.7091,3.8946,0.72663,-4.2391,-1.2258,-1.4007
-6.6786,-4.3881,0.3706,5.4033,-4.0867,-0.8513,4.0923,3.9303,0.72637,-4.3965,-1.2946,-1.488
-6.511,-4.6681,0.16173,5.4783,-3.8294,-1.1229,3.4753,3.983,0.71077,-4.5409,-1.3655,-1.6212
-6.33,-4.9194,0.037404,5.5123,-3.589,-1.376,2.7886,4.0301,0.68141,-4.6589,-1.4404,-1.7982
-6.1557,-5.0799,-0.0061224,5.4882,-3.393,-1.5625,2.0546,4.0449,0.6324,-4.756,-1.5294,-2.0089
-6.0342,-5.131,0.014156,5.4297,-3.2744,-1.6622,1.4128,4.0015,0.54992,-4.8588,-1.6491,-2.2399
-6.0129,-5.0878,0.074162,5.3815,-3.2581,-1.6784,1.0871,3.8852,0.41791,-5.0022,-1.8141,-2.4771
-6.1068,-4.9753,0.14929,5.3746,-3.3434,-1.623,1.3091,3.7012,0.22896,-5.2121,-2.0254,-2.7074
-6.2825,-4.8104,0.22172,5.4035,-3.4985,-1.5065,2.225,3.4759,-0.008299,-5.4932,-2.2673,-2.9184
-6.4742,-4.6023,0.2862,5.4331,-3.6734,-1.3376,3.8077,3.2475,-0.26876,-5.8255,-2.5151,-3.1021
-6.6225,-4.3676,0.35085,5.4295,-3.8248,-1.1301,5.8199,3.0525,-0.52253,-6.1717,-2.7458,-3.262
-6.7102,-4.1476,0.43214,5.392,-3.936,-0.90953,7.8654,2.9125,-0.74357,-6.4964,-2.9468,-3.4165
-6.7743,-4.0115,0.54767,5.3659,-4.0242,-0.71568,9.5073,2.8303,-0.91766,-6.7725,-3.1162,-3.5945
-6.8873,-4.0363,0.71025,5.4246,-4.1302,-0.59456,10.401,2.7936,-1.0455,-6.98,-3.2595,-3.8193
-7.1156,-4.2711,0.92469,5.6308,-4.296,-0.58049,10.391,2.7815,-1.1415,-7.1074,-3.3853,-4.0913
-7.4738,-4.6998,1.1867,5.9916,-4.5395,-0.67619,9.535,2.7716,-1.229,-7.1534,-3.5014,-4.3814
-7.9002,-5.2225,1.4832,6.4318,-4.8398,-0.84398,8.0819,2.7444,-1.335,-7.1309,-3.6149,-4.6449
-8.2704,-5.6713,1.793,6.8065,-5.1423,-1.0129,6.3915,2.685,-1.4847,-7.0693,-3.7327,-4.846
-8.45,-5.8648,2.0892,6.9548,-5.3818,-1.1,4.84,2.5848,-1.6961,-7.0105,-3.861,-4.9756
-8.3552,-5.6786,2.3437,6.7707,-5.5091,-1.0377,3.7201,2.4417,-1.9773,-6.9972,-4.0067,-5.0546
-7.9904,-5.0961,2.5361,6.249,-5.5117,-0.79606,3.1697,2.26,-2.3242,-7.0616,-4.1748,-5.122
-7.4452,-4.2153,2.6628,5.4882,-5.4178,-0.39205,3.1469,2.0499,-2.7208,-7.2149,-4.3678,-5.2178
-6.8608,-3.2133,2.7414,4.6547,-5.2845,0.11745,3.4632,1.826,-3.1392,-7.4434,-4.585,-5.3654
-6.3772,-2.2906,2.8006,3.9289,-5.1732,0.65135,3.8717,1.6083,-3.5428,-7.7074,-4.8211,-5.5616
-6.0845,-1.6156,2.862,3.4494,-5.1197,1.1216,4.1788,1.4232,-3.885,-7.9467,-5.0631,-5.7776
-5.9943,-1.2857,2.9245,3.2763,-5.1159,1.4499,4.3219,1.3023,-4.1196,-8.0935,-5.292,-5.9728
-6.045,-1.3116,2.9658,3.3822,-5.1151,1.5864,4.3739,1.2737,-4.2151,-8.0958,-5.4888,-6.114
-6.1349,-1.6251,2.9582,3.6717,-5.0571,1.5239,4.4727,1.3501,-4.1671,-7.9422,-5.6463,-6.1929
-6.1627,-2.1065,2.8863,4.0174,-4.9014,1.2993,4.7216,1.5199,-4.0054,-7.669,-5.7764,-6.2337
-6.0594,-2.6144,2.756,4.2929,-4.6434,0.98202,5.124,1.747,-3.7891,-7.3471,-5.9099,-6.2849
-5.7973,-3.005,2.5924,4.3963,-4.3145,0.65891,5.5896,1.9803,-3.5906,-7.0569,-6.0832,-6.3985
-5.3879,-3.1456,2.4326,4.2627,-3.9652,0.41983,5.9979,2.1674,-3.4724,-6.8569,-6.3227,-6.6043
-4.8686,-2.9423,2.3162,3.8748,-3.6472,0.34156,6.2802,2.2677,-3.4667,-6.7632,-6.6308,-6.8928
-4.2866,-2.3741,2.2757,3.2654,-3.3963,0.46882,6.4926,2.2608,-3.5651,-6.7455,-6.9812,-7.2129
-3.6855,-1.507,2.3268,2.5061,-3.2218,0.80082,6.8127,2.1487,-3.722,-6.7456,-7.3233,-7.4874
-3.1032,-0.47682,2.4658,1.6944,-3.1088,1.289,7.4221,1.9548,-3.8714,-6.7033,-7.5959,-7.6409
-2.5881,0.54155,2.6771,0.94379,-3.0344,1.8477,8.3676,1.7183,-3.9487,-6.5818,-7.7477,-7.6291
-2.2079,1.3729,2.9525,0.37473,-2.9908,2.3842,9.5031,1.4873,-3.9094,-6.3789,-7.7566,-7.4543
-2.0383,1.8967,3.3075,0.084014,-2.996,2.8456,10.525,1.3116,-3.7365,-6.1189,-7.6358,-7.1577
-2.1233,2.1049,3.7855,0.10117,-3.0825,3.2607,11.066,1.232,-3.4349,-5.831,-7.4199,-6.7938
-2.4334,2.1322,4.4445,0.35327,-3.2711,3.7486,10.817,1.28,-3.0189,-5.53,-7.1463,-6.4034
-2.8472,2.2481,5.3363,0.65512,-3.5506,4.492,9.6355,1.4665,-2.5038,-5.209,-6.8397,-5.9999
-3.1698,2.8184,6.4864,0.73431,-3.8739,5.6983,7.6441,1.7792,-1.9024,-4.8451,-6.5052,-5.572
-3.188,4.2329,7.8874,0.29535,-4.1732,7.5602,5.257,2.1861,-1.229,-4.4114,-6.1313,-5.0969
-2.7446,6.7986,9.5027,-0.88925,-4.3862,10.204,3.0896,2.6446,-0.50229,-3.89,-5.7008,-4.5566
-1.8011,10.623,11.275,-2.8957,-4.4821,13.617,1.7541,3.1111,0.24856,-3.2816,-5.203,-3.9502
-0.45725,15.532,13.141,-5.6107,-4.4743,17.587,1.6473,3.5491,0.98817,-2.6079,-4.6409,-3.2977
1.0833,21.071,15.038,-8.7553,-4.4126,21.72,2.8212,3.9365,1.6844,-1.9034,-4.0298,-2.6347
2.5911,26.63,16.906,-11.971,-4.3555,25.587,4.9738,4.2695,2.3215,-1.2004,-3.3875,-2.0018
3.8966,31.676,18.692,-14.941,-4.3381,28.891,7.5711,4.5651,2.9109,-0.51281,-2.7245,-1.427
4.949,35.935,20.349,-17.512,-4.3551,31.566,10.05,4.8586,3.4922,0.1723,-2.0405,-0.91873
5.8202,39.426,21.835,-19.734,-4.3649,33.762,12.001,5.1952,4.123,0.8909,-1.3267,-0.46714
6.6694,42.368,23.117,-21.816,-4.3124,35.742,13.248,5.6161,4.8637,1.6899,-0.57069,-0.052041
7.6954,45.05,24.169,-24.033,-4.1507,37.719,13.829,6.1447,5.7624,2.6146,0.24322,0.35148
9.0932,47.741,24.978,-26.624,-3.8534,39.73,13.924,6.7765,6.8438,3.699,1.1344,0.77107
11.012,50.595,25.551,-29.703,-3.4181,41.663,13.775,7.4767,8.0997,4.9594,2.1228,1.2345
13.513,53.589,25.913,-33.198,-2.8635,43.395,13.621,8.1837,9.4843,6.3882,3.2214,1.7652
16.561,56.539,26.103,-36.876,-2.2173,44.868,13.638,8.819,10.919,7.9552,4.4326,2.3797
20.06,59.247,26.156,-40.477,-1.4983,46.056,13.882,9.3034,12.31,9.6193,5.7524,3.0929
23.905,61.648,26.1,-43.848,-0.69857,46.968,14.28,9.5798,13.579,11.348,7.1835,3.9274
28.018,63.834,25.954,-47.016,0.22215,47.675,14.697,9.6372,14.691,13.133,8.7423,4.922
32.362,65.995,25.729,-50.137,1.3279,48.316,15.027,9.5087,15.672,15.002,10.462,6.1319
36.92,68.363,25.432,-53.404,2.6873,49.076,15.242,9.2518,16.592,17.005,12.382,7.618
41.665,71.171,25.063,-56.982,4.3528,50.123,15.366,8.9213,17.544,19.194,14.531,9.4288
46.555,74.618,24.618,-60.988,6.342,51.553,15.401,8.5528,18.597,21.589,16.914,11.583
51.563,78.835,24.091,-65.461,8.6252,53.363,15.27,8.1597,19.773,24.158,19.501,14.057
56.677,83.857,23.48,-70.357,11.13,55.462,14.799,7.7352,21.027,26.81,22.225,16.792
61.877,89.584,22.787,-75.587,13.769,57.722,13.735,7.2582,22.253,29.411,24.988,19.701
67.118,95.784,22.011,-81.037,16.48,60.023,11.817,6.7014,23.309,31.809,27.665,22.683
72.314,102.11,21.136,-86.548,19.233,62.246,8.9222,6.0395,24.048,33.867,30.121,25.633
77.326,108.13,20.132,-91.873,22.009,64.237,5.1979,5.2555,24.361,35.487,32.228,28.43
81.971,113.34,18.978,-96.707,24.768,65.808,1.0139,4.34,24.211,36.64,33.902,30.962
86.071,117.26,17.672,-100.75,27.449,66.766,-3.2246,3.2898,23.643,37.376,35.124,33.149
89.502,119.56,16.233,-103.77,29.996,66.944,-7.2203,2.1087,22.772,37.804,35.951,34.977
92.217,120.18,14.687,-105.67,32.37,66.266,-10.829,0.80895,21.724,38.038,36.473,36.479
94.23,119.49,13.045,-106.5,34.543,64.837,-14.072,-0.59426,20.586,38.15,36.767,37.697
95.619,118.04,11.322,-106.51,36.484,62.917,-17.142,-2.0948,19.383,38.145,36.855,38.643
96.511,116.24,9.5389,-106.05,38.166,60.781,-20.319,-3.7011,18.089,37.973,36.715,39.297
97.044,114.13,7.7368,-105.34,39.583,58.594,-23.753,-5.4233,16.662,37.567,36.298,39.633
97.315,111.66,5.9626,-104.42,40.749,56.399,-27.173,-7.2499,15.079,36.874,35.564,39.635
97.345,108.86,4.262,-103.24,41.694,54.162,-29.921,-9.1392,13.344,35.877,34.49,39.296
97.076,105.83,2.6744,-101.74,42.436,51.829,-31.502,-11.035,11.484,34.597,33.081,38.605
96.414,102.7,1.229,-99.885,42.974,49.386,-31.967,-12.888,9.5353,33.076,31.366,37.54
95.283,99.492,-0.060592,-97.673,43.273,46.89,-31.754,-14.668,7.5316,31.354,29.387,36.072
93.634,96.101,-1.2025,-95.093,43.29,44.45,-31.365,-16.369,5.4905,29.453,27.187,34.171
91.41,92.35,-2.2244,-92.078,42.984,42.124,-31.127,-18.014,3.4094,27.369,24.79,31.829
88.526,88.059,-3.1638,-88.507,42.327,39.839,-31.114,-19.661,1.2674,25.085,22.202,29.075
84.905,83.088,-4.0562,-84.269,41.3,37.409,-31.229,-21.391,-0.9663,22.585,19.421,25.982
80.541,77.378,-4.9284,-79.347,39.902,34.615,-31.284,-23.263,-3.3235,19.874,16.472,22.661
75.525,71.036,-5.7963,-73.847,38.149,31.321,-31.078,-25.278,-5.8268,16.99,13.423,19.223
69.995,64.31,-6.6594,-67.931,36.072,27.556,-30.455,-27.369,-8.4767,14.019,10.387,15.76
64.084,57.432,-7.4961,-61.719,33.718,23.492,-29.314,-29.426,-11.237,11.087,7.4881,12.349
57.917,50.499,-8.2697,-55.291,31.145,19.356,-27.594,-31.332,-14.028,8.3308,4.8162,9.0599
51.596,43.532,-8.9491,-48.731,28.419,15.32,-25.315,-33.004,-16.748,5.8559,2.4045,5.9511
45.167,36.539,-9.53,-42.114,25.605,11.458,-22.66,-34.411,-19.309,3.7013,0.2337,3.0512
38.65,29.474,-10.036,-35.451,22.762,7.7665,-19.996,-35.574,-21.677,1.8433,-1.7434,0.36796
32.079,22.149,-10.503,-28.646,19.943,4.2506,-17.754,-36.548,-23.872,0.22409,-3.5758,-2.0949
25.508,14.379,-10.953,-21.543,17.197,1.0206,-16.212,-37.399,-25.946,-1.2208,-5.3002,-4.3258
19.114,6.5282,-11.391,-14.24,14.599,-1.673,-15.363,-38.184,-27.954,-2.5522,-6.9432,-6.3138
13.31,-0.19204,-11.812,-7.4712,12.251,-3.648,-14.969,-38.94,-29.934,-3.8264,-8.5303,-8.0655
8.5138,-4.8408,-12.207,-2.1504,10.237,-4.9911,-14.727,-39.683,-31.897,-5.0893,-10.089,-9.6071
4.8679,-7.6232,-12.572,1.481,8.5923,-5.897,-14.436,-40.411,-33.826,-6.3642,-11.642,-10.967
2.3137,-9.094,-12.898,3.6928,7.3162,-6.4679,-14.03,-41.112,-35.689,-7.6479,-13.204,-12.167
0.74889,-9.5577,-13.171,4.7642,6.3958,-6.7186,-13.454,-41.779,-37.456,-8.92,-14.79,-13.234
0.041116,-9.1759,-13.375,4.9061,5.7998,-6.6612,-12.644,-42.424,-39.106,-10.16,-16.423,-14.21
-0.011171,-8.1542,-13.492,4.3622,5.4671,-6.3579,-11.632,-43.073,-40.637,-11.361,-18.13,-15.149
0.31915,-6.7954,-13.517,3.4461,5.3066,-5.9249,-10.61,-43.752,-42.057,-12.529,-19.927,-16.096
0.73175,-5.4574,-13.447,2.5033,5.2122,-5.501,-9.8848,-44.469,-43.385,-13.674,-21.792,-17.07
0.95894,-4.4719,-13.281,1.8425,5.081,-5.2064,-9.7347,-45.216,-44.638,-14.802,-23.663,-18.065
0.81697,-4.0678,-13.007,1.6735,4.8317,-5.1155,-10.249,-45.967,-45.833,-15.901,-25.445,-19.058
0.23854,-4.3265,-12.607,2.0693,4.422,-5.2504,-11.258,-46.687,-46.975,-16.942,-27.045,-20.023
-0.72042,-5.1776,-12.073,2.9624,3.8624,-5.5848,-12.39,-47.331,-48.053,-17.879,-28.384,-20.93
-1.9084,-6.4322,-11.423,4.178,3.2124,-6.052,-13.225,-47.85,-49.033,-18.671,-29.421,-21.745
-3.1382,-7.8429,-10.703,5.4966,2.5506,-6.5639,-13.49,-48.208,-49.877,-19.302,-30.163,-22.446
-4.2591,-9.18,-9.9706,6.7286,1.9339,-7.0413,-13.176,-48.402,-50.572,-19.794,-30.676,-23.04
-5.2137,-10.3,-9.2688,7.7736,1.3659,-7.441,-12.523,-48.479,-51.145,-20.208,-31.075,-23.568
-6.0549,-11.176,-8.6124,8.6419,0.79503,-7.762,-11.885,-48.521,-51.665,-20.626,-31.506,-24.096
-6.906,-11.863,-7.9885,9.4214,0.14939,-8.0304,-11.6,-48.621,-52.214,-21.134,-32.102,-24.682
-7.8764,-12.442,-7.3704,10.206,-0.61426,-8.2771,-11.897,-48.842,-52.856,-21.8,-32.941,-25.357
-8.9962,-12.964,-6.731,11.037,-1.4869,-8.518,-12.849,-49.202,-53.611,-22.648,-34.019,-26.107
-10.215,-13.433,-6.0529,11.887,-2.4202,-8.7406,-14.355,-49.685,-54.464,-23.644,-35.246,-26.875
-11.442,-13.813,-5.3344,12.682,-3.3545,-8.9047,-16.159,-50.267,-55.372,-24.686,-36.484,-27.584
-12.584,-14.064,-4.5944,13.342,-4.2402,-8.9681,-17.927,-50.935,-56.292,-25.637,-37.593,-28.166
-13.579,-14.174,-3.8716,13.824,-5.0492,-8.9253,-19.37,-51.678,-57.181,-26.376,-38.482,-28.591
-14.415,-14.192,-3.2154,14.148,-5.7779,-8.8301,-20.336,-52.453,-58.002,-26.85,-39.137,-28.892
-15.146,-14.234,-2.6734,14.404,-6.4424,-8.7922,-20.827,-53.14,-58.709,-27.113,-39.634,-29.176
-15.871,-14.475,-2.2844,14.729,-7.0691,-8.9596,-20.913,-53.512,-59.229,-27.332,-40.131,-29.617
-16.721,-15.137,-2.0743,15.277,-7.6861,-9.5019,-20.587,-53.219,-59.443,-27.766,-40.843,-30.423
-17.824,-16.48,-2.0537,16.194,-8.3234,-10.587,-19.68,-51.748,-59.168,-28.685,-41.961,-31.785
-19.27,-18.765,-2.2221,17.579,-9.0148,-12.309,-18.255,-48.461,-58.151,-30.242,-43.544,-33.815
-21.073,-22.104,-2.5737,19.451,-9.7883,-14.505,-17.91,-44.434,-56.117,-32.251,-45.429,-36.41
-23.139,-26.06,-3.0739,21.699,-10.643,-16.658,-23.222,-54.327,-53.414,-33.938,-47.241,-38.8
-25.275,-29.622,-3.6429,24.055,-11.527,-18.306,-33.786,-72.279,-56.145,-33.766,-48.516,-40.001
-27.229,-32.134,-4.2109,26.152,-12.322,-19.475,-40.066,-77.333,-76.466,-29.482,-48.865,-40.065
-28.722,-33.766,-4.7737,27.677,-12.842,-20.547,-40.691,-78.578,-84.223,-21.299,-47.673,-39.339
-29.469,-35.194,-5.3994,28.496,-12.836,-21.945,-35.681,-74.669,-84.111,-26.796,-43.731,-39.584
-29.186,-38.026,-6.2007,28.946,-12.052,-23.907,-23.809,-62.686,-79.815,-25.564,-48.173,-44.972
-27.858,-47.903,-7.2954,31.909,-10.406,-27.529,-4.5522,-39.502,-68.082,-30.277,-59.924,-56.426
-31.286,-70.989,-8.8023,51.464,-8.0523,-39.053,21.305,-2.4099,-44.535,-39.881,-79.934,-74.254
-50.529,-90.071,-10.859,70.779,-7.453,-55.73,52.742,48.105,-6.9525,-52.447,-105.28,-96.071
-61.917,-104.14,-13.567,83.832,-10.129,-65.347,86.564,108.33,41.448,-63.069,-127.38,-116.07
-70.471,-110.1,-16.742,91.326,-13.504,-68.814,116.44,171.88,100.14,-61.551,-135.81,-127.35
-72.728,-104.95,-19.298,89.791,-16.689,-64.774,137.41,231.69,172.56,-34.362,-120.76,-123.79
-65.867,-88.378,-19.113,77.673,-17.727,-53.727,148.25,280.5,258.53,33.03,-72.356,-100.16
-47.8,-61.409,-16.171,54.577,-14.38,-37.591,149.4,310.36,357.73,168.01,19.782,-52.47
-17.059,-25.135,-13.036,20.537,-4.4965,-18.106,142.34,318.25,474.77,381.84,165.49,22.119
27.315,20.129,-12.029,-24.617,14.062,3.9878,128.03,304.68,616.01,673.42,369.14,125.57
86.236,74.993,-14.885,-81.554,44.689,28.917,104.79,272.58,786.54,1051.7,629.58,258.16
160.46,140.35,-22.474,-151.01,89.466,57.413,66.815,224.09,987.32,1509.6,938.44,417.16
248.55,216.57,-33.932,-232.81,140.65,90.35,6.3243,158.14,1214.6,2026,1278,596.2
347.46,302.86,-46.742,-325.08,196.05,128.22,-81.736,71.219,1457.5,2563.7,1620.6,784.73
452.16,396.54,-58.534,-423.8,253.83,170.09,-197.22,-40.788,1695.5,3071.2,1931.4,968.36
555.62,491.77,-68.499,-522.57,310.09,212.78,-336.16,-182.9,1898.6,3489,2173.1,1130.4
649.38,579.27,-75.852,-612.78,360.55,251.59,-494.76,-361.15,2031.4,3759,2312.9,1254.5
724.16,648.46,-80.039,-684.56,400.61,282.5,-666.67,-578.25,2057.4,3835.4,2329.1,1326.8
771.22,690.98,-81.235,-729.08,425.78,303.1,-840.47,-830.41,1945.1,3692.3,2215.4,1339
784.96,703.36,-79.454,-741.64,432.87,311.63,-1003.5,-1107.7,1674.3,3329,1982.8,1290.4
765.18,687.2,-73.799,-723.15,421.37,307.56,-1145.9,-1395.8,1242.7,2771.3,1657.2,1188.4
717.62,648.66,-64.961,-679.98,393.7,293.42,-1263.9,-1677.1,671.26,2068.5,1275,1047.9
652.68,597.64,-52.726,-622.27,354.69,274.44,-1358.9,-1932.7,7.5505,1288.8,876.17,887.94
582.3,545.17,-35.989,-561.03,310.49,256.27,-1432.7,-2143.1,-677.8,510.46,497.03,726.73
516.39,499.44,-16.993,-504.83,267.19,242.25,-1485,-2290.4,-1303.2,-189.62,165.66,578.3
460.5,462.9,0.44685,-457.82,229.6,231.79,-1512.7,-2361.5,-1794.3,-747.83,-99.353,450.71
415.39,431.81,12.695,-419.3,200.44,221.36,-1511.2,-2352.1,-2102.5,-1126.3,-288.69,346.22
377.65,399.03,16.962,-384.65,179.66,207.12,-1477.4,-2269.4,-2217.4,-1321,-404.61,262.28
342.11,358.95,12.016,-348.07,164.87,186.24,-1412.5,-2130.8,-2167,-1360.8,-461.33,193.24
305.29,308.96,-1.2762,-305.52,153.17,157.1,-1322.4,-1958,-2004.7,-1294.5,-478.81,133.39
266.18,249.97,-19.644,-256.15,142.21,120.54,-1215.5,-1771.7,-1789.4,-1174.6,-474.28,79.719
224.17,187.91,-37.824,-203.16,129.91,80.914,-1099.2,-1585.9,-1567.8,-1042.9,-459.2,31.817
181.13,130.69,-51.21,-152.21,115.24,43.812,-979.26,-1406.8,-1365.9,-921.69,-439.26,-9.2738
140.99,82.67,-58.317,-108.37,98.989,12.948,-858.83,-1235,-1190.4,-816.06,-414.92,-41.638
106.69,43.563,-59.748,-73.365,82.826,-6.0211,-739.56,-1068.6,-1035.6,-721.56,-385.03,-63.419
78.906,18.49,-56.321,-46.896,67.782,-11.949,-623.35,-905.84,-894,-633.22,-348.81,-74.171
56.831,7.201,-47.922,-29.353,54.038,-10.676,-513.25,-747.7,-763.6,-548.76,-305.87,-75.091
39.793,4.9217,-35.447,-19.78,41.344,-6.6608,-413.37,-599.73,-642.45,-468.37,-260.7,-68.081
27.776,8.0228,-22.599,-16.252,29.588,-1.2675,-327.86,-469.95,-523.28,-390.12,-216.37,-55.72
20.527,14.058,-13.753,-16.648,19.603,5.2658,-258.88,-363.57,-416.73,-316.33,-173.64,-38.428
18.786,21.543,-7.814,-20.223,13.007,11.57,-205.68,-280.58,-328.3,-252.54,-135.84,-18.804
26.363,26.722,-2.5392,-28.598,11.779,5.0155,-165.44,-216.8,-258.59,-201.39,-105.63,-16.139
30.697,14.33,0.10628,-25.273,14.959,2.1101,-134.04,-166.7,-206.07,-163.63,-83.563,-15.615
24.996,5.5421,-1.5749,-15.087,16.863,1.0553,-108.09,-126.33,-166.94,-136.87,-68.591,-14.491
16.839,2.1473,-5.8625,-8.1212,15.049,-0.094381,-85.461,-93.135,-136.79,-117.77,-58.972,-13.257
10.644,0.0055028,-8.0522,-4.4124,11.372,-1.3549,-64.896,-65.221,-112.36,-103.68,-52.809,-12.145
6.5636,-1.6587,-7.0611,-2.0969,7.9163,-2.5709,-47.157,-41.755,-91.827,-92.549,-48.401,-10.954
3.6471,-2.994,-5.5118,-0.33812,5.2771,-3.6112,-33.497,-23.046,-74.262,-82.838,-44.439,-9.7287
1.2862,-4.1105,-4.3385,1.2135,3.2502,-4.4299,-23.862,-9.2756,-59.172,-73.631,-40.374,-8.6607
-0.80073,-5.1377,-3.5015,2.7068,1.6001,-5.0161,-18.018,0.38609,-46.478,-65.429,-36.034,-7.8278
-2.7219,-6.1744,-2.8906,4.1862,0.20841,-5.3779,-19.286,7.0375,-36.66,-59.656,-30.749,-7.2022
-4.5242,-7.2812,-2.4465,5.6703,-0.98751,-5.5987,-25.044,10.25,-31.157,-55.635,-25.262,-6.7277
-6.2623,-8.5167,-2.1175,7.2028,-2.0522,-5.8358,-24.358,11.33,-28.183,-50.383,-20.429,-6.3596
-8.0026,-9.9302,-1.8228,8.8285,-3.0658,-6.2132,-20.174,13.429,-22.581,-43.873,-16.58,-6.0713
-9.7753,-11.496,-1.4585,10.531,-4.1003,-6.7294,-15.331,16.576,-15.921,-37.355,-13.677,-5.8459
-11.529,-13.056,-0.94067,12.196,-5.1837,-7.2648,-11.191,20.53,-10.264,-31.748,-11.527,-5.6643
-13.124,-14.334,-0.24792,13.613,-6.2879,-7.6493,-7.9283,25.293,-5.8143,-27.32,-9.9097,-5.5013
-14.386,-15.022,0.58204,14.543,-7.3537,-7.7295,-5.2351,30.792,-2.2046,-23.919,-8.636,-5.3308
-15.189,-14.908,1.4921,14.818,-8.3351,-7.4208,-2.8305,36.737,0.89308,-21.276,-7.575,-5.1374
-15.524,-13.976,2.4324,14.423,-9.23,-6.7373,-0.55682,42.702,3.6652,-19.179,-6.6631,-4.925
-15.51,-12.429,3.3656,13.513,-10.083,-5.7881,1.6632,48.336,6.1872,-17.508,-5.8917,-4.7149
-15.348,-10.618,4.2714,12.367,-10.964,-4.7382,3.8529,53.509,8.4735,-16.199,-5.2768,-4.5349
-15.244,-8.9291,5.1489,11.295,-11.923,-3.7551,5.9758,58.303,10.528,-15.194,-4.8233,-4.4051
-15.345,-7.6692,6.0097,10.551,-12.954,-2.9681,7.9312,62.887,12.382,-14.407,-4.5015,-4.3265
-15.72,-7.0176,6.8619,10.295,-13.983,-2.4579,9.5761,67.386,14.107,-13.719,-4.2444,-4.2776
-16.355,-7.0494,7.6979,10.576,-14.906,-2.2656,10.769,71.78,15.795,-13.016,-3.9676,-4.2229
-17.188,-7.7615,8.4951,11.357,-15.653,-2.401,11.419,75.907,17.521,-12.22,-3.6,-4.1288
-18.146,-9.0418,9.2223,12.52,-16.224,-2.8252,11.525,79.556,19.311,-11.319,-3.1087,-3.9769
-19.176,-10.656,9.8481,13.889,-16.683,-3.4345,11.211,82.576,21.122,-10.356,-2.5043,-3.7664
-20.226,-12.299,10.347,15.265,-17.11,-4.0885,10.744,84.932,22.872,-9.4069,-1.8331,-3.5067
-21.219,-13.671,10.702,16.459,-17.548,-4.6549,10.481,86.698,24.469,-8.5565,-1.1607,-3.2071
-22.041,-14.546,10.914,17.309,-17.981,-5.0376,10.721,88.033,25.852,-7.8727,-0.55078,-2.8727
-22.57,-14.81,10.988,17.696,-18.353,-5.189,11.533,89.144,27.021,-7.3807,-0.041171,-2.5036
-22.714,-14.476,10.938,17.578,-18.586,-5.1202,12.709,90.243,28.041,-7.0461,0.37497,-2.0923
-22.451,-13.677,10.771,17.004,-18.611,-4.9033,13.877,91.493,29.026,-6.7785,0.75027,-1.6221
-21.841,-12.642,10.494,16.133,-18.389,-4.6493,14.651,92.974,30.104,-6.4609,1.1655,-1.0683
-21.021,-11.649,10.119,15.197,-17.926,-4.4713,14.741,94.67,31.365,-5.996,1.699,-0.40977
-20.156,-10.954,9.6686,14.431,-17.279,-4.4541,14.012,96.491,32.833,-5.3429,2.3986,0.35947
-19.372,-10.709,9.1703,13.981,-16.517,-4.6316,12.55,98.32,34.463,-4.5233,3.2719,1.2252
-18.691,-10.897,8.6536,13.842,-15.685,-4.9681,10.7,100.06,36.164,-3.5991,4.2968,2.1596
-18.021,-11.33,8.1424,13.859,-14.779,-5.3588,9.0083,101.67,37.842,-2.6418,5.4401,3.1317
-17.205,-11.717,7.6498,13.788,-13.76,-5.6628,8.0521,103.19,39.438,-1.7095,6.6671,4.1142
-16.111,-11.773,7.1767,13.402,-12.607,-5.7538,8.2037,104.72,40.953,-0.83509,7.9402,5.083
-14.709,-11.324,6.7209,12.582,-11.352,-5.566,9.4462,106.33,42.45,-0.023818,9.2129,6.015
-13.092,-10.364,6.287,11.362,-10.091,-5.1137,11.358,108.07,44.03,0.7446,10.431,6.8868
-11.433,-9.0396,5.8888,9.9036,-8.937,-4.4792,13.268,109.95,45.799,1.5098,11.545,7.6772
-9.9194,-7.5895,5.5395,8.4251,-7.9735,-3.7822,14.505,111.89,47.837,2.3206,12.526,8.3738
-8.6897,-6.2569,5.2395,7.1287,-7.2282,-3.1432,14.64,113.83,50.177,3.2203,13.376,8.9795
-7.7836,-5.2135,4.9725,6.135,-6.6691,-2.6504,13.617,115.76,52.799,4.2302,14.129,9.514
-7.1427,-4.5177,4.7145,5.4568,-6.2252,-2.3377,11.73,117.65,55.623,5.3371,14.828,10.008
-6.6546,-4.1249,4.4461,5.0222,-5.8208,-2.189,9.5274,119.52,58.533,6.4917,15.511,10.494
-6.211,-3.9393,4.1573,4.7269,-5.4029,-2.1641,7.6396,121.42,61.405,7.6224,16.198,10.997
-5.7453,-3.8684,3.8434,4.4841,-4.9492,-2.2249,6.5917,123.37,64.159,8.6622,16.889,11.541
-5.243,-3.8583,3.4979,4.2519,-4.4625,-2.3513,6.6385,125.43,66.796,9.5783,17.571,12.139
-4.7342,-3.9052,3.1094,4.0383,-3.9623,-2.547,7.6967,127.62,69.394,10.391,18.223,12.797
-4.2764,-4.0442,2.667,3.8879,-3.477,-2.8329,9.394,129.97,72.074,11.171,18.83,13.5
-3.9258,-4.3202,2.1661,3.8526,-3.0321,-3.231,11.222,132.46,74.962,12.016,19.401,14.221
-3.7,-4.7517,1.6101,3.9544,-2.6344,-3.7446,12.73,135.07,78.159,13.027,19.977,14.94
-3.5505,-5.3016,1.006,4.1561,-2.2586,-4.3453,13.652,137.81,81.725,14.281,20.638,15.677
-3.3659,-5.8774,0.35826,4.3612,-1.848,-4.976,13.919,140.69,85.659,15.821,21.484,16.496
-3.0085,-6.3608,-0.3357,4.4449,-1.3323,-5.5699,13.603,143.74,89.88,17.651,22.606,17.486
-2.3625,-6.6501,-1.0849,4.299,-0.65171,-6.0748,12.865,147,94.247,19.73,24.053,18.729
-1.3683,-6.6882,-1.901,3.8639,0.22479,-6.4664,11.937,150.47,98.606,21.982,25.815,20.256
-0.034836,-6.4667,-2.7953,3.1384,1.295,-6.7425,11.094,154.18,102.84,24.315,27.81,22.026
1.5681,-6.0082,-3.7746,2.168,2.5289,-6.9077,10.59,158.13,106.91,26.669,29.91,23.919
3.3347,-5.3413,-4.83,1.0174,3.8764,-6.9615,10.588,162.31,110.83,29.036,31.993,25.774
5.1686,-4.4818,-5.9197,-0.2665,5.2752,-6.8946,11.123,166.68,114.66,31.462,33.992,27.459
7.0364,-3.4305,-6.9687,-1.6833,6.6701,-6.6909,12.111,171.21,118.48,34.023,35.914,28.932
8.9948,-2.1836,-7.8945,-3.284,8.0418,-6.3322,13.403,175.9,122.36,36.794,37.831,30.258
11.166,-0.74854,-8.635,-5.1495,9.4211,-5.8146,14.831,180.73,126.38,39.835,39.844,31.57
13.666,0.84396,-9.1587,-7.3528,10.865,-5.1795,16.247,185.75,130.52,43.172,42.046,33.004
16.528,2.5383,-9.4654,-9.9172,12.408,-4.5304,17.582,191.02,134.78,46.792,44.504,34.65
19.651,4.2669,-9.5823,-12.778,14.024,-3.9972,18.915,196.6,139.09,50.641,47.257,36.54
22.811,5.9734,-9.5473,-15.767,15.619,-3.6598,20.498,202.56,143.45,54.656,50.322,38.66
25.747,7.6416,-9.3855,-18.655,17.072,-3.4938,22.693,208.9,147.88,58.808,53.711,40.973
28.284,9.3346,-9.0984,-21.273,18.284,-3.3784,25.81,215.58,152.45,63.138,57.427,43.454
30.416,11.23,-8.6727,-23.633,19.222,-3.1458,29.908,222.44,157.24,67.744,61.464,46.136
32.3,13.607,-8.1024,-25.93,19.929,-2.6373,34.619,229.32,162.29,72.727,65.798,49.105
34.163,16.751,-7.4024,-28.434,20.496,-1.7502,39.224,236.05,167.56,78.104,70.415,52.434
36.195,20.814,-6.6051,-31.332,21.014,-0.45805,43.027,242.54,172.93,83.743,75.319,56.154
38.47,25.685,-5.7462,-34.628,21.53,1.1968,45.687,248.79,178.21,89.368,80.505,60.282
40.93,30.962,-4.8547,-38.133,22.022,3.1295,47.278,254.88,183.24,94.68,85.898,64.833
43.423,36.095,-3.9514,-41.557,22.427,5.2326,48.219,260.88,187.96,99.495,91.349,69.777
45.788,40.617,-3.054,-44.644,22.692,7.3804,49.136,266.92,192.42,103.8,96.693,75.024
47.918,44.32,-2.1818,-47.279,22.807,9.4482,50.593,273.08,196.78,107.7,101.84,80.446
49.809,47.273,-1.3496,-49.517,22.818,11.368,52.748,279.44,201.26,111.41,106.79,85.929
51.556,49.754,-0.55663,-51.534,22.804,13.181,55.224,286.06,206.07,115.13,111.68,91.41
53.306,52.117,0.21118,-53.557,22.851,15.041,57.27,292.9,211.31,119.06,116.66,96.872
55.202,54.657,0.96128,-55.765,23.024,17.159,58.134,299.85,216.91,123.29,121.9,102.32
57.328,57.489,1.6819,-58.225,23.368,19.702,57.485,306.77,222.68,127.83,127.49,107.78
59.683,60.494,2.3425,-60.861,23.908,22.633,55.554,313.55,228.33,132.59,133.45,113.36
62.193,63.39,2.9057,-63.507,24.658,25.61,52.939,320.17,233.68,137.43,139.77,119.19
64.771,65.914,3.3435,-66.003,25.632,28.185,50.361,326.65,238.66,142.23,146.34,125.37
67.372,67.984,3.6501,-68.31,26.863,30.121,48.518,332.98,243.34,146.95,152.99,131.85
70.03,69.718,3.8435,-70.526,28.383,31.468,47.925,339.08,247.85,151.64,159.52,138.43
72.832,71.366,3.9617,-72.834,30.188,32.438,48.671,344.82,252.26,156.41,165.8,144.83
75.888,73.24,4.0496,-75.43,32.218,33.292,50.317,350.06,256.51,161.35,171.87,150.93
79.321,75.678,4.1409,-78.495,34.395,34.264,52.056,354.69,260.49,166.49,177.82,156.76
83.245,78.982,4.2413,-82.189,36.68,35.531,53.079,358.72,264.05,171.77,183.76,162.48
87.745,83.334,4.3251,-86.618,39.093,37.19,52.951,362.26,267.13,177.02,189.79,168.27
92.83,88.718,4.3471,-91.801,41.685,39.245,51.738,365.41,269.74,182.01,195.92,174.25
98.427,94.925,4.2612,-97.647,44.5,41.617,49.841,368.29,272.02,186.62,202.11,180.47
104.41,101.63,4.038,-103.98,47.555,44.178,47.752,370.94,274.1,190.79,208.27,186.89
110.66,108.49,3.6741,-110.59,50.828,46.809,45.931,373.35,276.13,194.6,214.34,193.39
117.08,115.28,3.1911,-117.29,54.263,49.43,44.72,375.44,278.15,198.18,220.31,199.87
123.6,121.78,2.6248,-123.93,57.783,51.993,44.247,377.13,280.1,201.66,226.25,206.24
130.14,127.84,2.008,-130.34,61.309,54.445,44.335,378.34,281.83,205.11,232.22,212.47
136.59,133.29,1.3553,-136.41,64.788,56.696,44.507,379.04,283.17,208.45,238.25,218.54
142.84,137.96,0.65706,-141.98,68.212,58.613,44.127,379.27,284.05,211.52,244.2,224.41
148.8,141.81,-0.11047,-146.98,71.611,60.045,42.669,379.07,284.45,214.1,249.87,230.03
154.43,144.84,-0.96526,-151.35,75.032,60.907,40.032,378.52,284.43,216.02,254.99,235.36
159.65,147.15,-1.9079,-155.06,78.489,61.233,36.625,377.67,284.05,217.26,259.36,240.31
164.3,148.8,-2.9266,-158.09,81.912,61.147,33.088,376.55,283.37,217.89,262.94,244.74
168.13,149.89,-4.0063,-160.38,85.127,60.797,29.978,375.19,282.41,217.98,265.81,248.52
171,150.52,-5.1305,-161.97,87.936,60.315,27.633,373.61,281.17,217.61,268.11,251.64
173,150.82,-6.2776,-163,90.249,59.8,26.109,371.76,279.64,216.81,269.96,254.16
174.36,150.94,-7.4253,-163.64,92.112,59.311,25.201,369.59,277.75,215.53,271.43,256.21
175.31,150.97,-8.5553,-164.06,93.628,58.873,24.596,366.97,275.46,213.73,272.53,257.93
176.04,151.02,-9.6507,-164.39,94.884,58.483,24.06,363.7,272.67,211.37,273.26,259.41
176.66,151.16,-10.689,-164.73,95.928,58.138,23.518,359.56,269.26,208.47,273.58,260.72
177.25,151.42,-11.643,-165.16,96.781,57.855,22.988,354.36,265.1,205.02,273.52,261.88
177.84,151.81,-12.487,-165.7,97.465,57.677,22.458,348.03,260.06,201,273.08,262.9
178.47,152.32,-13.204,-166.35,98.018,57.653,21.836,340.76,254.13,196.36,272.31,263.75
179.14,152.89,-13.776,-167.09,98.472,57.806,20.995,332.89,247.45,191.04,271.19,264.41
179.81,153.47,-14.186,-167.83,98.84,58.095,19.841,324.78,240.27,185.02,269.68,264.87
180.4,153.96,-14.414,-168.48,99.095,58.418,18.352,316.59,232.9,178.43,267.66,265.07
180.79,154.26,-14.451,-168.93,99.181,58.64,16.579,308.25,225.52,171.51,265.02,264.94
180.86,154.27,-14.307,-169.05,99.022,58.636,14.608,299.56,218.18,164.46,261.63,264.28
180.47,153.86,-14.011,-168.71,98.548,58.315,12.527,290.29,210.74,157.42,257.41,262.76
179.51,152.91,-13.603,-167.78,97.705,57.635,10.417,280.24,203.04,150.38,252.38,260.03
177.9,151.34,-13.129,-166.15,96.484,56.626,8.3592,269.36,194.92,143.28,246.62,256.06
175.66,149.2,-12.646,-163.87,94.941,55.406,6.4104,257.76,186.34,136.06,240.26,251.3
173.03,146.72,-12.215,-161.2,93.215,54.149,4.5787,245.73,177.35,128.69,233.4,246.27
170.37,144.26,-11.888,-158.58,91.497,52.993,2.8192,233.6,168.1,121.16,226.1,241.11
167.96,142.04,-11.692,-156.28,89.937,51.952,1.0627,221.57,158.76,113.46,218.39,235.57
165.81,139.94,-11.622,-154.27,88.568,50.913,-0.7675,209.62,149.41,105.51,210.26,229.29
163.68,137.62,-11.646,-152.26,87.309,49.695,-2.7679,197.53,140.03,97.222,201.8,221.97
161.22,134.72,-11.719,-149.88,86.027,48.171,-5.0477,184.93,130.54,88.513,193.19,213.6
158.06,130.98,-11.804,-146.78,84.591,46.348,-7.681,171.52,120.82,79.48,184.7,204.53
154.01,126.39,-11.884,-142.79,82.923,44.354,-10.671,157.33,110.78,70.462,176.49,195.28
149.19,121.31,-11.961,-137.99,81.028,42.335,-13.963,142.83,100.35,61.977,168.55,186.22
144.03,116.37,-12.056,-132.84,78.994,40.378,-17.48,128.7,89.58,54.485,160.72,177.46
139.05,112.13,-12.194,-127.92,76.962,38.502,-21.142,115.45,78.704,48.148,152.82,168.87
134.52,108.66,-12.396,-123.53,75.034,36.657,-24.833,103.23,68.134,42.815,144.66,160.24
130.31,105.61,-12.67,-119.56,73.199,34.713,-28.367,91.853,58.301,38.196,136.15,151.31
126.08,102.48,-13.001,-115.64,71.335,32.461,-31.547,80.959,49.455,34.033,127.26,141.87
121.47,98.774,-13.352,-111.42,69.273,29.641,-34.294,70.059,41.616,30.163,118.09,131.88
116.3,94.199,-13.677,-106.68,66.885,26.051,-36.734,58.603,34.661,26.505,108.86,121.62
110.69,88.712,-13.926,-101.39,64.156,21.781,-39.131,46.301,28.424,23.027,99.735,111.67
104.9,82.511,-14.066,-95.606,61.191,17.385,-41.728,33.823,22.76,19.725,90.776,102.62
99.216,75.946,-14.081,-89.526,58.163,13.52,-44.613,22.784,17.587,16.624,81.905,94.678
93.778,69.444,-13.981,-83.461,55.218,10.424,-47.672,14.261,12.89,13.766,73.019,87.571
88.622,63.353,-13.79,-77.714,52.401,7.9396,-50.644,8.06,8.6752,11.193,64.18,80.75
83.637,57.734,-13.538,-72.355,49.637,5.8062,-53.253,3.4721,4.925,8.9356,55.718,73.617
78.549,52.337,-13.244,-67.157,46.8,3.8595,-55.3,-0.11335,1.5794,6.9973,48.085,65.705
73.04,46.714,-12.91,-61.725,43.812,2.0914,-56.699,-3.1512,-1.447,5.3628,41.478,56.891
66.925,40.329,-12.523,-55.695,40.686,0.56176,-57.429,-6.0273,-4.2424,4.0062,35.681,47.635
60.215,32.75,-12.072,-48.878,37.47,-0.73924,-57.474,-9.0701,-6.8817,2.8964,30.374,38.937
53.129,24.265,-11.56,-41.402,34.209,-1.8937,-56.82,-12.497,-9.4186,1.998,25.427,31.536
46.098,16.336,-11.008,-33.801,30.973,-2.9573,-55.49,-16.353,-11.882,1.2685,20.865,25.358
39.607,10.261,-10.448,-26.812,27.87,-3.9217,-53.584,-20.49,-14.279,0.65917,16.703,20.027
33.934,6.119,-9.9087,-20.968,25.009,-4.7505,-51.294,-24.622,-16.606,0.12015,12.911,15.316
29.087,3.4425,-9.4064,-16.39,22.428,-5.4292,-48.893,-28.455,-18.866,-0.39038,9.4511,11.096
24.897,1.7861,-8.9386,-12.901,20.078,-5.9941,-46.712,-31.798,-21.065,-0.8999,6.3216,7.2627
21.145,0.78777,-8.4894,-10.21,17.856,-6.5334,-45.083,-34.602,-23.208,-1.4191,3.5486,3.8118
17.685,0.13167,-8.0414,-8.0512,15.683,-7.1587,-44.259,-36.908,-25.28,-1.9418,1.1439,0.84991
14.498,-0.4482,-7.5856,-6.2206,13.562,-7.9561,-44.354,-38.78,-27.23,-2.4461,-0.91593,-1.5824
11.637,-1.1328,-7.1227,-4.5838,11.575,-8.9354,-45.307,-40.264,-28.978,-2.9011,-2.6715,-3.5792
9.1388,-2.0016,-6.6575,-3.0574,9.8076,-10.014,-46.896,-41.379,-30.44,-3.2796,-4.1508,-5.2357
6.9826,-3.0511,-6.1951,-1.5955,8.2993,-11.058,-48.775,-42.144,-31.563,-3.576,-5.3654,-6.5659
5.1164,-4.2318,-5.7417,-0.18173,7.0372,-11.954,-50.544,-42.598,-32.353,-3.819,-6.3363,-7.5441
3.4836,-5.481,-5.3052,1.18,5.9809,-12.661,-51.862,-42.817,-32.879,-4.0699,-7.1212,-8.1775
2.0233,-6.7421,-4.8911,2.4817,5.071,-13.213,-52.525,-42.911,-33.26,-4.4075,-7.8173,-8.5349
0.65991,-7.9694,-4.4945,3.7241,4.2284,-13.681,-52.467,-43.005,-33.632,-4.9059,-8.5392,-8.7292
-0.68382,-9.1177,-4.0973,4.9116,3.3673,-14.142,-51.721,-43.203,-34.116,-5.616,-9.3883,-8.8806
-2.0432,-10.125,-3.6758,6.0281,2.4321,-14.632,-50.425,-43.555,-34.779,-6.5555,-10.427,-9.0824
-3.3728,-10.91,-3.2162,7.0183,1.4347,-15.124,-48.829,-44.024,-35.612,-7.7092,-11.66,-9.3784
-4.5609,-11.393,-2.7229,7.7994,0.44971,-15.537,-47.211,-44.497,-36.529,-9.0367,-13.033,-9.7538
-5.493,-11.525,-2.2147,8.2968,-0.43282,-15.765,-45.723,-44.821,-37.409,-10.486,-14.434,-10.144
-6.1163,-11.319,-1.7109,8.487,-1.1576,-15.733,-44.299,-44.863,-38.145,-12.007,-15.73,-10.459
-6.4725,-10.87,-1.2202,8.4303,-1.7258,-15.428,-42.728,-44.549,-38.683,-13.572,-16.821,-10.625
-6.6888,-10.357,-0.73836,8.2727,-2.1892,-14.906,-40.795,-43.882,-39.03,-15.181,-17.677,-10.618
-6.9335,-9.987,-0.25219,8.2009,-2.6248,-14.264,-38.403,-42.928,-39.227,-16.87,-18.347,-10.468
-7.3468,-9.9221,0.25328,8.368,-3.1013,-13.601,-35.649,-41.782,-39.323,-18.697,-18.922,-10.247
-7.9819,-10.212,0.79059,8.8288,-3.6497,-12.982,-32.817,-40.536,-39.352,-20.714,-19.496,-10.034
-8.7867,-10.775,1.3695,9.5174,-4.2566,-12.418,-30.269,-39.249,-39.332,-22.953,-20.132,-9.8882
-9.6368,-11.427,1.999,10.275,-4.8815,-11.873,-28.295,-37.949,-39.286,-25.413,-20.85,-9.8408
-10.396,-11.947,2.69,10.917,-5.4865,-11.295,-26.988,-36.648,-39.25,-28.084,-21.653,-9.8989
-10.979,-12.154,3.4555,11.297,-6.0612,-10.64,-26.198,-35.352,-39.282,-30.971,-22.553,-10.064
-11.377,-11.962,4.3091,11.365,-6.6316,-9.8936,-25.583,-34.052,-39.434,-34.101,-23.587,-10.346
-11.663,-11.406,5.2627,11.169,-7.2537,-9.0767,-24.731,-32.72,-39.727,-37.498,-24.81,-10.774
-11.957,-10.619,6.3242,10.831,-7.9979,-8.2362,-23.337,-31.304,-40.128,-41.139,-26.268,-11.388
-12.38,-9.7873,7.4933,10.504,-8.9234,-7.4297,-21.346,-29.741,-40.557,-44.914,-27.959,-12.224
-13.012,-9.0932,8.7579,10.329,-10.05,-6.7058,-18.946,-27.979,-40.904,-48.626,-29.813,-13.284
-13.872,-8.6736,10.093,10.401,-11.338,-6.0913,-16.445,-25.994,-41.056,-52.055,-31.694,-14.516
-14.915,-8.6028,11.466,10.767,-12.702,-5.5933,-14.119,-23.81,-40.93,-55.028,-33.448,-15.81
-16.078,-8.8992,12.848,11.421,-14.057,-5.2143,-12.111,-21.499,-40.495,-57.473,-34.964,-17.041
-17.316,-9.5315,14.227,12.322,-15.37,-4.9609,-10.373,-19.181,-39.794,-59.416,-36.213,-18.131
-18.612,-10.413,15.605,13.391,-16.676,-4.8297,-8.7068,-16.996,-38.937,-60.968,-37.251,-19.071
-19.955,-11.403,16.985,14.521,-18.036,-4.7866,-6.9044,-15.055,-38.072,-62.28,-38.181,-19.903
-21.295,-12.321,18.36,15.574,-19.478,-4.7655,-4.9153,-13.396,-37.326,-63.503,-39.108,-20.677
-22.52,-12.978,19.698,16.4,-20.948,-4.6876,-2.9096,-11.975,-36.748,-64.738,-40.095,-21.42
-23.479,-13.226,20.948,16.858,-22.322,-4.4877,-1.2005,-10.688,-36.303,-66.014,-41.149,-22.12
-24.044,-12.998,22.058,16.871,-23.462,-4.1366,-0.068053,-9.4137,-35.884,-67.288,-42.218,-22.735
-24.177,-12.343,22.99,16.465,-24.283,-3.6493,0.38952,-8.0702,-35.365,-68.471,-43.227,-23.221
-23.962,-11.413,23.738,15.773,-24.789,-3.077,0.28614,-6.6426,-34.645,-69.473,-44.104,-23.556
-23.571,-10.412,24.331,14.997,-25.062,-2.4849,-0.11765,-5.1824,-33.671,-70.235,-44.814,-23.747
-23.188,-9.531,24.826,14.322,-25.215,-1.9275,-0.51499,-3.7695,-32.445,-70.738,-45.355,-23.812
-22.921,-8.881,25.287,13.856,-25.332,-1.4326,-0.65093,-2.4688,-31.007,-70.998,-45.743,-23.748
-22.763,-8.4673,25.766,13.588,-25.435,-0.99992,-0.39214,-1.3052,-29.421,-71.052,-45.993,-23.512
-22.6,-8.2053,26.275,13.414,-25.484,-0.61035,0.25164,-0.26673,-27.76,-70.934,-46.092,-23.021
-22.276,-7.9698,26.792,13.186,-25.402,-0.24088,1.1574,0.67734,-26.095,-70.671,-46.006,-22.195
-21.681,-7.6522,27.264,12.794,-25.129,0.12294,2.1558,1.557,-24.491,-70.281,-45.688,-21.002
-20.813,-7.2004,27.639,12.204,-24.664,0.48039,3.1102,2.3882,-22.998,-69.775,-45.097,-19.487
-19.783,-6.6301,27.885,11.472,-24.074,0.81698,3.977,3.1705,-21.645,-69.165,-44.222,-17.771
-18.767,-6.0041,28.008,10.705,-23.482,1.1162,4.8145,3.8948,-20.428,-68.463,-43.093,-16.02
-17.937,-5.3961,28.049,10.016,-23.022,1.3768,5.731,4.5554,-19.313,-67.674,-41.78,-14.394
-17.404,-4.8585,28.069,9.4833,-22.786,1.6202,6.7956,5.1541,-18.25,-66.805,-40.382,-13.002
-17.182,-4.4085,28.127,9.1289,-22.788,1.8803,7.9679,5.6991,-17.185,-65.849,-38.989,-11.865
-17.187,-4.0331,28.257,8.9173,-22.95,2.1833,9.094,6.1998,-16.069,-64.789,-37.649,-10.926
-17.265,-3.7073,28.451,8.7774,-23.137,2.5315,9.9691,6.6643,-14.875,-63.591,-36.332,-10.084
-17.256,-3.4208,28.66,8.641,-23.203,2.8952,10.436,7.0989,-13.594,-62.219,-34.955,-9.2395
-17.064,-3.1999,28.821,8.4823,-23.05,3.2159,10.475,7.5092,-12.24,-60.647,-33.42,-8.3376
-16.699,-3.1118,28.881,8.3391,-22.659,3.4241,10.22,7.8967,-10.85,-58.868,-31.663,-7.3847
-16.27,-3.2374,28.818,8.2946,-22.095,3.4687,9.8892,8.2542,-9.4722,-56.894,-29.677,-6.4372
-15.916,-3.6183,28.645,8.4212,-21.474,3.3442,9.667,8.5668,-8.1478,-54.733,-27.509,-5.5653
-15.723,-4.2004,28.406,8.7157,-20.912,3.1076,9.6247,8.8199,-6.8958,-52.377,-25.226,-4.8143
-15.659,-4.8086,28.158,9.0657,-20.458,2.8806,9.6986,9.0106,-5.7037,-49.789,-22.882,-4.1814
-15.577,-5.18,27.937,9.2691,-20.063,2.8223,9.724,9.1514,-4.5378,-46.917,-20.514,-3.6211
-15.276,-5.0578,27.744,9.1099,-19.6,3.0689,9.5085,9.2617,-3.3609,-43.73,-18.163,-3.0724
-14.597,-4.3037,27.531,8.4543,-18.932,3.6672,8.9204,9.3539,-2.1556,-40.271,-15.899,-2.4952
-13.514,-2.9699,27.22,7.3194,-17.998,4.5377,7.9685,9.4237,-0.9362,-36.675,-13.823,-1.8932
-12.146,-1.3028,26.735,5.8775,-16.84,5.4855,6.8326,9.4528,0.25817,-33.137,-12.027,-1.3107
-10.704,0.33029,26.039,4.4011,-15.58,6.2621,5.8252,9.424,1.3875,-29.814,-10.558,-0.80696
-9.3941,1.5887,25.143,3.1568,-14.345,6.6755,5.2849,9.3378,2.4394,-26.756,-9.3929,-0.4202
-8.3382,2.3074,24.083,2.294,-13.207,6.6841,5.4364,9.2184,3.4447,-23.906,-8.4401,-0.14511
-7.5356,2.5385,22.916,1.7996,-12.174,6.3936,6.2746,9.1036,4.4697,-21.162,-7.567,0.064261
-6.8912,2.467,21.704,1.5446,-11.194,5.9666,7.5391,9.0301,5.593,-18.444,-6.6395,0.27324
-6.2793,2.2919,20.495,1.3725,-10.198,5.5415,8.7927,9.0252,6.8788,-15.725,-5.5599,0.54387
-5.6109,2.1478,19.302,1.1703,-9.1412,5.1984,9.5667,9.1045,8.3561,-13.032,-4.2872,0.92007
-4.8743,2.0738,18.101,0.90387,-8.0363,4.9428,9.517,9.2719,10.009,-10.403,-2.831,1.4199
-4.1335,2.015,16.841,0.61909,-6.9488,4.702,8.5402,9.517,11.773,-7.8675,-1.228,2.0339
-3.4877,1.8449,15.481,0.41982,-5.9547,4.357,6.8164,9.8147,13.55,-5.4265,0.47968,2.7301
-3.0255,1.4247,14.012,0.4188,-5.0999,3.8171,4.7657,10.131,15.234,-3.0594,2.2476,3.4636
-2.7676,0.71538,12.478,0.65411,-4.3833,3.1027,2.9237,10.434,16.747,-0.74324,4.0213,4.1865
-2.6163,-0.10516,10.964,0.99702,-3.7593,2.3676,1.7723,10.707,18.062,1.5327,5.7346,4.8559
-2.3626,-0.66422,9.5743,1.1564,-3.1568,1.8311,1.5823,10.947,19.204,3.7665,7.3206,5.4402
-1.7823,-0.58493,8.3927,0.8209,-2.5066,1.6736,2.3384,11.162,20.223,5.9545,8.7302,5.9237
-0.76412,0.31125,7.4572,-0.16568,-1.7785,1.9666,3.767,11.355,21.159,8.0964,9.9485,6.3105
0.61659,1.9172,6.7574,-1.713,-1.0019,2.6451,5.4515,11.52,22.03,10.204,11.005,6.6254
2.1178,3.8774,6.2447,-3.5094,-0.25217,3.5246,6.9861,11.648,22.833,12.291,11.961,6.9052
3.4288,5.7039,5.852,-5.1345,0.3826,4.3516,8.1062,11.742,23.57,14.365,12.9,7.1882
4.2883,6.9292,5.5149,-6.213,0.84078,4.8792,8.7351,11.827,24.27,16.438,13.911,7.5042
4.5812,7.2613,5.1863,-6.538,1.1108,4.9545,8.9419,11.946,24.987,18.529,15.075,7.8695
4.3551,6.6911,4.8443,-6.1254,1.2272,4.5827,8.861,12.142,25.784,20.644,16.434,8.2827
3.7712,5.4638,4.4942,-5.1728,1.2436,3.909,8.6441,12.436,26.69,22.766,17.972,8.7196
3.0302,3.9567,4.1679,-3.97,1.2036,3.153,8.445,12.799,27.676,24.845,19.596,9.1363
2.31,2.5514,3.9034,-2.8119,1.1309,2.5319,8.4067,13.156,28.654,26.811,21.164,9.4872
1.7201,1.5291,3.7192,-1.9212,1.0251,2.1824,8.6637,13.405,29.499,28.596,22.546,9.749
1.2711,0.98908,3.6008,-1.3757,0.8729,2.1008,9.323,13.449,30.092,30.157,23.663,9.9322
0.88152,0.80916,3.5017,-1.0686,0.66251,2.1491,10.38,13.246,30.355,31.466,24.509,10.071
0.44565,0.71112,3.3638,-0.78097,0.40184,2.1433,11.668,12.822,30.274,32.5,25.119,10.2
-0.083702,0.43663,3.1456,-0.34248,0.12534,1.9589,12.901,12.259,29.901,33.242,25.541,10.339
-0.67538,-0.12193,2.8384,0.27938,-0.12191,1.5509,13.751,11.65,29.339,33.689,25.823,10.491
-1.2748,-0.93967,2.4659,1.0326,-0.31168,0.93069,13.912,11.073,28.706,33.863,26.003,10.644
-1.8581,-1.9473,2.0755,1.8659,-0.44971,0.1528,13.166,10.567,28.097,33.824,26.124,10.783
-2.4353,-3.0619,1.7208,2.7444,-0.57209,-0.68895,11.467,10.137,27.566,33.659,26.231,10.896
-3.0244,-4.1782,1.4431,3.6273,-0.72247,-1.4784,9.0149,9.7611,27.111,33.451,26.359,10.975
-3.6267,-5.1766,1.255,4.4573,-0.9296,-2.1088,6.2334,9.4093,26.693,33.255,26.51,11.015
-4.2122,-5.9482,1.1354,5.166,-1.1871,-2.5117,3.656,9.0545,26.262,33.08,26.644,11.004
-4.7205,-6.4179,1.0403,5.6868,-1.4512,-2.665,1.7511,8.6875,25.772,32.886,26.688,10.929
-5.0782,-6.5586,0.92655,5.9688,-1.6626,-2.5904,0.7837,8.318,25.199,32.607,26.562,10.775
-5.2288,-6.397,0.76933,5.9933,-1.77,-2.347,0.75262,7.9657,24.54,32.184,26.211,10.535
-5.1557,-6.0126,0.56823,5.7875,-1.7515,-2.0242,1.4055,7.6469,23.8,31.584,25.626,10.209
-4.9,-5.5283,0.33948,5.4289,-1.6238,-1.7208,2.3413,7.3619,22.99,30.817,24.836,9.8077
-4.5567,-5.089,0.10578,5.0355,-1.4373,-1.5196,3.1826,7.0919,22.115,29.927,23.896,9.3558
-4.2456,-4.8213,-0.11278,4.7327,-1.2563,-1.4648,3.7303,6.8087,21.18,28.968,22.863,8.894
-4.0626,-4.7844,-0.30501,4.6028,-1.131,-1.5526,4.0041,6.4922,20.198,27.981,21.786,8.4577
-4.0309,-4.9375,-0.47099,4.6424,-1.0776,-1.7344,4.1702,6.1476,19.2,26.988,20.692,8.0543
-4.0856,-5.1559,-0.6214,4.7594,-1.0667,-1.9354,4.4209,5.8086,18.228,25.992,19.593,7.66
-4.1067,-5.2937,-0.77483,4.8228,-1.0379,-2.0817,4.8556,5.5252,17.326,24.986,18.504,7.2414
-3.9847,-5.2536,-0.95487,4.732,-0.92881,-2.1315,5.4247,5.3443,16.524,23.978,17.451,6.7848
-3.6747,-5.0285,-1.182,4.4629,-0.70375,-2.0931,5.9659,5.2915,15.836,22.993,16.483,6.316
-3.2152,-4.7051,-1.4687,4.0795,-0.36955,-2.0229,6.2889,5.3613,15.262,22.075,15.655,5.8928
-2.718,-4.4331,-1.8139,3.7124,0.026444,-2.0037,6.26,5.5192,14.791,21.283,15.011,5.5811
-2.3258,-4.3722,-2.1988,3.5138,0.41334,-2.11,5.8666,5.7122,14.406,20.665,14.572,5.4252
-2.1599,-4.6294,-2.5912,3.597,0.72085,-2.3749,5.2437,5.8818,14.081,20.244,14.31,5.43
-2.275,-5.2115,-2.951,3.9884,0.90204,-2.7727,4.6408,5.9774,13.778,19.996,14.156,5.5553
-2.6363,-6.0109,-3.2418,4.6069,0.9485,-3.2252,4.3311,5.9672,13.445,19.849,14.009,5.725
-3.1206,-6.8277,-3.4437,5.2784,0.894,-3.627,4.4979,5.8446,13.029,19.698,13.773,5.8504
-3.5505,-7.4259,-3.5596,5.785,0.80322,-3.8777,5.1585,5.6297,12.486,19.431,13.391,5.8627
-3.7572,-7.6097,-3.609,5.942,0.74651,-3.9126,6.155,5.3578,11.805,18.968,12.873,5.7444
-3.6505,-7.2946,-3.6183,5.6716,0.76947,-3.7237,7.2044,5.0686,11.006,18.282,12.285,5.5408
-3.2612,-6.5415,-3.6084,5.0371,0.87117,-3.3602,7.984,4.7953,10.137,17.401,11.71,5.3343
-2.7287,-5.5358,-3.5882,4.2167,1.0036,-2.9126,8.2297,4.5584,9.259,16.4,11.201,5.1973
-2.2414,-4.527,-3.5537,3.4381,1.0959,-2.4857,7.8203,4.3641,8.4346,15.374,10.763,5.1522
-1.9643,-3.7584,-3.4962,2.9069,1.0905,-2.1724,6.8228,4.2076,7.7122,14.42,10.361,5.1637
-1.9914,-3.4094,-3.4137,2.7575,0.96679,-2.0307,5.4774,4.0782,7.1161,13.611,9.9559,5.1605
-2.3398,-3.5631,-3.3167,3.0364,0.73905,-2.0755,4.1304,3.9635,6.6385,12.98,9.5246,5.0702
-2.9678,-4.1999,-3.2248,3.7088,0.43875,-2.2881,3.1338,3.8531,6.2419,12.506,9.0601,4.8504
-3.7936,-5.2076,-3.1581,4.6719,0.099674,-2.6279,2.7436,3.7427,5.872,12.115,8.5645,4.5051
-4.7084,-6.4044,-3.1292,5.7749,-0.24843,-3.039,3.0456,3.6363,5.4776,11.705,8.0373,4.0831
-5.5901,-7.5776,-3.1377,6.8474,-0.58078,-3.457,3.9323,3.5431,5.0247,11.176,7.4704,3.6554
-6.3241,-8.5293,-3.1707,7.7326,-0.87749,-3.82,5.145,3.468,4.5016,10.458,6.847,3.2853
-6.8298,-9.119,-3.2067,8.3202,-1.1253,-4.0805,6.369,3.4006,3.9147,9.5315,6.1471,3.0041
-7.0834,-9.295,-3.2241,8.5712,-1.3219,-4.2158,7.3338,3.3119,3.2791,8.4308,5.3577,2.8015
-7.1282,-9.1053,-3.2074,8.5257,-1.4804,-4.2351,7.8853,3.1621,2.6097,7.2253,4.4834,2.6339
-7.0594,-8.6779,-3.1491,8.2864,-1.6288,-4.1734,8.0286,2.9187,1.9223,5.9981,3.5569,2.4486
-6.9861,-8.1752,-3.0474,7.9833,-1.7987,-4.0739,7.9292,2.5758,1.2422,4.8315,2.6413,2.2121
-6.9896,-7.7461,-2.9037,7.7363,-2.0104,-3.9706,7.8369,2.1645,0.61027,3.7974,1.8167,1.9269
-7.1041,-7.5022,-2.7222,7.6377,-2.2626,-3.8847,7.9452,1.7463,0.07594,2.9453,1.1511,1.6248
-7.3287,-7.5198,-2.5119,7.7496,-2.5367,-3.8361,8.2774,1.3865,-0.32205,2.2875,0.67037,1.3459
-7.6549,-7.8355,-2.2879,8.0996,-2.8116,-3.8455,8.6657,1.1264,-0.57701,1.7913,0.34228,1.1139
-8.0793,-8.422,-2.0697,8.667,-3.0793,-3.9174,8.8125,0.96048,-0.72366,1.3876,0.08583,0.92275
-8.5894,-9.1707,-1.8757,9.3736,-3.3455,-4.0193,8.3955,0.83789,-0.82948,0.99454,-0.19772,0.73773
-9.1374,-9.8983,-1.7132,10.086,-3.6186,-4.0812,7.1951,0.68557,-0.97395,0.54308,-0.58783,0.5098
-9.6313,-10.372,-1.5719,10.628,-3.8959,-4.0145,5.2112,0.43884,-1.2256,-0.0068954,-1.1205,0.19476
-9.9478,-10.368,-1.4263,10.815,-4.1563,-3.7461,2.7074,0.066339,-1.6225,-0.66447,-1.7854,-0.23104
-9.977,-9.765,-1.2497,10.527,-4.3635,-3.2509,0.13807,-0.4175,-2.161,-1.4134,-2.5401,-0.76341
-9.668,-8.6005,-1.0336,9.7566,-4.4778,-2.5645,-2.0081,-0.95504,-2.7963,-2.22,-3.3273,-1.372
-9.0376,-7.0542,-0.80343,8.5997,-4.4669,-1.776,-3.3659,-1.4638,-3.4606,-3.0436,-4.0893,-2.0087
-8.1558,-5.3971,-0.61328,7.2282,-4.3103,-1.0175,-3.7941,-1.8674,-4.0874,-3.8477,-4.7755,-2.6191
-7.1469,-3.9553,-0.52467,5.8881,-4.0053,-0.45576,-3.4032,-2.1254,-4.6307,-4.6041,-5.3445,-3.1546
-6.1989,-3.0698,-0.58404,4.8743,-3.5856,-0.26201,-2.5051,-2.2464,-5.0705,-5.2869,-5.7641,-3.5844
-5.5413,-3.0119,-0.81089,4.4544,-3.132,-0.54316,-1.486,-2.2735,-5.4054,-5.8637,-6.0157,-3.9037
-5.3695,-3.8685,-1.1965,4.7672,-2.747,-1.2763,-0.63974,-2.2529,-5.6417,-6.2962,-6.0996,-4.1318
-5.7385,-5.4674,-1.7104,5.7475,-2.5029,-2.3045,-0.0469,-2.2028,-5.7836,-6.5545,-6.0361,-4.2972
-6.4963,-7.3906,-2.307,7.1037,-2.3986,-3.3845,0.41208,-2.1021,-5.8311,-6.6337,-5.8577,-4.4173
-7.2993,-9.0735,-2.9291,8.3661,-2.3473,-4.2543,0.91077,-1.903,-5.7866,-6.564,-5.6011,-4.4888
-7.7133,-9.9883,-3.52,9.0346,-2.2055,-4.71,1.509,-1.5728,-5.6658,-6.4092,-5.3054,-4.4948
-7.4003,-9.8403,-4.0456,8.7856,-1.8365,-4.6711,2.1028,-1.1189,-5.5044,-6.2546,-5.013,-4.4221
-6.2718,-8.6579,-4.5063,7.5934,-1.1763,-4.2015,2.5261,-0.59121,-5.3511,-6.1865,-4.7655,-4.2762
-4.5148,-6.7557,-4.927,5.7143,-0.26777,-3.4902,2.6865,-0.060005,-5.2506,-6.2676,-4.5943,-4.083
-2.5084,-4.6275,-5.3319,3.5903,0.75304,-2.798,2.6178,0.41289,-5.2237,-6.5156,-4.508,-3.8732
-0.68747,-2.8092,-5.722,1.7121,1.7096,-2.3661,2.4469,0.79265,-5.2577,-6.8924,-4.4867,-3.6721
0.59286,-1.7164,-6.0711,0.4735,2.4466,-2.3091,2.3232,1.0754,-5.3099,-7.3114,-4.486,-3.4878
1.1473,-1.5038,-6.3347,0.061391,2.8708,-2.5719,2.3471,1.2809,-5.3264,-7.6657,-4.4528,-3.3097
0.99588,-2.0334,-6.4616,0.41538,2.9664,-2.9777,2.5251,1.4401,-5.2637,-7.8665,-4.3439,-3.1149
0.33963,-2.9593,-6.4121,1.2689,2.7937,-3.3118,2.7694,1.5806,-5.1046,-7.8753,-4.14,-2.8802
-0.5173,-3.8753,-6.179,2.258,2.4703,-3.4016,2.9441,1.7176,-4.864,-7.7128,-3.8493,-2.5952
-1.266,-4.4558,-5.8015,3.0491,2.1373,-3.1804,2.9365,1.8489,-4.58,-7.4441,-3.5042,-2.2735
-1.6911,-4.5569,-5.3541,3.4442,1.912,-2.7088,2.7217,1.9588,-4.3098,-7.1518,-3.1534,-1.9565
-1.7534,-4.2487,-4.9125,3.4351,1.832,-2.1386,2.3911,2.0284,-4.1063,-6.9103,-2.8517,-1.7064
-1.6049,-3.7548,-4.5218,3.1837,1.8236,-1.644,2.125,2.0465,-4.0018,-6.7688,-2.6493,-1.5881
-1.4952,-3.3313,-4.1858,2.9296,1.749,-1.3566,2.1192,2.016,-4.0006,-6.7463,-2.587,-1.6444
-1.6115,-3.1552,-3.88,2.8576,1.514,-1.3189,2.4949,1.9511,-4.0837,-6.8363,-2.6854,-1.8733
-1.9833,-3.2598,-3.5727,3.0167,1.1219,-1.4706,3.2366,1.8702,-4.2191,-7.0159,-2.9369,-2.2231
-2.5233,-3.5442,-3.237,3.3392,0.63479,-1.6804,4.1834,1.7885,-4.3743,-7.2565,-3.3063,-2.6113
-3.1162,-3.851,-2.8652,3.7136,0.11858,-1.8116,5.075,1.7131,-4.5265,-7.534,-3.7436,-2.958
-3.6676,-4.0574,-2.486,4.0465,-0.37422,-1.7861,5.6303,1.6446,-4.6673,-7.8362,-4.2011,-3.2197
-4.1218,-4.1297,-2.1619,4.2959,-0.80062,-1.621,5.6296,1.5831,-4.8035,-8.1648,-4.6442,-3.4056
-4.4657,-4.1283,-1.9675,4.479,-1.1252,-1.4198,4.9776,1.5277,-4.9504,-8.5282,-5.052,-3.5701
-4.7215,-4.1729,-1.9669,4.654,-1.326,-1.3258,3.739,1.4765,-5.1223,-8.9303,-5.4135,-3.7796
-4.9295,-4.3894,-2.1914,4.8883,-1.4017,-1.4696,2.1419,1.426,-5.3234,-9.3602,-5.7249,-4.0743
-5.1328,-4.8583,-2.6225,5.2292,-1.3763,-1.9266,0.53394,1.3717,-5.5455,-9.7915,-5.9929,-4.4501
-5.3663,-5.5831,-3.1889,5.6881,-1.2955,-2.6843,-0.70832,1.308,-5.7718,-10.195,-6.2375,-4.8617
-5.6477,-6.4892,-3.784,6.2373,-1.2135,-3.6394,-1.3017,1.2315,-5.9837,-10.553,-6.489,-5.2477
-5.9707,-7.4522,-4.3032,6.82,-1.1726,-4.6328,-1.154,1.1462,-6.1621,-10.864,-6.7758,-5.5567
-6.3053,-8.3409,-4.6829,7.3686,-1.1886,-5.5068,-0.39002,1.066,-6.2908,-11.139,-7.112,-5.7651
-6.6129,-9.0561,-4.9164,7.8277,-1.2512,-6.158,0.68638,1.0097,-6.359,-11.4,-7.4945,-5.8852
-6.8665,-9.5553,-5.0371,8.1725,-1.3375,-6.5593,1.673,0.98968,-6.3738,-11.676,-7.91,-5.9638
-7.0613,-9.8521,-5.0899,8.4108,-1.426,-6.7485,2.1941,1.0036,-6.3658,-12.004,-8.3445,-6.0669
-7.2066,-9.9916,-5.1111,8.5653,-1.5032,-6.7975,2.0294,1.0353,-6.37,-12.417,-8.7875,-6.2498
-7.307,-10.016,-5.1181,8.65,-1.5622,-6.7744,1.1902,1.0631,-6.4114,-12.921,-9.2284,-6.5276
-7.3499,-9.9421,-5.1014,8.6548,-1.5992,-6.7078,-0.078981,1.0719,-6.4899,-13.471,-9.6508,-6.863
-7.3075,-9.7522,-5.0274,8.5494,-1.6132,-6.5708,-1.3726,1.0614,-6.576,-13.971,-10.024,-7.1788
-7.1562,-9.4147,-4.8582,8.3041,-1.6094,-6.3048,-2.2645,1.0488,-6.6222,-14.291,-10.312,-7.395
-6.8989,-8.9116,-4.5736,7.9158,-1.6022,-5.8654,-2.4731,1.06,-6.5866,-14.329,-10.481,-7.4699
-6.5752,-8.2613,-4.1817,7.4204,-1.614,-5.2553,-1.9676,1.1147,-6.4569,-14.053,-10.524,-7.4225
-6.2468,-7.5186,-3.7149,6.882,-1.6656,-4.5238,-0.96572,1.2147,-6.2589,-13.526,-10.459,-7.3171
-5.9653,-6.7558,-3.2214,6.365,-1.7622,-3.7462,0.16026,1.3378,-6.047,-12.87,-10.319,-7.2243
-5.7433,-6.0357,-2.7563,5.9042,-1.8836,-3.0013,1.0311,1.4479,-5.8822,-12.215,-10.135,-7.1848
-5.5463,-5.3929,-2.3721,5.4938,-1.9873,-2.3549,1.416,1.5126,-5.8093,-11.658,-9.9321,-7.1964
-5.3153,-4.8321,-2.1045,5.0993,-2.0269,-1.8515,1.3317,1.5199,-5.841,-11.237,-9.7359,-7.2286
-5.0023,-4.343,-1.9624,4.6877,-1.9732,-1.5099,1.0296,1.4863,-5.9516,-10.935,-9.5814,-7.249
-4.5968,-3.9188,-1.9229,4.2511,-1.8282,-1.3236,0.86531,1.4516,-6.0823,-10.701,-9.505,-7.2447
-4.1313,-3.5677,-1.9364,3.8147,-1.624,-1.266,1.1068,1.4638,-6.1605,-10.468,-9.5279,-7.225
-3.6707,-3.3186,-1.9385,3.4318,-1.4127,-1.3036,1.7871,1.5584,-6.1279,-10.175,-9.6405,-7.2109
-3.2953,-3.2216,-1.8729,3.1738,-1.2507,-1.4142,2.7058,1.7399,-5.9677,-9.7868,-9.7986,-7.2202
-3.0818,-3.3404,-1.7174,3.1145,-1.1826,-1.5997,3.5513,1.9767,-5.7152,-9.3064,-9.9359,-7.2596
-3.0811,-3.7279,-1.4934,3.3064,-1.2272,-1.8789,4.0432,2.2121,-5.4483,-8.7706,-9.9895,-7.3246
-3.2966,-4.3884,-1.2468,3.7509,-1.3719,-2.2593,4.0451,2.3869,-5.2541,-8.2401,-9.928,-7.4063
-3.6724,-5.2419,-1.0145,4.3746,-1.5795,-2.7052,3.6315,2.4626,-5.1962,-7.7742,-9.767,-7.4956
-4.0996,-6.1074,-0.80475,5.0252,-1.8049,-3.1223,3.0719,2.4371,-5.2906,-7.4054,-9.5582,-7.5834
-4.4495,-6.724,-0.59633,5.5026,-2.0161,-3.3625,2.7155,2.3432,-5.5017,-7.131,-9.3585,-7.6548
-4.6212,-6.8307,-0.34598,5.6267,-2.2102,-3.2652,2.825,2.2348,-5.7594,-6.9193,-9.2012,-7.6887
-4.5841,-6.2799,0.00082798,5.3117,-2.4138,-2.7296,3.4447,2.159,-5.9932,-6.728,-9.0847,-7.6666
-4.3885,-5.111,0.48867,4.6065,-2.6678,-1.7694,4.3687,2.131,-6.1621,-6.5291,-8.9799,-7.5841
-4.1434,-3.5464,1.1262,3.6796,-3.0046,-0.51912,5.2224,2.1253,-6.2679,-6.3203,-8.8493,-7.4551
-3.9711,-1.9234,1.8748,2.7623,-3.43,0.80415,5.6183,2.0889,-6.348,-6.1263,-8.6643,-7.3075
-3.9629,-0.59406,2.6612,2.0736,-3.9224,1.96,5.3244,1.9677,-6.4553,-5.9895,-8.4195,-7.1723
-4.1534,0.17985,3.4089,1.7553,-4.4439,2.7422,4.3715,1.7353,-6.6326,-5.9514,-8.1396,-7.0732
-4.5178,0.29633,4.0712,1.8385,-4.9563,3.0303,3.0385,1.4088,-6.8908,-6.0316,-7.8752,-7.0217
-4.991,-0.17844,4.6454,2.255,-5.4329,2.8286,1.725,1.0453,-7.2008,-6.2115,-7.6843,-7.0173
-5.4986,-1.0558,5.1636,2.8752,-5.865,2.2702,0.77913,0.71824,-7.5044,-6.4378,-7.6075,-7.0514
-5.9811,-2.0938,5.6785,3.5566,-6.2605,1.5688,0.36493,0.48535,-7.7413,-6.6372,-7.646,-7.109
-6.4081,-3.0657,6.24,4.1812,-6.633,0.93648,0.43104,0.36518,-7.8739,-6.7398,-7.7543,-7.168
-6.7764,-3.8155,6.8524,4.6794,-6.9893,0.50723,0.77551,0.33445,-7.8964,-6.6997,-7.8521,-7.1998
-7.1029,-4.2884,7.4478,5.0387,-7.324,0.30719,1.1522,0.34389,-7.8281,-6.5067,-7.8583,-7.1784
-7.4189,-4.5249,7.9196,5.2971,-7.6288,0.27987,1.3754,0.33951,-7.7001,-6.1906,-7.7333,-7.0978
-7.7608,-4.616,8.1881,5.5175,-7.9063,0.34281,1.3927,0.27915,-7.5465,-5.8159,-7.5056,-6.9846
-8.1509,-4.6515,8.2456,5.7501,-8.1707,0.43361,1.2982,0.14232,-7.3979,-5.461,-7.2616,-6.8899
-8.5748,-4.6779,8.1601,5.9982,-8.4357,0.51891,1.2779,-0.066114,-7.2736,-5.1837,-7.1008,-6.8617
-8.972,-4.6805,8.0441,6.2093,-8.701,0.59274,1.5175,-0.31945,-7.1775,-4.9992,-7.0893,-6.917
-9.2557,-4.5988,8.0049,6.3004,-8.9502,0.6761,2.1089,-0.5807,-7.0905,-4.8747,-7.2365,-7.0336
-9.3513,-4.3731,8.1117,6.2036,-9.1589,0.80012,2.9956,-0.81522,-6.9821,-4.7484,-7.5031,-7.1626
-9.2305,-3.9897,8.3947,5.9044,-9.3069,0.98177,3.9855,-0.99878,-6.8233,-4.5597,-7.8259,-7.2516
-8.9268,-3.4994,8.8588,5.4573,-9.3868,1.2119,4.8261,-1.1143,-6.5921,-4.2722,-8.1403,-7.2641
-8.5305,-3.0048,9.4934,4.9737,-9.4105,1.4653,5.3043,-1.1437,-6.2749,-3.8757,-8.3901,-7.1874
-8.1609,-2.6194,10.276,4.5855,-9.4071,1.7282,5.308,-1.0653,-5.8625,-3.3795,-8.5265,-7.0286
-7.9218,-2.4116,11.174,4.3952,-9.4105,2.0274,4.8017,-0.85977,-5.3489,-2.7992,-8.5059,-6.8041
-7.8659,-2.3646,12.151,4.4309,-9.4439,2.4345,3.774,-0.5214,-4.7352,-2.1466,-8.2963,-6.5291
-7.9688,-2.3728,13.173,4.6286,-9.5113,3.0381,2.2548,-0.066067,-4.036,-1.4299,-7.8909,-6.2162
-8.1271,-2.255,14.218,4.8318,-9.5958,3.9231,0.40193,0.46654,-3.2807,-0.65742,-7.3168,-5.8759
-8.179,-1.7638,15.284,4.8134,-9.6643,5.1837,-1.4437,1.0333,-2.5068,0.1584,-6.6225,-5.5146
-7.9483,-0.62857,16.387,4.334,-9.6743,6.9272,-2.8228,1.6022,-1.7465,1.0052,-5.8527,-5.1278
-7.3083,1.3519,17.548,3.2254,-9.5856,9.2465,-3.3158,2.1622,-1.0146,1.8791,-5.0295,-4.6947
-6.2275,4.227,18.773,1.4559,-9.3759,12.177,-2.6898,2.7209,-0.30717,2.79,-4.1526,-4.1847
-4.7949,7.862,20.036,-0.84424,-9.054,15.634,-0.96406,3.2929,0.39154,3.7554,-3.21,-3.5737
-3.1965,11.94,21.271,-3.4132,-8.6585,19.351,1.6115,3.8908,1.0997,4.787,-2.1881,-2.8595
-1.6553,15.994,22.382,-5.9234,-8.2364,22.887,4.6336,4.5235,1.836,5.8832,-1.0785,-2.0647
-0.35298,19.515,23.264,-8.0734,-7.8154,25.791,7.6488,5.2019,2.6239,7.0327,0.11595,-1.2258
0.63427,22.147,23.825,-9.6892,-7.3889,27.832,10.268,5.9425,3.4963,8.2238,1.3812,-0.37643
1.3622,23.87,24.025,-10.804,-6.9255,29.098,12.274,6.7638,4.4902,9.4516,2.6918,0.4632
2.0018,25.031,23.898,-11.673,-6.3927,29.924,13.665,7.6767,5.639,10.721,4.0168,1.2883
2.7881,26.202,23.548,-12.692,-5.7734,30.73,14.615,8.6755,6.9546,12.05,5.3334,2.1043
3.9494,27.951,23.1,-14.264,-5.0661,31.789,15.363,9.7325,8.4226,13.464,6.6461,2.9235
5.6293,30.576,22.637,-16.628,-4.276,33.026,16.124,10.795,9.9996,14.989,7.9983,3.7647
7.8255,33.941,22.175,-19.738,-3.4165,34.142,17,11.783,11.616,16.636,9.4594,4.6509
10.382,37.548,21.675,-23.265,-2.5101,34.914,17.916,12.598,13.189,18.387,11.089,5.6
13.06,40.863,21.092,-26.77,-1.5862,35.259,18.66,13.154,14.637,20.194,12.901,6.6173
15.664,43.587,20.412,-29.935,-0.6729,35.214,19.058,13.414,15.914,22.003,14.852,7.6995
18.139,45.732,19.67,-32.684,0.21339,34.934,19.095,13.415,17.025,23.778,16.87,8.8512
20.583,47.55,18.946,-35.174,1.0714,34.665,18.912,13.243,18.028,25.521,18.899,10.108
23.175,49.403,18.336,-37.668,1.9129,34.685,18.683,12.989,19.009,27.271,20.926,11.536
26.09,51.615,17.905,-40.403,2.7602,35.232,18.479,12.708,20.045,29.078,22.977,13.215
29.437,54.372,17.652,-43.495,3.6465,36.437,18.197,12.408,21.172,30.973,25.097,15.2
33.233,57.678,17.511,-46.933,4.6238,38.274,17.572,12.06,22.367,32.955,27.332,17.495
37.383,61.366,17.38,-50.596,5.7705,40.56,16.265,11.622,23.556,34.983,29.706,20.054
41.713,65.155,17.147,-54.319,7.1951,43.013,14.021,11.057,24.624,36.981,32.205,22.798
46.027,68.754,16.727,-57.961,9.023,45.343,10.806,10.343,25.438,38.85,34.775,25.649
50.199,71.982,16.09,-61.447,11.35,47.334,6.8261,9.4824,25.883,40.489,37.337,28.553
54.229,74.833,15.26,-64.78,14.163,48.889,2.4092,8.4942,25.889,41.819,39.813,31.47
58.213,77.477,14.279,-68.033,17.304,50.016,-2.12,7.4073,25.463,42.813,42.148,34.358
62.262,80.224,13.177,-71.334,20.56,50.759,-6.5065,6.2529,24.68,43.503,44.314,37.156
66.447,83.389,11.94,-74.842,23.783,51.117,-10.594,5.0615,23.663,43.956,46.302,39.782
70.774,87.083,10.507,-78.675,26.91,51.014,-14.354,3.863,22.535,44.241,48.094,42.135
75.194,90.995,8.7965,-82.824,29.909,50.383,-17.88,2.6841,21.386,44.396,49.626,44.114
79.606,94.377,6.7906,-87.067,32.756,49.266,-21.297,1.5424,20.25,44.416,50.788,45.643
83.847,96.423,4.5815,-90.954,35.428,47.767,-24.605,0.44138,19.11,44.26,51.452,46.71
87.677,96.766,2.3237,-93.91,37.897,45.944,-27.617,-0.63126,17.907,43.864,51.53,47.384
90.767,95.426,0.14647,-95.398,40.106,43.775,-30.099,-1.6989,16.573,43.164,51.027,47.806
92.675,92.505,-1.8866,-95.018,41.959,41.209,-31.934,-2.7893,15.055,42.121,50.03,48.097
92.901,88.162,-3.7745,-92.664,43.324,38.24,-33.117,-3.9268,13.336,40.737,48.649,48.248
91.224,82.722,-5.5561,-88.679,44.084,34.932,-33.653,-5.1265,11.439,39.046,46.949,48.082
87.983,76.631,-7.2714,-83.696,44.2,31.403,-33.509,-6.3917,9.4074,37.095,44.958,47.345
83.811,70.292,-8.9263,-78.268,43.731,27.766,-32.642,-7.7181,7.2947,34.925,42.689,45.814
79.162,63.933,-10.494,-72.688,42.777,24.065,-31.088,-9.1082,5.1425,32.564,40.157,43.36
74.182,57.598,-11.945,-67.011,41.401,20.245,-29.023,-10.588,2.9696,30.031,37.379,39.98
68.809,51.196,-13.275,-61.137,39.618,16.21,-26.733,-12.212,0.77022,27.336,34.375,35.814
62.928,44.555,-14.492,-54.896,37.438,11.956,-24.499,-14.037,-1.4758,24.49,31.165,31.151
56.509,37.48,-15.609,-48.176,34.904,7.6894,-22.483,-16.087,-3.785,21.524,27.781,26.353
49.69,29.876,-16.624,-41.057,32.101,3.7638,-20.676,-18.306,-6.1521,18.497,24.27,21.727
42.691,21.906,-17.512,-33.754,29.137,0.45324,-18.951,-20.553,-8.5398,15.494,20.7,17.451
35.666,14.127,-18.232,-26.432,26.099,-2.202,-17.155,-22.639,-10.884,12.602,17.159,13.59
28.73,7.323,-18.753,-19.235,23.04,-4.3348,-15.213,-24.403,-13.117,9.8945,13.749,10.183
22.123,1.9503,-19.077,-12.527,20.013,-6.1074,-13.196,-25.781,-15.201,7.4157,10.577,7.3034
16.224,-2.0915,-19.253,-6.8205,17.129,-7.6587,-11.307,-26.817,-17.141,5.186,7.7389,5.0064
11.299,-5.1812,-19.366,-2.3332,14.541,-9.1228,-9.7956,-27.637,-18.99,3.2049,5.2925,3.2313
7.3189,-7.6929,-19.496,1.1249,12.339,-10.631,-8.8318,-28.399,-20.815,1.4507,3.2358,1.8336
4.0802,-9.8721,-19.685,3.8631,10.501,-12.275,-8.4168,-29.233,-22.675,-0.11943,1.5116,0.68576
1.4211,-11.797,-19.92,6.0731,8.9467,-14.062,-8.3775,-30.205,-24.592,-1.563,0.041873,-0.28197
-0.68469,-13.394,-20.137,7.7811,7.6214,-15.882,-8.4342,-31.287,-26.544,-2.929,-1.2376,-1.0927
-2.1853,-14.518,-20.257,8.9262,6.522,-17.528,-8.3031,-32.384,-28.472,-4.2404,-2.3632,-1.7489
-3.067,-15.053,-20.219,9.4708,5.6629,-18.787,-7.7899,-33.369,-30.3,-5.4846,-3.3508,-2.2578
-3.4195,-14.989,-20.015,9.4668,5.0309,-19.534,-6.8452,-34.123,-31.949,-6.6199,-4.2113,-2.6472
-3.4186,-14.428,-19.691,9.0609,4.5769,-19.781,-5.5773,-34.571,-33.362,-7.5946,-4.962,-2.9698
-3.2777,-13.575,-19.32,8.4778,4.2348,-19.655,-4.2169,-34.697,-34.516,-8.3722,-5.6322,-3.2957
-3.2125,-12.732,-18.962,7.9957,3.9345,-19.337,-3.0353,-34.553,-35.438,-8.9517,-6.2624,-3.6977
-3.4106,-12.228,-18.628,7.8818,3.6055,-18.978,-2.2377,-34.231,-36.195,-9.3742,-6.8965,-4.2304
-3.9846,-12.295,-18.279,8.2973,3.1908,-18.663,-1.8795,-33.83,-36.863,-9.7075,-7.5664,-4.9094
-4.9283,-12.98,-17.858,9.2279,2.6711,-18.405,-1.8504,-33.417,-37.5,-10.019,-8.2793,-5.7021
-6.1056,-14.121,-17.327,10.486,2.0799,-18.18,-1.9408,-33.036,-38.133,-10.352,-9.0171,-6.5378
-7.2828,-15.405,-16.696,11.773,1.4941,-17.965,-1.9624,-32.72,-38.77,-10.729,-9.7536,-7.3347
-8.1982,-16.47,-16.025,12.765,1.0008,-17.77,-1.8508,-32.524,-39.426,-11.162,-10.482,-8.0384
-8.6557,-17.014,-15.398,13.219,0.66032,-17.615,-1.6882,-32.537,-40.139,-11.672,-11.24,-8.6581
-8.6017,-16.902,-14.88,13.049,0.4851,-17.495,-1.6481,-32.855,-40.963,-12.296,-12.112,-9.277
-8.1356,-16.202,-14.491,12.345,0.44041,-17.377,-1.9063,-33.542,-41.942,-13.081,-13.211,-10.023
-7.4578,-15.118,-14.207,11.306,0.46189,-17.219,-2.5603,-34.585,-43.084,-14.054,-14.627,-11.011
-6.7958,-13.908,-13.989,10.191,0.48154,-17.008,-3.5936,-35.89,-44.346,-15.197,-16.359,-12.274
-6.3472,-12.848,-13.821,9.2793,0.44863,-16.798,-4.8976,-37.308,-45.65,-16.416,-18.248,-13.719
-6.2477,-12.227,-13.729,8.8338,0.33866,-16.695,-6.328,-38.69,-46.91,-17.545,-19.981,-15.117
-6.5531,-12.29,-13.771,9.0251,0.15588,-16.818,-7.7545,-39.943,-48.051,-18.38,-21.191,-16.173
-7.2316,-13.144,-14.015,9.8672,-0.066024,-17.257,-9.0774,-41.052,-49.037,-18.757,-21.622,-16.665
-8.1667,-14.69,-14.511,11.204,-0.27012,-18.046,-10.218,-42.076,-49.875,-18.623,-21.242,-16.558
-9.1773,-16.658,-15.274,12.761,-0.39156,-19.162,-11.1,-43.092,-50.61,-18.077,-20.27,-16.013
-10.058,-18.709,-16.281,14.239,-0.37879,-20.533,-11.622,-44.12,-51.29,-17.345,-19.119,-15.331
-10.648,-20.583,-17.482,15.401,-0.21575,-22.053,-11.645,-45.046,-51.915,-16.708,-18.258,-14.858
-10.893,-22.258,-18.808,16.149,0.06733,-23.57,-11.032,-45.588,-52.388,-16.43,-18.079,-14.877
-10.877,-24.133,-20.177,16.548,0.40806,-24.979,-9.7392,-45.299,-52.489,-16.706,-18.867,-15.573
-10.783,-27.047,-21.475,16.8,0.73945,-26.47,-7.921,-43.572,-51.861,-17.615,-20.832,-17.077
-10.841,-31.099,-22.598,17.191,1.0062,-28.085,-6.0006,-39.805,-50.026,-19.018,-24.013,-19.517
-11.235,-33.974,-23.658,18.014,1.1705,-29.072,-4.7682,-35.066,-46.603,-20.359,-27.854,-22.824
-12.025,-34.787,-25.063,19.387,1.2228,-29.686,-5.7842,-40.282,-43.752,-20.46,-30.953,-25.929
-13.109,-35.193,-26.976,21.058,1.1977,-30.796,-12.404,-64.851,-59.721,-17.786,-31.795,-26.835
-14.249,-36.478,-29.105,22.655,1.179,-32.977,-24.51,-75.086,-80.785,-12.293,-28.78,-25.135
-15.129,-39.627,-31.258,24.097,1.2922,-36.743,-30.795,-77.012,-82.166,-14.928,-17.768,-21.115
-15.435,-45.895,-33.458,25.785,1.6933,-42.589,-27.775,-73.161,-79.316,-11.087,-13.779,-11.973
-15.121,-56.254,-35.722,29.415,2.6131,-50.609,-17.301,-60.558,-70.798,-9.5121,-18.383,-17.307
-15.955,-70.424,-38.176,41.462,4.5102,-60.446,-0.45699,-35.556,-54.117,-10.288,-30.104,-30.562
-30.223,-86.195,-41.02,62.268,4.3803,-71.174,20.946,2.5179,-27.116,-14.367,-48.861,-51.615
-43.749,-101.26,-44.114,76.333,-0.86892,-80.835,44.985,48.216,12.928,-19.842,-72.631,-78.758
-54.79,-112.58,-45.965,87.154,-4.0806,-86.757,70.672,98.719,69.646,-21.834,-92.572,-102.21
-62.78,-115.51,-43.947,91.798,-7.0035,-86.445,95.848,155.04,141.23,-12.008,-93.254,-108.84
-63.06,-106.8,-38.542,86.916,-8.7678,-78.64,117.15,213.26,225.29,27.49,-60.16,-92.824
-52.439,-86.452,-33.11,71.187,-7.7381,-64.162,133.48,266.38,320.75,143.91,21.406,-49.357
-29.584,-56.601,-30.528,44.715,-1.7444,-45.553,145.67,311.3,428.27,346.57,167.26,25.559
6.1325,-19.602,-32.23,8.0036,12.352,-25.817,153.42,348.63,551.02,608.04,375.81,133.47
55.379,23.523,-37.796,-38.59,40.085,-6.5772,156.35,378.58,690.17,949.4,647.52,273.83
118.21,73.824,-46.348,-95.189,82.415,12.744,153.28,397.12,844.8,1368.9,978.04,444.07
192.9,133.74,-58.196,-162.28,128.08,34.37,140.34,396.5,1010.2,1853.9,1352.7,638.61
277.57,205.19,-70.218,-240.06,176.24,61.736,111.58,366.63,1175.9,2376.9,1745,847.54
370.3,287.9,-79.304,-327.65,226.46,96.96,61.653,297.07,1324.2,2894.4,2117.2,1056.2
467.15,378.79,-84.058,-422.02,276.11,139.25,-12.694,178.68,1431.2,3349.9,2424.7,1246.5
561.45,471.89,-83.457,-517.18,321.84,186.58,-112.06,5.335,1469.1,3682.6,2623.9,1398.7
644.28,559.08,-77.551,-604.49,359.26,234.57,-234.05,-223.92,1411.9,3838.4,2681.7,1494.7
705.52,631.08,-66.405,-673.97,383.25,277.74,-372.68,-502.5,1241.3,3780,2582.9,1521.1
736.18,679.14,-49.936,-716.56,389.46,311.25,-518.83,-815.35,950.61,3493.9,2333.3,1472.4
731.6,697.93,-28.286,-726.9,375.76,332.08,-662.03,-1141,546.56,2992.4,1958.8,1353.2
693.63,687.71,-1.8553,-705.53,343.29,340.19,-793.06,-1455.7,50.207,2313.2,1500.6,1178
630.43,654.86,28.741,-659.16,296.53,338.98,-905.71,-1737.4,-502.49,1516.6,1007.6,968.84
554.34,610.37,61.934,-598.87,242.39,333.51,-996.85,-1967.8,-1061.8,681.19,528.47,750.45
478.56,564.89,94.526,-536.66,188.72,327.61,-1065.6,-2132.9,-1569.6,-106.89,104.17,545.05
413.66,524.1,121.87,-481.28,142.71,321.81,-1112.6,-2224.1,-1970.9,-768.17,-236.58,368.4
364.62,487.63,138.81,-435.25,109.47,313.07,-1138.7,-2239.8,-2226.7,-1246.4,-479.98,228.11
328.98,450.63,141.19,-394.66,91.154,296.51,-1145.1,-2186.6,-2325,-1521.2,-627.76,123.93
298.29,407,127.47,-352.8,85.31,268.05,-1132.1,-2081,-2282.9,-1610.6,-695.28,49.378
264.29,353.03,99.864,-305.76,84.772,226.79,-1099.8,-1942.6,-2139.7,-1562.6,-706.69,-5.4348
225.74,289.07,64.115,-253.89,84.553,175.56,-1049,-1783.6,-1943.3,-1436.9,-687.88,-50.262
183.68,218.92,27.664,-198.95,81.112,120.07,-982.24,-1619.6,-1735.6,-1286.6,-659.51,-91.594
139.78,149.19,-2.7669,-144.08,71.481,67.484,-903.42,-1463.6,-1543.8,-1146.8,-632.88,-131.06
97.987,87.196,-22.298,-94.325,54.222,24.184,-817.26,-1318.2,-1377.5,-1031.1,-609.64,-165.83
63.086,37.548,-31.251,-53.492,34.911,-5.737,-727.95,-1179.2,-1232.5,-936.71,-584.83,-190.71
38.005,5.7904,-32.037,-25.232,24.269,-19.959,-638.65,-1040.8,-1097.7,-852.07,-551.35,-200.5
22.276,-7.7103,-27.397,-10.083,20.818,-21.817,-551.73,-899.68,-959.98,-765.74,-503.62,-192.43
13.809,-8.8472,-20.315,-4.6224,17.186,-16.947,-469.11,-756.41,-813.56,-671.58,-440.57,-169.47
10.433,-3.4756,-13.624,-5.383,12.875,-10.314,-392.28,-615.82,-667.14,-570.99,-375.7,-138.69
10.513,4.7684,-5.9857,-9.5675,8.9969,-3.887,-321.71,-485.56,-537.99,-477.52,-312.54,-107.04
13.255,14.031,2.4366,-15.107,6.2433,3.0927,-256.91,-373.31,-424.55,-390.21,-248.97,-78.764
15.312,21.969,3.0908,-19.263,4.2043,10.973,-199.55,-283.59,-331.55,-312.9,-193.36,-56.003
8.2833,8.6586,4.0788,-8.8955,1.919,4.601,-152.12,-215.8,-261.63,-249.64,-149.82,-39.102
1.7976,2.5895,5.9716,-1.8887,-0.43465,2.9752,-114.84,-165.46,-210.71,-201.18,-117.62,-27.468
-1.0975,1.5674,6.9417,0.050493,-2.246,2.6369,-87.215,-127.44,-170.81,-164.72,-94.941,-19.681
-2.6585,0.50019,6.8282,1.1972,-3.4854,1.9886,-66.656,-97.392,-138.21,-137.56,-79.099,-14.297
-3.7217,-0.91029,6.8187,2.2551,-4.326,0.94892,-49.919,-72.422,-111.55,-117.84,-67.676,-10.679
-4.5497,-2.4571,7.2118,3.2809,-4.9135,-0.23439,-36.001,-51.267,-89.438,-103.49,-59.45,-9.5555
-5.241,-3.8421,7.7441,4.1995,-5.3541,-1.2564,-25.104,-33.624,-70.679,-92.185,-53.955,-13.551
-5.8357,-4.8277,8.2041,4.9284,-5.7212,-1.9325,-17.58,-19.509,-54.59,-82.158,-50.032,-16.132
-6.3448,-5.3193,8.4943,5.4258,-6.0492,-2.2269,-13.274,-8.8426,-41.121,-72.794,-46.819,-14.665
-6.7639,-5.3765,8.5705,5.7037,-6.3318,-2.2172,-12.925,-2.2106,-30.946,-65.708,-45.53,-12.893
-7.0881,-5.1727,8.397,5.8226,-6.5389,-2.0336,-14.514,-6.6333,-24.987,-61.693,-43.209,-11.712
-7.3287,-4.9307,7.9666,5.8761,-6.6473,-1.8306,-9.7454,-7.4378,-18.692,-58.239,-40.07,-11.089
-7.5234,-4.8598,7.3595,5.9707,-6.6639,-1.7977,-4.9828,-3.0012,-11.683,-53.83,-37.086,-10.86
-7.7285,-5.1069,6.728,6.1992,-6.6287,-2.0887,-2.2284,0.69455,-6.2887,-49.066,-34.576,-10.861
-7.9931,-5.7194,6.2052,6.608,-6.5981,-2.7272,-0.86528,3.4236,-2.2066,-44.53,-32.524,-10.943
-8.3318,-6.622,5.8531,7.172,-6.622,-3.6102,-0.27705,5.5668,1.1209,-40.442,-30.736,-10.963
-8.7151,-7.6263,5.6746,7.7945,-6.7272,-4.5674,-0.048172,7.3534,4.0343,-36.772,-28.965,-10.811
-9.0862,-8.4939,5.6428,8.3446,-6.9118,-5.4175,0.12767,8.9003,6.7214,-33.405,-27.008,-10.43
-9.3883,-9.0296,5.7085,8.7138,-7.1475,-6.0171,0.48856,10.277,9.2826,-30.258,-24.767,-9.8273
-9.5864,-9.1518,5.7982,8.8545,-7.385,-6.3004,1.2,11.543,11.765,-27.333,-22.271,-9.0698
-9.6752,-8.9115,5.8297,8.7916,-7.5654,-6.2964,2.3352,12.76,14.183,-24.691,-19.646,-8.2447
-9.6797,-8.4706,5.7362,8.6163,-7.6388,-6.1226,3.8613,13.989,16.53,-22.403,-17.059,-7.4235
-9.651,-8.0511,5.4854,8.4629,-7.5858,-5.9555,5.6443,15.269,18.79,-20.49,-14.634,-6.6387
-9.6501,-7.8646,5.091,8.4631,-7.4255,-5.9683,7.4764,16.604,20.94,-18.904,-12.427,-5.8865
-9.718,-8.0393,4.6033,8.6904,-7.1992,-6.2494,9.1246,17.957,22.958,-17.559,-10.462,-5.1444
-9.843,-8.5724,4.0821,9.1224,-6.9382,-6.7592,10.388,19.256,24.826,-16.367,-8.7612,-4.3889
-9.945,-9.3273,3.5722,9.636,-6.6398,-7.3613,11.143,20.43,26.543,-15.265,-7.3231,-3.6054
-9.882,-10.077,3.0931,10.037,-6.2622,-7.9037,11.362,21.443,28.127,-14.214,-6.1117,-2.7888
-9.4848,-10.573,2.6375,10.11,-5.7391,-8.2853,11.093,22.335,29.618,-13.194,-5.065,-1.9384
-8.6151,-10.62,2.1745,9.6865,-5.0092,-8.4772,10.426,23.212,31.069,-12.206,-4.1188,-1.0555
-7.2352,-10.132,1.6609,8.7026,-4.0513,-8.5129,9.465,24.214,32.527,-11.267,-3.2222,-0.14788
-5.4531,-9.1554,1.0601,7.2421,-2.9105,-8.4688,8.3285,25.458,34.006,-10.392,-2.3486,0.7585
-3.5117,-7.858,0.36836,5.5249,-1.6978,-8.4452,7.1502,26.983,35.481,-9.5747,-1.5018,1.6136
-1.71,-6.4719,-0.37551,3.8383,-0.55587,-8.5529,6.0772,28.717,36.905,-8.7824,-0.7161,2.3468
-0.29363,-5.2245,-1.1095,2.4365,0.39318,-8.8921,5.2447,30.486,38.242,-7.9749,-0.044836,2.8831
0.62903,-4.2794,-1.7814,1.4605,1.0911,-9.5077,4.7426,32.097,39.503,-7.1254,0.46802,3.1787
1.0963,-3.7106,-2.3692,0.92375,1.5537,-10.336,4.5928,33.45,40.757,-6.2204,0.82849,3.2634
1.2329,-3.5161,-2.8795,0.75885,1.8488,-11.219,4.7511,34.615,42.116,-5.243,1.1098,3.2467
1.1713,-3.6549,-3.3351,0.88027,2.0615,-11.999,5.1284,35.79,43.697,-4.1707,1.4212,3.2673
0.99994,-4.0997,-3.7628,1.2321,2.259,-12.637,5.6206,37.204,45.567,-2.9964,1.8518,3.4278
0.74013,-4.8678,-4.1815,1.81,2.4625,-13.221,6.1372,39.015,47.716,-1.7467,2.4349,3.7605
0.34988,-5.9872,-4.5924,2.6409,2.6389,-13.889,6.6228,41.286,50.057,-0.47207,3.1512,4.2271
-0.22952,-7.4245,-4.9727,3.7235,2.7227,-14.716,7.0726,44.036,52.496,0.78623,3.9547,4.741
-0.99451,-9.0302,-5.2797,4.9671,2.6669,-15.648,7.5288,47.303,55.015,2.032,4.8116,5.2132
-1.8178,-10.539,-5.4665,6.1684,2.4906,-16.511,8.0499,51.162,57.72,3.333,5.7443,5.6076
-2.463,-11.636,-5.5054,7.0547,2.2858,-17.078,8.6634,55.643,60.802,4.8108,6.8532,5.9771
-2.6759,-12.066,-5.4061,7.3773,2.1775,-17.177,9.3342,60.609,64.44,6.5988,8.2911,6.4576
-2.2909,-11.718,-5.2164,6.9987,2.2666,-16.763,9.9684,65.724,68.679,8.785,10.196,7.2187
-1.2956,-10.658,-4.9994,5.9359,2.5889,-15.939,10.454,70.596,73.357,11.361,12.612,8.3922
0.1557,-9.0922,-4.802,4.3591,3.1011,-14.897,10.719,74.944,78.135,14.202,15.435,10.007
1.7806,-7.3068,-4.6319,2.5542,3.6928,-13.83,10.779,78.645,82.616,17.086,18.403,11.95
3.253,-5.5809,-4.4557,0.84618,4.2191,-12.852,10.739,81.701,86.515,19.772,21.168,13.969
4.3121,-4.1095,-4.2202,-0.50523,4.5528,-11.986,10.752,84.2,89.755,22.091,23.435,15.751
4.854,-2.9609,-3.8831,-1.3924,4.6355,-11.192,10.945,86.315,92.488,24.033,25.107,17.068
4.9564,-2.0951,-3.4347,-1.8763,4.4991,-10.401,11.367,88.28,95.04,25.772,26.357,17.914
4.8165,-1.4257,-2.8979,-2.1146,4.2407,-9.5449,11.974,90.345,97.802,27.599,27.56,18.536
4.6375,-0.88579,-2.3121,-2.2532,3.972,-8.5875,12.647,92.701,101.1,29.796,29.13,19.35
4.5419,-0.46442,-1.7157,-2.361,3.7698,-7.5549,13.251,95.428,105.07,32.527,31.337,20.784
4.5381,-0.21909,-1.1348,-2.4163,3.641,-6.563,13.691,98.494,109.62,35.794,34.184,23.09
4.5102,-0.27299,-0.57825,-2.3086,3.51,-5.7861,13.956,101.78,114.48,39.51,37.459,26.195
4.2539,-0.76863,-0.037046,-1.878,3.2517,-5.3607,14.116,105.15,119.34,43.568,40.92,29.701
3.6039,-1.7602,0.51192,-1.0263,2.77,-5.3098,14.273,108.48,123.95,47.818,44.383,33.106
2.5645,-3.1222,1.097,0.17534,2.064,-5.5384,14.513,111.69,128.17,52.004,47.625,36.046
1.3203,-4.571,1.74,1.4923,1.2302,-5.8776,14.891,114.72,132,55.847,50.427,38.402
0.15164,-5.7548,2.4453,2.6114,0.41357,-6.1429,15.453,117.56,135.52,59.248,52.754,40.271
-0.65584,-6.3379,3.192,3.2222,-0.24672,-6.182,16.213,120.24,138.87,62.359,54.795,41.882
-0.89397,-6.0883,3.9336,3.1027,-0.65724,-5.9052,17.094,122.79,142.19,65.493,56.839,43.481
-0.50117,-4.9615,4.611,2.2063,-0.7924,-5.2995,17.929,125.29,145.59,68.983,59.136,45.256
0.41855,-3.126,5.1796,0.68793,-0.69376,-4.4265,18.523,127.85,149.15,73.059,61.839,47.297
1.6422,-0.90654,5.6339,-1.16,-0.44834,-3.4006,18.713,130.63,152.89,77.761,64.996,49.596
2.9085,1.3164,6.01,-3.0123,-0.1573,-2.3533,18.373,133.73,156.84,82.915,68.583,52.104
3.9898,3.1958,6.3632,-4.5917,0.09233,-1.4058,17.449,137.27,161.01,88.221,72.524,54.804
4.7373,4.4756,6.7349,-5.7107,0.24633,-0.66634,16.014,141.29,165.46,93.394,76.691,57.715
5.1037,5.0275,7.1296,-6.294,0.29259,-0.24349,14.327,145.77,170.23,98.291,80.923,60.79
5.1581,4.884,7.5154,-6.397,0.26314,-0.21229,12.806,150.64,175.35,102.93,85.117,63.847
5.0894,4.2572,7.8457,-6.2143,0.22934,-0.54277,11.911,155.75,180.77,107.45,89.308,66.722
5.1764,3.517,8.0883,-6.065,0.28826,-1.0836,11.982,160.93,186.38,111.95,93.608,69.464
5.7166,3.1187,8.2434,-6.3365,0.53555,-1.6241,13.132,166.08,192,116.5,98.081,72.25
6.9307,3.4978,8.3398,-7.3831,1.0296,-1.966,15.239,171.12,197.46,121.05,102.7,75.275
8.9076,4.973,8.4161,-9.43,1.7735,-1.9658,17.982,176.04,202.61,125.51,107.41,78.776
11.639,7.6988,8.4994,-12.546,2.7382,-1.553,20.855,180.9,207.41,129.84,112.2,83.006
15.096,11.661,8.5904,-16.656,3.9077,-0.73019,23.278,185.76,211.99,134.06,117.1,88.118
19.233,16.67,8.6627,-21.528,5.3064,0.44451,24.885,190.76,216.54,138.29,122.21,94.031
23.921,22.342,8.6785,-26.77,6.9854,1.8846,25.777,196.04,221.34,142.71,127.59,100.39
28.914,28.145,8.6108,-31.943,8.9841,3.5046,26.448,201.66,226.59,147.5,133.24,106.75
33.93,33.568,8.4543,-36.751,11.29,5.2381,27.504,207.61,232.33,152.8,139.17,112.8
38.789,38.353,8.2228,-41.133,13.83,7.0328,29.316,213.75,238.4,158.58,145.34,118.48
43.47,42.557,7.9401,-45.202,16.518,8.829,31.773,219.86,244.5,164.71,151.69,123.97
48.078,46.412,7.6292,-49.148,19.304,10.563,34.277,225.75,250.29,170.9,158.12,129.53
52.759,50.186,7.3042,-53.177,22.179,12.203,35.999,231.31,255.53,176.82,164.48,135.41
57.632,54.111,6.9672,-57.46,25.143,13.786,36.254,236.54,260.12,182.21,170.65,141.82
62.74,58.318,6.6112,-62.052,28.179,15.421,34.801,241.47,264.12,186.95,176.52,148.79
68.008,62.713,6.2227,-66.835,31.248,17.253,31.923,246.14,267.63,191.07,182.05,156.03
73.239,66.922,5.7861,-71.535,34.291,19.367,28.273,250.52,270.78,194.76,187.28,163.01
78.206,70.488,5.2877,-75.868,37.252,21.689,24.618,254.58,273.64,198.24,192.29,169.25
82.782,73.187,4.7207,-79.68,40.11,23.996,21.588,258.26,276.24,201.66,197.25,174.64
86.963,75.105,4.0874,-82.952,42.903,26.011,19.491,261.59,278.6,205.1,202.34,179.43
90.82,76.54,3.3966,-85.776,45.709,27.539,18.239,264.58,280.67,208.48,207.73,184.11
94.517,77.922,2.6573,-88.41,48.606,28.573,17.466,267.25,282.44,211.66,213.52,189.21
98.353,79.738,1.8749,-91.265,51.66,29.283,16.802,269.6,283.9,214.48,219.66,195.14
102.69,82.41,1.0474,-94.746,54.915,29.91,16.081,271.64,285.06,216.87,225.82,201.84
107.78,86.156,0.16438,-99.089,58.387,30.67,15.379,273.41,285.96,218.81,231.56,208.76
113.61,90.919,-0.79617,-104.28,62.042,31.669,14.933,274.92,286.61,220.31,236.58,215.26
119.95,96.391,-1.8694,-110.1,65.789,32.879,14.982,276.13,287.04,221.42,240.87,220.97
126.44,102.11,-3.0999,-116.14,69.504,34.157,15.595,276.99,287.23,222.17,244.59,225.85
132.7,107.58,-4.521,-121.95,73.084,35.304,16.612,277.44,287.16,222.61,247.99,230.09
138.48,112.44,-6.1164,-127.19,76.484,36.165,17.689,277.43,286.83,222.76,251.26,233.99
143.71,116.44,-7.8028,-131.74,79.716,36.68,18.398,277.03,286.27,222.64,254.55,237.86
148.52,119.53,-9.4728,-135.71,82.837,36.874,18.353,276.32,285.47,222.24,257.87,241.93
153.11,121.84,-11.061,-139.37,85.895,36.809,17.336,275.44,284.43,221.52,261.18,246.27
157.65,123.71,-12.561,-142.97,88.882,36.543,15.372,274.46,283.12,220.43,264.35,250.72
162.14,125.5,-13.988,-146.61,91.707,36.132,12.722,273.32,281.44,218.89,267.23,254.93
166.32,127.39,-15.358,-150.09,94.228,35.643,9.8141,271.91,279.25,216.77,269.73,258.5
169.76,129.24,-16.665,-153.05,96.341,35.148,7.1135,270.08,276.39,213.91,271.79,261.23
172.24,130.76,-17.885,-155.23,98.027,34.705,4.9872,267.72,272.78,210.16,273.34,263.2
173.87,131.78,-18.979,-156.68,99.324,34.35,3.5991,264.77,268.39,205.43,274.31,264.62
174.89,132.31,-19.899,-157.57,100.27,34.1,2.8839,261.13,263.24,199.83,274.52,265.69
175.52,132.48,-20.606,-158.09,100.92,33.948,2.6105,256.66,257.36,193.54,273.77,266.53
175.91,132.46,-21.082,-158.41,101.32,33.881,2.4979,251.21,250.75,186.72,271.92,267.18
176.19,132.44,-21.358,-158.67,101.55,33.903,2.3192,244.76,243.43,179.4,269.01,267.56
176.43,132.57,-21.502,-158.95,101.71,34.032,1.96,237.54,235.53,171.53,265.17,267.53
176.67,132.92,-21.587,-159.3,101.9,34.266,1.4391,229.95,227.24,163.12,260.56,266.99
176.91,133.45,-21.664,-159.71,102.15,34.548,0.88389,222.27,218.76,154.31,255.33,265.93
177.14,134.04,-21.751,-160.09,102.48,34.785,0.416,214.56,210.26,145.32,249.64,264.42
177.3,134.57,-21.84,-160.38,102.84,34.909,-0.0066668,206.76,201.77,136.41,243.69,262.55
177.37,134.94,-21.902,-160.54,103.18,34.926,-0.61355,198.75,193.29,127.69,237.61,260.33
177.33,135.15,-21.901,-160.58,103.41,34.918,-1.6705,190.37,184.74,119.21,231.42,257.7
177.22,135.24,-21.81,-160.55,103.52,34.983,-3.302,181.44,176,110.85,225.07,254.52
177.11,135.2,-21.633,-160.5,103.5,35.174,-5.4136,171.83,166.94,102.4,218.39,250.71
177.07,135.03,-21.41,-160.45,103.38,35.46,-7.7413,161.5,157.48,93.572,211.26,246.28
177.12,134.64,-21.211,-160.37,103.2,35.736,-9.987,150.54,147.58,84.11,203.64,241.34
177.21,133.89,-21.102,-160.12,103.02,35.853,-11.969,139.21,137.32,73.987,195.61,235.83
177.2,132.56,-21.128,-159.5,102.84,35.634,-13.694,127.85,126.79,63.743,187.39,229.37
176.83,130.38,-21.297,-158.2,102.61,34.851,-15.293,116.79,116.1,54.346,179.17,221.68
175.8,127.1,-21.582,-155.85,102.23,33.242,-16.886,106.16,105.32,46.369,171.02,212.9
173.77,122.81,-21.923,-152.23,101.6,30.668,-18.55,95.901,94.422,39.587,162.82,203.57
170.52,118.01,-22.242,-147.47,100.61,27.441,-20.419,85.797,83.362,33.47,154.4,194.2
166.1,113.17,-22.473,-142.02,99.213,24.222,-22.674,75.539,72.178,27.668,145.66,184.97
160.81,108.39,-22.592,-136.3,97.402,21.353,-25.382,64.799,61.175,22.135,136.7,175.81
155.07,103.53,-22.63,-130.58,95.255,18.693,-28.356,53.501,50.925,17.016,127.76,166.57
149.23,98.469,-22.66,-124.92,92.9,15.981,-31.249,42.204,41.918,12.469,119.08,157.23
143.47,93.126,-22.754,-119.29,90.481,13.04,-33.75,31.892,34.226,8.5364,110.72,147.81
137.79,87.378,-22.938,-113.52,88.091,9.8074,-35.714,23.184,27.577,5.1246,102.57,138.29
132.05,81.077,-23.181,-107.44,85.74,6.3653,-37.153,16.081,21.632,2.0767,94.415,128.57
126.1,74.182,-23.404,-100.98,83.367,2.9678,-38.138,10.308,16.148,-0.74973,85.984,118.68
119.83,66.893,-23.513,-94.291,80.861,-0.047051,-38.693,5.5573,11.012,-3.4421,77.077,108.9
113.29,59.664,-23.438,-87.712,78.114,-2.4528,-38.776,1.4703,6.193,-6.0347,67.637,99.722
106.7,53.001,-23.154,-81.656,75.087,-4.2139,-38.384,-2.4044,1.6824,-8.5295,57.944,91.447
100.51,47.118,-22.698,-76.317,71.878,-5.4186,-37.671,-6.5659,-2.5604,-10.913,48.787,83.869
95.074,41.748,-22.14,-71.601,68.668,-6.2135,-36.934,-11.404,-6.613,-13.164,40.994,76.377
90.38,36.304,-21.555,-67.255,65.579,-6.7802,-36.474,-16.967,-10.546,-15.25,34.531,68.375
86.098,30.297,-20.99,-62.926,62.647,-7.3182,-36.466,-22.854,-14.374,-17.132,28.736,59.672
81.862,23.918,-20.454,-58.204,59.867,-8.0038,-36.928,-28.473,-18.046,-18.757,23.254,50.951
77.368,18.044,-19.918,-52.789,57.195,-8.9386,-37.723,-33.411,-21.49,-20.067,18.181,43.465
72.392,13.259,-19.333,-46.728,54.553,-10.128,-38.618,-37.569,-24.658,-21.005,13.683,37.435
66.883,9.3813,-18.643,-40.416,51.854,-11.496,-39.374,-41.04,-27.543,-21.55,9.7918,32.051
61.015,6.0506,-17.802,-34.281,49.051,-12.939,-39.861,-43.979,-30.183,-21.737,6.4306,26.746
55.106,3.1519,-16.781,-28.626,46.16,-14.347,-40.088,-46.519,-32.645,-21.668,3.4843,21.519
49.458,0.77418,-15.582,-23.718,43.237,-15.617,-40.099,-48.75,-34.997,-21.485,0.8377,16.611
44.245,-0.97582,-14.234,-19.686,40.344,-16.659,-39.869,-50.723,-37.283,-21.331,-1.61,12.178
39.445,-2.1045,-12.787,-16.411,37.525,-17.431,-39.31,-52.462,-39.509,-21.32,-3.9421,8.2013
34.87,-2.7531,-11.307,-13.592,34.783,-17.964,-38.387,-53.979,-41.641,-21.519,-6.2294,4.5724
30.285,-3.1371,-9.853,-10.946,32.08,-18.352,-37.202,-55.275,-43.622,-21.933,-8.5394,1.2329
25.56,-3.4863,-8.4663,-8.3634,29.316,-18.689,-35.982,-56.352,-45.392,-22.503,-10.935,-1.7862
20.812,-3.9969,-7.166,-5.9092,26.365,-19.027,-34.979,-57.206,-46.902,-23.11,-13.446,-4.4817
16.374,-4.7846,-5.9549,-3.6614,23.193,-19.362,-34.348,-57.832,-48.124,-23.608,-16.029,-6.947
12.506,-5.8532,-4.8253,-1.599,19.96,-19.65,-34.072,-58.232,-49.057,-23.873,-18.56,-9.2729
9.2518,-7.086,-3.7612,0.30282,16.935,-19.825,-33.961,-58.415,-49.727,-23.843,-20.896,-11.464
6.5745,-8.2864,-2.7407,1.9878,14.308,-19.812,-33.724,-58.404,-50.186,-23.537,-22.945,-13.463
4.4478,-9.2504,-1.7415,3.3504,12.12,-19.559,-33.101,-58.233,-50.506,-23.053,-24.718,-15.225
2.8321,-9.838,-0.74572,4.313,10.302,-19.057,-31.969,-57.939,-50.755,-22.538,-26.313,-16.758
1.6292,-10.015,0.25961,4.8804,8.7275,-18.348,-30.365,-57.551,-50.983,-22.145,-27.866,-18.135
0.68094,-9.8531,1.2872,5.148,7.2691,-17.507,-28.439,-57.08,-51.21,-21.979,-29.498,-19.462
-0.18646,-9.4999,2.3604,5.2698,5.8351,-16.614,-26.397,-56.52,-51.421,-22.053,-31.278,-20.85
-1.1104,-9.1276,3.5207,5.4093,4.3851,-15.727,-24.437,-55.856,-51.592,-22.269,-33.206,-22.372
-2.1694,-8.8845,4.8244,5.6954,2.916,-14.866,-22.694,-55.078,-51.704,-22.419,-35.215,-24.026
-3.3867,-8.8553,6.3277,6.1933,1.4409,-14.032,-21.177,-54.191,-51.758,-22.217,-37.204,-25.723
-4.7404,-9.0458,8.066,6.8955,-0.025906,-13.208,-19.772,-53.211,-51.772,-21.349,-39.067,-27.309
-6.1792,-9.397,10.036,7.7377,-1.4814,-12.379,-18.297,-52.155,-51.765,-19.578,-40.732,-28.627
-7.6506,-9.8208,12.186,8.6362,-2.9434,-11.538,-16.608,-51.023,-51.75,-16.89,-42.184,-29.588
-9.1252,-10.239,14.433,9.5253,-4.4515,-10.698,-14.677,-49.794,-51.721,-13.551,-43.462,-30.211
-10.605,-10.608,16.683,10.376,-6.0513,-9.8806,-12.61,-48.415,-51.656,-9.893,-44.628,-30.596
-12.118,-10.929,18.878,11.197,-7.7728,-9.105,-10.579,-46.814,-51.515,-6.1558,-45.732,-30.851
-13.704,-11.238,21,12.028,-9.6255,-8.3728,-8.7369,-44.914,-51.242,-3.5404,-46.792,-31.046
-15.401,-11.595,23.069,12.924,-11.607,-7.6792,-7.1626,-42.663,-50.785,-4.5318,-47.794,-31.21
-17.226,-12.049,25.114,13.933,-13.711,-7.0269,-5.8584,-40.059,-50.12,-6.0236,-48.716,-31.345
-19.163,-12.616,27.163,15.06,-15.915,-6.4276,-4.7704,-37.156,-49.254,-2.9613,-49.543,-31.444
-21.146,-13.248,29.225,16.248,-18.173,-5.8895,-3.8192,-34.047,-48.229,5.2767,-50.277,-31.485
-23.056,-13.838,31.275,17.375,-20.401,-5.4042,-2.9252,-30.824,-47.099,18.727,-50.929,-31.436
-24.736,-14.239,33.251,18.283,-22.481,-4.9436,-2.0235,-27.55,-45.915,37.153,-51.512,-31.254
-26.037,-14.313,35.065,18.821,-24.301,-4.4686,-1.0691,-24.263,-44.715,58.92,-52.031,-30.911
-26.879,-13.977,36.643,18.906,-25.795,-3.9444,-0.040318,-21.005,-43.515,84.518,-52.478,-30.402
-27.274,-13.239,37.949,18.553,-26.964,-3.3538,1.0612,-17.849,-42.309,118.52,-52.84,-29.758
-27.316,-12.194,38.989,17.867,-27.857,-2.7029,2.2157,-14.895,-41.077,153.52,-53.1,-29.04
-27.131,-10.997,39.799,17.005,-28.53,-2.0194,3.3976,-12.243,-39.785,176.47,-53.247,-28.32
-26.842,-9.8158,40.429,16.128,-29.023,-1.3464,4.5967,-9.9559,-38.398,185.22,-53.275,-27.659
-26.551,-8.8027,40.936,15.376,-29.362,-0.73629,5.833,-8.0464,-36.886,180.59,-53.189,-27.079
-26.327,-8.0822,41.373,14.852,-29.571,-0.24679,7.1372,-6.4775,-35.234,162.5,-53,-26.548
-26.208,-7.7468,41.771,14.614,-29.682,0.069135,8.5025,-5.1793,-33.446,131.41,-52.723,-25.987
-26.182,-7.831,42.132,14.658,-29.721,0.18308,9.8464,-4.0727,-31.546,89.858,-52.369,-25.323
-26.198,-8.2793,42.429,14.914,-29.698,0.112,11.013,-3.0879,-29.573,42.468,-51.952,-24.543
-26.175,-8.9419,42.628,15.253,-29.602,-0.076199,11.814,-2.1769,-27.573,-5.3257,-51.486,-23.681
-26.027,-9.6051,42.715,15.523,-29.419,-0.27582,12.1,-1.3191,-25.588,-49.033,-50.985,-22.78
-25.691,-10.043,42.714,15.586,-29.139,-0.36602,11.821,-0.51588,-23.647,-86.139,-50.454,-21.86
-25.138,-10.074,42.672,15.351,-28.773,-0.23647,11.069,0.222,-21.764,-116.05,-49.882,-20.913
-24.387,-9.604,42.648,14.793,-28.349,0.18661,10.076,0.88913,-19.936,-139.57,-49.238,-19.911
-23.493,-8.6447,42.69,13.951,-27.908,0.92072,9.1409,1.4922,-18.151,-158.34,-48.47,-18.822
-22.533,-7.3113,42.821,12.915,-27.491,1.92,8.5444,2.0476,-16.399,-174.18,-47.525,-17.628
-21.583,-5.7927,43.031,11.805,-27.125,3.0814,8.452,2.5744,-14.685,-188.64,-46.366,-16.335
-20.697,-4.3054,43.27,10.739,-26.811,4.2614,8.861,3.0877,-13.028,-202.7,-44.985,-14.97
-19.894,-3.0403,43.461,9.8051,-26.514,5.3007,9.6214,3.5961,-11.446,-216.6,-43.401,-13.578
-19.154,-2.1181,43.519,9.0427,-26.173,6.0573,10.551,4.102,-9.9492,-229.62,-41.653,-12.201
-18.423,-1.565,43.382,8.4392,-25.714,6.4477,11.56,4.6027,-8.5328,-239.94,-39.783,-10.874
-17.645,-1.3209,43.024,7.9495,-25.072,6.4786,12.654,5.092,-7.1761,-245.98,-37.823,-9.6091
-16.797,-1.2771,42.465,7.5279,-24.228,6.25,13.848,5.5633,-5.85,-248.07,-35.783,-8.4033
-15.918,-1.325,41.774,7.1574,-23.234,5.9179,15.076,6.0134,-4.5248,-247.85,-33.642,-7.24
-15.104,-1.397,41.058,6.8611,-22.2,5.6252,16.168,6.4453,-3.1766,-246.65,-31.362,-6.1041
-14.464,-1.4835,40.428,6.6878,-21.252,5.4369,16.861,6.8685,-1.7901,-245.14,-28.904,-4.9896
-14.06,-1.6204,39.932,6.681,-20.469,5.3086,16.855,7.2953,-0.36008,-243.59,-26.256,-3.9006
-13.874,-1.8543,39.536,6.8454,-19.837,5.1349,15.916,7.7369,1.1109,-242.19,-23.453,-2.8451
-13.813,-2.1999,39.131,7.1334,-19.263,4.8419,14.008,8.201,2.6168,-241.03,-20.576,-1.8263
-13.744,-2.6192,38.603,7.4521,-18.635,4.4417,11.375,8.6919,4.1534,-240.09,-17.73,-0.83647
-13.545,-3.0271,37.884,7.6914,-17.877,4.0008,8.5184,9.2103,5.7273,-239.27,-15.005,0.14436
-13.153,-3.3154,36.993,7.7574,-16.99,3.6009,6.0433,9.7545,7.3588,-238.4,-12.453,1.142
-12.575,-3.3809,36.033,7.5969,-16.046,3.3267,4.4494,10.319,9.076,-237.29,-10.088,2.1776
-11.873,-3.1521,35.144,7.205,-15.153,3.2589,3.968,10.894,10.899,-235.74,-7.89,3.2571
-11.129,-2.6049,34.427,6.6159,-14.397,3.4553,4.5047,11.461,12.829,-233.54,-5.825,4.3697
-10.408,-1.7662,33.918,5.8831,-13.811,3.9294,5.7047,11.999,14.846,-230.43,-3.8467,5.4971
-9.7284,-0.70385,33.57,5.0602,-13.349,4.6429,7.1242,12.492,16.922,-226.15,-1.902,6.6286
-9.0635,0.48816,33.27,4.1903,-12.912,5.5127,8.4234,12.932,19.033,-220.57,0.060526,7.7697
-8.3689,1.7071,32.898,3.3057,-12.395,6.4314,9.4712,13.331,21.171,-213.78,2.0842,8.9397
-7.6129,2.8573,32.366,2.4353,-11.734,7.2907,10.317,13.714,23.338,-206.2,4.1981,10.162
-6.7968,3.8613,31.665,1.61,-10.94,8.0017,11.085,14.114,25.536,-198.38,6.4148,11.457
-5.9623,4.6615,30.86,0.86629,-10.085,8.504,11.864,14.552,27.751,-190.73,8.7312,12.833
-5.1762,5.2139,30.037,0.24624,-9.2639,8.7643,12.636,15.025,29.952,-183.3,11.128,14.28
-4.5068,5.4871,29.245,-0.21132,-8.5572,8.7747,13.257,15.498,32.079,-175.8,13.567,15.758
-3.993,5.4827,28.489,-0.49459,-7.9975,8.5693,13.521,15.915,34.056,-167.72,15.987,17.198
-3.618,5.2706,27.746,-0.64565,-7.5684,8.2402,13.246,16.219,35.808,-158.59,18.323,18.525
-3.3101,4.9889,26.972,-0.75703,-7.2113,7.9064,12.372,16.374,37.281,-148.16,20.515,19.681
-2.9797,4.7798,26.12,-0.92298,-6.8523,7.6321,11.013,16.383,38.452,-136.49,22.526,20.66
-2.5725,4.701,25.14,-1.1783,-6.4364,7.3762,9.4514,16.287,39.339,-124.07,24.351,21.503
-2.1059,4.6944,24.009,-1.4732,-5.9547,7.0524,8.0456,16.142,39.992,-111.72,26.006,22.274
-1.6708,4.6228,22.74,-1.6892,-5.45,6.5988,7.1136,15.998,40.475,-100.38,27.511,23.023
-1.4021,4.3327,21.391,-1.6858,-4.9999,5.9996,6.8335,15.87,40.839,-90.791,28.875,23.754
-1.4161,3.7193,20.044,-1.3617,-4.6812,5.2681,7.1936,15.737,41.104,-83.251,30.083,24.418
-1.7559,2.7712,18.781,-0.70332,-4.5346,4.4375,8.0101,15.553,41.253,-77.598,31.112,24.936
-2.3626,1.5797,17.653,0.2033,-4.5422,3.5619,9.0364,15.27,41.255,-73.324,31.942,25.248
-3.0953,0.30726,16.676,1.2036,-4.6422,2.7124,10.107,14.869,41.086,-69.809,32.573,25.344
-3.7866,-0.87153,15.82,2.1314,-4.7495,1.9626,11.19,14.366,40.743,-66.516,33.027,25.27
-4.3074,-1.8242,15.046,2.8647,-4.796,1.3658,12.315,13.81,40.243,-63.092,33.338,25.102
-4.6087,-2.4961,14.326,3.3609,-4.7585,0.93902,13.468,13.256,39.606,-59.38,33.541,24.898
-4.7361,-2.9139,13.646,3.6598,-4.6627,0.66253,14.531,12.742,38.844,-55.376,33.655,24.673
-4.7913,-3.1543,13.019,3.8491,-4.5617,0.49659,15.271,12.286,37.972,-51.168,33.681,24.389
-4.8668,-3.2874,12.463,4.0025,-4.5017,0.40901,15.394,11.881,37.02,-46.86,33.609,23.974
-4.9873,-3.3254,11.995,4.1311,-4.4956,0.39586,14.662,11.513,36.038,-42.53,33.428,23.359
-5.0932,-3.2161,11.629,4.1724,-4.5179,0.48058,13.001,11.17,35.088,-38.229,33.135,22.5
-5.0791,-2.8876,11.367,4.0331,-4.5161,0.69176,10.575,10.839,34.216,-34.014,32.735,21.413
-4.8615,-2.3124,11.201,3.6559,-4.4407,1.0324,7.7862,10.51,33.429,-29.98,32.232,20.164
-4.4379,-1.5523,11.106,3.0723,-4.2746,1.4576,5.2074,10.171,32.682,-26.251,31.626,18.855
-3.9045,-0.76642,11.046,2.413,-4.0456,1.8741,3.4397,9.8059,31.89,-22.948,30.908,17.583
-3.42,-0.16005,10.985,1.8611,-3.8158,2.1702,2.9623,9.409,30.966,-20.15,30.069,16.408
-3.1329,0.1078,10.895,1.5673,-3.6502,2.2647,3.9416,8.9872,29.866,-17.864,29.105,15.344
-3.1084,-0.0015501,10.767,1.582,-3.5862,2.1454,6.0973,8.563,28.614,-16.031,28.027,14.365
-3.314,-0.40426,10.607,1.8503,-3.6191,1.8721,8.7995,8.1669,27.296,-14.541,26.864,13.438
-3.6519,-0.95078,10.431,2.2555,-3.7103,1.5448,11.316,7.8282,26.024,-13.262,25.657,12.543
-4.0136,-1.4965,10.253,2.6824,-3.8103,1.2589,13.034,7.566,24.897,-12.077,24.458,11.673
-4.33,-1.9564,10.077,3.0645,-3.8863,1.0673,13.567,7.3856,23.972,-10.908,23.31,10.841
-4.5968,-2.3299,9.8936,3.4036,-3.9406,0.96127,12.791,7.2766,23.251,-9.7334,22.235,10.07
-4.8655,-2.688,9.6886,3.7563,-4.0006,0.88064,10.859,7.217,22.682,-8.5833,21.228,9.3902
-5.2027,-3.1224,9.4512,4.1901,-4.0989,0.74822,8.2273,7.1788,22.171,-7.5226,20.264,8.8301
-5.6367,-3.6776,9.1758,4.728,-4.2464,0.51253,5.5898,7.1369,21.616,-6.6219,19.314,8.4006
-6.1178,-4.302,8.8601,5.3074,-4.416,0.17716,3.6805,7.0776,20.945,-5.9269,18.36,8.0912
-6.5154,-4.852,8.507,5.7849,-4.5479,-0.19588,3.0112,7.0023,20.134,-5.4389,17.405,7.8716
-6.6793,-5.1534,8.1295,5.9986,-4.5777,-0.51027,3.7086,6.9207,19.212,-5.1099,16.458,7.6964
-6.5229,-5.0872,7.7497,5.8534,-4.4729,-0.67808,5.49,6.8371,18.223,-4.8682,15.523,7.5077
-6.0808,-4.6561,7.3896,5.3782,-4.2559,-0.6619,7.7663,6.7404,17.201,-4.6481,14.576,7.2452
-5.5064,-3.9949,7.0585,4.7274,-3.997,-0.49435,9.8568,6.6047,16.15,-4.4129,13.579,6.8671
-5.0102,-3.3219,6.7468,4.1224,-3.7873,-0.26329,11.236,6.403,15.062,-4.1572,12.503,6.3728
-4.7697,-2.8551,6.4315,3.7621,-3.6936,-0.074329,11.673,6.1263,13.938,-3.8962,11.358,5.8091
-4.8578,-2.7416,6.0884,3.7515,-3.7287,-0.014967,11.197,5.7922,12.802,-3.6494,10.198,5.2473
-5.2289,-3.0191,5.7048,4.0795,-3.8504,-0.13181,9.9767,5.4414,11.698,-3.4313,9.0964,4.7487
-5.7627,-3.624,5.2858,4.6512,-3.9908,-0.42125,8.2249,5.1206,10.676,-3.2486,8.1155,4.3398
-6.3293,-4.4378,4.8524,5.3448,-4.0949,-0.83934,6.1588,4.8614,9.7611,-3.1029,7.2815,4.005
-6.8448,-5.335,4.4329,6.0577,-4.1445,-1.3243,4.02,4.6686,8.9487,-2.9909,6.5799,3.7014
-7.2808,-6.2094,4.0538,6.7234,-4.1567,-1.8139,2.082,4.5248,8.2094,-2.9008,5.9712,3.3809
-7.6495,-6.9841,3.7357,7.3123,-4.1667,-2.2543,0.60146,4.4025,7.5041,-2.8123,5.4151,3.0116
-7.9806,-7.6135,3.4937,7.8192,-4.21,-2.6042,-0.26916,4.2746,6.7953,-2.6996,4.8869,2.5908
-8.2971,-8.0767,3.3373,8.2456,-4.3075,-2.8387,-0.53042,4.1184,6.0532,-2.5469,4.3807,2.1472
-8.5958,-8.3657,3.2665,8.5833,-4.4561,-2.9537,-0.29383,3.9194,5.2587,-2.3583,3.9022,1.7298
-8.8413,-8.4804,3.2655,8.8078,-4.6259,-2.9667,0.30435,3.6758,4.4077,-2.1554,3.4612,1.3883
-8.9784,-8.4283,3.3013,8.8854,-4.7685,-2.9086,1.1575,3.4017,3.5152,-1.9645,3.0672,1.1547
-8.9587,-8.2226,3.3279,8.7894,-4.8349,-2.8102,2.2006,3.1245,2.6137,-1.8036,2.7241,1.0289
-8.7689,-7.8771,3.2997,8.5162,-4.8005,-2.6876,3.4,2.8736,1.7441,-1.6779,2.4237,0.97503
-8.4465,-7.4014,3.1912,8.092,-4.6814,-2.5334,4.727,2.6678,0.9432,-1.5803,2.1431,0.92931
-8.0667,-6.8034,3.0148,7.5658,-4.5295,-2.3218,6.1226,2.5088,0.23621,-1.4971,1.8551,0.8233
-7.7079,-6.1047,2.8174,6.9957,-4.4051,-2.0292,7.4706,2.3868,-0.36228,-1.402,1.5485,0.61643
-7.4189,-5.3548,2.6511,6.4367,-4.3455,-1.654,8.5938,2.2928,-0.84414,-1.2558,1.2426,0.31934
-7.2092,-4.6329,2.5397,5.9379,-4.3487,-1.2278,9.2808,2.2267,-1.2083,-1.0154,0.97992,-0.010085
-7.0711,-4.0467,2.4674,5.5545,-4.385,-0.82127,9.3431,2.1918,-1.4677,-0.65348,0.79887,-0.29884
-7.0156,-3.7308,2.3917,5.3621,-4.4244,-0.54606,8.6849,2.1834,-1.6567,-0.17726,0.70428,-0.50113
-7.0889,-3.8292,2.2675,5.4537,-4.4577,-0.53373,7.356,2.1847,-1.8227,0.36898,0.65592,-0.62364
-7.3489,-4.4438,2.0691,5.9012,-4.4964,-0.88209,5.5611,2.1709,-2.0108,0.92235,0.58796,-0.7198
-7.8155,-5.5677,1.7993,6.702,-4.5546,-1.5963,3.6096,2.1213,-2.2434,1.431,0.44326,-0.85845
-8.4358,-7.0488,1.4849,7.7476,-4.6328,-2.5699,1.8244,2.0284,-2.5117,1.8773,0.20475,-1.0851
-9.0914,-8.6138,1.1636,8.841,-4.7154,-3.6173,0.44352,1.8984,-2.7853,2.2828,-0.095716,-1.3991
-9.6444,-9.9451,0.86851,9.7594,-4.7817,-4.5303,-0.44436,1.7446,-3.0333,2.6928,-0.39467,-1.755
-9.9919,-10.777,0.61551,10.328,-4.8187,-5.1394,-0.90626,1.5798,-3.2428,3.1529,-0.62699,-2.0844
-10.099,-10.972,0.39517,10.475,-4.8242,-5.3586,-1.1068,1.4133,-3.4224,3.6916,-0.7506,-2.3215
-9.9963,-10.56,0.1759,10.236,-4.8009,-5.2064,-1.2086,1.2547,-3.5923,4.3148,-0.75677,-2.4228
-9.7617,-9.7139,-0.082203,9.7401,-4.751,-4.7991,-1.2824,1.1189,-3.7698,5.011,-0.66736,-2.3772
-9.4918,-8.6996,-0.41164,9.1601,-4.6779,-4.3236,-1.2777,1.0292,-3.96,5.7578,-0.52366,-2.208
-9.2824,-7.7953,-0.82541,8.6725,-4.5927,-3.9902,-1.0704,1.0032,-4.1554,6.5298,-0.3716,-1.9655
-9.2051,-7.2216,-1.3045,8.4141,-4.5158,-3.9527,-0.56629,1.0477,-4.3399,7.3077,-0.24526,-1.7091
-9.2845,-7.0935,-1.7927,8.4483,-4.4642,-4.2229,0.20555,1.1572,-4.4947,8.0894,-0.15249,-1.4839
-9.4854,-7.4118,-2.2218,8.7533,-4.4346,-4.6911,1.0845,1.317,-4.6039,8.8965,-0.070309,-1.3013
-9.7292,-8.0905,-2.5608,9.2403,-4.3994,-5.25,1.855,1.5081,-4.6633,9.7652,0.042001,-1.1408
-9.937,-8.9992,-2.8338,9.7989,-4.3254,-5.8622,2.3425,1.7051,-4.6896,10.718,0.21527,-0.96873
-10.074,-9.9999,-3.0865,10.34,-4.2023,-6.5213,2.4792,1.8755,-4.7248,11.737,0.44494,-0.76661
-10.161,-10.968,-3.3456,10.817,-4.0561,-7.1993,2.323,1.9852,-4.825,12.75,0.68677,-0.5473
-10.248,-11.796,-3.6067,11.21,-3.9359,-7.8321,2.0223,2.0138,-5.0354,13.661,0.87907,-0.34792
-10.371,-12.387,-3.8446,11.499,-3.8843,-8.3303,1.7422,1.9691,-5.36,14.391,0.9774,-0.2077
-10.521,-12.664,-4.0338,11.652,-3.9132,-8.6066,1.5878,1.8913,-5.7609,14.92,0.97842,-0.14808
-10.645,-12.583,-4.1639,11.631,-3.9986,-8.6081,1.5576,1.8418,-6.1624,15.293,0.92008,-0.16634
-10.675,-12.155,-4.2438,11.416,-4.0948,-8.3348,1.539,1.8807,-6.4771,15.598,0.86512,-0.24261
-10.566,-11.464,-4.2932,11.029,-4.1583,-7.84,1.3455,2.0419,-6.6386,15.93,0.86382,-0.354
-10.326,-10.659,-4.3289,10.544,-4.1665,-7.2189,0.7886,2.318,-6.6279,16.347,0.93294,-0.48728
-10.013,-9.9109,-4.3551,10.062,-4.1218,-6.5844,-0.22321,2.664,-6.481,16.857,1.0456,-0.6432
-9.7002,-9.3598,-4.3622,9.6712,-4.0417,-6.0316,-1.596,3.0163,-6.2727,17.408,1.1412,-0.83167
-9.4365,-9.0572,-4.3338,9.4071,-3.9448,-5.606,-3.038,3.3159,-6.0872,17.912,1.1513,-1.0619
-9.223,-8.9494,-4.2583,9.2348,-3.8402,-5.2956,-4.1453,3.5241,-5.9878,18.277,1.0298,-1.3334
-9.01,-8.8999,-4.1402,9.0617,-3.7232,-5.0451,-4.5432,3.6315,-5.9967,18.439,0.77275,-1.6307
-8.7166,-8.7456,-4.004,8.7746,-3.5757,-4.7853,-4.0323,3.6546,-6.0915,18.381,0.42101,-1.9274
-8.2659,-8.3621,-3.8893,8.2885,-3.3724,-4.4637,-2.6858,3.6304,-6.2181,18.141,0.042069,-2.1954
-7.6194,-7.7125,-3.8393,7.5831,-3.0911,-4.0701,-0.84477,3.5955,-6.3175,17.795,-0.2971,-2.418
-6.8013,-6.8635,-3.8902,6.7171,-2.7252,-3.6453,0.99818,3.5684,-6.3527,17.429,-0.55492,-2.5976
-5.9013,-5.9669,-4.0625,5.8164,-2.2937,-3.2697,2.3772,3.5396,-6.3252,17.105,-0.7282,-2.7539
-5.0532,-5.2154,-4.359,5.0411,-1.8385,-3.0378,3.0126,3.4762,-6.2725,16.846,-0.84839,-2.9101
-4.389,-4.7837,-4.7676,4.5346,-1.4087,-3.0267,2.8987,3.3382,-6.2484,16.639,-0.96332,-3.0793
-3.988,-4.7701,-5.268,4.3731,-1.038,-3.267,2.2916,3.0982,-6.2984,16.456,-1.1138,-3.2577
-3.8442,-5.1612,-5.8417,4.5349,-0.73014,-3.7269,1.5727,2.7561,-6.4425,16.269,-1.3178,-3.4278
-3.872,-5.8344,-6.4808,4.9071,-0.45957,-4.3229,1.0521,2.3377,-6.6717,16.064,-1.57,-3.5726
-3.9406,-6.5996,-7.1891,5.3264,-0.18503,-4.948,0.83699,1.8832,-6.9624,15.833,-1.8523,-3.6893
-3.9224,-7.2614,-7.9747,5.6342,0.1307,-5.506,0.82336,1.4311,-7.2794,15.575,-2.1486,-3.7965
-3.7389,-7.6782,-8.8408,5.7271,0.50386,-5.941,0.77002,1.0062,-7.5979,15.281,-2.456,-3.9285
-3.3847,-7.798,-9.781,5.5837,0.92233,-6.2537,0.40658,0.61291,-7.913,14.937,-2.7894,-4.1217
-2.9174,-7.6554,-10.779,5.2555,1.3531,-6.4979,-0.45554,0.23801,-8.2369,14.532,-3.1666,-4.3972
-2.4161,-7.3392,-11.805,4.828,1.7626,-6.7552,-1.8335,-0.14026,-8.5831,14.072,-3.5937,-4.7488
-1.9314,-6.9495,-12.818,4.375,2.1398,-7.0934,-3.5345,-0.53653,-8.9477,13.579,-4.0495,-5.1405
-1.4627,-6.5647,-13.773,3.9335,2.5049,-7.517,-5.1947,-0.94238,-9.3011,13.1,-4.4868,-5.5177
-0.97392,-6.232,-14.63,3.5103,2.8986,-7.9469,-6.3971,-1.3209,-9.5948,12.688,-4.8468,-5.8286
-0.43176,-5.9855,-15.369,3.1118,3.359,-8.267,-6.8444,-1.62,-9.7836,12.376,-5.0882,-6.049
0.15912,-5.8747,-15.982,2.7718,3.8984,-8.415,-6.5051,-1.8022,-9.8496,12.164,-5.2102,-6.1977
0.74537,-5.963,-16.475,2.553,4.4924,-8.4287,-5.6287,-1.8696,-9.8143,12.014,-5.2542,-6.3288
1.2433,-6.2909,-16.861,2.5188,5.0832,-8.4091,-4.6162,-1.8658,-9.7292,11.869,-5.2809,-6.5032
1.5733,-6.8316,-17.155,2.693,5.5972,-8.4385,-3.8349,-1.8521,-9.6509,11.682,-5.3384,-6.7557
1.6977,-7.467,-17.369,3.0267,5.9695,-8.5259,-3.4647,-1.879,-9.6206,11.437,-5.4412,-7.0801
1.6514,-7.9975,-17.506,3.3882,6.1689,-8.6092,-3.4383,-1.9679,-9.6557,11.148,-5.5711,-7.4343
1.5502,-8.1966,-17.56,3.5913,6.2154,-8.597,-3.51,-2.1078,-9.7535,10.844,-5.6965,-7.7616
1.552,-7.8989,-17.525,3.467,6.1753,-8.4148,-3.424,-2.2599,-9.8962,10.552,-5.7931,-8.0134
1.7835,-7.0699,-17.395,2.9402,6.1311,-8.0308,-3.0752,-2.3666,-10.051,10.288,-5.8545,-8.1643
2.2771,-5.8196,-17.164,2.0604,6.1405,-7.4513,-2.5446,-2.3692,-10.171,10.061,-5.8884,-8.2155
2.9581,-4.3705,-16.832,0.98519,6.2155,-6.7127,-2.0161,-2.2294,-10.204,9.8758,-5.9061,-8.1884
3.6726,-3.0135,-16.406,-0.058079,6.3223,-5.8954,-1.6738,-1.9506,-10.11,9.7318,-5.9147,-8.1146
4.2327,-2.0618,-15.903,-0.8109,6.4013,-5.1401,-1.6384,-1.5847,-9.8914,9.6207,-5.9142,-8.0265
4.4688,-1.7794,-15.345,-1.0492,6.3899,-4.6217,-1.9283,-1.2153,-9.592,9.5242,-5.8988,-7.9483
4.278,-2.2811,-14.748,-0.66328,6.2427,-4.4649,-2.4381,-0.92788,-9.285,9.4203,-5.8613,-7.8904
3.6635,-3.4622,-14.125,0.29213,5.9491,-4.6669,-2.9564,-0.78163,-9.0441,9.2846,-5.7985,-7.8473
2.7557,-5.0037,-13.485,1.5859,5.5437,-5.0928,-3.2244,-0.79499,-8.9186,9.102,-5.7169,-7.8012
1.8084,-6.4464,-12.842,2.8398,5.1055,-5.5353,-3.0234,-0.94479,-8.9219,8.8689,-5.6351,-7.7338
1.1345,-7.3298,-12.219,3.637,4.734,-5.7939,-2.2614,-1.1757,-9.0322,8.5883,-5.5799,-7.6403
0.97139,-7.3668,-11.643,3.6986,4.5112,-5.7426,-1.0223,-1.4149,-9.2032,8.2642,-5.5788,-7.536
1.3613,-6.5438,-11.14,3.0039,4.4592,-5.3619,0.44483,-1.5894,-9.3774,7.9006,-5.6456,-7.4511
2.1457,-5.094,-10.718,1.7737,4.537,-4.7312,1.801,-1.645,-9.5011,7.5056,-5.7712,-7.4168
3.0611,-3.4049,-10.366,0.36354,4.6683,-4.0013,2.7296,-1.5653,-9.5403,7.0917,-5.9269,-7.4527
3.8321,-1.9212,-10.057,-0.84438,4.7674,-3.3597,3.0427,-1.3814,-9.4919,6.6692,-6.0794,-7.5611
4.223,-1.0383,-9.7633,-1.5272,4.7571,-2.9787,2.7449,-1.1626,-9.3861,6.2398,-6.2086,-7.7304
4.0903,-0.98645,-9.4701,-1.4998,4.5918,-2.952,2.0397,-0.98846,-9.2717,5.7981,-6.3165,-7.9406
3.4484,-1.751,-9.1767,-0.77913,4.2845,-3.2592,1.2739,-0.91907,-9.1921,5.3405,-6.4202,-8.1672
2.4937,-3.0745,-8.893,0.40366,3.916,-3.7768,0.81572,-0.97771,-9.166,4.8733,-6.5355,-8.3855
1.5495,-4.5431,-8.6323,1.6712,3.611,-4.3222,0.90685,-1.1522,-9.1842,4.4098,-6.664,-8.5767
0.94688,-5.7267,-8.4056,2.6294,3.4878,-4.7146,1.5627,-1.4118,-9.2246,3.9597,-6.7961,-8.7379
0.8922,-6.3198,-8.2171,3.0041,3.6021,-4.8378,2.565,-1.7298,-9.2756,3.5169,-6.9251,-8.8876
1.3768,-6.2298,-8.0595,2.7296,3.9074,-4.6733,3.5382,-2.0974,-9.3514,3.0557,-7.0626,-9.0636
2.1778,-5.5728,-7.9117,1.9581,4.2666,-4.2864,4.0815,-2.523,-9.4828,2.5427,-7.2394,-9.3079
2.9779,-4.5915,-7.7419,0.97474,4.5244,-3.7855,3.9205,-3.0142,-9.7,1.9603,-7.4889,-9.6447
3.5433,-3.5511,-7.5139,0.051716,4.5925,-3.2789,3.0192,-3.5528,-9.9995,1.3262,-7.8206,-10.061
3.8249,-2.6473,-7.1983,-0.6685,4.4851,-2.8394,1.5912,-4.0767,-10.327,0.69763,-8.2032,-10.501
3.9231,-1.9507,-6.7833,-1.1935,4.289,-2.4833,0.01298,-4.4854,-10.588,0.15213,-8.5706,-10.88
3.9989,-1.4183,-6.2804,-1.6239,4.1083,-2.1766,-1.3043,-4.6755,-10.676,-0.24376,-8.8481,-11.118
4.1945,-0.95524,-5.7179,-2.0772,4.0203,-1.8731,-2.0242,-4.5878,-10.523,-0.46131,-8.9836,-11.168
4.5816,-0.47602,-5.1262,-2.6282,4.0535,-1.5501,-1.9594,-4.2323,-10.118,-0.51827,-8.9673,-11.036
5.1355,0.058486,-4.5226,-3.2777,4.1753,-1.2098,-1.1122,-3.6947,-9.5157,-0.46853,-8.8312,-10.771
5.7347,0.63017,-3.9057,-3.9466,4.3004,-0.86014,0.33325,-3.0956,-8.8129,-0.38133,-8.6324,-10.444
6.1954,1.1832,-3.2584,-4.5034,4.3167,-0.49685,2.0829,-2.5469,-8.1087,-0.31513,-8.4284,-10.123
6.3539,1.682,-2.5523,-4.8398,4.13,-0.091029,3.8421,-2.1178,-7.4697,-0.29756,-8.2513,-9.8416
6.1768,2.1861,-1.7513,-4.9692,3.7102,0.42358,5.3986,-1.8167,-6.9062,-0.31514,-8.0912,-9.5895
5.796,2.8785,-0.81386,-5.0612,3.1075,1.1531,6.6358,-1.5932,-6.374,-0.32133,-7.9064,-9.3185
5.4408,4.0116,0.30323,-5.367,2.4239,2.2336,7.4936,-1.3589,-5.799,-0.26108,-7.6445,-8.9714
5.3222,5.8225,1.6364,-6.1067,1.7631,3.8205,7.9367,-1.0247,-5.1135,-0.098736,-7.27,-8.509
5.5556,8.4743,3.1952,-7.4012,1.1921,6.0671,7.9668,-0.53556,-4.2807,0.16801,-6.7794,-7.9322
6.1515,12.025,4.9419,-9.2809,0.73311,9.0295,7.6642,0.11471,-3.299,0.51533,-6.196,-7.2775
7.0537,16.372,6.7985,-11.721,0.37516,12.504,7.2071,0.89393,-2.1886,0.91343,-5.5539,-6.5901
8.1942,21.16,8.6689,-14.646,0.08563,16.057,6.8355,1.7545,-0.9824,1.3446,-4.8813,-5.9147
9.5284,25.839,10.455,-17.867,-0.17399,19.32,6.7743,2.6524,0.29922,1.8096,-4.1911,-5.2785
11.022,30.004,12.078,-21.067,-0.42834,22.205,7.1594,3.5563,1.6417,2.3257,-3.4768,-4.685
12.63,33.648,13.494,-24.001,-0.67264,24.88,7.9999,4.4456,3.0381,2.919,-2.7167,-4.1125
14.344,37.071,14.709,-26.717,-0.85971,27.641,9.1859,5.3033,4.479,3.6151,-1.8838,-3.5215
16.274,40.659,15.761,-29.515,-0.90674,30.728,10.536,6.1062,5.9415,4.4277,-0.95482,-2.8675
18.638,44.725,16.672,-32.738,-0.71882,34.135,11.856,6.8209,7.3856,5.351,0.086479,-2.1134
21.645,49.37,17.422,-36.583,-0.22032,37.531,12.989,7.4073,8.7612,6.3591,1.2518,-1.236
25.387,54.405,17.993,-41.006,0.61968,40.447,13.832,7.8257,10.026,7.4163,2.5507,-0.22476
29.801,59.377,18.393,-45.754,1.7802,42.568,14.338,8.0621,11.166,8.4964,3.9936,0.92369
34.705,63.791,18.63,-50.483,3.2055,43.846,14.525,8.1379,12.211,9.6044,5.5972,2.2165
39.863,67.362,18.694,-54.919,4.8396,44.461,14.477,8.1038,13.237,10.79,7.3901,3.6751
45.029,70.118,18.598,-58.942,6.6598,44.76,14.333,8.0231,14.339,12.135,9.4101,5.3385
49.992,72.386,18.391,-62.604,8.69,45.178,14.228,7.9472,15.597,13.725,11.689,7.2535
54.631,74.733,18.133,-66.116,10.974,46.15,14.211,7.8927,17.029,15.595,14.222,9.4547
58.992,77.81,17.863,-69.761,13.514,47.953,14.19,7.8304,18.577,17.697,16.958,11.945
63.268,82.091,17.581,-73.771,16.228,50.544,13.949,7.696,20.105,19.895,19.779,14.69
67.663,87.685,17.241,-78.287,18.999,53.614,13.215,7.4178,21.441,21.998,22.553,17.624
72.307,94.325,16.778,-83.347,21.752,56.849,11.741,6.9453,22.426,23.82,25.153,20.678
77.224,101.49,16.166,-88.839,24.465,60.034,9.3713,6.2628,22.96,25.228,27.489,23.786
82.287,108.54,15.437,-94.476,27.13,62.967,6.0829,5.3829,23.023,26.173,29.519,26.871
87.221,114.87,14.633,-99.864,29.727,65.417,2.0081,4.3312,22.679,26.692,31.246,29.848
91.699,119.96,13.765,-104.59,32.199,67.186,-2.5747,3.1359,22.033,26.883,32.709,32.625
95.465,123.49,12.837,-108.31,34.463,68.151,-7.3004,1.8239,21.201,26.868,33.958,35.121
98.371,125.24,11.872,-110.77,36.428,68.232,-11.817,0.41845,20.281,26.744,35.024,37.281
100.38,125.23,10.893,-111.87,38.026,67.401,-15.877,-1.0633,19.322,26.548,35.89,39.069
101.55,123.67,9.8896,-111.67,39.241,65.733,-19.367,-2.6078,18.325,26.243,36.478,40.469
101.99,120.95,8.8125,-110.5,40.097,63.407,-22.304,-4.1968,17.253,25.74,36.68,41.479
101.71,117.42,7.6061,-108.89,40.626,60.626,-24.801,-5.7979,16.06,24.946,36.403,42.124
100.52,113.36,6.2493,-106.96,40.834,57.543,-26.996,-7.3549,14.714,23.807,35.604,42.445
98.321,109.06,4.7794,-104.28,40.709,54.236,-28.937,-8.8129,13.215,22.324,34.307,42.461
95.304,104.59,3.2838,-100.61,40.261,50.787,-30.527,-10.135,11.579,20.539,32.577,42.147
91.742,99.719,1.8627,-96.076,39.507,47.375,-31.589,-11.325,9.8264,18.497,30.493,41.431
87.731,94.13,0.58639,-90.936,38.426,44.155,-31.982,-12.442,7.9677,16.221,28.122,40.216
83.212,87.727,-0.51963,-85.409,36.972,41.113,-31.668,-13.583,6.0096,13.714,25.514,38.413
78.112,80.736,-1.4602,-79.636,35.13,38.131,-30.716,-14.857,3.9666,10.998,22.713,35.981
72.443,73.565,-2.2566,-73.686,32.958,35.094,-29.286,-16.337,1.8683,8.1469,19.771,32.955
66.317,66.478,-2.9451,-67.542,30.573,31.922,-27.618,-18.018,-0.24492,5.2823,16.772,29.449
59.917,59.459,-3.5757,-61.136,28.116,28.516,-25.97,-19.807,-2.3349,2.528,13.806,25.624
53.449,52.382,-4.1966,-54.444,25.692,24.723,-24.542,-21.56,-4.3779,-0.04296,10.945,21.639
47.072,45.193,-4.8288,-47.55,23.315,20.399,-23.413,-23.136,-6.3672,-2.4201,8.2253,17.638
40.83,37.926,-5.4486,-40.597,20.909,15.609,-22.517,-24.44,-8.3078,-4.6349,5.6483,13.734
34.675,30.642,-5.9934,-33.765,18.38,10.82,-21.682,-25.433,-10.208,-6.7353,3.1987,10.007
28.569,23.463,-6.3955,-27.24,15.715,6.7111,-20.726,-26.129,-12.074,-8.7728,0.85743,6.5002
22.625,16.737,-6.622,-21.164,13.039,3.6983,-19.547,-26.592,-13.916,-10.798,-1.3913,3.2351
17.182,11.02,-6.6903,-15.662,10.559,1.7676,-18.17,-26.923,-15.746,-12.859,-3.5564,0.23566
12.621,6.6893,-6.649,-10.962,8.435,0.66165,-16.703,-27.235,-17.574,-14.998,-5.64,-2.4612
9.0588,3.6507,-6.5458,-7.264,6.6953,0.04867,-15.271,-27.614,-19.392,-17.245,-7.6399,-4.8208
6.3098,1.4899,-6.4039,-4.4793,5.2659,-0.3873,-13.942,-28.083,-21.162,-19.61,-9.5499,-6.8323
4.0658,-0.26328,-6.2183,-2.2716,4.0357,-0.87206,-12.697,-28.603,-22.822,-22.07,-11.356,-8.5212
2.0684,-1.9486,-5.968,-0.30929,2.9071,-1.4999,-11.453,-29.09,-24.307,-24.571,-13.037,-9.9256
0.18414,-3.6891,-5.6342,1.5746,1.822,-2.2426,-10.133,-29.462,-25.575,-27.036,-14.572,-11.086
-1.5944,-5.4051,-5.2146,3.3673,0.76919,-2.9903,-8.7267,-29.676,-26.622,-29.405,-15.961,-12.043
-3.1899,-6.8932,-4.7253,4.9376,-0.22721,-3.6033,-7.3374,-29.75,-27.485,-31.651,-17.229,-12.836
-4.5,-7.9291,-4.1942,6.124,-1.1295,-3.9617,-6.1575,-29.74,-28.232,-33.784,-18.416,-13.501
-5.4555,-8.364,-3.6534,6.818,-1.9088,-4.0033,-5.3392,-29.704,-28.938,-35.831,-19.557,-14.061
-6.0639,-8.1927,-3.1336,7.0231,-2.5618,-3.7449,-4.8643,-29.67,-29.666,-37.809,-20.663,-14.527
-6.423,-7.5687,-2.6585,6.8677,-3.1173,-3.2805,-4.544,-29.631,-30.459,-39.713,-21.735,-14.914
-6.6981,-6.7625,-2.2402,6.5683,-3.6312,-2.7594,-4.1198,-29.561,-31.335,-41.522,-22.779,-15.246
-7.068,-6.0812,-1.8779,6.3627,-4.1656,-2.3497,-3.3734,-29.449,-32.283,-43.205,-23.808,-15.562
-7.664,-5.7785,-1.5626,6.4428,-4.7631,-2.1908,-2.2202,-29.309,-33.268,-44.731,-24.825,-15.899
-8.5302,-5.992,-1.2859,6.9101,-5.4275,-2.3437,-0.73988,-29.187,-34.234,-46.08,-25.806,-16.284
-9.623,-6.7299,-1.0454,7.7673,-6.1226,-2.7826,0.85859,-29.154,-35.124,-47.252,-26.704,-16.726
-10.85,-7.9037,-0.84321,8.9413,-6.795,-3.4341,2.276,-29.292,-35.908,-48.271,-27.48,-17.226
-12.124,-9.374,-0.68004,10.321,-7.409,-4.218,3.1553,-29.671,-36.599,-49.186,-28.131,-17.782
-13.393,-10.985,-0.55169,11.789,-7.9677,-5.064,3.1661,-30.32,-37.246,-50.062,-28.703,-18.394
-14.648,-12.586,-0.45209,13.248,-8.507,-5.919,2.1419,-31.221,-37.912,-50.96,-29.277,-19.073
-15.896,-14.053,-0.37812,14.618,-9.0717,-6.7497,0.17142,-32.304,-38.656,-51.923,-29.943,-19.838
-17.133,-15.292,-0.33128,15.831,-9.6937,-7.5365,-2.4121,-33.481,-39.514,-52.962,-30.768,-20.708
-18.332,-16.247,-0.3148,16.826,-10.381,-8.2695,-5.1231,-34.678,-40.499,-54.045,-31.763,-21.689
-19.43,-16.903,-0.32969,17.547,-11.112,-8.948,-7.4651,-35.866,-41.607,-55.102,-32.872,-22.755
-20.348,-17.274,-0.37335,17.959,-11.836,-9.5739,-9.0895,-37.074,-42.819,-56.041,-33.978,-23.841
-21.023,-17.391,-0.44186,18.078,-12.482,-10.14,-9.9209,-38.36,-44.108,-56.773,-34.951,-24.863
-21.464,-17.331,-0.53511,18.002,-12.982,-10.65,-10.196,-39.757,-45.434,-57.244,-35.704,-25.756
-21.774,-17.284,-0.66323,17.921,-13.306,-11.156,-10.344,-41.204,-46.73,-57.462,-36.251,-26.533
-22.124,-17.532,-0.85222,18.064,-13.468,-11.795,-10.698,-42.487,-47.884,-57.524,-36.726,-27.302
-22.675,-18.345,-1.1459,18.612,-13.517,-12.756,-11.192,-43.223,-48.709,-57.612,-37.383,-28.259
-23.519,-19.907,-1.6048,19.642,-13.508,-14.209,-11.362,-42.846,-48.924,-57.953,-38.51,-29.623
-24.642,-22.308,-2.3004,21.116,-13.482,-16.192,-10.708,-40.598,-48.126,-58.698,-40.28,-31.548
-25.93,-25.541,-3.2907,22.911,-13.456,-18.481,-9.161,-35.82,-45.78,-59.787,-42.58,-34.086
-27.202,-29.307,-4.5452,24.836,-13.429,-20.62,-7.9333,-31.227,-41.496,-60.849,-44.995,-37.007
-28.268,-32.696,-5.8906,26.628,-13.389,-22.196,-11.631,-47.338,-37.965,-61.166,-46.961,-39.247
-28.981,-34.704,-7.1171,27.944,-13.322,-23.066,-25.838,-70.889,-56.041,-59.449,-47.948,-40.02
-29.268,-35.318,-8.1258,28.53,-13.189,-23.457,-36.111,-75.585,-79.102,-52.864,-47.511,-39.541
-29.118,-35.394,-8.9566,28.416,-12.89,-24.022,-38.44,-75.277,-80.18,-43.682,-44.219,-38.506
-28.528,-36.195,-9.7418,27.919,-12.247,-25.452,-35.364,-68.562,-77.134,-44.631,-42.224,-40.461
-27.446,-40.137,-10.633,27.84,-11.048,-28.416,-25.789,-52.751,-68.773,-49.018,-48.808,-47.992
-25.996,-53.313,-11.749,32.216,-9.2011,-35.829,-8.5105,-25.412,-52.554,-58.971,-63.451,-61.747
-31.368,-75.109,-13.156,54.418,-6.7812,-51.124,16.827,14.958,-26.055,-73.222,-85.39,-81.361
-51.367,-92.828,-14.863,72.696,-6.1555,-63.901,49.672,67.22,13.151,-86.726,-110.12,-103.12
-62.552,-106.06,-16.783,85.503,-9.0716,-71.077,85.302,128.77,66.798,-90.394,-127.69,-120.79
-70.337,-111,-18.679,92.236,-12.109,-71.695,116.87,193.57,134.87,-71.895,-126.86,-126.73
-71.588,-105.15,-20.179,89.704,-14.879,-64.855,140.19,251.44,218.9,-16.94,-98.638,-114.25
-63.6,-87.992,-20.968,76.499,-15.878,-51.551,153.9,297.98,315,86.757,-30.732,-79.372
-44.562,-60.21,-21.105,52.459,-13.211,-33.751,157.57,326.97,418.13,256.93,88.562,-18.308
-13.376,-22.919,-21.164,17.829,-4.6899,-13.193,151.72,333.46,534.46,500.5,267.61,72.352
31.049,23.296,-21.934,-27.612,12.321,9.3931,136.37,319.01,667.84,826.23,509.3,193.83
90.06,78.779,-23.77,-84.678,41.607,34.416,109.34,284.91,821.21,1235.9,811.64,345.42
164.06,144.42,-26.111,-154.08,84.958,63.107,66.464,231.35,995.84,1720.9,1163.6,523.52
251.02,220.84,-28.064,-235.54,134.01,96.899,3.2895,157.43,1187.6,2258.8,1543.2,720.41
347.98,307.48,-29.806,-327.26,186.49,136.14,-83.04,59.726,1384.6,2810.7,1918.4,923.91
450.09,401.46,-34.591,-425.32,241.58,179.38,-193.09,-67.496,1567,3323.4,2249.4,1117.9
550.64,496.62,-47.106,-523.35,296.09,223.89,-325.22,-228.75,1707.9,3736.5,2495.3,1283.7
641.41,583.86,-55.576,-612.79,345.04,265.21,-475.54,-424.17,1776,3992,2621.3,1403.1
713.18,653.08,-57.68,-684.03,382.87,298.08,-636.34,-650.5,1740.2,4044,2605.7,1461.3
757.19,695.88,-56.491,-728.21,405.02,319.05,-797.5,-901.76,1575,3865.9,2444.6,1450.7
767.66,707.97,-51.488,-739.88,408.82,327.12,-949.33,-1168.1,1266.2,3456.3,2153.5,1372.7
744.41,690.81,-42.724,-719.53,394.1,323.16,-1083.6,-1435.9,817.5,2841.9,1764.2,1238.4
693.71,651.8,-30.923,-674.28,363.34,310.65,-1195.5,-1689.7,255.61,2076.8,1319.6,1066.8
626.27,601.75,-14.396,-615.34,321.16,295.06,-1283.4,-1913.1,-368.94,1237,865.3,879.77
553.67,551.04,6.0197,-553.71,273.53,280.87,-1347.8,-2090.3,-987.66,409.57,442.27,697.21
485.09,506.37,26.724,-497.15,227.07,269.22,-1388.9,-2207.6,-1526.9,-321.15,81.682,533.48
425.85,468.55,43.323,-448.78,187.8,257.68,-1405.9,-2254.7,-1925,-888.59,-197.68,396.02
377.43,432.77,51.46,-407.11,159.68,241.97,-1397.1,-2227.2,-2147.5,-1257.4,-390.16,285.93
337.33,392.14,48.207,-367.5,143.75,218.54,-1361.7,-2131.6,-2196.1,-1430.1,-502.63,199.62
300.99,341.95,33.53,-325.31,135.2,186.26,-1301.5,-1987.4,-2105,-1443.5,-551.82,130.95
264.36,281.49,10.785,-277.7,127.09,146.03,-1221.8,-1820.7,-1926.7,-1353.7,-559.27,73.567
224.56,214.24,-14.192,-224.3,117.28,100.91,-1129.9,-1649.1,-1714.5,-1217.5,-545.19,22.886
181.14,146.85,-35.456,-168.33,104.49,56.9,-1032.4,-1482,-1507.7,-1077.7,-523.86,-22.799
136.57,86.698,-49.178,-114.98,87.717,19.833,-933.4,-1323.8,-1324.3,-956.78,-501.9,-62.6
94.352,38.754,-54.15,-68.513,67.768,-7.0867,-833.75,-1172.9,-1163.9,-858.64,-479.18,-93.87
58.145,6.8206,-50.954,-32.878,47.796,-22.241,-732.49,-1024.3,-1018,-775.74,-451.41,-112.28
32.387,-7.7624,-40.964,-12.187,31.024,-25.967,-629.13,-874.26,-882.59,-696.8,-413.96,-115.81
17.37,-9.46,-26.719,-4.2101,18.274,-21.239,-525.33,-724.71,-756.7,-612.19,-366.15,-108.88
10.451,-3.7599,-13.204,-4.1813,9.3433,-12.302,-425.41,-582.77,-631.96,-519.64,-311.53,-95.124
8.993,5.7825,-3.1336,-8.6313,3.6311,-1.5795,-336.28,-456.7,-511.78,-430.28,-256.54,-76.827
10.931,17.035,4.1348,-15.324,0.54482,9.7197,-264.08,-352,-405.17,-350.37,-204.84,-55.499
14.836,27.626,10.549,-22.348,-0.45033,18.628,-208.46,-269.7,-317.35,-277.27,-162.73,-35.77
15.271,23.693,15.057,-20.732,0.034043,12.606,-165.65,-207.09,-249.06,-219.39,-127.01,-21.56
6.6685,10.56,14.877,-8.4998,-0.0067952,9.1702,-132.93,-159.38,-197.93,-177.08,-98.669,-12.305
0.50608,6.3234,10.852,-3.0317,-2.0832,7.7696,-107.24,-121.66,-159.79,-146.54,-78.664,-8.2174
-3.1567,3.2594,6.283,0.15183,-4.4195,5.6259,-85.709,-90.272,-130.16,-124.43,-65.624,-7.8396
-6.0563,0.013427,4.7851,2.99,-6.4172,2.7025,-66.806,-63.484,-105.89,-108.32,-57.385,-9.2625
-8.5439,-3.2677,5.2524,5.6397,-8.0988,-0.00958,-50.178,-41.102,-85.277,-96.022,-52.048,-11.088
-10.637,-6.1852,6.1073,7.9688,-9.469,-1.8718,-36.541,-23.385,-67.424,-85.574,-47.993,-10.664
-12.375,-8.4916,6.8505,9.8947,-10.56,-2.9679,-26.938,-10.123,-51.952,-75.557,-43.753,-8.5301
-13.848,-10.232,7.3191,11.44,-11.456,-3.6901,-21.417,-0.42634,-39.101,-65.866,-38.409,-6.5168
-15.135,-11.509,7.4725,12.656,-12.236,-4.2093,-18.783,6.2049,-29.903,-58.478,-31.805,-4.9649
-16.245,-12.23,7.3471,13.54,-12.937,-4.3782,-18.085,9.1168,-24.164,-52.708,-25.298,-3.7831
-17.117,-12.35,7.0584,14.051,-13.554,-4.2143,-14.146,11.379,-17.02,-45.598,-20.123,-2.8656
-17.673,-12.022,6.7806,14.161,-14.08,-3.9669,-8.1542,14.447,-9.7618,-38.118,-16.376,-2.1293
-17.859,-11.356,6.6677,13.853,-14.529,-3.7252,-2.9033,18.055,-3.9775,-31.567,-13.637,-1.5098
-17.686,-10.385,6.8012,13.155,-14.945,-3.4095,1.1303,22.168,0.69287,-26.193,-11.491,-0.96029
-17.245,-9.1783,7.198,12.175,-15.385,-2.9431,4.0705,26.809,4.7479,-21.749,-9.6572,-0.45016
-16.686,-7.8693,7.8346,11.084,-15.889,-2.3273,6.0039,31.914,8.4751,-17.999,-7.9798,0.040853
-16.17,-6.6198,8.6605,10.068,-16.464,-1.6279,6.9706,37.304,11.996,-14.83,-6.3931,0.52946
-15.816,-5.5748,9.6077,9.2696,-17.081,-0.93322,7.0624,42.772,15.333,-12.188,-4.8827,1.0309
-15.679,-4.8393,10.606,8.7736,-17.692,-0.32609,6.4884,48.18,18.46,-10.019,-3.4612,1.5544
-15.767,-4.4773,11.598,8.6125,-18.255,0.1268,5.573,53.481,21.34,-8.2724,-2.1585,2.094
-16.07,-4.5162,12.551,8.7891,-18.764,0.38177,4.6879,58.648,23.956,-6.9074,-1.0136,2.6218
-16.586,-4.9434,13.454,9.2878,-19.264,0.42627,4.1512,63.588,26.311,-5.8812,-0.061056,3.0883
-17.329,-5.6987,14.32,10.071,-19.851,0.28302,4.1397,68.114,28.42,-5.1365,0.68669,3.4347
-18.323,-6.6746,15.172,11.077,-20.636,0.0053901,4.6508,72.001,30.294,-4.6001,1.2501,3.6158
-19.567,-7.7303,16.033,12.214,-21.698,-0.33436,5.5325,75.096,31.932,-4.1939,1.6813,3.6278
-21.011,-8.717,16.904,13.372,-23.034,-0.66059,6.5765,77.38,33.327,-3.8505,2.0503,3.524
-22.532,-9.5062,17.765,14.424,-24.535,-0.91051,7.6204,78.971,34.476,-3.5248,2.4247,3.4021
-23.947,-10.012,18.565,15.244,-26.005,-1.0476,8.5891,80.082,35.388,-3.1987,2.8523,3.3697
-25.053,-10.205,19.241,15.731,-27.225,-1.0696,9.4659,80.967,36.093,-2.8776,3.3527,3.5056
-25.712,-10.123,19.735,15.852,-28.037,-1.0124,10.237,81.855,36.642,-2.5785,3.9201,3.8358
-25.913,-9.8832,20.003,15.691,-28.39,-0.94481,10.861,82.886,37.103,-2.3134,4.5341,4.33
-25.777,-9.6662,20.028,15.436,-28.322,-0.9518,11.282,84.079,37.556,-2.0751,5.1724,4.9168
-25.491,-9.6592,19.814,15.301,-27.929,-1.1024,11.462,85.346,38.073,-1.8298,5.8222,5.5101
-25.206,-9.9706,19.383,15.415,-27.311,-1.4169,11.426,86.555,38.715,-1.5231,6.4896,6.0432
-24.964,-10.561,18.762,15.764,-26.538,-1.8499,11.252,87.6,39.522,-1.0968,7.2029,6.5014
-24.674,-11.228,17.979,16.174,-25.627,-2.2998,11.037,88.442,40.512,-0.51021,8.0035,6.9367
-24.149,-11.669,17.05,16.362,-24.533,-2.6416,10.833,89.113,41.677,0.24355,8.9267,7.4469
-23.185,-11.602,15.984,16.047,-23.19,-2.7747,10.616,89.69,42.975,1.1299,9.9766,8.127
-21.685,-10.893,14.783,15.082,-21.572,-2.6658,10.302,90.257,44.325,2.0777,11.113,9.0191
-19.709,-9.609,13.462,13.529,-19.73,-2.3643,9.7866,90.881,45.633,3.0004,12.257,10.09
-17.454,-7.9914,12.047,11.618,-17.775,-1.9847,8.9905,91.616,46.836,3.8314,13.328,11.248
-15.169,-6.366,10.584,9.66,-15.836,-1.6685,7.8977,92.509,47.954,4.5602,14.279,12.388
-13.076,-5.0411,9.1296,7.9519,-14.006,-1.5412,6.5812,93.604,49.113,5.2501,15.129,13.451
-11.317,-4.2292,7.7422,6.6969,-12.323,-1.6717,5.2019,94.933,50.52,6.0255,15.964,14.445
-9.9351,-4.0141,6.4679,5.9714,-10.782,-2.0527,3.9729,96.504,52.394,7.0312,16.903,15.446
-8.9034,-4.356,5.329,5.7329,-9.3687,-2.6177,3.1043,98.289,54.894,8.3824,18.045,16.553
-8.1608,-5.1085,4.322,5.8513,-8.0793,-3.2728,2.7541,100.23,58.058,10.123,19.424,17.836
-7.6184,-6.0465,3.4273,6.143,-6.923,-3.919,2.995,102.27,61.768,12.209,20.99,19.304
-7.1422,-6.9097,2.6217,6.3993,-5.8959,-4.4622,3.8022,104.33,65.787,14.52,22.634,20.895
-6.5637,-7.4532,1.8907,6.4168,-4.9656,-4.8198,5.068,106.4,69.852,16.905,24.237,22.512
-5.7319,-7.4869,1.2325,6.0333,-4.0836,-4.9253,6.6509,108.53,73.79,19.236,25.722,24.08
-4.5643,-6.9027,0.65538,5.1603,-3.2106,-4.7408,8.4312,110.8,77.581,21.462,27.074,25.575
-3.0585,-5.6925,0.16972,3.7927,-2.3307,-4.2733,10.326,113.31,81.319,23.613,28.338,27.018
-1.2721,-3.9546,-0.21917,1.9993,-1.4458,-3.5805,12.26,116.14,85.131,25.785,29.596,28.432
0.70292,-1.8755,-0.51625,-0.093088,-0.5623,-2.757,14.13,119.27,89.096,28.083,30.927,29.819
2.7532,0.31016,-0.73768,-2.3163,0.31383,-1.9078,15.792,122.62,93.199,30.581,32.38,31.162
4.7611,2.3756,-0.90627,-4.4904,1.1754,-1.1262,17.084,126.06,97.341,33.299,33.96,32.453
6.6364,4.1627,-1.0426,-6.4764,2.0139,-0.47879,17.894,129.48,101.4,36.206,35.635,33.701
8.3492,5.6235,-1.1573,-8.2249,2.8244,0.0033929,18.21,132.85,105.27,39.241,37.357,34.934
9.9398,6.8208,-1.25,-9.7902,3.6101,0.32974,18.144,136.23,108.94,42.343,39.096,36.183
11.5,7.8945,-1.3145,-11.303,4.3825,0.54478,17.9,139.72,112.49,45.463,40.846,37.471
13.133,9.0075,-1.3484,-12.911,5.1576,0.70948,17.694,143.45,116.03,48.586,42.628,38.808
14.902,10.279,-1.3579,-14.709,5.9464,0.87504,17.683,147.47,119.71,51.725,44.478,40.187
16.77,11.71,-1.358,-16.656,6.743,1.063,17.94,151.78,123.56,54.927,46.433,41.571
18.585,13.155,-1.3644,-18.549,7.5145,1.2646,18.476,156.28,127.59,58.265,48.522,42.901
20.133,14.393,-1.3858,-20.124,8.2078,1.4623,19.242,160.88,131.71,61.826,50.78,44.138
21.279,15.307,-1.4177,-21.236,8.7769,1.656,20.112,165.49,135.83,65.685,53.249,45.291
22.067,16.012,-1.4431,-21.985,9.2167,1.8729,20.907,170.1,139.9,69.861,55.974,46.432
22.701,16.8,-1.4374,-22.667,9.5707,2.1537,21.452,174.76,143.91,74.279,58.987,47.669
23.436,17.985,-1.3765,-23.617,9.9052,2.5279,21.634,179.57,147.91,78.779,62.287,49.12
24.447,19.766,-1.2466,-25.046,10.269,2.995,21.423,184.62,151.98,83.185,65.83,50.875
25.758,22.148,-1.0513,-26.96,10.668,3.5216,20.882,189.98,156.18,87.391,69.542,52.985
27.257,24.935,-0.80942,-29.169,11.07,4.0584,20.174,195.7,160.57,91.402,73.354,55.448
28.766,27.783,-0.54337,-31.375,11.424,4.5674,19.546,201.76,165.18,95.319,77.237,58.22
30.132,30.357,-0.26639,-33.316,11.697,5.0453,19.287,208.11,170.04,99.289,81.231,61.241
31.297,32.499,0.023098,-34.882,11.885,5.5345,19.649,214.68,175.16,103.44,85.423,64.475
32.31,34.297,0.33815,-36.147,12.016,6.1213,20.773,221.38,180.52,107.84,89.906,67.937
33.292,36.008,0.69429,-37.308,12.135,6.9204,22.612,228.15,186.07,112.49,94.728,71.708
34.367,37.899,1.0997,-38.579,12.282,8.0403,24.909,234.91,191.75,117.3,99.859,75.892
35.605,40.127,1.5487,-40.092,12.483,9.5411,27.261,241.62,197.52,122.18,105.2,80.529
37,42.692,2.0219,-41.864,12.74,11.406,29.304,248.25,203.33,127.03,110.61,85.522
38.504,45.471,2.4931,-43.826,13.037,13.552,30.907,254.76,209.17,131.79,115.96,90.679
40.082,48.292,2.9416,-45.875,13.356,15.867,32.256,261.12,215.07,136.52,121.23,95.832
41.734,50.996,3.3603,-47.923,13.687,18.26,33.751,267.34,221.05,141.36,126.47,100.91
43.509,53.484,3.7558,-49.93,14.047,20.668,35.771,273.46,227.12,146.48,131.83,105.95
45.477,55.731,4.1419,-51.911,14.492,23.04,38.469,279.56,233.26,152.03,137.47,111.04
47.697,57.778,4.5341,-53.922,15.099,25.309,41.678,285.75,239.35,158.03,143.54,116.29
50.202,59.711,4.9464,-56.032,15.94,27.39,44.876,292.09,245.28,164.41,150.08,121.83
53.011,61.645,5.3857,-58.326,17.065,29.207,47.372,298.57,250.91,170.95,157,127.77
56.156,63.732,5.8438,-60.914,18.515,30.732,48.744,305.12,256.16,177.41,164.09,134.18
59.679,66.169,6.2933,-63.946,20.327,32.027,49.102,311.68,261.04,183.65,171.12,140.98
63.629,69.167,6.6937,-67.569,22.512,33.272,48.996,318.2,265.58,189.64,177.99,147.89
68.038,72.871,7.0052,-71.859,25.023,34.705,49.144,324.64,269.83,195.46,184.71,154.65
72.906,77.311,7.2028,-76.768,27.756,36.517,50.112,330.89,273.8,201.25,191.46,161.13
78.171,82.449,7.2854,-82.164,30.593,38.776,52.043,336.82,277.48,207.12,198.42,167.45
83.714,88.252,7.2738,-87.923,33.446,41.444,54.599,342.28,280.83,213.08,205.72,173.85
89.402,94.693,7.1998,-93.984,36.277,44.434,57.121,347.15,283.8,219.05,213.33,180.46
95.158,101.69,7.0917,-100.33,39.08,47.642,58.947,351.43,286.4,224.86,221.07,187.35
100.97,109.03,6.9639,-106.94,41.874,50.947,59.715,355.21,288.64,230.29,228.66,194.45
106.88,116.42,6.8125,-113.73,44.688,54.204,59.505,358.61,290.58,235.21,235.88,201.62
112.92,123.49,6.6177,-120.56,47.561,57.252,58.784,361.74,292.3,239.62,242.66,208.69
119.09,129.92,6.3525,-127.25,50.523,59.926,58.186,364.67,293.85,243.58,249.05,215.51
125.36,135.44,5.9952,-133.61,53.581,62.077,58.188,367.37,295.27,247.22,255.18,222
131.59,139.92,5.5377,-139.44,56.699,63.628,58.829,369.75,296.57,250.55,261.14,228.12
137.62,143.37,4.9884,-144.57,59.806,64.612,59.69,371.68,297.69,253.54,266.94,233.9
143.33,145.92,4.366,-148.93,62.848,65.146,60.149,373.05,298.58,256.09,272.4,239.41
148.64,147.77,3.6913,-152.53,65.815,65.369,59.68,373.78,299.19,258.1,277.29,244.64
153.56,149.13,2.981,-155.45,68.747,65.4,58.045,373.82,299.5,259.57,281.36,249.46
158.02,150.16,2.2453,-157.78,71.686,65.335,55.386,373.18,299.5,260.56,284.56,253.63
161.92,150.98,1.4915,-159.65,74.629,65.248,52.193,371.92,299.2,261.14,286.98,256.99
165.14,151.67,0.72623,-161.13,77.502,65.187,49.124,370.11,298.6,261.4,288.76,259.52
167.68,152.27,-0.046765,-162.32,80.186,65.168,46.686,367.81,297.7,261.38,290.08,261.35
169.61,152.78,-0.83345,-163.26,82.575,65.178,44.91,365.11,296.51,261.12,291.05,262.65
171.05,153.2,-1.6534,-164.01,84.631,65.186,43.339,362.02,295.02,260.63,291.76,263.57
172.17,153.54,-2.5358,-164.62,86.396,65.158,41.316,358.49,293.26,259.91,292.27,264.26
173.09,153.8,-3.5092,-165.12,87.961,65.068,38.349,354.39,291.24,258.97,292.59,264.84
173.95,154.02,-4.5878,-165.6,89.415,64.9,34.338,349.55,288.93,257.8,292.75,265.41
174.83,154.24,-5.7609,-166.1,90.81,64.651,29.589,343.84,286.26,256.36,292.73,266.03
175.75,154.49,-6.9923,-166.66,92.15,64.318,24.675,337.26,283.12,254.53,292.53,266.71
176.7,154.76,-8.2355,-167.26,93.399,63.889,20.333,329.95,279.29,252.11,292.12,267.43
177.61,155.02,-9.4571,-167.88,94.505,63.343,17.324,322.17,274.55,248.87,291.44,268.09
178.43,155.18,-10.648,-168.43,95.427,62.659,16.082,314.1,268.74,244.61,290.4,268.59
179.09,155.16,-11.815,-168.82,96.151,61.831,16.363,305.77,261.82,239.29,288.89,268.77
179.53,154.9,-12.96,-168.96,96.687,60.877,17.323,297.05,254.02,233.08,286.78,268.47
179.72,154.37,-14.062,-168.82,97.05,59.835,17.969,287.77,245.67,226.37,283.95,267.51
179.63,153.59,-15.075,-168.36,97.238,58.749,17.593,277.78,237.1,219.5,280.38,265.69
179.23,152.58,-15.945,-167.59,97.221,57.652,15.911,267,228.43,212.68,276.14,262.86
178.47,151.35,-16.629,-166.49,96.954,56.556,12.946,255.5,219.64,205.89,271.35,259.1
177.32,149.9,-17.12,-165.06,96.397,55.447,8.9472,243.5,210.6,199.02,266.03,254.69
175.82,148.21,-17.449,-163.34,95.555,54.293,4.3956,231.27,201.18,191.86,260.14,250.01
174.05,146.29,-17.68,-161.42,94.482,53.07,-0.083319,218.99,191.33,184.25,253.51,245.28
172.09,144.17,-17.886,-159.38,93.267,51.772,-3.9382,206.69,181.07,176.11,246.02,240.46
170.02,141.81,-18.128,-157.25,91.989,50.406,-6.9533,194.19,170.55,167.47,237.68,235.26
167.78,139.12,-18.435,-154.97,90.683,48.987,-9.3624,181.24,159.9,158.52,228.6,229.31
165.23,135.92,-18.797,-152.35,89.332,47.518,-11.659,167.65,149.25,149.43,219.03,222.3
162.23,132.11,-19.178,-149.25,87.906,45.981,-14.233,153.45,138.6,140.37,209.28,214.18
158.71,127.74,-19.538,-145.62,86.41,44.351,-17.261,138.96,127.95,131.4,199.65,205.29
154.75,123.15,-19.859,-141.58,84.895,42.609,-20.794,124.71,117.2,122.53,190.36,196.15
150.55,118.71,-20.159,-137.29,83.433,40.736,-24.827,111.19,106.24,113.7,181.48,187.18
146.26,114.59,-20.483,-132.82,82.053,38.677,-29.376,98.662,94.918,104.79,172.89,178.5
141.88,110.65,-20.881,-128.17,80.701,36.33,-34.371,87.041,83.161,95.6,164.34,169.95
137.29,106.58,-21.383,-123.31,79.241,33.567,-39.501,75.992,71.278,85.977,155.54,161.25
132.31,102.09,-21.983,-118.25,77.515,30.311,-44.312,64.973,60.033,76.154,146.24,152.12
126.87,96.93,-22.642,-112.94,75.41,26.615,-48.405,53.379,50.095,66.844,136.4,142.39
121,90.983,-23.308,-107.3,72.923,22.656,-51.585,40.978,41.565,58.673,126.2,132.15
114.85,84.319,-23.938,-101.26,70.184,18.628,-53.883,28.724,34.173,51.733,116,121.83
108.7,77.279,-24.514,-94.967,67.378,14.652,-55.413,18.595,27.636,45.756,106.15,112.03
102.81,70.346,-25.043,-88.695,64.647,10.807,-56.228,11.536,21.794,40.428,96.793,103.22
97.313,63.847,-25.547,-82.676,62.041,7.1812,-56.356,6.7722,16.576,35.541,87.831,95.445
92.131,57.751,-26.035,-76.941,59.543,3.8987,-55.931,3.1598,11.935,31.009,79.013,88.341
87.032,51.739,-26.5,-71.317,57.076,1.0631,-55.215,-0.066671,7.8161,26.831,70.149,81.335
81.72,45.376,-26.912,-65.505,54.522,-1.3159,-54.48,-3.3511,4.1421,23.029,61.368,73.823
75.943,38.249,-27.23,-59.206,51.776,-3.3453,-53.888,-6.9782,0.81546,19.593,53.142,65.361
69.586,30.123,-27.421,-52.25,48.811,-5.2014,-53.479,-11.134,-2.2656,16.486,45.906,55.875
62.756,21.339,-27.475,-44.716,45.713,-7.0454,-53.229,-15.874,-5.1885,13.675,39.677,45.963
55.781,13.133,-27.412,-36.997,42.641,-8.9488,-53.098,-21.056,-8.0141,11.154,34.147,36.946
49.097,6.763,-27.265,-29.693,39.732,-10.876,-53.049,-26.348,-10.775,8.9362,29,29.832
43.019,2.4319,-27.066,-23.329,37.046,-12.727,-53.049,-31.362,-13.483,7.0172,24.082,24.356
37.592,-0.33927,-26.824,-18.078,34.564,-14.402,-53.061,-35.808,-16.134,5.3657,19.383,19.73
32.647,-2.0747,-26.526,-13.788,32.215,-15.838,-53.046,-39.561,-18.709,3.9317,14.985,15.448
27.992,-3.1698,-26.149,-10.239,29.909,-17.011,-52.971,-42.626,-21.166,2.6659,10.996,11.353
23.618,-3.9107,-25.676,-7.354,27.578,-17.919,-52.845,-45.075,-23.443,1.5293,7.5073,7.5558
19.749,-4.5142,-25.109,-5.1343,25.221,-18.568,-52.724,-47.009,-25.481,0.49221,4.5458,4.2873
16.592,-5.148,-24.47,-3.457,22.931,-18.99,-52.694,-48.542,-27.249,-0.46611,2.0672,1.6328
14.092,-5.9118,-23.787,-2.0854,20.835,-19.245,-52.825,-49.796,-28.762,-1.3581,-0.01472,-0.53598
12.021,-6.8051,-23.079,-0.83992,19,-19.392,-53.127,-50.885,-30.077,-2.1919,-1.7923,-2.3949
10.193,-7.724,-22.341,0.31943,17.403,-19.463,-53.513,-51.899,-31.274,-2.9799,-3.3446,-4.0541
8.5495,-8.5006,-21.552,1.3176,15.972,-19.454,-53.798,-52.88,-32.431,-3.7476,-4.7333,-5.5588
7.1374,-8.9696,-20.69,2.0407,14.639,-19.33,-53.749,-53.815,-33.597,-4.5323,-6.0055,-6.921
6.0136,-9.0353,-19.747,2.4206,13.352,-19.049,-53.18,-54.644,-34.777,-5.3747,-7.1959,-8.1423
5.1677,-8.7117,-18.732,2.4835,12.085,-18.598,-52.044,-55.294,-35.936,-6.3071,-8.3296,-9.2262
4.5115,-8.1266,-17.671,2.3482,10.831,-18.015,-50.487,-55.71,-37.017,-7.3449,-9.4247,-10.186
3.9141,-7.4929,-16.597,2.1933,9.5971,-17.399,-48.826,-55.869,-37.962,-8.4827,-10.492,-11.048
3.2401,-7.0497,-15.53,2.2091,8.3942,-16.87,-47.455,-55.784,-38.729,-9.6936,-11.531,-11.842
2.3816,-6.9867,-14.477,2.5427,7.2215,-16.524,-46.715,-55.494,-39.303,-10.936,-12.529,-12.588
1.2935,-7.3822,-13.414,3.2476,6.0723,-16.395,-46.775,-55.051,-39.702,-12.173,-13.465,-13.287
0.016641,-8.1791,-12.31,4.2655,4.9484,-16.443,-47.578,-54.52,-39.976,-13.398,-14.322,-13.922
-1.329,-9.2094,-11.144,5.4446,3.8726,-16.568,-48.833,-53.959,-40.198,-14.649,-15.095,-14.462
-2.5888,-10.255,-9.93,6.5924,2.8843,-16.66,-50.073,-53.41,-40.442,-15.998,-15.787,-14.883
-3.6342,-11.123,-8.7238,7.5425,2.0191,-16.636,-50.778,-52.886,-40.756,-17.537,-16.41,-15.185
-4.4125,-11.705,-7.6002,8.2089,1.2877,-16.485,-50.552,-52.365,-41.155,-19.349,-16.994,-15.403
-4.9673,-12.003,-6.6147,8.6091,0.664,-16.265,-49.266,-51.811,-41.618,-21.49,-17.586,-15.609
-5.4158,-12.105,-5.7779,8.8424,0.092996,-16.061,-47.092,-51.174,-42.096,-23.958,-18.233,-15.883
-5.8941,-12.125,-5.0574,9.0372,-0.48599,-15.923,-44.403,-50.389,-42.513,-26.662,-18.96,-16.272
-6.4982,-12.151,-4.3979,9.2942,-1.1158,-15.831,-41.619,-49.372,-42.778,-29.423,-19.748,-16.761
-7.2566,-12.221,-3.7441,9.6576,-1.8115,-15.704,-39.082,-48.023,-42.811,-32.023,-20.542,-17.281
-8.1427,-12.332,-3.0572,10.122,-2.5654,-15.449,-36.984,-46.243,-42.569,-34.308,-21.284,-17.747
-9.1057,-12.479,-2.3236,10.658,-3.3589,-15.022,-35.359,-43.966,-42.069,-36.252,-21.95,-18.097
-10.099,-12.661,-1.55,11.231,-4.1725,-14.445,-33.974,-41.197,-41.382,-37.965,-22.571,-18.319
-11.093,-12.882,-0.75097,11.811,-4.9964,-13.788,-32.229,-38.038,-40.615,-39.631,-23.223,-18.443
-12.076,-13.126,0.062955,12.369,-5.8354,-13.13,-29.527,-34.672,-39.869,-41.418,-23.993,-18.518
-13.048,-13.354,0.89153,12.88,-6.7067,-12.508,-25.742,-31.296,-39.203,-43.404,-24.937,-18.587
-14.004,-13.509,1.7472,13.318,-7.628,-11.899,-21.096,-28.044,-38.611,-45.551,-26.051,-18.662
-14.93,-13.537,2.6556,13.665,-8.6085,-11.234,-15.903,-24.953,-38.03,-47.722,-27.267,-18.721
-15.81,-13.417,3.6517,13.925,-9.6491,-10.446,-10.576,-22.004,-37.374,-49.758,-28.487,-18.724
-16.641,-13.189,4.7692,14.136,-10.746,-9.5228,-5.713,-19.174,-36.573,-51.541,-29.626,-18.633
-17.435,-12.936,6.0274,14.356,-11.889,-8.5187,-1.9736,-16.472,-35.599,-53.027,-30.635,-18.432
-18.209,-12.751,7.4208,14.633,-13.058,-7.5407,0.20408,-13.941,-34.472,-54.246,-31.51,-18.126
-18.974,-12.691,8.9171,14.984,-14.228,-6.6938,0.79258,-11.634,-33.247,-55.27,-32.284,-17.736
-19.714,-12.748,10.466,15.379,-15.369,-6.027,0.16901,-9.591,-31.992,-56.193,-33.006,-17.292
-20.386,-12.841,12.014,15.74,-16.457,-5.508,-1.0648,-7.8173,-30.769,-57.095,-33.718,-16.815
-20.915,-12.829,13.523,15.953,-17.465,-5.0412,-2.2883,-6.2753,-29.603,-58.02,-34.426,-16.311
-21.208,-12.553,14.974,15.894,-18.362,-4.5099,-2.9703,-4.9004,-28.475,-58.959,-35.095,-15.77
-21.196,-11.895,16.361,15.479,-19.121,-3.8225,-2.7564,-3.6303,-27.336,-59.862,-35.661,-15.183
-20.873,-10.831,17.687,14.708,-19.733,-2.9467,-1.591,-2.4322,-26.138,-60.666,-36.063,-14.552
-20.319,-9.4564,18.954,13.679,-20.227,-1.9213,0.22751,-1.3106,-24.858,-61.331,-36.264,-13.897
-19.681,-7.9653,20.16,12.564,-20.655,-0.84201,2.1753,-0.29248,-23.514,-61.849,-36.265,-13.241
-19.116,-6.5901,21.293,11.56,-21.066,0.16848,3.7762,0.59879,-22.15,-62.24,-36.087,-12.6
-18.727,-5.5348,22.332,10.815,-21.475,0.99447,4.8254,1.3649,-20.812,-62.525,-35.757,-11.97
-18.531,-4.9172,23.25,10.396,-21.855,1.5565,5.4213,2.0387,-19.535,-62.716,-35.292,-11.339
-18.471,-4.7405,24.026,10.27,-22.165,1.8349,5.8606,2.6733,-18.326,-62.804,-34.688,-10.692
-18.459,-4.902,24.653,10.334,-22.371,1.875,6.4898,3.322,-17.17,-62.77,-33.937,-10.022
-18.424,-5.2354,25.141,10.464,-22.475,1.7692,7.5264,4.0184,-16.039,-62.599,-33.032,-9.3348
-18.344,-5.5687,25.515,10.565,-22.507,1.6246,8.9286,4.767,-14.903,-62.278,-31.989,-8.6522
-18.242,-5.7765,25.8,10.589,-22.517,1.529,10.417,5.5451,-13.742,-61.801,-30.849,-8.0021
-18.16,-5.8089,26.016,10.543,-22.545,1.5283,11.594,6.3142,-12.549,-61.159,-29.662,-7.4063
-18.136,-5.6878,26.165,10.465,-22.607,1.6226,12.088,7.0379,-11.331,-60.336,-28.469,-6.8681
-18.184,-5.483,26.232,10.403,-22.688,1.7785,11.704,7.6949,-10.106,-59.312,-27.292,-6.3703
-18.292,-5.2807,26.195,10.399,-22.753,1.9467,10.498,8.2872,-8.8925,-58.054,-26.119,-5.8834
-18.426,-5.1563,26.04,10.468,-22.751,2.0775,8.7584,8.838,-7.6993,-56.528,-24.917,-5.3794
-18.532,-5.1557,25.761,10.6,-22.627,2.1327,6.9128,9.3807,-6.5234,-54.706,-23.652,-4.8451
-18.55,-5.2859,25.364,10.76,-22.327,2.0942,5.4012,9.9435,-5.3491,-52.576,-22.303,-4.2854
-18.419,-5.5159,24.85,10.899,-21.799,1.969,4.5508,10.539,-4.1531,-50.131,-20.872,-3.7161
-18.091,-5.7864,24.223,10.962,-21.01,1.7889,4.4884,11.157,-2.912,-47.358,-19.376,-3.1526
-17.553,-6.0282,23.488,10.907,-19.973,1.5989,5.1174,11.771,-1.611,-44.239,-17.843,-2.6039
-16.839,-6.1831,22.659,10.723,-18.758,1.4397,6.1655,12.339,-0.25791,-40.789,-16.307,-2.0716
-16.02,-6.2204,21.748,10.423,-17.48,1.3307,7.301,12.825,1.1156,-37.096,-14.812,-1.554
-15.173,-6.1366,20.764,10.035,-16.252,1.266,8.2645,13.209,2.46,-33.318,-13.402,-1.0505
-14.345,-5.9356,19.7,9.5736,-15.14,1.227,8.9445,13.497,3.7255,-29.636,-12.107,-0.56368
-13.53,-5.6062,18.548,9.0262,-14.141,1.2045,9.3783,13.718,4.8832,-26.182,-10.933,-0.097618
-12.675,-5.1202,17.314,8.3548,-13.199,1.2086,9.7021,13.914,5.9403,-23.004,-9.8611,0.34803
-11.712,-4.4617,16.021,7.5274,-12.231,1.2563,10.085,14.12,6.9399,-20.074,-8.8521,0.78237
-10.596,-3.6608,14.709,6.552,-11.171,1.3486,10.665,14.354,7.9453,-17.326,-7.8535,1.222
-9.3427,-2.8091,13.412,5.4962,-9.9963,1.4566,11.495,14.612,9.0167,-14.703,-6.8102,1.6854
-8.0414,-2.0533,12.154,4.4894,-8.7421,1.5233,12.516,14.875,10.191,-12.174,-5.6729,2.1881
-6.8429,-1.565,10.953,3.6993,-7.4991,1.4817,13.573,15.116,11.472,-9.7333,-4.4115,2.7388
-5.9113,-1.4834,9.8277,3.2766,-6.3797,1.2846,14.451,15.317,12.829,-7.3812,-3.0211,3.3389
-5.3496,-1.8485,8.7998,3.2861,-5.4662,0.93205,14.952,15.475,14.205,-5.1147,-1.5224,3.9823
-5.1367,-2.5624,7.8837,3.6599,-4.773,0.47991,14.954,15.599,15.535,-2.9294,0.04259,4.6577
-5.1129,-3.3953,7.077,4.1938,-4.24,0.029687,14.461,15.707,16.761,-0.82492,1.6144,5.3547
-5.017,-4.0315,6.358,4.581,-3.7509,-0.29463,13.618,15.822,17.853,1.188,3.1256,6.07
-4.5575,-4.1423,5.6943,4.4853,-3.173,-0.37637,12.686,15.962,18.809,3.0965,4.52,6.8089
-3.515,-3.4853,5.0579,3.6505,-2.4033,-0.13979,11.95,16.135,19.653,4.8979,5.7731,7.5782
-1.8322,-2.0032,4.4359,2.0084,-1.4077,0.42137,11.613,16.336,20.416,6.6055,6.8987,8.372
0.34945,0.13667,3.8315,-0.27259,-0.23584,1.2353,11.714,16.536,21.121,8.2455,7.934,9.165
2.7315,2.589,3.2571,-2.8341,0.99723,2.1716,12.13,16.685,21.765,9.8447,8.9195,9.9217
4.9628,4.9358,2.7245,-5.2491,2.1549,3.0757,12.647,16.732,22.335,11.419,9.8837,10.614
6.7545,6.8013,2.2393,-7.1572,3.1287,3.8018,13.056,16.645,22.82,12.969,10.842,11.237
7.9569,7.9467,1.7984,-8.3593,3.871,4.2404,13.227,16.434,23.224,14.479,11.801,11.808
8.5741,8.3109,1.3898,-8.8361,4.4,4.3437,13.135,16.142,23.564,15.928,12.759,12.361
8.724,7.9816,0.99637,-8.7014,4.7777,4.1299,12.831,15.822,23.865,17.293,13.704,12.926
8.5747,7.1295,0.60245,-8.1306,5.0782,3.6691,12.39,15.514,24.141,18.544,14.612,13.51
8.2797,5.9593,0.20281,-7.3108,5.3578,3.0613,11.86,15.229,24.393,19.658,15.445,14.078
7.9416,4.6792,-0.19274,-6.4146,5.6316,2.4028,11.24,14.951,24.606,20.624,16.159,14.555
7.5856,3.4659,-0.56156,-5.5757,5.8625,1.7586,10.497,14.654,24.754,21.449,16.72,14.856
7.1524,2.4152,-0.87735,-4.8355,5.9661,1.1603,9.6248,14.306,24.808,22.154,17.109,14.916
6.5423,1.528,-1.1215,-4.1312,5.8606,0.62775,8.6963,13.886,24.735,22.763,17.327,14.722
5.7158,0.77213,-1.291,-3.3859,5.5308,0.18778,7.8727,13.384,24.507,23.286,17.397,14.313
4.7438,0.13958,-1.3993,-2.6014,5.0416,-0.13484,7.3235,12.814,24.111,23.722,17.359,13.76
3.7455,-0.37306,-1.4694,-1.8315,4.4892,-0.34188,7.1334,12.201,23.558,24.057,17.264,13.134
2.7992,-0.80877,-1.5231,-1.1085,3.9455,-0.47094,7.2583,11.578,22.888,24.281,17.153,12.482
1.9123,-1.2482,-1.5743,-0.41108,3.4371,-0.58165,7.5338,10.97,22.163,24.399,17.052,11.822
1.0533,-1.7737,-1.6288,0.3113,2.9602,-0.73177,7.7101,10.395,21.45,24.439,16.975,11.153
0.19586,-2.4299,-1.6884,1.0962,2.5048,-0.95699,7.5161,9.8578,20.807,24.449,16.921,10.463
-0.65591,-3.203,-1.7542,1.9418,2.0713,-1.2604,6.759,9.3556,20.262,24.484,16.883,9.7451
-1.4636,-4.0201,-1.8245,2.7987,1.6699,-1.6134,5.4259,8.8822,19.811,24.585,16.846,9
-2.169,-4.7752,-1.8952,3.5872,1.3174,-1.9666,3.7282,8.4309,19.411,24.76,16.791,8.2353
-2.7161,-5.3655,-1.9598,4.2237,1.0291,-2.2691,2.0553,7.9971,18.999,24.974,16.691,7.4653
-3.07,-5.7246,-2.0141,4.6476,0.81481,-2.4853,0.85254,7.5796,18.512,25.155,16.519,6.7108
-3.2285,-5.8413,-2.058,4.8397,0.6747,-2.6062,0.47274,7.1809,17.912,25.226,16.256,5.9983
-3.2254,-5.7605,-2.0957,4.8282,0.59732,-2.6505,1.0579,6.8053,17.197,25.12,15.89,5.3543
-3.123,-5.5677,-2.1338,4.681,0.56047,-2.6561,2.4877,6.4562,16.4,24.81,15.428,4.7956
-2.9947,-5.3601,-2.177,4.4839,0.53848,-2.6623,4.4182,6.132,15.572,24.316,14.892,4.3255
-2.8941,-5.2093,-2.225,4.308,0.51386,-2.691,6.4065,5.827,14.773,23.699,14.323,3.936
-2.8354,-5.1348,-2.2706,4.1836,0.48706,-2.7334,8.0637,5.5344,14.055,23.05,13.778,3.6177
-2.7956,-5.1061,-2.3011,4.099,0.47134,-2.7543,9.1511,5.2511,13.45,22.454,13.312,3.3654
-2.7401,-5.0714,-2.3025,4.0225,0.48175,-2.7132,9.5716,4.98,12.958,21.956,12.957,3.1776
-2.6541,-4.9959,-2.2665,3.9356,0.52103,-2.5901,9.3103,4.7284,12.546,21.545,12.704,3.0503
-2.5546,-4.8804,-2.1947,3.847,0.57431,-2.3976,8.4243,4.503,12.159,21.158,12.506,2.9742
-2.4769,-4.7511,-2.0969,3.7811,0.61675,-2.1701,7.0872,4.3054,11.744,20.709,12.295,2.9352
-2.4436,-4.629,-1.9898,3.7487,0.63013,-1.9414,5.6063,4.1313,11.272,20.123,12.015,2.9241
-2.4366,-4.5,-1.8888,3.7213,0.61888,-1.7263,4.35,3.9724,10.747,19.369,11.642,2.9385
-2.3886,-4.3088,-1.8052,3.6274,0.61406,-1.5159,3.6186,3.8206,10.195,18.465,11.192,2.9789
-2.2136,-3.9846,-1.7425,3.3818,0.65935,-1.2866,3.5376,3.6694,9.6525,17.473,10.711,3.0412
-1.851,-3.4819,-1.6928,2.9287,0.7868,-1.0161,4.0236,3.5128,9.1436,16.472,10.259,3.1124
-1.3025,-2.8116,-1.6402,2.2736,0.99609,-0.69957,4.8278,3.3442,8.6704,15.526,9.8816,3.1733
-0.64122,-2.051,-1.5695,1.4955,1.2545,-0.36019,5.6319,3.1589,8.2203,14.668,9.5987,3.2041
0.0084023,-1.3275,-1.4728,0.72765,1.5075,-0.046737,6.1568,2.9566,7.7781,13.9,9.3955,3.1891
0.51428,-0.77939,-1.3545,0.11667,1.6994,0.18267,6.246,2.745,7.3355,13.201,9.228,3.1201
0.78421,-0.50868,-1.2269,-0.22772,1.7946,0.28304,5.9044,2.5383,6.8905,12.544,9.0377,2.9949
0.79688,-0.54384,-1.1063,-0.27105,1.787,0.24143,5.2808,2.3499,6.4432,11.901,8.7729,2.8148
0.60474,-0.82798,-1.005,-0.064976,1.6985,0.084746,4.5932,2.1866,5.992,11.25,8.4093,2.5806
0.31112,-1.2351,-0.92656,0.27229,1.568,-0.12523,4.0273,2.047,5.5352,10.588,7.9538,2.2929
0.030324,-1.6107,-0.86273,0.59893,1.435,-0.30869,3.6536,1.9244,5.0719,9.9317,7.4394,1.9529
-0.15801,-1.8253,-0.79413,0.8027,1.3209,-0.39312,3.4105,1.808,4.5992,9.311,6.9032,1.5643
-0.24409,-1.8219,-0.69494,0.84474,1.2139,-0.33933,3.1523,1.6817,4.1079,8.7526,6.367,1.1322
-0.29549,-1.6351,-0.54025,0.77502,1.0686,-0.15626,2.7327,1.5236,3.5812,8.2621,5.8325,0.66205
-0.42598,-1.3742,-0.314,0.70949,0.82609,0.1034,2.0779,1.3085,3.0015,7.8202,5.2883,0.15994
-0.73466,-1.1773,-0.015251,0.77377,0.4488,0.36302,1.2188,1.0147,2.3586,7.3908,4.723,-0.36686
-1.2516,-1.1567,0.34031,1.0414,-0.054682,0.54691,0.27217,0.63207,1.6551,6.938,4.1338,-0.90915
-1.9285,-1.3596,0.72362,1.5063,-0.6332,0.60363,-0.61418,0.166,0.90393,6.4379,3.5263,-1.4566
-2.6723,-1.7591,1.1033,2.0989,-1.2209,0.52114,-1.3228,-0.36355,0.12228,5.8839,2.9082,-2.0021
-3.3903,-2.2689,1.4523,2.7231,-1.7669,0.32998,-1.8086,-0.9265,-0.67149,5.2895,2.2862,-2.5416
-4.0198,-2.7719,1.7571,3.2893,-2.2499,0.095289,-2.101,-1.4869,-1.4562,4.6894,1.6694,-3.0696
-4.5386,-3.1617,2.0213,3.7407,-2.6749,-0.10259,-2.2677,-2.0068,-2.2055,4.1314,1.0729,-3.5711
-4.961,-3.3845,2.2601,4.0677,-3.0592,-0.19758,-2.3738,-2.4531,-2.8901,3.6592,0.51693,-4.0212
-5.3306,-3.4621,2.4872,4.3117,-3.4224,-0.16686,-2.4737,-2.8071,-3.4876,3.2892,0.019743,-4.3942
-5.7144,-3.49,2.7019,4.5587,-3.7845,-0.045367,-2.6318,-3.0741,-3.9963,2.9978,-0.41296,-4.6791
-6.1914,-3.6091,2.8839,4.9171,-4.1645,0.082221,-2.917,-3.2794,-4.4427,2.7254,-0.79367,-4.8875
-6.8243,-3.9539,2.9992,5.4762,-4.5718,0.11253,-3.3575,-3.4579,-4.8733,2.3985,-1.1504,-5.0493
-7.6207,-4.587,3.0157,6.2553,-4.9943,-0.033085,-3.8974,-3.6364,-5.3332,1.9607,-1.5143,-5.1963
-8.5043,-5.4518,2.9168,7.1727,-5.3908,-0.37352,-4.392,-3.8195,-5.8396,1.4001,-1.9021,-5.3423
-9.321,-6.3798,2.7089,8.0582,-5.6973,-0.8583,-4.6379,-3.985,-6.3682,0.76052,-2.302,-5.4717
-9.8852,-7.1545,2.4176,8.7118,-5.8445,-1.3849,-4.4257,-4.0908,-6.8574,0.12949,-2.6723,-5.542
-10.047,-7.5948,2.0771,8.977,-5.7808,-1.8355,-3.6197,-4.0929,-7.2317,-0.39438,-2.9555,-5.5013
-9.7576,-7.6268,1.7185,8.806,-5.498,-2.1255,-2.233,-3.9661,-7.4352,-0.74029,-3.1023,-5.3148
-9.1038,-7.3221,1.3612,8.296,-5.0467,-2.2434,-0.4579,-3.7177,-7.457,-0.89211,-3.0931,-4.9846
-8.2894,-6.8747,1.0103,7.6608,-4.5234,-2.2549,1.3726,-3.3815,-7.3333,-0.89099,-2.9479,-4.5512
-7.5483,-6.519,0.65797,7.14,-4.0287,-2.263,2.8897,-2.9941,-7.1254,-0.81363,-2.7175,-4.0752
-7.0434,-6.425,0.29187,6.8963,-3.6234,-2.3499,3.8176,-2.5851,-6.8893,-0.73816,-2.4629,-3.6119
-6.8,-6.6143,-0.096222,6.9447,-3.3055,-2.5334,4.0683,-2.166,-6.6561,-0.71506,-2.2331,-3.1922
-6.6916,-6.9325,-0.5048,7.1316,-3.0154,-2.7561,3.7614,-1.7346,-6.4282,-0.7552,-2.0496,-2.8165
-6.4888,-7.1018,-0.92122,7.1866,-2.6664,-2.9067,3.1665,-1.2855,-6.1902,-0.83647,-1.9042,-2.4629
-5.9652,-6.8399,-1.3226,6.8385,-2.1871,-2.8648,2.5985,-0.82211,-5.9271,-0.9232,-1.7688,-2.1046
-5.0079,-5.9891,-1.6791,5.9431,-1.5588,-2.5546,2.3037,-0.36554,-5.6413,-0.98939,-1.6149,-1.732
-3.6771,-4.5929,-1.9601,4.5536,-0.83013,-1.9835,2.3785,0.04505,-5.3613,-1.0352,-1.4314,-1.365
-2.1904,-2.8872,-2.144,2.905,-0.10565,-1.2479,2.747,0.36331,-5.1351,-1.0871,-1.2316,-1.0491
-0.84607,-1.2197,-2.2259,1.3317,0.48975,-0.50236,3.2004,0.55414,-5.009,-1.182,-1.0449,-0.83425
0.082795,0.055906,-2.2195,0.15948,0.85699,0.086831,3.4877,0.61097,-5.002,-1.3438,-0.90027,-0.74979
0.44411,0.67832,-2.1494,-0.39369,0.96031,0.389,3.4261,0.56387,-5.0905,-1.5672,-0.81048,-0.78985
0.24993,0.55912,-2.0416,-0.28081,0.83686,0.35483,2.9776,0.47322,-5.2101,-1.8172,-0.76662,-0.91783
-0.35089,-0.19191,-1.9178,0.37709,0.57471,0.034555,2.2494,0.40847,-5.2781,-2.0451,-0.74668,-1.0858
-1.1468,-1.3257,-1.792,1.3532,0.27192,-0.45086,1.4278,0.41873,-5.2285,-2.2113,-0.73207,-1.2587
-1.9438,-2.5514,-1.6683,2.3985,-0.0044032,-0.95933,0.68807,0.50957,-5.0437,-2.3051,-0.72116,-1.4311
-2.6263,-3.6238,-1.5413,3.3162,-0.24289,-1.3743,0.13202,0.64011,-4.765,-2.3503,-0.73202,-1.627
-3.1827,-4.3986,-1.4011,4.0066,-0.48628,-1.6338,-0.22314,0.74274,-4.4769,-2.3955,-0.7939,-1.8842
-3.6777,-4.8357,-1.242,4.4675,-0.79734,-1.729,-0.41682,0.75448,-4.2704,-2.4929,-0.93254,-2.2303
-4.1758,-4.9661,-1.0699,4.7503,-1.2049,-1.6846,-0.50687,0.6448,-4.2049,-2.6774,-1.1573,-2.6622
-4.676,-4.8608,-0.90376,4.9043,-1.6734,-1.5429,-0.53698,0.42954,-4.2856,-2.9547,-1.4568,-3.1452
-5.1193,-4.613,-0.76796,4.9561,-2.1266,-1.3602,-0.51854,0.16402,-4.4649,-3.3048,-1.805,-3.6239
-5.4536,-4.3294,-0.6804,4.9351,-2.4979,-1.2044,-0.4339,-0.072869,-4.6668,-3.6963,-2.1743,-4.0474
-5.6927,-4.134,-0.6429,4.9129,-2.768,-1.1455,-0.25681,-0.21401,-4.8135,-4.1014,-2.5449,-4.3928
-5.9289,-4.1667,-0.63939,5.0099,-2.9724,-1.2434,0.025325,-0.23343,-4.8606,-4.5013,-2.9145,-4.6731
-6.2926,-4.5473,-0.6431,5.3527,-3.1816,-1.5321,0.3999,-0.1553,-4.8027,-4.8814,-3.2891,-4.9235
-6.882,-5.315,-0.62878,6.0061,-3.4625,-2.0042,0.82999,-0.03658,-4.6669,-5.2247,-3.6705,-5.1761
-7.7054,-6.3879,-0.58252,6.926,-3.8445,-2.6024,1.2646,0.06476,-4.4968,-5.5109,-4.0465,-5.4385
-8.6718,-7.5769,-0.50445,7.9672,-4.3085,-3.2282,1.6553,0.11633,-4.3357,-5.7212,-4.3899,-5.6883
-9.6343,-8.6505,-0.40386,8.9412,-4.804,-3.7674,1.9745,0.12043,-4.2144,-5.8473,-4.6676,-5.885
-10.454,-9.4144,-0.29115,9.6868,-5.2745,-4.1228,2.2276,0.1059,-4.1462,-5.8974,-4.8558,-5.9904
-11.045,-9.769,-0.17166,10.116,-5.678,-4.243,2.4559,0.10998,-4.1268,-5.8967,-4.9507,-5.987
-11.39,-9.7294,-0.044118,10.233,-5.9954,-4.1378,2.7287,0.16438,-4.1375,-5.8747,-4.9696,-5.8848
-11.542,-9.4134,0.097365,10.126,-6.2316,-3.8741,3.1245,0.28452,-4.151,-5.8587,-4.9399,-5.7125
-11.6,-9.0036,0.25995,9.943,-6.4126,-3.5531,3.706,0.46712,-4.1399,-5.8579,-4.8835,-5.5006
-11.685,-8.6943,0.44864,9.8472,-6.5784,-3.2776,4.494,0.69376,-4.0839,-5.8576,-4.8063,-5.2684
-11.887,-8.6301,0.66308,9.957,-6.766,-3.1168,5.4495,0.93918,-3.9739,-5.8246,-4.6988,-5.0186
-12.22,-8.8483,0.896,10.29,-6.9836,-3.0795,6.4735,1.1825,-3.8103,-5.7223,-4.5442,-4.7409
-12.593,-9.2458,1.1349,10.735,-7.1929,-3.1084,7.4289,1.4163,-3.5981,-5.5268,-4.3283,-4.418
-12.825,-9.6013,1.3666,11.075,-7.3159,-3.1029,8.1792,1.6475,-3.3447,-5.2403,-4.047,-4.0348
-12.718,-9.6527,1.5812,11.062,-7.2695,-2.9593,8.6305,1.8873,-3.063,-4.8936,-3.7117,-3.5901
-12.135,-9.1988,1.7722,10.52,-7.0053,-2.6136,8.7608,2.1383,-2.777,-4.5392,-3.35,-3.1017
-11.062,-8.1776,1.9331,9.4138,-6.5298,-2.0652,8.6308,2.388,-2.5207,-4.2324,-2.9984,-2.6047
-9.6145,-6.6863,2.0562,7.8639,-5.8991,-1.3754,8.3721,2.6149,-2.3284,-4.0084,-2.6885,-2.1364
-7.9839,-4.9396,2.1335,6.0932,-5.1941,-0.64076,8.1456,2.8009,-2.2181,-3.8641,-2.4367,-1.7183
-6.3767,-3.1983,2.1615,4.3557,-4.493,0.040373,8.0727,2.9403,-2.1783,-3.7577,-2.2352,-1.3501
-4.9598,-1.6959,2.1451,2.8682,-3.8534,0.59487,8.1731,3.0398,-2.1772,-3.6266,-2.0628,-1.0195
-3.8382,-0.58741,2.098,1.7691,-3.3095,0.98977,8.3451,3.111,-2.1782,-3.4173,-1.8994,-0.71946
-3.0566,0.071292,2.0388,1.1047,-2.8769,1.2314,8.4022,3.1613,-2.1544,-3.11,-1.7368,-0.45884
-2.6026,0.3153,1.9828,0.83508,-2.5553,1.3519,8.1455,3.1897,-2.0951,-2.7282,-1.5815,-0.25614
-2.4117,0.24499,1.9347,0.85447,-2.3281,1.3918,7.4439,3.1892,-2.0055,-2.3332,-1.4457,-0.1283
-2.3808,-0.0075846,1.8883,1.0241,-2.1634,1.3862,6.29,3.1545,-1.9021,-1.9996,-1.3431,-0.08029
-2.4001,-0.31566,1.8317,1.2148,-2.0252,1.3555,4.8137,3.0879,-1.8064,-1.7932,-1.2856,-0.10163
-2.3941,-0.59054,1.7565,1.3465,-1.8917,1.3039,3.2458,2.9986,-1.7377,-1.7517,-1.2835,-0.16987
-2.3483,-0.79912,1.6646,1.4071,-1.7689,1.2221,1.8497,2.9,-1.7075,-1.8692,-1.344,-0.25915
-2.3063,-0.96033,1.5695,1.4435,-1.6887,1.0964,0.84584,2.8056,-1.7138,-2.1035,-1.4688,-0.34904
-2.3347,-1.1231,1.4911,1.5268,-1.6886,0.91766,0.35833,2.7268,-1.7394,-2.3946,-1.6505,-0.42822
-2.4795,-1.3356,1.4482,1.7095,-1.7878,0.68916,0.39298,2.6714,-1.7579,-2.6855,-1.8707,-0.49242
-2.745,-1.6227,1.4519,2.0024,-1.9779,0.4258,0.8481,2.6402,-1.7456,-2.9395,-2.1046,-0.54155
-3.1063,-1.9872,1.5022,2.3848,-2.2326,0.14609,1.5522,2.6257,-1.6967,-3.1484,-2.3317,-0.5792
-3.5317,-2.422,1.5876,2.8267,-2.522,-0.1365,2.3202,2.6132,-1.6311,-3.3299,-2.5457,-0.61209
-3.9909,-2.9116,1.687,3.2968,-2.82,-0.41592,3.0096,2.586,-1.5887,-3.5154,-2.7552,-0.6469
-4.4499,-3.4226,1.7775,3.758,-3.1058,-0.6861,3.5583,2.5335,-1.6106,-3.7311,-2.9758,-0.68675
-4.8704,-3.8958,1.8436,4.1648,-3.3658,-0.93258,3.9929,2.456,-1.7198,-3.9855,-3.2207,-0.73168
-5.2192,-4.2575,1.884,4.4753,-3.5968,-1.1298,4.4024,2.3621,-1.911,-4.2684,-3.4951,-0.7837
-5.4841,-4.4491,1.9109,4.6689,-3.808,-1.2496,4.8823,2.2625,-2.1575,-4.5624,-3.7961,-0.85204
-5.6824,-4.456,1.9426,4.7592,-4.0174,-1.2755,5.4677,2.1638,-2.4217,-4.8546,-4.1141,-0.95271
-5.8524,-4.3197,1.9946,4.7913,-4.2423,-1.2154,6.0969,2.068,-2.6683,-5.1433,-4.4355,-1.1006
-6.0373,-4.1265,2.0711,4.8265,-4.4901,-1.1039,6.6221,1.9743,-2.8723,-5.4334,-4.7446,-1.2993
-6.2675,-3.9833,2.1623,4.9253,-4.7527,-0.99668,6.8574,1.8816,-3.0224,-5.7268,-5.0261,-1.5358
-6.5555,-3.9947,2.2468,5.1378,-5.0094,-0.95899,6.6434,1.7893,-3.1206,-6.0139,-5.2686,-1.7862
-6.9016,-4.2442,2.2986,5.4992,-5.2357,-1.0511,5.9086,1.697,-3.178,-6.2717,-5.469,-2.0263
-7.2996,-4.7762,2.2964,6.0223,-5.4132,-1.3106,4.7133,1.6034,-3.2091,-6.4727,-5.6296,-2.2418
-7.7343,-5.5754,2.2316,6.685,-5.5355,-1.7347,3.2603,1.5055,-3.2256,-6.5948,-5.7533,-2.4338
-8.1717,-6.5526,2.1116,7.4183,-5.6039,-2.2722,1.8608,1.4009,-3.2339,-6.627,-5.8402,-2.617
-8.551,-7.5498,1.9554,8.108,-5.6181,-2.8312,0.85356,1.2823,-3.2357,-6.5713,-5.8874,-2.8121
-8.7888,-8.371,1.785,8.616,-5.5701,-3.3032,0.5038,1.1404,-3.2323,-6.4421,-5.892,-3.0359
-8.8029,-8.8327,1.617,8.8159,-5.4482,-3.5936,0.91447,0.96671,-3.2285,-6.2625,-5.853,-3.2918
-8.545,-8.8188,1.4594,8.6368,-5.2461,-3.6492,1.9862,0.75932,-3.2325,-6.0593,-5.7728,-3.5685
-8.0236,-8.3189,1.3118,8.0897,-4.9714,-3.4728,3.4428,0.52811,-3.2522,-5.8573,-5.6582,-3.8459
-7.3051,-7.4338,1.1688,7.2662,-4.6447,-3.1212,4.9159,0.29668,-3.2881,-5.6765,-5.5213,-4.1042
-6.4948,-6.3473,1.0241,6.3126,-4.2929,-2.6889,6.0589,0.098344,-3.3296,-5.5294,-5.3801,-4.332
-5.7093,-5.2772,0.87321,5.3918,-3.9429,-2.2818,6.6476,-0.034143,-3.356,-5.421,-5.2567,-4.5287
-5.0507,-4.4215,0.71558,4.6454,-3.617,-1.9881,6.6281,-0.081033,-3.3426,-5.3477,-5.1731,-4.7015
-4.5869,-3.9146,0.55374,4.1666,-3.3298,-1.8573,6.1112,-0.043139,-3.2673,-5.2972,-5.1416,-4.86
-4.3424,-3.8037,0.39234,3.9859,-3.0882,-1.8933,5.3287,0.059772,-3.1171,-5.2479,-5.1591,-5.0105
-4.2997,-4.0476,0.23935,4.0735,-2.893,-2.0606,4.5674,0.19797,-2.8935,-5.1728,-5.2063,-5.1535
-4.4078,-4.5376,0.10855,4.3542,-2.7433,-2.297,4.0945,0.34284,-2.6198,-5.0471,-5.2549,-5.2834
-4.5985,-5.1312,0.018615,4.7304,-2.6361,-2.5324,4.0834,0.4756,-2.3298,-4.8591,-5.2764,-5.3932
-4.8001,-5.6909,-0.012838,5.1052,-2.5662,-2.7097,4.5618,0.59152,-2.0594,-4.6128,-5.2503,-5.4777
-4.9502,-6.114,0.02341,5.3989,-2.5231,-2.7994,5.4035,0.69976,-1.8334,-4.3276,-5.1678,-5.5342
-5.0016,-6.344,0.12579,5.5553,-2.4905,-2.8012,6.373,0.81938,-1.6556,-4.0317,-5.0321,-5.5595
-4.9234,-6.3628,0.2874,5.5399,-2.4497,-2.7326,7.2079,0.97273,-1.5087,-3.7495,-4.8555,-5.5468
-4.7001,-6.1732,0.50623,5.3329,-2.3873,-2.6108,7.7034,1.1786,-1.3609,-3.4925,-4.6549,-5.4868
-4.332,-5.7821,0.79313,4.9261,-2.3002,-2.4351,7.7603,1.4466,-1.1764,-3.2546,-4.4455,-5.3727
-3.8368,-5.1895,1.1734,4.3236,-2.1986,-2.1747,7.3863,1.7743,-0.92598,-3.0163,-4.233,-5.2032
-3.2503,-4.382,1.685,3.5423,-2.1038,-1.7664,6.6725,2.1528,-0.59384,-2.7544,-4.0088,-4.9792
-2.6188,-3.3306,2.3754,2.6074,-2.0443,-1.1221,5.7734,2.5703,-0.17982,-2.4504,-3.7522,-4.6967
-1.9812,-1.9917,3.2965,1.5416,-2.0469,-0.14133,4.8903,3.0163,0.30402,-2.0937,-3.4366,-4.343
-1.3513,-0.31183,4.4916,0.35095,-2.1258,1.2753,4.2418,3.4849,0.84243,-1.6782,-3.0378,-3.8984
-0.71224,1.77,5.977,-0.98214,-2.2727,3.2195,4.0143,3.9771,1.4278,-1.1961,-2.5367,-3.3423
-0.026167,4.3212,7.7246,-2.4939,-2.4547,5.7641,4.3102,4.5005,2.0672,-0.63335,-1.9193,-2.6596
0.7458,7.4093,9.6563,-4.2274,-2.6235,8.9118,5.1185,5.0622,2.7819,0.028124,-1.1762,-1.8465
1.6258,11.06,11.656,-6.2158,-2.7367,12.494,6.3212,5.671,3.5966,0.80158,-0.31041,-0.91896
2.6095,15.148,13.596,-8.4486,-2.7813,16.147,7.7282,6.3261,4.5254,1.6846,0.66082,0.080564
3.6634,19.305,15.367,-10.817,-2.7799,19.489,9.1236,7.0153,5.562,2.6556,1.7028,1.0843
4.7278,23.062,16.904,-13.102,-2.7708,22.326,10.314,7.7175,6.6814,3.6822,2.7733,2.0171
5.7415,26.166,18.18,-15.088,-2.7761,24.699,11.175,8.409,7.8515,4.7381,3.8395,2.8292
6.7005,28.708,19.198,-16.745,-2.777,26.807,11.686,9.067,9.0463,5.8162,4.894,3.5249
7.7096,31.032,19.987,-18.281,-2.7134,28.88,11.944,9.669,10.244,6.9304,5.957,4.1647
8.9636,33.559,20.595,-20.043,-2.5034,31.048,12.131,10.188,11.427,8.1019,7.0653,4.837
10.665,36.614,21.062,-22.353,-2.0749,33.224,12.444,10.594,12.575,9.3462,8.2536,5.6179
12.945,40.294,21.387,-25.397,-1.3945,35.117,12.988,10.859,13.677,10.668,9.5427,6.5511
15.838,44.392,21.536,-29.167,-0.47968,36.429,13.713,10.974,14.735,12.067,10.942,7.6453
19.317,48.438,21.464,-33.428,0.61424,37.023,14.413,10.949,15.779,13.557,12.463,8.8927
23.327,51.928,21.155,-37.749,1.8245,36.946,14.81,10.815,16.867,15.178,14.128,10.295
27.771,54.603,20.648,-41.693,3.1182,36.421,14.665,10.613,18.067,16.997,15.981,11.882
32.459,56.557,20.018,-45.077,4.5244,35.824,13.869,10.379,19.436,19.089,18.067,13.711
37.133,58.178,19.34,-48.027,6.1507,35.61,12.479,10.135,20.989,21.5,20.412,15.846
41.632,59.999,18.652,-50.871,8.1591,36.166,10.693,9.8756,22.678,24.201,22.991,18.311
46.003,62.531,17.948,-54.019,10.672,37.692,8.7764,9.5631,24.375,27.074,25.708,21.06
50.468,66.125,17.194,-57.819,13.649,40.164,6.9622,9.1392,25.885,29.914,28.41,23.967
55.251,70.888,16.352,-62.424,16.885,43.344,5.3563,8.5453,26.987,32.47,30.912,26.866
60.431,76.685,15.406,-67.768,20.152,46.838,3.891,7.7491,27.503,34.512,33.057,29.595
65.935,83.21,14.362,-73.661,23.319,50.19,2.3716,6.7495,27.378,35.917,34.763,32.05
71.613,90.028,13.224,-79.851,26.363,52.993,0.57362,5.5725,26.702,36.733,36.05,34.21
77.265,96.504,11.981,-85.989,29.307,54.934,-1.6885,4.2554,25.672,37.154,37.021,36.122
82.63,101.83,10.627,-91.607,32.162,55.76,-4.5361,2.8364,24.504,37.413,37.805,37.858
87.412,105.33,9.1625,-96.235,34.888,55.313,-8.0121,1.3519,23.36,37.667,38.496,39.464
91.336,106.66,7.5916,-99.522,37.399,53.675,-12.059,-0.16534,22.307,37.96,39.109,40.922
94.199,105.75,5.9125,-101.24,39.602,51.211,-16.503,-1.6906,21.319,38.229,39.575,42.158
95.909,102.9,4.1388,-101.31,41.427,48.367,-21.066,-3.2112,20.314,38.346,39.767,43.081
96.485,98.884,2.3187,-99.815,42.854,45.428,-25.417,-4.7205,19.196,38.179,39.562,43.636
96.026,94.523,0.52227,-97.145,43.911,42.472,-29.241,-6.2098,17.889,37.64,38.89,43.815
94.675,90.005,-1.1962,-93.721,44.649,39.492,-32.32,-7.6669,16.362,36.717,37.755,43.644
92.625,85.136,-2.8341,-89.79,45.113,36.461,-34.587,-9.0878,14.62,35.461,36.22,43.145
90.078,79.792,-4.4464,-85.503,45.324,33.337,-36.122,-10.49,12.69,33.936,34.364,42.307
87.167,74.055,-6.101,-81.017,45.265,30.065,-37.111,-11.917,10.596,32.17,32.252,41.081
83.918,68.178,-7.8028,-76.465,44.884,26.559,-37.781,-13.429,8.3608,30.131,29.913,39.39
80.27,62.439,-9.4624,-71.884,44.129,22.692,-38.326,-15.08,6.0088,27.762,27.343,37.158
76.136,56.914,-10.949,-67.19,42.977,18.396,-38.826,-16.879,3.5772,25.042,24.539,34.342
71.466,51.359,-12.178,-62.206,41.454,13.872,-39.196,-18.755,1.1157,22.033,21.53,30.962
66.301,45.333,-13.157,-56.74,39.625,9.5889,-39.218,-20.552,-1.3192,18.885,18.403,27.138
60.745,38.473,-13.959,-50.675,37.573,5.9675,-38.636,-22.069,-3.6697,15.793,15.287,23.09
54.931,30.874,-14.667,-44.075,35.381,3.105,-37.27,-23.149,-5.8803,12.929,12.311,19.07
49.016,23.258,-15.341,-37.239,33.123,0.82451,-35.119,-23.752,-7.9101,10.384,9.5611,15.276
43.165,16.451,-15.989,-30.595,30.842,-1.1099,-32.408,-23.971,-9.7554,8.1646,7.0603,11.799
37.471,10.761,-16.584,-24.462,28.539,-2.863,-29.563,-24.001,-11.471,6.2044,4.7719,8.6308
31.917,6.0458,-17.086,-18.906,26.171,-4.52,-27.089,-24.076,-13.168,4.39,2.6203,5.7101
26.436,2.0647,-17.464,-13.826,23.687,-6.1269,-25.377,-24.409,-14.987,2.6012,0.52173,2.9644
21.029,-1.3288,-17.717,-9.1483,21.068,-7.7235,-24.506,-25.134,-17.049,0.76033,-1.5826,0.34478
15.845,-4.1809,-17.871,-4.934,18.368,-9.3588,-24.178,-26.263,-19.399,-1.1331,-3.7103,-2.1578
11.154,-6.5157,-17.955,-1.3439,15.699,-11.077,-23.843,-27.693,-21.984,-3.015,-5.8472,-4.5217
7.1892,-8.4065,-17.987,1.523,13.196,-12.88,-22.999,-29.248,-24.656,-4.8073,-7.969,-6.7255
4.0195,-9.9758,-17.959,3.7272,10.961,-14.704,-21.473,-30.766,-27.239,-6.4612,-10.056,-8.7695
1.5489,-11.349,-17.853,5.4358,9.0332,-16.455,-19.516,-32.161,-29.6,-7.9674,-12.097,-10.675
-0.38769,-12.616,-17.651,6.8222,7.4054,-18.05,-17.655,-33.435,-31.694,-9.3431,-14.092,-12.472
-1.945,-13.811,-17.348,8.0082,6.0459,-19.433,-16.423,-34.643,-33.553,-10.617,-16.045,-14.181
-3.2335,-14.915,-16.962,9.052,4.9162,-20.566,-16.137,-35.843,-35.251,-11.819,-17.958,-15.793
-4.3171,-15.874,-16.535,9.9632,3.9791,-21.427,-16.809,-37.061,-36.857,-12.977,-19.824,-17.271
-5.2267,-16.627,-16.116,10.731,3.2016,-22.011,-18.146,-38.29,-38.412,-14.115,-21.635,-18.567
-5.9782,-17.139,-15.746,11.348,2.5561,-22.335,-19.644,-39.492,-39.92,-15.253,-23.385,-19.655
-6.5875,-17.412,-15.442,11.823,2.0179,-22.433,-20.772,-40.626,-41.357,-16.406,-25.071,-20.539
-7.0787,-17.488,-15.195,12.181,1.5629,-22.361,-21.19,-41.66,-42.687,-17.584,-26.694,-21.258
-7.4849,-17.441,-14.974,12.456,1.1652,-22.179,-20.899,-42.588,-43.891,-18.794,-28.255,-21.877
-7.8411,-17.356,-14.731,12.687,0.80007,-21.956,-20.226,-43.44,-44.977,-20.044,-29.768,-22.479
-8.1743,-17.31,-14.428,12.9,0.45007,-21.75,-19.659,-44.272,-45.984,-21.337,-31.249,-23.138
-8.4971,-17.356,-14.04,13.104,0.10978,-21.61,-19.614,-45.14,-46.961,-22.672,-32.706,-23.899
-8.8074,-17.507,-13.575,13.295,-0.21426,-21.557,-20.25,-46.076,-47.952,-24.036,-34.128,-24.751
-9.0952,-17.742,-13.058,13.461,-0.50972,-21.589,-21.389,-47.068,-48.969,-25.409,-35.488,-25.638
-9.3524,-18.023,-12.525,13.593,-0.76765,-21.683,-22.599,-48.061,-49.992,-26.768,-36.758,-26.49
-9.5842,-18.316,-12.012,13.7,-0.98941,-21.812,-23.435,-48.987,-50.976,-28.104,-37.926,-27.256
-9.8137,-18.611,-11.552,13.813,-1.1874,-21.96,-23.681,-49.799,-51.877,-29.428,-39.001,-27.928
-10.076,-18.925,-11.176,13.974,-1.3787,-22.129,-23.431,-50.499,-52.671,-30.764,-39.999,-28.529
-10.404,-19.29,-10.913,14.226,-1.5752,-22.336,-22.992,-51.136,-53.361,-32.105,-40.92,-29.084
-10.806,-19.727,-10.787,14.59,-1.7753,-22.594,-22.691,-51.783,-53.972,-33.392,-41.744,-29.609
-11.265,-20.241,-10.818,15.06,-1.9631,-22.912,-22.739,-52.5,-54.539,-34.515,-42.439,-30.097
-11.749,-20.832,-11.018,15.616,-2.1176,-23.292,-23.183,-53.295,-55.09,-35.363,-42.991,-30.547
-12.232,-21.526,-11.403,16.239,-2.2249,-23.741,-23.927,-54.096,-55.627,-35.902,-43.436,-30.99
-12.72,-22.389,-11.986,16.924,-2.2879,-24.28,-24.732,-54.735,-56.109,-36.254,-43.886,-31.518
-13.241,-23.547,-12.785,17.681,-2.3245,-24.937,-25.237,-54.944,-56.428,-36.7,-44.518,-32.281
-13.835,-25.213,-13.798,18.531,-2.3597,-25.736,-24.988,-54.333,-56.39,-37.607,-45.513,-33.444
-14.539,-27.712,-14.971,19.513,-2.4164,-26.729,-23.524,-52.371,-55.708,-39.263,-46.954,-35.147
-15.383,-31.299,-16.183,20.707,-2.5084,-28.074,-20.611,-48.701,-54.001,-41.639,-48.732,-37.49
-16.381,-35.196,-17.304,22.247,-2.6376,-29.631,-16.97,-47.844,-50.935,-44.184,-50.544,-40.051
-17.485,-37.483,-18.275,24.141,-2.7946,-30.658,-16.074,-65.502,-47.857,-45.771,-51.941,-41.531
-18.565,-37.865,-19.095,25.927,-2.9595,-31.195,-24.732,-75.928,-58.274,-44.645,-52.587,-41.802
-19.46,-37.641,-19.754,27.008,-3.0934,-31.989,-34.98,-79.292,-80.281,-38.043,-52.34,-41.307
-20.04,-38.204,-20.267,27.407,-3.1241,-33.951,-38.413,-79.07,-83.083,-32.549,-50.052,-40.546
-20.156,-41.329,-20.713,27.784,-2.9494,-38.189,-37.261,-72.698,-81.187,-36.788,-47.705,-42.139
-19.628,-49.55,-21.181,29.988,-2.4715,-45.53,-30.275,-56.245,-73.991,-40.198,-53.805,-48.831
-19.434,-64.044,-21.733,41.321,-1.5665,-55.874,-14.251,-24.243,-58.325,-48.626,-68.163,-61.584
-32.508,-81.514,-22.425,61.425,0.036579,-67.415,11.72,24.665,-31.733,-62.037,-91.021,-80.004
-47.862,-98.3,-23.3,76.542,-1.9423,-77.525,44.218,85.99,6.1428,-76.404,-117.87,-101.19
-60.045,-110.7,-24.339,88.371,-5.2254,-83.222,80.07,152.36,53.357,-83.071,-139.87,-120.15
-68.341,-114.97,-25.404,93.774,-8.7438,-82.156,113.59,215.17,113.09,-70.35,-145.03,-130.08
-68.506,-108.47,-26.112,89.976,-11.627,-73.787,139.71,265.36,190.32,-25.134,-120.11,-122.67
-57.927,-90.189,-25.718,75.36,-12.052,-59.198,152.6,294.96,280.3,68.86,-55.192,-91.68
-35.633,-60.804,-23.53,49.626,-7.8121,-40.193,148.85,300.82,382.34,234.38,58.373,-34.011
-1.5101,-21.677,-20.277,13.17,3.1159,-18.454,128.13,283.61,502.46,472.22,226.63,52.062
44.557,26.277,-18.284,-33.746,23.052,5.159,91.216,246.19,646.94,790.49,451.56,166.63
103.36,83.1,-19.491,-91.454,55.721,30.984,38.352,192.07,820.98,1190.8,730.01,308.36
175.89,149.55,-24.195,-160.69,98.78,60.129,-31.198,123.55,1025.8,1664.2,1051.7,474.07
261.91,226.19,-31.455,-241.58,147.24,93.61,-118.85,40.581,1256.3,2188,1397.2,657.11
358.81,312.34,-39.973,-332.58,201.32,131.88,-226.25,-59.25,1500.6,2724.2,1738.4,846.53
461.61,405.13,-48.503,-429.85,258.37,174.02,-355.29,-180.21,1737.7,3221.4,2040.3,1027.8
563.62,499,-56.815,-527.05,314.54,217.29,-503.75,-327.3,1937.3,3621.1,2267,1184.3
656.33,585.61,-64.986,-615.56,365.32,257.44,-665.59,-504.63,2062.6,3867.2,2387.5,1299.7
730.07,654.82,-71.262,-685.65,405.58,289.32,-832.94,-713.46,2075.3,3915.4,2382.1,1360.7
775.9,697.28,-74.488,-728.75,430.58,308.37,-996.49,-950.52,1942.1,3741,2246.2,1359.7
788.29,708.24,-74.418,-740.16,437.32,312.6,-1146.6,-1207.6,1642.2,3344.2,1992.3,1297.6
767.24,689.66,-71.047,-720.88,425.45,303.33,-1275.5,-1472.1,1176.1,2751.9,1647.9,1183.7
718.83,648.83,-64.942,-677.51,397.55,284.79,-1379.3,-1728.7,572.24,2017.2,1250.7,1034.8
653.58,595.97,-55.55,-620.16,358.65,262.59,-1457.9,-1959.1,-112.35,1213,841.84,870.5
583.13,541.2,-42.13,-559.33,314.96,241.68,-1512.3,-2144.3,-799.38,422.6,458.73,708.84
516.96,491.4,-26.691,-502.9,272.43,224.66,-1543,-2266.3,-1404.3,-273.62,130.37,562.83
460.47,448.79,-12.724,-454.45,235.56,211.22,-1548.5,-2313.1,-1856.1,-813.14,-125.41,439.09
414.47,411.03,-3.6642,-413.3,206.64,198.05,-1526.5,-2282.6,-2115,-1163.8,-303.53,338.38
375.55,372.3,-2.348,-375.53,185.42,180.07,-1475.7,-2183.6,-2182.2,-1329.9,-411.14,257.11
338.74,326.93,-9.4211,-336.24,169.74,154.07,-1397.7,-2034.4,-2095.5,-1346.5,-463.45,189.58
301.24,273.25,-22.471,-291.88,156.92,120.58,-1297.6,-1857.5,-1912.8,-1265.5,-478.55,130.53
262.4,213.76,-37.736,-241.68,144.89,83.139,-1182.9,-1672.7,-1692.1,-1139.1,-472.75,77.061
220.84,153.73,-51.247,-188.64,131.77,46.694,-1061.4,-1492.3,-1475.2,-1006.7,-457.39,29.037
177.6,99.471,-59.944,-137.81,116.27,15.886,-938.63,-1320.2,-1282.9,-888.4,-437.74,-11.827
136.31,55.412,-62.494,-93.835,98.943,-6.0966,-817.94,-1154,-1117.7,-787.7,-414.12,-43.417
99.836,24.356,-59.063,-59.111,81.202,-18.191,-700.83,-990.81,-972.51,-699.25,-384.56,-64.354
69.622,7.6582,-50.864,-34.861,63.823,-21.248,-588.69,-831.45,-837.94,-616.1,-347.13,-74.382
46.425,2.0545,-38.595,-20.758,47.385,-17.362,-484.17,-680.55,-708.86,-533.33,-299.62,-74.496
30.21,3.4989,-23.13,-14.607,32.571,-9.6851,-390.96,-543.77,-586.47,-447.25,-249.91,-66.68
20.409,9.0672,-7.1072,-13.834,20.083,-0.60669,-312.3,-426.27,-474.7,-364.92,-204.87,-53.79
15.907,16.871,6.9615,-16.431,10.507,8.9523,-249.08,-330.72,-378.01,-293.11,-163.21,-34.784
16.093,26.072,17.642,-22.419,4.0046,12.197,-199.76,-256.02,-298.25,-233.17,-127.46,-18.92
21.176,26.316,23.732,-28.184,0.49192,7.4811,-161.51,-198.2,-234.95,-186.78,-99.597,-17.794
22.396,14.581,25.374,-21.774,-0.4224,6.6922,-130.8,-152.33,-187.26,-153.29,-79.642,-17.52
14.896,8.9248,23.388,-12.022,0.18206,6.2368,-104.34,-114.73,-151.82,-129.63,-66.519,-16.591
7.0094,5.951,18.202,-6.2789,-0.4517,5.2428,-80.846,-83.411,-124.28,-112.7,-58.477,-15.604
1.8589,3.3286,13.707,-2.7347,-2.7268,3.6866,-61.039,-57.122,-101.71,-100.12,-53.53,-14.825
-1.8405,0.66316,13.905,0.13552,-5.1359,1.9877,-45.099,-35.47,-82.58,-90.011,-49.945,-14.054
-4.9594,-1.9743,15.759,2.774,-7.4187,0.52488,-32.518,-18.668,-66.139,-80.971,-46.513,-13.237
-7.7803,-4.4319,17.476,5.2343,-9.6401,-0.60938,-23.07,-6.5475,-52.22,-72.556,-43.431,-12.506
-10.337,-6.6031,18.723,7.4562,-11.775,-1.5314,-16.924,1.9335,-41.004,-65.778,-40.499,-11.947
-12.599,-8.4337,19.536,9.374,-13.739,-2.3343,-15.297,7.4777,-33.222,-61.388,-36.564,-11.548
-14.559,-9.8848,20.043,10.965,-15.492,-2.9566,-17.579,9.4441,-30.001,-57.803,-32.311,-11.266
-16.278,-10.939,20.399,12.26,-17.092,-3.3187,-16.642,10.665,-26.117,-52.97,-28.378,-11.063
-17.86,-11.656,20.781,13.331,-18.671,-3.4906,-12.553,13.143,-19.768,-47.2,-25.05,-10.927
-19.409,-12.157,21.335,14.255,-20.363,-3.606,-8.8001,16.427,-13.74,-41.33,-22.357,-10.854
-20.973,-12.524,22.133,15.069,-22.221,-3.7081,-6.4649,20.346,-8.9328,-35.926,-20.168,-10.826
-22.505,-12.751,23.167,15.748,-24.169,-3.7438,-4.8116,24.954,-5.1191,-31.16,-18.291,-10.795
-23.875,-12.767,24.381,16.226,-26.034,-3.6334,-2.9834,30.294,-1.9169,-26.968,-16.55,-10.683
-24.94,-12.509,25.707,16.438,-27.636,-3.3281,-0.57288,36.299,0.95182,-23.251,-14.833,-10.409
-25.617,-11.967,27.083,16.361,-28.876,-2.8339,2.3682,42.784,3.6441,-19.965,-13.114,-9.9231
-25.929,-11.216,28.462,16.048,-29.76,-2.2106,5.4854,49.47,6.2242,-17.121,-11.429,-9.2218
-25.998,-10.415,29.811,15.633,-30.373,-1.5534,8.3154,56.023,8.6989,-14.735,-9.8458,-8.3577
-25.996,-9.7539,31.119,15.288,-30.832,-0.96195,10.46,62.14,11.053,-12.795,-8.4213,-7.4155
-26.074,-9.3782,32.386,15.152,-31.248,-0.50707,11.704,67.627,13.278,-11.245,-7.1813,-6.4798
-26.311,-9.3376,33.615,15.279,-31.69,-0.20813,12.075,72.425,15.381,-9.9912,-6.1151,-5.6091
-26.695,-9.5605,34.794,15.619,-32.175,-0.029924,11.815,76.578,17.377,-8.9219,-5.1878,-4.8267
-27.133,-9.872,35.902,16.027,-32.673,0.10149,11.289,80.177,19.274,-7.9331,-4.3547,-4.1241
-27.482,-10.048,36.905,16.311,-33.127,0.27172,10.875,83.318,21.058,-6.9525,-3.573,-3.4715
-27.61,-9.8946,37.764,16.299,-33.477,0.54836,10.86,86.074,22.699,-5.9501,-2.8085,-2.8306
-27.439,-9.3233,38.435,15.911,-33.678,0.95643,11.355,88.484,24.156,-4.9389,-2.041,-2.1687
-26.971,-8.3874,38.872,15.184,-33.704,1.4678,12.21,90.565,25.4,-3.9672,-1.2695,-1.4718
-26.289,-7.2608,39.043,14.253,-33.56,2.0099,13.094,92.338,26.431,-3.1021,-0.51206,-0.7512
-25.532,-6.1802,38.945,13.314,-33.277,2.4867,13.776,93.85,27.297,-2.4007,0.20441,-0.03836
-24.856,-5.3774,38.61,12.567,-32.903,2.7996,14.326,95.185,28.09,-1.8799,0.86335,0.62991
-24.376,-5.0232,38.101,12.169,-32.48,2.8684,14.998,96.448,28.932,-1.497,1.4772,1.2303
-24.112,-5.19,37.49,12.18,-32.015,2.6564,15.979,97.749,29.941,-1.1561,2.0933,1.7687
-23.976,-5.8381,36.831,12.547,-31.467,2.1871,17.251,99.171,31.205,-0.73962,2.7827,2.2859
-23.807,-6.8286,36.14,13.118,-30.764,1.5379,18.608,100.75,32.759,-0.15414,3.6165,2.85
-23.455,-7.957,35.41,13.695,-29.838,0.81452,19.733,102.49,34.579,0.63482,4.6394,3.5354
-22.837,-9.0025,34.615,14.098,-28.662,0.11857,20.298,104.34,36.583,1.5908,5.8506,4.3977
-21.955,-9.7742,33.734,14.199,-27.273,-0.47567,20.079,106.25,38.645,2.6181,7.1979,5.4525
-20.857,-10.136,32.758,13.937,-25.765,-0.92205,19.05,108.14,40.613,3.5906,8.5877,6.6656
-19.6,-10.013,31.693,13.307,-24.256,-1.1902,17.453,109.99,42.366,4.3888,9.9105,7.959
-18.244,-9.3936,30.564,12.349,-22.84,-1.2569,15.784,111.8,43.859,4.941,11.076,9.2365
-16.843,-8.3372,29.405,11.143,-21.554,-1.1088,14.634,113.57,45.158,5.2599,12.048,10.425
-15.437,-6.9652,28.259,9.7878,-20.367,-0.75579,14.458,115.38,46.426,5.453,12.875,11.515
-14.043,-5.4417,27.161,8.387,-19.193,-0.24556,15.373,117.26,47.869,5.6884,13.671,12.573
-12.661,-3.9486,26.126,7.0408,-17.93,0.33377,17.062,119.26,49.668,6.1299,14.575,13.705
-11.296,-2.6691,25.134,5.8505,-16.496,0.86403,18.89,121.39,51.924,6.8762,15.695,15.015
-9.9938,-1.7807,24.138,4.9221,-14.877,1.2113,20.204,123.61,54.628,7.933,17.063,16.548
-8.846,-1.437,23.085,4.3567,-13.159,1.2473,20.603,125.89,57.667,9.2235,18.622,18.27
-7.9661,-1.7216,21.935,4.2201,-11.499,0.89343,20.037,128.21,60.857,10.624,20.248,20.069
-7.4114,-2.5985,20.666,4.502,-10.047,0.16538,18.726,130.57,64.018,12.009,21.811,21.786
-7.1255,-3.8915,19.274,5.0872,-8.859,-0.82438,17.039,133.02,67.048,13.291,23.218,23.277
-6.9468,-5.2992,17.782,5.7551,-7.8894,-1.8986,15.38,135.58,69.957,14.453,24.44,24.465
-6.6559,-6.44,16.229,6.2131,-7.0343,-2.8524,14.111,138.27,72.846,15.553,25.515,25.365
-6.0367,-6.9488,14.659,6.1707,-6.1808,-3.4976,13.464,141.1,75.849,16.702,26.522,26.071
-4.9426,-6.6091,13.113,5.4444,-5.2433,-3.7168,13.49,144.02,79.066,18.015,27.55,26.699
-3.3463,-5.4355,11.621,4.0295,-4.1813,-3.5011,14.043,147.01,82.518,19.574,28.675,27.345
-1.3489,-3.6623,10.198,2.1012,-3.0006,-2.9563,14.881,150.05,86.145,21.407,29.946,28.053
0.85431,-1.6717,8.8375,-0.043282,-1.7416,-2.2847,15.815,153.15,89.847,23.502,31.384,28.827
3.0327,0.09817,7.521,-2.0671,-0.46022,-1.7423,16.818,156.36,93.533,25.811,32.984,29.657
4.9837,1.2681,6.2378,-3.6818,0.79151,-1.5472,18.031,159.76,97.175,28.267,34.716,30.543
6.5871,1.6381,5.0047,-4.7202,1.9789,-1.7797,19.669,163.45,100.81,30.8,36.542,31.494
7.8387,1.2555,3.8646,-5.1831,3.0899,-2.3597,21.898,167.5,104.54,33.383,38.442,32.516
8.8526,0.40001,2.8677,-5.2484,4.1333,-3.0977,24.745,171.98,108.43,36.046,40.425,33.613
9.8233,-0.50158,2.0513,-5.228,5.1347,-3.761,28.05,176.87,112.54,38.854,42.527,34.791
10.951,-1.0107,1.4264,-5.4686,6.129,-4.1428,31.46,182.11,116.87,41.885,44.786,36.056
12.362,-0.82931,0.97107,-6.2222,7.1475,-4.1296,34.543,187.6,121.35,45.214,47.236,37.416
14.06,0.10268,0.63543,-7.5538,8.2061,-3.7328,37.025,193.27,125.9,48.908,49.903,38.878
15.954,1.6217,0.35808,-9.342,9.3005,-3.0686,38.963,199.07,130.44,52.995,52.795,40.455
17.909,3.4333,0.088316,-11.361,10.41,-2.3111,40.713,204.99,134.92,57.413,55.889,42.162
19.815,5.2133,-0.19783,-13.384,11.51,-1.6451,42.698,211.06,139.34,62.014,59.13,44.009
21.609,6.6946,-0.49368,-15.251,12.582,-1.2128,45.124,217.28,143.74,66.636,62.456,45.997
23.249,7.7308,-0.76966,-16.852,13.612,-1.0631,47.843,223.65,148.19,71.211,65.835,48.115
24.674,8.3089,-0.98744,-18.114,14.568,-1.1443,50.441,230.09,152.74,75.783,69.287,50.345
25.819,8.5279,-1.1145,-19.01,15.401,-1.3413,52.493,236.51,157.4,80.461,72.884,52.679
26.685,8.583,-1.1354,-19.615,16.068,-1.5167,53.8,242.87,162.2,85.352,76.742,55.135
27.407,8.7502,-1.0592,-20.149,16.588,-1.5461,54.506,249.16,167.13,90.495,80.986,57.792
28.249,9.3451,-0.91826,-20.951,17.07,-1.353,55.041,255.48,172.2,95.825,85.706,60.776
29.522,10.667,-0.75837,-22.406,17.667,-0.92989,55.913,261.94,177.45,101.21,90.912,64.225
31.471,12.977,-0.62073,-24.833,18.505,-0.32954,57.438,268.7,182.92,106.55,96.536,68.23
34.207,16.506,-0.52484,-28.365,19.639,0.3688,59.591,275.88,188.65,111.8,102.46,72.812
37.663,21.247,-0.46227,-32.726,21.075,1.1038,62.072,283.5,194.65,117.04,108.55,77.941
41.493,26.505,-0.40415,-37.134,22.775,1.8749,64.52,291.41,200.92,122.35,114.65,83.504
45.183,31.191,-0.31601,-40.878,24.635,2.753,66.7,299.32,207.4,127.84,120.7,89.28
48.465,34.911,-0.17266,-43.87,26.474,3.8326,68.563,306.95,213.98,133.56,126.67,95.018
51.451,38.01,0.030427,-46.449,28.142,5.1815,70.235,314.2,220.53,139.54,132.64,100.59
54.454,41.003,0.27231,-49.066,29.634,6.8519,71.983,321.12,226.94,145.76,138.7,106.03
57.841,44.399,0.51174,-52.19,31.1,8.8998,74.1,327.82,233.08,152.16,144.96,111.51
61.951,48.673,0.70135,-56.231,32.746,11.373,76.697,334.41,238.93,158.66,151.47,117.23
66.942,54.09,0.80457,-61.374,34.72,14.289,79.572,340.93,244.51,165.2,158.18,123.35
72.655,60.465,0.80733,-67.399,37.039,17.612,82.269,347.36,249.87,171.68,165.01,129.91
78.629,67.095,0.71961,-73.72,39.586,21.196,84.253,353.57,255.06,178.04,171.82,136.79
84.302,73.024,0.56773,-79.645,42.172,24.726,85.103,359.35,260.1,184.25,178.55,143.73
89.214,77.491,0.38279,-84.607,44.62,27.769,84.648,364.55,264.95,190.34,185.19,150.46
93.105,80.203,0.19042,-88.256,46.824,29.991,82.996,369.08,269.54,196.35,191.87,156.88
96,81.387,0.0041685,-90.593,48.79,31.364,80.532,372.96,273.81,202.38,198.77,163.07
98.305,81.765,-0.17679,-92.097,50.676,32.138,77.892,376.27,277.69,208.47,206.04,169.24
100.76,82.383,-0.36463,-93.626,52.754,32.651,75.805,379.11,281.15,214.59,213.65,175.64
104.16,84.303,-0.57531,-96.122,55.28,33.175,74.865,381.56,284.15,220.61,221.38,182.45
108.98,88.159,-0.81971,-100.24,58.344,33.917,75.323,383.65,286.68,226.34,228.84,189.67
115.1,93.78,-1.0973,-106,61.8,35.063,76.954,385.39,288.78,231.6,235.74,197.06
121.83,100.29,-1.3955,-112.72,65.324,36.732,79.117,386.78,290.48,236.25,241.98,204.3
128.39,106.81,-1.6949,-119.46,68.597,38.891,81.046,387.85,291.85,240.27,247.69,211.09
134.32,112.97,-1.978,-125.63,71.473,41.387,82.233,388.62,292.97,243.75,253.04,217.34
139.55,118.7,-2.235,-131.11,74.004,44.051,82.601,389.15,293.9,246.79,258.2,223.1
144.28,124.07,-2.4663,-136,76.368,46.773,82.361,389.5,294.7,249.5,263.27,228.54
148.82,129.16,-2.6802,-140.56,78.772,49.506,81.79,389.74,295.39,251.89,268.26,233.79
153.47,134.03,-2.8892,-145.03,81.37,52.221,81.125,389.9,295.96,253.95,273.04,238.91
158.34,138.59,-3.1067,-149.47,84.188,54.858,80.521,389.94,296.37,255.61,277.44,243.87
163.3,142.69,-3.3464,-153.77,87.084,57.303,80.059,389.77,296.56,256.83,281.23,248.49
167.94,146.18,-3.6223,-157.71,89.787,59.39,79.759,389.27,296.45,257.6,284.32,252.54
171.77,148.94,-3.9441,-160.99,92.058,60.954,79.545,388.32,295.98,257.91,286.71,255.84
174.53,150.91,-4.3111,-163.41,93.817,61.928,79.144,386.88,295.12,257.81,288.48,258.39
176.31,152.13,-4.7067,-164.96,95.118,62.381,78.095,384.93,293.85,257.32,289.75,260.3
177.39,152.76,-5.1033,-165.84,96.072,62.465,75.936,382.47,292.22,256.47,290.63,261.73
178.02,152.98,-5.4744,-166.25,96.792,62.347,72.435,379.48,290.26,255.28,291.18,262.84
178.38,152.98,-5.8075,-166.38,97.372,62.174,67.703,375.93,288.01,253.78,291.48,263.73
178.63,152.9,-6.1111,-166.39,97.873,62.038,62.139,371.74,285.43,252,291.55,264.5
178.82,152.81,-6.4122,-166.38,98.32,61.961,56.258,366.81,282.44,249.89,291.39,265.18
179.02,152.78,-6.7487,-166.42,98.713,61.916,50.545,361,278.86,247.3,291,265.8
179.23,152.83,-7.1576,-166.55,99.05,61.858,45.411,354.27,274.5,244.05,290.32,266.32
179.46,152.98,-7.6633,-166.77,99.326,61.75,41.114,346.65,269.17,239.95,289.28,266.66
179.68,153.2,-8.2715,-167.06,99.549,61.575,37.577,338.36,262.83,234.97,287.78,266.71
179.91,153.44,-8.9678,-167.39,99.731,61.339,34.369,329.7,255.59,229.27,285.76,266.35
180.14,153.66,-9.7231,-167.72,99.89,61.05,31.073,320.89,247.76,223.17,283.16,265.42
180.35,153.8,-10.501,-168.01,100.04,60.713,27.645,311.93,239.62,216.99,280.02,263.76
180.52,153.82,-11.27,-168.19,100.18,60.315,24.213,302.59,231.34,210.9,276.39,261.26
180.58,153.65,-12.017,-168.22,100.3,59.811,20.793,292.57,222.94,204.92,272.32,257.96
180.49,153.2,-12.754,-168.03,100.36,59.124,17.365,281.7,214.32,198.9,267.81,254.01
180.19,152.36,-13.504,-167.55,100.34,58.166,14.044,269.96,205.37,192.62,262.76,249.66
179.65,151.04,-14.286,-166.71,100.21,56.866,11.077,257.5,196.02,185.82,257.02,245.06
178.82,149.12,-15.104,-165.43,99.957,55.186,8.702,244.58,186.25,178.3,250.42,240.15
177.61,146.48,-15.953,-163.58,99.575,53.142,6.9721,231.53,176.13,170.03,242.87,234.74
175.95,143.02,-16.823,-161,99.049,50.805,5.7022,218.58,165.79,161.18,234.41,228.52
173.73,138.74,-17.703,-157.67,98.349,48.29,4.5439,205.68,155.38,152.07,225.25,221.28
170.91,133.82,-18.574,-153.72,97.44,45.741,3.0962,192.66,144.99,143,215.69,213.12
167.56,128.65,-19.409,-149.48,96.292,43.297,0.96532,179.25,134.65,134.14,206.11,204.4
163.79,123.61,-20.185,-145.15,94.906,41.023,-2.197,165.32,124.3,125.5,196.77,195.57
159.63,118.87,-20.892,-140.73,93.307,38.857,-6.6075,150.97,113.83,116.97,187.82,186.93
155.11,114.32,-21.543,-136.06,91.529,36.639,-12.195,136.52,103.1,108.38,179.2,178.52
150.19,109.67,-22.156,-130.94,89.596,34.177,-18.447,122.41,91.971,99.527,170.7,170.2
144.86,104.69,-22.747,-125.3,87.519,31.264,-24.539,109.06,80.5,90.195,162.05,161.72
139.15,99.246,-23.314,-119.22,85.302,27.707,-29.796,96.667,69.123,80.442,152.98,152.81
133.18,93.376,-23.848,-112.92,82.963,23.516,-34.041,85.126,58.542,70.825,143.37,143.31
127.09,87.172,-24.328,-106.65,80.532,19.082,-37.511,74.083,49.213,62.094,133.33,133.31
121.04,80.795,-24.727,-100.58,78.044,14.918,-40.584,62.953,41.155,54.587,123.13,123.21
115.13,74.494,-25.017,-94.837,75.515,11.256,-43.522,50.927,34.169,48.159,113.1,113.53
109.44,68.54,-25.178,-89.501,72.932,8.0871,-46.409,37.664,28.049,42.51,103.44,104.7
103.99,63.059,-25.215,-84.53,70.264,5.3933,-49.192,25.097,22.627,37.402,94.161,96.78
98.827,57.898,-25.163,-79.759,67.476,3.2072,-51.715,16.051,17.774,32.708,85.046,89.533
93.922,52.636,-25.078,-74.973,64.571,1.5051,-53.692,10.435,13.42,28.377,75.799,82.443
89.126,46.727,-25.007,-69.972,61.604,0.13301,-54.793,6.6609,9.5467,24.419,66.335,74.92
84.252,39.789,-24.974,-64.589,58.681,-1.1236,-54.815,3.679,6.145,20.886,57.113,66.521
79.166,32.042,-24.964,-58.727,55.888,-2.4243,-53.834,1.0104,3.1818,17.831,48.881,57.216
73.818,24.418,-24.932,-52.465,53.239,-3.8181,-52.23,-1.5748,0.5908,15.27,41.939,47.619
68.251,17.844,-24.82,-46.069,50.692,-5.2572,-50.577,-4.228,-1.7159,13.163,35.995,38.815
62.579,12.608,-24.58,-39.862,48.182,-6.6481,-49.44,-7.085,-3.8333,11.424,30.601,31.53
56.929,8.5104,-24.195,-34.043,45.659,-7.9064,-49.177,-10.266,-5.8493,9.9378,25.464,25.682
51.368,5.2385,-23.688,-28.621,43.103,-8.9932,-49.825,-13.83,-7.8322,8.5955,20.499,20.798
45.906,2.5614,-23.109,-23.498,40.529,-9.9244,-51.122,-17.705,-9.8176,7.3207,15.794,16.425
40.549,0.38505,-22.521,-18.623,37.984,-10.759,-52.649,-21.668,-11.798,6.0884,11.532,12.283
35.352,-1.3101,-21.969,-14.128,35.524,-11.562,-54.013,-25.415,-13.724,4.9161,7.8715,8.4438
30.451,-2.5765,-21.468,-10.319,33.178,-12.364,-54.962,-28.707,-15.521,3.8363,4.8486,5.2409
26.042,-3.539,-20.99,-7.4003,30.942,-13.144,-55.417,-31.477,-17.126,2.87,2.3808,2.7816
22.228,-4.3384,-20.476,-5.2624,28.784,-13.856,-55.453,-33.815,-18.521,2.0104,0.33214,0.88396
18.918,-5.0636,-19.862,-3.6283,26.651,-14.466,-55.214,-35.882,-19.742,1.2228,-1.4316,-0.66295
15.955,-5.7307,-19.099,-2.2844,24.486,-14.964,-54.791,-37.808,-20.86,0.45687,-3.0165,-1.9964
13.277,-6.3071,-18.183,-1.1456,22.269,-15.347,-54.174,-39.627,-21.943,-0.335,-4.4927,-3.1939
10.933,-6.7531,-17.145,-0.20342,20.05,-15.611,-53.292,-41.282,-23.021,-1.1824,-5.8962,-4.2982
8.988,-7.0556,-16.041,0.53755,17.943,-15.753,-52.095,-42.663,-24.076,-2.0907,-7.2368,-5.3335
7.4407,-7.2437,-14.921,1.1037,16.056,-15.774,-50.637,-43.672,-25.059,-3.0459,-8.5103,-6.3191
6.2074,-7.3897,-13.825,1.5619,14.426,-15.701,-49.103,-44.266,-25.909,-4.0242,-9.709,-7.2796
5.145,-7.5932,-12.774,2.0114,13.001,-15.582,-47.799,-44.478,-26.582,-5.0031,-10.828,-8.2434
4.0976,-7.9521,-11.766,2.5593,11.677,-15.464,-47.04,-44.402,-27.067,-5.9671,-11.867,-9.2312
2.9473,-8.5283,-10.789,3.2873,10.366,-15.38,-46.98,-44.163,-27.382,-6.9099,-12.824,-10.242
1.6489,-9.3202,-9.826,4.2194,9.0258,-15.333,-47.496,-43.875,-27.566,-7.8364,-13.702,-11.252
0.23683,-10.252,-8.8685,5.306,7.6704,-15.298,-48.208,-43.604,-27.67,-8.7645,-14.506,-12.221
-1.1915,-11.184,-7.9179,6.432,6.3455,-15.23,-48.618,-43.352,-27.748,-9.7237,-15.254,-13.109
-2.505,-11.952,-6.9872,7.4453,5.1058,-15.081,-48.316,-43.068,-27.85,-10.753,-15.974,-13.888
-3.5751,-12.413,-6.0992,8.2008,4.0019,-14.834,-47.137,-42.683,-28.018,-11.896,-16.699,-14.553
-4.3188,-12.495,-5.2786,8.6085,3.0692,-14.51,-45.212,-42.138,-28.282,-13.196,-17.46,-15.125
-4.7351,-12.223,-4.5429,8.6676,2.3132,-14.174,-42.905,-41.419,-28.655,-14.692,-18.277,-15.645
-4.9125,-11.716,-3.8957,8.4704,1.702,-13.904,-40.679,-40.551,-29.123,-16.401,-19.156,-16.155
-4.9987,-11.15,-3.3275,8.1715,1.1763,-13.765,-38.969,-39.579,-29.645,-18.308,-20.082,-16.671
-5.1464,-10.699,-2.819,7.9368,0.67277,-13.769,-38.039,-38.537,-30.164,-20.352,-21.022,-17.178
-5.4652,-10.489,-2.3459,7.8949,0.14417,-13.862,-37.879,-37.429,-30.617,-22.437,-21.926,-17.631
-5.9993,-10.561,-1.8838,8.1124,-0.43245,-13.942,-38.211,-36.234,-30.958,-24.459,-22.744,-17.979
-6.734,-10.887,-1.4135,8.5943,-1.0581,-13.909,-38.614,-34.924,-31.17,-26.346,-23.449,-18.183
-7.6178,-11.417,-0.92752,9.3014,-1.7172,-13.705,-38.647,-33.489,-31.273,-28.097,-24.05,-18.235
-8.5865,-12.103,-0.43243,10.169,-2.3838,-13.337,-37.983,-31.934,-31.312,-29.772,-24.588,-18.154
-9.5735,-12.896,0.054998,11.122,-3.0279,-12.87,-36.565,-30.273,-31.337,-31.464,-25.116,-17.98
-10.512,-13.721,0.5179,12.068,-3.6214,-12.383,-34.578,-28.518,-31.384,-33.258,-25.673,-17.757
-11.336,-14.468,0.94994,12.909,-4.1442,-11.923,-32.246,-26.687,-31.471,-35.195,-26.277,-17.523
-11.986,-15.01,1.3611,13.544,-4.5877,-11.481,-29.709,-24.799,-31.596,-37.265,-26.928,-17.302
-12.414,-15.217,1.7761,13.884,-4.9531,-10.993,-27.057,-22.876,-31.747,-39.412,-27.618,-17.104
-12.585,-14.985,2.2253,13.859,-5.2444,-10.37,-24.381,-20.931,-31.897,-41.554,-28.334,-16.92
-12.483,-14.265,2.732,13.435,-5.4634,-9.5397,-21.771,-18.968,-32.011,-43.608,-29.06,-16.724
-12.115,-13.092,3.3008,12.634,-5.6094,-8.4871,-19.298,-16.989,-32.052,-45.515,-29.779,-16.49
-11.522,-11.591,3.9124,11.539,-5.6833,-7.2686,-17.003,-15.009,-31.998,-47.261,-30.476,-16.196
-10.782,-9.9523,4.5286,10.291,-5.6914,-5.9984,-14.884,-13.058,-31.846,-48.875,-31.146,-15.843
-9.9982,-8.3893,5.1078,9.058,-5.6479,-4.8072,-12.903,-11.173,-31.608,-50.413,-31.789,-15.453
-9.2813,-7.0837,5.6237,7.9939,-5.5769,-3.8025,-11.016,-9.3899,-31.298,-51.927,-32.412,-15.06
-8.722,-6.1468,6.0762,7.2056,-5.5106,-3.0439,-9.1841,-7.7348,-30.921,-53.44,-33.021,-14.698
-8.3734,-5.6068,6.487,6.7357,-5.4829,-2.5368,-7.3599,-6.2289,-30.479,-54.936,-33.613,-14.388
-8.2451,-5.42,6.8859,6.5661,-5.52,-2.2412,-5.5113,-4.885,-29.974,-56.372,-34.165,-14.128
-8.3108,-5.4992,7.294,6.6368,-5.633,-2.0904,-3.6703,-3.7031,-29.418,-57.696,-34.639,-13.898
-8.5269,-5.7471,7.7146,6.873,-5.818,-2.0165,-1.9432,-2.6676,-28.831,-58.873,-34.997,-13.665
-8.8551,-6.0882,8.1337,7.2126,-6.0638,-1.9739,-0.46229,-1.7505,-28.237,-59.897,-35.224,-13.407
-9.2783,-6.4876,8.5275,7.6257,-6.3617,-1.9527,0.68171,-0.91966,-27.663,-60.792,-35.338,-13.123
-9.8011,-6.9475,8.8743,8.1126,-6.7112,-1.9718,1.4866,-0.1488,-27.128,-61.591,-35.385,-12.841
-10.431,-7.4797,9.1647,8.6819,-7.1154,-2.0581,2.0452,0.57757,-26.635,-62.32,-35.412,-12.599
-11.153,-8.0728,9.4069,9.3212,-7.5717,-2.2223,2.5061,1.2648,-26.16,-62.975,-35.443,-12.424
-11.92,-8.6766,9.6229,9.9823,-8.0643,-2.4461,3.0027,1.9138,-25.656,-63.524,-35.463,-12.318
-12.656,-9.2134,9.8359,10.59,-8.5622,-2.6854,3.5912,2.5279,-25.063,-63.915,-35.423,-12.258
-13.279,-9.6068,10.056,11.069,-9.0242,-2.8869,4.2286,3.1153,-24.332,-64.099,-35.257,-12.201
-13.729,-9.8095,10.273,11.369,-9.4087,-3.0086,4.7942,3.6912,-23.439,-64.042,-34.904,-12.1
-13.986,-9.8171,10.457,11.478,-9.6853,-3.0323,5.1418,4.2719,-22.394,-63.737,-34.329,-11.92
-14.065,-9.6619,10.578,11.424,-9.8423,-2.9631,5.1674,4.8692,-21.24,-63.207,-33.526,-11.649
-14.005,-9.3937,10.616,11.249,-9.8865,-2.8185,4.8737,5.4862,-20.036,-62.489,-32.522,-11.307
-13.845,-9.0594,10.573,10.996,-9.8352,-2.6181,4.4021,6.1098,-18.84,-61.613,-31.363,-10.927
-13.603,-8.6903,10.468,10.689,-9.7054,-2.3792,4.009,6.7114,-17.697,-60.586,-30.101,-10.542
-13.275,-8.3006,10.317,10.336,-9.5031,-2.1176,3.9858,7.2534,-16.62,-59.381,-28.783,-10.177
-12.844,-7.8948,10.121,9.9354,-9.2213,-1.8506,4.5356,7.7091,-15.595,-57.948,-27.43,-9.8283
-12.293,-7.4752,9.8707,9.484,-8.8486,-1.5962,5.6794,8.0765,-14.58,-56.222,-26.036,-9.4688
-11.627,-7.0467,9.5553,8.9859,-8.3834,-1.37,7.223,8.3791,-13.525,-54.135,-24.577,-9.0508
-10.873,-6.617,9.1819,8.4538,-7.8437,-1.1801,8.8064,8.6528,-12.396,-51.633,-23.037,-8.5332
-10.073,-6.1914,8.7761,7.9047,-7.2636,-1.0239,10.014,8.9287,-11.188,-48.705,-21.426,-7.9021
-9.268,-5.7695,8.3717,7.3517,-6.6798,-0.88919,10.507,9.223,-9.9216,-45.404,-19.788,-7.1775
-8.476,-5.3433,7.9958,6.7972,-6.1153,-0.75889,10.141,9.5354,-8.6319,-41.844,-18.181,-6.4003
-7.6911,-4.8987,7.6593,6.231,-5.5725,-0.61609,9.0268,9.8528,-7.3516,-38.174,-16.651,-5.6127
-6.8907,-4.42,7.3582,5.6357,-5.0385,-0.44711,7.5056,10.154,-6.1042,-34.525,-15.217,-4.8455
-6.0554,-3.8961,7.0797,4.998,-4.4992,-0.24333,6.0455,10.414,-4.9052,-30.989,-13.875,-4.1175
-5.1852,-3.3255,6.808,4.3184,-3.9513,-0.00086292,5.0844,10.609,-3.7638,-27.62,-12.613,-3.4375
-4.298,-2.7111,6.5335,3.6076,-3.4038,0.28369,4.8822,10.725,-2.6801,-24.446,-11.416,-2.806
-3.4136,-2.0451,6.256,2.871,-2.8703,0.62094,5.44,10.766,-1.6473,-21.478,-10.272,-2.2096
-2.5376,-1.2998,5.9871,2.0958,-2.3591,1.0302,6.5161,10.751,-0.64813,-18.716,-9.1646,-1.6254
-1.6596,-0.43856,5.7427,1.256,-1.8702,1.5296,7.7302,10.703,0.33615,-16.154,-8.081,-1.0308
-0.76485,0.55762,5.5347,0.33186,-1.3977,2.1208,8.7103,10.64,1.3194,-13.777,-7.0198,-0.41582
0.15039,1.6681,5.365,-0.6708,-0.93656,2.7786,9.2125,10.575,2.3103,-11.583,-5.9901,0.21201
1.0724,2.8302,5.2243,-1.7137,-0.48503,3.4512,9.1621,10.514,3.317,-9.5628,-5.0046,0.83419
1.9717,3.9504,5.0929,-2.7317,-0.044722,4.0713,8.6403,10.466,4.3522,-7.7078,-4.071,1.4268
2.8104,4.9254,4.9472,-3.6473,0.38123,4.5705,7.851,10.44,5.4324,-6.002,-3.1847,1.9661
3.5493,5.6624,4.7674,-4.3877,0.78851,4.8948,7.0677,10.446,6.5688,-4.4246,-2.3322,2.438
4.1569,6.0997,4.5443,-4.9022,1.172,5.0179,6.5628,10.481,7.7572,-2.9514,-1.4939,2.8406
4.6204,6.2248,4.2783,-5.1788,1.5279,4.9508,6.511,10.524,8.9744,-1.5573,-0.64993,3.1847
4.9552,6.0855,3.9741,-5.2541,1.8581,4.7427,6.9257,10.542,10.179,-0.2183,0.21591,3.4913
5.2044,5.7825,3.6364,-5.2066,2.1709,4.4676,7.6515,10.509,11.331,1.0873,1.1171,3.7895
5.421,5.4339,3.2674,-5.127,2.4788,4.1967,8.4179,10.413,12.405,2.3775,2.0606,4.1092
5.6405,5.1277,2.8665,-5.0778,2.7889,3.9684,8.936,10.26,13.391,3.6556,3.0446,4.4673
5.8625,4.8873,2.433,-5.0666,3.0985,3.7735,8.9853,10.068,14.295,4.9104,4.0566,4.8551
6.0496,4.67,1.9701,-5.0459,3.3933,3.5701,8.4636,9.8615,15.13,6.1252,5.0751,5.2358
6.1537,4.3989,1.4855,-4.9476,3.6544,3.3153,7.3999,9.6638,15.922,7.2841,6.0749,5.5566
6.1427,4.0131,0.98912,-4.7199,3.8703,2.9905,5.9467,9.4936,16.699,8.3841,7.0326,5.7696
6.0161,3.496,0.49141,-4.3523,4.0402,2.6032,4.3636,9.3593,17.487,9.4344,7.9305,5.8517
5.7955,2.872,0.00042074,-3.869,4.1724,2.1744,2.9747,9.2542,18.287,10.448,8.7554,5.8145
5.5072,2.193,-0.47435,-3.3167,4.2721,1.7314,2.0903,9.1561,19.078,11.43,9.5039,5.6958
5.1769,1.5317,-0.91856,-2.7592,4.336,1.3065,1.9128,9.0369,19.808,12.373,10.179,5.5444
4.8331,0.96822,-1.3119,-2.2681,4.3558,0.93381,2.4654,8.8734,20.414,13.265,10.789,5.3987
4.5043,0.5622,-1.6353,-1.898,4.3277,0.64032,3.5804,8.6558,20.843,14.09,11.346,5.2745
4.2074,0.32389,-1.8843,-1.66,4.2573,0.43308,4.9563,8.3882,21.059,14.843,11.857,5.1654
3.9348,0.20291,-2.0778,-1.5115,4.158,0.29092,6.2603,8.0834,21.061,15.523,12.321,5.047
3.6511,0.099277,-2.2541,-1.3671,4.0429,0.16824,7.2253,7.7564,20.879,16.139,12.729,4.8916
3.2983,-0.10569,-2.4564,-1.1215,3.9154,0.01082,7.7014,7.4197,20.568,16.703,13.066,4.6798
2.814,-0.51337,-2.7162,-0.68288,3.7629,-0.22408,7.657,7.0825,20.189,17.229,13.325,4.407
2.1478,-1.1711,-3.0392,-0.0015285,3.5584,-0.55217,7.145,6.7521,19.796,17.734,13.499,4.0859
1.2905,-2.047,-3.3978,0.90267,3.2713,-0.95647,6.2715,6.4366,19.414,18.232,13.593,3.7449
0.30227,-3.0311,-3.7341,1.929,2.8936,-1.3923,5.1837,6.1456,19.041,18.735,13.618,3.4229
-0.68467,-3.9694,-3.9819,2.9188,2.462,-1.8009,4.0701,5.8882,18.658,19.242,13.594,3.1608
-1.5087,-4.7185,-4.1034,3.71,2.0533,-2.1289,3.1467,5.6703,18.232,19.739,13.549,2.9916
-2.0416,-5.1958,-4.1125,4.194,1.7532,-2.353,2.6104,5.4926,17.749,20.2,13.51,2.9303
-2.2374,-5.4102,-4.0689,4.3536,1.6154,-2.4992,2.578,5.3495,17.204,20.591,13.488,2.9673
-2.1492,-5.4619,-4.0403,4.2725,1.6393,-2.6374,3.0683,5.2273,16.609,20.875,13.474,3.0654
-1.9164,-5.5018,-4.0647,4.1078,1.7686,-2.8401,4.0339,5.1062,15.978,21.02,13.434,3.1691
-1.7094,-5.6595,-4.1365,4.0211,1.9126,-3.1312,5.3875,4.966,15.325,21.017,13.334,3.2258
-1.6583,-5.9662,-4.2087,4.1028,1.9831,-3.4574,6.989,4.7955,14.666,20.893,13.153,3.2103
-1.7881,-6.311,-4.2154,4.3155,1.9308,-3.6993,8.6357,4.5961,14.017,20.705,12.912,3.1383
-1.9955,-6.47,-4.1013,4.4937,1.7703,-3.7153,10.074,4.3802,13.391,20.515,12.655,3.0567
-2.0948,-6.2066,-3.8497,4.418,1.5726,-3.4018,11.013,4.1635,12.791,20.356,12.432,3.0167
-1.9129,-5.3877,-3.4909,3.925,1.4306,-2.7426,11.151,3.9572,12.208,20.211,12.268,3.0472
-1.377,-4.053,-3.09,2.9907,1.4128,-1.8219,10.266,3.7633,11.626,20.015,12.155,3.1396
-0.55238,-2.4134,-2.7146,1.7502,1.5316,-0.79757,8.3444,3.5756,11.03,19.692,12.056,3.2485
0.37616,-0.78434,-2.4036,0.45465,1.7335,0.1505,5.6628,3.3841,10.412,19.182,11.926,3.3077
1.1666,0.5182,-2.1551,-0.6118,1.9161,0.87504,2.7612,3.1808,9.776,18.464,11.724,3.253
1.6043,1.2759,-1.9303,-1.2272,1.9665,1.3,0.2755,2.9641,9.1305,17.565,11.427,3.0469
1.575,1.4273,-1.6726,-1.3,1.8088,1.4335,-1.2832,2.7401,8.4933,16.551,11.036,2.693
1.1054,1.0684,-1.3363,-0.88975,1.4362,1.3535,-1.6945,2.5213,7.8866,15.506,10.576,2.235
0.34545,0.39783,-0.91131,-0.17069,0.91547,1.1714,-1.0809,2.3207,7.3323,14.507,10.085,1.7375
-0.49908,-0.36574,-0.43108,0.64324,0.35313,0.98605,0.15357,2.1468,6.8435,13.593,9.597,1.258
-1.247,-1.0593,0.041784,1.3748,-0.14955,0.84491,1.4909,1.9994,6.4174,12.76,9.1212,0.82228
-1.8042,-1.6192,0.44155,1.936,-0.53532,0.73021,2.4965,1.8699,6.034,11.967,8.6398,0.41901
-2.1871,-2.0807,0.72453,2.3426,-0.80753,0.58421,2.9554,1.7394,5.6584,11.156,8.1207,0.014483
-2.4917,-2.5231,0.88921,2.6813,-1.0171,0.3615,2.903,1.5852,5.2578,10.291,7.5447,-0.41906
-2.8165,-2.986,0.97414,3.0313,-1.2256,0.071933,2.5618,1.3873,4.8133,9.3691,6.9282,-0.88095
-3.1929,-3.4267,1.0396,3.3993,-1.4699,-0.21709,2.2275,1.1348,4.3263,8.4312,6.3223,-1.34
-3.583,-3.7497,1.1447,3.7266,-1.7533,-0.41208,2.1363,0.82666,3.8136,7.5392,5.7902,-1.7504
-3.9294,-3.8661,1.3249,3.9444,-2.0588,-0.43437,2.3799,0.46946,3.2962,6.7467,5.3783,-2.0741
-4.1963,-3.7364,1.5825,4.017,-2.3649,-0.25334,2.9101,0.075248,2.7886,6.0719,5.0949,-2.2964
-4.3796,-3.3874,1.8881,3.952,-2.6537,0.10014,3.5863,-0.33945,2.2951,5.4941,4.9086,-2.4281
-4.4967,-2.9014,2.1952,3.7901,-2.9132,0.54554,4.2266,-0.75252,1.813,4.9672,4.7645,-2.4932
-4.573,-2.3869,2.4593,3.5864,-3.1377,0.98153,4.6689,-1.137,1.3407,4.449,4.6112,-2.5144
-4.6333,-1.946,2.6597,3.394,-3.3291,1.3179,4.8249,-1.4653,0.88239,3.9229,4.4227,-2.501
-4.7,-1.6503,2.8061,3.2547,-3.4974,1.4999,4.6874,-1.716,0.45106,3.4042,4.2072,-2.4467
-4.7942,-1.5326,2.9276,3.1973,-3.6583,1.5192,4.2927,-1.8797,0.066762,2.9325,3.9994,-2.3347
-4.936,-1.5945,3.056,3.2408,-3.8271,1.4073,3.6863,-1.9618,-0.24928,2.5542,3.8441,-2.1477
-5.1453,-1.8226,3.2114,3.4004,-4.0132,1.2149,2.9262,-1.9821,-0.48458,2.3023,3.7794,-1.881
-5.4431,-2.2029,3.3952,3.6917,-4.2212,0.98921,2.1148,-1.971,-0.645,2.1787,3.8247,-1.5499
-5.8491,-2.7242,3.5906,4.1278,-4.4546,0.75927,1.4184,-1.9618,-0.75745,2.1495,3.977,-1.1885
-6.3727,-3.3713,3.7676,4.7084,-4.7158,0.53149,1.039,-1.9827,-0.86287,2.1546,4.2114,-0.83948
-6.998,-4.1116,3.8923,5.4051,-5.0002,0.29823,1.1584,-2.0513,-1.0024,2.129,4.4873,-0.54083
-7.673,-4.8809,3.9397,6.1513,-5.2898,0.054185,1.8742,-2.1716,-1.2029,2.0264,4.7567,-0.31627
-8.3094,-5.5783,3.9029,6.8419,-5.5537,-0.18953,3.1512,-2.3333,-1.4678,1.8329,4.9744,-0.17281
-8.8023,-6.0832,3.7942,7.3536,-5.7562,-0.40339,4.8067,-2.5074,-1.7753,1.568,5.1073,-0.10526
-9.0662,-6.2954,3.6367,7.5857,-5.8701,-0.55169,6.5334,-2.6497,-2.0859,1.2704,5.1383,-0.10504
-9.073,-6.1802,3.4522,7.5035,-5.8895,-0.61161,7.9641,-2.7117,-2.3571,0.97976,5.0646,-0.1689
-8.8682,-5.7912,3.2566,7.1592,-5.8347,-0.588,8.7728,-2.656,-2.5581,0.72197,4.8933,-0.30222
-8.5554,-5.2588,3.0585,6.6767,-5.7441,-0.51593,8.7862,-2.472,-2.6792,0.50455,4.6399,-0.51355
-8.257,-4.7504,2.8617,6.2115,-5.6581,-0.45128,8.0594,-2.1833,-2.7325,0.3214,4.329,-0.80239
-8.0727,-4.4238,2.6649,5.9054,-5.6017,-0.45457,6.872,-1.8395,-2.7432,0.16315,3.9936,-1.1481
-8.0505,-4.3868,2.4629,5.8498,-5.576,-0.57314,5.6319,-1.497,-2.7373,0.02644,3.6702,-1.509
-8.1821,-4.6767,2.2491,6.0687,-5.5621,-0.82688,4.7204,-1.1981,-2.7297,-0.084144,3.3871,-1.836
-8.4216,-5.2592,2.0211,6.5229,-5.5366,-1.2025,4.351,-0.95945,-2.7218,-0.16384,3.1502,-2.0942
-8.7126,-6.0437,1.7853,7.1294,-5.486,-1.6587,4.5053,-0.7762,-2.7083,-0.22007,2.9351,-2.2804
-9.0033,-6.9046,1.5552,7.7823,-5.4103,-2.1387,4.9523,-0.63548,-2.6888,-0.2792,2.691,-2.4242
-9.245,-7.7006,1.347,8.3685,-5.3172,-2.5803,5.3344,-0.53058,-2.6756,-0.38072,2.3597,-2.5721
-9.3871,-8.2878,1.1764,8.7763,-5.2152,-2.921,5.3193,-0.46664,-2.6923,-0.56095,1.9001,-2.7633
-9.3835,-8.5346,1.0569,8.9086,-5.1121,-3.1011,4.7662,-0.45577,-2.7641,-0.83585,1.307,-3.0094
-9.2087,-8.3522,0.99779,8.7088,-5.0165,-3.0742,3.8039,-0.50571,-2.9065,-1.1926,0.61452,-3.286
-8.8722,-7.7312,1.0024,8.1851,-4.9387,-2.8224,2.7679,-0.60899,-3.1176,-1.5937,-0.11592,-3.5429
-8.4213,-6.7567,1.0697,7.4138,-4.8901,-2.3684,2.0398,-0.73887,-3.3768,-1.9908,-0.81486,-3.7237
-7.9297,-5.5906,1.1987,6.5222,-4.8822,-1.7745,1.8774,-0.85467,-3.6489,-2.3408,-1.4229,-3.7857
-7.4853,-4.4371,1.3917,5.6663,-4.9252,-1.1329,2.3032,-0.91058,-3.8925,-2.6187,-1.9031,-3.7134
-7.1811,-3.5084,1.6507,5.0096,-5.0292,-0.55178,3.0875,-0.87795,-4.0705,-2.8221,-2.2466,-3.5231
-7.1058,-2.9908,1.9721,4.698,-5.2058,-0.13676,3.8369,-0.74992,-4.1591,-2.9669,-2.468,-3.2546
-7.3243,-3.0025,2.3431,4.8227,-5.4664,0.036033,4.1514,-0.54056,-4.1507,-3.0769,-2.5952,-2.954
-7.8509,-3.5511,2.7447,5.386,-5.8162,-0.049144,3.7883,-0.27814,-4.0537,-3.1738,-2.6567,-2.655
-8.6319,-4.513,3.1584,6.2857,-6.2479,-0.3346,2.7661,0.0018227,-3.8908,-3.2723,-2.6766,-2.369
-9.5528,-5.6541,3.5739,7.334,-6.7426,-0.70539,1.3611,0.26343,-3.6973,-3.3813,-2.6747,-2.0876
-10.469,-6.6896,3.9911,8.3083,-7.2743,-1.0254,0.0056527,0.47975,-3.5161,-3.5082,-2.669,-1.7952
-11.245,-7.3651,4.4151,9.0156,-7.8159,-1.179,-0.86055,0.6418,-3.3863,-3.6626,-2.6751,-1.483
-11.796,-7.5339,4.846,9.3471,-8.3424,-1.1056,-0.92935,0.76014,-3.3315,-3.8556,-2.7024,-1.1554
-12.098,-7.1967,5.2695,9.2996,-8.8302,-0.81711,-0.11538,0.85676,-3.3509,-4.0966,-2.7509,-0.82658
-12.181,-6.4911,5.6535,8.9616,-9.2494,-0.39093,1.4281,0.95396,-3.4178,-4.3856,-2.8087,-0.50914
-12.111,-5.6449,5.9537,8.4834,-9.5627,0.05182,3.3785,1.068,-3.4848,-4.7055,-2.8519,-0.20232
-11.977,-4.9175,6.1291,8.0467,-9.7399,0.37478,5.3755,1.2088,-3.4964,-5.0188,-2.8489,0.10506
-11.882,-4.5408,6.1598,7.8284,-9.7843,0.46405,7.1448,1.3814,-3.4052,-5.2742,-2.7686,0.42908
-11.922,-4.6579,6.0579,7.9511,-9.7409,0.26938,8.5387,1.587,-3.1885,-5.4225,-2.5923,0.78141
-12.152,-5.2725,5.8623,8.4325,-9.6728,-0.17758,9.4845,1.8226,-2.8555,-5.4362,-2.3252,1.1624
-12.545,-6.2328,5.6222,9.1624,-9.6237,-0.77544,9.9209,2.0793,-2.4441,-5.3218,-2.0015,1.5575
-12.985,-7.2706,5.3785,9.9279,-9.5957,-1.3855,9.8029,2.3422,-2.0097,-5.1224,-1.6772,1.9372
-13.309,-8.0902,5.1499,10.489,-9.5561,-1.8751,9.1713,2.5923,-1.6102,-4.9058,-1.4243,2.2631
-13.379,-8.4734,4.9285,10.672,-9.4632,-2.1586,8.2103,2.8138,-1.2915,-4.7434,-1.3072,2.4991
-13.144,-8.3499,4.6876,10.431,-9.2913,-2.2179,7.225,3.0001,-1.0707,-4.6854,-1.3625,2.6239
-12.653,-7.805,4.4024,9.8465,-9.0435,-2.0962,6.5411,3.1625,-0.93775,-4.7415,-1.5851,2.638
-12.032,-7.0381,4.0718,9.0884,-8.7534,-1.8772,6.3804,3.3242,-0.85514,-4.8762,-1.9314,2.5596
-11.45,-6.2988,3.7272,8.372,-8.4804,-1.6618,6.7771,3.5091,-0.77339,-5.0214,-2.3363,2.4123
-11.081,-5.8202,3.4222,7.9075,-8.2955,-1.5412,7.5681,3.7314,-0.65,-5.1006,-2.7337,2.2168
-11.044,-5.7624,3.21,7.8466,-8.2563,-1.5686,8.4525,3.9891,-0.46209,-5.0541,-3.0702,1.9901
-11.371,-6.1718,3.1222,8.2354,-8.3791,-1.7446,9.0982,4.2708,-0.20809,-4.8571,-3.3128,1.7506
-11.979,-6.9667,3.1584,8.9934,-8.6248,-2.0245,9.2708,4.5618,0.096629,-4.5232,-3.4517,1.5187
-12.702,-7.9573,3.2873,9.9319,-8.9107,-2.3373,8.9506,4.8485,0.42411,-4.0982,-3.4997,1.3096
-13.338,-8.8975,3.4601,10.811,-9.1428,-2.6063,8.3761,5.1196,0.73748,-3.6472,-3.4868,1.1259
-13.715,-9.5517,3.6275,11.408,-9.2516,-2.7662,7.9603,5.3656,0.99782,-3.2372,-3.4495,0.95503
-13.735,-9.7563,3.7548,11.584,-9.2134,-2.7746,8.0958,5.5791,1.1741,-2.9204,-3.4204,0.77698
-13.406,-9.4559,3.8281,11.305,-9.0524,-2.6152,8.9478,5.7552,1.252,-2.7148,-3.4202,0.57519
-12.82,-8.7062,3.8546,10.641,-8.8261,-2.296,10.349,5.8902,1.2386,-2.6057,-3.4545,0.35323
-12.109,-7.6478,3.8564,9.7275,-8.5993,-1.845,11.844,5.9819,1.1609,-2.5485,-3.5123,0.14106
-11.394,-6.4634,3.8569,8.718,-8.4128,-1.3094,12.856,6.0315,1.0611,-2.486,-3.5677,-0.0096167
-10.743,-5.3354,3.8625,7.7521,-8.2619,-0.75284,12.906,6.0473,0.98661,-2.3679,-3.5831,-0.042641
-10.177,-4.4204,3.8513,6.9428,-8.1004,-0.25337,11.803,6.0454,0.98316,-2.1656,-3.5181,0.079151
-9.6937,-3.8395,3.7806,6.3745,-7.871,0.10307,9.7101,6.0462,1.0809,-1.8776,-3.3448,0.35596
-9.2975,-3.6662,3.6071,6.0955,-7.5428,0.23723,7.0679,6.0683,1.2867,-1.524,-3.0525,0.7489
-8.9985,-3.9089,3.3091,6.1063,-7.1263,0.1022,4.4435,6.1227,1.5847,-1.1348,-2.6532,1.1952
-8.7932,-4.4956,2.8962,6.3487,-6.6569,-0.29287,2.3741,6.2098,1.9394,-0.74235,-2.175,1.6316
-8.6457,-5.2789,2.4031,6.7085,-6.1692,-0.87882,1.2352,6.3203,2.3099,-0.36838,-1.6553,2.0179
-8.491,-6.0672,1.8749,7.0413,-5.6837,-1.5441,1.1503,6.4375,2.6527,-0.026815,-1.1295,2.3469
-8.2586,-6.6737,1.3545,7.2116,-5.2079,-2.163,1.9656,6.5414,2.9287,0.27417,-0.62759,2.6389
-7.8971,-6.9646,0.87453,7.1302,-4.7428,-2.6257,3.332,6.614,3.1097,0.52906,-0.1715,2.923
-7.3912,-6.893,0.45399,6.7763,-4.2892,-2.8648,4.8722,6.6459,3.1864,0.73189,0.22374,3.2142
-6.774,-6.512,0.096748,6.2066,-3.8545,-2.8774,6.3237,6.6376,3.1686,0.87277,0.54616,3.4966
-6.1295,-5.9656,-0.20704,5.549,-3.4567,-2.7301,7.578,6.5988,3.0794,0.93355,0.78289,3.7229
-5.5758,-5.4503,-0.47508,4.9714,-3.1234,-2.5385,8.6204,6.5426,2.9469,0.89899,0.9205,3.8343
-5.2229,-5.1476,-0.72346,4.6249,-2.8806,-2.4179,9.4333,6.4803,2.7981,0.76516,0.94964,3.7887
-5.1222,-5.1468,-0.9574,4.5804,-2.7382,-2.4321,9.932,6.417,2.6543,0.55086,0.87076,3.5826
-5.2327,-5.3978,-1.1673,4.7882,-2.681,-2.567,9.9902,6.3501,2.5296,0.29995,0.69787,3.2518
-5.4297,-5.7299,-1.3328,5.0914,-2.6716,-2.7435,9.5401,6.2705,2.4278,0.066838,0.45781,2.8545
-5.5583,-5.9325,-1.4336,5.2968,-2.6652,-2.8563,8.6643,6.1676,2.3425,-0.099039,0.18327,2.4443
-5.5021,-5.8524,-1.4608,5.2628,-2.6268,-2.8225,7.6105,6.0359,2.2579,-0.17907,-0.099632,2.0458
-5.2298,-5.4568,-1.4237,4.955,-2.5442,-2.6195,6.7125,5.877,2.1505,-0.19723,-0.38335,1.6462
-4.8085,-4.8457,-1.3455,4.457,-2.4347,-2.3,6.2531,5.6981,1.9936,-0.21311,-0.68242,1.2057
-4.3852,-4.223,-1.2556,3.947,-2.3404,-1.9774,6.3441,5.5084,1.7591,-0.29716,-1.0243,0.68448
-4.1386,-3.8332,-1.1799,3.6432,-2.3138,-1.787,6.8874,5.3159,1.4284,-0.49913,-1.4309,0.070489
-4.2105,-3.8746,-1.1353,3.7226,-2.3956,-1.8353,7.6236,5.1269,1.0021,-0.82596,-1.9004,-0.60757
-4.6408,-4.4133,-1.1281,4.2423,-2.5912,-2.154,8.2304,4.9462,0.50482,-1.2392,-2.4005,-1.2874
-5.339,-5.3403,-1.1544,5.101,-2.86,-2.6806,8.4259,4.7761,-0.018274,-1.6674,-2.876,-1.8925
-6.1046,-6.4012,-1.2025,6.0643,-3.1256,-3.2764,8.0498,4.6158,-0.51184,-2.0345,-3.266,-2.356
-6.6995,-7.2894,-1.2568,6.8495,-3.3031,-3.7743,7.1139,4.4622,-0.92514,-2.2779,-3.5247,-2.639
-6.9374,-7.759,-1.304,7.2314,-3.3324,-4.0392,5.8148,4.313,-1.2253,-2.3643,-3.6347,-2.7435
-6.7544,-7.7122,-1.3414,7.1232,-3.2017,-4.0218,4.4906,4.1702,-1.4059,-2.2976,-3.6115,-2.7112
-6.231,-7.2265,-1.3787,6.6032,-2.952,-3.7757,3.5136,4.0411,-1.4882,-2.1215,-3.5003,-2.6089
-5.5598,-6.5175,-1.4324,5.8805,-2.6612,-3.4294,3.1511,3.9358,-1.5136,-1.9053,-3.3617,-2.5051
-4.9678,-5.8532,-1.5152,5.2139,-2.4142,-3.1308,3.4592,3.8614,-1.53,-1.7188,-3.2529,-2.4477
-4.6267,-5.4518,-1.629,4.8109,-2.2697,-2.9892,4.2612,3.8164,-1.5776,-1.6139,-3.2121,-2.4524
-4.5882,-5.3961,-1.7636,4.7485,-2.2387,-3.0339,5.221,3.7903,-1.6809,-1.6067,-3.2497,-2.5062
-4.7672,-5.6044,-1.9012,4.9477,-2.2815,-3.2052,5.9847,3.7679,-1.8396,-1.6758,-3.3487,-2.5807
-4.9823,-5.8798,-2.0239,5.2173,-2.3231,-3.3843,6.3322,3.738,-2.0327,-1.7726,-3.4712,-2.647
-5.0357,-6.0085,-2.1193,5.3443,-2.2844,-3.4466,6.2533,3.6976,-2.2254,-1.8407,-3.5707,-2.684
-4.7965,-5.8547,-2.1838,5.1864,-2.1131,-3.3202,5.9091,3.6494,-2.3836,-1.8384,-3.6069,-2.6823
-4.2513,-5.4158,-2.2239,4.7268,-1.8047,-3.0252,5.5172,3.5942,-2.4899,-1.7526,-3.5608,-2.6459
-3.5075,-4.8223,-2.2544,4.0778,-1.4042,-2.6674,5.2336,3.5256,-2.5515,-1.6024,-3.4443,-2.594
-2.7499,-4.2842,-2.2943,3.4328,-0.98736,-2.3882,5.0896,3.4306,-2.5962,-1.43,-3.2984,-2.5589
-2.1635,-3.9984,-2.3605,2.9837,-0.62716,-2.2977,4.9998,3.2972,-2.6586,-1.2862,-3.1801,-2.5751
-1.8503,-4.0538,-2.4624,2.833,-0.36082,-2.4252,4.8189,3.121,-2.7641,-1.2144,-3.1434,-2.6653
-1.7801,-4.3715,-2.5988,2.9317,-0.17526,-2.704,4.4127,2.9074,-2.9195,-1.2381,-3.222,-2.8328
-1.8001,-4.7221,-2.7565,3.0907,-0.017154,-2.9978,3.7205,2.6677,-3.1136,-1.3543,-3.4212,-3.0653
-1.7095,-4.8267,-2.9104,3.0674,0.17468,-3.1534,2.7908,2.4126,-3.3259,-1.5355,-3.7168,-3.3436
-1.3543,-4.4836,-3.0258,2.6815,0.43913,-3.0595,1.7787,2.1512,-3.5349,-1.7398,-4.061,-3.6477
-0.6876,-3.6505,-3.0672,1.8898,0.77828,-2.688,0.90068,1.8965,-3.7187,-1.9238,-4.3913,-3.9546
0.22423,-2.4494,-3.0137,0.79014,1.1638,-2.1026,0.36076,1.6693,-3.8505,-2.0549,-4.6408,-4.2334
1.2409,-1.1126,-2.8703,-0.42847,1.5527,-1.4375,0.27217,1.5059,-3.8954,-2.116,-4.7513,-4.4426
2.2071,0.09154,-2.6625,-1.5559,1.9034,-0.86036,0.60385,1.4459,-3.8137,-2.0978,-4.6848,-4.5379
3.0072,0.94356,-2.4165,-2.434,2.1874,-0.51936,1.1853,1.5159,-3.5698,-1.9913,-4.4299,-4.4887
3.6039,1.3723,-2.1394,-3.025,2.3933,-0.46903,1.7787,1.7166,-3.1419,-1.7801,-3.9983,-4.2934
4.0563,1.5317,-1.8126,-3.4498,2.5266,-0.62101,2.1868,2.0239,-2.5247,-1.4353,-3.4104,-3.9764
4.518,1.8012,-1.3974,-3.9772,2.6089,-0.75354,2.3402,2.4047,-1.724,-0.91903,-2.6765,-3.5673
5.2034,2.705,-0.84803,-4.9705,2.6731,-0.55679,2.3167,2.8312,-0.75803,-0.19624,-1.7981,-3.0826
6.3085,4.7615,-0.12415,-6.7758,2.7515,0.3058,2.2916,3.2849,0.33838,0.74317,-0.78417,-2.5268
7.8957,8.2432,0.79631,-9.5368,2.8592,2.0972,2.4574,3.7535,1.5056,1.864,0.32658,-1.9096
9.818,12.961,1.9067,-13.031,2.9866,4.876,2.9615,4.2256,2.6593,3.0773,1.4529,-1.2618
11.772,18.367,3.1615,-16.739,3.1125,8.4532,3.8824,4.6915,3.7062,4.252,2.478,-0.63839
13.47,23.873,4.4712,-20.132,3.2276,12.488,5.2204,5.1471,4.5745,5.2492,3.2823,-0.10193
14.79,28.981,5.7135,-22.899,3.3423,16.622,6.8829,5.599,5.247,5.9745,3.7931,0.3045
15.798,33.289,6.7726,-24.987,3.4738,20.563,8.6792,6.0653,5.7802,6.4283,4.0248,0.57984
16.649,36.552,7.5929,-26.528,3.6315,24.012,10.344,6.5707,6.2941,6.7226,4.0816,0.76577
17.506,38.808,8.2097,-27.758,3.8161,26.635,11.587,7.137,6.9345,7.0512,4.1211,0.932
18.533,40.514,8.7254,-29.046,4.027,28.395,12.145,7.7746,7.8257,7.6277,4.3037,1.1533
19.931,42.49,9.2365,-30.87,4.2733,29.829,11.841,8.4758,9.0319,8.6234,4.7519,1.4894
21.939,45.371,9.7684,-33.586,4.5818,31.654,10.655,9.2142,10.541,10.124,5.5297,1.9709
24.703,48.67,10.272,-36.943,4.9999,33.658,8.8016,9.9457,12.271,12.112,6.639,2.5993
27.989,50.794,10.667,-39.904,5.584,34.45,6.7404,10.618,14.09,14.468,8.0272,3.3574
31.158,50.827,10.879,-41.602,6.3752,33.371,5.0666,11.18,15.854,17.009,9.6043,4.2234
33.771,49.391,10.854,-42.205,7.3777,31.023,4.3148,11.599,17.446,19.55,11.279,5.1875
36.009,47.919,10.583,-42.589,8.5782,28.549,4.7478,11.872,18.815,21.979,13.006,6.2736
38.438,47.729,10.123,-43.695,9.9995,27.11,6.2297,12.028,19.99,24.294,14.82,7.5529
41.658,49.66,9.5769,-46.264,11.725,27.415,8.2681,12.106,21.055,26.581,16.828,9.1287
46.065,54.138,9.0384,-50.722,13.854,29.688,10.189,12.13,22.101,28.955,19.147,11.092
51.692,61.051,8.5636,-56.999,16.437,33.738,11.357,12.093,23.173,31.493,21.842,13.467
58.194,69.591,8.1585,-64.505,19.415,38.936,11.362,11.956,24.249,34.185,24.881,16.187
64.952,78.522,7.7759,-72.34,22.611,44.342,10.116,11.668,25.247,36.92,28.127,19.098
71.295,86.612,7.3368,-79.573,25.791,49.014,7.8151,11.188,26.057,39.518,31.385,22.014
76.752,92.937,6.7786,-85.5,28.78,52.282,4.8075,10.506,26.582,41.783,34.464,24.783
81.147,97.032,6.0897,-89.756,31.533,53.927,1.4179,9.6448,26.771,43.571,37.237,27.327
84.576,99.022,5.2978,-92.423,34.095,54.13,-2.1927,8.6374,26.618,44.834,39.651,29.642
87.37,99.787,4.4402,-94.115,36.529,53.3,-6.0094,7.5048,26.16,45.61,41.702,31.762
89.941,100.56,3.5465,-95.703,38.855,51.931,-9.9667,6.2434,25.446,45.983,43.382,33.709
92.573,101.86,2.6283,-97.679,41.046,50.485,-13.9,4.8374,24.521,46.039,44.654,35.439
95.263,103.06,1.6713,-99.802,43.033,49.202,-17.762,3.2788,23.405,45.858,45.446,36.834
97.738,103.47,0.63968,-101.58,44.738,47.987,-21.673,1.5807,22.094,45.49,45.688,37.76
99.624,103.1,-0.48981,-102.73,46.107,46.641,-25.708,-0.22718,20.583,44.896,45.362,38.14
100.66,102.01,-1.6948,-103.03,47.132,45.108,-29.66,-2.1082,18.89,43.951,44.507,37.973
100.82,100.17,-2.9255,-102.39,47.847,43.419,-33.075,-4.025,17.067,42.563,43.186,37.321
100.2,97.526,-4.1619,-100.89,48.297,41.574,-35.613,-5.9482,15.178,40.763,41.465,36.269
98.903,94.126,-5.4336,-98.615,48.507,39.514,-37.262,-7.8766,13.264,38.667,39.416,34.895
96.912,90.02,-6.7686,-95.557,48.466,37.134,-38.214,-9.8586,11.328,36.392,37.104,33.241
94.15,85.173,-8.1278,-91.645,48.124,34.308,-38.637,-11.996,9.3318,34.006,34.569,31.296
90.534,79.529,-9.4035,-86.849,47.397,30.987,-38.549,-14.417,7.2201,31.51,31.814,29.014
86.102,73.195,-10.482,-81.309,46.194,27.323,-37.874,-17.222,4.9499,28.847,28.804,26.357
81.027,66.513,-11.305,-75.357,44.452,23.584,-36.617,-20.403,2.5144,25.949,25.505,23.366
75.452,59.883,-11.881,-69.296,42.179,19.905,-34.951,-23.787,-0.052321,22.794,21.927,20.173
69.441,53.495,-12.267,-63.197,39.481,16.253,-33.203,-27.053,-2.6857,19.457,18.17,16.965
63.094,47.232,-12.529,-56.98,36.525,12.579,-31.733,-29.848,-5.2988,16.109,14.427,13.907
56.56,40.828,-12.711,-50.569,33.468,8.9383,-30.799,-31.936,-7.7869,12.952,10.91,11.085
49.914,33.983,-12.813,-43.889,30.384,5.5274,-30.464,-33.275,-10.047,10.135,7.7547,8.5037
43.117,26.414,-12.801,-36.825,27.269,2.6122,-30.612,-34.006,-12.021,7.7009,4.979,6.1133
36.106,18.193,-12.641,-29.289,24.072,0.32178,-31.025,-34.388,-13.741,5.6066,2.5159,3.8458
28.947,10.159,-12.331,-21.454,20.762,-1.4715,-31.461,-34.719,-15.324,3.7629,0.27214,1.6443
21.929,3.414,-11.902,-13.918,17.39,-2.9748,-31.717,-35.259,-16.941,2.0726,-1.8297,-0.51989
15.493,-1.6063,-11.405,-7.4478,14.111,-4.2778,-31.65,-36.163,-18.755,0.45767,-3.8319,-2.6415
10.09,-5.0442,-10.886,-2.5338,11.141,-5.3341,-31.203,-37.461,-20.882,-1.1279,-5.7433,-4.6917
6.0249,-7.1002,-10.365,0.73079,8.6736,-6.0382,-30.437,-39.072,-23.365,-2.6995,-7.5568,-6.6372
3.3617,-7.9119,-9.8424,2.4953,6.8107,-6.3108,-29.559,-40.852,-26.179,-4.258,-9.2732,-8.4584
1.927,-7.6638,-9.3034,3.0375,5.5221,-6.1594,-28.882,-42.649,-29.234,-5.8083,-10.92,-10.164
1.3754,-6.6698,-8.7257,2.7392,4.6695,-5.6969,-28.721,-44.344,-32.401,-7.3679,-12.555,-11.798
1.2783,-5.362,-8.0936,2.0548,4.0655,-5.1125,-29.232,-45.858,-35.524,-8.9606,-14.248,-13.43
1.2295,-4.1962,-7.4104,1.4249,3.5389,-4.6082,-30.319,-47.144,-38.448,-10.6,-16.041,-15.115
0.94546,-3.5215,-6.7044,1.1665,2.9814,-4.3268,-31.668,-48.182,-41.045,-12.274,-17.911,-16.851
0.32492,-3.4798,-6.021,1.3986,2.3645,-4.3082,-32.88,-48.972,-43.24,-13.94,-19.753,-18.554
-0.56121,-3.9938,-5.4052,2.0451,1.724,-4.4959,-33.629,-49.541,-45.024,-15.542,-21.428,-20.094
-1.5467,-4.8403,-4.8867,2.9118,1.1243,-4.7835,-33.787,-49.948,-46.452,-17.036,-22.832,-21.369
-2.4678,-5.7599,-4.4732,3.7896,0.61535,-5.0669,-33.437,-50.281,-47.631,-18.421,-23.965,-22.361
-3.232,-6.5502,-4.1558,4.5367,0.20503,-5.2815,-32.791,-50.643,-48.693,-19.749,-24.931,-23.147
-3.8418,-7.1182,-3.919,5.1137,-0.14601,-5.424,-32.08,-51.122,-49.763,-21.101,-25.876,-23.846
-4.3817,-7.4907,-3.7506,5.5778,-0.50548,-5.549,-31.48,-51.764,-50.916,-22.548,-26.917,-24.568
-4.9717,-7.7859,-3.6465,6.0442,-0.93108,-5.7376,-31.063,-52.555,-52.161,-24.107,-28.087,-25.37
-5.6981,-8.154,-3.6093,6.6273,-1.4345,-6.0584,-30.784,-53.436,-53.444,-25.726,-29.334,-26.239
-6.5625,-8.7101,-3.6417,7.3835,-1.977,-6.5465,-30.517,-54.328,-54.686,-27.305,-30.562,-27.11
-7.4932,-9.4991,-3.742,8.2959,-2.494,-7.1983,-30.116,-55.157,-55.811,-28.732,-31.679,-27.902
-8.3957,-10.507,-3.9056,9.3012,-2.9227,-7.9765,-29.457,-55.874,-56.776,-29.933,-32.64,-28.554
-9.1865,-11.67,-4.1285,10.313,-3.2191,-8.8325,-28.474,-56.456,-57.573,-30.897,-33.456,-29.058
-9.7996,-12.872,-4.4081,11.229,-3.3655,-9.7255,-27.205,-56.907,-58.225,-31.681,-34.189,-29.448
-10.186,-13.949,-4.7406,11.94,-3.3705,-10.619,-25.818,-57.261,-58.775,-32.392,-34.912,-29.781
-10.32,-14.729,-5.1197,12.35,-3.2605,-11.47,-24.604,-57.575,-59.273,-33.137,-35.676,-30.104
-10.205,-15.081,-5.5391,12.406,-3.0694,-12.237,-23.902,-57.926,-59.767,-33.97,-36.47,-30.428
-9.8803,-14.971,-5.9973,12.122,-2.8289,-12.898,-23.972,-58.379,-60.289,-34.869,-37.237,-30.731
-9.4256,-14.485,-6.5034,11.586,-2.5665,-13.48,-24.87,-58.966,-60.855,-35.75,-37.904,-30.984
-8.9522,-13.825,-7.0839,10.954,-2.3086,-14.054,-26.348,-59.647,-61.448,-36.547,-38.457,-31.194
-8.5952,-13.28,-7.7865,10.43,-2.0858,-14.731,-27.819,-60.301,-62.02,-37.291,-38.984,-31.447
-8.499,-13.183,-8.6691,10.228,-1.9359,-15.631,-28.505,-60.729,-62.478,-38.167,-39.691,-31.916
-8.7958,-13.87,-9.7604,10.531,-1.9028,-16.837,-27.793,-60.665,-62.69,-39.476,-40.827,-32.832
-9.5719,-15.632,-11.005,11.448,-2.0266,-18.338,-25.488,-59.791,-62.475,-41.481,-42.537,-34.416
-10.835,-18.628,-12.244,12.981,-2.3265,-20.017,-21.834,-57.832,-61.621,-44.155,-44.709,-36.839
-12.495,-22.598,-13.279,15.006,-2.7876,-21.682,-17.969,-55.965,-59.97,-46.965,-46.957,-39.676
-14.369,-26.598,-13.96,17.248,-3.3606,-23.109,-17.42,-63.629,-58.349,-48.859,-48.734,-41.342
-16.21,-29.597,-14.258,19.322,-3.9678,-24.165,-24.695,-75.488,-65.339,-48.159,-49.599,-41.63
-17.755,-31.351,-14.277,20.901,-4.5005,-25.03,-34.277,-80.222,-82.955,-41.664,-49.212,-41.042
-18.766,-32.358,-14.253,21.898,-4.8109,-26.128,-39.997,-82.029,-86.406,-36.333,-45.904,-40.214
-19.035,-33.771,-14.486,22.578,-4.7432,-27.755,-40.981,-78.786,-85.419,-38.705,-44.828,-42.343
-18.528,-38.292,-15.255,23.938,-4.2048,-30.184,-35.711,-67.606,-78.651,-43.968,-51.776,-49.87
-19.116,-53.493,-16.728,32.172,-3.0647,-34.532,-22.607,-45.824,-62.98,-55.074,-66.804,-63.776
-35.742,-78.27,-18.875,59.063,-2.0198,-44.408,-1.1905,-11.11,-37.188,-70.231,-89.255,-83.134
-49.814,-94.034,-21.244,74.042,-4.8787,-59.665,27.585,36.628,-1.1096,-84.706,-114.07,-104.55
-60.372,-104.71,-21.899,84.415,-8.3152,-67.536,61.529,93.71,45.933,-89.738,-132.24,-122.49
-67.017,-107.84,-18.337,89.025,-11.93,-67.729,94.98,156.49,106.55,-73.681,-133.19,-130.25
-66.079,-100.02,-13.546,84.504,-14.208,-61.468,121.86,221.73,181.11,-24.181,-103.81,-120.52
-54.61,-80.611,-10.678,68.918,-13.009,-49.583,138.18,278.23,273.26,78.934,-29.302,-85.797
-31.098,-51.417,-10.777,42.164,-5.926,-34.23,142,314.28,388.91,258.53,99.373,-20.789
4.8574,-14.845,-14.59,5.1439,9.5289,-17.538,136.61,335.09,526.91,515.63,286.31,75.651
53.322,28.157,-22.941,-41.423,36.364,-0.35329,127.63,343.96,688.39,856.74,531.13,202.07
114.33,78.541,-36.23,-97.666,76.312,18.057,115.76,339.01,873.82,1279.3,827.95,355.14
187.06,137.98,-52.374,-164.21,123.97,39.48,95.247,314.07,1078.7,1768.6,1162.8,528.77
270.71,207.59,-67.025,-241.45,176.97,65.661,57.204,260,1293.1,2294.9,1512.1,714.44
363.64,287.08,-79.975,-328.64,232.95,97.136,-6.7141,167.84,1500.7,2813.5,1843.7,900.86
461.7,374.33,-92.23,-422.59,287.69,133.7,-102.69,32.473,1678,3267.8,2120.4,1073.6
558.57,464.85,-99.936,-517.32,337.5,174.82,-230.95,-147.87,1796.7,3598.4,2305.9,1216.6
646.02,551.22,-101.03,-604.46,378.93,217.26,-385.69,-372.96,1826.2,3753.1,2371.8,1314.1
714.61,623.58,-97.068,-674.44,408,255.94,-557.02,-637.8,1739.5,3697.7,2304.1,1353.9
755.58,672.42,-88.554,-718.47,420.54,286.16,-731.58,-931.12,1517.7,3422.1,2106.1,1330.1
763.7,692.22,-75.123,-731.22,413.96,304.44,-895.54,-1236.9,1154.5,2941.9,1798.8,1245.4
739.5,683.65,-56.372,-713.13,389.18,310.28,-1038.2,-1537.1,661.12,2297.1,1417,1111.9
689.39,653.38,-32.201,-670.88,350.58,307.43,-1154,-1813.4,69.834,1547.4,1002.7,948.38
623.57,611.8,-3.5705,-615.1,304.53,301.6,-1241.8,-2048.4,-565.59,765.24,597.08,775.48
552.77,568.65,26.894,-556.51,257.48,296.23,-1303.4,-2226.3,-1176.3,26.894,233.58,610.85
485.56,529,55.068,-502.56,214.68,291.38,-1340.9,-2334.1,-1691.3,-599.04,-65.195,465.97
426.97,492.44,76.149,-456.02,179.68,284.25,-1356.2,-2365.4,-2054.6,-1063.4,-288.37,345.66
378.57,455.09,85.75,-415.27,154.58,270.48,-1350.2,-2323,-2239.4,-1345.9,-435.99,249.25
338.47,412.04,81.296,-376.11,139.06,245.99,-1323,-2217.8,-2254.7,-1458.7,-517.58,172.54
302.13,359.4,63.346,-334.15,128.58,209.26,-1275.1,-2067.5,-2139.1,-1440.1,-549.37,109.71
265.37,296.76,35.97,-286.65,119.35,162.86,-1208.2,-1893.2,-1946.5,-1340.9,-549.86,55.57
225.71,228.35,5.6238,-234.08,110.53,112.7,-1125.8,-1713.2,-1727.8,-1209,-535.02,7.1163
183.13,161.28,-20.88,-179.82,99.656,65.32,-1032.1,-1538.9,-1519.3,-1077.7,-515.05,-36.179
140.19,102.05,-38.801,-128.06,84.355,25.439,-930.77,-1373.1,-1337.1,-962.78,-493.78,-72.806
100.31,52.871,-46.403,-82.21,65.434,-3.3389,-823.85,-1211.7,-1180.8,-865.52,-470.42,-100.37
66.444,17.226,-44.466,-45.425,46.69,-17.244,-713.34,-1050.4,-1041.8,-779.27,-442.56,-117.35
40.759,-0.31788,-35.392,-21.686,30.997,-19.491,-602.53,-890.03,-911.74,-696.33,-407.26,-123.73
23.798,-4.2697,-22.57,-10.483,18.887,-15.518,-496.52,-735.28,-775.05,-612.54,-359.87,-119.09
14.47,-0.9042,-10.239,-7.8129,10.14,-9.1933,-400.57,-591.98,-639.29,-519.17,-307.29,-104.87
10.858,6.1445,1.1816,-10.017,4.1866,-2.0046,-318.85,-466.13,-516.36,-431.05,-254.32,-85.201
11.171,14.983,7.9429,-14.715,0.52886,6.2858,-253.92,-361.74,-409.15,-352.74,-206.07,-63.219
14.308,23.954,11.161,-20.688,-1.1383,14.161,-203.14,-279.09,-321.1,-281.08,-166.38,-42.991
15.376,19.935,15.166,-20.205,-1.179,7.7446,-162.92,-215.19,-253.02,-224.5,-130.61,-27.044
7.9177,7.3035,15.972,-8.923,-0.95918,5.4509,-131.15,-165.78,-202.51,-182.32,-101.57,-16.061
1.3111,3.7395,12.833,-2.8746,-2.2839,4.6692,-104.82,-126.77,-164.95,-151.09,-80.778,-10.443
-2.037,1.8003,9.7349,-0.22926,-4.0385,3.6124,-81.28,-95.044,-135.5,-128.28,-67.122,-8.9341
-4.2057,-0.16464,9.2402,1.6998,-5.5093,2.1723,-60.388,-68.713,-111.2,-111.74,-58.59,-9.7826
-6.0391,-2.3038,10.185,3.5404,-6.807,0.65272,-43.435,-46.901,-90.586,-99.356,-53.24,-12.309
-7.7411,-4.4535,11.38,5.3397,-8.0171,-0.68206,-31.345,-29.256,-72.887,-89.249,-49.341,-14.29
-9.2914,-6.3851,12.348,6.9777,-9.1239,-1.7642,-24.085,-15.443,-57.638,-80.11,-45.509,-13.615
-10.607,-7.9004,12.926,8.3106,-10.085,-2.6125,-20.072,-4.97,-44.78,-72.247,-41.747,-11.926
-11.626,-8.8699,13.133,9.2429,-10.882,-3.2004,-17.328,2.6222,-34.919,-67.076,-37.874,-10.453
-12.352,-9.2538,13.105,9.7575,-11.545,-3.458,-14.229,6.3463,-29.549,-64.036,-33.32,-9.3618
-12.867,-9.1226,13.038,9.9212,-12.161,-3.385,-7.622,7.229,-25.757,-61.111,-29.014,-8.5573
-13.313,-8.6489,13.14,9.8717,-12.856,-3.0836,-0.65321,9.0022,-19.715,-57.342,-25.406,-7.9389
-13.857,-8.0581,13.558,9.7866,-13.768,-2.6789,4.084,11.436,-13.664,-53.098,-22.471,-7.4431
-14.635,-7.5634,14.333,9.834,-14.989,-2.2654,7.2615,14.02,-8.7214,-48.734,-20.029,-7.0361
-15.7,-7.3113,15.416,10.118,-16.516,-1.9038,9.3937,16.67,-4.7216,-44.439,-17.905,-6.6946
-16.988,-7.3518,16.704,10.649,-18.222,-1.6271,10.648,19.42,-1.2992,-40.294,-15.986,-6.3879
-18.345,-7.6477,18.074,11.352,-19.903,-1.4467,11.123,22.331,1.8196,-36.342,-14.211,-6.0711
-19.602,-8.1169,19.416,12.115,-21.374,-1.362,10.968,25.459,4.786,-32.628,-12.555,-5.6957
-20.661,-8.6801,20.65,12.852,-22.551,-1.3684,10.407,28.816,7.6438,-29.228,-11.013,-5.2267
-21.528,-9.2824,21.726,13.53,-23.465,-1.4574,9.6964,32.335,10.36,-26.237,-9.5858,-4.6576
-22.284,-9.8898,22.621,14.161,-24.215,-1.6111,9.0616,35.874,12.866,-23.717,-8.269,-4.0121
-23.019,-10.474,23.326,14.77,-24.901,-1.8016,8.6441,39.273,15.114,-21.653,-7.0526,-3.3344
-23.778,-11.002,23.841,15.358,-25.577,-1.995,8.484,42.454,17.1,-19.948,-5.9224,-2.6758
-24.533,-11.428,24.179,15.89,-26.231,-2.1591,8.5309,45.456,18.877,-18.459,-4.8622,-2.0793
-25.194,-11.704,24.359,16.3,-26.798,-2.2718,8.6642,48.394,20.516,-17.059,-3.8569,-1.5678
-25.641,-11.792,24.399,16.516,-27.184,-2.3265,8.7258,51.35,22.073,-15.675,-2.8941,-1.1363
-25.772,-11.684,24.314,16.49,-27.313,-2.3364,8.577,54.312,23.56,-14.308,-1.9649,-0.75543
-25.553,-11.418,24.113,16.232,-27.149,-2.3342,8.1669,57.176,24.94,-13.009,-1.0641,-0.38596
-25.03,-11.083,23.805,15.812,-26.71,-2.3679,7.5748,59.818,26.157,-11.85,-0.19025,0.003636
-24.307,-10.789,23.395,15.337,-26.049,-2.4867,6.9887,62.189,27.17,-10.886,0.65298,0.42475
-23.499,-10.626,22.878,14.905,-25.227,-2.719,6.6249,64.357,27.992,-10.132,1.4555,0.86506
-22.687,-10.622,22.25,14.568,-24.286,-3.0535,6.6304,66.486,28.698,-9.5483,2.1996,1.2909
-21.898,-10.735,21.524,14.32,-23.25,-3.4354,7.0179,68.741,29.398,-9.0574,2.8615,1.6541
-21.118,-10.861,20.727,14.103,-22.126,-3.7828,7.6591,71.178,30.188,-8.5726,3.4154,1.9043
-20.321,-10.883,19.894,13.845,-20.931,-4.0175,8.3405,73.699,31.114,-8.0327,3.8435,2.0097
-19.491,-10.71,19.05,13.486,-19.692,-4.0956,8.8758,76.102,32.159,-7.4172,4.1495,1.9763
-18.631,-10.314,18.199,13.008,-18.449,-4.0238,9.2238,78.203,33.267,-6.7343,4.3711,1.8571
-17.745,-9.7284,17.334,12.421,-17.225,-3.8517,9.5166,79.941,34.388,-5.9941,4.5801,1.7409
-16.816,-9.0276,16.443,11.754,-16.013,-3.6474,9.9569,81.417,35.522,-5.1913,4.8658,1.7239
-15.808,-8.3057,15.533,11.038,-14.781,-3.4712,10.669,82.857,36.738,-4.3053,5.3062,1.8771
-14.708,-7.672,14.62,10.322,-13.501,-3.3689,11.605,84.51,38.152,-3.3137,5.9426,2.2223
-13.556,-7.2518,13.72,9.6877,-12.19,-3.3828,12.543,86.525,39.883,-2.2054,6.7684,2.7265
-12.458,-7.1575,12.843,9.2323,-10.913,-3.5568,13.163,88.885,41.993,-0.98789,7.7365,3.3187
-11.535,-7.4313,11.989,9.0209,-9.7489,-3.9099,13.179,91.444,44.469,0.31402,8.7853,3.9253
-10.844,-7.9974,11.158,9.0375,-8.7438,-4.4007,12.471,94.016,47.22,1.6686,9.8742,4.5102
-10.333,-8.6534,10.346,9.1581,-7.8868,-4.9204,11.177,96.457,50.125,3.0576,11.014,5.1025
-9.8441,-9.1128,9.553,9.1676,-7.1186,-5.3204,9.6876,98.704,53.085,4.4962,12.277,5.7946
-9.1743,-9.0997,8.7787,8.8307,-6.3571,-5.4622,8.5224,100.79,56.061,6.0358,13.767,6.7129
-8.1543,-8.4538,8.0178,7.985,-5.5263,-5.2674,8.1378,102.83,59.073,7.7433,15.58,7.9755
-6.7131,-7.1873,7.262,6.6006,-4.5812,-4.7492,8.7587,104.96,62.171,9.6688,17.743,9.6526
-4.907,-5.4838,6.5095,4.7942,-3.5242,-4.0161,10.297,107.27,65.404,11.816,20.194,11.737
-2.9142,-3.6536,5.7729,2.807,-2.409,-3.246,12.383,109.75,68.784,14.131,22.781,14.126
-0.99591,-2.0582,5.0734,0.95467,-1.3264,-2.6339,14.499,112.31,72.28,16.516,25.315,16.635
0.57731,-1.0091,4.4278,-0.45188,-0.37357,-2.3261,16.177,114.8,75.824,18.874,27.643,19.056
1.6248,-0.6566,3.8399,-1.2133,0.38482,-2.3683,17.151,117.09,79.355,21.152,29.72,21.25
2.1472,-0.91241,3.3027,-1.3457,0.94935,-2.6916,17.416,119.19,82.855,23.366,31.616,23.197
2.3523,-1.4678,2.8053,-1.1071,1.394,-3.1366,17.158,121.2,86.369,25.583,33.471,24.991
2.5762,-1.9256,2.3398,-0.89171,1.8395,-3.5071,16.646,123.31,89.969,27.88,35.404,26.77
3.1389,-1.9722,1.9022,-1.0496,2.4032,-3.6422,16.112,125.68,93.689,30.296,37.448,28.63
4.218,-1.4925,1.4902,-1.7523,3.152,-3.4859,15.677,128.42,97.474,32.816,39.532,30.554
5.7896,-0.59455,1.1009,-2.9531,4.0743,-3.1131,15.32,131.47,101.2,35.383,41.529,32.421
7.6354,0.44454,0.73284,-4.42,5.0787,-2.6958,14.919,134.7,104.72,37.924,43.315,34.086
9.4246,1.2924,0.38951,-5.8288,6.0269,-2.4337,14.345,137.93,107.98,40.375,44.815,35.482
10.85,1.7001,0.081019,-6.891,6.7954,-2.4649,13.566,141.07,111.04,42.714,46.052,36.634
11.771,1.6163,-0.17744,-7.4737,7.3371,-2.7909,12.678,144.14,114.04,44.989,47.156,37.631
12.301,1.2385,-0.36912,-7.6937,7.7048,-3.2703,11.854,147.25,117.18,47.335,48.323,38.599
12.767,0.96526,-0.47966,-7.909,8.0231,-3.6787,11.263,150.54,120.59,49.943,49.755,39.657
13.532,1.2374,-0.50129,-8.5468,8.4214,-3.7972,11.028,154.14,124.32,53.009,51.61,40.89
14.791,2.3353,-0.43654,-9.8715,8.9659,-3.4928,11.202,158.07,128.34,56.684,53.985,42.345
16.467,4.2344,-0.29923,-11.832,9.6279,-2.7643,11.775,162.33,132.54,61.015,56.9,44.05
18.258,6.6001,-0.11135,-14.075,10.3,-1.7351,12.684,166.86,136.81,65.895,60.287,46.023
19.795,8.9385,0.10183,-16.128,10.852,-0.59735,13.841,171.61,141.12,71.088,64.008,48.279
20.833,10.812,0.31595,-17.627,11.202,0.45629,15.163,176.55,145.49,76.344,67.934,50.837
21.34,11.981,0.51119,-18.443,11.356,1.2764,16.588,181.69,149.96,81.518,72.012,53.72
21.481,12.44,0.67585,-18.683,11.402,1.779,18.076,187.05,154.61,86.6,76.273,56.947
21.532,12.371,0.80866,-18.614,11.464,1.9598,19.597,192.63,159.46,91.651,80.786,60.51
21.782,12.068,0.91628,-18.57,11.657,1.88,21.139,198.38,164.48,96.729,85.615,64.401
22.463,11.847,1.0053,-18.878,12.053,1.6359,22.681,204.27,169.59,101.85,90.783,68.647
23.697,12.01,1.0736,-19.798,12.678,1.3322,24.165,210.26,174.72,106.98,96.246,73.304
25.482,12.816,1.1081,-21.474,13.524,1.0516,25.478,216.34,179.83,112.08,101.89,78.38
27.765,14.463,1.0898,-23.922,14.595,0.83454,26.487,222.52,184.98,117.11,107.56,83.785
30.55,17.079,1.0032,-27.084,15.958,0.69711,27.107,228.78,190.23,122.06,113.14,89.359
33.846,20.593,0.84307,-30.726,17.734,0.67408,27.348,235.09,195.7,126.96,118.56,94.935
37.511,24.545,0.61844,-34.399,19.977,0.84136,27.318,241.42,201.42,131.87,123.8,100.39
41.368,28.448,0.35267,-37.887,22.576,1.3079,27.176,247.74,207.38,136.9,128.92,105.7
45.431,32.296,0.079611,-41.4,25.329,2.2021,27.07,254,213.48,142.11,133.99,110.89
49.827,36.388,-0.16536,-45.256,28.09,3.6497,27.11,260.16,219.58,147.56,139.15,116.08
54.648,40.965,-0.35792,-49.659,30.795,5.7237,27.39,266.16,225.52,153.2,144.52,121.44
59.897,46.104,-0.49441,-54.692,33.42,8.3882,28.026,271.95,231.18,158.95,150.17,127.08
65.493,51.751,-0.59139,-60.336,35.967,11.489,29.14,277.53,236.51,164.63,156.07,133.07
71.305,57.788,-0.6754,-66.479,38.453,14.809,30.78,282.96,241.53,170.11,162.1,139.36
77.171,64.072,-0.76966,-72.906,40.882,18.147,32.848,288.32,246.34,175.32,168.11,145.77
82.886,70.41,-0.88371,-79.302,43.222,21.359,35.071,293.72,251,180.24,174.01,152.1
88.182,76.503,-1.0098,-85.297,45.419,24.373,37.053,299.17,255.49,184.93,179.78,158.22
92.757,81.878,-1.1288,-90.51,47.449,27.206,38.398,304.64,259.74,189.44,185.48,164.17
96.391,85.919,-1.2249,-94.592,49.378,29.899,38.888,310.02,263.64,193.81,191.24,170.13
99.114,88.139,-1.3004,-97.277,51.365,32.315,38.587,315.2,267.15,198.04,197.19,176.28
101.32,88.605,-1.3824,-98.54,53.595,34.058,37.806,320.15,270.26,202.12,203.42,182.79
103.64,88.18,-1.5173,-98.985,56.162,34.842,36.977,324.87,273.01,206.02,209.93,189.72
106.54,88.202,-1.757,-99.813,59.006,34.8,36.481,329.34,275.45,209.74,216.59,196.99
110.15,89.538,-2.1472,-101.83,61.98,34.359,36.444,333.48,277.6,213.27,223.23,204.42
114.43,92.217,-2.7213,-105.03,64.972,34.058,36.636,337.1,279.44,216.57,229.64,211.76
119.42,96.053,-3.5005,-109.28,67.97,34.401,36.59,340.04,280.98,219.61,235.77,218.75
125.21,101.06,-4.4881,-114.66,71.053,35.689,35.845,342.2,282.21,222.37,241.64,225.25
131.82,107.23,-5.6507,-121.16,74.321,37.966,34.146,343.59,283.13,224.85,247.36,231.29
139.04,114.32,-6.8987,-128.47,77.812,41.046,31.542,344.26,283.77,227.06,253,236.99
146.44,121.84,-8.1128,-136.03,81.458,44.571,28.336,344.3,284.14,228.94,258.57,242.49
153.56,129.15,-9.2178,-143.24,85.127,48.093,24.955,343.77,284.23,230.37,263.92,247.83
160.05,135.7,-10.225,-149.65,88.677,51.175,21.831,342.68,284.02,231.19,268.71,252.87
165.69,141.09,-11.207,-155,91.994,53.496,19.306,340.99,283.46,231.26,272.58,257.35
170.46,145.16,-12.243,-159.26,94.982,54.912,17.59,338.66,282.45,230.49,275.36,261.02
174.39,147.96,-13.375,-162.5,97.565,55.479,16.719,335.68,280.9,228.89,277.16,263.77
177.49,149.7,-14.597,-164.94,99.699,55.405,16.521,332.11,278.7,226.52,278.19,265.59
179.72,150.74,-15.863,-166.73,101.4,54.972,16.649,328.05,275.82,223.49,278.66,266.61
181.06,151.39,-17.101,-167.87,102.75,54.436,16.706,323.54,272.3,219.95,278.72,266.97
181.62,151.68,-18.224,-168.25,103.8,53.943,16.383,318.62,268.25,216.07,278.44,266.84
181.66,151.55,-19.157,-167.99,104.61,53.524,15.505,313.3,263.74,211.96,277.88,266.39
181.42,151.17,-19.88,-167.4,105.19,53.16,13.997,307.67,258.82,207.72,277.09,265.85
181.07,150.73,-20.458,-166.78,105.55,52.814,11.875,301.84,253.48,203.33,276.08,265.47
180.75,150.37,-20.993,-166.33,105.77,52.43,9.2983,295.91,247.72,198.77,274.86,265.44
180.55,150.09,-21.534,-166.09,105.92,51.921,6.6002,289.84,241.51,193.93,273.4,265.79
180.52,149.84,-22.064,-166.03,106.04,51.198,4.2232,283.52,234.87,188.66,271.69,266.39
180.61,149.55,-22.532,-166.07,106.14,50.259,2.5765,276.79,227.82,182.81,269.7,267.02
180.76,149.22,-22.889,-166.16,106.17,49.245,1.8793,269.48,220.39,176.29,267.37,267.45
180.92,148.86,-23.106,-166.28,106.08,48.381,2.0723,261.48,212.61,169.18,264.61,267.51
181.04,148.47,-23.188,-166.39,105.85,47.828,2.8395,252.79,204.54,161.73,261.29,267.09
181.09,148,-23.185,-166.45,105.5,47.588,3.7132,243.52,196.21,154.26,257.25,266.03
181.02,147.33,-23.159,-166.35,105.08,47.52,4.2073,233.89,187.68,146.97,252.43,264.05
180.73,146.35,-23.159,-165.94,104.61,47.449,3.9413,224.06,178.98,139.93,246.84,260.92
180.1,145.02,-23.205,-165.12,104.07,47.266,2.7369,214.07,170.15,133.07,240.51,256.65
179.06,143.31,-23.305,-163.81,103.42,46.924,0.67197,203.78,161.21,126.26,233.44,251.62
177.52,141.19,-23.449,-161.99,102.61,46.363,-1.9255,192.98,152.14,119.36,225.65,246.19
175.42,138.49,-23.596,-159.55,101.58,45.475,-4.5651,181.56,142.94,112.22,217.21,240.44
172.68,135,-23.684,-156.36,100.26,44.152,-6.7606,169.53,133.57,104.7,208.31,234.08
169.19,130.51,-23.67,-152.3,98.594,42.329,-8.2168,157.07,124.01,96.725,199.25,226.74
164.89,125.06,-23.557,-147.35,96.575,39.972,-8.9602,144.4,114.26,88.326,190.32,218.26
159.8,119.08,-23.381,-141.68,94.247,37.107,-9.3504,131.79,104.29,79.673,181.68,208.95
154.1,113.27,-23.187,-135.7,91.713,33.931,-9.9422,119.49,94.053,71.034,173.28,199.33
148.12,108.06,-23.016,-129.79,89.103,30.751,-11.26,107.66,83.49,62.705,164.91,189.87
142.23,103.36,-22.895,-124.13,86.548,27.725,-13.612,96.401,72.6,54.952,156.28,180.68
136.65,98.846,-22.838,-118.75,84.138,24.745,-16.95,85.638,61.624,47.95,147.17,171.58
131.36,94.184,-22.847,-113.5,81.883,21.517,-20.74,75.1,51.133,41.719,137.51,162.19
126.11,89.112,-22.914,-108.17,79.693,17.705,-24.101,64.261,41.763,36.145,127.43,152.05
120.65,83.517,-23.018,-102.64,77.433,13.251,-26.323,52.544,33.792,31.085,117.24,140.89
114.85,77.479,-23.123,-96.973,74.981,8.7829,-27.358,40.033,27.059,26.462,107.28,129
108.88,71.196,-23.186,-91.388,72.305,5.1677,-27.833,28.138,21.252,22.258,97.707,117.3
103.13,64.888,-23.167,-86.023,69.476,2.5975,-28.663,18.573,16.12,18.464,88.461,106.76
97.933,58.784,-23.042,-80.926,66.619,0.81029,-30.605,11.674,11.512,15.045,79.298,97.729
93.334,53.123,-22.807,-76.146,63.818,-0.41259,-33.946,6.6436,7.3384,11.952,69.982,89.8
89.175,48.013,-22.481,-71.711,61.07,-1.1894,-38.421,2.5729,3.5352,9.1505,60.57,82.171
85.177,43.275,-22.103,-67.517,58.314,-1.6228,-43.311,-1.1644,0.048739,6.6343,51.605,74.022
81.031,38.435,-21.714,-63.288,55.497,-1.8463,-47.738,-4.9275,-3.1719,4.4122,43.742,64.839
76.478,32.981,-21.346,-58.66,52.618,-2.0273,-50.997,-8.8681,-6.1693,2.4957,37.091,54.676
71.378,26.821,-21.006,-53.32,49.726,-2.3489,-52.796,-12.982,-8.9706,0.8929,31.283,44.254
65.728,20.587,-20.671,-47.167,46.866,-2.9643,-53.296,-17.193,-11.59,-0.39247,25.996,34.772
59.677,15.122,-20.295,-40.456,44.054,-3.9355,-52.929,-21.454,-14.041,-1.3665,21.166,27.186
53.507,10.705,-19.831,-33.79,41.277,-5.2044,-52.101,-25.768,-16.354,-2.0554,16.869,21.524
47.54,7.1372,-19.234,-27.779,38.529,-6.6271,-51.069,-30.131,-18.576,-2.5123,13.179,17.093
41.975,4.1628,-18.476,-22.677,35.822,-8.0456,-50.011,-34.447,-20.765,-2.8139,10.116,13.172
36.811,1.5996,-17.55,-18.341,33.161,-9.3449,-49.036,-38.51,-22.978,-3.0492,7.642,9.5315
31.896,-0.67236,-16.474,-14.461,30.523,-10.473,-48.11,-42.09,-25.254,-3.304,5.6637,6.4306
27.064,-2.7012,-15.295,-10.8,27.861,-11.434,-47.127,-45.034,-27.603,-3.6455,4.0543,4.0235
22.258,-4.4517,-14.087,-7.3331,25.122,-12.262,-46.049,-47.305,-29.979,-4.107,2.684,2.1354
17.613,-5.8607,-12.924,-4.2384,22.279,-12.992,-44.962,-48.965,-32.284,-4.6798,1.451,0.5316
13.426,-6.9062,-11.85,-1.721,19.395,-13.622,-44.059,-50.121,-34.384,-5.3184,0.29695,-0.92231
9.9639,-7.6015,-10.861,0.15851,16.638,-14.1,-43.544,-50.895,-36.163,-5.9606,-0.80224,-2.2745
7.3004,-7.9553,-9.9115,1.4649,14.189,-14.336,-43.503,-51.391,-37.563,-6.5574,-1.858,-3.5401
5.3541,-7.9712,-8.9413,2.2895,12.135,-14.251,-43.854,-51.687,-38.596,-7.0976,-2.8866,-4.739
3.9953,-7.678,-7.9104,2.7137,10.461,-13.815,-44.398,-51.826,-39.327,-7.6166,-3.911,-5.906
3.0946,-7.1569,-6.823,2.8252,9.1083,-13.073,-44.895,-51.83,-39.85,-8.1827,-4.9516,-7.078
2.5224,-6.5379,-5.7287,2.7342,8.0096,-12.139,-45.104,-51.711,-40.26,-8.8711,-6.017,-8.274
2.1387,-5.9734,-4.6931,2.5726,7.0921,-11.169,-44.824,-51.486,-40.63,-9.7402,-7.1034,-9.4834
1.796,-5.5965,-3.7601,2.4739,6.2745,-10.31,-43.936,-51.182,-41.006,-10.824,-8.2043,-10.672
1.3621,-5.4798,-2.9338,2.5405,5.4745,-9.6522,-42.433,-50.831,-41.399,-12.138,-9.3212,-11.797
0.75387,-5.6123,-2.1843,2.8132,4.6282,-9.2036,-40.429,-50.452,-41.794,-13.7,-10.471,-12.826
-0.038869,-5.9097,-1.4674,3.262,3.7082,-8.9065,-38.126,-50.03,-42.164,-15.535,-11.686,-13.742
-0.96213,-6.2562,-0.7433,3.81,2.7265,-8.6716,-35.736,-49.512,-42.478,-17.676,-12.996,-14.535
-1.9379,-6.5558,0.012717,4.3758,1.7163,-8.4154,-33.409,-48.811,-42.716,-20.146,-14.411,-15.194
-2.9104,-6.769,0.80809,4.9126,0.70764,-8.0918,-31.19,-47.834,-42.861,-22.955,-15.911,-15.706
-3.8729,-6.9281,1.6394,5.4257,-0.29187,-7.7108,-29.026,-46.512,-42.909,-26.1,-17.461,-16.076
-4.8716,-7.1312,2.5041,5.975,-1.3014,-7.3387,-26.802,-44.82,-42.859,-29.59,-19.034,-16.338
-5.9907,-7.5162,3.4135,6.6591,-2.3612,-7.0716,-24.369,-42.795,-42.722,-33.42,-20.628,-16.561
-7.3227,-8.2052,4.3983,7.5784,-3.5233,-6.9924,-21.61,-40.53,-42.513,-37.524,-22.243,-16.818
-8.9295,-9.2411,5.5026,8.7826,-4.84,-7.1255,-18.502,-38.153,-42.256,-41.731,-23.849,-17.161
-10.811,-10.55,6.768,10.235,-6.3508,-7.4118,-15.141,-35.789,-41.977,-45.801,-25.379,-17.591
-12.892,-11.944,8.2166,11.806,-8.0673,-7.7199,-11.724,-33.527,-41.701,-49.531,-26.748,-18.064
-15.029,-13.174,9.8404,13.309,-9.9579,-7.8889,-8.5171,-31.41,-41.443,-52.836,-27.896,-18.506
-17.038,-14.004,11.595,14.545,-11.94,-7.7831,-5.7659,-29.435,-41.2,-55.742,-28.808,-18.842
-18.757,-14.295,13.406,15.378,-13.894,-7.3431,-3.6093,-27.574,-40.953,-58.327,-29.519,-19.036
-20.112,-14.064,15.192,15.787,-15.712,-6.6125,-2.0433,-25.78,-40.673,-60.663,-30.111,-19.109
-21.157,-13.484,16.89,15.883,-17.354,-5.7234,-0.972,-24.007,-40.338,-62.795,-30.701,-19.142
-22.05,-12.821,18.456,15.867,-18.864,-4.8479,-0.30055,-22.226,-39.949,-64.755,-31.418,-19.253
-22.968,-12.331,19.861,15.942,-20.324,-4.138,0.030078,-20.435,-39.524,-66.57,-32.366,-19.548
-24.011,-12.168,21.075,16.229,-21.777,-3.677,0.094199,-18.652,-39.087,-68.259,-33.576,-20.079
-25.142,-12.338,22.067,16.721,-23.168,-3.4598,0.035672,-16.906,-38.64,-69.823,-34.982,-20.805
-26.196,-12.703,22.81,17.292,-24.366,-3.405,0.046844,-15.223,-38.157,-71.23,-36.437,-21.598
-26.96,-13.044,23.305,17.749,-25.223,-3.391,0.28826,-13.627,-37.593,-72.432,-37.774,-22.286
-27.277,-13.148,23.591,17.922,-25.645,-3.3094,0.81629,-12.144,-36.915,-73.401,-38.883,-22.726
-27.121,-12.943,23.716,17.759,-25.624,-3.1237,1.5655,-10.796,-36.121,-74.149,-39.754,-22.865
-26.616,-12.556,23.714,17.378,-25.233,-2.8918,2.3862,-9.6056,-35.251,-74.737,-40.465,-22.751
-25.98,-12.235,23.585,16.997,-24.605,-2.7314,3.1079,-8.5777,-34.369,-75.239,-41.13,-22.497
-25.431,-12.2,23.311,16.813,-23.89,-2.7558,3.5933,-7.6942,-33.525,-75.705,-41.833,-22.221
-25.092,-12.538,22.881,16.913,-23.203,-3.0139,3.7653,-6.9133,-32.728,-76.141,-42.594,-21.997
-24.935,-13.16,22.309,17.232,-22.578,-3.4567,3.6147,-6.179,-31.931,-76.519,-43.366,-21.83
-24.799,-13.819,21.644,17.567,-21.979,-3.9455,3.2002,-5.445,-31.061,-76.802,-44.075,-21.674
-24.465,-14.195,20.96,17.647,-21.339,-4.2984,2.6412,-4.6903,-30.061,-76.965,-44.659,-21.459
-23.764,-14.018,20.338,17.256,-20.609,-4.355,2.0916,-3.9159,-28.913,-77.008,-45.086,-21.127
-22.657,-13.176,19.833,16.325,-19.785,-4.0366,1.695,-3.1335,-27.64,-76.959,-45.354,-20.652
-21.236,-11.756,19.453,14.956,-18.896,-3.378,1.5407,-2.3513,-26.279,-76.854,-45.478,-20.048
-19.683,-10.018,19.155,13.378,-17.985,-2.5136,1.6401,-1.5683,-24.862,-76.71,-45.472,-19.357
-18.202,-8.3033,18.868,11.873,-17.081,-1.6287,1.9343,-0.77986,-23.398,-76.506,-45.331,-18.62
-16.949,-6.9323,18.53,10.686,-16.191,-0.8999,2.3338,0.015121,-21.881,-76.186,-45.023,-17.854
-15.99,-6.1092,18.12,9.9551,-15.307,-0.44289,2.7729,0.81068,-20.301,-75.666,-44.49,-17.036
-15.29,-5.8728,17.665,9.6769,-14.421,-0.2775,3.2467,1.5941,-18.654,-74.867,-43.668,-16.127
-14.75,-6.1004,17.226,9.7203,-13.541,-0.33297,3.7954,2.3489,-16.962,-73.741,-42.505,-15.097
-14.262,-6.5645,16.857,9.8871,-12.69,-0.4922,4.4459,3.0589,-15.266,-72.294,-40.99,-13.953
-13.739,-7.0104,16.571,9.9822,-11.89,-0.63943,5.1535,3.7139,-13.624,-70.577,-39.169,-12.744
-13.109,-7.2257,16.328,9.859,-11.136,-0.69426,5.7917,4.3157,-12.086,-68.646,-37.138,-11.537
-12.314,-7.0811,16.045,9.4337,-10.398,-0.62632,6.2019,4.884,-10.662,-66.532,-35.003,-10.385
-11.315,-6.5396,15.638,8.6853,-9.6396,-0.44286,6.2658,5.4556,-9.3213,-64.233,-32.838,-9.3076
-10.113,-5.6419,15.059,7.6489,-8.8308,-0.16417,5.955,6.0765,-7.9886,-61.716,-30.657,-8.2911
-8.7526,-4.4868,14.32,6.4046,-7.9659,0.18853,5.3407,6.7853,-6.583,-58.935,-28.441,-7.3106
-7.3183,-3.2132,13.476,5.0668,-7.0657,0.58835,4.5849,7.5928,-5.0525,-55.868,-26.178,-6.3483
-5.9262,-1.9823,12.605,3.7743,-6.1742,0.99416,3.9147,8.4727,-3.3972,-52.524,-23.891,-5.4047
-4.7024,-0.95318,11.767,2.6695,-5.3444,1.3523,3.5656,9.361,-1.6654,-48.935,-21.636,-4.4965
-3.7422,-0.24599,10.983,1.8613,-4.6138,1.6089,3.7223,10.171,0.069859,-45.124,-19.476,-3.6451
-3.0669,0.09483,10.231,1.3856,-3.985,1.7281,4.4862,10.822,1.7386,-41.097,-17.444,-2.8654
-2.6115,0.11755,9.4668,1.1869,-3.4248,1.7054,5.8421,11.272,3.2931,-36.877,-15.531,-2.1596
-2.2542,-0.057313,8.6504,1.1418,-2.8836,1.5691,7.6273,11.536,4.7141,-32.541,-13.702,-1.5174
-1.8731,-0.2865,7.768,1.1114,-2.3201,1.369,9.5508,11.678,6.0059,-28.244,-11.927,-0.92055
-1.3967,-0.45442,6.8425,0.99478,-1.719,1.161,11.261,11.77,7.1907,-24.168,-10.202,-0.34905
-0.82505,-0.50157,5.9221,0.75683,-1.098,0.99171,12.405,11.866,8.3,-20.458,-8.5483,0.21278
-0.22189,-0.42959,5.0561,0.42731,-0.49987,0.88736,12.681,11.984,9.3737,-17.182,-6.9885,0.77282
0.31656,-0.29395,4.275,0.082389,0.02428,0.84231,11.915,12.109,10.45,-14.323,-5.5313,1.3294
0.69505,-0.18881,3.583,-0.17766,0.43432,0.816,10.168,12.203,11.557,-11.81,-4.1648,1.8736
0.84865,-0.22222,2.9663,-0.25922,0.71367,0.74425,7.8034,12.223,12.701,-9.5519,-2.8599,2.3976
0.76552,-0.47558,2.4075,-0.10944,0.87356,0.56374,5.4058,12.143,13.872,-7.4566,-1.5722,2.9078
0.49606,-0.96644,1.8958,0.25948,0.94958,0.23968,3.5746,11.969,15.051,-5.4438,-0.24688,3.4328
0.13722,-1.6404,1.4309,0.77408,0.98969,-0.21857,2.6981,11.735,16.22,-3.4533,1.1702,4.0153
-0.20621,-2.3987,1.0175,1.3324,1.0357,-0.76384,2.8335,11.489,17.355,-1.4566,2.7154,4.6908
-0.46418,-3.138,0.66138,1.8449,1.1071,-1.3299,3.7156,11.265,18.43,0.54582,4.3966,5.4665
-0.62432,-3.7786,0.36395,2.2619,1.196,-1.8509,4.8774,11.072,19.418,2.5299,6.1967,6.3171
-0.72333,-4.2712,0.11633,2.5748,1.2762,-2.2699,5.8519,10.903,20.308,4.4734,8.0898,7.1997
-0.81216,-4.5853,-0.098176,2.7943,1.3225,-2.5392,6.3663,10.746,21.122,6.3835,10.06,8.0794
-0.91685,-4.6963,-0.2959,2.9231,1.3254,-2.618,6.4174,10.604,21.914,8.3121,12.107,8.95
-1.0238,-4.5868,-0.48019,2.9451,1.2931,-2.4827,6.2019,10.495,22.758,10.343,14.241,9.8369
-1.0962,-4.2625,-0.63826,2.8397,1.2426,-2.142,5.961,10.443,23.71,12.55,16.457,10.781
-1.0999,-3.7645,-0.7498,2.6032,1.1882,-1.6471,5.8472,10.467,24.781,14.951,18.702,11.816
-1.0143,-3.1734,-0.80238,2.2572,1.1446,-1.0894,5.8824,10.565,25.934,17.482,20.883,12.945
-0.82475,-2.5907,-0.80052,1.8416,1.1352,-0.58451,6.003,10.721,27.099,20.021,22.893,14.135
-0.52039,-2.1121,-0.76536,1.3971,1.1922,-0.24381,6.1354,10.911,28.195,22.432,24.644,15.317
-0.097673,-1.8005,-0.72836,0.95479,1.3437,-0.13599,6.2464,11.102,29.152,24.608,26.087,16.394
0.4228,-1.6709,-0.71496,0.53824,1.5929,-0.25715,6.3636,11.258,29.918,26.486,27.205,17.251
0.98873,-1.6847,-0.73217,0.16556,1.9076,-0.52955,6.5594,11.343,30.469,28.046,27.992,17.78
1.5302,-1.7469,-0.76263,-0.159,2.2277,-0.82317,6.901,11.335,30.805,29.296,28.445,17.907
1.9946,-1.7151,-0.77404,-0.46402,2.4911,-0.98835,7.3898,11.232,30.953,30.283,28.576,17.64
2.3731,-1.4403,-0.73497,-0.80989,2.66,-0.89715,7.917,11.057,30.962,31.081,28.437,17.085
2.6902,-0.83924,-0.63202,-1.2527,2.73,-0.4883,8.2723,10.845,30.884,31.781,28.126,16.417
2.9667,0.05542,-0.47682,-1.7948,2.7233,0.20298,8.2251,10.626,30.752,32.464,27.764,15.793
3.1863,1.0875,-0.30223,-2.3581,2.6674,1.0527,7.65,10.413,30.571,33.161,27.454,15.292
3.2897,2.0209,-0.14659,-2.8066,2.5787,1.884,6.6211,10.206,30.314,33.842,27.241,14.921
3.2047,2.6124,-0.034516,-2.994,2.4568,2.5111,5.4055,9.997,29.947,34.436,27.113,14.651
2.8832,2.6959,0.041236,-2.827,2.2874,2.7938,4.3563,9.7784,29.446,34.858,27.015,14.444
2.3339,2.2446,0.12023,-2.3091,2.0541,2.6903,3.7717,9.5495,28.82,35.059,26.879,14.257
1.6263,1.3761,0.2555,-1.5409,1.7474,2.2715,3.7892,9.3153,28.095,35.032,26.639,14.041
0.86157,0.30145,0.48171,-0.67752,1.371,1.6858,4.3521,9.0813,27.307,34.81,26.244,13.762
0.13397,-0.7511,0.80073,0.13098,0.94582,1.1029,5.2441,8.8502,26.472,34.431,25.656,13.402
-0.49283,-1.6024,1.1873,0.7821,0.5077,0.65588,6.1798,8.6211,25.588,33.918,24.859,12.96
-0.99332,-2.1606,1.5917,1.2379,0.098848,0.40574,6.9381,8.3915,24.639,33.282,23.866,12.453
-1.3838,-2.4237,1.9444,1.5247,-0.25375,0.34612,7.4749,8.1574,23.615,32.526,22.716,11.904
-1.7233,-2.461,2.1828,1.7161,-0.5534,0.43156,7.9354,7.9145,22.516,31.656,21.476,11.347
-2.0928,-2.3819,2.2844,1.9081,-0.83261,0.60582,8.5442,7.6605,21.359,30.691,20.228,10.814
-2.5629,-2.3006,2.2742,2.1822,-1.1345,0.81474,9.4456,7.3991,20.183,29.671,19.066,10.335
-3.1554,-2.3,2.1989,2.5717,-1.4849,1.0084,10.583,7.1388,19.03,28.653,18.08,9.9312
-3.8259,-2.4099,2.0961,3.0514,-1.8718,1.1436,11.675,6.8885,17.938,27.706,17.349,9.6202
-4.4819,-2.6171,1.9756,3.5584,-2.2452,1.1851,12.305,6.6517,16.924,26.888,16.917,9.4145
-5.0278,-2.8972,1.8225,4.0304,-2.5411,1.1011,12.075,6.424,15.985,26.22,16.774,9.3139
-5.4083,-3.2433,1.6091,4.4372,-2.7118,0.85989,10.782,6.1962,15.095,25.669,16.833,9.2907
-5.6263,-3.6723,1.3137,4.7909,-2.7443,0.4349,8.559,5.9623,14.223,25.151,16.934,9.2786
-5.7313,-4.2174,0.93168,5.1341,-2.6616,-0.1796,5.8925,5.7253,13.349,24.555,16.89,9.1828
-5.7915,-4.9084,0.47612,5.5182,-2.5061,-0.95356,3.4565,5.4988,12.472,23.804,16.548,8.9185
-5.8647,-5.7491,-0.030956,5.9833,-2.3201,-1.8201,1.8473,5.2992,11.619,22.885,15.858,8.4598
-5.9847,-6.7042,-0.56592,6.5392,-2.1316,-2.6933,1.3587,5.1353,10.826,21.87,14.891,7.8588
-6.1516,-7.6993,-1.1099,7.156,-1.9479,-3.4911,1.898,5.0001,10.117,20.878,13.807,7.2182
-6.3295,-8.6294,-1.6469,7.765,-1.7588,-4.1482,3.0342,4.8732,9.4954,20.02,12.789,6.6379
-6.4523,-9.3651,-2.1656,8.2647,-1.5465,-4.6161,4.1501,4.7241,8.9358,19.352,11.965,6.1674
-6.4326,-9.7572,-2.6608,8.5253,-1.2938,-4.8565,4.6773,4.5245,8.3958,18.857,11.37,5.789
-6.1705,-9.6531,-3.1338,8.4005,-0.98359,-4.8388,4.3229,4.2584,7.8336,18.458,10.943,5.434
-5.578,-8.9459,-3.5838,7.7764,-0.59741,-4.5489,3.1675,3.9288,7.2228,18.059,10.573,5.0225
-4.6306,-7.6429,-3.9969,6.6419,-0.12602,-4.0076,1.6013,3.5558,6.5604,17.583,10.153,4.5084
-3.4049,-5.8966,-4.3467,5.1193,0.41121,-3.2798,0.14628,3.1719,5.8664,16.997,9.6248,3.9058
-2.0684,-3.9743,-4.6069,3.4342,0.95981,-2.4656,-0.77256,2.8114,5.176,16.32,9.0021,3.2822
-0.83749,-2.1984,-4.7645,1.8643,1.4441,-1.6819,-1.0028,2.4997,4.5267,15.61,8.3409,2.7228
0.062679,-0.88817,-4.8243,0.6948,1.7868,-1.0548,-0.67472,2.2444,3.9435,14.925,7.6915,2.2909
0.43655,-0.30811,-4.8036,0.17118,1.9237,-0.71327,-0.081782,2.0326,3.427,14.302,7.0644,2.0015
0.16765,-0.6068,-4.7243,0.43618,1.817,-0.75593,0.45395,1.838,2.9528,13.733,6.4283,1.816
-0.72353,-1.7508,-4.6064,1.4619,1.4739,-1.1932,0.70146,1.6355,2.4843,13.187,5.7423,1.6585
-2.0495,-3.4983,-4.4663,3.0224,0.96196,-1.921,0.61091,1.415,1.9944,12.626,4.9912,1.4521
-3.4972,-5.4537,-4.3179,4.7499,0.39769,-2.7533,0.32695,1.1844,1.4801,12.034,4.1962,1.161
-4.7385,-7.1916,-4.1692,6.2594,-0.097889,-3.4869,0.11043,0.96239,0.96087,11.421,3.4002,0.81245
-5.5487,-8.389,-4.0169,7.2721,-0.4504,-3.9635,0.20193,0.76696,0.46441,10.804,2.6453,0.48209
-5.8721,-8.904,-3.845,7.6838,-0.65846,-4.1114,0.68685,0.60843,0.0091686,10.193,1.9575,0.25206
-5.8159,-8.7826,-3.6328,7.5695,-0.78252,-3.9545,1.4464,0.48697,-0.40575,9.5735,1.3355,0.16629
-5.5863,-8.2132,-3.3672,7.1331,-0.90855,-3.5926,2.2315,0.39328,-0.8011,8.9094,0.75306,0.20672
-5.4002,-7.4609,-3.0492,6.6271,-1.1108,-3.1594,2.7967,0.31105,-1.2098,8.1609,0.17484,0.30081
-5.4126,-6.7819,-2.6942,6.2644,-1.4278,-2.7714,3.014,0.22105,-1.6638,7.3054,-0.42369,0.35723
-5.6699,-6.3188,-2.3251,6.1409,-1.8512,-2.4834,2.9262,0.11386,-2.1796,6.3507,-1.0417,0.31087
-6.0918,-6.0466,-1.964,6.2023,-2.3252,-2.2732,2.7211,-0.0031707,-2.7478,5.3379,-1.6491,0.15404
-6.5045,-5.8162,-1.6269,6.2845,-2.7629,-2.0652,2.6419,-0.10557,-3.3336,4.3324,-2.1957,-0.060427
-6.7255,-5.4625,-1.3231,6.2115,-3.0785,-1.7766,2.8833,-0.16238,-3.889,3.4059,-2.6318,-0.24427
-6.6515,-4.9038,-1.0559,5.8896,-3.2224,-1.3654,3.5191,-0.15239,-4.3732,2.6139,-2.9315,-0.31623
-6.308,-4.1874,-0.82676,5.3516,-3.2039,-0.86254,4.4829,-0.075967,-4.7709,1.9767,-3.1026,-0.24471
-5.8522,-3.4867,-0.63691,4.7591,-3.0936,-0.37401,5.5964,0.044102,-5.0968,1.4737,-3.182,-0.070284
-5.5261,-3.0529,-0.48724,4.3591,-3.0044,-0.04271,6.6257,0.17144,-5.384,1.0578,-3.2195,0.10566
-5.557,-3.1189,-0.37488,4.3874,-3.0468,0.010424,7.3484,0.26923,-5.6603,0.68166,-3.2579,0.16345
-6.0447,-3.7827,-0.29084,4.9505,-3.2756,-0.25759,7.607,0.31134,-5.9315,0.32025,-3.3167,0.020958
-6.903,-4.932,-0.22168,5.9536,-3.6598,-0.7849,7.3387,0.2865,-6.183,-0.023631,-3.3919,-0.32609
-7.8834,-6.2651,-0.1547,7.1182,-4.0921,-1.4241,6.586,0.1952,-6.3981,-0.33384,-3.4676,-0.80499
-8.6664,-7.398,-0.082973,8.0801,-4.4363,-1.9953,5.4972,0.044416,-6.5775,-0.60155,-3.5331,-1.3063
-8.9885,-7.9992,-0.0068557,8.5277,-4.5884,-2.3466,4.3082,-0.15471,-6.7432,-0.8372,-3.5937,-1.7326
-8.7434,-7.8984,0.068744,8.3141,-4.5163,-2.4004,3.2881,-0.38546,-6.9256,-1.0673,-3.6709,-2.0365
-8.0089,-7.1317,0.13876,7.4956,-4.264,-2.1681,2.6581,-0.62041,-7.1421,-1.3191,-3.7915,-2.2318
-7.0068,-5.9159,0.20063,6.2999,-3.9291,-1.7341,2.5172,-0.83278,-7.3824,-1.6019,-3.9678,-2.3847
-6.0289,-4.5758,0.25485,5.0505,-3.6288,-1.22,2.8153,-0.99743,-7.6082,-1.8947,-4.1837,-2.5816
-5.3441,-3.4442,0.30581,4.0664,-3.4656,-0.74315,3.3859,-1.0945,-7.766,-2.1481,-4.3983,-2.8833
-5.1139,-2.7527,0.36402,3.5591,-3.4963,-0.37899,4.0204,-1.1105,-7.8081,-2.3023,-4.5657,-3.2896
-5.3419,-2.5561,0.44571,3.5677,-3.7126,-0.13868,4.5386,-1.0397,-7.7127,-2.3136,-4.658,-3.7365
-5.8838,-2.736,0.56528,3.9608,-4.0449,0.022273,4.8249,-0.88521,-7.4952,-2.1763,-4.679,-4.1287
-6.5102,-3.0806,0.72372,4.5066,-4.3888,0.16787,4.8278,-0.66132,-7.2033,-1.9298,-4.6672,-4.3867
-6.9981,-3.386,0.90334,4.9731,-4.6442,0.33871,4.5482,-0.39199,-6.8988,-1.6497,-4.6836,-4.486
-7.2108,-3.5337,1.0737,5.213,-4.7497,0.52556,4.0336,-0.10495,-6.6344,-1.4268,-4.7972,-4.4704
-7.1374,-3.5229,1.205,5.205,-4.7018,0.67272,3.3711,0.17544,-6.4365,-1.338,-5.0602,-4.4321
-6.8823,-3.4525,1.2798,5.0422,-4.5525,0.70739,2.6668,0.43198,-6.2967,-1.4194,-5.4865,-4.4683
-6.6077,-3.4571,1.2984,4.8739,-4.3837,0.57947,2.0171,0.65453,-6.1913,-1.6535,-6.0398,-4.6338
-6.4541,-3.6265,1.2784,4.8269,-4.2716,0.29326,1.4868,0.83861,-6.0927,-1.9802,-6.6405,-4.9152
-6.4833,-3.9542,1.2491,4.946,-4.2609,-0.085785,1.1025,0.98555,-5.9823,-2.3253,-7.1937,-5.2385
-6.6717,-4.3396,1.2404,5.1845,-4.358,-0.4529,0.85218,1.1047,-5.8545,-2.6308,-7.6245,-5.502
-6.9402,-4.6384,1.2703,5.4404,-4.5368,-0.70304,0.68691,1.2145,-5.7123,-2.872,-7.9058,-5.621
-7.199,-4.7309,1.3408,5.6117,-4.7533,-0.77057,0.54055,1.3388,-5.5621,-3.0594,-8.0646,-5.5695
-7.3917,-4.5776,1.4401,5.6459,-4.9699,-0.65419,0.37394,1.4955,-5.4128,-3.2261,-8.1629,-5.3941
-7.5205,-4.2384,1.5489,5.5635,-5.1756,-0.41763,0.21569,1.6881,-5.2754,-3.4038,-8.2599,-5.1887
-7.6415,-3.8519,1.6481,5.4483,-5.3863,-0.1664,0.15805,1.9044,-5.1584,-3.6003,-8.3721,-5.0391
-7.8323,-3.5846,1.7257,5.411,-5.6258,-0.010297,0.33012,2.1217,-5.0621,-3.7878,-8.455,-4.9778
-8.1534,-3.5735,1.7778,5.5461,-5.9042,-0.025049,0.88681,2.3224,-4.9756,-3.9135,-8.4194,-4.9692
-8.6249,-3.8819,1.8084,5.9017,-6.2105,-0.22642,1.9485,2.4987,-4.8817,-3.9275,-8.1797,-4.9326
-9.2255,-4.4869,1.8321,6.4712,-6.5248,-0.56864,3.5061,2.649,-4.7652,-3.811,-7.706,-4.7867
-9.9091,-5.298,1.8742,7.2028,-6.8355,-0.96819,5.3719,2.7738,-4.6185,-3.5865,-7.0433,-4.4902
-10.621,-6.1912,1.9575,8.0153,-7.1429,-1.3395,7.1817,2.8761,-4.44,-3.2996,-6.2892,-4.0567
-11.301,-7.0405,2.0828,8.8124,-7.4455,-1.6257,8.4612,2.964,-4.2284,-3.0029,-5.5545,-3.5448
-11.889,-7.74,2.2202,9.4973,-7.7257,-1.8118,8.7726,3.0512,-3.9817,-2.7341,-4.9328,-3.0347
-12.316,-8.2134,2.321,9.9835,-7.9476,-1.9176,7.8882,3.1527,-3.7028,-2.5134,-4.486,-2.6008
-12.515,-8.4108,2.3427,10.199,-8.0669,-1.9754,5.9039,3.2789,-3.4002,-2.3475,-4.2344,-2.287
-12.422,-8.3031,2.2697,10.094,-8.0464,-2.0093,3.2445,3.43,-3.091,-2.2349,-4.1595,-2.0981
-12.008,-7.8852,2.1183,9.6484,-7.8727,-2.0242,0.55529,3.5962,-2.8008,-2.1686,-4.2189,-2.0085
-11.294,-7.1855,1.9272,8.8913,-7.5646,-2.0076,-1.4929,3.7623,-2.5504,-2.1364,-4.3657,-1.9845
-10.36,-6.2746,1.744,7.9065,-7.1716,-1.9387,-2.4114,3.9157,-2.3536,-2.1205,-4.5654,-2.0044
-9.3356,-5.2661,1.6121,6.829,-6.7612,-1.8032,-2.0339,4.0506,-2.213,-2.0993,-4.7973,-2.0661
-8.3749,-4.3033,1.5596,5.823,-6.3998,-1.6066,-0.5585,4.1693,-2.119,-2.0488,-5.0453,-2.1807
-7.6207,-3.531,1.5902,5.0461,-6.1329,-1.3754,1.5339,4.2805,-2.0493,-1.947,-5.2906,-2.359
-7.168,-3.0592,1.6819,4.608,-5.9755,-1.1481,3.6785,4.3978,-1.9705,-1.7772,-5.51,-2.6021
-7.0405,-2.9344,1.7987,4.5414,-5.9165,-0.95886,5.4488,4.5361,-1.8441,-1.5342,-5.6816,-2.8994
-7.1888,-3.125,1.9088,4.7938,-5.9284,-0.8248,6.6718,4.7049,-1.6402,-1.2312,-5.7966,-3.2321
-7.5107,-3.532,1.9989,5.2465,-5.9796,-0.74208,7.3777,4.9003,-1.3535,-0.90599,-5.8676,-3.5789
-7.8876,-4.0211,2.0756,5.754,-6.045,-0.69254,7.6703,5.0999,-1.0145,-0.61549,-5.9281,-3.9224
-8.2218,-4.4648,2.1553,6.1876,-6.1127,-0.65594,7.6391,5.2671,-0.68597,-0.42404,-6.0205,-4.2529
-8.4559,-4.7685,2.2514,6.461,-6.1857,-0.61793,7.3553,5.3607,-0.44357,-0.38071,-6.1812,-4.5691
-8.568,-4.8732,2.3659,6.5314,-6.2733,-0.56914,6.9294,5.3534,-0.3467,-0.49817,-6.428,-4.8729
-8.5545,-4.7517,2.4895,6.392,-6.3799,-0.50117,6.5366,5.244,-0.41572,-0.74829,-6.7572,-5.1646
-8.4238,-4.4156,2.6081,6.0688,-6.5009,-0.4085,6.3649,5.0568,-0.62804,-1.0825,-7.1478,-5.4409
-8.1997,-3.9265,2.7113,5.6209,-6.6271,-0.29652,6.5361,4.8302,-0.93159,-1.449,-7.5667,-5.6939
-7.9276,-3.3915,2.7952,5.1378,-6.7494,-0.18843,7.0494,4.6004,-1.2642,-1.8124,-7.968,-5.9119
-7.6726,-2.9453,2.8585,4.7309,-6.8605,-0.12576,7.7706,4.3901,-1.5685,-2.1534,-8.2919,-6.0781
-7.5062,-2.7236,2.8958,4.5126,-6.9516,-0.15966,8.4673,4.2052,-1.8063,-2.4617,-8.4732,-6.1749
-7.4835,-2.8281,2.8947,4.5635,-7.0114,-0.33333,8.8744,4.039,-1.9605,-2.7297,-8.4643,-6.1915
-7.625,-3.2928,2.8413,4.9031,-7.0319,-0.66156,8.7824,3.8791,-2.0353,-2.9521,-8.2642,-6.1358
-7.9155,-4.0655,2.7325,5.4814,-7.0179,-1.1178,8.1264,3.7104,-2.0543,-3.1339,-7.936,-6.0431
-8.3083,-5.0145,2.5845,6.1905,-6.9897,-1.6346,7.0376,3.5161,-2.0588,-3.2994,-7.5897,-5.9716
-8.7338,-5.9541,2.4302,6.8889,-6.9733,-2.1169,5.8167,3.2788,-2.1028,-3.494,-7.339,-5.9826
-9.1078,-6.684,2.3082,7.429,-6.9863,-2.4633,4.8313,2.9868,-2.2405,-3.7737,-7.2587,-6.1148
-9.3471,-7.0369,2.2485,7.6885,-7.0299,-2.5934,4.3766,2.6403,-2.5116,-4.1863,-7.3641,-6.3664
-9.3926,-6.9265,2.2623,7.6038,-7.0909,-2.4731,4.5644,2.2546,-2.9293,-4.7531,-7.6172,-6.6942
-9.2329,-6.3792,2.3393,7.1945,-7.1504,-2.1298,5.2824,1.8568,-3.474,-5.4583,-7.9529,-7.0332
-8.9166,-5.5339,2.4533,6.5653,-7.1984,-1.6495,6.2304,1.4789,-4.0998,-6.2511,-8.3092,-7.3292
-8.5419,-4.6069,2.5712,5.8804,-7.2371,-1.1553,7.0202,1.1494,-4.7409,-7.0614,-8.6487,-7.5649
-8.2224,-3.8314,2.6615,5.3155,-7.2737,-0.77442,7.3151,0.88965,-5.3222,-7.8177,-8.9568,-7.7592
-8.042,-3.3879,2.7014,5.0036,-7.3073,-0.59933,6.9656,0.71179,-5.7712,-8.4592,-9.2207,-7.9367
-8.025,-3.354,2.6824,4.9975,-7.3205,-0.6584,6.0765,0.62283,-6.0337,-8.9453,-9.4084,-8.0928
-8.1394,-3.6961,2.6122,5.2666,-7.2893,-0.91347,4.9614,0.62454,-6.0897,-9.2638,-9.4656,-8.1828
-8.3266,-4.3001,2.5093,5.7233,-7.2023,-1.284,4.0062,0.71037,-5.9614,-9.4317,-9.3385,-8.1445
-8.5287,-5.0184,2.3914,6.2581,-7.0678,-1.6814,3.5065,0.86392,-5.7061,-9.4864,-9.0057,-7.9364
-8.6972,-5.7133,2.2612,6.7685,-6.9009,-2.0386,3.5545,1.0615,-5.3975,-9.4712,-8.4986,-7.5663
-8.7854,-6.2844,2.1007,7.1726,-6.7031,-2.3267,4.0181,1.2762,-5.1055,-9.428,-7.8975,-7.0944
-8.7456,-6.6756,1.8775,7.4105,-6.4551,-2.5506,4.6121,1.4816,-4.8817,-9.39,-7.3099,-6.6131
-8.5391,-6.8662,1.5646,7.4452,-6.1309,-2.7322,5.0225,1.6542,-4.7531,-9.3863,-6.8414,-6.2176
-8.1552,-6.8572,1.1616,7.2654,-5.7214,-2.891,5.0269,1.7766,-4.7195,-9.4423,-6.5701,-5.976
-7.622,-6.6594,0.70456,6.8884,-5.2503,-3.0311,4.5559,1.8432,-4.7555,-9.571,-6.5217,-5.9065
-6.9928,-6.2862,0.25866,6.3478,-4.7649,-3.1359,3.6845,1.8673,-4.812,-9.7603,-6.6522,-5.9681
-6.3151,-5.7513,-0.10285,5.68,-4.3126,-3.1691,2.589,1.8859,-4.8239,-9.9623,-6.8495,-6.0674
-5.6105,-5.0746,-0.32211,4.9148,-3.9185,-3.0854,1.5057,1.9541,-4.7128,-10.095,-6.9632,-6.0867
-4.8811,-4.2946,-0.37311,4.0828,-3.5809,-2.8583,0.69143,2.1256,-4.4115,-10.059,-6.8635,-5.9315
-4.1371,-3.4795,-0.26253,3.2332,-3.2863,-2.5124,0.37199,2.4279,-3.8876,-9.7594,-6.5023,-5.5787
-3.422,-2.7207,-0.013938,2.4395,-3.0301,-2.1275,0.6816,2.8488,-3.1579,-9.124,-5.9351,-5.093
-2.8111,-2.0921,0.35632,1.7813,-2.8274,-1.7832,1.6214,3.3423,-2.2851,-8.1133,-5.2858,-4.5922
-2.3794,-1.5971,0.85776,1.3059,-2.7063,-1.4836,3.0655,3.8483,-1.3551,-6.7132,-4.6835,-4.19
-2.1595,-1.1512,1.5251,0.99805,-2.693,-1.1342,4.8129,4.3117,-0.45364,-4.9073,-4.2115,-3.9455
-2.1171,-0.61758,2.3932,0.77477,-2.7986,-0.58469,6.6444,4.6933,0.3526,-2.6326,-3.891,-3.8479
-2.15,0.18117,3.4696,0.49232,-3.0123,0.34728,8.3509,4.9768,1.023,0.2564,-3.6937,-3.834
-2.1047,1.4868,4.7325,-0.045355,-3.3006,1.8512,9.747,5.1687,1.5416,3.9235,-3.5705,-3.8246
-1.8132,3.5439,6.1453,-1.0464,-3.6105,4.0241,10.704,5.2955,1.9136,8.2789,-3.4761,-3.7597
-1.1487,6.4592,7.6532,-2.6466,-3.8785,6.8041,11.193,5.3957,2.162,12.713,-3.3802,-3.6167
-0.077818,10.119,9.1648,-4.8324,-4.0453,9.9906,11.296,5.5061,2.3259,16.678,-3.2665,-3.4092
1.322,14.199,10.552,-7.4278,-4.0721,13.284,11.161,5.6605,2.4581,20.827,-3.1248,-3.1745
2.8889,18.237,11.682,-10.144,-3.9507,16.324,10.923,5.8815,2.6223,26.655,-2.9429,-2.9561
4.4333,21.753,12.462,-12.672,-3.707,18.742,10.641,6.1787,2.8855,35.148,-2.6998,-2.7844
5.8084,24.421,12.868,-14.787,-3.3867,20.283,10.298,6.5493,3.3044,46.259,-2.3613,-2.6601
6.9674,26.235,12.957,-16.447,-3.03,20.966,9.8248,6.9781,3.9123,59.015,-1.8823,-2.5463
8.014,27.588,12.843,-17.863,-2.6465,21.188,9.1575,7.4385,4.7118,71.784,-1.2151,-2.3753
9.2213,29.187,12.64,-19.496,-2.2065,21.686,8.2973,7.8937,5.6763,82.879,-0.32248,-2.0694
10.994,31.718,12.434,-21.926,-1.6462,23.148,7.3559,8.3001,6.758,91.465,0.81393,-1.5658
13.751,35.296,12.255,-25.522,-0.888,25.384,6.5691,8.6147,7.8896,97.776,2.1868,-0.83134
17.718,39.289,12.063,-30.077,0.1359,27.176,6.2668,8.8045,8.9977,102.5,3.7597,0.13375
22.72,43.053,11.753,-34.904,1.4644,27.816,6.7821,8.8554,10.022,106.23,5.4828,1.303
28.23,46.501,11.238,-39.477,3.1039,27.837,8.2745,8.7778,10.942,109.24,7.3205,2.6429
33.747,49.91,10.521,-43.784,5.0431,28.133,10.574,8.6037,11.792,111.59,9.2819,4.1381
39.081,53.567,9.6954,-48.078,7.2732,29.159,13.187,8.3751,12.651,113.39,11.431,5.8143
44.29,57.675,8.879,-52.604,9.7913,30.945,15.434,8.1285,13.607,115.04,13.867,7.74
49.496,62.448,8.1525,-57.523,12.573,33.408,16.645,7.8813,14.708,116.26,16.677,10.01
54.79,68.121,7.5573,-62.921,15.548,36.542,16.345,7.6275,15.936,115.84,19.89,12.713
60.216,74.783,7.1024,-68.79,18.634,40.372,14.378,7.3431,17.216,113.46,23.449,15.89
65.772,82.158,6.7485,-74.99,21.799,44.718,10.936,6.9966,18.441,109.4,27.204,19.503
71.39,89.569,6.4014,-81.242,25.051,48.992,6.4681,6.5585,19.504,103.88,30.946,23.404
76.917,96.202,5.9418,-87.169,28.369,52.373,1.5238,6.0058,20.316,97.014,34.45,27.355
82.116,101.42,5.2701,-92.365,31.676,54.249,-3.4504,5.3136,20.807,88.997,37.524,31.074
86.724,104.91,4.3355,-96.492,34.859,54.471,-8.1769,4.4554,20.934,80.413,40.05,34.347
90.557,106.69,3.14,-99.388,37.814,53.308,-12.446,3.407,20.684,72.06,42.016,37.081
93.584,107.08,1.7241,-101.15,40.465,51.283,-16.2,2.1544,20.084,64.464,43.489,39.29
95.93,106.63,0.14047,-102.08,42.784,48.98,-19.688,0.7005,19.187,57.661,44.56,41.041
97.806,105.8,-1.576,-102.59,44.792,46.813,-23.315,-0.92945,18.053,51.354,45.277,42.395
99.402,104.74,-3.4144,-102.96,46.545,44.832,-27.258,-2.6828,16.731,45.112,45.631,43.388
100.82,103.3,-5.354,-103.26,48.102,42.824,-31.252,-4.4761,15.262,38.506,45.572,44.039
102.02,101.5,-7.3524,-103.35,49.503,40.657,-34.827,-6.2044,13.681,31.269,45.058,44.362
102.86,99.465,-9.4007,-103.04,50.754,38.413,-37.645,-7.7718,12.031,23.45,44.088,44.359
103.17,97.217,-11.555,-102.21,51.835,36.158,-39.57,-9.1303,10.352,15.481,42.707,44.002
102.85,94.556,-13.841,-100.8,52.697,33.749,-40.588,-10.304,8.6712,7.9845,40.994,43.238
101.83,91.229,-16.135,-98.691,53.263,30.883,-40.748,-11.389,6.981,1.3719,39.027,41.991
100.01,87.047,-18.249,-95.746,53.431,27.306,-40.151,-12.521,5.242,-4.3634,36.855,40.187
97.363,81.921,-20.091,-91.871,53.126,23.099,-38.935,-13.844,3.3982,-9.5382,34.48,37.759
93.867,75.871,-21.675,-87.074,52.344,18.728,-37.263,-15.469,1.4032,-14.588,31.868,34.681
89.588,69.063,-23.059,-81.492,51.152,14.63,-35.317,-17.448,-0.76447,-19.945,28.969,31.001
84.684,61.82,-24.307,-75.393,49.639,10.895,-33.292,-19.761,-3.1036,-25.922,25.758,26.866
79.373,54.521,-25.473,-69.097,47.879,7.3774,-31.364,-22.312,-5.599,-32.528,22.276,22.501
73.825,47.411,-26.591,-62.816,45.912,3.9117,-29.64,-24.938,-8.2213,-39.355,18.649,18.134
68.077,40.5,-27.675,-56.554,43.766,0.44549,-28.127,-27.44,-10.915,-45.747,15.082,13.944
62.094,33.657,-28.709,-50.194,41.485,-2.9126,-26.741,-29.619,-13.588,-51.173,11.795,10.063
55.88,26.703,-29.657,-43.623,39.128,-5.9638,-25.357,-31.311,-16.128,-55.431,8.9412,6.5851
49.477,19.397,-30.483,-36.763,36.741,-8.5941,-23.892,-32.433,-18.445,-58.603,6.5493,3.5751
42.903,11.629,-31.174,-29.499,34.342,-10.892,-22.383,-33.001,-20.508,-60.926,4.5461,1.0435
36.24,4.1113,-31.748,-21.81,31.958,-13.089,-21.008,-33.132,-22.355,-62.685,2.8137,-1.0559
29.839,-1.7612,-32.223,-14.3,29.649,-15.326,-19.996,-33.019,-24.074,-64.15,1.2498,-2.8042
24.225,-5.608,-32.594,-8.1049,27.497,-17.49,-19.471,-32.894,-25.76,-65.524,-0.20195,-4.2787
19.681,-8.0817,-32.83,-3.7366,25.556,-19.35,-19.337,-32.978,-27.491,-66.917,-1.5524,-5.5235
16.162,-9.6805,-32.9,-0.91813,23.83,-20.749,-19.292,-33.425,-29.305,-68.35,-2.7839,-6.5481
13.55,-10.513,-32.791,0.70444,22.286,-21.641,-18.951,-34.273,-31.19,-69.773,-3.8701,-7.3494
11.775,-10.555,-32.512,1.3379,20.89,-22.033,-18.028,-35.434,-33.095,-71.101,-4.794,-7.9393
10.761,-9.8508,-32.086,1.1613,19.622,-21.968,-16.491,-36.73,-34.952,-72.255,-5.5618,-8.3616
10.348,-8.5823,-31.535,0.42345,18.466,-21.528,-14.581,-37.973,-36.699,-73.19,-6.21,-8.6902
10.265,-7.0553,-30.879,-0.5469,17.39,-20.842,-12.691,-39.037,-38.305,-73.91,-6.8005,-9.0143
10.182,-5.6327,-30.143,-1.3927,16.335,-20.074,-11.177,-39.876,-39.77,-74.468,-7.4044,-9.4165
9.8004,-4.6419,-29.359,-1.8132,15.237,-19.391,-10.219,-40.512,-41.117,-74.949,-8.0784,-9.9527
8.9601,-4.2832,-28.57,-1.6541,14.073,-18.938,-9.7734,-40.996,-42.373,-75.438,-8.8434,-10.635
7.7058,-4.5793,-27.821,-0.9541,12.89,-18.795,-9.6111,-41.37,-43.549,-75.99,-9.676,-11.424
6.2514,-5.3946,-27.149,0.094069,11.778,-18.976,-9.4355,-41.655,-44.634,-76.616,-10.516,-12.234
4.8555,-6.5077,-26.583,1.2493,10.812,-19.422,-9.0252,-41.856,-45.603,-77.289,-11.289,-12.966
3.6901,-7.6926,-26.141,2.3236,10.002,-20.028,-8.3381,-41.982,-46.434,-77.973,-11.938,-13.553
2.7775,-8.7854,-25.824,3.2352,9.292,-20.67,-7.5358,-42.078,-47.128,-78.648,-12.451,-13.996
2.0011,-9.7344,-25.611,4.0202,8.5872,-21.261,-6.9255,-42.226,-47.715,-79.324,-12.872,-14.362
1.1731,-10.613,-25.467,4.8064,7.8066,-21.808,-6.8396,-42.535,-48.249,-80.032,-13.277,-14.747
0.14263,-11.564,-25.367,5.7391,6.918,-22.4,-7.5018,-43.094,-48.788,-80.802,-13.746,-15.235
-1.121,-12.707,-25.319,6.8929,5.9561,-23.133,-8.9308,-43.935,-49.377,-81.646,-14.338,-15.868
-2.5184,-14.063,-25.368,8.2279,5.0147,-24.027,-10.914,-45.01,-50.038,-82.548,-15.07,-16.631
-3.8645,-15.536,-25.569,9.602,4.2198,-25.015,-13.081,-46.208,-50.758,-83.467,-15.91,-17.468
-4.9427,-16.941,-25.961,10.809,3.6935,-25.989,-15.06,-47.403,-51.504,-84.343,-16.774,-18.286
-5.5598,-18.056,-26.549,11.633,3.52,-26.845,-16.647,-48.505,-52.241,-85.092,-17.555,-18.988
-5.6052,-18.692,-27.3,11.92,3.7189,-27.501,-17.85,-49.493,-52.955,-85.613,-18.145,-19.495
-5.0927,-18.763,-28.153,11.637,4.2358,-27.909,-18.788,-50.403,-53.647,-85.783,-18.474,-19.772
-4.1627,-18.321,-29.044,10.886,4.9585,-28.06,-19.528,-51.269,-54.318,-85.477,-18.537,-19.848
-3.0429,-17.547,-29.938,9.8776,5.7533,-27.996,-20.017,-52.062,-54.93,-84.582,-18.419,-19.825
-1.9831,-16.716,-30.845,8.8707,6.5054,-27.823,-20.109,-52.635,-55.374,-83.039,-18.302,-19.886
-1.1922,-16.142,-31.816,8.104,7.1424,-27.702,-19.622,-52.714,-55.453,-80.878,-18.453,-20.278
-0.79669,-16.142,-32.894,7.7409,7.6311,-27.846,-18.428,-51.894,-54.883,-78.325,-19.179,-21.284
-0.82469,-17.015,-34.038,7.8415,7.9571,-28.512,-16.682,-49.626,-53.289,-76.02,-20.762,-23.159
-1.2114,-19.032,-35.116,8.3745,8.1129,-29.802,-15.166,-45.539,-50.254,-74.869,-23.316,-26
-1.8288,-22.291,-36.016,9.2599,8.1122,-31.22,-15.317,-42.799,-46.059,-75.328,-26.464,-29.497
-2.5405,-26.214,-36.789,10.393,8.01,-32.179,-18.554,-56.225,-47.328,-78.403,-29.08,-32.467
-3.2473,-29.48,-37.54,11.614,7.8782,-32.787,-24.525,-72.61,-70.981,-85.18,-29.599,-33.476
-3.8808,-31.335,-38.222,12.695,7.7563,-33.533,-29.579,-77.643,-81.772,-84.717,-26.096,-32.251
-4.3641,-32.194,-38.769,13.46,7.6768,-35.197,-29.161,-78.234,-81.586,-60.295,-16.3,-29.779
-4.592,-33.287,-39.239,13.928,7.7569,-38.83,-21.224,-72.653,-77.744,-26.915,-15.371,-30.272
-4.4444,-37.977,-39.747,14.423,8.2832,-45.253,-6.2756,-57.991,-68.287,6.4436,-19.438,-39.376
-3.9192,-55.283,-40.402,17.747,9.8321,-54.664,13.759,-31.205,-50.786,35.137,-29.097,-55.721
-9.5797,-78.556,-41.304,42.838,9.7643,-65.857,36.274,8.8551,-23.145,55.364,-44.781,-77.755
-18.677,-94.892,-42.494,60.52,1.342,-76.354,59.251,58.718,17.125,68.013,-62.233,-99.913
-27.238,-106.76,-43.748,74.233,-2.8015,-83.331,81.549,114.65,74.013,80.477,-76.277,-113.64
-35.264,-111.08,-44.023,81.545,-6.2967,-83.987,100.98,172.85,146.6,107.06,-77.808,-113.54
-39.069,-104.96,-41.75,78.939,-8.3407,-77.012,115.59,227.99,230.41,167.92,-47.01,-94.308
-34.301,-87.172,-37.474,64.796,-7.3368,-63.119,123.72,275.47,324.41,280.17,33.851,-48.123
-17.823,-58.302,-34.138,38.823,-1.2354,-44.318,128.97,311.25,431.44,457.5,187.57,30.069
12.592,-19.544,-34.16,1.1966,12.489,-22.86,134.01,337.77,554.02,714.45,405.72,141.78
61.014,28.353,-36.886,-48.213,38.866,-0.21461,138.39,355.99,693.33,1056.7,690.15,286.09
130.71,85.376,-41.215,-109.64,81.896,23.677,137.98,361.81,848.68,1481.3,1035.2,460.42
211.68,152.01,-51.675,-182.24,128.61,50.442,126.33,348.08,1015.5,1973.4,1424.2,659.36
300.34,228.65,-64.488,-264.67,176.9,81.726,95.869,306.27,1183.2,2503.4,1829,873.08
395.63,314.64,-73.896,-354.79,227.49,118.15,39.983,227.34,1334.3,3026.2,2210.3,1086.4
492.85,406.95,-79.592,-448.77,277.51,160.04,-45.143,101.5,1444.8,3484.7,2522.9,1279.5
585.14,499.22,-80.185,-540.48,323.25,204.9,-158.73,-78.343,1487.7,3818,2723.2,1431.3
663.51,582.53,-75.229,-621.57,360.14,248.22,-296.88,-311.57,1437.5,3971.8,2778.7,1523.4
718.12,647.83,-64.658,-682.96,383.25,285.25,-452.06,-589.2,1275.8,3909.1,2674.9,1543.8
741.16,688,-48.451,-716.85,388.46,312.32,-612.81,-894.83,994.84,3615.8,2418.7,1489.5
729.81,699.33,-26.918,-719.15,373.93,327.79,-765.66,-1206.9,599.98,3103.9,2037.6,1367.4
687.47,683.31,-0.74366,-691.55,340.9,332.56,-898.94,-1503,110.86,2411.7,1574.1,1193.8
623.17,647.51,29.334,-641.95,293.82,330.35,-1006.1,-1763.3,-437.23,1601.7,1077.8,990.81
549.18,603.34,61.944,-582.25,239.66,325.78,-1086.7,-1972.5,-994.44,754.15,597.21,781.77
477.35,560.68,94.18,-523.95,186.39,321.61,-1143.6,-2119.6,-1502.4,-43.541,172.48,586.3
415.83,523.32,121.38,-473.31,141.19,317.3,-1180.7,-2198,-1905.3,-711.79,-169,417.41
367.42,489.12,138.13,-430.22,109.11,309.19,-1200,-2207.1,-2163.8,-1195,-414.74,280.72
329.76,452.72,140.16,-390.48,92.11,292.2,-1201.5,-2154.3,-2265.3,-1473.8,-567.35,175.19
296.53,407.94,126.11,-348.5,86.51,262.13,-1183.7,-2052.4,-2226.8,-1567.3,-642.32,94.904
261.15,350.73,98.384,-300.39,84.624,218.06,-1145.7,-1915.2,-2087.5,-1523.7,-662.97,31.656
221.28,281.76,62.691,-246.15,81.937,163.59,-1088.3,-1759.6,-1895.1,-1402.3,-653.42,-22.013
177.44,206.4,26.428,-188.61,75.437,105.72,-1014.6,-1601.7,-1691.4,-1255.5,-632.42,-70.41
131.62,132.49,-3.3488,-131.86,62.362,52.29,-929.22,-1450.7,-1503.3,-1118,-610.01,-113.87
87.199,67.195,-22.102,-79.912,41.752,9.6348,-836.81,-1307.8,-1340.3,-1003.4,-587.82,-149.57
49.919,17.337,-29.288,-37.03,22.226,-17.699,-741.1,-1169.3,-1197.8,-909.24,-561.87,-173.38
25.232,-7.2923,-26.694,-11.645,10.164,-28.592,-645.09,-1030.3,-1064,-824.59,-526.7,-181.66
11.86,-12.698,-17.531,-1.6711,3.3533,-26.647,-551.73,-887.71,-925.89,-738.4,-478.24,-174.83
6.5477,-8.2974,-4.8582,-1.0785,-1.0935,-17.924,-463.86,-743,-779.69,-644.17,-412.49,-156.58
6.4859,-0.071133,8.9114,-5.4974,-4.1454,-8.2273,-383.31,-601.73,-640.61,-542.8,-339.32,-130.09
9.3056,9.5369,22.034,-12.087,-6.0297,0.97998,-310.6,-471.34,-516.8,-445.54,-271.47,-100.12
12.766,19.456,28.021,-18.876,-7.4439,10.366,-246.65,-359.54,-407.94,-364.09,-212.96,-71.077
8.7274,25.728,27.183,-19.546,-9.4802,17.506,-192.36,-271.83,-318.35,-289.5,-165.59,-45.762
-1.5046,9.6489,30.533,-4.8584,-12.539,9.3842,-148.02,-207.25,-249.05,-228.62,-128.83,-27.171
-5.9874,5.5734,33.258,-0.40229,-15.966,7.7852,-112.06,-159.47,-197.29,-182.86,-101.72,-16.129
-8.6887,3.6017,33.049,1.7695,-19.243,6.8791,-82.009,-122.08,-158.37,-149.31,-82.266,-10.035
-10.828,1.5408,31.99,3.6488,-22.071,5.5446,-57.117,-91.076,-127.79,-125.17,-68.723,-6.6776
-12.547,-0.47458,32.231,5.2972,-24.299,4.1495,-38.096,-64.777,-102.65,-107.59,-59.455,-5.5783
-13.903,-2.1226,33.351,6.6091,-25.976,3.1743,-24.4,-42.974,-81.182,-93.654,-53.055,-7.2735
-14.995,-3.211,34.381,7.5562,-27.257,2.7471,-15.5,-25.762,-62.555,-81.07,-48.38,-10.187
-15.942,-3.7915,35.046,8.2091,-28.286,2.6812,-11.609,-12.773,-46.808,-68.525,-43.99,-8.5975
-16.845,-4.0769,35.384,8.6861,-29.154,2.5553,-11.814,-3.1732,-34.36,-56.49,-38.522,-6.2347
-17.77,-4.2815,35.461,9.1019,-29.9,2.1476,-13.615,2.8673,-25.698,-47.342,-31.676,-4.4717
-18.742,-4.5572,35.313,9.549,-30.537,1.5514,-10.345,2.547,-19.284,-38.376,-24.999,-3.1763
-19.762,-5.0089,34.989,10.098,-31.072,0.88581,-4.9672,3.1253,-11.483,-25.977,-19.627,-2.1842
-20.823,-5.6966,34.567,10.795,-31.529,0.16085,-1.8379,5.7134,-4.9788,-14.619,-15.625,-1.3925
-21.923,-6.6253,34.148,11.653,-31.939,-0.64687,0.90669,8.3366,-0.18156,-5.6805,-12.614,-0.74304
-23.048,-7.7352,33.824,12.639,-32.337,-1.5122,3.8594,10.835,3.7071,1.8464,-10.252,-0.20575
-24.166,-8.9079,33.662,13.676,-32.74,-2.3519,6.772,13.313,7.1747,8.4613,-8.3263,0.23799
-25.226,-9.9983,33.696,14.66,-33.151,-3.0624,9.1763,15.853,10.451,14.173,-6.7088,0.61076
-26.181,-10.883,33.93,15.498,-33.563,-3.5656,10.709,18.505,13.621,18.991,-5.3153,0.94767
-27.011,-11.501,34.338,16.141,-33.97,-3.838,11.245,21.295,16.684,23.002,-4.0775,1.2931
-27.723,-11.869,34.861,16.594,-34.368,-3.9163,10.897,24.243,19.594,26.275,-2.9394,1.6853
-28.347,-12.06,35.423,16.907,-34.753,-3.881,9.9672,27.37,22.297,28.815,-1.8657,2.1375
-28.914,-12.164,35.957,17.14,-35.116,-3.8211,8.9118,30.682,24.756,30.599,-0.8477,2.6248
-29.443,-12.252,36.417,17.346,-35.444,-3.7952,8.2366,34.121,26.969,31.618,0.096044,3.0889
-29.931,-12.344,36.795,17.541,-35.731,-3.8076,8.274,37.522,28.958,31.912,0.93018,3.4616
-30.351,-12.396,37.106,17.702,-35.971,-3.812,9.0427,40.629,30.767,31.596,1.6211,3.6998
-30.654,-12.33,37.384,17.774,-36.163,-3.7385,10.435,43.18,32.44,30.866,2.1596,3.8117
-30.785,-12.071,37.669,17.694,-36.301,-3.5276,12.38,45.02,34.012,29.915,2.5753,3.8586
-30.696,-11.588,37.994,17.419,-36.372,-3.1582,14.712,46.177,35.499,28.751,2.9328,3.9276
-30.371,-10.923,38.367,16.96,-36.356,-2.6659,17.079,46.858,36.898,27.17,3.3087,4.094
-29.835,-10.2,38.759,16.39,-36.229,-2.1445,19.047,47.382,38.2,24.974,3.7597,4.3898
-29.144,-9.5887,39.107,15.822,-35.975,-1.7247,20.224,48.077,39.405,22.171,4.3002,4.7938
-28.36,-9.238,39.339,15.36,-35.583,-1.526,20.29,49.189,40.529,18.98,4.9021,5.2449
-27.525,-9.2148,39.396,15.053,-35.051,-1.6019,19.053,50.826,41.618,15.725,5.5188,5.6748
-26.638,-9.4639,39.254,14.871,-34.376,-1.9083,16.58,52.928,42.744,12.72,6.119,6.0419
-25.653,-9.8109,38.928,14.703,-33.553,-2.3158,13.308,55.29,43.987,10.196,6.7102,6.3509
-24.505,-10.009,38.461,14.387,-32.58,-2.6525,9.976,57.631,45.405,8.2745,7.3358,6.6477
-23.149,-9.8182,37.914,13.772,-31.475,-2.7585,7.3965,59.694,46.998,6.9795,8.0465,6.9916
-21.593,-9.0973,37.347,12.783,-30.278,-2.5387,6.1682,61.329,48.699,6.2527,8.8646,7.421
-19.908,-7.8572,36.796,11.455,-29.044,-1.9949,6.4559,62.537,50.384,5.9804,9.7625,7.9266
-18.192,-6.2591,36.253,9.9165,-27.819,-1.2204,7.9294,63.456,51.935,6.027,10.669,8.4507
-16.531,-4.5546,35.671,8.3438,-26.609,-0.36551,9.906,64.334,53.305,6.2745,11.503,8.9157
-14.972,-3.007,34.984,6.9034,-25.366,0.40011,11.636,65.477,54.576,6.6577,12.223,9.272
-13.52,-1.8329,34.143,5.7189,-23.998,0.9129,12.591,67.164,55.942,7.1805,12.853,9.5322
-12.167,-1.1772,33.134,4.8699,-22.408,1.0532,12.599,69.523,57.644,7.9033,13.476,9.7703
-10.942,-1.1083,31.979,4.4042,-20.559,0.78188,11.786,72.443,59.875,8.9052,14.204,10.087
-9.9258,-1.6082,30.727,4.3358,-18.524,0.14553,10.452,75.616,62.694,10.242,15.126,10.574
-9.2,-2.5575,29.44,4.6212,-16.482,-0.736,8.9972,78.703,65.997,11.92,16.287,11.288
-8.7697,-3.7366,28.178,5.1354,-14.633,-1.6967,7.8556,81.486,69.543,13.898,17.683,12.256
-8.5222,-4.8616,26.983,5.6749,-13.079,-2.5676,7.3763,83.905,73.047,16.101,19.275,13.48
-8.2549,-5.6524,25.859,5.9998,-11.788,-3.2173,7.7174,86.011,76.293,18.437,21.007,14.942
-7.7416,-5.9043,24.755,5.8988,-10.636,-3.573,8.8169,87.907,79.213,20.824,22.823,16.601
-6.8094,-5.5374,23.589,5.2492,-9.4845,-3.6311,10.427,89.698,81.885,23.195,24.669,18.379
-5.3982,-4.6145,22.296,4.0547,-8.2452,-3.4626,12.196,91.465,84.473,25.508,26.498,20.169
-3.5881,-3.3275,20.866,2.4538,-6.9073,-3.1985,13.781,93.253,87.152,27.756,28.268,21.856
-1.582,-1.9468,19.351,0.6895,-5.5309,-2.9811,14.91,95.076,90.032,29.962,29.95,23.35
0.36159,-0.73586,17.844,-0.96393,-4.2133,-2.9034,15.395,96.932,93.131,32.177,31.541,24.614
2.0314,0.14401,16.448,-2.3044,-3.0426,-2.9736,15.145,98.829,96.392,34.465,33.078,25.681
3.3539,0.68977,15.244,-3.2861,-2.0579,-3.1203,14.218,100.8,99.737,36.899,34.641,26.658
4.4202,1.0382,14.258,-4.0308,-1.2342,-3.2313,12.848,102.9,103.11,39.554,36.333,27.704
5.4364,1.3884,13.463,-4.7616,-0.49911,-3.2095,11.414,105.2,106.48,42.502,38.241,28.971
6.6338,1.911,12.785,-5.7033,0.23198,-3.0223,10.333,107.74,109.87,45.796,40.387,30.524
8.1697,2.6762,12.142,-6.9856,1.0201,-2.7169,9.9324,110.53,113.28,49.447,42.704,32.292
10.03,3.6133,11.477,-8.5586,1.88,-2.3918,10.345,113.54,116.74,53.397,45.052,34.087
11.978,4.5228,10.785,-10.16,2.7701,-2.1446,11.471,116.69,120.24,57.529,47.263,35.696
13.635,5.1729,10.115,-11.425,3.6014,-2.0264,13.02,119.9,123.81,61.741,49.215,36.999
14.71,5.4541,9.5353,-12.119,4.2764,-2.0228,14.614,123.07,127.46,66.017,50.914,38.017
15.174,5.4592,9.1015,-12.288,4.7481,-2.0648,15.89,126.16,131.17,70.432,52.502,38.88
15.25,5.4144,8.834,-12.199,5.051,-2.0627,16.6,129.12,134.91,75.065,54.206,39.765
15.258,5.5403,8.7117,-12.167,5.2775,-1.9472,16.716,132.01,138.63,79.915,56.261,40.841
15.483,5.9574,8.6774,-12.43,5.5289,-1.7015,16.498,134.9,142.29,84.886,58.852,42.255
16.104,6.6656,8.6543,-13.11,5.8803,-1.3686,16.408,137.99,145.93,89.862,62.097,44.138
17.207,7.5788,8.5712,-14.249,6.3729,-1.0348,16.856,141.5,149.66,94.789,66.024,46.594
18.843,8.5929,8.3862,-15.887,7.027,-0.80163,17.94,145.64,153.66,99.699,70.544,49.677
21.075,9.6919,8.096,-18.137,7.8628,-0.75205,19.374,150.55,158.1,104.67,75.472,53.347
23.922,11.014,7.7304,-21.045,8.9185,-0.912,20.643,156.18,163.07,109.78,80.609,57.414
27.13,12.693,7.3391,-24.248,10.234,-1.2267,21.249,162.32,168.51,115.09,85.856,61.643
30.194,14.621,6.9735,-27.117,11.792,-1.5711,20.905,168.65,174.26,120.6,91.236,66.021
32.855,16.648,6.666,-29.452,13.489,-1.785,19.622,174.84,180.09,126.27,96.797,70.753
35.323,18.912,6.4169,-31.593,15.217,-1.7153,17.707,180.73,185.77,131.97,102.51,75.977
38.028,21.76,6.1962,-34.025,16.981,-1.2608,15.691,186.26,191.21,137.57,108.27,81.621
41.381,25.49,5.9592,-37.15,18.903,-0.40656,14.187,191.56,196.39,142.98,113.93,87.498
45.642,30.192,5.6666,-41.176,21.136,0.77404,13.692,196.8,201.43,148.19,119.46,93.443
50.801,35.695,5.3017,-46.018,23.764,2.1472,14.426,202.18,206.53,153.29,124.9,99.363
56.551,41.567,4.8762,-51.321,26.742,3.5554,16.25,207.84,211.86,158.44,130.37,105.21
62.4,47.198,4.4227,-56.587,29.87,4.8531,18.709,213.82,217.5,163.81,136.02,110.98
67.845,52.005,3.979,-61.346,32.882,5.9441,21.208,220.04,223.41,169.48,141.98,116.68
72.552,55.693,3.5723,-65.315,35.575,6.8112,23.248,226.36,229.43,175.41,148.32,122.43
76.426,58.354,3.2098,-68.445,37.902,7.5339,24.587,232.68,235.36,181.43,155.05,128.37
79.611,60.315,2.8761,-70.893,39.963,8.2807,25.27,238.94,241.06,187.36,161.99,134.58
82.443,61.935,2.5396,-72.988,41.955,9.2678,25.563,245.18,246.51,193.04,168.91,141.03
85.331,63.509,2.166,-75.174,44.103,10.685,25.838,251.41,251.76,198.41,175.59,147.53
88.623,65.324,1.734,-77.843,46.597,12.605,26.408,257.56,256.84,203.51,181.96,153.9
92.521,67.679,1.2425,-81.17,49.509,14.902,27.387,263.45,261.71,208.38,188.04,160.03
97.02,70.749,0.70912,-85.087,52.72,17.294,28.688,268.86,266.23,213.03,193.94,165.91
101.87,74.473,0.15895,-89.395,55.953,19.537,30.097,273.59,270.22,217.47,199.76,171.59
106.74,78.636,-0.38796,-93.893,58.963,21.57,31.348,277.58,273.57,221.69,205.59,177.18
111.45,83.055,-0.92882,-98.487,61.7,23.485,32.199,280.93,276.3,225.71,211.51,182.78
116.1,87.661,-1.4846,-103.2,64.299,25.403,32.5,283.82,278.5,229.57,217.56,188.53
120.89,92.451,-2.0966,-108.1,66.97,27.385,32.238,286.46,280.34,233.29,223.72,194.51
126.08,97.401,-2.8123,-113.25,69.893,29.404,31.538,289.02,281.98,236.9,229.93,200.73
131.78,102.43,-3.671,-118.68,73.151,31.361,30.636,291.62,283.52,240.35,236.05,207.11
137.93,107.42,-4.6918,-124.36,76.696,33.121,29.798,294.27,284.99,243.6,241.98,213.47
144.26,112.25,-5.8676,-130.13,80.374,34.55,29.22,296.94,286.36,246.58,247.64,219.62
150.34,116.83,-7.1622,-135.69,83.966,35.578,28.938,299.48,287.54,249.21,252.97,225.41
155.8,121.06,-8.5195,-140.75,87.286,36.229,28.791,301.71,288.43,251.4,257.97,230.78
160.44,124.88,-9.8828,-145.13,90.246,36.625,28.492,303.38,288.98,253.12,262.58,235.74
164.28,128.26,-11.211,-148.85,92.843,36.942,27.807,304.29,289.18,254.34,266.79,240.34
167.49,131.25,-12.48,-152.01,95.11,37.344,26.743,304.35,289.01,255.11,270.54,244.61
170.27,133.89,-13.679,-154.73,97.084,37.925,25.598,303.56,288.49,255.48,273.83,248.54
172.74,136.25,-14.804,-157.14,98.811,38.682,24.771,302.07,287.58,255.48,276.63,252.1
174.96,138.39,-15.847,-159.28,100.34,39.544,24.433,300.06,286.24,255.13,278.98,255.2
176.91,140.33,-16.807,-161.15,101.72,40.421,24.388,297.73,284.41,254.38,280.88,257.78
178.56,142.09,-17.686,-162.75,102.99,41.231,24.225,295.16,282.01,253.15,282.37,259.82
179.9,143.63,-18.496,-164.03,104.18,41.9,23.5,292.37,279.02,251.35,283.47,261.36
180.92,144.91,-19.25,-164.98,105.28,42.374,21.874,289.32,275.43,248.89,284.21,262.49
181.61,145.9,-19.948,-165.59,106.3,42.636,19.217,285.97,271.3,245.76,284.63,263.32
182.04,146.63,-20.574,-165.91,107.23,42.726,15.689,282.25,266.74,242.05,284.75,264
182.29,147.15,-21.11,-166.03,108.07,42.734,11.748,278.08,261.76,237.92,284.61,264.63
182.49,147.57,-21.554,-166.05,108.85,42.774,8.0275,273.32,256.36,233.55,284.22,265.29
182.76,147.97,-21.93,-166.11,109.62,42.952,5.1111,267.87,250.46,229.01,283.57,266.03
183.2,148.41,-22.282,-166.33,110.44,43.333,3.3146,261.6,243.96,224.3,282.6,266.82
183.85,148.9,-22.66,-166.76,111.31,43.908,2.5835,254.53,236.83,219.34,281.24,267.57
184.64,149.42,-23.101,-167.41,112.2,44.589,2.5338,246.78,229.13,214.03,279.36,268.16
185.47,149.91,-23.615,-168.23,113.03,45.229,2.6075,238.51,220.97,208.28,276.86,268.42
186.2,150.26,-24.183,-169.12,113.69,45.679,2.2692,229.85,212.43,202.02,273.67,268.13
186.71,150.37,-24.767,-169.94,114.09,45.842,1.1751,220.81,203.55,195.23,269.78,267
187,150.15,-25.315,-170.57,114.22,45.693,-0.73248,211.37,194.36,187.99,265.21,264.74
187.1,149.62,-25.787,-170.9,114.13,45.256,-3.2279,201.44,184.9,180.43,259.97,261.24
187.02,148.81,-26.169,-170.87,113.92,44.568,-5.909,190.94,175.27,172.65,254.09,256.84
186.72,147.75,-26.482,-170.41,113.68,43.658,-8.3922,179.9,165.55,164.67,247.53,252.01
186.12,146.34,-26.781,-169.51,113.4,42.529,-10.481,168.5,155.82,156.46,240.25,247.05
185.15,144.41,-27.13,-168.1,113.03,41.167,-12.186,156.94,146.06,147.99,232.19,241.94
183.74,141.73,-27.571,-166.13,112.5,39.546,-13.65,145.35,136.21,139.3,223.36,236.38
181.85,138.11,-28.095,-163.55,111.71,37.615,-15.072,133.8,126.22,130.53,213.93,229.93
179.54,133.6,-28.64,-160.37,110.65,35.323,-16.641,122.33,116.09,121.81,204.26,222.28
176.97,128.57,-29.112,-156.76,109.37,32.72,-18.445,111.01,105.84,113.19,194.78,213.52
174.37,123.63,-29.432,-153.08,107.93,29.979,-20.416,99.941,95.46,104.64,185.77,204.17
171.91,119.27,-29.582,-149.59,106.42,27.213,-22.405,89.167,84.838,96.087,177.26,194.8
169.58,115.53,-29.617,-146.33,104.89,24.312,-24.329,78.56,73.829,87.404,169.04,185.74
167.17,112.05,-29.629,-143,103.32,21.023,-26.237,67.727,62.518,78.444,160.78,177
164.39,108.39,-29.696,-139.18,101.72,17.257,-28.231,56.176,51.51,69.194,152.15,168.34
160.93,104.21,-29.854,-134.51,100.07,13.349,-30.354,43.95,41.696,60.02,142.93,159.47
156.59,99.389,-30.098,-128.89,98.375,9.8177,-32.542,32.141,33.503,51.628,133.13,150.06
151.4,94.013,-30.39,-122.66,96.644,6.9032,-34.661,22.164,26.705,44.524,123.02,140.02
145.62,88.28,-30.677,-116.37,94.866,4.5576,-36.573,14.568,20.899,38.663,113.03,129.56
139.58,82.391,-30.918,-110.44,92.997,2.6665,-38.203,8.9756,15.801,33.711,103.49,119.23
133.5,76.478,-31.09,-104.91,90.948,1.1287,-39.595,4.6577,11.244,29.36,94.489,109.62
127.39,70.611,-31.199,-99.488,88.609,-0.18053,-40.919,0.92031,7.0973,25.39,85.818,101.05
121.16,64.825,-31.276,-93.91,85.899,-1.4321,-42.343,-2.7894,3.2349,21.644,77.162,93.421
114.78,59.077,-31.366,-88.097,82.852,-2.7979,-43.848,-6.8925,-0.45991,18.026,68.318,86.314
108.36,53.183,-31.506,-82.136,79.647,-4.3939,-45.176,-11.658,-4.0781,14.542,59.48,79.116
102.13,46.821,-31.697,-76.147,76.541,-6.2841,-45.986,-17.103,-7.6685,11.297,51.276,71.223
96.276,39.646,-31.895,-70.179,73.708,-8.4888,-46.075,-22.929,-11.221,8.4321,44.235,62.294
90.842,31.616,-32.034,-64.14,71.164,-10.919,-45.503,-28.641,-14.662,6.0348,38.273,52.562
85.691,23.405,-32.044,-57.883,68.807,-13.363,-44.601,-33.828,-17.898,4.1057,32.979,42.957
80.588,16.013,-31.876,-51.396,66.49,-15.612,-43.871,-38.314,-20.87,2.5787,28.068,34.548
75.341,9.8432,-31.514,-44.819,64.077,-17.566,-43.819,-42.121,-23.599,1.3572,23.437,27.69
69.871,4.7623,-30.98,-38.305,61.49,-19.213,-44.754,-45.356,-26.179,0.34056,19.06,22.057
64.236,0.69425,-30.329,-31.998,58.737,-20.567,-46.653,-48.126,-28.726,-0.5598,14.943,17.187
58.64,-2.2345,-29.629,-26.139,55.926,-21.624,-49.169,-50.504,-31.32,-1.4123,11.135,12.736
53.402,-3.9662,-28.933,-21.068,53.221,-22.355,-51.769,-52.533,-33.971,-2.2636,7.7021,8.5863
48.81,-4.6726,-28.258,-17.084,50.767,-22.746,-53.895,-54.24,-36.609,-3.1402,4.6801,4.8892
44.933,-4.6446,-27.6,-14.259,48.613,-22.834,-55.1,-55.655,-39.123,-4.0504,2.0451,1.8213
41.589,-4.1848,-26.946,-12.395,46.716,-22.704,-55.159,-56.821,-41.4,-4.9862,-0.27138,-0.65922
38.518,-3.5794,-26.289,-11.144,44.981,-22.46,-54.121,-57.792,-43.364,-5.9243,-2.3509,-2.7362
35.544,-3.0769,-25.622,-10.159,43.322,-22.19,-52.253,-58.621,-44.989,-6.8307,-4.2621,-4.5797
32.62,-2.8553,-24.932,-9.1857,41.677,-21.957,-49.943,-59.344,-46.291,-7.6685,-6.0487,-6.2928
29.797,-3.002,-24.201,-8.0972,40.017,-21.799,-47.638,-59.974,-47.318,-8.4127,-7.7328,-7.9226
27.161,-3.5195,-23.42,-6.873,38.338,-21.735,-45.806,-60.505,-48.135,-9.0684,-9.3323,-9.4871
24.781,-4.3504,-22.596,-5.5564,36.66,-21.784,-44.805,-60.928,-48.816,-9.6819,-10.88,-11.002
22.663,-5.4047,-21.74,-4.2251,35.007,-21.956,-44.759,-61.238,-49.431,-10.337,-12.435,-12.491
20.76,-6.5803,-20.862,-2.954,33.371,-22.244,-45.582,-61.435,-50.028,-11.132,-14.071,-13.981
18.911,-7.78,-19.957,-1.7675,31.694,-22.624,-47.008,-61.529,-50.625,-12.156,-15.854,-15.489
16.922,-8.9184,-19.007,-0.6393,29.895,-23.047,-48.578,-61.534,-51.199,-13.456,-17.808,-17.003
14.714,-9.9173,-17.992,0.45119,27.913,-23.443,-49.744,-61.457,-51.704,-15.026,-19.896,-18.482
12.399,-10.703,-16.894,1.4656,25.745,-23.722,-50.089,-61.296,-52.087,-16.811,-22.023,-19.871
10.191,-11.22,-15.703,2.3307,23.449,-23.798,-49.476,-61.038,-52.313,-18.727,-24.078,-21.117
8.2595,-11.452,-14.42,3.0011,21.129,-23.614,-48.032,-60.666,-52.374,-20.701,-25.981,-22.188
6.6457,-11.435,-13.06,3.4916,18.895,-23.162,-46.028,-60.167,-52.292,-22.709,-27.708,-23.085
5.2794,-11.259,-11.657,3.8688,16.81,-22.493,-43.784,-59.538,-52.11,-24.795,-29.292,-23.84
4.0475,-11.044,-10.249,4.2203,14.872,-21.701,-41.569,-58.782,-51.884,-27.051,-30.793,-24.496
2.8602,-10.894,-8.8784,4.6169,13.05,-20.9,-39.506,-57.903,-51.664,-29.562,-32.253,-25.095
1.6912,-10.86,-7.5766,5.08,11.327,-20.19,-37.514,-56.899,-51.479,-32.348,-33.678,-25.656
0.572,-10.925,-6.3638,5.5778,9.71,-19.62,-35.36,-55.756,-51.326,-35.342,-35.036,-26.181
-0.45023,-11.031,-5.2446,6.0544,8.2161,-19.179,-32.8,-54.462,-51.178,-38.413,-36.281,-26.669
-1.3584,-11.127,-4.2101,6.4708,6.8452,-18.816,-29.69,-53.016,-51.007,-41.424,-37.387,-27.122
-2.1838,-11.19,-3.2432,6.8304,5.5762,-18.465,-26.048,-51.431,-50.796,-44.285,-38.367,-27.551
-2.995,-11.241,-2.3291,7.1794,4.3796,-18.081,-22.122,-49.738,-50.538,-46.98,-39.264,-27.967
-3.8718,-11.334,-1.4641,7.593,3.2329,-17.666,-18.346,-47.967,-50.233,-49.545,-40.137,-28.371
-4.8764,-11.56,-0.65961,8.1555,2.1285,-17.277,-15.092,-46.128,-49.873,-52.025,-41.031,-28.752
-6.0328,-12.018,0.062379,8.9338,1.0718,-17.002,-12.476,-44.201,-49.444,-54.432,-41.962,-29.092
-7.3207,-12.773,0.67835,9.9525,0.076893,-16.915,-10.365,-42.135,-48.928,-56.732,-42.918,-29.387
-8.681,-13.821,1.1725,11.178,-0.83762,-17.041,-8.5096,-39.869,-48.304,-58.865,-43.863,-29.641
-10.026,-15.072,1.5436,12.514,-1.6509,-17.349,-6.7234,-37.354,-47.559,-60.773,-44.75,-29.87
-11.251,-16.355,1.8082,13.815,-2.3412,-17.752,-5.0103,-34.576,-46.686,-62.422,-45.533,-30.077
-12.243,-17.448,2.0004,14.903,-2.8889,-18.114,-3.5456,-31.564,-45.684,-63.802,-46.175,-30.244
-12.906,-18.124,2.1648,15.609,-3.2814,-18.272,-2.5066,-28.391,-44.562,-64.924,-46.657,-30.327
-13.183,-18.218,2.3429,15.82,-3.5177,-18.081,-1.9039,-25.168,-43.33,-65.816,-46.977,-30.265
-13.079,-17.694,2.5571,15.521,-3.6131,-17.475,-1.5603,-22.016,-41.997,-66.512,-47.145,-30
-12.665,-16.659,2.8049,14.804,-3.597,-16.494,-1.2094,-19.04,-40.567,-67.044,-47.181,-29.506
-12.06,-15.327,3.0651,13.84,-3.5051,-15.268,-0.58515,-16.297,-39.042,-67.427,-47.099,-28.792
-11.383,-13.942,3.3139,12.817,-3.3699,-13.968,0.52423,-13.808,-37.429,-67.66,-46.919,-27.913
-10.727,-12.706,3.5411,11.886,-3.2155,-12.731,2.2055,-11.566,-35.751,-67.751,-46.664,-26.962
-10.143,-11.717,3.7584,11.116,-3.0598,-11.612,4.3634,-9.5573,-34.043,-67.722,-46.358,-26.036
-9.6356,-10.955,3.9978,10.49,-2.9178,-10.586,6.7262,-7.7687,-32.331,-67.612,-46.017,-25.2
-9.1777,-10.312,4.2986,9.9295,-2.8018,-9.5792,8.9027,-6.1811,-30.618,-67.446,-45.632,-24.46
-8.7251,-9.6545,4.6928,9.3446,-2.7176,-8.5166,10.473,-4.7667,-28.885,-67.221,-45.176,-23.757
-8.2385,-8.8843,5.19,8.6747,-2.6616,-7.3629,11.095,-3.4864,-27.098,-66.905,-44.609,-22.986
-7.7035,-7.9794,5.7694,7.9152,-2.6227,-6.1464,10.61,-2.2945,-25.226,-66.455,-43.894,-22.045
-7.1435,-7.0115,6.379,7.1261,-2.5879,-4.9575,9.1169,-1.151,-23.248,-65.828,-43.011,-20.883
-6.6232,-6.1288,6.9495,6.4241,-2.5519,-3.9189,6.9888,-0.030539,-21.168,-64.988,-41.947,-19.526
-6.2333,-5.5062,7.4163,5.948,-2.524,-3.1399,4.7854,1.0672,-19.013,-63.907,-40.695,-18.065
-6.0536,-5.2748,7.7432,5.8021,-2.5249,-2.6775,3.082,2.1221,-16.836,-62.575,-39.246,-16.624
-6.1063,-5.4592,7.9327,5.9995,-2.5695,-2.5117,2.2749,3.1022,-14.697,-60.995,-37.591,-15.309
-6.3242,-5.944,8.0187,6.4318,-2.6469,-2.5479,2.4572,3.9779,-12.651,-59.181,-35.722,-14.163
-6.5495,-6.4915,8.0428,6.8818,-2.7102,-2.6438,3.4051,4.7285,-10.734,-57.14,-33.642,-13.157
-6.5716,-6.8105,8.0302,7.0807,-2.6845,-2.6522,4.6765,5.3461,-8.9625,-54.868,-31.392,-12.221
-6.1942,-6.6541,7.9761,6.7973,-2.4919,-2.4689,5.7896,5.8348,-7.3406,-52.364,-29.05,-11.287
-5.3092,-5.9065,7.8505,5.921,-2.0799,-2.0634,6.4028,6.2129,-5.8645,-49.649,-26.726,-10.322
-3.9402,-4.6223,7.6102,4.5019,-1.4422,-1.4829,6.4056,6.5082,-4.5211,-46.777,-24.519,-9.3359
-2.2386,-3.0064,7.2238,2.7359,-0.62323,-0.82971,5.9025,6.7523,-3.2818,-43.82,-22.487,-8.3686
-0.43675,-1.3496,6.684,0.90221,0.29534,-0.22481,5.1378,6.9751,-2.1014,-40.839,-20.636,-7.4692
1.2218,0.05704,6.0142,-0.71347,1.2187,0.2244,4.4009,7.1992,-0.92407,-37.857,-18.915,-6.673
2.5557,1.0064,5.2565,-1.9027,2.0651,0.4547,3.9378,7.4385,0.30698,-34.832,-17.23,-5.9829
3.4867,1.4332,4.4585,-2.5903,2.7895,0.46303,3.8847,7.6995,1.6349,-31.663,-15.476,-5.3685
4.058,1.4166,3.6609,-2.8434,3.398,0.30051,4.25,7.9843,3.0876,-28.237,-13.579,-4.7716
4.4053,1.1274,2.8921,-2.8277,3.9344,0.047494,4.922,8.2919,4.6695,-24.522,-11.533,-4.1328
4.6987,0.75009,2.1637,-2.7334,4.4626,-0.21927,5.7078,8.615,6.355,-20.638,-9.4043,-3.4173
5.0843,0.42037,1.4748,-2.7109,5.0437,-0.45516,6.4043,8.9384,8.0873,-16.826,-7.2938,-2.6293
5.6453,0.19272,0.81417,-2.8349,5.7183,-0.65918,6.8743,9.2417,9.7936,-13.319,-5.2786,-1.7993
6.3885,0.042492,0.16628,-3.0987,6.4963,-0.86351,7.1008,9.5089,11.413,-10.227,-3.392,-0.96528
7.2632,-0.10057,-0.48606,-3.4377,7.3599,-1.1104,7.1813,9.7362,12.925,-7.5344,-1.6296,-0.15913
8.2047,-0.29926,-1.1573,-3.7771,8.2834,-1.4245,7.2655,9.9339,14.353,-5.1552,0.032806,0.60169
9.1745,-0.56752,-1.8562,-4.0815,9.2567,-1.7974,7.4676,10.122,15.754,-2.9788,1.6334,1.3192
10.157,-0.85968,-2.5843,-4.363,10.287,-2.1823,7.7987,10.323,17.187,-0.89069,3.2225,2.0153
11.151,-1.0782,-3.3319,-4.6678,11.376,-2.5017,8.1512,10.553,18.684,1.2211,4.8613,2.7266
12.153,-1.0988,-4.0775,-5.0616,12.496,-2.6726,8.3413,10.814,20.246,3.4507,6.6082,3.4906
13.161,-0.82032,-4.7957,-5.6018,13.595,-2.6412,8.1865,11.092,21.83,5.8545,8.4963,4.3301
14.157,-0.21903,-5.4732,-6.2983,14.627,-2.4073,7.5889,11.362,23.365,8.4275,10.512,5.2394
15.102,0.63023,-6.1207,-7.0954,15.562,-2.0268,6.5954,11.596,24.776,11.095,12.59,6.1847
15.943,1.5781,-6.7586,-7.8898,16.381,-1.5928,5.4049,11.777,26.009,13.731,14.636,7.1122
16.632,2.4494,-7.4001,-8.5712,17.079,-1.2061,4.3151,11.909,27.05,16.215,16.565,7.9656
17.141,3.0963,-8.0325,-9.0548,17.656,-0.94817,3.6285,12.013,27.93,18.478,18.338,8.7085
17.46,3.4313,-8.6176,-9.3011,18.113,-0.85961,3.5615,12.113,28.707,20.534,19.974,9.3374
17.595,3.4348,-9.0973,-9.3101,18.45,-0.93403,4.1757,12.222,29.438,22.456,21.52,9.878
17.561,3.1406,-9.4134,-9.1051,18.663,-1.1307,5.3614,12.328,30.152,24.327,23.018,10.365
17.373,2.6127,-9.5309,-8.7171,18.733,-1.3951,6.8605,12.4,30.834,26.184,24.471,10.823
17.044,1.9282,-9.4614,-8.1797,18.661,-1.6811,8.341,12.397,31.432,28.002,25.829,11.251
16.589,1.1657,-9.2605,-7.5333,18.466,-1.9575,9.4934,12.289,31.88,29.703,27.017,11.636
16.042,0.40341,-9.0084,-6.8295,18.186,-2.2059,10.114,12.074,32.131,31.198,27.958,11.951
15.432,-0.28194,-8.7719,-6.1273,17.846,-2.4073,10.149,11.779,32.171,32.408,28.598,12.167
14.77,-0.81429,-8.5773,-5.4851,17.43,-2.5333,9.6772,11.439,32.015,33.285,28.919,12.245
14.048,-1.119,-8.3984,-4.9606,16.883,-2.5444,8.8586,11.085,31.686,33.817,28.933,12.151
13.284,-1.1297,-8.1722,-4.619,16.16,-2.4019,7.8746,10.735,31.215,34.04,28.685,11.878
12.548,-0.8066,-7.8354,-4.5221,15.264,-2.0823,6.8784,10.395,30.636,34.034,28.246,11.466
11.945,-0.15959,-7.3612,-4.7008,14.265,-1.5914,5.9671,10.07,29.992,33.903,27.693,10.995
11.547,0.73572,-6.7763,-5.1252,13.272,-0.97565,5.1772,9.7596,29.325,33.743,27.091,10.551
11.36,1.7427,-6.1489,-5.6979,12.383,-0.31851,4.5027,9.4684,28.666,33.61,26.469,10.181
11.324,2.6892,-5.5566,-6.2814,11.659,0.27842,3.93,9.1987,28.034,33.511,25.825,9.8811
11.34,3.4133,-5.0548,-6.7362,11.101,0.72419,3.4746,8.9515,27.427,33.42,25.136,9.6051
11.311,3.8029,-4.6653,-6.9544,10.669,0.96625,3.1905,8.7253,26.829,33.287,24.377,9.2877
11.155,3.8246,-4.377,-6.8825,10.309,1.0058,3.1463,8.5145,26.214,33.058,23.527,8.8722
10.827,3.5321,-4.1562,-6.5333,9.9599,0.89455,3.3889,8.3095,25.552,32.684,22.574,8.3385
10.326,3.0486,-3.9615,-5.9832,9.5723,0.71474,3.9144,8.0974,24.816,32.139,21.516,7.7088
9.6879,2.5288,-3.7581,-5.3533,9.1147,0.54832,4.657,7.8646,23.989,31.424,20.367,7.0333
8.9853,2.1106,-3.5328,-4.7721,8.5817,0.45102,5.4991,7.6014,23.061,30.581,19.155,6.3646
8.2858,1.8696,-3.2959,-4.3189,7.9918,0.43933,6.2981,7.3059,22.031,29.659,17.912,5.739
7.6184,1.7929,-3.0711,-3.9925,7.3739,0.49093,6.9162,6.9838,20.912,28.704,16.669,5.1659
6.9649,1.7861,-2.8796,-3.7161,6.7496,0.55923,7.2453,6.644,19.722,27.743,15.451,4.6291
6.276,1.7144,-2.7266,-3.3823,6.1202,0.58922,7.2232,6.2923,18.487,26.787,14.274,4.0975
5.492,1.4511,-2.5982,-2.8948,5.4685,0.53453,6.8493,5.9288,17.235,25.835,13.147,3.5423
4.5688,0.91882,-2.4666,-2.1958,4.775,0.3689,6.1991,5.5498,15.988,24.88,12.075,2.9559
3.5041,0.11346,-2.3064,-1.2846,4.0379,0.093621,5.4178,5.1548,14.778,23.919,11.071,2.3621
2.3496,-0.89428,-2.1064,-0.22175,3.2828,-0.26283,4.683,4.7536,13.643,22.976,10.167,1.8119
1.1983,-1.9802,-1.8749,0.88569,2.5532,-0.65299,4.1422,4.3667,12.624,22.101,9.4058,1.3644
0.15579,-2.999,-1.6304,1.9126,1.8932,-1.0216,3.8625,4.0192,11.749,21.354,8.8217,1.062
-0.69403,-3.8189,-1.3938,2.7488,1.3305,-1.3192,3.8152,3.7283,11.019,20.767,8.4219,0.9114
-1.3146,-4.3491,-1.1789,3.3263,0.86679,-1.5093,3.8941,3.4941,10.394,20.315,8.174,0.87915
-1.7205,-4.5513,-0.98676,3.6272,0.48131,-1.5699,3.9559,3.2992,9.8106,19.919,8.0128,0.90599
-1.9556,-4.4307,-0.80475,3.6721,0.14416,-1.4899,3.8711,3.1197,9.2001,19.479,7.8601,0.93345
-2.062,-4.0248,-0.61394,3.5001,-0.16665,-1.2687,3.5729,2.9417,8.5276,18.918,7.6563,0.93034
-2.0662,-3.3984,-0.39897,3.1598,-0.45633,-0.92219,3.0902,2.7678,7.8032,18.209,7.3797,0.90377
-1.9902,-2.6451,-0.15816,2.7133,-0.71906,-0.48986,2.5534,2.6175,7.0739,17.381,7.0519,0.88971
-1.8702,-1.8854,0.095155,2.2431,-0.94887,-0.036242,2.1644,2.5163,6.3963,16.497,6.7226,0.9261
-1.7656,-1.2548,0.34063,1.8505,-1.1492,0.3588,2.1316,2.4814,5.81,15.63,6.4494,1.0315
-1.7516,-0.8814,0.56076,1.6413,-1.3381,0.62121,2.5865,2.5133,5.3233,14.847,6.2731,1.1965
-1.9062,-0.85592,0.75168,1.7002,-1.5477,0.70408,3.5142,2.5941,4.916,14.181,6.2033,1.3901
-2.2855,-1.2066,0.92554,2.0642,-1.8172,0.60168,4.7339,2.6926,4.5477,13.624,6.2133,1.5712
-2.9008,-1.8859,1.1037,2.7087,-2.1766,0.35071,5.9447,2.7728,4.1762,13.127,6.2475,1.7012
-3.7042,-2.7755,1.3051,3.5458,-2.6313,0.019554,6.826,2.8037,3.7723,12.616,6.2377,1.7543
-4.5952,-3.7118,1.5372,4.4432,-3.1546,-0.31105,7.1497,2.7681,3.3299,12.028,6.1255,1.7229
-5.4487,-4.5304,1.7913,5.2601,-3.6948,-0.5715,6.8498,2.6672,2.8688,11.337,5.8805,1.6165
-6.1534,-5.1124,2.0429,5.8867,-4.193,-0.72357,6.0164,2.5178,2.4246,10.557,5.5068,1.4543
-6.6464,-5.414,2.2643,6.2738,-4.604,-0.76904,4.8453,2.3424,2.0315,9.7334,5.038,1.2567
-6.9338,-5.4731,2.4354,6.4452,-4.9146,-0.74366,3.5828,2.1566,1.7037,8.9127,4.5208,1.0371
-7.0901,-5.3908,2.5571,6.4882,-5.1501,-0.70006,2.4813,1.9602,1.4249,8.1305,3.996,0.7984
-7.2298,-5.2938,2.6485,6.5208,-5.3643,-0.68647,1.753,1.7365,1.1521,7.3932,3.4842,0.5349
-7.4544,-5.2853,2.7383,6.6399,-5.6117,-0.72763,1.5203,1.4624,0.83438,6.682,2.9829,0.24023
-7.7984,-5.4011,2.8488,6.8728,-5.9143,-0.81471,1.7844,1.1233,0.43824,5.9686,2.4771,-0.083718
-8.2039,-5.5949,2.983,7.1605,-6.2437,-0.9098,2.4327,0.72583,-0.033401,5.2328,1.9539,-0.42257
-8.5473,-5.7662,3.1215,7.3877,-6.5304,-0.96548,3.2824,0.30081,-0.54254,4.4728,1.4136,-0.75304
-8.7047,-5.8164,3.2311,7.4449,-6.6998,-0.94962,4.1322,-0.1062,-1.0341,3.7048,0.86863,-1.052
-8.6179,-5.6992,3.2816,7.2868,-6.7138,-0.86164,4.7948,-0.44851,-1.4594,2.9542,0.34059,-1.3051
-8.3244,-5.4411,3.262,6.954,-6.5921,-0.73135,5.1149,-0.69612,-1.7935,2.2479,-0.14716,-1.5095
-7.9362,-5.1259,3.1853,6.5533,-6.4009,-0.60325,4.9987,-0.84322,-2.0395,1.6077,-0.5767,-1.6696
-7.589,-4.8559,3.0809,6.2103,-6.2199,-0.51664,4.4561,-0.90471,-2.2233,1.0465,-0.94165,-1.7926
-7.3904,-4.7108,2.9791,6.0221,-6.1119,-0.4922,3.6243,-0.9078,-2.3832,0.56232,-1.2514,-1.8864
-7.3869,-4.7218,2.8988,6.0281,-6.1047,-0.52882,2.74,-0.88329,-2.56,0.13329,-1.5311,-1.9627
-7.5569,-4.8669,2.8425,6.2036,-6.1882,-0.60816,2.0622,-0.85631,-2.7859,-0.28028,-1.8143,-2.0386
-7.8289,-5.0849,2.799,6.4774,-6.3248,-0.70355,1.7802,-0.83722,-3.0755,-0.7247,-2.1309,-2.1326
-8.1183,-5.307,2.7528,6.7669,-6.4718,-0.79185,1.9449,-0.818,-3.4256,-1.2395,-2.4976,-2.259
-8.3709,-5.4911,2.6914,7.0172,-6.6046,-0.86604,2.4511,-0.77862,-3.8217,-1.8482,-2.9159,-2.4257
-8.5911,-5.6445,2.6115,7.2273,-6.732,-0.94242,3.079,-0.70129,-4.2504,-2.5544,-3.375,-2.6369
-8.841,-5.8224,2.5207,7.4499,-6.8947,-1.0565,3.5837,-0.58361,-4.705,-3.3399,-3.8569,-2.8942
-9.212,-6.1036,2.4353,7.7655,-7.148,-1.2478,3.8007,-0.44168,-5.1843,-4.1658,-4.3397,-3.1936
-9.7801,-6.5539,2.3743,8.2418,-7.5329,-1.5414,3.7188,-0.30295,-5.6844,-4.9781,-4.801,-3.5208
-10.565,-7.1945,2.3518,8.8999,-8.0511,-1.9335,3.483,-0.19504,-6.1925,-5.7193,-5.2206,-3.8499
-11.518,-7.9904,2.373,9.7033,-8.6568,-2.3887,3.3227,-0.13634,-6.6851,-6.3441,-5.5846,-4.1499
-12.538,-8.8661,2.436,10.577,-9.2764,-2.851,3.4388,-0.13139,-7.134,-6.8347,-5.8916,-4.3953
-13.527,-9.7429,2.5358,11.447,-9.8458,-3.2664,3.9014,-0.1719,-7.5162,-7.2091,-6.1564,-4.5779
-14.427,-10.571,2.666,12.268,-10.343,-3.6077,4.6077,-0.24255,-7.8236,-7.5161,-6.4103,-4.71
-15.242,-11.333,2.8197,13.03,-10.793,-3.8807,5.3184,-0.32859,-8.0664,-7.8187,-6.6931,-4.8205
-16.005,-12.015,2.9924,13.735,-11.245,-4.1068,5.7518,-0.41984,-8.2681,-8.1709,-7.0382,-4.9412
-16.738,-12.576,3.1856,14.36,-11.744,-4.2927,5.691,-0.50791,-8.4513,-8.5972,-7.4568,-5.0901
-17.41,-12.926,3.4085,14.834,-12.301,-4.4124,5.0536,-0.57573,-8.6229,-9.0804,-7.9282,-5.2584
-17.936,-12.95,3.676,15.052,-12.884,-4.4114,3.906,-0.60535,-8.7662,-9.5652,-8.403,-5.4096
-18.206,-12.553,4.0033,14.913,-13.43,-4.2308,2.4461,-0.57949,-8.8461,-9.979,-8.8181,-5.4904
-18.136,-11.719,4.4028,14.38,-13.86,-3.8389,0.9721,-0.48878,-8.8227,-10.261,-9.1193,-5.4522
-17.726,-10.545,4.8839,13.515,-14.125,-3.2563,-0.17607,-0.33403,-8.6702,-10.388,-9.2835,-5.2725
-17.089,-9.2413,5.4549,12.495,-14.241,-2.5633,-0.70653,-0.12429,-8.3929,-10.384,-9.3305,-4.9699
-16.43,-8.0797,6.1245,11.561,-14.301,-1.8794,-0.46949,0.12561,-8.0305,-10.308,-9.3169,-4.6015
-15.979,-7.3002,6.9017,10.936,-14.442,-1.3187,0.4862,0.39826,-7.6461,-10.232,-9.3116,-4.2416
-15.896,-7.02,7.795,10.741,-14.787,-0.94261,1.9334,0.68072,-7.2992,-10.205,-9.365,-3.9548
-16.2,-7.176,8.8123,10.934,-15.395,-0.73398,3.5584,0.9737,-7.0177,-10.235,-9.4842,-3.7671
-16.761,-7.5358,9.9586,11.326,-16.242,-0.60191,5.0609,1.2954,-6.7862,-10.288,-9.6303,-3.6565
-17.366,-7.7904,11.231,11.661,-17.236,-0.41596,6.1983,1.6741,-6.5575,-10.306,-9.7374,-3.5686
-17.827,-7.6874,12.613,11.735,-18.265,-0.058796,6.7813,2.1319,-6.2806,-10.24,-9.7478,-3.4479
-18.066,-7.1321,14.077,11.473,-19.259,0.52343,6.68,2.6711,-5.9299,-10.078,-9.6425,-3.2672
-18.144,-6.2161,15.584,10.956,-20.223,1.2962,5.8886,3.2706,-5.5183,-9.8486,-9.4502,-3.0398
-18.234,-5.1756,17.096,10.381,-21.224,2.1495,4.6092,3.8941,-5.085,-9.6145,-9.2341,-2.8087
-18.543,-4.3044,18.578,9.9909,-22.346,2.9388,3.2619,4.5019,-4.6827,-9.4403,-9.0596,-2.6222
-19.225,-3.8573,20.003,9.9853,-23.632,3.5335,2.3598,5.061,-4.3526,-9.3682,-8.9646,-2.5085
-20.327,-3.9686,21.359,10.453,-25.066,3.8562,2.3105,5.5498,-4.1153,-9.4047,-8.9485,-2.4646
-21.774,-4.6088,22.637,11.347,-26.581,3.9053,3.2926,5.9576,-3.9731,-9.5252,-8.9812,-2.4625
-23.402,-5.6004,23.832,12.502,-28.088,3.7468,5.2392,6.2803,-3.9207,-9.6909,-9.0254,-2.4673
-25.025,-6.6844,24.931,13.698,-29.508,3.4818,7.8526,6.5121,-3.9551,-9.8715,-9.0599,-2.4551
-26.5,-7.6049,25.923,14.74,-30.795,3.214,10.658,6.6492,-4.0784,-10.058,-9.0873,-2.423
-27.759,-8.1868,26.805,15.517,-31.932,3.0252,13.132,6.6908,-4.2937,-10.26,-9.1278,-2.387
-28.8,-8.3826,27.586,16.017,-32.919,2.9552,14.844,6.6452,-4.5943,-10.491,-9.2046,-2.3692
-29.658,-8.2694,28.278,16.294,-33.756,2.989,15.515,6.5353,-4.9527,-10.75,-9.3283,-2.3811
-30.378,-8.0019,28.885,16.429,-34.442,3.0693,15.024,6.3976,-5.3141,-11.014,-9.4846,-2.411
-31.006,-7.7547,29.391,16.515,-34.988,3.1303,13.418,6.2752,-5.6019,-11.243,-9.6316,-2.425
-31.59,-7.6859,29.762,16.665,-35.423,3.12,10.955,6.2031,-5.7397,-11.392,-9.7128,-2.3853
-32.202,-7.9249,29.964,17.007,-35.786,2.9998,8.1165,6.1954,-5.6824,-11.426,-9.6791,-2.2696
-32.895,-8.5462,29.98,17.622,-36.095,2.7461,5.5086,6.238,-5.4402,-11.336,-9.5091,-2.0858
-33.656,-9.5219,29.821,18.491,-36.343,2.3636,3.6797,6.2938,-5.0782,-11.142,-9.2178,-1.8657
-34.416,-10.694,29.52,19.497,-36.509,1.8977,2.9464,6.3172,-4.6947,-10.892,-8.8493,-1.6492
-35.055,-11.798,29.121,20.447,-36.575,1.4326,3.3104,6.2717,-4.3857,-10.643,-8.4583,-1.4654
-35.413,-12.537,28.66,21.089,-36.526,1.0713,4.4981,6.1444,-4.2133,-10.438,-8.089,-1.3197
-35.324,-12.68,28.16,21.188,-36.329,0.89987,6.1022,5.9519,-4.1865,-10.292,-7.7629,-1.1912
-34.679,-12.146,27.627,20.626,-35.944,0.95157,7.7386,5.7343,-4.2624,-10.187,-7.4755,-1.0456
-33.498,-11.035,27.057,19.459,-35.356,1.1889,9.1446,5.5436,-4.3613,-10.087,-7.2062,-0.85312
-31.947,-9.6035,26.441,17.908,-34.599,1.511,10.198,5.429,-4.3993,-9.9448,-6.9307,-0.60705
-30.301,-8.1943,25.772,16.303,-33.753,1.7812,10.881,5.4248,-4.3155,-9.7218,-6.6315,-0.32673
-28.858,-7.1395,25.048,14.983,-32.92,1.8702,11.25,5.539,-4.0885,-9.3961,-6.2998,-0.048072
-27.823,-6.6665,24.288,14.186,-32.184,1.7044,11.412,5.7499,-3.7391,-8.9702,-5.9363,0.19377
-27.241,-6.825,23.527,13.973,-31.577,1.3,11.499,6.0126,-3.3175,-8.4707,-5.5477,0.38151
-26.981,-7.4675,22.815,14.215,-31.067,0.76044,11.629,6.2748,-2.8812,-7.9348,-5.1433,0.52487
-26.799,-8.3001,22.199,14.637,-30.565,0.24359,11.869,6.4946,-2.4755,-7.3992,-4.733,0.65696
-26.436,-8.9855,21.701,14.935,-29.964,-0.090161,12.208,6.65,-2.1259,-6.8909,-4.3289,0.8186
-25.728,-9.257,21.321,14.881,-29.192,-0.13345,12.551,6.7379,-1.8452,-6.4276,-3.95,1.0367
-24.674,-9.0027,21.033,14.406,-28.258,0.13136,12.758,6.7629,-1.6469,-6.0268,-3.627,1.3065
-23.424,-8.2838,20.804,13.596,-27.256,0.63165,12.7,6.7262,-1.5531,-5.7071,-3.3996,1.5873
-22.182,-7.2853,20.604,12.628,-26.32,1.2371,12.334,6.6236,-1.5867,-5.4856,-3.3022,1.8186
-21.111,-6.2282,20.402,11.681,-25.554,1.8093,11.734,6.4505,-1.7531,-5.3671,-3.344,1.9504
-20.272,-5.2829,20.172,10.868,-24.98,2.2533,11.061,6.2113,-2.0236,-5.334,-3.4971,1.9695
-19.605,-4.5113,19.895,10.2,-24.525,2.5494,10.475,5.9245,-2.3354,-5.3466,-3.7007,1.905
-18.965,-3.8737,19.561,9.6122,-24.051,2.7422,10.058,5.6193,-2.6094,-5.3545,-3.8813,1.8108
-18.203,-3.2924,19.17,9.0158,-23.423,2.8957,9.786,5.3259,-2.7801,-5.3164,-3.9824,1.7372
-17.251,-2.7261,18.725,8.3699,-22.57,3.0463,9.5398,5.0629,-2.8229,-5.2213,-3.9919,1.7067
-16.166,-2.2097,18.214,7.7132,-21.52,3.1777,9.1605,4.8287,-2.7624,-5.0973,-3.9493,1.7029
-15.103,-1.8477,17.613,7.1512,-20.392,3.226,8.5368,4.6021,-2.6617,-5.0028,-3.9281,1.6779
-14.246,-1.7641,16.889,6.8049,-19.347,3.1088,7.6865,4.3516,-2.5968,-5.0034,-4.0031,1.57
-13.719,-2.0282,16.019,6.7489,-18.515,2.7684,6.7708,4.048,-2.6291,-5.1442,-4.2158,1.3306
-13.543,-2.5987,15.005,6.9701,-17.944,2.2049,6.0256,3.6785,-2.7837,-5.4255,-4.5528,0.94727
-13.629,-3.335,13.884,7.3693,-17.581,1.4823,5.6516,3.2561,-3.0389,-5.7955,-4.9471,0.45216
-13.805,-4.0621,12.723,7.7984,-17.288,0.70796,5.7259,2.8189,-3.3335,-6.1638,-5.3013,-0.089342
-13.887,-4.637,11.597,8.1146,-16.902,-0.00050462,6.1681,2.4181,-3.5937,-6.4326,-5.5305,-0.60687
-13.765,-5.0011,10.563,8.2498,-16.315,-0.55656,6.7623,2.0976,-3.7685,-6.5399,-5.6018,-1.0554
-13.469,-5.2186,9.6462,8.2639,-15.53,-0.94953,7.2279,1.877,-3.8516,-6.4839,-5.546,-1.4314
-13.156,-5.46,8.8402,8.3211,-14.66,-1.2539,7.3277,1.7476,-3.8763,-6.3184,-5.4318,-1.7656
-13.005,-5.916,8.1159,8.5915,-13.851,-1.5829,6.9771,1.6851,-3.8886,-6.1226,-5.3235,-2.0967
-13.113,-6.6865,7.4437,9.1505,-13.199,-2.0174,6.2968,1.6639,-3.916,-5.9625,-5.2478,-2.4444
-13.425,-7.7046,6.8104,9.9197,-12.7,-2.5568,5.5622,1.6728,-3.951,-5.8623,-5.1862,-2.7956
-13.744,-8.727,6.2216,10.667,-12.268,-3.109,5.0684,1.7161,-3.9591,-5.7986,-5.0928,-3.1106
-13.796,-9.3977,5.6945,11.071,-11.783,-3.5146,4.983,1.8006,-3.9049,-5.7184,-4.9253,-3.3427
-13.341,-9.376,5.249,10.842,-11.155,-3.6082,5.2628,1.9195,-3.7812,-5.5712,-4.6741,-3.4631
-12.282,-8.4807,4.8994,9.8487,-10.359,-3.2923,5.6788,2.0435,-3.6212,-5.3405,-4.3729,-3.4751
-10.711,-6.7808,4.645,8.185,-9.4464,-2.5866,5.9299,2.1284,-3.4865,-5.0555,-4.0862,-3.4135
-8.8738,-4.5806,4.464,6.14,-8.5139,-1.6244,5.7953,2.1347,-3.4379,-4.7754,-3.8783,-3.3282
-7.078,-2.3147,4.3171,4.0943,-7.6606,-0.60286,5.256,2.0501,-3.4977,-4.5574,-3.781,-3.2607
-5.5796,-0.40558,4.1607,2.3908,-6.9443,0.27934,4.5164,1.9005,-3.6345,-4.4243,-3.7729,-3.2234
-4.5017,0.85936,3.9651,1.2311,-6.3619,0.86968,3.9046,1.7479,-3.7676,-4.3453,-3.783,-3.1908
-3.8166,1.3991,3.7281,0.63638,-5.856,1.102,3.713,1.6701,-3.7874,-4.2394,-3.7121,-3.106
-3.3946,1.3295,3.4765,0.4801,-5.3554,1.0162,4.0617,1.7301,-3.5908,-4.0022,-3.4702,-2.9035
-3.0799,0.89332,3.2544,0.55889,-4.8183,0.73013,4.8418,1.946,-3.1197,-3.5512,-3.0134,-2.5418
-2.7386,0.38923,3.1071,0.65142,-4.2483,0.39674,5.7628,2.2812,-2.3854,-2.8621,-2.3628,-2.0267
-2.2677,0.13061,3.0695,0.54649,-3.6797,0.16456,6.4782,2.6639,-1.4613,-1.9785,-1.5911,-1.4103
-1.6013,0.41434,3.1612,0.061245,-3.1531,0.14689,6.7308,3.0213,-0.44861,-0.9903,-0.78996,-0.76667
-0.71875,1.4942,3.3873,-0.93908,-2.6983,0.42772,6.4598,3.3099,0.56528,0.0029051,-0.037178,-0.16175
0.37428,3.5215,3.7441,-2.5268,-2.3204,1.0963,5.8277,3.5261,1.5333,0.92399,0.62427,0.36927
1.6834,6.4649,4.2288,-4.7086,-1.9917,2.261,5.1594,3.7012,2.4526,1.7356,1.1914,0.83094
3.2482,10.183,4.8468,-7.4502,-1.6618,4.0298,4.8249,3.8778,3.3499,2.4417,1.6937,1.2595
5.1306,14.598,5.6082,-10.722,-1.2785,6.4717,5.1044,4.0972,4.2576,3.0778,2.1775,1.7009
7.3706,19.683,6.5081,-14.489,-0.81038,9.5642,6.0768,4.3789,5.1929,3.6926,2.6875,2.1857
9.9326,25.307,7.5053,-18.637,-0.25893,13.162,7.5777,4.7175,6.1508,4.3289,3.2514,2.7118
12.686,31.166,8.5213,-22.928,0.34379,17.031,9.2475,5.0923,7.1121,5.011,3.8709,3.2429
15.44,36.834,9.4638,-27.044,0.95011,20.926,10.654,5.4832,8.0601,5.7464,4.5273,3.7221
18.026,41.893,10.262,-30.708,1.5187,24.632,11.44,5.8833,8.9952,6.5382,5.1956,4.0981
20.387,46.07,10.892,-33.802,2.035,27.955,11.423,6.2994,9.9381,7.3991,5.8661,4.3503
22.598,49.32,11.372,-36.398,2.5211,30.737,10.637,6.7412,10.92,8.352,6.5527,4.5012
24.822,51.807,11.719,-38.683,3.0299,32.921,9.3158,7.2053,11.958,9.4187,7.2865,4.6089
27.205,53.779,11.92,-40.84,3.6273,34.554,7.8469,7.6649,13.04,10.603,8.1017,4.7451
29.81,55.415,11.939,-42.953,4.3771,35.68,6.6678,8.0723,14.124,11.884,9.0258,4.9728
32.633,56.734,11.752,-45.013,5.3374,36.254,6.1302,8.3728,15.151,13.222,10.078,5.335
35.679,57.631,11.364,-46.992,6.5726,36.213,6.3736,8.5239,16.076,14.588,11.275,5.8556
39.004,58.087,10.796,-48.924,8.1705,35.607,7.267,8.5123,16.894,15.985,12.635,6.5499
42.671,58.368,10.072,-50.944,10.246,34.579,8.4519,8.3586,17.645,17.464,14.189,7.437
46.661,58.966,9.2101,-53.249,12.906,33.343,9.467,8.1075,18.405,19.113,15.971,8.5406
50.897,60.298,8.2309,-56.038,16.138,32.273,9.8949,7.8102,19.252,21.029,18.013,9.8892
55.349,62.531,7.1595,-59.423,19.719,31.84,9.4742,7.5063,20.234,23.273,20.318,11.51
60.059,65.63,6.0294,-63.39,23.334,32.355,8.1452,7.2127,21.343,25.827,22.865,13.426
65.084,69.527,4.8845,-67.884,26.81,33.844,6.0295,6.9198,22.508,28.587,25.606,15.651
70.458,74.228,3.7705,-72.914,30.171,36.117,3.37,6.5985,23.619,31.395,28.483,18.17
76.182,79.755,2.714,-78.522,33.505,38.86,0.45284,6.2059,24.552,34.091,31.426,20.927
82.197,85.983,1.7067,-84.65,36.874,41.727,-2.4795,5.6995,25.207,36.548,34.349,23.825
88.356,92.578,0.70532,-91.063,40.296,44.416,-5.3145,5.0463,25.534,38.693,37.158,26.737
94.43,99.063,-0.3556,-97.386,43.757,46.699,-8.1278,4.2273,25.536,40.524,39.765,29.538
100.17,104.95,-1.5469,-103.21,47.225,48.385,-11.142,3.2361,25.262,42.086,42.105,32.134
105.39,109.84,-2.9299,-108.2,50.652,49.313,-14.537,2.076,24.779,43.433,44.139,34.476
109.98,113.45,-4.541,-112.13,53.967,49.384,-18.249,0.75782,24.153,44.592,45.853,36.545
113.91,115.61,-6.374,-114.93,57.088,48.62,-21.993,-0.69726,23.424,45.54,47.229,38.322
117.2,116.23,-8.3747,-116.6,59.952,47.175,-25.518,-2.2521,22.606,46.206,48.239,39.779
119.84,115.38,-10.465,-117.22,62.556,45.241,-28.82,-3.8511,21.689,46.5,48.838,40.878
121.82,113.32,-12.582,-116.99,64.965,42.933,-32.084,-5.427,20.648,46.353,48.977,41.593
123.16,110.43,-14.706,-116.37,67.262,40.295,-35.444,-6.9205,19.448,45.757,48.626,41.923
123.89,107.18,-16.855,-115.68,69.441,37.404,-38.823,-8.3047,18.059,44.786,47.798,41.882
123.77,103.76,-19.066,-114.45,71.244,34.353,-41.966,-9.5976,16.458,43.56,46.554,41.46
122.43,99.962,-21.343,-112.17,72.21,31.134,-44.57,-10.857,14.641,42.16,44.977,40.602
119.94,95.48,-23.63,-108.83,72.205,27.643,-46.39,-12.16,12.626,40.559,43.141,39.224
116.71,90.243,-25.823,-104.73,71.575,23.79,-47.289,-13.575,10.451,38.655,41.089,37.269
113.12,84.466,-27.83,-100.19,70.66,19.579,-47.251,-15.149,8.1755,36.373,38.841,34.743
109.33,78.402,-29.607,-95.357,69.595,15.147,-46.368,-16.89,5.8623,33.718,36.402,31.708
105.39,72.093,-31.164,-90.252,68.386,10.759,-44.81,-18.763,3.5691,30.768,33.767,28.274
101.21,65.425,-32.546,-84.787,66.998,6.6688,-42.792,-20.695,1.3347,27.636,30.932,24.572
96.718,58.349,-33.805,-78.913,65.404,2.9821,-40.545,-22.581,-0.82346,24.453,27.901,20.745
91.936,50.994,-34.969,-72.713,63.601,-0.30308,-38.278,-24.312,-2.9052,21.343,24.703,16.928
86.955,43.609,-36.023,-66.385,61.607,-3.1841,-36.148,-25.811,-4.9243,18.396,21.397,13.242
81.874,36.415,-36.921,-60.132,59.445,-5.6484,-34.258,-27.066,-6.9096,15.646,18.06,9.77
76.72,29.487,-37.623,-54.052,57.128,-7.7443,-32.672,-28.143,-8.9081,13.055,14.767,6.5484
71.433,22.848,-38.114,-48.096,54.65,-9.614,-31.402,-29.176,-10.981,10.54,11.576,3.5583
65.957,16.664,-38.403,-42.127,52.013,-11.439,-30.37,-30.305,-13.187,8.0154,8.5202,0.75018
60.3,11.202,-38.52,-36,49.263,-13.348,-29.444,-31.614,-15.547,5.4595,5.6325,-1.9165
54.471,6.6093,-38.495,-29.576,46.506,-15.347,-28.517,-33.091,-18.02,2.9373,2.9603,-4.4395
48.402,2.8889,-38.358,-22.929,43.856,-17.327,-27.571,-34.646,-20.509,0.56832,0.56073,-6.7731
42.146,-0.087617,-38.124,-16.731,41.366,-19.133,-26.706,-36.177,-22.888,-1.5363,-1.5221,-8.8547
36.141,-2.5927,-37.792,-11.735,39.017,-20.655,-26.093,-37.617,-25.06,-3.3178,-3.2773,-10.628
30.959,-4.8606,-37.346,-7.9774,36.776,-21.854,-25.879,-38.962,-26.99,-4.778,-4.7358,-12.063
26.793,-6.9469,-36.767,-5.0917,34.637,-22.725,-26.094,-40.252,-28.714,-5.9694,-5.9684,-13.175
23.443,-8.7534,-36.051,-2.8012,32.599,-23.268,-26.631,-41.541,-30.323,-6.9816,-7.0741,-14.032
20.59,-10.115,-35.21,-1.0041,30.634,-23.496,-27.311,-42.873,-31.927,-7.9209,-8.1589,-14.741
17.995,-10.881,-34.277,0.29349,28.689,-23.445,-27.997,-44.257,-33.615,-8.8821,-9.31,-15.409
15.589,-10.966,-33.293,1.0463,26.728,-23.163,-28.636,-45.65,-35.415,-9.921,-10.573,-16.107
13.473,-10.401,-32.302,1.2371,24.762,-22.699,-29.234,-46.975,-37.28,-11.039,-11.939,-16.855
11.833,-9.3291,-31.338,0.92759,22.84,-22.101,-29.81,-48.154,-39.106,-12.186,-13.338,-17.623
10.781,-7.9818,-30.422,0.27364,21.039,-21.424,-30.368,-49.141,-40.782,-13.281,-14.655,-18.358
10.237,-6.6333,-29.556,-0.49344,19.436,-20.739,-30.887,-49.941,-42.234,-14.245,-15.782,-19.022
9.9514,-5.5573,-28.734,-1.1132,18.071,-20.12,-31.352,-50.594,-43.45,-15.031,-16.66,-19.612
9.6328,-4.9724,-27.949,-1.3613,16.92,-19.634,-31.77,-51.156,-44.469,-15.643,-17.313,-20.161
9.0618,-4.9908,-27.204,-1.1116,15.913,-19.33,-32.151,-51.673,-45.358,-16.13,-17.824,-20.711
8.1614,-5.5897,-26.519,-0.37394,14.987,-19.23,-32.445,-52.164,-46.175,-16.556,-18.293,-21.293
7.0053,-6.6195,-25.922,0.71044,14.124,-19.334,-32.538,-52.616,-46.958,-16.975,-18.793,-21.922
5.7713,-7.8511,-25.447,1.9178,13.343,-19.613,-32.312,-53.001,-47.722,-17.42,-19.368,-22.601
4.6545,-9.0465,-25.11,3.0223,12.666,-20.019,-31.742,-53.304,-48.478,-17.915,-20.039,-23.339
3.7732,-10.029,-24.899,3.8757,12.069,-20.493,-30.931,-53.544,-49.242,-18.489,-20.82,-24.15
3.1173,-10.723,-24.775,4.4457,11.478,-20.972,-30.053,-53.779,-50.041,-19.172,-21.716,-25.04
2.5796,-11.153,-24.686,4.7999,10.812,-21.409,-29.267,-54.084,-50.891,-19.968,-22.701,-25.987
2.0386,-11.418,-24.588,5.0554,10.034,-21.789,-28.683,-54.521,-51.792,-20.83,-23.709,-26.926
1.4134,-11.652,-24.458,5.3376,9.165,-22.136,-28.382,-55.112,-52.719,-21.665,-24.633,-27.764
0.664,-11.997,-24.307,5.7576,8.2574,-22.498,-28.435,-55.834,-53.638,-22.363,-25.358,-28.418
-0.22337,-12.572,-24.177,6.3933,7.368,-22.931,-28.879,-56.613,-54.508,-22.849,-25.816,-28.861
-1.233,-13.443,-24.14,7.2654,6.5516,-23.481,-29.656,-57.324,-55.268,-23.129,-26.034,-29.138
-2.3097,-14.612,-24.284,8.3255,5.8606,-24.172,-30.559,-57.786,-55.825,-23.31,-26.17,-29.376
-3.3713,-16.044,-24.685,9.4754,5.3342,-25.005,-31.212,-57.76,-56.036,-23.594,-26.512,-29.774
-4.3475,-17.737,-25.361,10.617,4.9745,-25.969,-31.094,-56.933,-55.699,-24.25,-27.432,-30.566
-5.2158,-19.835,-26.229,11.705,4.7274,-27.104,-29.653,-54.892,-54.537,-25.527,-29.268,-31.954
-6.0117,-22.676,-27.093,12.766,4.4925,-28.498,-26.594,-51.465,-52.205,-27.487,-32.091,-34.047
-6.8079,-26.438,-27.775,13.869,4.1738,-29.843,-22.638,-51.367,-48.576,-29.722,-35.42,-36.737
-7.6742,-30.16,-28.333,15.054,3.7395,-30.64,-21.172,-67.397,-46.679,-31.074,-38.296,-39.061
-8.6272,-32.469,-28.926,16.265,3.2401,-31.19,-27.748,-76.54,-63.501,-29.56,-39.785,-39.883
-9.5852,-33.575,-29.487,17.344,2.7762,-32.252,-34.778,-79.942,-81.359,-23.247,-39.023,-39.235
-10.364,-34.636,-29.961,18.148,2.4633,-34.724,-35.958,-79.927,-82.721,-23.693,-33.541,-37.673
-10.74,-37.225,-30.49,18.767,2.4201,-39.518,-32.94,-73.836,-80.112,-26.823,-29.751,-39.034
-10.582,-44.437,-31.172,19.867,2.786,-47.146,-24.695,-57.929,-72.072,-30.733,-36.151,-46.436
-10.279,-60.818,-31.997,25.624,3.8395,-57.317,-9.2132,-27.283,-55.74,-39.665,-49.159,-59.964
-17.699,-80.375,-32.968,52.745,5.7515,-68.248,14.939,19.857,-28.802,-52.199,-70.195,-79.412
-33.615,-96.051,-34.094,70.51,1.4469,-77.576,45.936,80.145,9.6233,-64.843,-96.768,-101.28
-44.322,-107.58,-35.269,82.372,-2.6878,-82.895,81.22,147.14,57.788,-70.077,-118.28,-119.57
-52.896,-111.5,-36.086,87.836,-6.2611,-81.703,114.17,212.02,117.16,-55.367,-119.87,-127.13
-54.652,-104.93,-35.615,83.781,-8.9322,-72.924,138.56,264.16,193.71,-7.9459,-90.112,-116.66
-46.156,-86.432,-32.656,68.75,-8.9244,-57.691,150.25,294.81,284.29,88.693,-21.194,-82.083
-26.425,-56.726,-27.363,42.496,-4.6213,-38.432,147.53,301.4,388.07,265.33,98.315,-20.035
4.4027,-17.819,-22.535,5.7628,5.0263,-17.181,130.74,285.03,510.25,510.68,276.67,70.581
47.636,29.035,-21.443,-40.638,23.288,5.5181,100.28,248.46,655.07,837.98,513.22,190.71
106.73,84.327,-25.043,-97.131,57.356,30.527,55.224,195.01,824.92,1248.8,806.18,339.64
180.32,149.63,-31.736,-165.12,102.38,59.157,-6.7543,126.79,1022,1734.4,1145.2,513.88
266.11,226.21,-39.901,-245.78,150.48,92.444,-89.053,43.659,1243.9,2271.8,1510.1,706.34
364.4,313.74,-48.92,-338.74,204.71,131,-194.64,-56.716,1478.7,2822.6,1870.3,905.4
471.12,409.13,-58.23,-440.27,262.88,173.93,-323.72,-178.45,1704.3,3334.5,2187.8,1095.2
578.43,506.03,-66.922,-542.82,320.73,218.25,-472.89,-326.52,1889.4,3746.5,2423.1,1257.3
675.85,594.99,-74.027,-636.01,373.05,259.37,-636.03,-505.08,1997.4,3999,2542.8,1374
752.25,665.11,-79.438,-708.89,414.27,291.91,-803.37,-715.19,1991.1,4044.4,2526.4,1430.9
798.35,707.14,-83.892,-752.5,439.56,311.12,-963.21,-953.1,1839.9,3857.1,2371,1421
809.2,716.61,-86.843,-762.32,446.01,314.73,-1105.6,-1210.1,1526.5,3439,2092,1346.3
785.84,695.74,-86.596,-739.94,433.56,304.03,-1223.9,-1473.7,1054.9,2820.8,1720.8,1218.6
735.18,652.58,-81.485,-692.81,405.06,283.85,-1317,-1728.3,455.26,2059,1298.5,1056.6
667.82,598.17,-70.859,-631.78,365.56,260.6,-1388.2,-1956.5,-215.28,1230.1,868.17,881.37
595.04,542.92,-55.969,-567.54,321.13,239.38,-1441.5,-2139.1,-880.22,420,467.9,711.35
525.96,493.29,-39.598,-507.76,277.67,222.31,-1478.5,-2258.4,-1458.6,-289.42,126.49,559.14
465.8,450.24,-25.195,-455.68,239.86,207.97,-1497.2,-2302.7,-1883.9,-835.01,-138.69,430.99
415.79,410.34,-16.273,-410.66,210.29,192.21,-1493.2,-2270.3,-2120.9,-1185.1,-322.39,327.63
373.98,368.88,-15.427,-369.76,188.92,171.25,-1462.2,-2170.6,-2173.6,-1345.4,-430.92,245.76
336.33,321.78,-23.101,-329.56,173.07,143.61,-1402.3,-2021.7,-2080.4,-1354.2,-479.1,179.83
298.74,266.39,-36.866,-286.68,159.06,109.62,-1315.7,-1846.8,-1897.9,-1268.4,-487.33,123.69
260.21,203.85,-52.355,-237.37,145.29,71.836,-1208.3,-1665.6,-1681.6,-1141.3,-477.01,72.5
219.11,140.03,-65.642,-182.76,131.5,34.636,-1088.8,-1489.6,-1470.8,-1009.2,-459.64,25.444
174.48,82.687,-73.91,-128.65,115.79,2.6643,-964.26,-1322.3,-1284.3,-890.87,-439.06,-15.309
129.61,37.372,-75.527,-80.464,97.565,-20.494,-839.17,-1161.3,-1122.9,-790.05,-415.03,-47.097
88.245,8.7728,-70.992,-42.639,78.038,-33.135,-716.46,-1002.8,-978.33,-701.54,-385.42,-68.197
54.781,-3.5771,-61.408,-19.423,58.601,-35.216,-599.12,-846.3,-843.69,-618.38,-347.61,-78.054
32.026,-5.1579,-47.224,-8.9989,40.929,-28.271,-490.48,-695.72,-716.34,-536.38,-300.09,-77.393
18.702,-0.69422,-30.194,-6.7702,26.251,-16.529,-393.73,-557.37,-594.62,-452.4,-252.34,-68.619
12.402,6.646,-14.144,-9.1022,14.792,-5.428,-311.32,-437.38,-481.54,-370.15,-209.16,-54.939
10.896,14.853,-2.0722,-13.594,6.6238,2.4517,-244.88,-339.12,-383.24,-297.22,-168.2,-36.688
12.811,20.601,5.8561,-18.998,1.6687,0.55791,-194.54,-262.14,-302.5,-236.05,-131.52,-22.425
16.747,7.423,10.194,-18.006,-0.35695,-0.57962,-157.51,-203.08,-238.94,-188.35,-102.23,-20.093
12.844,1.9239,11.673,-6.8448,0.073902,-0.75039,-129.19,-157.25,-190.82,-153.81,-80.97,-18.524
4.6539,0.69938,10.912,-1.8235,0.77443,-0.77998,-105.86,-120.21,-154.6,-129.51,-66.719,-16.54
0.24142,-0.3137,7.3909,0.26922,-0.9784,-0.90983,-84.976,-89.032,-126.27,-112.14,-57.716,-15.17
-2.229,-1.5097,2.8373,1.7252,-3.1043,-1.359,-65.942,-62.416,-102.98,-99.065,-52.003,-14.353
-4.0632,-2.8664,2.3925,3.0542,-4.8689,-2.0076,-49.202,-40.229,-83.18,-88.31,-47.871,-13.323
-5.7289,-4.3002,3.4985,4.3969,-6.4715,-2.6665,-35.507,-22.773,-66.159,-78.466,-43.983,-11.962
-7.417,-5.7409,4.7285,5.8078,-8.0746,-3.2645,-25.425,-9.9241,-51.741,-69.03,-39.579,-10.683
-9.2069,-7.1474,5.827,7.3009,-9.7553,-3.7959,-19.092,-0.76221,-40.123,-61.07,-34.194,-9.7263
-11.108,-8.4809,6.7164,8.847,-11.545,-4.2528,-18.87,4.9561,-32.185,-55.63,-28.196,-9.0831
-13.077,-9.6798,7.4353,10.372,-13.44,-4.6095,-20.036,6.1828,-28.902,-50.337,-22.798,-8.6446
-15.033,-10.668,8.1078,11.776,-15.405,-4.8471,-17.319,6.917,-24.648,-43.661,-18.55,-8.2977
-16.885,-11.389,8.8708,12.964,-17.372,-4.9667,-12.795,9.0395,-18.382,-36.698,-15.355,-7.9631
-18.564,-11.832,9.8092,13.889,-19.277,-4.9763,-8.0372,11.682,-12.573,-30.5,-12.934,-7.6019
-20.054,-12.047,10.944,14.571,-21.085,-4.8849,-4.1789,14.609,-7.8031,-25.414,-11.033,-7.2021
-21.39,-12.127,12.262,15.093,-22.797,-4.7107,-1.8072,17.903,-3.8438,-21.342,-9.4591,-6.7605
-22.635,-12.17,13.733,15.552,-24.429,-4.4817,-0.71575,21.709,-0.39622,-18.065,-8.0668,-6.2685
-23.824,-12.231,15.317,16.008,-25.98,-4.2235,-0.3135,26.121,2.7414,-15.395,-6.7539,-5.7077
-24.929,-12.306,16.954,16.452,-27.412,-3.9462,-0.021241,31.088,5.6707,-13.208,-5.4599,-5.0552
-25.867,-12.33,18.572,16.809,-28.666,-3.642,0.58588,36.385,8.4245,-11.424,-4.1661,-4.2961
-26.533,-12.215,20.101,16.975,-29.686,-3.2935,1.7411,41.695,11,-9.9865,-2.8907,-3.4364
-26.866,-11.889,21.483,16.867,-30.454,-2.8859,3.4771,46.735,13.385,-8.8429,-1.6793,-2.5103
-26.876,-11.326,22.688,16.465,-30.999,-2.4168,5.6417,51.322,15.572,-7.9387,-0.58955,-1.5754
-26.647,-10.559,23.71,15.822,-31.382,-1.8996,7.9485,55.389,17.566,-7.2126,0.32819,-0.69718
-26.302,-9.6755,24.559,15.047,-31.67,-1.3623,10.058,58.974,19.389,-6.5983,1.0498,0.070969
-25.959,-8.7893,25.252,14.27,-31.916,-0.84306,11.665,62.201,21.068,-6.0331,1.5865,0.70595
-25.702,-8.0164,25.806,13.612,-32.144,-0.38383,12.566,65.229,22.631,-5.4722,1.9776,1.2193
-25.578,-7.4541,26.227,13.159,-32.356,-0.026059,12.707,68.182,24.092,-4.9027,2.271,1.6453
-25.594,-7.1711,26.51,12.961,-32.537,0.19232,12.203,71.096,25.448,-4.3467,2.501,2.0201
-25.729,-7.2036,26.638,13.03,-32.67,0.2412,11.334,73.897,26.68,-3.8497,2.6751,2.3622
-25.946,-7.5473,26.596,13.342,-32.734,0.10578,10.478,76.445,27.756,-3.4592,2.7763,2.6664
-26.196,-8.1475,26.38,13.83,-32.715,-0.20474,10.026,78.595,28.65,-3.1999,2.781,2.9118
-26.414,-8.8997,26.006,14.398,-32.59,-0.65215,10.243,80.266,29.365,-3.0576,2.6805,3.0793
-26.514,-9.6714,25.504,14.932,-32.337,-1.1731,11.134,81.471,29.946,-2.9796,2.496,3.1675
-26.414,-10.34,24.91,15.332,-31.924,-1.6936,12.418,82.31,30.469,-2.8941,2.2747,3.1967
-26.068,-10.828,24.253,15.547,-31.33,-2.1512,13.635,82.922,31.015,-2.7413,2.0726,3.2001
-25.491,-11.118,23.551,15.579,-30.559,-2.5128,14.329,83.443,31.637,-2.4978,1.9317,3.2089
-24.753,-11.237,22.814,15.462,-29.657,-2.7761,14.206,83.975,32.347,-2.1845,1.866,3.2413
-23.936,-11.217,22.043,15.234,-28.698,-2.9519,13.21,84.575,33.12,-1.8544,1.8624,3.3017
-23.079,-11.053,21.241,14.89,-27.743,-3.0407,11.529,85.278,33.918,-1.5659,1.8941,3.3903
-22.152,-10.689,20.421,14.375,-26.803,-3.0217,9.5311,86.111,34.716,-1.3528,1.9399,3.5152
-21.06,-10.041,19.606,13.6,-25.831,-2.8594,7.6596,87.103,35.53,-1.2035,1.999,3.6966
-19.697,-9.048,18.823,12.497,-24.735,-2.5259,6.3156,88.275,36.421,-1.0579,2.0933,3.9586
-18.006,-7.7268,18.09,11.07,-23.412,-2.0249,5.7476,89.629,37.484,-0.82691,2.2606,4.3185
-16.024,-6.1895,17.405,9.416,-21.798,-1.4084,5.9898,91.141,38.815,-0.42531,2.5429,4.7803
-13.897,-4.6306,16.747,7.7185,-19.904,-0.77337,6.8731,92.76,40.474,0.19346,2.9749,5.3358
-11.862,-3.2777,16.096,6.2012,-17.847,-0.23273,8.11,94.411,42.46,1.0164,3.5727,5.9685
-10.163,-2.3224,15.441,5.061,-15.83,0.12706,9.4078,96.016,44.696,1.9721,4.329,6.6585
-8.9505,-1.8493,14.795,4.3929,-14.051,0.28046,10.555,97.514,47.046,2.9574,5.2163,7.3882
-8.1985,-1.7864,14.174,4.1338,-12.605,0.27332,11.45,98.899,49.363,3.8791,6.1994,8.1452
-7.7135,-1.9107,13.59,4.0627,-11.446,0.205,12.076,100.23,51.552,4.6924,7.2486,8.9225
-7.2101,-1.9242,13.03,3.8756,-10.438,0.18893,12.453,101.62,53.614,5.4163,8.3448,9.7118
-6.4288,-1.5714,12.468,3.3057,-9.4457,0.30806,12.595,103.22,55.645,6.1202,9.475,10.498
-5.2371,-0.7383,11.876,2.2292,-8.3909,0.58346,12.488,105.11,57.804,6.8948,10.628,11.261
-3.6692,0.51189,11.237,0.7058,-7.2725,0.96855,12.116,107.37,60.269,7.8252,11.8,11.988
-1.8941,1.9767,10.546,-1.0583,-6.1423,1.37,11.496,109.97,63.204,8.9751,13.005,12.698
-0.1314,3.398,9.8018,-2.8031,-5.0661,1.6825,10.71,112.9,66.727,10.383,14.289,13.444
1.449,4.5531,9.0066,-4.3244,-4.0884,1.8245,9.9069,116.09,70.861,12.065,15.721,14.309
2.7986,5.3402,8.1622,-5.5587,-3.2125,1.7679,9.274,119.49,75.506,14.018,17.376,15.387
4.0082,5.8289,7.2791,-6.6062,-2.4008,1.5502,8.9954,123.05,80.447,16.221,19.305,16.754
5.2785,6.234,6.3801,-7.6882,-1.5933,1.2586,9.2057,126.72,85.43,18.634,21.517,18.436
6.8527,6.8362,5.4956,-9.061,-0.72901,0.99796,9.9529,130.46,90.258,21.203,23.97,20.386
8.9073,7.8782,4.6512,-10.902,0.23875,0.85616,11.184,134.28,94.841,23.878,26.58,22.492
11.438,9.4604,3.8584,-13.208,1.3316,0.87986,12.758,138.18,99.188,26.634,29.254,24.632
14.233,11.484,3.1152,-15.777,2.535,1.0675,14.487,142.21,103.37,29.475,31.92,26.728
16.99,13.704,2.4161,-18.32,3.7949,1.3803,16.167,146.42,107.48,32.422,34.545,28.767
19.468,15.859,1.7614,-20.618,5.0358,1.7626,17.626,150.87,111.58,35.504,37.133,30.784
21.572,17.779,1.1596,-22.598,6.193,2.1632,18.765,155.59,115.73,38.755,39.719,32.831
23.341,19.417,0.62254,-24.313,7.2357,2.5475,19.597,160.59,119.95,42.221,42.366,34.953
24.9,20.83,0.15948,-25.874,8.1677,2.8985,20.265,165.91,124.3,45.957,45.15,37.18
26.392,22.136,-0.22608,-27.398,9.0125,3.2057,21.019,171.56,128.83,50.029,48.147,39.512
27.925,23.454,-0.53668,-28.97,9.7996,3.4534,22.138,177.54,133.59,54.498,51.423,41.923
29.553,24.862,-0.78034,-30.619,10.559,3.6196,23.808,183.83,138.59,59.403,55.019,44.374
31.253,26.361,-0.96902,-32.282,11.315,3.6849,26.018,190.38,143.81,64.729,58.934,46.845
32.914,27.843,-1.1159,-33.795,12.081,3.6446,28.553,197.11,149.21,70.403,63.109,49.343
34.373,29.12,-1.2317,-34.98,12.844,3.5174,31.121,203.93,154.71,76.309,67.452,51.895
35.525,30.069,-1.3218,-35.784,13.577,3.3485,33.504,210.76,160.25,82.306,71.904,54.554
36.41,30.786,-1.3852,-36.354,14.256,3.211,35.649,217.53,165.75,88.25,76.488,57.42
37.228,31.578,-1.4159,-36.988,14.885,3.2008,37.654,224.24,171.16,94.013,81.28,60.614
38.258,32.814,-1.4064,-38.028,15.501,3.4217,39.687,230.93,176.5,99.517,86.344,64.228
39.747,34.749,-1.3516,-39.7,16.165,3.9614,41.886,237.63,181.78,104.75,91.679,68.27
41.793,37.408,-1.2521,-41.997,16.945,4.8699,44.278,244.41,187.09,109.78,97.218,72.669
44.291,40.584,-1.1148,-44.704,17.873,6.1491,46.756,251.29,192.49,114.68,102.86,77.323
47.009,43.962,-0.95003,-47.54,18.925,7.7604,49.119,258.28,198.04,119.57,108.51,82.122
49.748,47.26,-0.76835,-50.306,20.036,9.6535,51.182,265.37,203.78,124.57,114.12,86.988
52.455,50.344,-0.57765,-52.952,21.176,11.81,52.894,272.49,209.76,129.81,119.75,91.918
55.226,53.247,-0.3817,-55.564,22.39,14.258,54.368,279.59,215.96,135.38,125.49,96.989
58.212,56.106,-0.18126,-58.29,23.771,17.019,55.819,286.66,222.37,141.35,131.49,102.3
61.508,59.046,0.023824,-61.235,25.395,20.007,57.448,293.7,228.89,147.71,137.91,107.93
65.099,62.095,0.23395,-64.418,27.254,23.02,59.343,300.71,235.36,154.34,144.83,113.92
68.888,65.209,0.45076,-67.814,29.261,25.856,61.454,307.67,241.62,161.07,152.16,120.31
72.744,68.375,0.67753,-71.395,31.288,28.413,63.631,314.55,247.54,167.72,159.67,127.04
76.544,71.665,0.91745,-75.119,33.23,30.711,65.71,321.29,253.05,174.16,167.02,133.94
80.203,75.184,1.1694,-78.93,35.037,32.848,67.589,327.84,258.13,180.35,174.02,140.71
83.724,79.006,1.423,-82.797,36.723,34.948,69.256,334.18,262.82,186.35,180.67,147.17
87.192,83.173,1.6564,-86.754,38.353,37.105,70.767,340.28,267.15,192.25,187.16,153.35
90.752,87.722,1.8399,-90.885,40.025,39.36,72.169,346.11,271.15,198.12,193.69,159.4
94.548,92.676,1.945,-95.283,41.836,41.695,73.446,351.61,274.82,203.99,200.49,165.53
98.694,98.01,1.9546,-100.01,43.856,44.04,74.51,356.69,278.15,209.85,207.65,171.88
103.25,103.61,1.8695,-105.09,46.118,46.29,75.245,361.24,281.11,215.64,215.12,178.49
108.18,109.26,1.7071,-110.46,48.604,48.344,75.58,365.16,283.72,221.24,222.68,185.31
113.37,114.72,1.4937,-116,51.243,50.143,75.547,368.41,285.99,226.57,230.02,192.22
118.65,119.8,1.2538,-121.5,53.919,51.69,75.243,371.02,287.97,231.57,236.94,199.07
123.88,124.41,1.001,-126.79,56.535,53.044,74.737,373.07,289.71,236.25,243.39,205.76
129.1,128.62,0.7356,-131.82,59.08,54.293,73.984,374.7,291.25,240.61,249.45,212.25
134.37,132.5,0.44983,-136.64,61.623,55.522,72.856,376.01,292.6,244.63,255.25,218.55
139.75,136.08,0.13561,-141.26,64.254,56.777,71.228,377.05,293.76,248.22,260.85,224.67
145.17,139.37,-0.2077,-145.6,67.022,58.048,69.077,377.81,294.68,251.28,266.21,230.56
150.46,142.34,-0.56902,-149.53,69.918,59.3,66.521,378.24,295.32,253.72,271.18,236.12
155.39,144.95,-0.92736,-152.95,72.87,60.516,63.813,378.25,295.66,255.58,275.58,241.22
159.72,147.21,-1.2601,-155.85,75.773,61.695,61.258,377.82,295.71,256.92,279.32,245.67
163.35,149.11,-1.5534,-158.26,78.519,62.825,59.093,376.92,295.48,257.86,282.4,249.4
166.31,150.66,-1.81,-160.24,81.034,63.88,57.41,375.55,294.99,258.48,284.9,252.44
168.72,151.89,-2.048,-161.85,83.301,64.843,56.155,373.69,294.26,258.83,286.92,254.95
170.74,152.91,-2.2929,-163.19,85.346,65.718,55.149,371.3,293.25,258.9,288.54,257.08
172.49,153.82,-2.5644,-164.38,87.204,66.529,54.125,368.34,291.95,258.64,289.82,258.95
174.08,154.75,-2.8671,-165.55,88.886,67.297,52.78,364.71,290.28,258.02,290.77,260.66
175.58,155.75,-3.1909,-166.76,90.384,68.02,50.864,360.32,288.19,256.99,291.41,262.26
177,156.83,-3.522,-168.03,91.69,68.668,48.282,355.09,285.59,255.48,291.75,263.76
178.33,157.91,-3.8563,-169.28,92.813,69.189,45.2,348.96,282.38,253.4,291.79,265.09
179.5,158.86,-4.2069,-170.41,93.773,69.522,42.085,342.01,278.44,250.6,291.54,266.16
180.44,159.56,-4.6013,-171.27,94.584,69.613,39.468,334.4,273.68,246.97,290.98,266.87
181.08,159.87,-5.0743,-171.76,95.237,69.424,37.456,326.34,268.05,242.45,290.06,267.15
181.37,159.72,-5.6605,-171.82,95.723,68.938,35.573,317.97,261.58,237.12,288.71,266.95
181.29,159.1,-6.3855,-171.44,96.047,68.169,33.114,309.3,254.41,231.22,286.81,266.23
180.9,158.08,-7.2546,-170.7,96.238,67.161,29.59,300.17,246.73,225.03,284.26,264.91
180.28,156.83,-8.2381,-169.74,96.33,65.985,24.956,290.36,238.67,218.74,281,262.86
179.54,155.51,-9.2692,-168.7,96.345,64.731,19.553,279.74,230.33,212.43,277.05,259.94
178.78,154.27,-10.265,-167.69,96.288,63.499,13.918,268.3,221.7,206.05,272.53,256.19
178.03,153.19,-11.163,-166.77,96.156,62.372,8.6126,256.24,212.75,199.47,267.53,251.9
177.32,152.29,-11.945,-165.96,95.939,61.378,4.107,243.84,203.41,192.52,262.02,247.42
176.66,151.51,-12.63,-165.25,95.629,60.469,0.68055,231.38,193.64,185.03,255.9,242.92
176.03,150.72,-13.259,-164.57,95.221,59.54,-1.6343,218.98,183.43,176.92,248.98,238.26
175.34,149.71,-13.865,-163.77,94.707,58.47,-3.0427,206.58,172.9,168.28,241.19,233.14
174.44,148.27,-14.461,-162.7,94.064,57.165,-3.929,193.93,162.23,159.31,232.57,227.19
173.13,146.27,-15.042,-161.2,93.249,55.594,-4.7815,180.75,151.6,150.27,223.32,220.22
171.2,143.56,-15.595,-159.08,92.199,53.787,-6.0997,166.88,141.09,141.35,213.74,212.34
168.43,140.06,-16.121,-156.2,90.852,51.818,-8.2529,152.45,130.71,132.61,204.13,203.91
164.69,135.74,-16.628,-152.44,89.166,49.744,-11.29,137.89,120.34,124.02,194.75,195.34
160.06,130.73,-17.131,-147.9,87.134,47.593,-14.863,123.76,109.88,115.49,185.71,186.87
154.8,125.36,-17.634,-142.87,84.802,45.377,-18.502,110.45,99.178,106.85,176.96,178.53
149.15,119.95,-18.128,-137.56,82.243,43.077,-22.021,98.059,88.173,97.933,168.28,170.17
143.17,114.65,-18.6,-131.98,79.513,40.613,-25.556,86.441,76.937,88.645,159.35,161.52
136.82,109.34,-19.031,-125.98,76.632,37.857,-29.317,75.227,65.792,79.169,149.85,152.31
130.02,103.69,-19.401,-119.44,73.606,34.692,-33.361,63.915,55.242,69.95,139.65,142.37
122.77,97.334,-19.694,-112.31,70.444,31.087,-37.548,52.023,45.716,61.439,128.92,131.89
115.22,90.1,-19.898,-104.72,67.157,27.14,-41.639,39.565,37.39,53.835,118.12,121.46
107.69,82.254,-20.01,-96.995,63.746,23.034,-45.428,27.589,30.209,47.1,107.74,111.76
100.55,74.374,-20.05,-89.526,60.241,18.914,-48.807,17.694,24.015,41.097,97.985,103.17
93.939,66.919,-20.048,-82.53,56.737,14.812,-51.75,10.587,18.644,35.696,88.775,95.62
87.735,59.969,-20.042,-75.979,53.341,10.694,-54.228,5.7259,13.963,30.815,79.797,88.681
81.687,53.313,-20.061,-69.668,50.098,6.6145,-56.189,2.1622,9.8623,26.422,70.737,81.794
75.545,46.633,-20.114,-63.319,46.987,2.8939,-57.612,-0.87059,6.2508,22.507,61.566,74.426
69.151,39.6,-20.182,-56.697,43.965,-0.01812,-58.563,-3.8698,3.0457,19.061,52.722,66.209
62.496,31.944,-20.224,-49.713,41.008,-1.9959,-59.127,-7.1395,0.17409,16.066,44.842,57.119
55.729,23.698,-20.183,-42.5,38.111,-3.2799,-59.312,-10.833,-2.4305,13.482,38.155,47.726
49.144,15.715,-20.007,-35.402,35.284,-4.1361,-59.026,-14.945,-4.8324,11.255,32.367,39.272
43.063,9.4495,-19.663,-28.85,32.537,-4.7072,-58.141,-19.305,-7.0956,9.3221,27.086,32.805
37.645,5.4979,-19.141,-23.187,29.869,-5.0581,-56.582,-23.643,-9.2778,7.6258,22.151,28.077
32.823,3.3633,-18.46,-18.597,27.267,-5.2393,-54.399,-27.696,-11.417,6.1235,17.618,24.058
28.48,2.3506,-17.663,-15.105,24.714,-5.3181,-51.799,-31.307,-13.513,4.7917,13.613,20.012
24.593,1.92,-16.803,-12.543,22.208,-5.3793,-49.123,-34.43,-15.527,3.6229,10.2,15.823
21.161,1.6676,-15.932,-10.598,19.784,-5.5106,-46.784,-37.089,-17.388,2.6192,7.3552,11.816
18.125,1.2984,-15.09,-8.9475,17.495,-5.7838,-45.152,-39.323,-19.024,1.7842,4.9983,8.3486
15.382,0.63435,-14.297,-7.3501,15.388,-6.236,-44.447,-41.167,-20.394,1.1151,3.0357,5.5183
12.83,-0.37984,-13.554,-5.6812,13.481,-6.859,-44.679,-42.66,-21.507,0.59537,1.3884,3.2105
10.427,-1.6922,-12.853,-3.9278,11.771,-7.6055,-45.622,-43.858,-22.416,0.18996,-0.0019224,1.2747
8.183,-3.179,-12.183,-2.1538,10.235,-8.411,-46.842,-44.851,-23.212,-0.15509,-1.1817,-0.39508
6.1233,-4.6948,-11.541,-0.44492,8.836,-9.2186,-47.814,-45.743,-23.991,-0.50505,-2.1986,-1.8624
4.2434,-6.1204,-10.93,1.1404,7.5262,-9.9944,-48.133,-46.618,-24.834,-0.9207,-3.1041,-3.1671
2.5143,-7.3863,-10.349,2.5814,6.2664,-10.726,-47.687,-47.503,-25.768,-1.4385,-3.9453,-4.3337
0.91996,-8.463,-9.7888,3.8689,5.0489,-11.407,-46.703,-48.348,-26.757,-2.0565,-4.7522,-5.372
-0.52015,-9.342,-9.2209,4.9838,3.8992,-12.014,-45.63,-49.045,-27.702,-2.7351,-5.531,-6.2796
-1.7716,-10.029,-8.6131,5.9094,2.8553,-12.508,-44.949,-49.478,-28.483,-3.4152,-6.2683,-7.051
-2.8195,-10.543,-7.9482,6.6521,1.9432,-12.845,-45.019,-49.563,-29.012,-4.0458,-6.9433,-7.689
-3.6822,-10.917,-7.2388,7.2438,1.1667,-13.011,-45.928,-49.279,-29.273,-4.6066,-7.5406,-8.2088
-4.3989,-11.181,-6.5199,7.7243,0.51074,-13.025,-47.469,-48.669,-29.323,-5.1143,-8.0583,-8.6314
-5.0054,-11.346,-5.8278,8.115,-0.047804,-12.925,-49.228,-47.821,-29.259,-5.6119,-8.5072,-8.9715
-5.5141,-11.393,-5.1819,8.404,-0.52942,-12.73,-50.689,-46.841,-29.176,-6.1492,-8.9084,-9.2305
-5.9138,-11.279,-4.5821,8.5551,-0.94765,-12.434,-51.326,-45.817,-29.136,-6.7702,-9.2921,-9.4034
-6.1933,-10.975,-4.0178,8.5408,-1.3138,-12.019,-50.748,-44.793,-29.164,-7.5054,-9.6974,-9.4933
-6.3693,-10.497,-3.4775,8.3771,-1.6457,-11.491,-48.839,-43.753,-29.261,-8.3708,-10.169,-9.5241
-6.4987,-9.9176,-2.9535,8.1341,-1.9714,-10.889,-45.782,-42.636,-29.413,-9.3677,-10.747,-9.5404
-6.6649,-9.3514,-2.4407,7.9184,-2.3244,-10.273,-41.955,-41.365,-29.593,-10.484,-11.458,-9.5932
-6.9533,-8.9237,-1.9315,7.8419,-2.7355,-9.7043,-37.839,-39.88,-29.768,-11.699,-12.302,-9.7211
-7.4277,-8.7394,-1.4138,7.9908,-3.2272,-9.221,-33.941,-38.167,-29.904,-12.996,-13.257,-9.9378
-8.1182,-8.8601,-0.87488,8.4062,-3.811,-8.8422,-30.649,-36.258,-29.983,-14.367,-14.287,-10.232
-9.0191,-9.2933,-0.3093,9.0781,-4.4889,-8.5785,-28.113,-34.204,-30.003,-15.823,-15.352,-10.58
-10.097,-9.9927,0.2779,9.9518,-5.2536,-8.4394,-26.243,-32.048,-29.971,-17.387,-16.421,-10.95
-11.29,-10.866,0.87348,10.939,-6.0877,-8.4228,-24.715,-29.802,-29.889,-19.083,-17.479,-11.315
-12.512,-11.789,1.4611,11.933,-6.9601,-8.5005,-23.034,-27.446,-29.752,-20.923,-18.52,-11.65
-13.658,-12.631,2.0254,12.822,-7.8225,-8.6144,-20.828,-24.955,-29.547,-22.891,-19.548,-11.938
-14.626,-13.28,2.5556,13.516,-8.6158,-8.6895,-18.163,-22.34,-29.27,-24.95,-20.569,-12.177
-15.358,-13.676,3.0493,13.978,-9.2911,-8.6612,-15.462,-19.673,-28.935,-27.053,-21.591,-12.379
-15.871,-13.837,3.5157,14.244,-9.8399,-8.5004,-13.164,-17.08,-28.568,-29.16,-22.619,-12.564
-16.261,-13.842,3.9736,14.407,-10.307,-8.2254,-11.492,-14.693,-28.205,-31.26,-23.653,-12.755
-16.653,-13.792,4.4416,14.568,-10.768,-7.8871,-10.431,-12.6,-27.874,-33.364,-24.692,-12.965
-17.129,-13.757,4.9268,14.783,-11.281,-7.5392,-9.8117,-10.814,-27.592,-35.498,-25.734,-13.202
-17.685,-13.733,5.4192,15.027,-11.857,-7.2104,-9.373,-9.2904,-27.362,-37.69,-26.779,-13.457
-18.23,-13.647,5.8977,15.2,-12.46,-6.8963,-8.8017,-7.9538,-27.186,-39.953,-27.828,-13.711
-18.635,-13.393,6.3457,15.181,-13.032,-6.568,-7.7867,-6.7314,-27.07,-42.278,-28.873,-13.937
-18.794,-12.893,6.7641,14.889,-13.527,-6.186,-6.123,-5.5692,-27.003,-44.619,-29.888,-14.097
-18.666,-12.13,7.174,14.315,-13.92,-5.7155,-3.8296,-4.4362,-26.947,-46.889,-30.828,-14.153
-18.287,-11.166,7.6068,13.534,-14.208,-5.147,-1.2064,-3.3225,-26.823,-48.977,-31.633,-14.079
-17.773,-10.147,8.0876,12.692,-14.418,-4.5231,1.2404,-2.2372,-26.546,-50.784,-32.25,-13.878
-17.302,-9.3004,8.6222,12.001,-14.599,-3.9465,3.0003,-1.2038,-26.063,-52.251,-32.652,-13.582
-17.063,-8.8692,9.1896,11.679,-14.807,-3.5459,3.7717,-0.25062,-25.382,-53.38,-32.843,-13.245
-17.175,-9.0058,9.747,11.86,-15.081,-3.4108,3.5756,0.60268,-24.568,-54.224,-32.858,-12.913
-17.63,-9.6868,10.244,12.516,-15.403,-3.5396,2.7437,1.3555,-23.709,-54.864,-32.742,-12.605
-18.272,-10.701,10.644,13.455,-15.7,-3.8344,1.8031,2.0265,-22.878,-55.385,-32.538,-12.307
-18.855,-11.716,10.937,14.375,-15.869,-4.1379,1.2918,2.6456,-22.116,-55.853,-32.281,-11.987
-19.142,-12.394,11.142,14.969,-15.834,-4.2904,1.5639,3.2418,-21.426,-56.307,-31.994,-11.62
-18.998,-12.504,11.296,15.037,-15.585,-4.1858,2.6757,3.8338,-20.782,-56.748,-31.688,-11.199
-18.438,-11.988,11.437,14.543,-15.19,-3.8037,4.3879,4.4267,-20.148,-57.146,-31.361,-10.742
-17.591,-10.963,11.59,13.607,-14.761,-3.2073,6.2666,5.0163,-19.489,-57.447,-30.995,-10.277
-16.639,-9.6509,11.761,12.438,-14.398,-2.5096,7.8439,5.5959,-18.775,-57.587,-30.553,-9.8234
-15.734,-8.3018,11.938,11.254,-14.149,-1.8302,8.776,6.1639,-17.983,-57.505,-29.978,-9.3798
-14.949,-7.1133,12.103,10.21,-13.982,-1.2601,8.9376,6.7254,-17.098,-57.153,-29.2,-8.9171
-14.26,-6.1905,12.24,9.3735,-13.802,-0.84241,8.4476,7.2871,-16.121,-56.505,-28.158,-8.3945
-13.592,-5.5477,12.331,8.7362,-13.493,-0.57056,7.6393,7.8503,-15.067,-55.568,-26.825,-7.7823
-12.874,-5.1395,12.363,8.2466,-12.977,-0.40389,6.9649,8.407,-13.962,-54.374,-25.23,-7.0798
-12.091,-4.8979,12.326,7.8506,-12.253,-0.29023,6.8421,8.944,-12.829,-52.97,-23.456,-6.3172
-11.298,-4.7585,12.22,7.5191,-11.406,-0.18341,7.4932,9.4485,-11.683,-51.39,-21.612,-5.5418
-10.593,-4.6767,12.051,7.2528,-10.571,-0.057039,8.856,9.909,-10.537,-49.647,-19.809,-4.8014
-10.063,-4.6314,11.829,7.0684,-9.8752,0.089192,10.599,10.313,-9.4119,-47.756,-18.125,-4.1304
-9.7485,-4.6132,11.56,6.9744,-9.3867,0.23717,12.252,10.644,-8.3382,-45.758,-16.598,-3.544
-9.6225,-4.6023,11.247,6.9488,-9.0994,0.36919,13.401,10.89,-7.3424,-43.723,-15.226,-3.0355
-9.5961,-4.557,10.895,6.9299,-8.9463,0.48303,13.829,11.046,-6.4316,-41.711,-13.974,-2.5788
-9.5462,-4.4265,10.514,6.8349,-8.829,0.58904,13.542,11.127,-5.5843,-39.739,-12.792,-2.1366
-9.3626,-4.1839,10.116,6.5987,-8.6531,0.69439,12.701,11.163,-4.7558,-37.763,-11.634,-1.6741
-8.9967,-3.8573,9.7067,6.2163,-8.3614,0.78468,11.529,11.195,-3.8914,-35.7,-10.47,-1.1717
-8.4899,-3.5425,9.2883,5.7632,-7.954,0.81724,10.25,11.26,-2.9435,-33.458,-9.2966,-0.6291
-7.9632,-3.3821,8.8595,5.3813,-7.4837,0.73517,9.0559,11.384,-1.8829,-30.966,-8.1249,-0.0599
-7.5612,-3.509,8.4224,5.2191,-7.026,0.49951,8.0884,11.578,-0.70128,-28.208,-6.9731,0.51895
-7.3758,-3.9717,7.984,5.3562,-6.6369,0.12053,7.432,11.829,0.59221,-25.241,-5.8498,1.0953
-7.3917,-4.6891,7.5518,5.7492,-6.3216,-0.33183,7.1097,12.117,1.9772,-22.191,-4.7471,1.6652
-7.478,-5.4534,7.1271,6.2277,-6.0311,-0.74224,7.0976,12.415,3.4279,-19.218,-3.6437,2.2331
-7.4265,-5.978,6.7037,6.535,-5.6853,-0.97891,7.3506,12.705,4.9169,-16.458,-2.5131,2.8105
-7.0199,-5.9778,6.2757,6.4042,-5.2097,-0.9311,7.8238,12.973,6.4131,-13.979,-1.3371,3.4118
-6.1114,-5.2608,5.8486,5.6456,-4.5645,-0.54216,8.4765,13.209,7.8844,-11.785,-0.11414,4.0476
-4.6809,-3.795,5.4426,4.2173,-3.7598,0.17451,9.2645,13.406,9.301,-9.8259,1.1393,4.7177
-2.8485,-1.7266,5.0852,2.2468,-2.8521,1.1396,10.13,13.559,10.643,-8.0289,2.3936,5.4069
-0.83623,0.65893,4.7983,-0.0021387,-1.9261,2.2282,10.99,13.667,11.906,-6.3149,3.6177,6.0861
1.0991,3.0125,4.5878,-2.2045,-1.0689,3.2973,11.742,13.738,13.105,-4.6202,4.7926,6.7177
2.7328,5.0076,4.4438,-4.0591,-0.34556,4.214,12.27,13.785,14.263,-2.9063,5.9189,7.2669
3.9203,6.4123,4.3481,-5.3574,0.21171,4.8818,12.47,13.818,15.401,-1.1585,7.0176,7.7123
4.6184,7.132,4.2809,-6.021,0.604,5.2591,12.282,13.841,16.528,0.62034,8.1244,8.0547
4.8819,7.2142,4.2248,-6.1037,0.85857,5.3642,11.704,13.849,17.635,2.4117,9.2758,8.3174
4.8382,6.8184,4.1626,-5.7621,1.0184,5.2668,10.789,13.831,18.703,4.1818,10.496,8.5387
4.6451,6.1619,4.0761,-5.2051,1.129,5.0654,9.6383,13.773,19.701,5.8864,11.783,8.7565
4.4386,5.4561,3.9492,-4.6248,1.2243,4.849,8.3844,13.663,20.6,7.4848,13.098,8.9903
4.281,4.836,3.7722,-4.1343,1.3133,4.6559,7.1879,13.492,21.376,8.9575,14.376,9.2295
4.1411,4.3057,3.5448,-3.7213,1.3777,4.4522,6.2221,13.256,22.016,10.31,15.537,9.4332
3.923,3.7419,3.2732,-3.2678,1.3869,4.1605,5.6443,12.957,22.521,11.572,16.518,9.5463
3.5463,3.0017,2.9632,-2.6514,1.3238,3.7278,5.5485,12.607,22.905,12.783,17.289,9.5252
3.0017,2.0423,2.6135,-1.8455,1.2008,3.1588,5.9188,12.227,23.189,13.972,17.865,9.3614
2.3475,0.92745,2.2165,-0.91588,1.0571,2.4942,6.6156,11.841,23.393,15.149,18.297,9.0937
1.6737,-0.23275,1.7621,0.028195,0.94342,1.7851,7.4053,11.467,23.53,16.296,18.646,8.7926
1.0764,-1.3143,1.2453,0.86841,0.90449,1.0826,8.0226,11.118,23.595,17.374,18.962,8.5289
0.63982,-2.1944,0.67027,1.4962,0.96698,0.43774,8.2493,10.797,23.574,18.334,19.266,8.3454
0.41893,-2.7775,0.052509,1.8398,1.1335,-0.10503,7.9874,10.501,23.455,19.133,19.556,8.242
0.4221,-3.0271,-0.58084,1.8869,1.3837,-0.51736,7.2999,10.229,23.24,19.761,19.813,8.1859
0.60816,-2.9822,-1.1952,1.6914,1.6816,-0.79697,6.3985,9.9798,22.956,20.25,20.016,8.1283
0.89301,-2.7511,-1.7578,1.3628,1.9846,-0.9729,5.5811,9.7527,22.642,20.665,20.15,8.0269
1.1678,-2.4925,-2.2492,1.0447,2.2539,-1.1035,5.135,9.5424,22.335,21.079,20.207,7.859
1.3181,-2.3799,-2.67,0.88614,2.4586,-1.2655,5.2412,9.3388,22.048,21.54,20.196,7.6254
1.2548,-2.559,-3.0367,1.0057,2.5819,-1.5293,5.9085,9.1291,21.77,22.055,20.13,7.3489
0.94401,-3.0962,-3.3703,1.4487,2.6257,-1.9282,6.9608,8.9042,21.474,22.593,20.02,7.0665
0.42345,-3.9454,-3.6834,2.1643,2.6104,-2.4369,8.0839,8.6615,21.131,23.106,19.863,6.8149
-0.20566,-4.9506,-3.9724,3.0131,2.566,-2.9732,8.9204,8.4041,20.724,23.546,19.637,6.6123
-0.81284,-5.8909,-4.216,3.8092,2.517,-3.4229,9.1867,8.1369,20.246,23.877,19.303,6.4471
-1.2864,-6.5517,-4.3808,4.3808,2.4685,-3.6798,8.7742,7.8632,19.695,24.077,18.82,6.2788
-1.5709,-6.794,-4.4348,4.6276,2.4032,-3.6846,7.7927,7.5831,19.074,24.141,18.161,6.0568
-1.6781,-6.5932,-4.3648,4.5466,2.296,-3.4457,6.5349,7.2948,18.388,24.075,17.32,5.7402
-1.6564,-6.0342,-4.1884,4.2153,2.1423,-3.0328,5.3751,6.9959,17.645,23.899,16.328,5.3148
-1.5532,-5.2697,-3.952,3.7473,1.9694,-2.5499,4.6372,6.6871,16.861,23.638,15.253,4.8008
-1.3955,-4.4699,-3.7131,3.2511,1.8259,-2.1024,4.4811,6.3742,16.06,23.321,14.175,4.2462
-1.2017,-3.7846,-3.516,2.811,1.7514,-1.7707,4.8528,6.065,15.271,22.973,13.157,3.7058
-1.0047,-3.324,-3.3742,2.4926,1.7524,-1.5949,5.5174,5.7658,14.517,22.598,12.22,3.2219
-0.85852,-3.1501,-3.2674,2.3466,1.7979,-1.5725,6.1543,5.4779,13.809,22.189,11.344,2.8127
-0.8208,-3.2694,-3.1563,2.3988,1.8363,-1.6679,6.4682,5.1985,13.154,21.733,10.486,2.4726
-0.9223,-3.6277,-3.0051,2.6339,1.8215,-1.8251,6.2747,4.9231,12.544,21.224,9.6095,2.1806
-1.1455,-4.1189,-2.8025,2.9892,1.7359,-1.983,5.5446,4.6479,11.968,20.664,8.6954,1.9065
-1.4226,-4.6048,-2.5659,3.3631,1.5987,-2.0885,4.4092,4.3717,11.404,20.062,7.7494,1.6207
-1.6536,-4.9433,-2.3306,3.6368,1.4579,-2.1049,3.1263,4.0965,10.829,19.436,6.8012,1.304
-1.7369,-5.015,-2.1321,3.7029,1.3675,-2.0138,2.0029,3.8284,10.227,18.802,5.8941,0.9572
-1.599,-4.7515,-1.9918,3.4934,1.3663,-1.8115,1.2887,3.5771,9.5989,18.169,5.0713,0.60361
-1.2224,-4.1548,-1.9095,2.9998,1.4618,-1.5106,1.0868,3.3531,8.9627,17.539,4.3611,0.27939
-0.66171,-3.3069,-1.8658,2.2872,1.6246,-1.1406,1.3217,3.1597,8.3375,16.902,3.7686,0.017682
-0.038211,-2.3578,-1.8335,1.4875,1.7971,-0.74789,1.7789,2.9894,7.7338,16.241,3.2767,-0.16513
0.49207,-1.493,-1.7927,0.76999,1.9143,-0.39035,2.1889,2.8268,7.1445,15.531,2.8542,-0.27477
0.79022,-0.88546,-1.7425,0.29291,1.9296,-0.12781,2.3191,2.6559,6.5581,14.752,2.4707,-0.33575
0.78305,-0.64931,-1.703,0.15425,1.8332,-0.0085002,2.0435,2.4664,5.9696,13.905,2.1066,-0.38046
0.48622,-0.8118,-1.707,0.36342,1.6556,-0.056476,1.376,2.2549,5.3863,13.022,1.7603,-0.43758
-0.0072104,-1.3134,-1.7846,0.84491,1.4548,-0.26536,0.45633,2.0232,4.827,12.159,1.4488,-0.51918
-0.5666,-2.0356,-1.9485,1.4726,1.2912,-0.60262,-0.49773,1.7792,4.3148,11.371,1.195,-0.61594
-1.0757,-2.8461,-2.1848,2.1196,1.203,-1.0241,-1.2514,1.5346,3.8672,10.696,1.0133,-0.7034
-1.4756,-3.6422,-2.4563,2.7026,1.1878,-1.4905,-1.6079,1.3012,3.4876,10.127,0.89862,-0.7561
-1.7771,-4.3726,-2.7199,3.2003,1.2073,-1.9787,-1.4511,1.0849,3.1616,9.6283,0.82572,-0.76056
-2.0328,-5.0302,-2.9477,3.6376,1.2137,-2.4794,-0.77341,0.88235,2.8602,9.1453,0.75981,-0.7197
-2.2881,-5.6234,-3.1386,4.0486,1.1827,-2.9857,0.32212,0.68273,2.5511,8.6336,0.67122,-0.64945
-2.5489,-6.1494,-3.3094,4.4442,1.1237,-3.4793,1.6551,0.47394,2.2087,8.0718,0.54266,-0.57197
-2.7875,-6.5871,-3.4767,4.8067,1.0642,-3.9265,3.0301,0.24989,1.8256,7.4687,0.37284,-0.50852
-2.9695,-6.9084,-3.6453,5.1048,1.0291,-4.2838,4.296,0.01575,1.4144,6.8587,0.17463,-0.47345
-3.0753,-7.0916,-3.8077,5.312,1.0291,-4.5095,5.3741,-0.21205,1.0023,6.2887,-0.02864,-0.47148
-3.1039,-7.1286,-3.9503,5.4138,1.0606,-4.5754,6.2481,-0.41346,0.62034,5.7987,-0.20992,-0.49922
-3.066,-7.0236,-4.0594,5.4057,1.1104,-4.475,6.9275,-0.57877,0.28865,5.4048,-0.34891,-0.54882
-2.9762,-6.7903,-4.1249,5.2901,1.1622,-4.2273,7.4078,-0.71994,0.0049508,5.0903,-0.44232,-0.61152
-2.8451,-6.4485,-4.1425,5.0735,1.2035,-3.873,7.6491,-0.86854,-0.25676,4.8111,-0.50634,-0.68046
-2.6726,-6.0178,-4.1135,4.762,1.231,-3.4627,7.5904,-1.0598,-0.53431,4.5144,-0.56836,-0.75324
-2.4459,-5.512,-4.0416,4.3585,1.2525,-3.042,7.1851,-1.3148,-0.85932,4.1589,-0.65453,-0.83451
-2.1508,-4.942,-3.9275,3.8686,1.2795,-2.6419,6.4397,-1.6323,-1.245,3.7289,-0.78294,-0.93827
-1.7927,-4.3285,-3.7686,3.3149,1.3153,-2.2798,5.4332,-1.9938,-1.6861,3.2344,-0.96493,-1.0876
-1.4114,-3.7149,-3.5649,2.7467,1.3485,-1.966,4.308,-2.3736,-2.1679,2.7035,-1.2076,-1.3092
-1.0736,-3.1662,-3.3255,2.2349,1.3565,-1.7105,3.2351,-2.7465,-2.6736,2.1699,-1.5106,-1.6208
-0.84962,-2.7543,-3.0682,1.8527,1.3175,-1.5231,2.3709,-3.0884,-3.1847,1.6644,-1.8581,-2.0171
-0.79176,-2.5404,-2.8124,1.6579,1.2188,-1.4116,1.8226,-3.3781,-3.6789,1.208,-2.2158,-2.4647
-0.92652,-2.5654,-2.5721,1.6871,1.0587,-1.3809,1.6265,-3.603,-4.1329,0.80668,-2.5391,-2.9105
-1.2548,-2.8467,-2.3537,1.9545,0.84399,-1.4333,1.7418,-3.7675,-4.5308,0.44821,-2.7887,-3.3012
-1.7535,-3.3724,-2.1569,2.4489,0.58654,-1.5664,2.0592,-3.8945,-4.8726,0.10614,-2.9457,-3.6035
-2.3761,-4.0937,-1.9752,3.1268,0.30124,-1.7683,2.4301,-4.0165,-5.1729,-0.24764,-3.0164,-3.8151
-3.0564,-4.9238,-1.7983,3.9111,0.0047046,-2.0125,2.7119,-4.1608,-5.4506,-0.62648,-3.0246,-3.9611
-3.7158,-5.7465,-1.6157,4.6987,-0.2847,-2.2579,2.8052,-4.3365,-5.7153,-1.0169,-2.9971,-4.0786
-4.2719,-6.4317,-1.4212,5.3738,-0.54637,-2.4536,2.6533,-4.531,-5.9589,-1.3783,-2.9499,-4.1991
-4.6477,-6.855,-1.2135,5.8238,-0.75834,-2.5475,2.2148,-4.7159,-6.1593,-1.6589,-2.8856,-4.3355
-4.7844,-6.9199,-0.99498,5.9601,-0.90169,-2.4969,1.4523,-4.8604,-6.2936,-1.8213,-2.8018,-4.4779
-4.6593,-6.5842,-0.76897,5.743,-0.96827,-2.2806,0.36595,-4.9425,-6.355,-1.8657,-2.7035,-4.5984
-4.3032,-5.8799,-0.54014,5.2027,-0.96786,-1.9078,-0.95581,-4.9548,-6.3624,-1.8373,-2.6092,-4.6647
-3.8009,-4.9133,-0.31458,4.4422,-0.9285,-1.4189,-2.3202,-4.9013,-6.3538,-1.8116,-2.5453,-4.6575
-3.267,-3.8381,-0.099124,3.6092,-0.88726,-0.87399,-3.4754,-4.7895,-6.3695,-1.865,-2.5348,-4.5831
-2.8041,-2.8089,0.099323,2.8473,-0.87515,-0.33638,-4.1978,-4.6241,-6.4333,-2.0419,-2.5892,-4.4749
-2.47,-1.9421,0.2734,2.253,-0.90489,0.14093,-4.3775,-4.4029,-6.5397,-2.3343,-2.7058,-4.3792
-2.271,-1.3047,0.41497,1.8636,-0.96824,0.51817,-4.058,-4.1263,-6.6531,-2.6815,-2.8678,-4.334
-2.1821,-0.9266,0.51702,1.6745,-1.0433,0.76558,-3.4142,-3.7979,-6.7208,-2.9919,-3.0469,-4.3502
-2.1753,-0.82074,0.57782,1.6668,-1.1082,0.85977,-2.6802,-3.4287,-6.6927,-3.1762,-3.2094,-4.4083
-2.2433,-0.99865,0.6035,1.8312,-1.1554,0.78365,-2.058,-3.0381,-6.5417,-3.1804,-3.3287,-4.4736
-2.4084,-1.4721,0.60545,2.1758,-1.1987,0.53073,-1.6403,-2.6541,-6.2771,-3.007,-3.3974,-4.5204
-2.7095,-2.2385,0.59232,2.7153,-1.2666,0.1106,-1.3812,-2.3092,-5.9462,-2.7174,-3.4326,-4.5481
-3.1712,-3.2568,0.56273,3.4437,-1.3835,-0.44579,-1.1369,-2.0321,-5.621,-2.4122,-3.4707,-4.5803
-3.7677,-4.4196,0.50542,4.3011,-1.5496,-1.0788,-0.76555,-1.8375,-5.3731,-2.1947,-3.5547,-4.6489
-4.4,-5.5361,0.40784,5.1525,-1.7332,-1.6935,-0.22447,-1.7194,-5.2486,-2.1341,-3.7189,-4.7778
-4.9102,-6.3603,0.26778,5.8057,-1.88,-2.1689,0.41005,-1.6519,-5.2545,-2.2444,-3.9784,-4.9748
-5.1371,-6.6723,0.099888,6.0754,-1.9348,-2.3918,1.0085,-1.5962,-5.3599,-2.4865,-4.324,-5.2313
-4.9811,-6.3672,-0.067913,5.8576,-1.8623,-2.2995,1.4727,-1.5117,-5.5106,-2.7892,-4.7251,-5.5259
-4.4435,-5.4963,-0.20788,5.1712,-1.6587,-1.9108,1.7838,-1.3684,-5.6493,-3.079,-5.1357,-5.8297
-3.6276,-4.2577,-0.30745,4.1583,-1.3508,-1.3315,2.0094,-1.155,-5.7349,-3.3038,-5.5026,-6.112
-2.7105,-2.9522,-0.37496,3.0524,-0.98787,-0.73137,2.2701,-0.87973,-5.7509,-3.4436,-5.7752,-6.3459
-1.8947,-1.9083,-0.43255,2.1173,-0.6281,-0.2929,2.6751,-0.56404,-5.703,-3.5085,-5.9165,-6.5124
-1.3467,-1.3837,-0.50316,1.5674,-0.32072,-0.14253,3.2545,-0.23256,-5.6112,-3.5276,-5.9117,-6.6042
-1.142,-1.4739,-0.59959,1.4967,-0.089923,-0.29955,3.929,0.093886,-5.5025,-3.5366,-5.7727,-6.6272
-1.2371,-2.0684,-0.71942,1.8399,0.070981,-0.67088,4.5348,0.39954,-5.4057,-3.5649,-5.5357,-6.6002
-1.4829,-2.8782,-0.84582,2.3847,0.19174,-1.088,4.8949,0.67145,-5.3489,-3.6299,-5.2521,-6.5517
-1.6804,-3.5318,-0.95381,2.8424,0.30861,-1.3658,4.8985,0.89597,-5.3574,-3.7379,-4.9727,-6.5129
-1.6597,-3.7161,-1.0211,2.9611,0.44746,-1.3674,4.5473,1.0645,-5.4489,-3.8888,-4.7388,-6.5103
-1.3518,-3.3021,-1.04,2.6309,0.61284,-1.0566,3.9493,1.175,-5.6251,-4.0791,-4.5724,-6.5585
-0.81786,-2.3844,-1.0238,1.9233,0.78616,-0.5072,3.2683,1.2343,-5.8734,-4.3033,-4.4741,-6.6555
-0.22061,-1.2291,-1.0037,1.0539,0.9333,0.13022,2.6591,1.2559,-6.1683,-4.5544,-4.4283,-6.7817
0.24102,-0.18185,-1.0157,0.30112,1.0168,0.67396,2.2146,1.2536,-6.4801,-4.8251,-4.4126,-6.9051
0.39701,0.42401,-1.0845,-0.082165,1.0047,0.94648,1.9465,1.2361,-6.7862,-5.1101,-4.408,-6.9932
0.14699,0.36311,-1.2101,0.060844,0.87333,0.82443,1.8025,1.2053,-7.0739,-5.4052,-4.405,-7.0277
-0.5203,-0.40743,-1.3649,0.75277,0.611,0.29264,1.7065,1.161,-7.3344,-5.702,-4.4005,-7.0133
-1.5232,-1.7478,-1.5051,1.8825,0.22626,-0.5526,1.6009,1.1065,-7.5521,-5.9807,-4.3908,-6.9732
-2.7084,-3.3983,-1.5903,3.2448,-0.2473,-1.5429,1.4751,1.052,-7.7009,-6.2087,-4.3645,-6.9341
-3.8985,-5.0664,-1.6024,4.608,-0.75772,-2.4939,1.3699,1.0068,-7.7532,-6.3508,-4.3046,-6.9104
-4.9499,-6.5127,-1.5527,5.7866,-1.2518,-3.2661,1.3585,0.96912,-7.6953,-6.3848,-4.1969,-6.8978
-5.7907,-7.6058,-1.4712,6.6865,-1.6924,-3.8003,1.5116,0.9222,-7.5377,-6.3176,-4.0397,-6.8768
-6.4235,-8.3244,-1.3885,7.3063,-2.0655,-4.1058,1.8588,0.84281,-7.3113,-6.1793,-3.8456,-6.822
-6.8939,-8.7133,-1.3211,7.6999,-2.3759,-4.2303,2.363,0.71518,-7.0545,-6.0099,-3.6349,-6.7126
-7.2501,-8.8407,-1.2672,7.9316,-2.6366,-4.2366,2.9194,0.54069,-6.8005,-5.8461,-3.4261,-6.5397
-7.5199,-8.7781,-1.2104,8.0483,-2.8613,-4.1825,3.3801,0.33689,-6.571,-5.7142,-3.2317,-6.3099
-7.7094,-8.5822,-1.1277,8.071,-3.0613,-4.0951,3.5951,0.1283,-6.3766,-5.6274,-3.0588,-6.045
-7.8109,-8.2767,-1.0009,7.9959,-3.2432,-3.9606,3.4605,-0.063315,-6.2201,-5.5861,-2.9108,-5.7765
-7.8096,-7.8549,-0.82515,7.8055,-3.4054,-3.7424,2.9553,-0.2238,-6.0949,-5.5773,-2.7871,-5.5358
-7.6919,-7.3025,-0.61164,7.4846,-3.5365,-3.4131,2.1528,-0.34676,-5.9864,-5.5768,-2.6846,-5.3436
-7.4558,-6.6242,-0.38319,7.0374,-3.6197,-2.9745,1.2036,-0.43104,-5.8755,-5.5562,-2.596,-5.2017
-7.1188,-5.8582,-0.16536,6.4969,-3.6417,-2.4606,0.29615,-0.47648,-5.7457,-5.4904,-2.5137,-5.0924
-6.7203,-5.0736,0.021469,5.9214,-3.6001,-1.927,-0.39877,-0.47867,-5.5849,-5.3648,-2.4301,-4.9858
-6.3113,-4.3581,0.16621,5.3819,-3.5062,-1.4379,-0.78378,-0.42598,-5.389,-5.1805,-2.3379,-4.854
-5.9413,-3.7989,0.26749,4.9454,-3.3802,-1.0537,-0.86447,-0.30205,-5.1587,-4.9528,-2.2328,-4.6849
-5.6475,-3.4681,0.33122,4.6629,-3.2439,-0.8204,-0.73092,-0.094571,-4.8943,-4.7108,-2.1145,-4.4865
-5.4535,-3.4097,0.36659,4.5633,-3.116,-0.75984,-0.50443,0.19251,-4.5966,-4.4911,-1.9916,-4.2842
-5.3752,-3.6327,0.38211,4.654,-3.0129,-0.8653,-0.28226,0.52991,-4.275,-4.3288,-1.8843,-4.1129
-5.4265,-4.1074,0.38334,4.9225,-2.9495,-1.1036,-0.095786,0.86577,-3.9561,-4.2489,-1.8257,-4.0075
-5.6077,-4.7598,0.3728,5.3289,-2.9364,-1.4208,0.11237,1.1405,-3.6827,-4.2604,-1.8552,-3.9918
-5.8826,-5.4638,0.35173,5.7912,-2.9697,-1.7464,0.47017,1.3101,-3.4962,-4.352,-2.0044,-4.0687
-6.164,-6.0468,0.32175,6.1812,-3.0233,-1.9998,1.1089,1.3645,-3.4178,-4.4968,-2.2792,-4.2154
-6.3324,-6.3309,0.28456,6.3543,-3.0549,-2.1054,2.0684,1.3299,-3.4377,-4.6526,-2.6505,-4.3886
-6.286,-6.1998,0.2408,6.2075,-3.0241,-2.0167,3.2123,1.2567,-3.5198,-4.7829,-3.0608,-4.5381
-5.9898,-5.6485,0.19055,5.7266,-2.9133,-1.7373,4.217,1.1966,-3.6175,-4.8737,-3.445,-4.622
-5.4957,-4.7926,0.13555,5.0005,-2.7384,-1.3254,4.682,1.1805,-3.6902,-4.9388,-3.7553,-4.6209
-4.9284,-3.8382,0.079803,4.1986,-2.5433,-0.88044,4.3159,1.2097,-3.7125,-5.0097,-3.978,-4.5448
-4.4429,-3.0243,0.02811,3.522,-2.3824,-0.5151,3.0988,1.2628,-3.6747,-5.1128,-4.1338,-4.4298
-4.1731,-2.5542,-0.015342,3.1428,-2.3007,-0.32125,1.3324,1.3144,-3.5763,-5.2491,-4.2629,-4.324
-4.1879,-2.5349,-0.046584,3.15,-2.318,-0.34064,-0.45677,1.348,-3.4231,-5.3878,-4.4014,-4.2664
-4.4705,-2.9463,-0.06181,3.5228,-2.4245,-0.55253,-1.722,1.3629,-3.2238,-5.4784,-4.561,-4.2698
-4.9254,-3.649,-0.059714,4.1381,-2.5846,-0.88369,-2.109,1.37,-2.9918,-5.4757,-4.7229,-4.3157
-5.4119,-4.4332,-0.044745,4.8116,-2.7493,-1.2359,-1.5783,1.3802,-2.7507,-5.366,-4.8497,-4.3662
-5.7931,-5.087,-0.027426,5.3612,-2.8751,-1.5194,-0.39413,1.3933,-2.5383,-5.1819,-4.9088,-4.3863
-5.9891,-5.4622,-0.019516,5.6671,-2.9428,-1.6791,1.001,1.3944,-2.4043,-4.9942,-4.8925,-4.3631
-6.0052,-5.5115,-0.026892,5.7074,-2.9666,-1.703,2.1679,1.3602,-2.399,-4.89,-4.824,-4.3119
-5.9212,-5.2877,-0.046515,5.5524,-2.9863,-1.6154,2.8388,1.2711,-2.5545,-4.9339,-4.7472,-4.2682
-5.8475,-4.9139,-0.070648,5.3241,-3.0447,-1.4628,3.0079,1.1227,-2.8668,-5.1377,-4.7046,-4.2673
-5.8683,-4.5364,-0.094177,5.1418,-3.1606,-1.3012,2.9043,0.93161,-3.2881,-5.4527,-4.7167,-4.3256
-6.0064,-4.2791,-0.11814,5.0816,-3.318,-1.1839,2.8637,0.73357,-3.7374,-5.7871,-4.7733,-4.4324
-6.2326,-4.2196,-0.14725,5.1738,-3.4761,-1.1498,3.1496,0.57216,-4.1226,-6.042,-4.8369,-4.555
-6.5119,-4.4024,-0.1849,5.4319,-3.5999,-1.2223,3.8068,0.47956,-4.3755,-6.1508,-4.8603,-4.6564
-6.8458,-4.8565,-0.23057,5.874,-3.6862,-1.4165,4.6361,0.45903,-4.4787,-6.1038,-4.8089,-4.7129
-7.2676,-5.5829,-0.28123,6.5094,-3.7623,-1.7381,5.2937,0.48174,-4.4697,-5.9521,-4.6765,-4.7221
-7.792,-6.5181,-0.33532,7.3004,-3.8577,-2.166,5.4407,0.50169,-4.42,-5.7804,-4.4859,-4.699
-8.3617,-7.5082,-0.3958,8.1307,-3.9711,-2.6379,4.8894,0.47878,-4.4019,-5.6685,-4.2775,-4.6647
-8.8371,-8.3206,-0.46973,8.8094,-4.0602,-3.0525,3.7126,0.39707,-4.458,-5.6575,-4.0923,-4.6359
-9.0403,-8.7097,-0.56441,9.1254,-4.0579,-3.2952,2.2506,0.27059,-4.5883,-5.7338,-3.9588,-4.6179
-8.8316,-8.5095,-0.68262,8.9286,-3.9052,-3.2783,0.98311,0.13616,-4.7544,-5.8394,-3.8863,-4.6045
-8.1739,-7.7029,-0.82098,8.1933,-3.5803,-2.9798,0.32956,0.035446,-4.9004,-5.8999,-3.8677,-4.5821
-7.1621,-6.4396,-0.97279,7.0428,-3.1153,-2.4612,0.47893,-0.0029164,-4.979,-5.8603,-3.8885,-4.5393
-6.0072,-5.0027,-1.1315,5.7264,-2.5906,-1.8542,1.324,0.022618,-4.9734,-5.7094,-3.9386,-4.4751
-4.9752,-3.7289,-1.2899,4.5496,-2.1122,-1.318,2.5213,0.088182,-4.9026,-5.4841,-4.0186,-4.4022
-4.2952,-2.8966,-1.4364,3.7708,-1.7759,-0.98331,3.6399,0.16058,-4.8059,-5.25,-4.1361,-4.3387
-4.0667,-2.6219,-1.5514,3.5009,-1.6282,-0.9045,4.3349,0.21822,-4.7168,-5.069,-4.2937,-4.2928
-4.2157,-2.8184,-1.611,3.6589,-1.6464,-1.0412,4.4677,0.26535,-4.6371,-4.9674,-4.4779,-4.2485
-4.5332,-3.2485,-1.593,4.019,-1.7508,-1.2763,4.1181,0.32987,-4.5276,-4.921,-4.6542,-4.1644
-4.7793,-3.6327,-1.4821,4.3205,-1.848,-1.4627,3.505,0.45754,-4.3209,-4.8649,-4.7752,-3.99
-4.7849,-3.7538,-1.2659,4.3717,-1.878,-1.4802,2.8781,0.68889,-3.9519,-4.7231,-4.7988,-3.6911
-4.5117,-3.5212,-0.92682,4.1102,-1.8429,-1.2761,2.4383,1.0402,-3.3884,-4.4411,-4.7073,-3.27
-4.0638,-2.978,-0.43432,3.6148,-1.811,-0.86083,2.3095,1.4955,-2.6423,-4.0068,-4.5103,-2.7644
-3.6462,-2.2409,0.2549,3.0603,-1.8885,-0.25126,2.5423,2.0165,-1.7624,-3.4486,-4.237,-2.2289
-3.4648,-1.3909,1.1887,2.622,-2.1646,0.60393,3.1193,2.5636,-0.80748,-2.8171,-3.9166,-1.7059
-3.6101,-0.40328,2.4031,2.3713,-2.6587,1.8121,3.9676,3.1156,0.17776,-2.1613,-3.5621,-1.2034
-3.9976,0.83208,3.9072,2.2198,-3.304,3.4173,4.9994,3.6752,1.1744,-1.5102,-3.1661,-0.68879
-4.3971,2.4971,5.6763,1.9312,-3.9752,5.4504,6.164,4.2592,2.1832,-0.86956,-2.7114,-0.10834
-4.5178,4.8795,7.6443,1.1847,-4.5379,8.0674,7.4594,4.8839,3.2109,-0.23037,-2.1859,0.58168
-4.1127,8.2988,9.703,-0.31251,-4.8934,11.423,8.8922,5.5552,4.2603,0.42,-1.5911,1.3889
-3.0667,12.888,11.723,-2.6936,-5.0043,15.527,10.422,6.2668,5.3298,1.0915,-0.941,2.2771
-1.4373,18.419,13.582,-5.845,-4.8952,20.235,11.932,7.0055,6.4206,1.792,-0.25382,3.1786
0.56997,24.346,15.182,-9.4276,-4.6309,25.27,13.248,7.7574,7.5437,2.5321,0.45853,4.0211
2.6836,30.012,16.449,-13.009,-4.2832,30.212,14.186,8.5149,8.7247,3.3323,1.2025,4.7614
4.6746,34.871,17.329,-16.23,-3.8969,34.529,14.632,9.2795,10.002,4.2286,2.0107,5.412
6.4369,38.638,17.785,-18.928,-3.4719,37.77,14.595,10.059,11.418,5.2706,2.9408,6.045
8.0088,41.341,17.808,-21.157,-2.9669,39.76,14.219,10.855,12.997,6.5109,4.0606,6.7677
9.5378,43.248,17.437,-23.132,-2.3274,40.566,13.73,11.648,14.727,7.9853,5.4265,7.6826
11.215,44.684,16.755,-25.117,-1.5187,40.365,13.34,12.389,16.547,9.6923,7.0621,8.8538
13.198,45.878,15.867,-27.298,-0.54689,39.41,13.167,13.007,18.36,11.586,8.9447,10.292
15.551,46.918,14.878,-29.705,0.54632,38.059,13.204,13.434,20.067,13.599,11.011,11.963
18.237,47.825,13.86,-32.245,1.7086,36.656,13.355,13.645,21.612,15.68,13.186,13.812
21.191,48.706,12.84,-34.841,2.9067,35.348,13.505,13.669,23.015,17.836,15.435,15.809
24.404,49.816,11.819,-37.524,4.1455,34.182,13.569,13.575,24.357,20.132,17.782,17.967
27.916,51.432,10.791,-40.37,5.4717,33.412,13.5,13.435,25.737,22.65,20.298,20.343
31.738,53.673,9.755,-43.401,6.9634,33.464,13.273,13.295,27.215,25.436,23.052,22.993
35.783,56.477,8.7119,-46.6,8.713,34.537,12.864,13.155,28.773,28.459,26.053,25.919
39.899,59.692,7.6871,-49.941,10.796,36.459,12.245,12.976,30.31,31.594,29.216,29.036
43.954,63.187,6.7364,-53.399,13.218,38.887,11.394,12.692,31.667,34.65,32.377,32.196
47.879,66.903,5.9211,-56.946,15.869,41.518,10.313,12.246,32.68,37.412,35.338,35.234
51.664,70.836,5.2661,-60.568,18.558,44.153,9.0174,11.611,33.23,39.705,37.927,38.014
55.335,74.993,4.738,-64.269,21.123,46.648,7.507,10.802,33.283,41.449,40.059,40.464
58.933,79.325,4.2596,-68.059,23.494,48.816,5.7404,9.8588,32.892,42.687,41.743,42.571
62.485,83.67,3.7383,-71.922,25.683,50.357,3.6431,8.8214,32.166,43.543,43.066,44.37
65.969,87.707,3.0904,-75.768,27.734,50.95,1.1185,7.7135,31.216,44.143,44.121,45.913
69.282,90.93,2.2627,-79.39,29.676,50.455,-1.9365,6.5408,30.117,44.55,44.955,47.237
72.218,92.716,1.2412,-82.426,31.49,49.015,-5.5715,5.3016,28.892,44.743,45.55,48.349
74.492,92.582,0.044217,-84.384,33.099,46.923,-9.6955,3.9981,27.529,44.65,45.839,49.228
75.806,90.514,-1.2879,-84.798,34.389,44.424,-14.063,2.6454,26.017,44.189,45.744,49.838
75.944,86.908,-2.6886,-83.437,35.251,41.665,-18.379,1.275,24.364,43.326,45.21,50.15
74.821,82.229,-4.0574,-80.411,35.617,38.763,-22.386,-0.067599,22.602,42.101,44.23,50.171
72.505,76.877,-5.2811,-76.143,35.479,35.841,-25.848,-1.3364,20.769,40.616,42.852,49.966
69.234,71.211,-6.2926,-71.206,34.887,32.978,-28.534,-2.5076,18.883,38.985,41.155,49.63
65.344,65.504,-7.1166,-66.065,33.914,30.155,-30.31,-3.5983,16.926,37.261,39.218,49.225
61.086,59.878,-7.8359,-60.893,32.616,27.223,-31.226,-4.6647,14.854,35.396,37.09,48.747
56.51,54.29,-8.5081,-55.599,31.017,23.895,-31.455,-5.78,12.626,33.26,34.775,48.121
51.545,48.562,-9.1233,-49.998,29.112,19.835,-31.132,-7.0049,10.236,30.723,32.241,47.233
46.113,42.435,-9.6251,-43.956,26.885,15.085,-30.256,-8.3649,7.7366,27.741,29.445,45.957
40.198,35.674,-9.9519,-37.458,24.325,10.472,-28.696,-9.8384,5.2166,24.388,26.372,44.172
33.863,28.296,-10.066,-30.607,21.449,6.8837,-26.315,-11.355,2.7716,20.835,23.077,41.782
27.296,20.814,-9.9595,-23.656,18.328,4.4202,-23.124,-12.809,0.47503,17.317,19.689,38.745
20.863,14.089,-9.6512,-17.056,15.11,2.7455,-19.348,-14.088,-1.6286,14.059,16.375,35.111
15.013,8.7028,-9.1833,-11.309,12,1.5611,-15.373,-15.117,-3.5214,11.21,13.276,31.041
10.046,4.6621,-8.6206,-6.6698,9.186,0.68247,-11.641,-15.878,-5.2123,8.805,10.456,26.77
6.0137,1.6614,-8.042,-3.0698,6.7713,-0.013535,-8.5369,-16.416,-6.7402,6.779,7.897,22.533
2.8025,-0.62043,-7.5186,-0.29677,4.77,-0.61949,-6.2773,-16.813,-8.1695,5.0119,5.5352,18.501
0.24839,-2.4214,-7.0891,1.8591,3.1413,-1.2005,-4.8641,-17.156,-9.5734,3.3836,3.3091,14.772
-1.8052,-3.8971,-6.7477,3.5603,1.8188,-1.7898,-4.1241,-17.522,-11.015,1.8163,1.1964,11.403
-3.4939,-5.1451,-6.451,4.9312,0.72642,-2.3889,-3.803,-17.975,-12.536,0.28586,-0.78669,8.4531
-4.9414,-6.2335,-6.1395,6.0807,-0.21547,-2.9747,-3.6647,-18.579,-14.159,-1.1953,-2.6169,5.9725
-6.2691,-7.2202,-5.7619,7.116,-1.0862,-3.5142,-3.5769,-19.398,-15.889,-2.6039,-4.2965,3.9475
-7.5894,-8.1543,-5.2959,8.1333,-1.9568,-3.9815,-3.553,-20.497,-17.728,-3.9243,-5.8618,2.2896
-8.982,-9.0643,-4.7551,9.1961,-2.878,-4.3686,-3.7301,-21.924,-19.673,-5.1532,-7.3712,0.88409
-10.479,-9.9498,-4.1785,10.321,-3.8747,-4.6844,-4.2906,-23.677,-21.714,-6.298,-8.8867,-0.36238
-12.067,-10.785,-3.6061,11.479,-4.955,-4.9417,-5.3612,-25.682,-23.827,-7.373,-10.456,-1.5037
-13.708,-11.534,-3.0553,12.618,-6.1263,-5.1456,-6.9282,-27.794,-25.965,-8.3964,-12.098,-2.5571
-15.356,-12.167,-2.5129,13.688,-7.4034,-5.2886,-8.8082,-29.846,-28.06,-9.3894,-13.791,-3.5174
-16.982,-12.682,-1.9441,14.663,-8.8043,-5.3585,-10.698,-31.702,-30.051,-10.376,-15.487,-4.3773
-18.6,-13.119,-1.3123,15.567,-10.346,-5.3526,-12.28,-33.288,-31.894,-11.378,-17.131,-5.1442
-20.268,-13.552,-0.59351,16.465,-12.045,-5.2866,-13.326,-34.592,-33.569,-12.408,-18.686,-5.8461
-22.058,-14.071,0.22024,17.442,-13.912,-5.1909,-13.762,-35.639,-35.072,-13.456,-20.143,-6.5224
-24.015,-14.738,1.1216,18.56,-15.935,-5.1011,-13.667,-36.475,-36.409,-14.494,-21.506,-7.2098
-26.127,-15.576,2.0869,19.838,-18.071,-5.0509,-13.23,-37.162,-37.597,-15.486,-22.796,-7.9328
-28.328,-16.568,3.0766,21.249,-20.244,-5.0677,-12.667,-37.779,-38.673,-16.42,-24.047,-8.7011
-30.515,-17.665,4.0418,22.732,-22.365,-5.162,-12.148,-38.412,-39.694,-17.319,-25.303,-9.5108
-32.571,-18.792,4.9386,24.202,-24.355,-5.3188,-11.734,-39.127,-40.719,-18.249,-26.609,-10.346
-34.388,-19.862,5.7418,25.567,-26.15,-5.4992,-11.354,-39.95,-41.791,-19.296,-27.989,-11.184
-35.892,-20.79,6.451,26.748,-27.712,-5.6567,-10.851,-40.86,-42.923,-20.536,-29.447,-12.01
-37.071,-21.521,7.0867,27.707,-29.036,-5.7584,-10.107,-41.813,-44.096,-22.01,-30.958,-12.828
-37.986,-22.052,7.682,28.463,-30.151,-5.8002,-9.1598,-42.765,-45.272,-23.699,-32.482,-13.662
-38.751,-22.426,8.2696,29.087,-31.1,-5.8053,-8.2224,-43.685,-46.398,-25.518,-33.959,-14.535
-39.476,-22.704,8.8683,29.646,-31.917,-5.8065,-7.6003,-44.557,-47.42,-27.319,-35.308,-15.438
-40.202,-22.92,9.4726,30.166,-32.617,-5.826,-7.5696,-45.37,-48.289,-28.91,-36.436,-16.317
-40.895,-23.09,10.053,30.636,-33.195,-5.8701,-8.2696,-46.117,-48.977,-30.107,-37.256,-17.083
-41.493,-23.24,10.568,31.055,-33.639,-5.9464,-9.6435,-46.779,-49.477,-30.8,-37.726,-17.676
-41.976,-23.438,10.968,31.44,-33.939,-6.0841,-11.434,-47.303,-49.797,-31.03,-37.897,-18.123
-42.377,-23.777,11.19,31.826,-34.089,-6.3289,-13.223,-47.554,-49.931,-31.016,-37.948,-18.573
-42.767,-24.372,11.161,32.303,-34.099,-6.7156,-14.518,-47.26,-49.817,-31.13,-38.186,-19.287
-43.242,-25.362,10.826,33.047,-34.007,-7.2547,-14.867,-45.958,-49.293,-31.797,-38.971,-20.59
-43.901,-26.896,10.222,34.271,-33.886,-7.97,-14.057,-42.953,-48.058,-33.35,-40.536,-22.782
-44.852,-29.202,9.506,36.164,-33.835,-8.9797,-12.39,-37.721,-45.663,-35.836,-42.794,-26.003
-46.232,-32.45,8.8584,38.777,-33.939,-10.476,-11.052,-34.078,-41.614,-38.774,-45.31,-30.08
-48.144,-35.692,8.3278,41.519,-34.227,-12.301,-13.3,-52.719,-36.496,-41.003,-47.454,-33.98
-50.315,-37.068,7.8372,43.022,-34.622,-13.664,-24.39,-72.278,-40.124,-40.694,-48.654,-36.044
-51.746,-36.674,7.3346,42.49,-34.955,-14.293,-33.953,-76.628,-72.305,-35.146,-48.544,-36.263
-51.396,-36.055,6.8403,40.411,-35.022,-14.677,-34.811,-76.494,-79.779,-28.23,-46.217,-34.934
-49.281,-37.017,6.3262,38.324,-34.666,-15.099,-29.899,-70.08,-77.981,-33.559,-42.683,-34.86
-46.573,-42.575,5.6786,38.542,-33.744,-15.538,-18.917,-54.275,-70.831,-36.268,-48.022,-40.573
-45.499,-56.278,4.8283,44.752,-31.899,-19.19,-0.98817,-25.223,-55.235,-43.503,-60.857,-52.543
-55.304,-75.025,3.8231,59.955,-28.382,-35.086,24.761,19.477,-29.367,-56.069,-82.256,-70.792
-70.853,-93.708,2.7441,77.486,-29.172,-51.948,57.247,77.747,6.7278,-70.922,-109.83,-92.828
-85.754,-108.37,1.6474,93.136,-36.112,-63.067,90.772,144.08,51.733,-79.883,-135.53,-113.74
-97.941,-114.44,0.56349,102.33,-44.612,-66.662,120.26,210.03,110.87,-70.903,-143.84,-126.73
-103.15,-109.18,-0.49137,101.61,-52.458,-61.596,141.43,263.76,189.29,-30.218,-120.78,-122.05
-97.49,-91.798,-0.95818,89.187,-55.774,-48.268,151.42,296.24,281.09,59.475,-57.381,-92.515
-78.181,-63.027,1.4473,64.72,-51.042,-28.752,149.91,305.28,384.01,223.62,55.387,-35.604
-43.961,-24.243,5.8946,28.584,-36.188,-5.6803,137.08,292.01,504.95,461.26,223.62,50.149
5.2039,23.542,7.4709,-19.004,-10.828,19.12,112.23,258.53,650.01,778.36,448.43,164.86
68.783,80.257,5.2582,-78.247,24.349,45.378,73.254,207.57,823.77,1176.4,726.62,307.01
146,146.59,-0.27795,-149.35,68.358,74.245,15.566,140.88,1028,1646,1047.9,473.06
235.43,223.16,-8.9386,-231.81,119.53,107.26,-66.469,58.373,1258.5,2165,1393,656.22
334.62,309.46,-20.335,-323.96,175.79,144.78,-175.9,-41.873,1503,2696.2,1733.8,845.67
439.79,402.84,-33.652,-422.41,234.81,185.48,-311.24,-163.31,1739.9,3189.7,2035.6,1027
544.72,497.66,-47.227,-521.36,293.2,226.74,-467.4,-310.43,1939.4,3588,2262.5,1183.6
640.26,585.58,-58.813,-612.34,346.32,264.74,-636.81,-487.54,2065.2,3834.9,2383.5,1299.2
715.87,656.82,-67.3,-685.35,388.83,294.66,-810.38,-696.8,2079.5,3885.6,2378.7,1360.5
762.39,701.69,-72.668,-730.83,416.05,312.19,-978.27,-936.13,1949.3,3714.7,2243.6,1359.8
774.35,713.71,-74.392,-742.48,425.09,315.55,-1131.2,-1198.1,1653.6,3322,1990.5,1298
751.81,694.06,-71.619,-720.96,415.34,305.97,-1262.1,-1469.8,1192,2734.7,1647,1184.4
701.22,651.3,-64.911,-674.5,388.6,287.74,-1367.8,-1734.5,591.5,2005.7,1250.8,1035.8
633.76,596.6,-54.295,-615.03,349.23,266.42,-1448.4,-1972.8,-92.284,1207.4,842.81,871.81
561.46,539.75,-39.287,-553.06,303.4,246.56,-1505.2,-2164.9,-781.54,422.11,460.42,710.49
493.45,487.13,-21.518,-495,257.53,230.25,-1538,-2292.8,-1391.4,-270.98,132.57,564.58
434.18,441.05,-4.6467,-443.13,216.82,216.68,-1545,-2344,-1849.8,-810.1,-123.29,440.62
384.26,399.69,7.069,-396.66,184.81,202.36,-1523.8,-2315.8,-2115.8,-1162.9,-302.36,339.49
342.38,358.07,10.143,-353,162.72,182.89,-1473,-2217.2,-2189.1,-1331.6,-411.06,257.88
304.93,311.52,3.4967,-308.98,148.2,156.08,-1394.5,-2067.5,-2106.2,-1349.8,-463.95,190.3
268.32,258.94,-10.765,-262.87,137.36,122.56,-1293.8,-1889.2,-1924.9,-1269.2,-479.3,131.52
230.54,202.34,-28.035,-214.72,127.64,85.419,-1178.7,-1702,-1703.1,-1142.4,-473.62,78.546
190.84,145.93,-42.715,-166.18,117.55,49.423,-1057.2,-1518.8,-1483.7,-1009.6,-458.2,31.041
150.84,94.955,-50.821,-120.45,105.07,18.821,-935.27,-1344,-1288.2,-891.06,-438.4,-9.3717
113.57,53.654,-52.285,-81.428,89.525,-2.0963,-816.07,-1176.3,-1120.7,-790.36,-414.64,-40.668
82.152,26.076,-49.868,-52.468,72.402,-10.76,-700.93,-1012.7,-975.68,-701.95,-385.02,-61.423
58.247,13.236,-44.408,-34.574,55.838,-10.73,-591.02,-852.44,-843.08,-618.88,-347.73,-71.222
41.311,10.491,-34.655,-25.536,41.085,-6.8883,-488.91,-699.24,-716.78,-537.02,-300.87,-70.951
30.29,13.253,-22.483,-22.308,28.682,-1.3146,-398.16,-559.46,-595.33,-453.43,-252.67,-62.801
24.265,19.114,-12.054,-22.803,18.974,5.5232,-320.93,-438.97,-482.17,-371.73,-209.3,-49.672
22.998,27.739,-4.3274,-27.082,11.719,12.818,-256.72,-340.66,-384.24,-299.42,-168.47,-27.06
25.603,33.533,1.9939,-32.747,6.749,11.079,-205.6,-263.77,-304.08,-238.23,-132.15,-15.028
26.184,25.549,6.3078,-29.114,4.0636,5.7888,-165.69,-204.58,-240.47,-189.95,-103.13,-15.443
20.842,13.492,6.9273,-18.881,3.3637,3.9409,-133.1,-158.33,-191.77,-154.95,-82.137,-16.032
11.63,5.2749,4.0607,-8.3956,3.4237,2.3458,-105.45,-120.77,-155.34,-130.56,-68.271,-15.936
3.2967,0.049211,0.54876,-1.2361,2.2375,0.46004,-81.643,-89.202,-127.16,-113.33,-59.809,-15.479
-2.4214,-3.9777,-0.33746,3.4546,-0.077024,-1.5523,-61.442,-62.489,-104.16,-100.57,-54.719,-14.905
-6.3002,-7.3037,0.2751,6.8335,-2.2011,-3.3901,-44.946,-40.372,-84.689,-90.284,-51.177,-14.22
-9.0642,-9.9423,1.0241,9.3594,-3.8105,-4.8654,-32.585,-23.022,-68.001,-81.068,-47.861,-13.455
-11.053,-11.822,1.6277,11.177,-4.9905,-5.9195,-24.624,-10.284,-53.905,-72.632,-44.725,-12.708
-12.424,-12.907,2.0099,12.35,-5.8206,-6.5395,-20.486,-1.138,-42.565,-65.989,-41.569,-12.034
-13.279,-13.246,2.1359,12.951,-6.3485,-6.74,-19.042,5.3368,-34.686,-61.387,-37.096,-11.425
-13.725,-12.988,2.0452,13.079,-6.6296,-6.627,-20.1,8.9313,-31.27,-57.358,-32.033,-10.852
-13.884,-12.336,1.8474,12.855,-6.746,-6.4054,-18.486,10.705,-28.047,-52.359,-27.221,-10.301
-13.878,-11.478,1.6762,12.406,-6.7986,-6.2466,-12.703,12.721,-22.413,-46.615,-23.063,-9.7794
-13.825,-10.575,1.6417,11.872,-6.8865,-6.173,-6.9269,15.33,-16.361,-40.776,-19.594,-9.3014
-13.833,-9.7962,1.8034,11.409,-7.0891,-6.1083,-2.1703,18.386,-11.152,-35.335,-16.671,-8.8734
-14.005,-9.292,2.169,11.159,-7.4604,-6.0109,1.5918,21.845,-6.9109,-30.528,-14.142,-8.4824
-14.426,-9.1608,2.7113,11.226,-8.0323,-5.9242,4.262,25.696,-3.4178,-26.391,-11.912,-8.0987
-15.136,-9.4167,3.39,11.642,-8.8149,-5.9179,5.6924,29.896,-0.44963,-22.865,-9.9377,-7.6863
-16.106,-9.985,4.1696,12.357,-9.7843,-6.0154,5.8902,34.368,2.1481,-19.862,-8.1894,-7.2112
-17.25,-10.729,5.0308,13.251,-10.875,-6.1716,5.1278,39.064,4.4804,-17.29,-6.6288,-6.6495
-18.464,-11.509,5.9729,14.194,-11.998,-6.3027,3.914,44.007,6.6342,-15.067,-5.2146,-5.9986
-19.668,-12.249,7.008,15.113,-13.087,-6.3381,2.8443,49.261,8.6937,-13.12,-3.9183,-5.286
-20.841,-12.95,8.1471,16.018,-14.124,-6.261,2.4041,54.829,10.732,-11.395,-2.7289,-4.5673
-22.009,-13.646,9.387,16.951,-15.137,-6.1123,2.829,60.547,12.792,-9.8583,-1.6472,-3.9059
-23.204,-14.354,10.7,17.923,-16.162,-5.9567,4.0586,66.072,14.87,-8.4908,-0.67432,-3.3449
-24.396,-15.032,12.034,18.877,-17.208,-5.8335,5.7746,71.018,16.926,-7.2769,0.19741,-2.8844
-25.467,-15.556,13.32,19.677,-18.22,-5.7262,7.5248,75.132,18.888,-6.2055,0.98618,-2.4818
-26.228,-15.742,14.492,20.118,-19.098,-5.5671,8.9082,78.35,20.672,-5.277,1.7129,-2.0733
-26.48,-15.401,15.503,19.992,-19.733,-5.2676,9.7348,80.742,22.191,-4.507,2.3888,-1.6056
-26.107,-14.427,16.337,19.183,-20.062,-4.7594,10.095,82.452,23.379,-3.9199,3.0097,-1.0578
-25.122,-12.857,17.002,17.734,-20.076,-4.0283,10.307,83.658,24.221,-3.5306,3.5601,-0.44742
-23.676,-10.885,17.518,15.846,-19.815,-3.1285,10.757,84.562,24.783,-3.3243,4.027,0.1812
-22,-8.8084,17.892,13.823,-19.332,-2.1728,11.677,85.383,25.2,-3.2455,4.4136,0.77585
-20.345,-6.9553,18.107,11.988,-18.671,-1.3071,12.999,86.324,25.643,-3.2032,4.748,1.2972
-18.906,-5.6131,18.134,10.606,-17.856,-0.67886,14.356,87.534,26.266,-3.0924,5.082,1.7338
-17.786,-4.9644,17.951,9.8214,-16.906,-0.39926,15.249,89.085,27.174,-2.8207,5.4826,2.1078
-16.985,-5.038,17.555,9.6274,-15.841,-0.50419,15.252,90.961,28.408,-2.3331,6.0174,2.4712
-16.424,-5.6946,16.971,9.8771,-14.693,-0.93606,14.181,93.102,29.948,-1.6253,6.7391,2.8911
-15.978,-6.663,16.244,10.333,-13.507,-1.5615,12.164,95.395,31.724,-0.74259,7.6707,3.4263
-15.522,-7.6241,15.442,10.746,-12.342,-2.2151,9.6396,97.717,33.639,0.23673,8.7953,4.1058
-14.965,-8.3135,14.639,10.931,-11.253,-2.7525,7.2691,99.954,35.583,1.2264,10.051,4.914
-14.284,-8.6006,13.896,10.817,-10.28,-3.0938,5.7152,102.02,37.459,2.1555,11.342,5.7881
-13.523,-8.5068,13.243,10.454,-9.4457,-3.2376,5.4069,103.85,39.197,2.9847,12.56,6.6317
-12.784,-8.1675,12.673,9.9709,-8.7644,-3.2479,6.4667,105.46,40.767,3.7136,13.608,7.3375
-12.176,-7.7621,12.149,9.5187,-8.2367,-3.2221,8.7289,106.86,42.187,4.3799,14.431,7.8305
-11.764,-7.4399,11.624,9.2028,-7.839,-3.2506,11.757,108.11,43.513,5.0494,15.054,8.1106
-11.529,-7.2606,11.072,9.0398,-7.5207,-3.3803,14.924,109.3,44.831,5.7971,15.578,8.2694
-11.369,-7.1819,10.505,8.9575,-7.2161,-3.595,17.595,110.52,46.237,6.6871,16.15,8.46
-11.149,-7.0989,9.964,8.8388,-6.8649,-3.817,19.31,111.85,47.825,7.76,16.911,8.8329
-10.755,-6.9123,9.4997,8.5844,-6.4317,-3.9436,19.845,113.41,49.705,9.0297,17.938,9.4772
-10.15,-6.5911,9.1408,8.1666,-5.917,-3.9109,19.175,115.3,51.945,10.485,19.227,10.394
-9.3952,-6.1946,8.8813,7.6472,-5.3531,-3.7436,17.445,117.57,54.588,12.094,20.688,11.501
-8.6137,-5.8412,8.6863,7.1453,-4.7872,-3.5417,15.006,120.21,57.638,13.818,22.179,12.659
-7.9209,-5.6435,8.5108,6.7725,-4.2575,-3.4169,12.403,123.16,61.059,15.623,23.56,13.719
-7.3598,-5.6405,8.3177,6.5658,-3.7726,-3.4268,10.228,126.31,64.785,17.482,24.759,14.593
-6.8672,-5.7475,8.0888,6.4441,-3.3025,-3.5435,8.9066,129.56,68.743,19.382,25.807,15.3
-6.2803,-5.7559,7.8276,6.2074,-2.7846,-3.6637,8.6013,132.84,72.858,21.314,26.82,15.967
-5.3878,-5.3875,7.5545,5.5913,-2.1457,-3.6487,9.2306,136.07,77.046,23.268,27.939,16.766
-4.0126,-4.3967,7.2954,4.3663,-1.3318,-3.3787,10.545,139.26,81.208,25.232,29.276,17.837
-2.0927,-2.6736,7.0675,2.4384,-0.33215,-2.8005,12.221,142.43,85.256,27.205,30.885,19.238
0.2839,-0.30062,6.8689,-0.098516,0.81643,-1.9494,13.944,145.71,89.156,29.201,32.762,20.947
2.908,2.4626,6.6768,-2.9843,2.0468,-0.93816,15.46,149.22,92.943,31.253,34.864,22.886
5.5254,5.2572,6.4542,-5.8777,3.29,0.080658,16.592,153.11,96.71,33.4,37.115,24.95
7.9229,7.729,6.1658,-8.4649,4.5013,0.95693,17.25,157.47,100.56,35.685,39.44,27.035
9.991,9.6313,5.794,-10.554,5.6729,1.5792,17.473,162.3,104.58,38.148,41.816,29.087
11.749,10.9,5.3506,-12.129,6.8316,1.9042,17.458,167.55,108.78,40.825,44.288,31.134
13.33,11.666,4.8745,-13.339,8.0254,1.966,17.522,173.12,113.17,43.752,46.942,33.25
14.92,12.192,4.4154,-14.438,9.3001,1.8534,17.975,178.93,117.69,46.965,49.86,35.488
16.679,12.768,4.0121,-15.683,10.675,1.6721,18.998,184.93,122.3,50.498,53.083,37.835
18.663,13.624,3.6777,-17.236,12.13,1.5065,20.571,191.08,126.92,54.363,56.589,40.222
20.815,14.875,3.3987,-19.115,13.617,1.397,22.517,197.39,131.52,58.543,60.288,42.568
23.041,16.527,3.1471,-21.249,15.101,1.3455,24.603,203.87,136.07,63.002,64.061,44.82
25.302,18.529,2.8966,-23.567,16.586,1.3413,26.631,210.54,140.62,67.727,67.835,46.966
27.615,20.804,2.6344,-26.024,18.099,1.3844,28.514,217.4,145.24,72.741,71.644,49.044
29.982,23.219,2.3637,-28.525,19.655,1.4839,30.314,224.41,150,78.064,75.606,51.141
32.327,25.581,2.0986,-30.909,21.223,1.6482,32.226,231.49,154.93,83.66,79.858,53.377
34.516,27.716,1.8552,-33.021,22.736,1.8787,34.492,238.54,160.04,89.398,84.483,55.878
36.439,29.545,1.6441,-34.787,24.129,2.1717,37.275,245.52,165.23,95.085,89.484,58.73
38.084,31.102,1.4662,-36.245,25.386,2.5267,40.564,252.42,170.43,100.54,94.798,61.952
39.573,32.531,1.312,-37.549,26.564,2.9527,44.16,259.29,175.51,105.68,100.31,65.507
41.154,34.078,1.1634,-38.96,27.78,3.462,47.75,266.2,180.47,110.52,105.89,69.349
43.119,36.046,0.9987,-40.761,29.16,4.0504,51.014,273.2,185.34,115.15,111.48,73.463
45.665,38.68,0.80023,-43.12,30.779,4.6816,53.737,280.32,190.24,119.73,117.09,77.872
48.763,41.962,0.56053,-45.939,32.625,5.2899,55.872,287.53,195.31,124.45,122.79,82.616
52.136,45.432,0.28481,-48.837,34.602,5.8085,57.523,294.8,200.65,129.43,128.66,87.689
55.404,48.36,-0.012947,-51.367,36.572,6.2021,58.845,302.04,206.27,134.74,134.73,93.005
58.307,50.255,-0.31947,-53.297,38.403,6.4673,59.927,309.15,212.1,140.37,141.02,98.413
60.83,51.163,-0.63103,-54.71,40.024,6.6088,60.721,316.08,217.99,146.21,147.49,103.79
63.195,51.571,-0.95569,-55.955,41.482,6.67,61.12,322.83,223.78,152.15,154.07,109.11
65.79,52.184,-1.3088,-57.53,42.94,6.8111,61.049,329.45,229.35,158.04,160.69,114.46
69.017,53.698,-1.706,-59.931,44.621,7.3077,60.555,335.94,234.66,163.82,167.3,119.98
73.105,56.542,-2.1575,-63.452,46.726,8.4522,59.832,342.32,239.76,169.46,173.92,125.81
78.037,60.661,-2.6667,-68.056,49.401,10.462,59.165,348.48,244.69,175.02,180.57,132.03
83.659,65.556,-3.2315,-73.448,52.684,13.408,58.808,354.27,249.48,180.53,187.27,138.6
89.772,70.595,-3.847,-79.235,56.4,17.067,58.86,359.53,254.09,185.97,194.11,145.34
96.005,75.272,-4.5058,-84.986,60.17,20.853,59.213,364.13,258.42,191.3,201.19,152
101.85,79.297,-5.197,-90.314,63.686,24.113,59.622,368.06,262.39,196.46,208.57,158.42
107.08,82.721,-5.9075,-95.078,66.913,26.567,59.845,371.38,265.94,201.44,216.17,164.65
112.1,86.06,-6.6295,-99.601,70.039,28.368,59.756,374.2,269.09,206.28,223.81,170.85
117.67,90.189,-7.3656,-104.63,73.331,29.926,59.379,376.65,271.92,211.02,231.23,177.21
124.37,95.879,-8.1281,-110.88,76.983,31.708,58.854,378.82,274.52,215.67,238.25,183.84
132.2,103.24,-8.9324,-118.49,80.995,34.042,58.414,380.79,276.95,220.24,244.83,190.7
140.57,111.63,-9.7899,-126.87,85.142,36.965,58.36,382.57,279.22,224.67,250.99,197.62
148.72,120.05,-10.71,-135.18,89.094,40.251,58.949,384.09,281.23,228.88,256.79,204.38
155.96,127.66,-11.7,-142.61,92.596,43.541,60.203,385.3,282.86,232.76,262.21,210.8
161.89,133.96,-12.768,-148.71,95.582,46.455,61.767,386.16,284.05,236.18,267.25,216.8
166.49,138.85,-13.917,-153.41,98.163,48.708,62.966,386.67,284.81,239.1,271.91,222.41
170.05,142.51,-15.142,-156.96,100.51,50.188,63.048,386.89,285.21,241.52,276.18,227.72
172.89,145.18,-16.416,-159.67,102.75,50.953,61.516,386.86,285.33,243.46,280.07,232.82
175.21,147.08,-17.7,-161.75,104.9,51.193,58.374,386.6,285.21,244.95,283.48,237.78
177.18,148.46,-18.954,-163.34,106.94,51.167,54.157,386.11,284.83,245.93,286.31,242.53
178.96,149.56,-20.153,-164.6,108.95,51.107,49.719,385.35,284.12,246.32,288.48,246.91
180.69,150.48,-21.29,-165.67,111.03,51.128,45.868,384.23,282.95,245.96,290,250.7
182.42,151.24,-22.38,-166.63,113.17,51.203,43.014,382.71,281.19,244.75,290.95,253.75
184.14,151.9,-23.448,-167.57,115.26,51.258,41.076,380.72,278.78,242.72,291.44,256.06
185.84,152.55,-24.522,-168.53,117.26,51.267,39.641,378.2,275.78,240.04,291.63,257.77
187.5,153.24,-25.626,-169.53,119.17,51.244,38.161,375.08,272.29,236.92,291.63,259.02
189.09,153.91,-26.771,-170.48,121,51.195,36.164,371.24,268.39,233.53,291.54,259.93
190.53,154.48,-27.953,-171.28,122.73,51.095,33.581,366.52,264.07,229.91,291.41,260.55
191.76,154.88,-29.161,-171.85,124.29,50.906,30.963,360.83,259.21,226.07,291.23,260.92
192.72,155.09,-30.374,-172.18,125.66,50.598,29.036,354.13,253.63,221.99,290.98,261.06
193.43,155.14,-31.566,-172.34,126.84,50.166,27.95,346.59,247.26,217.64,290.59,261.07
193.98,155.09,-32.71,-172.42,127.85,49.63,27.284,338.53,240.18,212.99,290.02,261.06
194.49,154.98,-33.782,-172.5,128.76,49.02,26.45,330.23,232.61,207.97,289.2,261.12
195.02,154.8,-34.775,-172.61,129.58,48.352,24.931,321.84,224.85,202.57,288.08,261.32
195.56,154.49,-35.689,-172.74,130.31,47.617,22.402,313.29,217.03,196.85,286.58,261.58
195.96,154,-36.536,-172.81,130.88,46.779,18.818,304.37,209.15,190.92,284.63,261.67
196.04,153.25,-37.322,-172.73,131.21,45.78,14.449,294.75,201.04,184.81,282.19,261.1
195.6,152.11,-38.043,-172.41,131.25,44.551,9.8184,284.12,192.52,178.43,279.25,259.34
194.56,150.5,-38.691,-171.77,130.96,43.055,5.4969,272.28,183.43,171.66,275.78,256.16
193.01,148.35,-39.253,-170.74,130.35,41.316,1.8722,259.3,173.78,164.4,271.75,251.84
191.13,145.77,-39.725,-169.36,129.47,39.41,-0.9853,245.59,163.72,156.7,267.04,246.8
189.15,143.01,-40.106,-167.74,128.42,37.442,-3.3143,231.71,153.49,148.75,261.52,241.15
187.23,140.34,-40.395,-166.03,127.29,35.502,-5.5443,218.08,143.31,140.76,255.05,234.69
185.43,137.92,-40.593,-164.34,126.14,33.633,-8.1255,204.74,133.3,132.88,247.6,227.33
183.74,135.74,-40.697,-162.76,124.95,31.803,-11.354,191.46,123.44,125.15,239.23,219.22
182.12,133.66,-40.709,-161.27,123.65,29.896,-15.225,177.92,113.65,117.49,230.13,210.64
180.54,131.44,-40.637,-159.82,122.16,27.721,-19.422,164,103.75,109.75,220.58,201.9
178.98,128.8,-40.502,-158.26,120.41,25.033,-23.539,149.78,93.515,101.73,210.85,193.19
177.4,125.47,-40.324,-156.36,118.38,21.664,-27.338,135.59,82.727,93.22,201.16,184.61
175.71,121.29,-40.124,-153.82,116.12,17.82,-30.812,121.79,71.425,84.079,191.63,176.15
173.77,116.42,-39.91,-150.35,113.75,14.215,-34.086,108.69,60.203,74.478,182.26,167.68
171.35,111.61,-39.682,-145.91,111.41,11.539,-37.26,96.443,50.018,65.093,172.94,158.88
168.25,107.61,-39.424,-140.87,109.19,9.8874,-40.274,84.945,41.413,56.743,163.45,149.41
164.41,104.29,-39.126,-135.73,107.08,8.9134,-42.903,73.81,34.228,49.758,153.56,139.13
159.89,100.97,-38.795,-130.71,105.02,8.1936,-44.884,62.348,28.018,43.909,143.23,128.34
154.79,97.068,-38.461,-125.63,102.88,7.3815,-46.109,49.769,22.433,38.785,132.62,117.76
149.15,92.322,-38.15,-120.24,100.6,6.2492,-46.705,36.247,17.306,34.051,122.09,108.13
143.05,86.721,-37.882,-114.39,98.15,4.712,-47.008,23.95,12.598,29.529,111.95,99.75
136.61,80.382,-37.657,-108.09,95.549,2.8103,-47.458,14.886,8.3224,25.2,102.34,92.425
129.98,73.462,-37.473,-101.47,92.849,0.65645,-48.468,8.7111,4.477,21.15,93.166,85.619
123.27,66.145,-37.319,-94.68,90.098,-1.6032,-50.293,4.1125,1.014,17.49,84.165,78.718
116.59,58.698,-37.179,-87.878,87.321,-3.8157,-52.923,0.11898,-2.1563,14.276,74.966,71.227
110.01,51.48,-37.024,-81.26,84.516,-5.8534,-56.086,-3.815,-5.142,11.501,65.49,62.886
103.61,44.784,-36.827,-75.031,81.657,-7.6452,-59.351,-8.0003,-8.0453,9.1233,56.35,53.796
97.487,38.631,-36.575,-69.281,78.724,-9.2128,-62.257,-12.621,-10.949,7.0918,48.407,44.577
91.714,32.709,-36.284,-63.861,75.732,-10.693,-64.425,-17.75,-13.908,5.3556,41.876,36.147
86.228,26.492,-35.979,-58.451,72.733,-12.301,-65.645,-23.317,-16.95,3.863,36.365,29.105
80.84,19.641,-35.677,-52.734,69.778,-14.178,-65.896,-29.087,-20.075,2.5626,31.401,23.461
75.386,12.847,-35.379,-46.435,66.872,-16.214,-65.318,-34.708,-23.248,1.4069,26.694,18.838
69.811,7.5388,-35.071,-39.445,64.018,-18.125,-64.155,-39.842,-26.409,0.3545,22.188,14.694
64.122,3.9517,-34.732,-32.25,61.263,-19.74,-62.725,-44.282,-29.477,-0.62661,18.004,10.61
58.406,1.334,-34.343,-25.813,58.665,-21.084,-61.385,-47.981,-32.37,-1.5545,14.271,6.6983
52.863,-0.90644,-33.886,-20.589,56.232,-22.251,-60.486,-51.008,-35.021,-2.4291,11.012,3.3998
47.678,-2.9918,-33.358,-16.349,53.918,-23.297,-60.289,-53.475,-37.388,-3.2352,8.1639,0.77565
42.908,-4.9104,-32.772,-12.778,51.692,-24.215,-60.894,-55.492,-39.452,-3.953,5.6658,-1.3995
38.566,-6.5432,-32.157,-9.7559,49.575,-24.951,-62.261,-57.143,-41.217,-4.575,3.4841,-3.2891
34.705,-7.7557,-31.542,-7.3055,47.623,-25.45,-64.287,-58.493,-42.711,-5.1208,1.5896,-4.9534
31.408,-8.4692,-30.946,-5.4795,45.888,-25.685,-66.8,-59.588,-43.992,-5.6423,-0.069502,-6.4136
28.727,-8.7034,-30.38,-4.2771,44.384,-25.682,-69.47,-60.463,-45.135,-6.2128,-1.5713,-7.696
26.638,-8.5792,-29.849,-3.6018,43.086,-25.507,-71.818,-61.153,-46.21,-6.9005,-3.0002,-8.8426
25.023,-8.277,-29.355,-3.2676,41.949,-25.246,-73.386,-61.695,-47.256,-7.7395,-4.4195,-9.9
23.69,-7.9701,-28.89,-3.0571,40.931,-24.976,-73.902,-62.127,-48.267,-8.7143,-5.8527,-10.904
22.443,-7.766,-28.438,-2.8027,40.003,-24.748,-73.317,-62.48,-49.21,-9.7689,-7.2778,-11.875
21.17,-7.6813,-27.978,-2.4434,39.148,-24.573,-71.787,-62.773,-50.036,-10.835,-8.634,-12.823
19.874,-7.6596,-27.493,-2.0252,38.349,-24.432,-69.655,-63.009,-50.715,-11.87,-9.8484,-13.743
18.635,-7.619,-26.971,-1.6494,37.588,-24.291,-67.4,-63.179,-51.246,-12.885,-10.879,-14.63
17.538,-7.5056,-26.408,-1.4023,36.84,-24.123,-65.496,-63.269,-51.664,-13.956,-11.749,-15.486
16.618,-7.325,-25.809,-1.3047,36.068,-23.929,-64.252,-63.271,-52.033,-15.207,-12.553,-16.324
15.842,-7.1428,-25.178,-1.3003,35.223,-23.74,-63.713,-63.186,-52.421,-16.771,-13.423,-17.157
15.105,-7.0596,-24.522,-1.2764,34.253,-23.609,-63.696,-63.02,-52.871,-18.749,-14.488,-17.989
14.263,-7.175,-23.841,-1.1017,33.11,-23.587,-63.906,-62.776,-53.391,-21.176,-15.827,-18.812
13.194,-7.5549,-23.125,-0.67218,31.765,-23.692,-64.057,-62.453,-53.946,-24.003,-17.441,-19.609
11.867,-8.2057,-22.357,0.046776,30.215,-23.902,-63.953,-62.046,-54.484,-27.11,-19.24,-20.365
10.342,-9.0659,-21.512,1.0056,28.5,-24.153,-63.523,-61.551,-54.947,-30.346,-21.067,-21.069
8.733,-10.019,-20.565,2.0932,26.692,-24.363,-62.826,-60.964,-55.298,-33.587,-22.758,-21.705
7.1551,-10.922,-19.498,3.1771,24.866,-24.449,-62.003,-60.285,-55.521,-36.768,-24.206,-22.255
5.6963,-11.645,-18.314,4.1404,23.068,-24.349,-61.201,-59.517,-55.634,-39.884,-25.392,-22.696
4.4017,-12.104,-17.037,4.9068,21.3,-24.042,-60.521,-58.671,-55.674,-42.963,-26.381,-23.01
3.2786,-12.273,-15.704,5.4506,19.535,-23.55,-59.983,-57.77,-55.692,-46.025,-27.283,-23.203
2.3149,-12.182,-14.347,5.7872,17.75,-22.928,-59.498,-56.848,-55.737,-49.065,-28.222,-23.317
1.4933,-11.899,-12.985,5.9588,15.947,-22.244,-58.854,-55.939,-55.844,-52.048,-29.301,-23.431
0.79015,-11.506,-11.627,6.0193,14.156,-21.552,-57.775,-55.062,-56.026,-54.931,-30.585,-23.627
0.17612,-11.075,-10.276,6.0213,12.429,-20.88,-56.036,-54.196,-56.268,-57.67,-32.076,-23.951
-0.37536,-10.648,-8.9402,6.0037,10.831,-20.217,-53.575,-53.284,-56.519,-60.233,-33.707,-24.381
-0.87968,-10.247,-7.6395,5.989,9.4126,-19.527,-50.564,-52.243,-56.718,-62.589,-35.354,-24.826
-1.342,-9.8797,-6.4082,5.9909,8.1991,-18.768,-47.394,-50.991,-56.81,-64.716,-36.874,-25.16
-1.7653,-9.5651,-5.2862,6.0254,7.1847,-17.922,-44.552,-49.478,-56.771,-66.596,-38.163,-25.278
-2.1606,-9.3424,-4.3032,6.1176,6.3431,-17.009,-42.412,-47.694,-56.608,-68.222,-39.186,-25.136
-2.5541,-9.2639,-3.4673,6.2996,5.6326,-16.097,-41.079,-45.683,-56.351,-69.6,-39.969,-24.761
-2.9854,-9.3712,-2.7645,6.5993,4.9999,-15.279,-40.356,-43.538,-56.049,-70.762,-40.582,-24.23
-3.4921,-9.6665,-2.1636,7.022,4.389,-14.637,-39.807,-41.382,-55.75,-71.757,-41.102,-23.647
-4.0834,-10.092,-1.623,7.5321,3.7577,-14.192,-38.927,-39.324,-55.485,-72.634,-41.59,-23.108
-4.7242,-10.533,-1.0978,8.0509,3.0932,-13.876,-37.362,-37.407,-55.246,-73.419,-42.066,-22.659
-5.3435,-10.85,-0.5489,8.4784,2.4147,-13.555,-35.109,-35.587,-54.985,-74.106,-42.5,-22.277
-5.8653,-10.927,0.049957,8.7292,1.7585,-13.087,-32.509,-33.754,-54.632,-74.666,-42.834,-21.886
-6.2427,-10.723,0.70876,8.7688,1.1555,-12.395,-30.062,-31.799,-54.134,-75.07,-43.002,-21.401
-6.4814,-10.296,1.4232,8.6336,0.61532,-11.493,-28.173,-29.664,-53.474,-75.307,-42.966,-20.762
-6.643,-9.7796,2.1802,8.4255,0.12271,-10.483,-26.979,-27.364,-52.661,-75.384,-42.721,-19.96
-6.8244,-9.3394,2.9642,8.2752,-0.35438,-9.4909,-26.291,-24.97,-51.716,-75.319,-42.3,-19.039
-7.1174,-9.102,3.7626,8.2905,-0.8488,-8.6168,-25.689,-22.57,-50.651,-75.132,-41.759,-18.07
-7.5651,-9.1067,4.5684,8.5102,-1.3775,-7.8898,-24.72,-20.235,-49.464,-74.835,-41.157,-17.137
-8.1344,-9.2813,5.3831,8.8798,-1.9313,-7.2665,-23.111,-18.019,-48.15,-74.436,-40.542,-16.297
-8.7199,-9.461,6.2146,9.2631,-2.4761,-6.6608,-20.898,-15.972,-46.724,-73.952,-39.938,-15.578
-9.1791,-9.4484,7.0678,9.4883,-2.9641,-5.9901,-18.371,-14.15,-45.221,-73.399,-39.34,-14.977
-9.3862,-9.0921,7.9305,9.4139,-3.351,-5.2155,-15.893,-12.607,-43.693,-72.793,-38.723,-14.477
-9.283,-8.3486,8.7647,8.9854,-3.6117,-4.3589,-13.723,-11.374,-42.198,-72.137,-38.061,-14.062
-8.9011,-7.3001,9.5122,8.2553,-3.7471,-3.492,-11.951,-10.449,-40.786,-71.437,-37.34,-13.722
-8.3451,-6.1217,10.111,7.3601,-3.7797,-2.7077,-10.527,-9.7848,-39.467,-70.699,-36.558,-13.436
-7.747,-5.0174,10.513,6.4671,-3.741,-2.0891,-9.3565,-9.2898,-38.197,-69.913,-35.715,-13.171
-7.2173,-4.1594,10.706,5.721,-3.6576,-1.687,-8.4038,-8.8361,-36.875,-69.039,-34.792,-12.875
-6.8188,-3.6529,10.711,5.2145,-3.5456,-1.5122,-7.7253,-8.2894,-35.371,-68.006,-33.755,-12.503
-6.5768,-3.5356,10.573,4.9905,-3.4176,-1.5426,-7.4568,-7.5624,-33.583,-66.737,-32.576,-12.044
-6.5062,-3.7971,10.341,5.0603,-3.2916,-1.7443,-7.7299,-6.6605,-31.489,-65.18,-31.27,-11.542
-6.6216,-4.3935,10.046,5.4111,-3.1918,-2.0885,-8.5246,-5.6807,-29.17,-63.327,-29.91,-11.082
-6.911,-5.2415,9.6902,5.9917,-3.1331,-2.5495,-9.5771,-4.7585,-26.788,-61.212,-28.609,-10.737
-7.3005,-6.2085,9.2588,6.6923,-3.1006,-3.0895,-10.469,-3.9995,-24.514,-58.903,-27.467,-10.533
-7.6507,-7.1199,8.7376,7.3494,-3.0453,-3.6469,-10.834,-3.4425,-22.458,-56.475,-26.526,-10.431
-7.8003,-7.7952,8.1306,7.7857,-2.9038,-4.1377,-10.535,-3.059,-20.635,-53.985,-25.746,-10.34
-7.6282,-8.0964,7.4669,7.8669,-2.6289,-4.4757,-9.722,-2.7772,-18.993,-51.446,-25.021,-10.152
-7.0986,-7.9705,6.7924,7.5446,-2.211,-4.6044,-8.7537,-2.5139,-17.447,-48.81,-24.219,-9.7788
-6.2734,-7.4688,6.1528,6.8746,-1.6818,-4.5215,-8.0197,-2.2012,-15.922,-45.992,-23.226,-9.1868
-5.2936,-6.7348,5.5785,6.0012,-1.1032,-4.2792,-7.7511,-1.8035,-14.372,-42.9,-21.977,-8.4129
-4.3381,-5.9625,5.0787,5.1152,-0.54874,-3.961,-7.89,-1.3184,-12.78,-39.48,-20.48,-7.5518
-3.5731,-5.3327,4.6443,4.3983,-0.084625,-3.6469,-8.0894,-0.7669,-11.158,-35.744,-18.802,-6.716
-3.0962,-4.9426,4.2552,3.9587,0.24984,-3.3835,-7.8942,-0.17829,-9.5395,-31.771,-17.035,-5.9849
-2.8804,-4.7519,3.8891,3.7698,0.46283,-3.1696,-7.0284,0.42197,-7.9584,-27.701,-15.244,-5.3678
-2.7549,-4.5892,3.5299,3.6584,0.62224,-2.963,-5.5906,1.018,-6.4412,-23.707,-13.454,-4.8021
-2.4718,-4.24,3.1735,3.384,0.83639,-2.7047,-4.002,1.6006,-4.9985,-19.95,-11.664,-4.1871
-1.837,-3.5638,2.8277,2.7704,1.2002,-2.3524,-2.7521,2.1595,-3.6308,-16.537,-9.8695,-3.4351
-0.81381,-2.57,2.5062,1.797,1.7411,-1.916,-2.1536,2.676,-2.3379,-13.506,-8.0837,-2.5146
0.45192,-1.4263,2.2205,0.61435,2.3978,-1.4762,-2.2447,3.1223,-1.1257,-10.844,-6.3445,-1.4677
1.6768,-0.41467,1.974,-0.49848,3.0412,-1.1647,-2.8115,3.4692,-0.0047739,-8.5143,-4.7085,-0.40092
2.5374,0.15368,1.7599,-1.2213,3.5257,-1.1103,-3.479,3.6971,1.0146,-6.4677,-3.2334,0.54884
2.799,0.054678,1.5644,-1.3152,3.7499,-1.3785,-3.8493,3.8076,1.9299,-4.6517,-1.953,1.2677
2.4188,-0.73305,1.3722,-0.73781,3.6979,-1.9339,-3.6525,3.8275,2.7516,-3.0098,-0.85223,1.7177
1.5707,-1.9904,1.1736,0.32117,3.4433,-2.6442,-2.8503,3.8035,3.5029,-1.4826,0.13857,1.9602
0.57684,-3.3397,0.96851,1.5142,3.1207,-3.322,-1.6493,3.7851,4.2119,-0.014732,1.1204,2.1305
-0.21919,-4.3956,0.76304,2.4756,2.8755,-3.7879,-0.41755,3.8058,4.8988,1.4361,2.1871,2.377
-0.57811,-4.9042,0.56241,2.9543,2.8116,-3.9353,0.45962,3.8708,5.5674,2.8912,3.3948,2.7988
-0.44358,-4.8178,0.36485,2.8888,2.9541,-3.7696,0.73142,3.9591,6.2074,4.3479,4.7435,3.4131
0.050094,-4.2893,0.16109,2.4103,3.2419,-3.4037,0.3756,4.0381,6.803,5.7817,6.1702,4.1556
0.64648,-3.5991,-0.061136,1.7811,3.5599,-3.011,-0.40908,4.0802,7.3448,7.1579,7.5629,4.908
1.0877,-3.0458,-0.30963,1.2817,3.7963,-2.7584,-1.3056,4.0759,7.8353,8.4503,8.8019,5.5457
1.2239,-2.831,-0.58143,1.0938,3.891,-2.7414,-2.0225,4.0357,8.2888,9.6565,9.8127,5.9879
1.0593,-2.9792,-0.86283,1.2328,3.8506,-2.9506,-2.401,3.9822,8.7259,10.799,10.599,6.2285
0.72989,-3.3443,-1.1368,1.5611,3.7356,-3.2837,-2.4349,3.9387,9.1665,11.914,11.235,6.3345
0.42732,-3.7043,-1.3923,1.874,3.6306,-3.5996,-2.2255,3.9174,9.6221,13.021,11.817,6.4091
0.30017,-3.882,-1.6293,2.0101,3.6055,-3.7901,-1.922,3.915,10.086,14.104,12.404,6.5346
0.37806,-3.8269,-1.8559,1.9306,3.6783,-3.834,-1.6614,3.916,10.529,15.096,12.982,6.7269
0.55597,-3.6296,-2.0803,1.7321,3.8006,-3.8041,-1.5151,3.9012,10.902,15.892,13.457,6.9295
0.6426,-3.4732,-2.3024,1.5976,3.8743,-3.8255,-1.4665,3.8582,11.159,16.398,13.709,7.0489
0.45134,-3.5494,-2.5098,1.7126,3.7947,-4.0171,-1.4319,3.7859,11.277,16.578,13.652,7.0089
-0.10849,-3.9783,-2.679,2.1819,3.5017,-4.4396,-1.307,3.6944,11.271,16.484,13.293,6.792
-0.99089,-4.7549,-2.7823,2.9848,3.0086,-5.0584,-1.0148,3.6015,11.197,16.247,12.738,6.4478
-2.044,-5.7495,-2.7954,3.988,2.3917,-5.7378,-0.54723,3.5263,11.134,16.026,12.156,6.0707
-3.0855,-6.7736,-2.7046,5.0118,1.7488,-6.2958,0.0092493,3.4809,11.151,15.953,11.706,5.7579
-3.9804,-7.6736,-2.5089,5.9124,1.1526,-6.6028,0.4856,3.4639,11.282,16.087,11.472,5.5703
-4.6887,-8.3842,-2.2196,6.6335,0.62456,-6.6459,0.69401,3.4609,11.505,16.398,11.44,5.5077
-5.2615,-8.9194,-1.8561,7.2015,0.13847,-6.5107,0.5177,3.4513,11.762,16.792,11.512,5.5071
-5.7865,-9.3209,-1.4406,7.6759,-0.35086,-6.3026,-0.025668,3.4178,11.973,17.144,11.556,5.4696
-6.3142,-9.5948,-0.99172,8.0842,-0.86946,-6.0727,-0.77977,3.3548,12.077,17.352,11.466,5.3088
-6.808,-9.6719,-0.51973,8.3753,-1.4005,-5.7924,-1.5008,3.2702,12.053,17.368,11.211,4.9965
-7.1453,-9.4133,-0.025094,8.4197,-1.889,-5.3756,-1.941,3.1818,11.924,17.209,10.84,4.5761
-7.1744,-8.6671,0.49703,8.0636,-2.2696,-4.7266,-1.9313,3.108,11.747,16.94,10.453,4.1382
-6.796,-7.3567,1.0482,7.2156,-2.4973,-3.7946,-1.426,3.0598,11.574,16.628,10.144,3.7753
-6.0253,-5.5507,1.6212,5.916,-2.5684,-2.6092,-0.49474,3.0387,11.435,16.308,9.9661,3.5455
-5.0058,-3.4726,2.2016,4.3494,-2.5263,-1.2829,0.72247,3.0391,11.318,15.969,9.9084,3.4578
-3.9703,-1.4436,2.7746,2.7953,-2.4522,0.02125,2.0672,3.0529,11.18,15.566,9.9095,3.4803
-3.1686,0.20826,3.3304,1.5448,-2.4422,1.134,3.4102,3.0712,10.963,15.047,9.884,3.5593
-2.7942,1.2339,3.867,0.82055,-2.5773,1.9164,4.6826,3.0846,10.619,14.389,9.7607,3.6403
-2.9329,1.5156,4.3889,0.72452,-2.8994,2.2852,5.8775,3.0813,10.135,13.624,9.5119,3.6833
-3.5511,1.0809,4.9013,1.2251,-3.4006,2.2417,7.0244,3.0495,9.5386,12.83,9.1608,3.6696
-4.5211,0.083355,5.4029,2.181,-4.0324,1.8785,8.1492,2.9825,8.8855,12.104,8.7645,3.6002
-5.6716,-1.2459,5.8841,3.391,-4.7284,1.3461,9.2273,2.8836,8.2389,11.518,8.383,3.4862
-6.8454,-2.6641,6.3325,4.6552,-5.4304,0.79458,10.147,2.7652,7.6433,11.083,8.0491,3.3346
-7.9457,-3.9853,6.7402,5.8315,-6.1069,0.32399,10.707,2.6424,7.1087,10.737,7.7505,3.137
-8.9489,-5.1178,7.108,6.8589,-6.7549,-0.028878,10.677,2.5266,6.6128,10.373,7.435,2.868
-9.8755,-6.039,7.4407,7.7348,-7.3872,-0.26629,9.9043,2.4229,6.1193,9.888,7.0354,2.4968
-10.737,-6.7325,7.7419,8.4645,-8.012,-0.39547,8.4005,2.3328,5.6026,9.2309,6.5023,2.0074
-11.505,-7.1641,8.0115,9.0282,-8.6213,-0.41494,6.3289,2.2583,5.0638,8.4138,5.826,1.4131
-12.118,-7.3043,8.2466,9.3866,-9.1896,-0.31967,3.9383,2.2011,4.5308,7.4966,5.0405,0.75959
-12.509,-7.1429,8.4418,9.4995,-9.6797,-0.10714,1.5357,2.1613,4.044,6.5636,4.2138,0.11382
-12.631,-6.6924,8.5869,9.3436,-10.052,0.21697,-0.52586,2.1358,3.6381,5.7009,3.428,-0.45479
-12.473,-5.997,8.665,8.9305,-10.275,0.63009,-1.9045,2.1219,3.329,4.9756,2.7586,-0.8957
-12.075,-5.1431,8.6532,8.3187,-10.336,1.0874,-2.3651,2.1205,3.1091,4.4175,2.2576,-1.192
-11.522,-4.2507,8.5305,7.6078,-10.247,1.5284,-1.8492,2.1383,2.9547,4.016,1.9443,-1.3604
-10.927,-3.4466,8.2891,6.9165,-10.045,1.8938,-0.47776,2.1844,2.8368,3.7308,1.8052,-1.4374
-10.396,-2.8317,7.9413,6.3508,-9.7824,2.1437,1.5004,2.2661,2.7342,3.5126,1.8032,-1.4607
-10,-2.4575,7.5151,5.9751,-9.5108,2.2638,3.7651,2.3871,2.6447,3.3243,1.894,-1.4532
-9.7529,-2.3235,7.0427,5.7978,-9.2576,2.2605,5.9663,2.5499,2.5907,3.1562,2.0464,-1.4143
-9.6073,-2.3922,6.549,5.7769,-9.0128,2.1501,7.7798,2.7615,2.6174,3.03,2.2547,-1.3207
-9.4872,-2.6167,6.0475,5.849,-8.7395,1.9496,8.9905,3.0329,2.7764,2.9885,2.5362,-1.1392
-9.3384,-2.9704,5.543,5.9702,-8.4078,1.6698,9.562,3.3709,3.101,3.0703,2.9117,-0.84741
-9.1744,-3.4626,5.0392,6.1492,-8.0298,1.3119,9.6402,3.7656,3.5828,3.2802,3.3801,-0.45171
-9.0768,-4.1277,4.5428,6.4408,-7.6645,0.86977,9.493,4.1841,4.1623,3.5682,3.8984,0.0054703
-9.1404,-4.9845,4.0625,6.8993,-7.3848,0.34336,9.4195,4.5795,4.7423,3.8333,4.3823,0.45561
-9.3987,-5.9781,3.6053,7.5151,-7.2328,-0.23809,9.6561,4.9076,5.2185,3.9553,4.7295,0.82765
-9.7767,-6.9298,3.173,8.1664,-7.1941,-0.79322,10.295,5.1443,5.5171,3.8439,4.8609,1.0769
-10.102,-7.5569,2.765,8.6331,-7.2028,-1.1895,11.231,5.2934,5.621,3.4818,4.7579,1.205
-10.174,-7.5895,2.3834,8.6864,-7.1703,-1.2861,12.186,5.3834,5.576,2.94,4.477,1.2593
-9.8504,-6.9005,2.0352,8.1924,-7.0215,-0.99796,12.827,5.4574,5.4732,2.356,4.1281,1.3082
-9.1098,-5.5638,1.7281,7.1721,-6.7265,-0.34189,12.929,5.5595,5.4155,1.8832,3.8284,1.406
-8.0666,-3.8379,1.4628,5.8078,-6.3152,0.55741,12.451,5.723,5.4856,1.6374,3.6556,1.5652
-6.9436,-2.1025,1.2317,4.4005,-5.8659,1.4953,11.492,5.9632,5.7231,1.6587,3.6213,1.7515
-5.9958,-0.76002,1.0225,3.2801,-5.4706,2.2383,10.23,6.2763,6.1196,1.9038,3.6743,1.9008
-5.4162,-0.11604,0.82251,2.6974,-5.1923,2.5985,8.9215,6.6431,6.625,2.2661,3.7262,1.9496
-5.2613,-0.27459,0.61918,2.7359,-5.037,2.5099,7.8759,7.0332,7.1627,2.6148,3.6867,1.8634
-5.4286,-1.0931,0.39819,3.2759,-4.9509,2.053,7.3564,7.4099,7.6484,2.8375,3.4945,1.6529
-5.6899,-2.2209,0.14485,4.0244,-4.8431,1.4171,7.482,7.7357,8.0117,2.8747,3.1359,1.3721
-5.7732,-3.2067,-0.15073,4.6089,-4.6246,0.8359,8.3102,7.9834,8.2134,2.734,2.6449,1.0997
-5.4659,-3.6437,-0.48802,4.7086,-4.2476,0.52054,9.9449,8.146,8.2553,2.4776,2.0843,0.90982
-4.6978,-3.3124,-0.85433,4.1726,-3.7272,0.596,12.406,8.2386,8.1738,2.1878,1.5183,0.84485
-3.569,-2.2515,-1.2293,3.0711,-3.1369,1.0603,15.432,8.2895,8.0246,1.9294,0.98899,0.90199
-2.3105,-0.72136,-1.5956,1.6615,-2.5785,1.7944,18.508,8.3287,7.8659,1.7294,0.51006,1.0369
-1.1886,0.89722,-1.9488,0.2884,-2.1405,2.6176,21.056,8.381,7.7458,1.5813,0.075045,1.1819
-0.39916,2.2174,-2.2986,-0.74572,-1.8632,3.3398,22.61,8.4642,7.6957,1.4661,-0.32849,1.2718
-0.0048898,2.9714,-2.6589,-1.2815,-1.7274,3.8024,22.895,8.5869,7.728,1.373,-0.708,1.2682
0.067626,3.1003,-3.0359,-1.3346,-1.6666,3.9351,21.852,8.7481,7.8367,1.3114,-1.0623,1.1711
-0.013589,2.7459,-3.4236,-1.0652,-1.5963,3.7777,19.683,8.9384,8.0011,1.3077,-1.3844,1.0119
-0.05729,2.1689,-3.8077,-0.70423,-1.4488,3.4493,16.822,9.1435,8.1909,1.3909,-1.6697,0.82974
0.076667,1.6433,-4.1738,-0.46231,-1.1988,3.1014,13.782,9.348,8.3677,1.5711,-1.9255,0.64353
0.42763,1.3628,-4.5146,-0.45784,-0.87289,2.8662,11.304,9.537,8.4877,1.8246,-2.1755,0.43785
8.5716,7.5467,-13.464,-6.6597,3.8334,5.2046,-3.18,8.0453,3.4854,-5.5798,-12,-0.33925
9.9243,8.9793,-13.669,-8.1941,4.8487,5.6112,5.4262,8.5025,4.0745,-4.9962,-13.225,2.4449
10.423,11.03,-12.403,-9.7012,4.6448,6.95,20.569,11.404,7.2235,-2.7023,-12.506,5.0335
9.2453,12.316,-10.227,-10.043,2.9555,8.3447,38.247,15.699,11.737,0.28166,-10.526,6.424
6.3418,12.096,-7.8321,-8.7821,0.046207,9.1906,53.567,20.125,16.118,3.0459,-8.1598,6.1611
2.7669,10.735,-5.9076,-6.5563,-3.161,9.4305,61.504,23.623,19.088,5.0305,-6.2451,4.3638
0.46261,9.5852,-5.0441,-4.8982,-5.281,9.529,57.979,25.666,19.991,6.1141,-5.3374,1.5086
1.3323,10.226,-5.5653,-5.4412,-5.0836,10.159,41.23,26.321,18.901,6.5367,-5.5723,-1.8591
6.0462,13.434,-7.3643,-8.8859,-2.2293,11.735,12.908,26.037,16.412,6.6818,-6.706,-5.3378
13.412,18.559,-9.8992,-14.419,2.4009,14.077,-21.905,25.36,13.289,6.836,-8.2914,-8.7287
